61 314
766 365
799 234
750 291
57 441
653 59
265 740
116 693
416 617
641 258
437 101
224 367
200 432
330 24
405 141
610 665
775 182
262 455
671 323
384 28
409 675
660 634
360 131
117 152
485 68
585 9
270 698
34 603
389 534
604 293
25 190
30 397
777 211
499 787
650 744
607 214
604 768
141 702
231 276
380 409
674 546
390 676
401 171
746 766
190 62
518 154
407 391
518 680
252 499
572 580
98 786
158 56
273 319
321 340
622 82
466 589
106 233
246 424
538 65
444 210
799 565
661 733
440 796
33 428
642 219
540 58
620 64
205 678
327 320
336 139
617 231
331 52
777 700
563 509
130 788
764 553
759 216
125 162
26 55
297 297
232 598
494 195
799 794
137 258
639 469
699 67
4 594
99 239
526 186
502 38
407 255
21 723
333 787
590 409
727 548
270 749
781 504
563 248
269 488
622 259
641 578
89 369
59 562
294 328
492 71
303 539
179 12
252 577
35 167
675 759
678 773
339 328
377 602
86 396
665 321
523 487
668 445
299 522
512 334
587 313
193 612
665 263
494 76
308 320
393 366
187 8
410 226
261 296
447 495
787 378
631 676
589 291
306 379
410 757
196 503
362 346
762 407
530 19
695 584
116 530
88 215
335 189
26 754
24 691
399 774
321 106
577 21
770 416
154 331
451 394
60 723
233 189
65 636
393 20
402 386
287 201
226 331
552 497
493 353
71 713
714 537
266 40
173 417
686 776
799 300
726 206
766 721
711 97
787 7
12 156
379 489
358 463
538 211
208 793
231 486
744 510
109 293
754 188
785 767
699 25
619 472
719 560
206 724
247 122
150 560
544 143
89 183
572 222
74 589
145 684
80 87
379 469
577 68
522 391
82 171
635 545
294 520
191 219
304 136
25 706
678 194
554 307
256 171
616 573
574 104
545 691
800 416
77 450
142 457
167 551
17 25
518 782
678 550
580 761
599 229
751 205
293 226
255 391
136 293
751 326
342 466
584 654
210 730
267 539
578 800
352 21
36 55
737 532
274 774
279 367
341 38
128 216
609 177
76 388
595 726
290 332
110 163
766 799
562 474
70 605
6 413
427 534
328 430
329 116
256 80
216 145
407 652
476 317
650 254
426 161
307 518
745 412
593 485
161 293
405 753
39 242
495 155
416 434
18 177
321 794
482 681
155 89
499 740
67 403
711 307
51 740
575 678
245 7
728 314
212 416
25 260
453 251
237 228
332 313
93 676
445 145
269 333
380 272
445 646
99 197
464 143
514 442
383 664
13 733
220 490
131 263
606 71
617 648
483 244
376 436
609 750
145 385
409 640
505 312
626 624
754 607
602 97
683 223
553 87
624 596
97 492
487 622
310 596
448 274
104 211
546 726
701 423
483 36
50 795
153 54
692 778
384 120
218 252
512 6
766 765
46 734
634 12
482 368
633 625
784 543
183 694
107 409
331 652
395 164
47 228
628 607
663 547
576 644
517 387
122 370
461 447
423 327
504 217
148 800
65 705
633 177
478 129
633 402
326 327
596 653
447 665
611 418
366 535
446 695
483 50
582 386
340 31
81 15
45 84
53 453
693 156
679 732
638 595
124 763
364 78
800 18
395 668
116 224
454 157
785 59
420 715
537 149
471 652
465 220
408 699
602 450
504 406
175 621
261 346
399 464
716 471
55 732
205 650
333 713
277 301
347 452
548 344
76 534
606 405
797 254
604 388
789 452
481 798
330 340
562 680
326 694
444 523
70 123
66 221
35 84
586 267
674 686
150 686
273 658
405 770
748 286
435 534
25 506
588 474
714 26
128 170
231 304
181 326
17 196
145 243
287 352
101 263
159 265
220 369
214 232
167 168
144 254
130 318
133 254
159 315
74 173
155 312
20 41
198 202
64 70
379 395
141 323
313 344
302 393
299 325
159 199
160 319
249 311
53 68
87 270
373 385
8 55
288 363
149 328
53 111
356 364
157 252
25 66
181 295
327 339
301 362
282 373
63 349
224 305
303 331
274 371
138 295
73 180
213 224
100 195
34 213
49 203
234 290
97 214
150 274
48 57
179 316
59 323
99 187
104 137
201 390
134 208
204 296
130 294
2 164
67 182
173 333
207 208
37 320
149 317
107 196
78 389
49 299
311 323
37 159
335 350
135 331
63 233
120 184
40 94
62 254
11 229
22 69
43 166
11 156
206 381
340 343
194 304
14 69
92 228
205 305
318 325
150 334
10 249
88 361
102 188
203 326
227 319
50 308
93 365
302 322
180 195
77 304
274 334
43 237
103 383
126 249
148 176
104 307
202 245
170 171
144 364
257 330
206 251
141 155
148 253
190 261
365 398
288 303
222 320
87 357
287 339
89 313
45 336
68 123
249 323
182 189
134 174
378 380
197 272
89 137
57 98
123 127
290 305
8 112
36 290
114 268
148 218
14 22
147 381
276 374
13 145
128 241
220 289
30 186
81 361
296 298
183 198
68 135
191 220
193 317
98 196
87 186
358 363
22 145
185 336
6 393
124 383
76 177
73 157
272 312
102 300
79 103
207 377
304 357
87 285
221 327
139 184
337 378
39 124
226 348
33 262
182 333
103 374
34 351
22 42
167 179
221 287
170 220
21 299
125 267
140 194
151 183
191 257
39 375
87 176
171 242
345 365
176 253
14 323
74 333
127 368
23 387
247 288
199 283
304 388
278 292
9 70
347 389
236 304
31 113
25 137
3 395
58 344
81 332
216 272
88 185
57 269
13 19
257 375
143 199
76 297
157 238
279 304
70 187
283 315
117 174
37 334
91 142
277 331
20 356
23 194
120 392
151 272
136 306
85 316
122 336
186 194
255 388
154 289
168 399
231 279
337 380
330 369
264 268
88 363
20 254
92 144
26 385
123 235
31 263
207 263
112 246
203 325
287 299
10 358
70 99
58 104
46 124
26 322
70 335
174 196
237 314
137 146
58 137
37 353
260 362
158 328
136 370
29 248
59 90
233 291
100 325
262 305
263 321
39 257
311 354
186 236
158 317
322 393
112 292
172 332
30 169
139 239
168 179
142 265
87 388
9 35
102 397
8 356
4 397
101 329
233 263
195 352
139 188
18 219
222 333
278 356
21 318
343 364
256 275
349 397
282 356
217 276
6 173
275 311
55 292
151 312
202 216
80 107
142 371
48 250
122 307
162 208
58 65
100 318
247 303
92 259
60 75
8 282
191 289
67 393
256 358
261 309
18 248
199 371
138 160
35 214
230 346
48 105
6 182
65 146
1 206
110 163
97 119
90 271
271 288
4 349
83 197
75 181
254 343
367 392
69 141
150 353
109 351
268 395
115 330
186 279
266 384
36 211
124 135
0 255
29 99
64 214
71 243
233 329
101 113
50 353
117 220
368 374
177 200
185 256
81 280
79 123
231 357
86 239
72 178
39 135
36 110
35 70
147 306
163 290
8 278
54 192
205 327
23 77
56 357
75 138
5 399
80 393
68 111
1 219
195 326
180 378
158 376
174 284
101 291
65 192
120 367
156 253
299 318
235 374
113 349
255 324
133 343
151 155
87 255
144 259
96 319
170 396
260 305
52 103
60 227
184 377
247 317
83 231
104 122
54 296
112 342
66 192
112 322
41 360
231 285
233 349
57 217
93 378
70 214
270 324
147 370
39 191
233 321
92 95
39 369
25 316
117 196
103 127
73 238
145 183
48 223
345 378
159 274
212 227
126 277
100 203
2 165
158 247
154 331
84 365
360 394
126 303
13 267
132 229
91 315
221 266
109 391
257 369
35 390
97 131
42 59
318 352
4 63
293 303
138 326
7 189
141 198
1 251
211 305
9 29
33 211
116 341
87 140
2 16
79 338
163 237
50 371
199 315
210 387
7 320
317 366
207 300
49 325
328 366
76 379
320 367
84 252
148 291
83 218
2 395
137 344
53 103
56 388
210 389
196 223
126 271
207 349
26 393
369 375
9 248
100 294
17 57
133 360
241 386
102 152
205 260
223 250
91 334
219 251
3 379
204 298
132 235
386 396
14 275
85 179
66 316
41 356
10 311
85 168
228 259
125 261
20 282
143 371
6 385
282 364
308 371
89 122
234 384
108 194
128 330
161 225
151 198
48 98
135 338
70 390
129 206
120 320
119 201
7 334
161 267
84 341
91 371
171 220
230 354
4 233
227 370
212 326
150 265
107 120
187 390
17 48
190 309
355 359
16 165
149 281
85 167
15 266
29 114
178 314
170 342
117 223
241 342
175 370
40 212
108 387
149 257
53 229
162 321
151 197
91 159
226 387
180 341
160 227
58 146
105 220
194 388
29 214
266 327
21 100
60 96
286 298
12 134
191 342
77 236
170 289
125 309
138 181
151 245
142 308
99 119
143 315
238 398
287 327
73 115
9 114
249 256
40 138
205 339
364 373
103 111
8 301
65 104
116 180
99 390
339 384
194 236
89 307
98 223
132 242
116 251
56 186
3 268
48 117
90 331
192 286
67 320
322 356
54 316
180 365
38 156
52 123
12 284
149 366
71 225
294 325
13 354
134 223
271 277
83 253
105 107
63 321
97 201
47 362
6 228
171 250
82 178
52 156
181 212
84 116
100 212
175 381
195 252
107 223
95 228
46 149
199 334
115 281
195 203
59 363
5 179
190 347
0 101
192 316
50 150
179 359
262 343
144 382
55 241
110 351
226 347
98 250
87 304
109 163
24 307
90 303
235 338
194 387
88 256
342 396
10 336
217 269
128 396
57 174
65 313
170 191
72 314
180 337
218 253
37 189
205 384
53 135
65 89
189 320
196 220
83 285
279 357
171 375
26 67
39 149
244 245
37 182
118 376
28 386
123 338
30 388
51 267
73 365
221 294
57 229
9 297
246 278
323 358
68 103
169 258
81 363
70 248
133 382
43 109
55 278
142 150
27 188
359 399
16 76
130 351
54 204
21 391
215 297
294 352
246 364
253 312
307 313
129 164
208 321
204 361
87 231
20 278
205 221
327 384
59 271
157 398
215 379
17 98
34 110
26 372
84 180
47 260
67 392
186 231
4 113
351 391
52 368
198 311
294 318
39 242
83 304
27 143
238 365
263 329
255 258
71 354
4 321
5 316
141 202
56 218
152 239
96 381
42 323
238 281
257 289
38 197
129 381
99 214
34 310
293 317
169 194
41 292
30 270
170 241
163 351
162 269
131 201
119 390
31 63
9 131
81 275
26 228
246 343
210 226
340 362
249 336
243 244
318 327
219 268
55 386
54 66
258 388
303 363
75 96
133 144
325 352
58 122
118 119
176 218
30 258
172 288
165 297
116 370
31 101
123 276
2 177
321 349
190 210
161 244
260 278
166 351
129 251
16 32
17 242
29 121
34 391
280 336
93 337
356 385
5 167
106 125
13 225
281 366
54 85
198 244
27 86
141 243
12 208
205 213
94 96
221 384
32 165
316 399
288 293
62 262
18 264
62 144
78 210
24 104
143 159
308 315
235 383
52 79
178 237
19 354
153 354
27 274
169 389
174 269
347 348
15 130
300 397
275 336
61 234
29 390
117 342
36 109
52 127
245 272
265 371
24 336
220 375
6 26
42 69
150 283
15 287
124 331
67 367
205 266
219 395
133 364
14 249
191 242
86 152
87 324
94 295
134 209
292 362
103 368
38 272
220 242
300 349
97 332
70 232
118 366
23 261
18 114
126 363
22 141
32 395
186 304
173 222
189 367
124 257
122 344
80 372
22 323
51 190
189 372
325 339
300 377
48 174
46 331
97 99
266 287
94 227
56 87
276 368
195 212
84 337
37 67
59 332
337 345
167 350
64 297
108 169
243 354
223 284
232 335
39 289
43 314
140 388
102 239
95 259
27 377
24 344
367 372
15 339
94 181
289 369
193 366
310 351
291 329
75 227
115 398
180 398
72 295
218 357
310 314
2 215
28 241
285 357
11 368
96 160
123 383
66 399
60 319
45 275
85 359
161 346
151 216
266 339
256 361
65 137
46 135
78 226
20 246
111 338
14 358
97 187
250 342
301 340
56 83
59 303
197 231
265 334
103 132
40 227
119 376
244 267
336 361
93 193
4 101
59 126
61 110
41 340
271 363
78 190
47 384
188 239
15 221
152 188
131 376
172 214
197 245
27 152
27 102
118 247
80 367
215 350
94 160
64 232
293 376
355 399
96 206
58 89
158 193
254 360
69 243
38 151
93 328
67 120
150 199
62 211
360 364
282 292
79 273
194 258
133 394
11 57
120 209
54 298
41 385
145 230
176 285
187 332
111 123
75 160
35 64
36 224
279 324
15 327
309 347
182 222
1 395
336 358
71 244
260 301
251 370
161 183
33 305
40 352
246 362
44 309
12 174
198 243
82 237
35 187
105 250
66 296
170 386
96 227
128 191
113 321
38 52
105 223
56 231
285 304
123 374
235 368
37 274
69 311
171 342
322 385
345 380
10 122
55 301
47 301
65 204
202 272
108 324
119 131
115 157
145 198
23 190
164 379
127 216
8 20
177 350
157 180
187 232
188 377
64 121
171 191
14 42
158 331
65 307
61 163
108 388
41 364
248 264
9 200
50 74
149 154
72 237
62 394
221 339
4 207
348 389
191 375
320 392
212 352
136 381
25 146
32 76
214 335
99 121
158 293
64 248
140 304
189 222
253 285
93 380
376 380
142 283
175 212
287 294
143 152
75 319
282 385
47 262
100 326
81 271
14 311
128 386
130 391
385 393
88 172
56 176
107 117
137 307
113 207
222 228
91 283
107 302
40 195
44 161
108 186
22 354
61 130
195 299
64 99
54 179
241 369
116 306
108 389
267 309
275 323
229 235
116 378
182 320
3 219
269 284
84 398
146 316
44 51
121 297
33 62
136 206
3 164
17 284
52 235
78 348
143 334
56 285
94 326
193 281
101 148
163 178
121 200
130 339
37 74
140 255
28 191
356 360
172 361
7 371
2 3
90 126
19 346
6 259
28 112
192 296
41 343
292 340
254 364
8 246
7 152
94 319
282 360
37 222
127 276
139 208
140 324
77 194
272 374
163 314
79 216
14 280
175 319
273 383
159 189
145 346
287 318
156 276
303 332
39 46
22 311
46 289
58 298
103 338
61 310
68 79
190 387
340 360
279 388
174 223
249 363
35 172
55 396
189 392
256 280
328 376
213 234
44 183
83 357
300 321
82 314
200 350
315 334
129 147
179 355
348 387
34 61
99 131
200 248
209 284
154 257
32 177
150 371
132 217
53 79
173 228
66 85
283 308
182 392
50 265
29 131
152 334
181 319
196 250
364 394
71 346
20 360
330 366
44 261
140 186
42 358
194 279
286 316
6 222
260 340
57 132
36 305
126 323
35 97
131 390
114 264
341 380
106 267
170 257
271 303
5 54
90 363
246 322
172 187
337 365
223 302
210 348
146 286
102 139
264 395
110 290
56 279
25 65
80 302
185 361
66 179
41 373
341 398
47 305
278 343
59 81
16 215
249 358
1 268
9 99
87 218
148 156
243 311
315 371
31 207
91 150
103 276
177 215
42 249
111 124
213 305
341 365
81 358
57 284
281 328
266 305
114 121
178 310
260 360
242 289
118 317
78 169
64 335
1 147
62 133
144 360
26 222
98 105
292 364
255 270
65 344
318 339
236 387
169 387
24 122
164 395
145 311
138 352
42 141
5 66
366 376
45 88
265 315
28 342
143 283
287 325
34 36
142 315
45 332
337 341
203 294
197 312
305 384
20 364
130 234
203 212
23 186
184 209
21 287
111 135
12 57
260 262
149 158
230 243
29 70
25 192
292 356
182 372
31 349
247 271
160 181
113 329
236 279
35 232
35 335
181 227
224 290
99 248
226 389
121 264
155 198
106 161
68 273
66 146
127 312
85 355
38 374
139 209
124 154
15 318
96 175
150 315
0 270
225 354
9 121
81 88
123 273
140 231
89 146
26 373
83 176
207 397
242 375
95 182
275 280
74 308
259 373
59 249
30 255
317 331
43 178
219 264
346 354
109 310
170 369
239 274
21 294
26 95
372 393
24 65
36 61
157 365
160 370
164 268
98 117
98 174
116 337
16 350
20 343
332 363
69 155
118 193
59 275
189 274
220 250
52 374
169 226
239 377
195 325
130 290
5 296
341 378
265 308
63 207
179 399
94 212
73 398
47 205
207 233
45 81
294 299
0 176
69 354
47 266
9 390
18 121
127 272
171 257
105 342
125 161
103 229
317 328
45 280
65 298
333 353
42 311
48 196
56 140
93 341
106 261
256 332
30 108
252 365
40 160
175 227
3 32
229 276
211 262
340 356
31 233
58 307
211 382
7 159
357 388
65 296
15 391
63 113
271 332
176 329
343 360
280 358
304 324
11 52
234 266
7 353
233 240
135 154
146 192
187 214
71 161
382 394
254 394
77 261
183 243
141 216
71 230
83 87
115 252
75 175
278 364
91 265
143 274
210 347
87 279
116 365
306 370
78 347
76 215
128 257
147 251
387 389
15 294
19 225
72 82
52 229
42 126
49 327
57 162
15 21
77 279
41 246
160 212
153 225
63 263
322 373
44 244
67 222
111 383
81 288
98 134
59 358
208 300
93 345
191 369
115 238
190 389
104 336
34 130
112 282
81 256
238 341
169 348
13 71
1 136
161 230
175 181
144 394
121 268
21 130
4 263
158 366
160 326
11 162
111 277
94 138
145 244
40 100
184 188
12 269
118 158
166 178
79 111
2 32
52 276
177 379
7 274
168 355
270 388
43 351
70 97
35 248
251 306
269 291
248 297
167 399
149 330
278 362
200 232
20 340
68 235
290 351
165 177
88 187
18 268
33 224
343 362
45 358
289 375
84 306
378 398
201 293
76 395
89 298
235 276
61 391
84 238
288 332
39 171
134 184
80 120
24 58
171 289
103 123
163 310
200 335
245 261
79 235
98 284
113 291
110 314
297 350
75 295
26 182
341 345
67 189
10 14
34 290
317 376
13 153
93 238
273 277
108 258
193 376
140 279
121 165
92 373
1 264
71 145
97 390
190 226
134 139
150 159
28 128
159 371
37 392
38 253
43 82
129 136
11 276
155 202
159 353
200 215
58 296
140 236
254 382
15 384
36 213
246 340
34 234
149 193
53 273
44 125
6 95
221 318
62 382
180 252
93 398
283 334
51 125
13 346
80 209
312 374
200 297
306 337
167 359
0 233
283 371
237 310
324 388
72 166
9 214
159 334
79 276
29 201
299 352
291 321
25 286
76 165
162 329
61 351
41 322
294 327
30 194
129 219
111 273
11 217
263 349
193 345
112 302
2 76
79 374
21 325
22 198
31 240
23 279
6 373
2 379
54 286
19 71
64 200
278 340
274 392
225 346
97 172
17 217
251 381
8 292
96 370
170 375
5 85
102 377
38 79
3 76
60 295
53 132
256 336
162 291
58 313
128 369
113 263
204 286
27 239
79 127
286 296
120 372
43 72
12 291
35 99
1 3
65 122
43 163
100 352
51 261
95 222
143 150
69 145
38 312
148 329
249 280
58 204
246 282
69 323
73 252
5 286
0 218
36 234
321 329
112 356
40 326
136 147
29 119
74 353
45 256
246 292
45 361
203 352
119 345
192 298
118 201
13 230
5 192
213 290
86 188
70 121
185 298
63 240
82 166
146 313
51 309
93 180
365 380
203 299
135 383
132 383
105 117
88 332
96 147
168 359
186 388
184 367
278 301
265 283
104 298
334 371
282 322
22 243
39 220
222 392
7 392
69 198
77 186
338 383
113 233
39 154
21 352
53 235
78 387
53 383
121 248
86 102
42 275
320 372
68 338
148 285
247 293
190 236
92 394
22 249
165 350
94 175
19 153
30 324
101 233
129 268
4 300
91 143
85 399
173 182
252 398
43 110
122 298
208 291
217 229
183 244
263 291
205 234
186 357
45 185
214 390
154 369
95 173
17 174
211 213
199 265
262 382
273 338
105 302
48 134
32 379
201 376
326 352
67 372
17 269
58 192
218 285
246 356
138 212
49 73
34 163
24 89
66 204
51 347
53 338
165 200
225 230
260 343
340 364
137 192
11 269
47 327
71 153
7 37
46 257
16 379
275 358
142 199
192 204
124 289
130 287
10 104
155 272
184 300
165 215
10 275
307 344
15 325
229 368
41 278
80 223
23 304
10 24
20 292
134 284
51 106
89 104
136 219
167 355
156 368
370 381
252 341
127 374
50 333
377 397
33 382
211 224
104 344
157 281
12 17
56 304
151 202
160 175
224 234
139 377
95 373
214 248
4 240
34 109
164 219
249 275
8 340
89 344
209 367
103 235
3 264
294 339
190 348
180 238
241 396
66 286
32 215
130 266
53 123
106 309
1 129
101 321
13 161
28 170
117 250
81 172
46 154
16 177
186 387
277 303
166 314
90 277
84 378
70 297
145 354
49 352
295 319
240 349
207 321
183 202
240 263
100 299
105 196
234 305
109 290
23 236
118 293
372 392
124 149
38 127
152 274
166 237
41 282
68 383
29 97
91 199
131 214
328 345
147 206
36 163
19 230
1 164
171 369
103 273
9 18
95 385
109 110
86 397
10 19
54 167
56 324
136 251
156 374
100 138
55 362
127 156
28 396
203 318
12 162
11 12
155 216
217 368
64 187
153 230
238 252
130 221
118 328
281 330
117 302
44 267
247 331
185 204
137 313
61 109
258 324
10 280
43 310
9 64
205 262
75 94
40 181
48 284
197 285
153 346
183 245
59 288
139 300
231 236
77 231
365 378
45 172
369 396
345 376
7 150
343 356
193 328
74 265
140 357
4 31
44 106
110 310
61 290
28 369
129
71
82
181
27
154
45
67
98
138
288
32
101
7
49
207
243
42
103
49
75
92
96
94
32
48
205
93
23
127
51
137
50
69
47
37
124
66
114
48
50
206
36
125
166
151
187
153
96
81
141
119
46
53
150
85
143
119
125
139
64
84
54
56
165
134
154
155
86
114
205
55
58
106
192
145
140
173
95
99
146
83
37
63
103
53
57
94
130
75
86
20
48
78
79
75
73
98
87
59
152
116
123
58
96
44
157
166
67
55
79
172
121
80
142
83
170
77
118
77
67
30
73
131
20
59
182
91
48
98
69
98
82
72
90
40
85
84
116
77
76
208
123
63
142
120
139
154
50
40
115
110
165
143
54
169
205
125
29
22
58
118
63
215
29
113
20
70
36
59
70
86
119
41
58
166
185
98
125
69
69
73
151
71
78
163
56
118
97
26
27
115
96
146
64
58
73
61
218
127
134
123
9
159
28
83
123
64
125
126
28
187
67
36
138
92
162
177
64
92
33
86
203
46
113
186
140
15
45
103
155
36
88
160
51
78
83
94
130
54
110
82
65
79
126
100
78
53
34
199
87
158
53
136
106
74
76
56
81
91
105
128
36
126
59
51
122
48
50
90
129
96
100
151
167
77
64
166
98
149
129
77
37
61
87
210
112
111
50
50
96
67
25
73
132
97
88
164
86
80
61
103
89
108
14
100
136
14
107
79
75
206
122
58
140
88
86
32
13
80
139
139
118
17
146
100
66
28
185
108
207
113
138
115
32
37
178
24
32
229
102
184
101
93
69
64
69
83
178
128
146
87
109
57
28
148
160
118
138
24
80
131
77
116
59
39
14
82
139
202
32
66
41
151
136
26
141
86
28
96
34
35
176
43
159
160
69
184
103
182
189
57
171
85
71
123
7
63
144
126
155
139
80
137
52
16
49
43
228
62
60
182
121
52
6
68
91
89
47
79
47
92
63
42
205
85
147
117
107
115
151
51
66
56
189
85
88
74
147
67
43
112
84
56
65
74
138
133
58
119
44
123
46
202
101
49
277
163
119
86
141
25
132
169
98
58
70
86
140
76
47
134
44
93
55
114
115
19
93
35
59
39
207
66
123
133
90
128
27
106
41
75
118
96
24
141
206
53
114
61
125
83
110
155
50
159
132
134
95
169
59
72
123
105
196
59
148
67
153
56
18
137
72
160
39
24
73
59
92
92
99
133
79
61
66
152
45
101
70
108
56
16
101
147
70
123
59
107
148
158
63
117
196
147
189
47
103
121
128
190
164
21
155
63
51
100
132
65
97
40
63
92
86
112
64
138
83
91
156
103
87
78
73
31
55
147
103
96
70
39
156
132
82
59
93
209
36
102
53
98
56
98
44
172
174
223
109
150
103
72
91
37
178
38
104
81
103
87
129
137
91
60
115
85
131
71
59
134
178
145
167
75
171
90
140
128
77
68
121
32
39
89
61
53
130
114
172
123
51
122
113
132
46
66
113
61
25
42
86
66
58
107
20
49
32
122
134
199
127
56
127
56
150
258
146
91
173
58
58
93
86
59
79
97
85
124
104
49
107
144
57
151
141
162
190
84
135
91
112
185
120
96
64
96
150
65
116
119
105
72
114
164
36
108
82
133
80
76
44
130
14
86
153
215
67
144
116
123
122
90
115
198
59
156
23
67
107
125
201
112
120
115
116
42
112
104
62
92
42
90
73
154
122
220
94
51
34
140
169
110
54
148
33
161
131
126
58
34
71
155
32
29
104
69
145
100
92
145
92
202
121
153
230
120
33
191
124
147
58
78
148
89
23
31
111
192
170
64
156
126
185
186
93
80
151
76
221
91
117
47
20
77
169
57
52
73
85
79
185
107
199
143
59
182
83
107
77
142
77
30
219
17
123
33
73
126
113
37
128
78
82
107
151
46
147
182
88
194
83
159
60
139
78
134
169
107
143
189
16
70
157
167
78
99
162
149
39
91
97
242
117
88
117
50
104
168
91
35
14
15
76
79
151
107
91
171
86
70
148
99
72
77
53
28
80
202
130
50
58
42
21
106
67
143
73
52
167
75
176
141
223
78
48
42
128
144
57
276
64
106
153
204
168
76
119
42
69
30
36
38
92
30
171
169
95
155
163
87
93
71
66
222
171
76
139
81
85
86
74
172
45
47
65
142
190
185
90
106
60
42
173
127
50
152
116
156
246
108
87
103
68
248
87
85
81
133
36
60
89
64
27
103
73
69
124
83
41
184
75
84
63
110
130
59
204
21
124
90
135
83
69
103
227
88
155
104
154
57
74
79
44
69
89
80
135
75
70
41
41
97
105
69
55
97
83
80
53
80
61
108
110
70
104
66
49
100
166
98
82
90
155
122
125
125
98
40
46
199
97
87
153
76
132
191
75
72
254
55
35
49
15
73
64
162
138
36
26
153
104
117
87
18
130
64
73
154
41
98
41
184
48
93
146
83
93
68
63
54
170
49
89
209
61
150
205
35
165
44
147
162
81
112
129
90
173
164
92
102
254
128
50
197
87
40
221
101
169
87
109
122
63
65
123
29
54
49
112
101
116
126
275
103
64
106
133
70
62
98
131
114
35
66
129
196
59
123
135
59
108
127
70
150
129
71
191
84
100
200
108
169
139
85
68
167
128
76
113
229
76
31
97
45
65
96
99
71
74
114
154
169
129
175
14
54
75
81
229
57
95
107
119
58
105
205
92
34
104
76
166
81
44
27
93
136
143
176
83
69
149
38
74
169
27
77
60
41
124
66
39
106
37
124
58
103
101
173
99
97
25
55
73
91
115
39
84
149
171
43
126
204
68
58
146
65
161
88
171
139
15
173
200
93
149
58
124
50
79
66
24
140
91
80
9
181
108
58
17
29
194
104
57
150
142
59
123
85
229
180
53
114
241
115
103
106
107
167
80
87
62
101
80
74
97
13
109
150
165
131
46
82
58
24
47
50
102
87
37
189
52
113
124
53
36
155
82
71
43
54
33
136
83
115
230
155
64
57
125
80
172
56
79
105
95
99
57
143
34
57
156
172
216
14
180
100
205
94
161
23
59
77
35
156
63
75
84
64
52
120
108
123
217
78
81
53
207
220
144
161
109
52
53
57
64
48
149
65
98
198
84
87
207
78
72
54
101
56
204
81
53
220
128
138
148
77
39
164
76
167
115
178
34
103
146
15
132
87
67
171
130
77
95
110
136
71
156
207
121
95
214
46
50
125
90
45
103
49
60
30
229
136
70
91
89
36
149
86
59
149
98
77
66
95
88
78
76
168
115
191
46
32
82
133
105
78
130
141
107
65
93
199
44
124
111
157
34
88
75
64
129
46
153
115
107
113
134
194
31
70
55
84
78
61
220
98
63
164
156
144
89
75
52
105
112
164
196
91
39
81
75
132
58
61
24
81
49
65
148
97
70
140
193
69
58
146
90
7
98
141
112
143
134
164
114
83
143
79
95
47
72
106
114
33
26
119
37
27
158
193
138
142
106
92
56
130
160
71
210
64
116
161
91
118
72
122
89
148
57
158
177
143
145
114
42
134
193
80
123
85
50
138
36
17
10
92
187
58
147
76
144
201
106
195
102
66
58
82
97
145
178
126
31
74
42
88
133
133
104
31
108
84
28
197
63
36
210
81
87
101
76
130
114
125
105
121
74
29
76
96
104
52
61
24
156
112
73
81
114
158
14
211
140
59
94
111
102
120
211
20
72
56
27
120
120
39
59
138
42
198
39
93
112
148
129
33
87
149
66
160
105
31
44
167
82
102
134
54
52
107
97
45
70
43
45
153
64
65
101
59
113
80
86
144
164
81
46
62
181
67
60
47
106
107
31
77
217
85
104
147
64
170
50
47
155
101
40
32
62
103
116
50
89
79
102
166
124
68
78
13
31
37
70
59
26
42
64
175
86
101
38
125
64
74
97
98
37
204
160
14
190
62
52
70
119
33
80
229
90
86
74
112
65
143
52
72
89
161
167
79
75
60
31
33
54
91
43
206
13
42
100
144
84
18
88
80
82
177
128
104
112
27
45
39
225
147
81
50
198
26
79
124
196
56
98
180
91
63
52
85
105
215
112
114
83
153
16
96
59
137
37
139
69
75
95
37
27
114
84
124
59
82
210
31
52
31
89
148
76
73
159
105
77
118
173
17
82
60
184
84
136
57
204
33
82
18
179
50
72
94
171
81
68
44
83
76
170
283
78
101
140
45
131
143
39
96
52
125
157
55
30
112
210
40
124
138
86
60
128
53
156
47
200
9
43
98
88
92
20
45
32
141
52
129
66
122
142
116
23
80
10
25
131
126
71
47
79
89
56
174
83
106
78
134
124
42
28
114
110
28
52
154
148
70
133
212
24
40
140
17
169
138
75
233
130
146
92
65
181
125
32
234
163
127
69
51
98
138
158
111
121
142
90
158
74
95
82
66
59
72
117
107
138
106
111
139
32
53
115
119
149
78
150
51
61
63
155
80
74
70
62
96
153
83
103
178
137
77
96
17
222
58
78
148
24
134
170
