55 43
153 263
635 193
108 662
88 754
35 273
39 746
636 310
73 472
609 424
48 644
755 474
201 744
540 361
96 643
774 611
505 718
31 543
652 610
378 382
108 679
290 677
472 282
124 495
56 792
540 646
241 141
334 624
283 729
654 408
785 661
13 596
55 205
36 352
64 504
622 149
248 303
176 671
449 264
183 503
306 425
636 30
314 539
709 91
779 501
510 41
737 712
213 241
51 255
761 39
768 598
372 355
316 529
233 269
390 66
628 550
435 216
535 421
724 318
608 133
722 703
109 205
775 583
505 53
682 308
329 505
568 6
256 385
215 269
270 495
342 579
365 430
341 211
798 128
784 726
232 650
775 113
322 319
532 657
273 218
445 720
789 800
136 319
224 670
369 159
753 650
634 418
342 351
444 706
219 387
646 123
593 484
724 58
454 26
469 608
211 53
7 430
280 302
464 249
721 472
506 68
749 799
68 366
359 584
425 139
637 646
144 152
169 432
707 210
49 749
357 373
328 599
667 613
271 623
385 420
270 412
302 519
646 439
694 754
613 258
13 439
160 55
450 138
363 787
607 282
506 86
513 538
343 668
695 446
731 534
501 122
569 608
375 148
450 285
511 410
530 769
494 529
428 291
662 132
785 427
4 146
681 11
32 638
163 467
219 429
517 544
110 396
419 349
612 410
333 570
651 48
229 238
515 169
735 686
498 97
455 772
742 202
140 694
246 679
220 562
351 442
725 78
514 511
227 219
102 691
97 686
612 1
681 232
77 71
359 705
42 562
707 113
207 61
381 554
517 642
328 3
589 560
512 615
747 635
480 399
332 788
572 672
460 693
155 189
781 43
143 309
259 633
727 155
572 456
123 266
225 482
486 763
69 565
542 616
627 404
780 760
399 571
299 387
524 234
209 233
45 616
644 373
747 386
374 714
691 786
488 224
97 92
200 484
481 509
753 532
277 379
302 155
421 727
436 21
718 354
150 154
561 543
643 663
580 755
41 508
292 175
191 336
114 301
740 260
38 11
695 528
700 478
182 272
661 304
568 710
343 513
77 426
248 530
151 595
20 518
255 124
151 126
163 764
504 290
464 274
690 759
620 413
222 356
544 228
787 783
500 220
586 378
693 579
240 94
540 273
334 659
350 621
0 90
537 339
172 786
119 470
729 752
632 682
757 775
596 775
490 793
212 671
288 604
490 315
473 82
426 69
66 729
508 447
146 613
412 322
441 700
144 393
302 481
361 396
480 634
325 532
685 496
114 0
219 749
413 788
341 171
211 197
482 13
200 27
542 562
379 745
379 346
59 780
693 386
560 391
36 379
792 387
403 626
661 432
468 68
530 168
377 298
698 153
230 679
291 327
98 517
203 764
690 218
109 336
575 320
449 668
405 498
22 366
338 530
7 402
273 201
454 184
601 71
94 466
717 697
304 498
18 500
487 38
30 618
248 792
388 748
715 549
233 352
378 245
453 439
220 207
568 550
570 374
415 506
406 595
635 387
450 220
776 441
331 435
79 97
481 647
505 422
431 775
10 772
287 741
335 760
103 725
583 604
684 189
386 232
100 626
769 627
129 483
86 337
625 524
190 80
151 74
25 31
273 168
649 329
127 542
282 512
139 564
642 240
751 251
161 777
162 693
3 470
689 293
375 85
386 139
133 499
353 773
385 272
277 415
172 665
286 272
194 40
508 63
206 259
24 108
418 242
163 316
639 635
395 340
636 274
105 555
524 245
498 759
758 134
183 717
760 318
733 510
142 340
298 267
637 658
422 616
383 438
253 18
409 314
64 73
762 364
94 567
81 246
641 756
2 59
86 246
189 348
69 116
281 325
199 227
0 224
198 243
77 389
11 276
134 179
83 361
5 48
149 275
115 144
51 394
328 392
126 284
181 217
14 157
18 105
0 206
27 251
164 361
49 92
90 312
49 161
28 319
15 50
286 379
261 361
80 212
201 288
176 193
105 181
189 398
173 306
20 266
355 366
138 187
320 340
46 74
291 332
28 340
319 339
158 261
23 366
43 49
206 334
174 229
103 196
343 358
98 382
38 205
4 338
27 262
138 343
208 324
97 299
102 307
245 311
334 351
204 256
36 242
155 279
274 305
17 300
66 312
268 345
111 113
0 252
292 305
194 246
116 149
57 179
205 295
185 348
39 207
128 387
42 262
21 27
162 267
272 275
175 364
29 288
102 309
147 269
87 299
280 310
91 188
128 276
130 295
198 238
50 178
109 287
165 266
20 165
102 303
86 117
161 184
93 213
111 250
16 260
45 166
242 377
88 212
176 284
133 239
230 315
193 335
151 163
203 250
128 332
133 394
209 226
212 285
124 358
167 359
90 343
88 155
46 60
14 164
75 261
177 274
93 282
69 232
168 395
53 79
3 14
100 130
2 167
47 199
99 139
281 310
53 68
360 385
67 89
74 81
104 265
102 231
327 330
381 397
204 258
174 177
16 88
118 258
11 128
1 377
301 385
87 286
202 214
141 166
22 205
175 393
13 134
17 34
241 327
84 132
236 350
87 197
71 333
238 263
292 391
157 341
134 336
151 325
223 302
276 293
201 330
10 31
222 303
46 244
88 337
61 398
290 348
55 176
288 293
51 147
357 366
24 338
12 360
2 108
59 90
131 326
275 308
87 110
101 195
15 209
11 129
233 345
78 335
16 191
106 334
108 302
72 344
352 375
32 398
321 387
42 308
246 330
70 103
53 163
179 336
297 384
22 38
147 394
11 139
2 358
50 62
179 324
62 85
249 253
256 258
173 230
22 137
204 399
277 372
167 363
199 325
235 353
162 284
274 391
253 304
58 363
86 201
12 298
56 98
72 323
19 379
208 284
0 395
386 396
57 327
30 346
151 281
150 171
47 151
238 239
84 220
168 277
169 367
102 222
86 128
81 195
194 241
3 165
235 248
32 189
27 103
196 292
231 290
78 193
131 216
279 320
172 393
60 178
301 361
75 158
270 305
127 292
279 285
99 129
29 241
296 323
94 329
351 395
268 370
121 236
210 242
185 303
18 217
45 63
26 350
92 184
182 212
2 35
150 312
119 124
23 313
21 339
110 286
259 399
260 279
230 275
33 307
36 97
203 367
244 256
196 391
211 353
131 176
171 343
181 218
113 186
46 118
21 113
79 371
149 173
28 301
193 326
45 317
225 387
136 216
88 305
1 227
30 178
26 310
266 287
7 354
170 316
47 68
81 204
300 357
72 211
52 116
67 242
120 316
109 165
269 394
238 253
103 251
141 161
53 199
163 374
93 373
9 29
58 223
192 318
54 93
83 113
123 367
11 291
298 385
182 270
47 53
18 257
30 60
323 368
108 358
101 256
170 318
12 261
111 275
126 208
99 209
121 350
171 187
26 220
143 366
206 395
282 373
355 397
161 187
122 154
239 331
58 359
172 283
241 293
157 237
14 20
237 254
109 341
54 364
46 204
105 390
168 351
180 285
202 291
170 192
197 210
52 315
224 252
241 246
214 396
123 340
15 346
62 209
143 313
59 297
351 372
206 236
215 350
152 205
43 161
219 234
136 162
69 190
160 273
23 143
30 46
84 104
230 272
56 331
342 378
1 61
22 133
205 331
52 356
230 308
4 360
182 305
34 316
169 212
118 204
156 343
144 242
302 359
80 270
129 209
177 284
48 398
96 290
185 398
1 82
300 381
121 277
163 199
214 363
33 290
118 314
89 242
8 366
44 99
8 300
133 269
309 362
25 335
139 291
114 160
104 132
132 211
116 315
61 183
72 79
283 350
156 223
222 388
9 194
95 172
49 141
248 372
159 190
251 329
117 148
14 142
344 368
53 389
109 266
330 354
51 77
77 296
12 301
7 201
196 329
95 351
142 345
215 236
23 355
7 228
8 120
94 335
96 362
74 153
252 395
103 292
326 342
194 327
217 314
88 320
58 64
23 39
264 265
298 370
71 110
164 341
200 397
182 335
22 239
39 159
26 211
45 66
129 387
98 331
137 323
4 266
265 317
111 149
82 348
146 290
100 294
126 176
122 365
83 385
306 328
190 356
70 196
34 300
134 324
33 96
257 390
12 254
60 153
207 366
11 209
40 160
252 334
62 321
32 48
162 208
289 304
279 337
38 137
44 332
176 349
239 376
182 191
205 382
16 182
22 98
157 165
175 265
10 14
143 255
92 384
88 182
39 232
5 348
254 301
9 148
201 354
145 177
101 240
137 296
129 321
164 165
225 226
86 241
36 53
243 295
77 110
134 327
12 361
42 52
104 364
190 207
311 365
194 293
226 293
169 340
198 245
324 336
169 285
173 196
151 199
187 302
283 393
57 289
172 236
205 245
72 132
300 355
93 317
68 227
43 184
93 265
9 327
107 347
25 342
17 316
183 325
243 249
61 106
260 383
217 257
153 256
217 378
3 268
58 214
42 356
235 350
74 256
156 297
2 380
6 287
216 284
300 347
96 307
103 308
99 293
138 171
46 240
209 387
51 273
155 212
89 115
304 327
104 365
24 341
136 208
82 189
174 181
277 351
313 347
120 362
264 373
149 251
203 320
152 295
191 337
82 398
32 140
85 346
110 160
200 318
143 190
192 219
107 271
75 83
297 302
20 341
92 141
123 203
254 385
71 114
4 6
253 327
267 289
340 367
290 309
41 150
71 273
205 238
325 374
64 223
203 285
17 31
221 242
42 111
300 313
79 281
20 345
12 278
106 206
142 318
90 138
89 221
157 361
125 294
271 303
19 87
2 119
4 341
215 281
99 276
101 204
118 399
45 100
54 213
174 274
121 172
265 365
223 386
195 244
123 337
347 355
208 328
56 239
246 253
231 255
31 142
31 234
236 351
115 333
287 341
62 129
8 347
324 392
95 350
9 241
118 240
317 373
250 251
10 345
245 295
21 169
10 165
11 332
220 310
73 384
234 362
131 193
280 353
98 133
266 341
375 395
192 234
82 303
96 309
89 210
350 351
16 78
63 264
25 229
166 312
8 313
68 151
20 361
273 333
75 370
170 219
153 346
96 120
213 282
63 66
23 347
105 342
37 157
114 392
54 365
196 328
146 348
354 380
5 222
151 371
134 267
68 199
245 382
130 294
163 220
179 267
142 200
30 62
140 395
40 67
132 364
272 356
95 235
60 85
211 310
42 65
157 370
25 181
35 90
220 280
106 351
76 187
143 347
88 270
284 342
222 398
157 385
77 87
201 228
30 50
146 388
3 370
361 385
223 363
16 80
83 298
230 328
252 352
278 385
107 207
36 322
222 348
161 171
148 330
156 187
261 298
363 380
15 321
201 241
38 331
213 265
239 263
100 154
185 189
121 372
190 232
172 351
170 381
13 327
164 287
197 369
38 56
130 152
25 274
110 147
13 336
198 205
73 184
228 354
152 243
78 131
302 363
134 289
291 396
126 177
299 371
14 233
149 308
129 247
160 272
206 351
185 221
103 173
84 365
285 340
268 357
151 310
9 188
169 250
158 385
91 326
174 193
47 227
87 273
144 207
65 308
127 251
339 367
3 361
16 25
42 315
265 364
71 392
118 256
76 384
128 288
56 245
14 345
253 263
229 399
231 309
84 280
31 318
237 301
60 74
46 153
55 112
122 294
8 23
115 197
219 316
252 375
0 375
98 238
52 272
125 317
165 361
183 215
103 149
225 321
280 365
217 390
213 317
87 296
52 70
20 157
45 294
274 335
78 342
123 285
108 187
7 358
19 286
234 316
359 386
164 345
57 134
8 231
379 394
99 225
52 65
251 262
108 343
11 99
288 396
128 226
41 312
28 298
231 313
110 197
115 242
1 189
21 158
74 195
112 247
225 247
219 300
9 293
177 335
1 185
211 220
137 263
67 369
14 200
289 327
188 267
0 351
30 74
120 231
69 356
206 215
279 340
105 378
125 264
99 226
294 317
131 181
337 383
119 228
44 129
97 389
66 282
25 78
168 334
63 294
102 290
231 271
41 141
237 385
31 200
203 270
151 227
36 389
10 200
52 230
81 101
43 171
68 374
70 262
156 167
214 386
137 239
65 272
275 315
310 325
242 322
45 125
82 388
88 203
94 305
42 232
59 138
246 289
92 171
54 294
185 222
332 396
178 247
46 258
22 376
144 369
296 394
181 342
43 141
145 208
79 220
133 376
21 28
186 262
219 362
65 230
40 333
303 348
202 288
136 284
38 238
15 85
249 263
45 373
173 308
96 231
214 291
67 144
104 311
233 381
154 294
29 148
116 356
180 320
82 222
66 166
203 212
111 251
81 258
228 380
281 374
63 166
80 320
55 216
148 201
34 397
233 357
0 277
248 283
38 133
168 206
175 213
126 136
56 376
257 399
326 349
124 354
237 361
67 115
8 362
65 160
301 319
320 367
361 370
29 330
363 386
81 244
29 128
33 309
255 300
21 127
224 395
147 379
112 257
284 326
154 373
273 392
8 234
161 384
180 340
305 391
125 130
50 321
205 243
333 392
37 158
9 330
174 305
38 269
44 387
154 317
34 192
286 394
70 111
278 339
36 221
153 314
193 284
115 210
19 71
276 321
103 275
323 344
59 295
188 336
202 332
94 177
0 334
211 235
151 374
100 264
276 349
212 337
60 118
14 318
289 336
75 113
272 315
14 268
64 214
358 380
107 255
192 381
13 57
41 90
38 245
108 384
131 177
3 20
230 306
2 343
172 350
56 344
164 266
91 176
144 190
188 241
34 170
110 114
171 384
136 145
192 200
38 394
100 282
159 232
62 178
101 244
76 184
148 293
100 373
39 347
2 297
94 391
310 353
202 386
87 210
67 210
108 359
108 297
91 349
48 61
21 298
132 280
80 182
125 373
90 171
131 284
21 250
221 271
30 85
214 354
233 397
16 305
314 346
64 201
95 248
158 186
125 154
193 274
377 388
1 183
79 163
20 164
320 337
78 181
172 372
311 331
130 373
13 263
71 160
32 61
269 379
105 112
106 183
198 382
224 352
79 389
183 281
180 367
198 249
195 256
187 343
225 349
51 114
220 353
233 268
69 315
229 257
72 310
222 377
117 194
249 382
124 249
106 236
307 348
4 164
58 386
197 273
5 33
219 313
102 388
22 331
66 373
52 308
26 248
191 260
106 215
159 233
51 110
65 356
8 255
268 397
149 262
372 393
19 160
146 231
43 92
16 155
135 229
237 360
80 203
136 326
94 292
216 349
243 382
359 363
94 274
137 269
9 246
18 247
355 357
91 216
182 274
29 293
218 399
47 281
342 390
120 309
165 345
288 354
160 333
42 230
138 312
107 144
226 387
65 69
2 138
315 356
119 358
185 388
141 150
176 326
80 337
302 358
80 383
65 116
350 372
278 301
152 154
7 124
106 281
206 375
119 380
44 209
112 390
247 321
51 269
120 307
10 142
180 339
331 344
15 178
129 226
158 298
83 158
130 264
345 397
36 371
226 276
94 174
16 229
116 308
128 293
269 286
77 371
133 263
43 90
165 341
63 100
110 273
51 379
80 88
40 210
285 337
17 192
43 384
37 268
185 374
35 297
68 377
34 347
139 332
72 220
19 51
140 334
12 385
46 85
212 279
364 365
329 391
52 69
299 322
25 174
157 164
155 191
47 163
39 255
67 299
76 161
36 68
334 375
53 325
354 363
199 374
77 286
107 146
148 289
26 172
86 194
34 366
169 320
229 259
233 355
24 287
10 318
293 330
18 55
42 149
39 143
20 370
9 86
60 240
84 364
117 293
79 353
17 219
186 261
33 303
334 352
130 154
83 370
264 317
63 317
74 244
234 300
254 319
333 369
119 304
1 199
23 381
64 380
296 344
42 275
146 271
15 30
37 370
202 396
4 165
189 303
64 228
366 381
35 343
11 226
232 356
43 150
5 398
216 342
241 289
13 179
251 292
63 154
167 223
221 388
103 391
45 93
65 315
276 387
98 205
23 300
210 322
100 125
32 183
70 275
98 376
60 195
116 232
131 174
21 186
112 217
54 175
29 194
224 375
121 248
124 380
236 334
254 360
83 261
82 271
15 153
44 139
8 219
1 398
221 322
113 262
192 355
123 180
110 392
197 333
228 358
6 266
19 273
137 376
224 277
95 393
105 257
174 335
18 390
121 168
267 336
177 193
43 76
102 348
95 283
51 87
43 297
55 247
220 235
47 325
145 216
244 258
13 253
221 377
176 216
70 149
50 209
303 388
8 34
223 359
261 370
358 363
5 32
235 310
34 234
208 267
133 368
357 397
245 331
88 191
142 170
89 144
28 278
124 228
73 161
79 325
126 216
93 100
17 397
81 256
135 218
265 294
85 314
98 239
283 372
205 239
78 229
9 289
34 362
300 366
50 346
8 316
43 138
371 389
117 128
176 342
13 304
246 304
27 186
238 249
149 230
80 305
27 113
197 299
194 330
76 171
148 246
86 293
80 285
135 191
95 372
88 383
37 385
186 298
170 234
378 390
85 153
192 300
56 323
38 368
76 92
36 151
15 62
137 368
64 354
100 317
104 264
27 250
17 170
192 345
51 296
113 159
126 162
135 260
121 206
255 347
86 330
37 83
198 295
48 222
53 371
238 382
357 381
4 109
280 344
146 303
196 306
75 298
257 378
86 148
193 342
210 299
97 322
120 290
11 387
26 353
187 384
42 116
84 211
38 98
60 314
61 189
2 90
127 169
138 297
64 363
30 314
152 198
167 302
103 329
204 259
278 298
283 351
131 342
13 246
162 326
344 376
25 193
99 387
18 112
189 222
248 353
36 374
33 348
115 322
74 258
29 201
50 129
75 186
47 374
145 284
29 86
117 226
188 289
187 297
12 319
34 255
101 258
74 314
13 289
98 198
119 243
228 363
133 238
192 397
27 149
7 64
148 241
78 177
57 336
80 191
23 255
209 321
226 321
189 377
212 305
39 190
335 391
27 292
156 302
240 259
67 322
20 37
55 349
148 327
52 149
12 237
261 385
131 378
27 70
285 320
352 395
4 287
240 256
103 111
215 351
40 369
145 162
168 252
61 215
145 176
137 394
43 187
58 228
227 374
37 261
21 83
237 341
281 353
39 366
99 332
1 47
87 379
40 115
51 71
148 194
114 333
63 373
304 380
137 379
79 310
155 383
290 307
72 84
49 76
266 338
191 212
82 221
34 219
97 371
73 187
147 179
210 369
139 396
171 297
213 264
269 368
63 282
6 24
191 383
296 368
89 107
143 144
237 278
152 311
61 236
355 381
82 185
6 165
273 286
118 153
116 272
70 251
89 369
163 325
172 248
108 223
47 79
189 388
45 264
269 296
214 288
30 153
122 152
216 326
68 325
70 329
46 314
181 390
248 350
240 314
113 298
167 380
53 97
218 229
92 150
6 338
139 202
154 264
161 297
7 119
64 124
28 158
199 281
163 281
123 320
115 369
185 377
168 352
140 375
178 314
325 353
160 392
55 342
347 366
109 164
99 128
133 137
323 376
104 122
21 75
69 272
92 161
62 346
248 393
91 117
132 365
9 57
256 314
239 245
82 227
42 272
156 359
53 151
17 234
110 379
195 258
3 157
25 177
279 367
305 335
163 310
218 383
247 387
48 348
181 193
121 283
96 316
90 150
82 377
46 256
143 207
80 155
1 222
111 127
126 145
249 304
123 279
68 97
11 44
126 326
211 280
209 225
38 376
108 156
22 263
122 130
127 250
153 178
168 375
294 373
306 392
255 366
287 338
221 227
155 320
260 337
194 201
155 337
70 308
42 70
292 329
38 263
129 225
40 197
35 138
24 109
297 343
243 245
225 276
1 374
101 118
98 137
368 376
79 211
70 173
3 164
114 273
58 202
107 190
255 313
277 283
27 127
137 147
213 294
29 117
111 262
119 167
85 178
31 192
109 338
40 71
24 266
93 294
38 239
134 188
122 132
73 76
9 91
26 235
170 397
121 351
49 184
36 299
167 343
53 374
95 121
308 315
46 195
181 229
129 276
40 272
35 59
149 196
162 216
150 166
89 322
7 363
124 304
3 341
135 259
90 297
267 324
277 395
45 282
7 304
57 267
35 171
63 93
56 205
37 75
254 278
140 252
127 203
282 294
16 383
339 340
116 230
245 249
88 335
264 294
60 256
183 199
52 275
59 312
240 399
212 270
65 275
25 131
0 352
23 357
341 361
1 68
133 331
31 170
189 227
278 319
63 125
77 299
37 361
113 158
272 333
19 114
135 155
0 168
232 315
318 345
181 257
39 355
177 342
156 384
79 151
313 366
50 85
72 280
9 117
173 328
19 269
58 396
3 345
23 34
0 121
145 326
27 111
83 186
278 360
16 135
55 326
67 197
78 174
253 289
170 200
303 377
22 382
286 296
204 240
28 339
77 97
218 259
98 311
300 397
183 236
178 346
163 353
155 260
148 188
152 245
288 330
122 264
167 358
169 203
128 202
18 342
246 327
135 383
6 109
107 143
48 189
172 235
80 279
112 378
212 320
271 388
113 261
84 344
26 281
41 66
41 166
282 317
302 343
19 110
57 246
334 395
41 92
348 388
185 227
35 312
241 330
205 311
68 163
168 224
108 167
162 188
19 147
33 102
299 389
203 340
116 275
7 380
117 330
207 232
22 238
34 313
173 329
240 258
4 24
60 258
147 286
138 161
209 247
18 378
98 245
285 367
19 392
6 341
16 270
150 161
3 10
2 302
122 311
291 386
370 385
56 311
368 394
331 376
270 335
275 356
316 362
200 345
45 154
76 297
53 227
78 274
54 265
117 241
14 165
40 273
307 309
301 360
222 227
227 377
296 379
105 217
37 298
51 286
102 146
64 358
57 188
125
66
170
79
37
100
52
28
142
171
40
102
37
108
69
126
116
83
86
169
93
124
20
63
89
154
156
211
21
47
78
50
141
148
205
101
97
127
85
144
159
113
164
95
170
41
12
137
49
107
75
129
171
107
142
133
139
158
35
96
126
215
63
114
92
113
110
201
103
88
144
96
65
69
65
135
95
51
78
139
188
138
72
179
63
77
79
127
103
101
63
139
95
82
71
138
13
68
37
126
26
154
128
211
179
91
90
47
70
150
47
89
198
144
226
46
92
117
170
127
45
83
86
38
65
59
35
126
46
111
81
25
183
181
46
113
40
76
185
159
132
32
148
62
98
87
131
112
105
97
90
132
124
174
154
88
77
25
80
57
47
42
60
93
19
77
104
131
36
151
54
141
149
60
130
57
92
99
69
110
137
201
67
60
19
44
62
228
137
105
69
51
203
55
116
121
124
80
52
56
19
120
41
154
79
81
163
143
51
111
165
191
62
116
52
121
208
119
56
98
96
154
54
112
82
103
120
145
49
201
37
51
163
80
119
109
36
85
115
239
185
125
112
110
32
74
88
99
73
100
65
110
71
91
172
108
122
89
51
109
156
63
57
152
104
203
124
102
112
77
161
27
81
146
139
78
105
47
89
123
77
144
168
31
28
45
122
162
103
71
149
199
88
34
144
140
151
83
255
179
28
114
186
39
82
49
133
140
25
88
70
151
161
109
18
126
165
86
19
154
96
198
90
117
189
86
178
118
111
114
48
254
146
45
90
97
190
37
151
72
87
176
179
63
159
86
60
110
101
105
157
43
168
74
110
154
86
77
167
111
25
83
44
209
29
211
162
132
32
23
76
162
115
110
96
44
164
110
147
121
163
196
99
58
62
32
140
73
123
193
149
152
34
87
145
40
67
98
31
116
73
66
114
54
142
114
123
22
61
130
64
119
124
63
115
157
34
120
54
131
45
72
66
113
154
144
167
88
75
83
81
59
111
153
96
107
128
31
16
188
170
162
127
110
173
116
83
76
139
89
147
23
139
39
191
193
30
141
28
77
80
55
84
103
175
130
117
236
207
61
125
135
147
99
91
124
146
13
91
166
167
64
44
167
74
199
30
88
182
45
155
116
158
26
101
134
59
130
85
74
99
58
178
149
71
213
137
93
55
96
54
43
173
73
57
184
63
66
41
63
158
105
102
89
32
138
85
79
17
132
149
78
61
54
21
125
28
41
139
135
206
191
14
130
63
193
50
159
127
54
56
69
36
40
140
94
43
142
25
147
74
102
97
199
121
158
108
109
87
83
133
81
74
44
183
30
83
39
90
184
62
91
129
60
79
55
134
174
90
84
150
76
57
74
62
108
55
218
58
122
189
113
68
84
104
84
83
23
152
201
231
77
152
32
153
91
51
44
131
130
104
131
139
66
141
69
165
62
70
33
70
120
86
135
36
104
79
71
52
175
109
44
172
29
40
65
27
99
87
133
119
61
141
109
127
122
56
181
57
119
172
99
46
148
143
112
180
185
108
94
145
76
87
200
152
134
156
73
22
9
43
74
103
114
207
107
76
96
113
51
62
172
69
108
118
199
87
71
72
93
127
52
106
88
56
58
157
96
67
76
160
22
90
195
37
83
47
38
83
100
178
169
162
169
100
39
90
187
164
113
46
215
144
173
100
62
195
160
127
81
127
87
90
99
211
150
109
10
112
71
147
39
111
113
155
87
71
181
61
15
137
183
100
77
89
121
75
61
49
50
146
153
77
113
69
120
66
135
74
71
75
79
43
115
76
103
125
127
113
98
93
141
58
103
65
84
104
72
127
86
93
57
114
157
71
135
77
63
77
69
127
140
84
118
84
85
63
77
61
36
116
103
76
181
99
60
51
74
69
151
112
46
138
224
87
43
70
46
193
77
190
127
80
45
25
31
150
137
127
93
158
86
74
47
149
24
65
183
98
48
94
27
87
70
112
94
53
21
156
124
31
87
45
142
54
119
78
54
149
42
99
112
51
108
103
48
71
40
94
139
84
116
54
127
52
98
38
62
40
67
211
190
156
61
143
157
14
75
22
51
166
137
105
87
105
186
26
77
55
105
163
50
136
107
197
145
148
43
59
98
30
25
135
147
163
96
46
54
56
17
127
39
123
160
152
148
69
162
119
59
98
89
174
71
157
91
111
98
88
140
81
100
73
158
16
74
62
109
61
82
102
96
57
146
174
223
85
93
85
98
112
58
163
82
69
97
62
95
76
121
315
188
79
115
91
52
141
188
44
45
325
57
58
218
162
122
190
67
96
158
150
114
58
53
172
50
61
171
57
134
121
40
153
62
58
52
171
114
40
145
48
82
133
133
75
89
177
160
109
61
95
44
44
174
165
39
147
60
69
181
116
44
102
199
69
93
152
132
90
39
195
65
62
104
84
115
44
139
80
89
141
82
66
118
119
160
90
47
159
119
63
145
117
204
96
161
125
91
86
27
78
172
74
129
145
77
202
71
13
135
111
63
74
145
199
63
171
89
118
219
163
115
63
50
117
113
115
203
69
98
83
182
165
188
141
90
21
95
47
198
65
37
127
70
53
67
122
95
45
131
34
117
108
23
29
127
158
34
93
114
159
73
145
45
27
55
176
88
147
79
78
115
38
135
138
52
118
104
68
78
103
241
65
129
49
11
205
27
95
129
80
74
135
109
113
47
105
197
38
152
114
144
107
30
206
44
39
52
73
69
114
116
56
144
62
184
102
130
161
35
106
157
65
100
125
109
66
81
38
136
24
126
88
107
83
67
42
100
49
183
188
66
46
60
101
117
192
22
113
194
79
119
32
72
92
85
112
63
155
185
87
92
67
162
68
187
80
35
57
42
24
146
175
60
165
170
155
181
170
120
21
151
51
266
88
140
74
136
30
115
75
25
38
56
37
148
137
62
75
98
149
104
76
128
184
141
251
46
171
136
190
118
26
95
79
106
50
58
107
34
110
207
30
94
43
64
128
175
37
139
52
63
99
78
91
162
212
109
121
131
108
30
67
80
11
36
161
115
50
107
139
154
76
73
79
178
189
162
64
47
140
122
117
141
29
95
94
62
63
31
124
129
81
155
108
154
72
62
122
31
216
162
62
137
41
29
221
146
185
63
209
83
68
136
77
181
131
143
90
64
141
172
105
39
100
125
187
39
40
177
58
53
74
186
200
172
96
88
57
61
99
47
21
167
62
93
20
100
152
116
131
55
197
116
67
124
166
148
47
122
143
218
126
65
97
117
174
153
124
154
36
34
84
134
62
162
114
54
87
156
13
115
99
85
82
121
85
170
133
137
160
35
201
53
36
156
127
56
173
141
81
51
53
117
127
67
168
207
171
50
86
71
73
144
63
45
82
145
185
48
92
202
36
77
137
193
100
60
64
52
105
164
116
106
78
80
64
94
120
89
148
67
92
108
67
99
48
12
144
157
52
68
37
172
187
31
78
278
154
177
31
97
133
77
76
83
34
84
201
177
117
86
131
79
95
90
49
32
45
194
130
62
197
101
44
98
101
78
127
77
136
72
97
51
18
62
78
153
59
54
118
128
69
57
125
163
84
277
46
109
32
125
131
101
81
150
46
17
169
97
119
40
152
53
83
208
161
106
31
130
129
37
78
127
141
109
129
66
186
82
114
192
34
119
19
152
63
28
110
32
157
121
167
106
108
54
41
228
174
92
181
112
75
78
102
122
22
69
171
134
164
86
225
63
29
97
155
121
52
83
106
38
58
169
66
162
122
119
75
115
142
16
176
149
74
132
107
143
192
122
101
95
214
52
106
41
183
57
143
173
86
81
125
8
54
141
67
109
183
41
186
36
226
102
61
68
49
188
95
53
99
150
110
16
113
108
92
159
113
107
75
28
128
42
103
43
147
42
96
110
111
190
95
131
131
124
56
54
57
84
150
149
21
125
94
126
41
113
51
74
88
84
64
92
27
71
104
66
83
34
61
85
203
96
91
29
115
127
44
116
48
95
114
90
50
132
49
95
169
161
65
143
127
41
75
208
109
55
232
97
108
167
33
75
214
42
153
97
167
125
44
21
209
211
37
155
49
119
43
40
98
119
65
115
109
83
104
163
150
27
158
118
119
106
98
136
113
152
172
110
112
70
114
79
238
170
146
163
135
158
107
88
84
96
120
147
143
23
104
140
13
83
57
93
50
89
84
165
200
88
146
135
62
139
77
34
58
150
66
51
179
76
131
86
137
103
100
137
135
129
137
107
61
77
96
133
55
65
280
88
47
86
171
74
140
114
57
63
102
145
101
72
36
34
83
36
194
129
174
66
173
62
146
114
74
86
84
30
84
135
48
93
25
100
169
237
88
84
79
86
166
193
176
188
50
51
74
23
188
65
181
135
76
203
39
126
136
82
90
177
92
53
100
171
78
97
89
103
98
137
134
181
105
221
92
115
112
56
105
63
119
184
146
80
145
101
78
155
56
58
121
91
80
65
57
114
130
197
98
165
43
84
96
100
55
87
111
61
99
19
111
16
119
142
115
