529 496
552 452
186 64
759 548
741 293
175 553
607 638
630 583
36 354
494 732
250 475
148 706
407 219
469 5
553 439
386 729
190 593
318 206
43 729
107 693
630 732
739 130
33 724
416 653
693 212
632 486
725 503
594 506
245 295
188 9
306 268
784 650
637 43
3 99
114 514
653 725
19 571
143 133
251 51
584 144
488 75
288 278
637 767
746 403
467 351
459 94
211 251
258 772
511 104
622 600
238 627
164 498
627 492
458 638
566 656
580 100
635 113
32 659
269 211
758 335
372 388
240 766
793 709
549 548
308 166
292 644
488 591
520 74
531 522
632 313
176 573
219 685
426 308
8 265
212 218
779 332
468 749
431 583
615 726
262 64
618 420
188 1
15 44
554 149
682 392
742 350
0 394
409 196
466 743
156 282
237 190
486 631
680 674
553 321
578 530
78 568
637 761
104 440
73 758
133 640
619 299
779 663
63 700
311 645
135 4
573 409
760 135
786 275
691 782
403 466
142 415
795 107
254 322
301 271
786 180
487 382
285 753
591 600
469 605
584 768
274 445
69 271
299 245
296 279
521 273
565 279
415 56
285 535
294 613
766 221
324 462
682 628
223 0
611 23
752 201
537 779
466 415
634 355
752 46
545 772
428 118
746 251
89 664
222 538
383 336
23 414
20 365
183 781
178 224
161 631
15 383
378 602
675 299
655 25
630 50
46 17
255 218
568 697
799 272
516 92
633 700
800 753
172 492
75 257
276 19
215 554
360 345
723 165
304 751
232 667
134 269
547 116
204 4
367 193
681 28
209 417
254 415
321 129
439 212
548 530
12 201
229 16
205 491
479 119
589 454
369 565
19 652
94 478
334 212
111 203
655 163
204 699
176 54
38 275
617 102
255 309
242 251
695 379
62 353
457 255
97 699
531 686
634 137
710 153
72 42
517 477
754 577
12 415
625 251
274 509
416 607
456 603
758 357
777 300
118 127
784 245
170 24
19 669
730 334
699 151
706 45
416 272
577 447
78 439
352 654
28 715
228 390
25 277
189 112
104 230
34 691
424 688
389 439
147 796
686 206
479 743
379 768
480 419
764 184
191 39
149 577
428 86
231 737
502 385
347 781
136 423
722 133
388 48
189 796
330 728
724 121
22 120
460 529
626 410
790 143
371 394
581 162
224 797
679 749
103 161
518 61
659 293
249 537
556 522
669 485
173 290
787 761
710 287
600 371
407 779
738 699
27 489
669 259
476 571
453 248
183 303
460 469
70 229
738 53
270 328
596 166
598 431
244 605
566 436
214 649
85 580
519 268
690 590
272 709
134 100
789 18
568 690
325 769
277 676
348 623
708 303
311 444
702 51
189 605
626 60
406 492
768 478
12 450
249 176
420 232
23 27
633 479
45 200
156 331
356 212
412 190
235 199
229 175
375 594
554 267
532 478
646 425
41 228
751 619
668 305
364 151
544 390
41 346
308 450
599 104
515 791
72 753
238 370
588 402
539 179
48 659
233 559
152 710
21 747
788 34
482 340
79 233
351 400
249 131
108 298
504 21
434 51
89 693
538 216
545 449
711 668
256 500
263 460
285 553
618 554
344 729
398 168
611 382
234 268
407 443
485 484
62 343
44 408
98 64
669 319
634 371
400 55
667 632
416 642
352 246
457 175
46 752
148 355
663 542
765 594
241 450
254 188
268 145
740 790
699 459
420 726
98 393
90 357
327 269
79 155
266 751
310 106
537 334
302 326
547 352
89 548
45 110
485 711
67 28
102 183
390 240
63 397
255 112
26 601
518 598
476 272
381 518
698 748
494 243
528 200
116 168
235 387
379 389
277 336
35 42
147 332
104 192
114 215
110 367
159 340
40 241
163 193
49 94
16 298
137 268
87 351
109 130
82 386
139 157
56 174
23 224
168 244
75 158
318 345
92 131
185 210
41 196
20 96
286 399
0 205
7 349
277 307
23 375
285 385
99 200
295 319
0 1
163 336
0 14
169 288
236 269
69 100
20 157
12 87
277 379
5 34
63 394
167 190
335 382
168 292
21 106
50 282
33 305
55 154
74 311
194 299
102 366
274 398
146 391
107 141
138 297
240 285
122 123
280 329
17 364
97 391
218 359
83 194
359 360
4 267
328 384
224 313
74 353
5 70
279 383
118 211
84 137
27 63
10 262
146 322
220 297
267 272
70 240
12 199
57 225
29 192
165 262
124 343
65 294
210 313
76 135
349 368
96 397
161 270
39 280
233 326
73 180
214 228
237 243
56 324
338 392
54 394
121 277
241 361
288 292
312 338
46 89
278 297
30 41
9 76
310 351
178 221
81 104
43 197
34 162
61 242
121 227
59 212
385 393
102 142
195 196
21 114
163 339
140 247
234 272
173 320
67 260
19 332
95 393
52 94
7 131
190 194
148 189
203 238
31 62
117 394
136 243
22 366
198 377
13 260
84 197
178 398
315 344
11 99
223 357
46 156
142 200
32 56
275 353
22 326
102 200
68 263
303 392
102 230
221 364
10 370
322 356
111 254
154 194
41 122
8 145
5 165
221 274
379 386
230 342
77 185
256 329
189 389
160 397
25 349
12 221
224 294
161 373
8 86
17 156
228 338
176 347
232 396
10 120
49 54
51 143
1 328
174 278
28 265
115 243
287 345
174 297
41 279
84 374
205 315
229 339
147 233
6 54
274 390
225 333
50 284
16 284
21 278
147 242
113 195
10 176
124 382
91 201
307 336
193 227
132 181
99 342
28 123
11 142
115 335
126 140
20 291
21 167
65 288
114 167
189 317
55 202
102 217
139 235
52 222
24 141
104 204
118 273
309 364
140 341
13 40
102 330
53 211
131 362
144 337
28 327
102 225
120 370
69 261
74 303
231 363
90 148
165 282
185 300
4 295
73 317
205 276
186 393
10 296
310 320
50 298
230 333
150 357
16 70
137 359
95 99
69 359
130 209
99 142
126 341
171 329
10 143
45 126
100 208
218 295
50 293
11 200
24 129
99 285
105 184
155 305
121 163
58 372
185 294
59 267
28 112
304 310
15 231
10 209
300 354
310 365
203 234
107 129
0 344
229 336
40 45
101 318
154 299
265 353
185 396
129 141
22 333
137 152
266 373
16 165
145 150
137 352
326 342
294 313
14 205
84 253
59 218
181 239
128 348
5 162
249 292
122 378
58 64
65 293
204 289
272 319
150 322
203 219
3 26
311 371
83 343
79 164
23 231
283 315
17 188
220 334
72 304
106 238
67 340
17 309
35 258
264 374
112 279
386 388
99 298
48 83
177 372
228 239
207 223
37 289
105 384
104 239
60 144
138 250
140 241
264 301
41 195
276 354
165 346
131 318
213 218
53 77
134 203
66 211
296 370
377 391
32 194
141 295
153 174
270 397
194 324
104 358
53 394
28 41
155 386
51 187
344 355
134 238
144 166
284 298
109 276
207 391
218 319
264 306
2 239
1 344
267 319
47 168
45 341
308 339
226 327
78 160
47 257
170 265
138 334
236 292
161 397
116 244
309 390
100 359
378 383
104 172
180 277
253 360
41 112
50 71
134 254
105 243
64 338
247 361
60 109
196 311
93 314
148 265
264 368
79 338
210 294
311 372
15 269
57 217
27 94
127 347
75 218
204 305
100 261
46 90
155 204
70 331
286 314
13 126
253 281
304 365
59 85
196 371
71 293
120 175
12 309
142 330
84 360
34 97
219 246
151 185
62 373
274 286
244 292
152 261
25 27
346 347
170 308
113 122
173 188
60 255
28 195
330 393
129 134
189 277
20 258
5 16
136 335
36 186
238 254
51 162
55 56
116 257
115 136
138 174
15 236
132 239
109 232
116 380
258 373
336 339
314 343
326 366
251 379
267 295
29 239
82 388
86 146
37 189
61 288
127 262
266 397
78 96
48 55
38 132
58 311
29 38
226 370
173 310
76 88
268 321
108 258
146 198
42 96
89 148
39 83
110 223
95 240
219 234
161 266
120 296
6 117
143 162
82 104
24 234
235 269
128 224
77 313
74 90
144 255
5 51
167 219
7 287
172 239
38 81
102 333
221 390
167 203
204 386
163 307
69 137
47 116
32 324
167 238
168 257
176 226
21 254
49 131
81 192
8 357
167 246
210 273
178 199
4 141
214 289
304 309
220 278
49 349
31 131
249 288
192 228
44 72
146 357
193 317
106 203
259 379
265 339
1 263
87 274
23 118
80 184
2 38
199 304
251 307
23 151
182 347
27 264
226 279
14 328
77 363
30 188
80 352
148 311
246 254
308 377
40 140
176 370
204 358
39 399
4 213
93 125
6 92
43 59
174 299
82 305
65 103
176 327
223 245
64 381
68 205
42 258
321 328
112 123
19 326
276 355
77 211
304 398
371 372
123 378
90 156
18 22
245 376
241 341
286 395
278 334
137 319
151 313
85 218
205 344
178 390
307 317
287 362
88 375
256 343
322 377
321 344
306 368
116 288
57 142
287 368
82 251
31 101
141 238
309 378
3 206
66 210
92 397
152 319
338 372
71 332
92 345
192 358
343 398
35 345
272 295
200 330
77 210
25 52
30 364
367 377
338 371
38 392
128 293
107 213
217 393
8 322
77 151
42 160
130 323
345 362
121 339
7 94
198 376
227 322
55 299
88 135
179 263
104 216
143 298
281 352
213 295
169 242
372 381
303 338
243 321
205 237
111 290
209 346
122 364
224 350
182 262
181 192
247 341
106 114
33 155
10 346
244 249
190 219
296 337
12 304
123 383
184 306
6 160
61 116
23 211
259 289
158 215
356 357
114 129
26 287
274 304
184 283
56 194
112 327
316 352
63 179
28 279
189 336
183 365
19 142
116 292
25 281
110 377
112 383
59 295
224 231
133 299
140 183
187 385
69 319
0 179
175 347
165 240
58 90
264 316
96 108
38 181
4 107
169 298
332 342
98 326
95 285
75 213
211 252
120 323
94 263
39 55
233 257
167 234
70 143
242 257
158 213
1 105
15 375
2 181
139 325
37 259
142 342
6 291
80 283
21 111
304 390
157 291
323 347
209 370
126 241
45 260
166 383
1 14
232 300
225 366
153 194
242 293
69 360
66 77
82 155
89 265
83 280
88 387
10 323
115 321
98 366
321 382
114 254
347 370
232 276
335 395
197 212
68 315
60 166
274 395
170 339
72 221
83 329
175 327
283 321
97 357
85 197
149 240
177 381
35 78
358 386
81 239
45 183
31 345
5 385
120 209
80 268
98 333
102 186
106 167
213 215
40 67
30 383
73 227
98 102
54 117
47 380
289 379
12 173
157 160
228 392
97 187
83 399
331 348
15 292
189 379
64 372
398 399
75 107
192 289
149 298
14 283
79 392
176 323
43 212
129 167
261 272
276 315
46 275
57 186
49 362
40 340
199 398
13 341
87 173
100 272
356 391
212 218
46 196
72 166
160 362
282 284
145 391
155 358
37 228
81 132
240 385
255 354
124 274
9 135
11 342
265 308
46 311
80 281
33 386
63 349
50 149
124 199
60 354
159 171
45 159
225 330
244 269
281 283
350 375
198 322
14 184
101 369
123 364
28 46
182 370
59 107
122 196
287 349
125 314
26 206
25 316
329 398
21 250
169 191
217 330
132 172
83 256
11 71
285 393
39 202
150 207
188 378
4 218
197 360
178 365
160 258
68 355
169 282
171 260
189 259
90 311
288 350
197 218
94 315
55 194
214 386
143 331
44 136
109 396
317 389
78 92
305 358
166 255
39 171
223 302
220 290
255 296
121 317
22 217
95 385
171 183
25 306
0 94
194 256
282 331
182 209
243 382
145 207
36 95
42 78
268 384
43 301
85 295
191 332
140 365
165 331
4 85
127 143
22 57
116 242
30 378
156 371
111 138
335 384
322 357
103 282
77 252
56 299
93 384
105 321
118 210
60 296
119 291
218 267
17 378
219 238
229 317
199 395
132 192
40 159
6 7
10 175
59 75
346 348
230 330
2 289
202 203
229 259
93 268
364 378
24 190
35 108
94 349
232 337
58 196
313 396
50 331
163 189
83 171
79 381
111 250
318 362
79 181
11 19
147 248
46 148
16 331
3 301
267 359
107 215
243 384
111 114
35 92
341 361
112 195
47 288
37 379
173 390
25 264
227 277
66 91
251 386
14 344
376 377
180 317
130 337
27 179
229 389
2 132
163 277
10 347
231 375
15 88
89 308
250 278
186 217
171 194
6 131
283 328
37 214
198 356
167 254
178 274
138 278
270 373
143 348
316 360
18 225
244 350
275 367
248 257
99 240
152 267
46 265
240 298
90 338
0 355
42 139
96 119
200 332
175 245
298 331
278 290
266 270
81 172
100 137
66 273
200 230
105 344
203 246
303 372
2 81
17 371
52 184
333 366
63 263
20 108
242 288
131 345
188 364
177 320
34 187
38 164
55 256
49 287
55 83
147 257
76 375
82 204
249 293
102 326
305 386
202 280
72 335
88 269
160 291
322 391
227 317
162 165
202 299
48 171
60 232
87 365
119 157
74 148
39 324
199 221
78 291
174 220
277 389
303 311
270 345
102 342
216 239
187 223
225 230
109 136
123 279
244 380
185 313
5 240
211 363
76 387
250 254
1 281
30 122
80 316
165 182
109 354
106 250
261 319
211 394
4 59
38 338
18 102
357 377
193 322
20 42
258 270
181 216
0 63
86 150
208 261
26 368
268 328
56 154
171 280
307 389
272 359
16 99
271 302
268 360
150 198
223 376
124 125
343 399
62 161
74 196
305 388
116 350
7 368
24 272
77 118
288 380
11 191
249 350
119 139
198 391
32 299
195 383
85 213
71 284
24 219
52 368
24 134
12 365
46 74
241 247
257 380
376 391
150 302
140 351
232 354
27 52
68 252
100 152
202 324
12 310
137 253
2 172
32 133
36 285
75 212
172 192
306 316
8 207
73 121
109 255
22 102
170 275
7 27
145 322
28 113
207 302
186 330
112 226
236 350
149 284
307 379
16 50
71 169
42 119
106 246
78 157
1 283
45 241
48 241
14 315
168 236
113 279
3 318
256 280
132 164
151 294
87 390
80 360
214 379
137 197
107 158
44 382
52 306
308 367
231 235
165 298
118 363
105 253
72 144
106 254
81 181
18 326
4 212
184 281
97 223
75 85
318 369
134 167
44 335
151 210
191 293
108 266
209 323
101 345
136 354
140 320
88 235
28 353
156 196
45 67
4 158
214 259
13 340
48 67
214 389
125 343
201 387
29 172
261 359
129 215
53 231
57 393
42 108
103 224
82 358
69 208
145 302
287 369
7 117
14 243
54 201
212 213
19 99
32 174
146 356
49 368
262 346
222 281
268 352
199 286
71 288
113 364
96 139
230 366
61 147
50 103
5 143
209 331
93 382
38 172
67 159
105 281
153 220
5 182
367 376
64 177
207 271
303 312
213 267
197 359
176 296
47 248
135 325
76 231
373 397
184 222
101 206
64 173
289 358
110 245
156 312
137 261
80 222
89 367
96 258
253 352
93 286
29 104
143 165
200 326
313 363
140 361
74 156
11 149
166 337
129 238
68 273
30 123
188 309
0 276
189 229
69 152
72 274
237 355
290 334
163 170
28 196
131 287
229 277
198 357
115 384
51 70
26 264
93 124
12 364
315 355
205 355
306 374
194 202
14 105
108 373
114 238
152 272
97 245
63 117
91 210
309 320
129 158
187 271
80 84
287 318
248 380
74 312
92 362
206 369
24 203
101 270
143 182
18 333
162 245
381 392
328 352
112 353
66 394
0 263
99 149
190 203
281 316
236 244
151 211
172 216
135 235
178 304
40 48
21 134
323 370
91 118
166 378
252 273
127 346
125 208
17 30
153 154
265 367
354 396
253 328
189 307
106 111
231 387
130 296
357 391
138 220
189 214
143 346
221 304
124 314
16 282
131 206
199 274
39 329
222 253
151 224
31 318
325 387
356 377
252 300
105 283
293 380
330 342
171 256
64 320
2 228
120 176
145 357
193 336
281 328
168 350
61 380
64 371
103 293
65 224
130 255
114 134
133 153
228 289
53 118
86 302
53 273
144 221
27 222
79 132
43 218
58 303
41 113
175 176
4 215
115 382
58 122
6 362
150 391
48 260
173 351
44 243
18 366
17 58
136 355
94 179
32 297
22 98
329 399
1 222
62 270
163 317
98 225
22 225
25 374
103 294
163 229
309 310
105 352
164 181
206 318
262 282
135 139
71 191
205 263
59 213
61 191
35 397
255 337
269 375
9 157
57 230
281 306
243 335
48 159
101 266
25 184
41 123
19 102
26 301
92 160
39 194
339 377
20 35
154 174
57 330
33 82
164 172
85 212
9 139
152 295
70 165
10 127
8 391
190 280
126 247
211 273
154 220
67 171
179 315
122 188
228 312
292 350
252 355
87 178
97 110
14 281
54 160
329 343
165 348
69 272
58 156
18 330
91 211
288 293
4 152
238 246
152 218
32 220
156 353
89 170
357 376
126 361
83 324
9 375
33 204
77 273
115 237
180 307
20 92
34 95
53 66
17 173
89 229
86 207
180 251
224 363
173 304
44 237
17 64
265 275
66 252
91 394
36 385
280 324
116 249
98 233
195 279
90 196
180 336
52 264
195 353
89 275
80 105
184 328
56 280
83 159
130 347
168 288
120 347
28 383
76 139
34 385
30 113
281 344
62 345
184 253
340 341
24 167
31 270
164 239
113 123
312 371
297 334
210 211
58 74
43 85
142 230
4 75
195 327
12 178
133 174
27 306
47 292
152 208
203 250
90 312
32 154
41 383
125 286
173 309
109 300
11 332
155 388
100 125
110 376
259 389
20 397
54 291
136 276
217 230
120 226
209 347
190 202
15 244
286 382
101 161
6 49
192 216
103 128
8 150
145 146
97 376
76 325
275 308
60 337
20 119
40 126
2 192
18 200
351 365
145 223
202 256
110 175
70 298
253 316
227 336
18 230
321 384
14 321
237 276
111 334
121 356
312 392
182 346
105 268
41 353
177 338
9 201
154 324
119 325
7 49
55 280
50 128
76 235
125 382
29 216
312 372
295 359
78 119
304 395
117 362
191 288
45 247
12 351
34 51
134 215
44 115
2 29
0 315
200 342
320 351
177 392
10 182
56 190
127 209
23 363
314 382
28 275
168 242
64 188
53 363
5 298
84 316
223 271
106 219
162 182
276 300
300 355
94 117
108 397
121 193
283 344
222 328
104 388
190 234
117 349
193 277
168 380
159 183
20 160
26 374
72 395
29 81
143 209
52 349
258 397
19 200
141 158
57 102
245 367
282 298
9 88
145 271
127 331
89 339
339 367
184 344
179 205
23 313
143 262
235 325
67 183
12 390
206 287
170 336
137 360
32 55
41 156
273 394
317 336
337 354
372 392
217 225
90 371
33 251
34 240
63 94
191 242
87 320
225 326
9 325
9 387
314 398
22 230
163 227
92 270
309 351
270 318
202 219
18 98
395 398
236 249
123 195
261 267
35 96
133 154
196 353
207 357
249 380
1 315
55 171
121 229
175 370
169 284
66 118
37 358
61 257
48 183
375 387
237 354
0 68
90 303
256 324
352 360
20 78
121 336
356 376
110 187
30 195
209 348
73 193
205 283
86 357
16 240
128 294
6 157
286 398
88 231
256 399
55 159
53 91
123 196
382 384
31 369
178 310
172 181
154 297
120 130
301 374
141 215
262 348
284 293
19 342
311 312
302 357
3 287
80 328
170 189
3 369
40 183
47 61
222 283
37 389
14 222
63 68
73 277
40 171
173 364
152 359
222 344
124 395
183 241
242 380
250 297
100 319
21 238
216 358
65 128
260 340
219 250
73 163
208 272
78 258
296 323
76 269
27 68
251 305
133 194
146 377
47 147
229 307
80 306
39 190
252 276
138 290
106 134
299 324
132 216
53 387
2 216
232 255
53 210
27 349
136 237
91 273
18 217
29 132
36 393
8 198
59 158
18 342
45 361
5 331
210 363
186 230
42 397
206 368
86 322
23 210
87 309
50 65
113 378
153 297
80 253
130 232
3 368
127 348
87 304
310 390
168 249
292 380
91 363
21 219
134 234
222 315
339 356
73 307
38 239
104 155
122 156
50 169
68 94
130 176
58 312
188 390
331 346
71 242
364 390
23 91
25 368
21 203
87 310
39 56
15 350
51 182
338 381
242 248
183 341
55 67
40 260
15 249
61 168
303 371
124 286
300 396
131 160
187 245
150 356
204 388
32 153
8 146
261 295
16 143
118 394
119 135
12 274
47 242
171 324
1 205
103 288
141 213
68 179
34 223
279 327
51 240
328 360
35 160
326 333
23 53
157 201
113 383
233 248
286 343
235 375
120 346
41 378
90 372
336 389
148 170
116 293
27 263
282 348
19 330
169 293
131 369
263 315
253 268
192 239
70 149
1 184
358 388
262 331
58 371
16 149
43 84
65 169
45 140
56 202
121 170
186 225
346 370
22 342
201 235
34 285
39 256
148 312
194 280
294 363
27 184
124 398
259 307
183 260
81 216
74 371
54 157
62 318
156 311
167 250
21 246
8 356
31 206
96 160
221 395
65 282
99 332
62 266
70 282
49 117
191 284
134 141
55 324
316 374
88 325
151 363
72 199
92 258
35 119
146 150
100 314
214 358
45 48
105 222
128 282
7 362
223 391
17 122
141 267
153 299
8 377
296 347
40 341
215 238
170 229
277 317
69 268
86 145
156 303
175 226
153 278
9 235
62 101
201 291
319 359
105 328
61 248
323 337
246 250
38 79
46 353
23 77
146 207
236 375
78 108
209 262
29 181
159 260
178 351
38
57
40
13
106
124
70
165
75
143
139
80
194
26
104
87
110
97
185
137
71
153
120
179
65
94
117
56
201
34
67
48
125
79
112
41
130
49
114
160
69
41
168
41
79
101
131
178
95
37
57
65
175
191
77
58
96
68
90
83
119
139
50
89
69
166
133
146
64
36
169
185
88
26
53
36
136
98
163
64
12
120
74
102
57
60
112
142
111
118
85
63
117
111
49
125
87
175
49
69
37
98
48
61
179
64
136
45
25
81
70
104
145
141
177
35
125
26
131
76
170
76
77
188
60
66
32
101
83
151
131
162
129
185
109
212
140
48
56
175
50
187
83
83
81
117
71
206
177
91
91
68
150
53
165
77
46
106
117
59
98
54
129
117
116
71
112
63
220
206
98
74
183
70
80
160
82
94
48
181
170
66
127
175
16
189
53
141
96
18
72
53
109
83
77
33
172
94
92
97
90
102
205
61
38
39
139
129
200
75
65
153
56
74
126
95
82
131
134
199
76
159
70
96
139
153
99
101
35
196
103
48
87
81
112
73
129
75
149
75
137
133
97
149
78
67
84
109
65
139
157
47
96
78
52
167
160
78
91
104
125
69
163
91
61
67
17
169
170
103
76
86
81
100
55
87
129
163
146
35
55
98
27
94
77
60
69
83
99
118
79
45
111
115
74
118
69
64
139
172
55
71
88
56
206
134
49
14
86
23
167
112
93
122
26
89
83
85
64
99
53
63
45
204
143
137
161
134
135
58
136
194
156
168
54
148
118
96
185
163
118
91
157
78
77
80
113
134
47
143
42
189
100
114
128
162
104
54
43
68
147
162
120
74
38
12
74
94
146
100
63
78
103
106
82
125
102
167
105
102
167
106
185
53
126
127
154
113
182
14
86
103
162
164
87
153
170
168
72
36
44
219
120
89
62
111
93
62
81
142
70
70
44
114
174
135
65
105
120
79
37
86
186
86
61
51
48
53
196
75
56
7
21
62
63
110
53
114
171
225
75
19
84
78
57
194
95
87
42
46
210
140
97
78
185
18
70
154
66
171
192
58
182
88
198
97
89
227
174
129
15
146
99
128
13
87
90
100
182
146
22
45
83
116
287
10
102
146
144
104
104
88
68
114
48
132
88
68
25
88
79
58
97
172
87
121
56
124
94
68
112
65
139
69
79
60
108
54
87
134
141
120
69
133
54
77
36
120
203
160
131
122
169
87
121
117
148
98
124
95
149
145
71
179
84
139
170
89
97
173
99
49
234
76
84
47
31
135
126
73
61
111
66
156
83
76
56
80
73
81
64
27
63
66
122
159
141
13
44
85
106
81
116
97
77
124
150
210
116
134
75
161
25
199
83
66
166
86
21
46
206
45
213
148
205
129
72
32
14
140
112
155
182
180
30
194
26
121
83
52
68
138
117
108
84
105
200
21
60
149
151
179
168
120
127
125
75
195
36
66
157
93
145
74
136
237
46
80
62
135
46
50
52
92
90
115
109
76
127
61
108
81
79
59
115
72
54
48
61
168
99
118
158
194
86
147
200
96
124
120
63
97
119
161
109
136
119
119
119
99
163
11
15
74
158
91
23
107
207
129
143
148
76
130
60
151
93
68
34
124
141
117
52
7
124
75
55
174
72
25
107
41
106
126
116
93
93
19
132
76
80
66
29
151
90
58
83
84
99
123
109
42
85
107
34
62
70
181
63
76
35
97
157
89
85
99
212
75
152
75
179
129
59
37
92
47
76
63
66
123
133
157
127
106
69
112
152
105
47
99
77
64
101
14
69
95
91
116
67
153
116
21
114
108
78
68
60
140
131
53
45
174
120
85
121
104
118
48
118
78
76
81
89
79
147
43
84
166
211
69
193
41
143
124
131
70
172
50
67
128
104
82
85
73
131
198
43
130
163
232
46
58
60
38
39
121
162
67
89
115
109
106
116
95
80
99
108
79
11
84
110
180
92
213
59
107
135
116
147
137
141
86
193
164
121
86
164
66
202
18
128
137
127
141
73
14
86
94
149
116
145
125
85
19
150
132
79
106
49
47
88
132
177
150
130
128
90
59
109
121
117
126
121
133
90
48
133
92
89
101
56
149
51
85
151
70
174
81
169
138
83
98
110
212
115
140
102
113
131
182
117
81
46
60
127
89
132
89
141
179
75
88
36
167
169
148
46
186
95
36
16
102
66
100
146
122
121
79
47
56
231
121
126
31
88
120
88
44
27
157
106
24
146
158
67
31
122
186
51
98
68
112
113
102
130
223
106
99
133
164
150
228
43
125
48
125
74
57
108
88
87
85
47
53
204
135
111
87
95
102
116
169
97
143
118
73
104
120
119
117
86
64
93
166
96
100
125
105
54
88
73
138
44
98
94
90
32
73
77
94
31
37
65
31
103
87
219
34
103
98
119
152
89
70
32
165
59
69
28
173
77
200
90
114
211
55
104
117
164
40
70
197
34
185
90
174
109
153
92
73
97
144
78
26
115
69
53
123
59
112
53
103
147
22
75
90
40
67
109
107
80
182
142
119
59
136
134
40
159
109
25
97
173
121
135
33
56
103
69
177
81
159
134
127
174
235
62
141
181
84
65
100
58
113
58
112
112
149
25
73
78
119
56
65
245
110
218
90
74
43
69
62
138
120
84
98
38
127
34
65
145
100
159
77
88
60
90
103
72
41
33
118
75
87
34
103
104
233
81
204
105
195
38
63
52
131
114
109
57
75
75
143
128
23
82
58
157
104
62
69
133
111
49
167
63
218
61
101
129
60
71
164
50
54
48
110
160
57
208
98
170
163
94
93
37
123
32
96
89
198
186
100
84
48
91
148
137
99
37
126
74
15
215
82
69
15
91
163
66
132
132
44
165
128
19
99
160
79
111
192
66
80
104
42
36
112
78
97
147
98
19
173
77
108
73
128
201
220
100
130
88
111
52
74
100
60
79
35
55
66
74
101
146
141
139
117
182
256
96
66
43
61
136
107
28
223
99
43
162
50
90
72
78
48
43
167
42
173
65
64
142
156
46
144
88
81
111
179
59
140
163
89
198
92
167
35
34
122
145
139
117
91
94
241
15
85
165
127
101
217
51
108
58
147
145
171
125
130
52
51
63
90
69
81
110
65
120
199
55
87
107
91
98
156
124
148
118
117
85
44
48
94
199
103
157
128
92
99
95
58
72
143
51
187
145
44
25
109
99
133
14
102
74
55
180
65
88
122
179
19
63
127
66
143
88
47
94
122
83
152
111
23
171
145
14
107
143
70
115
81
69
72
27
122
156
48
108
45
67
186
126
69
64
88
220
105
106
65
112
87
132
102
89
124
83
74
143
108
18
119
107
73
138
111
154
177
87
39
109
45
180
92
116
81
77
65
203
89
92
61
158
42
83
154
101
185
81
46
175
135
172
177
136
135
35
120
162
70
129
85
134
71
132
206
181
70
53
187
153
62
9
93
103
163
197
110
164
118
20
36
232
112
155
94
140
78
101
91
92
140
108
123
36
22
26
62
54
58
76
7
24
167
53
56
198
64
92
52
182
62
63
136
147
228
72
61
97
88
88
104
120
104
69
114
97
21
142
170
104
174
142
64
36
104
72
63
82
64
137
126
77
63
68
106
116
172
73
99
33
103
153
30
157
61
127
111
62
127
140
123
124
57
73
109
42
126
48
14
48
147
85
98
43
15
149
88
151
132
79
131
67
94
81
55
144
96
207
44
70
45
97
216
64
135
116
64
82
89
62
71
24
162
81
44
27
114
76
103
74
74
193
91
128
188
112
183
164
62
136
68
49
122
101
20
226
91
142
77
208
91
104
42
53
157
68
122
65
138
143
35
156
42
135
174
85
119
102
51
54
65
56
63
44
41
40
92
197
37
75
162
113
57
29
105
93
52
138
194
65
26
82
41
46
45
71
160
117
52
64
184
138
46
111
128
65
139
127
175
44
147
40
169
89
61
102
148
108
80
92
151
39
70
154
199
86
155
112
132
39
44
80
33
45
104
195
118
26
38
81
69
55
88
77
125
106
89
93
101
137
84
93
17
84
94
263
228
188
157
105
147
77
108
127
152
145
155
193
126
62
147
64
30
136
104
67
49
51
188
124
120
96
70
43
80
277
122
95
113
94
49
158
14
190
190
43
47
76
77
180
208
112
76
107
116
107
104
249
93
102
98
145
162
173
67
74
58
106
151
89
12
86
89
91
97
177
215
161
63
151
110
17
8
57
157
164
169
30
71
35
83
119
137
91
113
89
63
63
163
91
52
232
70
240
125
68
134
81
51
104
120
155
155
97
59
68
99
158
103
90
153
124
73
123
85
135
30
117
91
134
52
75
49
105
172
68
62
163
103
63
130
123
157
19
197
188
111
131
68
106
187
86
67
88
219
61
56
44
72
205
174
87
64
137
118
117
48
57
147
43
121
187
153
95
183
206
57
79
153
150
52
84
109
70
54
91
81
153
143
131
99
103
60
162
89
93
35
217
28
143
73
39
48
60
194
16
50
66
154
53
70
166
67
79
51
164
