556 174
308 206
709 700
512 280
388 100
615 167
377 169
284 604
346 219
383 688
204 553
753 371
531 633
543 747
27 524
137 16
33 443
462 570
573 577
763 273
94 615
519 414
360 506
114 96
88 76
253 243
136 795
588 403
738 197
110 667
695 173
250 79
200 749
54 92
426 729
475 308
735 230
394 36
47 121
28 503
99 70
198 161
437 56
262 521
652 522
518 620
557 10
473 3
559 205
683 475
287 288
209 141
503 438
723 550
465 720
789 728
11 699
23 737
425 299
168 418
656 301
424 535
778 634
659 373
784 660
438 586
556 145
621 50
414 213
731 703
450 515
692 531
77 94
690 592
474 230
236 413
698 462
676 534
376 777
468 742
733 556
477 78
27 85
82 777
235 59
168 721
621 174
373 240
12 33
329 799
157 124
241 369
554 280
592 586
412 277
240 609
314 262
641 735
393 711
498 698
366 534
139 713
767 590
59 414
391 452
333 187
477 274
59 656
243 660
302 593
797 38
57 180
775 682
47 800
680 576
152 569
436 620
120 264
20 656
323 344
583 588
191 735
147 145
791 417
389 550
602 779
689 329
673 627
525 72
371 5
307 391
174 346
594 304
692 414
265 309
573 303
358 6
156 726
116 51
725 53
677 111
335 524
642 251
486 48
304 703
796 246
329 416
260 792
189 271
518 383
185 354
391 284
711 57
518 497
743 208
393 232
671 426
395 779
257 193
603 773
428 683
519 309
39 27
272 730
641 121
126 403
643 647
56 56
672 596
312 325
791 534
779 289
677 737
693 665
741 456
371 680
785 350
201 623
209 541
95 76
498 189
85 81
519 164
697 377
366 156
726 48
630 792
451 119
791 349
554 723
54 61
755 789
576 112
401 24
140 27
757 40
639 503
183 610
96 217
568 481
253 171
733 689
122 17
485 628
628 208
454 345
335 514
368 58
697 386
123 179
765 625
314 561
298 151
101 726
156 539
319 726
377 97
150 347
199 141
387 598
275 372
422 474
219 609
439 426
12 649
203 677
320 625
372 175
618 373
179 334
70 487
627 774
314 632
621 440
129 393
240 323
649 280
714 465
773 382
397 694
570 715
230 382
43 337
443 125
281 131
676 163
483 658
550 376
233 344
172 126
355 678
466 798
297 529
224 403
201 515
431 492
268 168
172 217
665 664
243 208
239 754
157 42
216 549
718 536
121 23
417 64
88 758
409 49
556 481
102 591
128 296
331 73
15 609
395 547
523 250
611 740
534 644
447 792
482 193
168 451
555 554
501 340
144 456
458 400
315 6
127 65
561 301
15 554
732 753
774 76
250 264
134 724
219 652
648 43
643 34
53 759
202 648
624 261
523 764
83 647
527 662
715 786
494 385
264 104
249 655
457 601
293 651
7 2
729 403
723 388
87 108
703 42
370 552
213 222
294 500
579 263
49 174
173 427
220 742
205 379
187 124
471 76
350 148
525 169
691 25
405 727
211 533
719 737
741 483
687 673
637 19
632 470
81 745
635 753
175 66
495 87
439 776
584 194
497 409
781 460
143 442
35 248
675 209
589 484
342 779
92 486
126 745
564 69
367 104
32 187
689 738
34 15
312 742
259 247
240 300
205 9
759 515
748 437
543 155
763 316
578 644
760 33
58 396
304 225
380 23
741 149
326 539
645 443
157 142
617 138
211 167
434 350
91 31
95 137
319 467
13 599
619 576
594 455
543 420
132 424
745 188
50 250
727 736
703 64
699 482
29 125
776 304
18 575
587 232
540 142
661 601
431 525
743 427
740 40
757 623
451 352
339 561
639 516
49 77
183 56
80 170
92 388
217 319
159 275
132 286
142 315
238 357
57 295
50 354
73 390
190 307
109 366
261 355
39 103
175 239
139 152
231 350
343 397
121 318
77 376
213 266
22 255
197 296
70 255
119 146
272 299
55 382
218 249
99 298
42 364
110 393
5 337
180 323
245 369
38 82
10 115
78 325
152 185
4 348
40 179
4 265
156 237
240 275
38 349
48 388
195 383
55 288
274 315
257 259
304 306
324 361
168 390
46 67
75 130
134 353
34 79
302 378
156 309
74 278
75 91
177 222
159 186
163 215
49 331
349 373
35 274
48 274
25 158
290 354
300 360
329 382
69 301
202 264
103 242
260 352
157 344
206 211
42 335
141 252
3 274
40 72
335 389
152 324
4 271
73 77
311 383
92 135
87 155
33 398
40 310
337 369
78 89
29 101
99 276
84 303
85 121
90 122
62 394
197 222
100 396
121 137
13 79
55 64
41 51
104 146
114 390
83 266
294 330
116 246
19 28
72 138
61 65
27 233
101 291
156 367
59 253
7 306
2 69
179 310
40 372
139 289
22 273
149 283
185 383
252 314
34 157
55 201
43 314
29 137
251 277
149 302
95 177
123 188
72 181
21 281
233 343
72 398
32 318
34 78
166 168
283 395
161 281
74 274
148 290
293 393
90 218
205 283
264 372
29 291
215 250
48 315
3 161
136 267
148 354
52 223
23 249
103 345
141 312
124 396
1 158
243 335
116 203
60 236
37 136
78 344
377 378
45 276
337 358
301 382
97 333
175 215
268 378
277 325
177 292
10 178
45 300
59 150
14 387
52 268
89 352
234 317
178 222
83 346
272 375
108 306
80 356
100 312
235 248
258 329
12 18
67 164
24 72
333 350
97 159
175 325
23 373
147 344
23 285
42 243
147 318
131 217
117 148
59 75
65 203
235 319
23 181
179 285
277 336
103 379
362 379
127 329
203 276
54 99
204 245
206 252
11 392
160 250
232 304
219 396
120 390
269 272
68 94
256 363
152 294
61 255
240 300
117 198
197 269
49 156
44 71
206 374
225 318
185 195
132 228
324 383
31 399
72 385
187 265
227 322
94 371
67 293
194 264
216 265
209 249
60 132
286 315
140 164
62 201
62 112
3 281
51 122
7 222
47 321
222 262
291 346
69 327
371 395
108 296
16 39
148 229
168 258
30 36
34 98
174 357
113 332
141 206
316 341
164 192
167 372
144 304
118 387
226 232
291 332
2 97
263 328
129 284
100 141
15 261
37 193
339 356
302 338
212 322
123 238
341 349
137 346
180 389
144 215
91 319
36 171
115 177
153 343
129 267
196 343
0 48
190 398
222 326
38 72
182 278
181 190
152 393
152 361
201 329
31 51
176 309
91 134
279 317
211 366
53 170
213 299
121 346
329 350
205 371
30 365
55 112
157 277
2 288
16 345
196 377
71 77
4 243
201 210
134 169
32 121
328 392
152 195
49 384
95 262
13 275
8 155
111 373
58 371
152 289
4 193
25 363
168 173
111 349
194 355
37 271
1 8
384 392
104 221
254 279
49 77
32 225
12 276
193 267
166 329
267 364
63 183
41 122
34 277
224 287
59 217
205 395
316 349
212 244
147 352
61 312
62 210
93 120
18 276
25 354
221 391
162 398
353 354
54 300
150 229
54 160
131 165
43 252
156 228
220 253
21 378
280 376
229 241
208 308
15 285
167 307
223 255
266 346
8 87
165 234
114 127
64 201
3 74
282 340
25 259
229 270
27 367
49 76
383 393
21 302
2 112
51 218
92 297
131 270
209 373
6 105
6 87
23 90
212 363
359 386
323 358
368 370
88 351
125 159
202 285
109 252
31 303
62 69
76 367
209 316
43 254
198 257
40 167
253 317
60 63
22 221
124 391
152 293
33 310
79 325
214 269
17 65
91 253
78 215
36 342
51 368
259 363
142 342
52 338
211 232
18 93
166 390
20 299
290 353
118 375
199 268
41 320
189 298
37 267
11 123
143 335
79 336
86 142
143 265
163 352
145 171
99 246
223 283
49 133
19 386
98 325
203 246
0 192
107 213
46 128
152 383
101 346
274 278
165 279
198 349
134 248
111 385
238 359
176 188
213 332
19 171
25 353
3 106
5 358
194 285
160 203
5 66
289 361
79 160
240 333
83 113
47 143
226 250
80 114
193 207
32 346
165 217
92 315
269 287
77 263
25 290
109 226
278 358
31 244
292 296
88 162
219 305
237 308
165 317
186 333
269 387
161 205
5 204
167 351
343 378
62 102
186 275
51 200
138 372
65 219
264 285
188 238
7 226
275 350
35 205
152 311
219 226
312 396
205 302
191 301
34 325
73 114
29 85
32 137
166 258
73 168
174 392
197 262
195 393
25 50
48 86
138 194
89 147
0 66
131 229
53 77
84 334
251 298
22 124
87 227
59 340
107 299
235 241
41 257
271 348
279 340
6 322
96 353
331 377
63 126
111 198
53 73
334 399
247 302
225 304
24 167
75 317
281 338
245 380
182 337
82 162
36 154
51 256
261 334
41 370
1 105
281 371
339 392
111 341
140 311
291 295
36 380
215 352
249 370
164 293
91 248
45 305
54 298
216 322
29 269
53 356
1 212
14 375
44 384
14 16
223 371
75 253
220 241
1 363
30 154
89 215
56 299
125 275
95 292
74 180
68 74
324 393
98 215
7 95
237 339
44 77
79 99
63 228
353 363
235 354
43 178
246 305
162 167
207 271
164 369
165 362
143 321
27 377
99 189
118 224
93 360
108 304
261 285
322 348
111 209
200 212
48 323
53 114
12 203
6 68
212 256
286 388
109 232
162 307
22 206
31 84
58 205
203 300
347 389
97 125
22 141
259 290
98 239
246 300
138 334
138 261
79 277
105 227
293 383
198 209
139 311
88 190
105 363
239 250
11 208
293 330
58 395
23 72
100 273
188 309
211 396
98 175
32 85
8 105
2 258
24 372
52 283
110 139
44 331
102 394
16 165
127 390
26 113
110 195
163 260
131 319
124 219
289 393
78 352
166 173
295 346
68 227
0 389
225 292
41 259
82 398
136 284
30 245
8 96
23 24
65 273
5 86
37 207
17 203
248 354
30 140
137 213
243 321
94 151
125 333
385 398
10 222
216 271
133 357
0 323
34 336
4 267
198 341
295 332
317 379
108 318
85 346
86 369
148 353
38 310
81 187
247 378
285 399
349 385
162 351
169 235
62 64
139 324
207 267
240 276
133 174
14 345
217 270
293 311
95 197
50 290
223 302
66 347
7 232
77 384
204 297
156 384
179 181
20 387
50 235
48 180
13 99
173 390
6 227
40 285
29 213
91 150
57 113
86 245
55 191
2 173
95 306
283 371
35 74
1 353
126 236
32 163
214 254
4 37
158 256
7 396
81 335
90 368
25 313
109 396
165 379
13 240
259 353
189 275
235 290
254 262
201 350
19 36
37 216
5 369
234 379
272 287
309 357
172 333
78 98
123 392
234 279
133 309
50 96
97 172
69 112
155 227
9 250
4 216
68 184
344 352
312 391
142 204
139 393
173 329
71 196
22 252
46 347
139 383
66 182
174 356
184 348
240 360
283 302
56 118
97 275
28 145
281 283
159 333
28 30
153 280
118 272
247 281
150 234
148 270
218 320
236 297
132 388
77 80
61 124
54 239
104 255
239 325
90 334
4 6
0 369
343 367
320 399
103 362
9 34
11 176
133 208
265 364
52 199
216 267
234 282
0 388
115 326
209 257
207 284
63 133
67 294
101 266
172 329
167 181
129 265
71 114
82 307
90 249
165 282
162 372
26 137
152 330
319 379
252 374
97 231
180 274
49 328
100 206
35 58
61 273
221 255
218 370
81 267
85 101
33 179
308 357
131 150
161 286
11 238
193 364
184 227
172 327
39 230
281 302
178 214
114 263
204 369
10 197
259 370
95 304
180 358
7 304
28 245
160 325
100 391
302 371
168 376
328 339
251 336
57 332
224 375
49 237
358 389
92 286
213 291
331 367
172 186
178 254
65 391
17 61
149 395
96 119
135 388
134 235
26 83
337 389
117 270
341 381
54 325
145 386
202 372
26 332
138 181
151 155
202 261
1 200
80 394
273 391
123 174
107 269
13 298
315 388
65 246
4 321
340 345
176 359
224 299
250 306
146 314
35 94
302 395
195 361
131 241
83 213
42 193
222 296
72 82
101 213
197 225
67 192
265 321
21 27
28 154
203 305
22 314
199 343
313 353
18 45
105 184
189 240
68 278
41 249
118 299
5 48
49 367
24 138
68 87
87 105
141 374
194 334
54 79
111 381
22 104
0 5
156 183
101 121
54 251
32 147
225 296
42 267
92 132
242 341
56 224
143 267
56 57
8 363
105 155
8 68
133 367
68 155
187 243
201 327
271 364
308 392
108 225
119 130
201 394
185 311
104 223
81 143
122 373
367 384
16 230
315 337
86 164
231 275
238 386
124 206
112 210
222 304
66 337
224 387
41 90
110 185
123 357
81 265
219 273
84 355
113 295
45 246
59 319
66 389
103 165
3 132
187 335
311 393
270 381
91 354
222 225
33 38
33 72
11 188
24 181
376 397
265 267
7 108
81 128
70 391
165 340
33 190
233 377
297 315
1 227
260 318
343 377
144 352
311 324
274 286
10 177
271 284
27 228
140 152
142 236
130 146
328 357
256 303
142 297
2 382
161 247
100 219
61 391
53 80
207 216
279 282
328 384
97 240
11 386
219 312
175 226
56 332
361 393
53 71
42 187
248 319
249 320
35 106
149 247
171 176
137 225
70 221
351 372
158 200
5 342
261 399
242 270
71 384
214 345
102 210
54 98
4 187
174 237
311 330
196 233
272 387
181 285
217 234
23 310
15 194
34 239
196 367
59 317
116 160
100 366
24 33
69 382
22 366
206 314
33 82
366 396
314 366
120 376
54 277
31 334
281 395
60 142
186 231
316 381
43 366
60 228
77 196
63 367
287 387
58 151
35 371
94 106
175 250
99 160
307 351
158 313
0 337
57 118
77 168
172 350
101 332
98 250
3 35
350 382
59 282
285 334
44 376
169 220
10 326
105 322
26 266
21 247
145 359
3 92
122 320
57 213
145 154
117 209
238 309
49 174
125 186
44 263
244 303
268 280
106 205
51 90
110 361
76 357
242 362
48 389
66 323
207 265
140 369
290 313
377 397
86 204
20 29
158 244
289 383
36 145
140 383
174 308
122 218
14 39
103 234
42 81
220 319
24 40
121 291
121 225
4 42
71 263
63 156
177 304
28 365
40 138
123 176
124 366
183 208
228 247
125 189
75 241
141 314
247 338
172 275
332 346
52 153
279 379
95 296
77 390
133 183
330 383
320 334
134 220
80 102
338 378
45 360
20 107
160 175
316 373
128 335
167 398
13 159
65 116
241 253
17 116
199 331
323 337
27 149
17 305
211 226
79 251
92 274
39 387
61 221
37 265
136 271
19 145
195 324
119 169
154 380
150 235
259 313
320 370
69 173
230 287
50 119
49 196
24 285
29 299
126 208
80 210
196 384
4 207
200 218
114 168
9 325
149 161
132 297
107 375
93 390
59 379
127 258
141 273
6 216
274 388
178 197
149 281
17 70
32 291
112 288
41 313
30 342
335 347
180 278
55 69
11 309
76 237
150 248
2 350
86 337
211 252
12 120
90 209
85 318
20 272
310 373
107 272
138 264
119 220
129 364
191 350
171 386
207 348
126 359
195 311
95 109
338 395
50 169
116 239
76 328
105 256
57 266
64 394
141 366
126 309
107 224
182 358
73 263
128 347
282 345
214 326
149 378
44 114
36 365
263 356
311 361
232 250
35 395
14 287
45 116
72 179
67 324
292 306
102 170
129 136
46 143
194 202
172 288
2 201
15 202
268 343
13 189
64 210
9 175
112 382
141 396
131 235
189 300
174 328
288 327
282 317
18 360
54 246
261 264
73 127
27 247
228 233
174 339
253 319
99 203
355 399
194 372
263 384
206 312
375 387
115 254
199 233
8 322
181 310
192 369
214 262
18 120
197 292
115 262
108 177
20 115
206 366
206 273
85 296
115 214
310 316
256 370
52 378
12 360
64 112
81 243
131 234
6 8
58 94
75 248
211 314
254 326
184 212
47 81
69 350
153 199
12 99
210 394
56 107
207 364
10 214
1 259
5 192
245 365
84 261
257 370
43 326
147 260
21 149
109 211
103 230
42 207
22 396
158 212
120 276
157 325
195 289
83 291
57 83
28 380
27 378
293 294
38 316
290 363
75 220
7 211
15 138
182 389
317 340
11 308
245 342
194 399
1 25
179 372
53 263
216 348
215 306
209 368
72 310
151 371
106 161
80 263
268 377
241 317
241 248
5 245
49 71
15 372
128 143
237 392
337 388
102 263
72 167
200 370
101 137
50 353
11 359
226 396
51 320
281 286
119 134
148 313
159 240
160 239
164 245
192 389
242 381
140 245
222 292
86 388
48 358
63 208
24 179
111 316
156 331
34 54
12 45
59 131
25 134
197 214
139 185
35 161
244 322
44 196
77 114
82 167
192 347
75 319
238 392
170 356
181 373
17 391
185 361
22 374
19 359
200 259
33 167
283 338
35 281
87 94
32 101
77 397
115 178
233 331
10 262
6 155
7 292
365 380
70 124
41 200
200 313
20 224
231 333
183 392
96 290
230 345
112 394
213 295
198 381
148 257
248 253
294 311
137 318
200 303
301 327
131 248
61 305
12 300
116 219
211 312
98 336
44 397
217 229
48 182
59 165
38 385
78 336
137 266
158 259
21 52
117 381
234 340
9 160
237 357
40 264
288 350
15 399
187 321
68 151
82 190
110 289
87 96
28 36
121 260
83 332
4 184
162 190
137 291
229 354
181 398
107 118
204 236
85 260
71 168
132 315
24 190
62 80
294 324
233 367
132 142
250 352
89 344
83 295
20 269
185 289
91 235
89 157
33 385
41 218
123 339
69 329
1 96
91 130
296 304
167 179
159 189
220 248
99 300
229 319
127 168
97 186
130 220
183 309
134 354
46 330
273 396
43 262
28 171
301 350
53 168
229 248
41 158
84 399
208 392
19 154
213 346
199 378
361 383
200 244
325 336
183 308
69 201
297 342
124 273
150 253
158 353
91 241
265 348
144 175
267 321
232 306
40 181
108 292
157 336
144 232
212 303
61 70
116 305
357 392
174 384
262 326
6 348
67 347
17 273
14 272
133 308
140 293
113 266
184 216
249 334
172 231
24 310
15 264
320 368
133 237
71 73
229 235
66 358
60 126
199 280
12 246
128 389
321 335
36 245
141 211
65 305
9 98
136 207
146 220
171 359
122 368
177 197
98 157
69 172
0 180
173 258
288 382
71 80
181 372
3 286
126 183
194 261
81 321
26 121
133 392
252 366
192 358
349 381
132 236
331 397
193 265
201 382
40 261
276 300
204 342
218 368
67 330
4 322
19 176
26 213
190 351
73 80
97 258
14 230
227 348
312 366
316 385
17 45
76 156
292 304
185 324
73 166
25 96
66 369
52 302
191 288
39 375
127 376
88 167
223 338
171 188
99 240
334 355
124 312
85 291
328 356
78 277
21 283
95 222
132 135
108 163
24 398
23 179
282 379
10 43
76 308
52 149
2 327
236 315
70 153
48 92
313 370
223 395
136 364
26 346
11 183
288 301
176 386
238 308
163 318
293 324
96 169
226 306
2 329
105 212
20 118
87 151
188 386
18 280
243 265
9 239
28 342
78 157
215 344
129 193
196 331
201 288
0 358
0 182
309 392
172 382
255 273
267 348
76 133
266 295
106 281
241 319
58 155
324 330
135 161
120 280
38 398
79 298
150 241
100 211
96 363
112 201
66 192
44 49
50 363
144 306
161 274
255 391
63 309
100 124
156 208
130 169
38 111
39 287
79 157
125 231
367 377
188 359
94 155
299 375
1 322
345 379
139 195
177 225
133 156
258 390
3 135
70 273
12 93
308 309
87 363
60 297
150 217
157 251
32 260
179 398
208 309
0 86
273 312
53 102
139 361
142 388
127 173
71 397
196 397
129 207
230 340
117 257
2 127
120 360
199 377
331 343
159 298
84 320
122 209
206 396
158 370
205 281
82 385
39 345
30 164
342 380
51 370
22 61
339 357
34 175
30 380
138 285
30 86
115 197
33 181
8 184
45 203
76 331
144 163
9 215
48 337
138 179
167 190
127 166
230 282
22 312
122 249
109 306
249 368
47 193
327 350
95 108
286 297
178 326
21 338
325 344
23 138
59 234
23 122
156 233
48 204
98 160
140 365
10 254
246 276
240 298
297 388
42 47
221 223
104 374
340 379
114 376
204 337
8 151
327 382
3 315
37 364
7 109
368 373
23 40
160 246
93 376
101 225
37 42
284 364
163 304
192 323
37 129
48 66
234 362
38 373
294 383
266 332
85 225
90 320
108 222
172 301
56 295
2 172
76 174
217 379
144 250
147 163
26 291
257 313
16 362
13 125
220 235
230 379
97 350
76 392
327 329
92 161
72 190
317 319
269 299
86 342
224 272
198 316
76 384
237 328
154 365
135 315
191 382
314 374
237 384
61 100
54 336
159 231
93 280
82 88
177 296
176 238
153 268
42 143
135 286
5 164
287 375
138 202
376 390
136 193
42 265
42 321
29 107
173 201
156 308
185 393
69 288
40 194
149 205
252 396
9 144
85 137
244 256
256 259
275 333
51 249
65 124
34 160
166 360
125 240
1 256
149 338
128 321
25 148
266 291
124 141
64 102
134 290
191 327
170 328
6 184
106 274
323 389
200 256
20 375
64 69
16 103
59 279
184 322
135 297
18 376
201 258
154 342
88 307
58 106
250 325
45 120
384 397
91 220
123 308
182 323
72 373
43 211
180 182
74 106
128 192
178 262
22 100
55 327
49 397
50 134
150 319
146 374
8 227
204 388
10 95
105 158
154 245
115 269
310 398
276 360
85 213
51 303
158 363
278 323
41 368
74
67
152
98
64
190
166
105
80
45
141
107
165
168
83
26
194
158
52
162
54
75
54
82
152
84
137
32
155
112
105
54
49
98
81
66
75
25
54
17
103
80
125
81
91
164
143
158
214
59
72
18
150
165
69
47
74
137
101
98
56
96
139
59
104
177
148
53
63
93
89
246
6
114
202
70
95
91
114
46
40
199
86
175
63
57
30
41
42
98
160
136
130
189
96
73
43
57
78
78
38
104
73
63
216
65
39
31
156
106
134
83
119
20
82
94
81
38
92
106
103
80
118
40
52
78
117
110
188
24
43
50
106
24
149
80
45
62
182
109
95
92
131
162
246
85
89
82
116
155
90
88
72
111
89
65
203
90
136
82
184
134
44
84
66
130
31
165
69
19
155
95
192
38
29
113
135
130
187
167
82
157
138
23
108
132
24
41
70
118
179
37
123
101
144
78
115
38
164
101
24
141
137
186
161
71
81
34
123
148
48
54
48
143
83
110
152
138
158
186
105
188
131
176
76
168
65
224
75
60
131
103
88
104
100
78
120
110
94
197
71
30
65
103
103
101
42
175
50
142
97
114
163
144
55
67
38
113
121
123
146
182
112
41
72
24
185
111
113
141
195
18
109
124
170
108
78
80
41
83
60
68
41
164
91
117
60
44
104
202
89
140
93
61
43
174
81
112
82
82
138
121
108
162
96
74
63
173
100
94
186
36
109
103
72
154
216
106
35
72
126
127
22
103
138
31
143
135
146
102
92
187
95
72
86
26
88
167
114
114
91
155
148
193
23
27
60
117
53
89
101
206
94
12
63
72
83
137
25
22
184
95
60
99
162
183
28
70
82
61
133
125
66
78
117
41
144
213
148
59
47
29
101
70
166
41
103
131
200
24
121
58
138
21
182
96
131
96
106
78
86
31
26
101
59
11
131
141
54
138
168
185
64
98
61
71
83
84
57
73
64
189
211
85
93
156
122
111
119
102
89
86
31
58
102
54
124
14
41
84
48
108
86
51
139
164
93
80
82
82
183
48
60
38
114
159
90
16
98
137
111
138
79
185
196
13
49
23
11
72
125
112
211
67
102
168
198
98
83
183
135
99
148
178
86
262
75
43
75
155
78
39
46
140
75
147
66
165
105
73
107
173
61
124
121
33
126
118
101
102
101
95
32
149
63
75
56
38
52
141
73
30
46
73
162
27
110
157
42
198
76
35
126
118
94
109
184
36
49
77
81
87
39
44
168
71
82
109
143
29
148
149
112
185
137
178
165
132
36
72
70
42
92
110
132
122
130
171
99
36
78
146
62
171
118
119
153
137
138
151
134
105
110
23
76
30
128
112
100
84
104
80
111
64
183
105
89
58
146
110
146
50
97
111
66
79
29
158
73
108
65
22
74
13
62
119
179
121
147
115
137
65
75
97
88
42
72
50
84
117
114
151
31
67
33
48
130
77
100
111
152
107
60
91
85
90
136
43
80
95
54
186
44
89
119
44
143
67
127
165
142
79
221
41
137
118
71
48
117
142
189
57
201
140
51
68
139
48
118
40
131
33
107
11
48
155
110
106
133
66
44
89
100
71
66
157
32
141
110
68
70
113
146
106
58
123
84
131
69
74
93
13
160
35
95
49
168
89
173
64
78
143
62
118
163
119
81
130
145
31
242
161
109
174
99
13
37
145
60
199
72
96
92
195
145
78
172
84
124
96
128
47
120
48
26
106
74
59
115
82
77
121
108
97
64
63
45
62
116
114
106
134
76
70
78
68
49
90
129
38
24
122
91
137
126
42
18
98
88
165
36
97
91
151
161
42
118
87
78
107
81
113
186
82
181
93
192
52
72
77
116
99
87
143
83
116
202
201
77
68
39
117
83
70
104
143
117
173
95
191
179
173
67
42
158
97
85
102
97
137
25
118
84
141
233
165
137
122
122
148
55
57
52
55
63
124
47
78
76
29
85
31
33
32
79
69
84
91
110
102
79
85
97
137
171
86
97
135
142
106
122
87
105
112
44
26
23
80
40
102
44
102
103
87
101
82
71
131
76
81
15
60
152
68
112
113
116
84
127
111
126
154
195
52
64
105
228
165
53
87
110
114
101
74
9
80
162
64
67
96
63
113
199
116
79
30
69
100
22
102
194
46
29
101
84
140
143
133
47
96
154
170
154
57
96
142
121
77
73
176
81
48
43
50
203
74
145
81
78
183
198
67
54
20
81
162
82
49
138
198
48
159
54
141
153
137
140
156
66
219
111
156
157
148
140
125
96
70
95
126
170
91
54
127
28
110
253
91
55
200
136
156
46
25
77
18
154
47
126
58
24
43
40
74
97
107
55
83
92
26
101
99
142
50
133
56
72
56
74
57
64
122
196
35
14
64
66
56
174
174
86
133
126
52
84
68
65
44
42
54
157
73
107
158
33
134
74
201
69
248
73
183
93
78
192
148
55
127
103
57
21
72
81
20
181
115
75
77
113
96
76
66
140
103
128
158
115
97
21
81
84
100
120
213
63
110
141
139
24
194
31
58
96
83
66
21
94
57
46
73
134
56
71
111
35
105
70
103
209
93
102
177
178
97
96
72
69
200
33
126
189
74
94
139
133
81
70
101
179
77
145
77
104
161
159
65
95
157
144
45
120
55
144
26
129
94
96
59
121
139
125
39
150
174
21
97
177
72
72
99
103
114
119
78
134
181
77
187
155
132
92
85
162
161
130
146
43
37
192
99
30
104
79
64
75
36
78
150
55
104
163
74
193
63
68
51
30
69
82
96
154
107
174
98
111
85
166
221
102
117
141
46
46
79
119
111
154
77
95
78
119
163
94
85
163
173
151
187
117
184
40
80
76
30
70
52
92
93
130
109
108
194
85
167
54
142
37
147
33
125
140
114
180
142
65
177
140
114
168
74
30
188
141
50
99
46
114
83
46
118
190
54
74
171
93
66
143
51
109
173
72
29
122
49
101
35
15
79
69
58
38
79
91
159
179
29
52
64
101
162
95
109
76
144
60
83
78
92
116
170
120
74
191
150
201
74
129
76
45
163
91
138
96
54
106
111
37
222
83
130
117
62
148
84
148
32
73
167
29
136
183
105
145
89
11
65
64
148
103
154
140
146
165
112
116
34
42
184
144
174
130
99
131
101
132
148
20
139
16
75
190
81
102
116
45
57
113
81
125
171
129
37
34
215
86
29
165
62
57
78
174
49
130
82
87
115
63
101
169
86
75
51
102
139
103
66
106
168
92
158
57
127
77
105
129
81
106
70
100
9
13
167
50
24
106
142
112
11
70
185
43
94
99
87
110
104
38
69
128
46
88
72
101
103
61
81
154
148
63
77
87
30
111
192
68
80
65
140
209
32
158
101
39
121
163
143
100
160
132
93
135
62
68
202
76
55
102
140
41
89
106
74
20
89
205
34
63
155
56
97
86
53
79
162
97
143
97
73
187
51
138
84
160
41
27
162
50
101
81
221
147
120
93
214
75
31
202
181
61
98
55
132
98
109
110
37
123
102
104
142
66
73
188
95
89
55
75
60
65
65
66
104
59
55
288
136
120
162
164
127
167
107
47
180
104
142
138
103
18
84
8
133
133
25
142
97
98
64
27
50
108
109
71
75
51
31
100
45
157
148
213
247
97
141
136
97
82
185
83
25
86
143
67
136
38
64
107
143
207
33
198
62
55
25
83
150
73
11
54
92
158
133
59
51
114
117
119
136
27
8
234
98
72
142
94
102
133
43
137
84
37
84
103
102
149
208
204
121
136
187
118
118
133
139
159
133
85
68
120
104
71
113
85
162
171
80
63
171
119
129
30
72
97
193
139
63
58
193
95
72
94
163
163
58
112
100
89
179
64
121
59
70
100
42
135
91
56
94
161
68
100
120
168
62
60
54
94
16
145
49
64
108
72
140
46
87
89
140
143
117
78
58
112
31
133
153
126
72
103
118
119
119
71
111
64
106
111
120
158
36
179
47
111
175
103
118
155
45
86
50
69
132
171
86
55
70
55
187
146
152
223
24
165
61
66
113
86
126
31
99
72
114
73
65
81
157
26
83
169
105
219
57
91
52
227
179
83
74
119
106
78
185
114
193
75
101
48
180
145
41
205
151
49
192
102
100
57
88
46
73
6
40
204
111
46
109
35
128
82
51
141
12
28
139
108
137
93
105
104
87
114
98
132
168
62
125
102
196
59
161
60
87
8
90
33
59
175
69
107
51
74
96
69
223
173
109
96
193
126
80
32
104
34
95
78
108
76
59
144
136
176
74
111
79
151
158
94
94
113
176
51
61
122
124
136
92
94
50
34
139
117
84
63
51
153
72
33
74
149
60
73
114
99
12
149
64
52
60
92
63
106
67
138
84
37
65
148
99
149
227
22
104
103
60
95
163
110
153
158
72
50
75
119
164
146
172
130
74
185
31
90
93
38
100
95
43
46
26
167
129
183
139
84
168
103
204
91
37
149
20
63
168
43
128
78
32
79
190
166
51
73
87
114
122
165
168
169
136
57
129
76
79
126
102
57
