595 732
152 110
614 223
20 531
449 304
293 187
441 295
716 497
544 380
463 34
414 20
6 410
178 202
500 62
634 507
520 371
135 169
315 217
733 136
148 126
153 22
712 540
594 168
245 144
634 413
143 177
610 125
755 234
112 107
70 192
439 629
699 300
196 185
686 72
497 9
470 554
560 613
524 433
496 90
109 254
186 14
540 602
737 449
523 169
770 255
416 749
351 213
89 178
10 358
118 744
627 159
261 551
181 42
59 681
777 400
216 182
427 656
46 433
749 335
735 304
318 228
11 694
573 658
232 356
738 20
196 395
199 62
393 336
413 401
230 72
346 707
468 275
273 532
672 622
447 580
275 257
251 234
224 683
268 446
787 506
255 246
742 487
574 484
59 7
675 608
568 251
245 153
192 435
530 249
256 582
171 316
404 750
233 5
486 405
393 661
699 130
736 204
478 695
2 542
400 778
772 549
754 123
362 104
705 261
369 346
196 684
329 754
603 7
258 665
49 695
698 153
428 16
716 225
792 775
484 661
360 726
542 610
240 641
172 112
498 116
794 254
761 410
526 570
127 346
270 17
573 634
783 254
201 458
687 408
301 796
59 506
637 680
238 693
363 241
513 633
728 447
545 715
201 776
698 753
195 36
228 366
345 231
789 676
682 360
718 48
586 638
382 239
646 740
152 559
601 325
180 29
565 753
6 440
5 388
524 581
330 732
333 220
112 261
576 571
448 741
228 435
609 635
380 556
401 536
445 435
54 766
311 629
339 521
60 595
547 669
361 580
345 629
31 515
441 554
268 201
194 333
182 603
48 673
479 185
257 330
186 163
163 478
179 431
530 207
153 235
507 284
571 39
677 56
646 795
276 740
28 71
261 535
417 136
790 180
565 89
308 437
309 779
763 169
503 494
606 692
229 462
354 296
517 40
435 246
139 647
149 525
657 105
342 321
240 511
364 280
281 350
17 0
314 587
281 492
274 232
594 20
305 392
57 273
284 677
453 422
258 276
110 168
264 563
767 461
798 347
340 631
123 690
7 457
310 733
630 796
237 559
495 53
624 456
741 55
630 57
530 442
278 24
563 777
791 415
71 146
688 501
560 18
340 564
8 65
505 381
93 134
593 345
203 233
522 212
701 583
69 537
297 752
461 331
77 337
103 373
659 175
79 70
180 211
592 660
338 624
46 798
78 457
33 127
1 477
690 775
528 425
364 287
578 143
716 143
257 161
82 55
550 704
608 557
519 382
396 235
214 421
756 463
673 39
768 30
27 545
35 547
106 397
226 17
227 352
747 650
5 212
719 780
441 84
250 784
82 438
307 342
371 678
423 769
704 607
281 758
9 402
538 293
765 199
358 109
131 741
149 677
766 237
14 732
328 577
587 471
462 583
120 550
473 624
279 426
695 558
226 160
415 389
130 298
41 166
354 156
667 50
346 78
607 651
564 131
398 200
720 733
287 354
573 104
652 257
602 684
218 597
240 581
614 118
588 396
183 380
553 68
284 365
354 358
195 84
271 292
630 680
446 494
712 710
397 23
527 186
67 655
732 190
387 79
446 291
98 658
733 33
469 609
357 462
336 329
582 45
13 721
250 498
638 655
673 313
262 731
345 7
100 226
783 158
422 104
571 146
677 780
253 168
207 415
371 315
621 707
12 99
611 135
770 8
473 479
155 146
145 792
242 458
182 438
86 727
789 721
781 494
655 402
485 564
211 110
206 245
254 587
766 646
388 401
368 731
109 443
786 138
151 229
419 399
343 269
648 677
463 459
250 58
153 5
585 484
552 551
612 58
468 52
112 216
430 120
772 148
4 185
133 201
320 389
99 106
207 348
0 188
171 242
22 26
117 380
100 249
166 380
16 397
69 378
311 332
184 397
85 296
22 267
214 220
37 235
320 337
46 146
41 122
51 222
75 76
135 276
281 289
81 121
72 212
52 92
115 251
36 116
256 365
62 125
100 293
185 248
308 371
72 208
81 240
80 220
25 386
35 377
180 310
11 57
152 172
170 212
68 219
144 206
188 237
24 246
125 169
78 216
69 333
207 363
36 41
165 299
233 345
61 302
16 245
3 280
76 334
166 212
92 282
54 128
74 305
139 333
35 336
67 348
249 381
55 86
29 262
110 255
91 383
78 308
145 352
183 339
247 257
266 348
176 306
267 366
9 358
64 345
128 143
156 388
189 294
154 158
147 364
224 238
164 390
9 13
87 362
101 193
108 354
51 380
9 231
19 333
56 97
27 59
139 282
248 296
130 384
60 80
38 202
104 363
55 257
52 69
246 273
277 345
69 236
60 75
71 185
167 347
33 64
31 353
217 397
288 294
127 160
93 390
170 259
198 390
15 265
40 333
307 346
3 98
19 180
138 264
229 237
96 399
14 304
87 371
189 196
65 127
105 117
53 204
79 81
108 117
112 301
125 145
114 169
12 310
63 140
26 50
209 274
274 388
99 115
68 382
104 387
67 363
38 194
284 381
163 173
315 395
132 354
24 128
38 396
81 375
65 160
156 214
370 373
65 275
137 288
236 282
131 258
49 226
189 218
23 310
155 189
284 374
337 381
235 304
95 268
232 240
51 208
161 272
10 342
76 247
226 373
66 378
141 209
40 69
112 323
107 277
179 334
119 178
87 160
274 319
35 154
60 141
134 169
55 76
316 342
223 238
93 387
155 354
152 289
126 297
189 228
20 40
207 332
36 62
102 192
38 119
27 126
117 176
211 256
102 298
115 292
317 352
98 263
18 197
65 87
97 159
42 240
20 150
39 386
36 161
44 126
202 330
219 273
91 115
125 161
175 329
96 110
318 330
297 399
379 386
12 32
51 325
170 225
95 206
23 86
51 230
280 306
261 281
239 245
217 253
68 347
6 363
322 359
340 344
187 345
23 180
157 217
316 338
104 311
362 371
27 112
94 171
191 213
47 397
194 395
22 255
72 89
109 165
47 313
110 197
73 309
98 279
41 145
335 352
8 149
176 230
207 290
154 377
286 360
104 332
201 332
7 135
262 313
290 334
46 60
62 271
6 203
21 100
58 121
179 210
166 303
212 242
258 324
8 273
32 86
166 259
162 303
37 304
46 388
165 350
321 331
284 337
264 320
39 47
326 380
278 367
89 325
73 284
81 223
123 175
305 346
77 354
58 143
81 276
195 371
80 174
196 294
272 393
57 263
55 180
122 158
85 323
101 110
190 243
135 238
132 228
38 358
121 375
206 366
265 273
54 276
162 173
248 339
200 351
35 346
102 398
341 357
43 318
85 248
349 395
162 212
37 390
154 305
228 294
109 373
57 152
16 257
312 386
146 156
198 336
193 297
72 213
5 76
130 306
239 365
189 354
40 139
91 292
160 182
68 104
244 252
47 245
202 231
157 356
100 309
222 325
182 384
131 161
358 396
164 387
88 185
40 66
219 390
36 272
126 301
15 246
6 71
11 153
45 159
135 223
250 279
65 182
147 229
127 371
89 230
84 309
210 290
110 206
3 263
203 209
0 229
145 169
1 66
147 337
302 350
28 239
7 100
140 362
67 387
36 154
35 74
55 361
283 329
231 241
115 228
106 228
218 259
108 132
175 283
346 377
118 369
237 271
92 139
78 371
325 326
4 363
141 319
14 158
49 344
293 381
30 97
113 374
197 399
62 169
103 323
35 173
168 306
76 361
142 381
92 391
193 301
77 218
50 366
239 243
114 116
11 227
52 66
67 207
129 294
105 132
61 177
188 360
171 212
142 320
9 338
127 200
146 209
98 172
129 251
340 373
150 392
84 249
174 214
73 293
84 389
50 359
111 342
53 340
118 333
146 201
36 145
60 133
104 382
286 374
122 394
180 257
193 341
24 143
166 225
93 235
205 306
94 383
226 300
102 358
16 221
23 174
200 308
187 315
41 125
31 58
87 127
164 336
42 128
222 230
7 375
152 153
196 354
282 333
53 302
187 206
140 175
255 366
107 215
91 106
37 164
33 234
25 257
244 265
180 369
85 185
128 376
120 301
147 360
22 339
263 280
114 307
3 152
39 397
269 310
19 118
71 203
62 136
124 282
37 244
149 296
42 375
83 256
358 398
243 365
345 367
235 244
209 363
13 119
169 258
231 330
112 126
199 324
141 146
37 219
171 259
113 142
115 383
0 364
70 225
259 303
34 111
82 198
152 261
15 328
130 263
57 295
35 122
70 155
204 344
238 276
255 268
143 353
335 389
0 136
38 231
14 393
219 311
232 393
133 274
67 266
92 236
20 66
101 385
67 332
337 360
267 322
51 191
333 391
164 219
106 251
27 297
212 225
194 215
170 303
200 371
106 196
278 345
142 337
187 234
78 160
46 133
93 273
194 366
124 139
297 385
174 269
136 271
203 319
43 267
128 276
202 241
125 324
169 271
318 327
138 147
16 25
229 264
268 385
77 132
241 349
35 163
292 383
273 328
49 165
228 354
3 172
63 283
19 245
104 201
121 238
70 228
113 264
98 250
78 195
215 330
73 249
140 275
22 327
49 373
170 171
181 384
48 295
82 304
314 319
103 353
15 273
5 17
265 390
130 261
239 262
185 343
118 378
80 247
25 180
137 294
109 350
166 218
26 194
294 354
47 221
127 205
122 154
61 165
178 203
86 310
147 199
89 191
27 301
105 108
27 44
197 357
135 376
12 247
324 364
80 334
177 350
49 370
28 245
15 235
97 292
344 373
111 231
141 156
208 371
131 324
1 28
53 226
144 367
18 341
178 183
53 177
41 62
222 380
36 394
191 212
184 386
44 59
197 297
102 316
66 282
56 74
66 150
30 173
194 327
337 374
93 265
205 250
145 258
75 179
322 327
172 227
6 252
201 207
33 345
42 54
147 320
127 181
130 250
44 103
51 326
212 380
94 259
168 344
64 187
192 398
83 270
7 42
372 384
30 134
211 243
58 353
199 258
191 326
7 276
145 324
27 341
199 364
96 268
60 174
283 331
161 317
66 333
53 373
192 342
78 127
39 157
320 374
38 330
152 295
25 369
50 318
215 395
281 329
15 93
87 329
87 200
122 377
149 328
84 352
329 372
151 199
255 323
117 326
221 239
81 100
212 259
184 247
58 224
172 261
208 222
123 312
176 300
130 227
154 346
332 382
43 248
219 336
29 47
36 122
64 277
62 145
266 363
24 376
104 266
275 372
28 369
74 173
85 88
18 95
96 103
109 226
125 258
221 245
96 126
117 132
178 192
131 199
266 274
210 331
29 356
21 79
141 274
210 216
36 258
163 167
159 383
299 373
111 287
179 331
275 329
210 321
92 150
231 396
23 361
47 369
86 361
101 278
194 267
87 181
7 223
42 121
209 348
9 10
163 170
46 319
267 339
109 302
96 297
188 264
259 291
284 320
62 134
207 209
51 351
136 237
11 289
0 271
60 214
56 346
101 144
87 372
247 379
167 170
194 330
29 313
221 397
140 283
66 69
137 370
120 193
21 293
206 234
101 399
3 227
42 223
204 226
157 184
70 171
190 256
136 169
26 327
21 240
73 389
96 341
52 139
220 334
153 295
5 86
266 388
287 338
202 349
287 342
47 356
131 352
197 385
254 329
158 394
16 47
363 388
7 79
39 312
69 282
327 395
117 325
129 228
330 349
208 351
78 351
234 327
57 153
67 68
304 393
137 299
14 232
78 275
63 329
132 294
43 359
34 396
107 186
4 67
243 256
140 329
322 395
268 399
123 253
84 284
331 348
251 288
199 352
250 261
206 277
124 355
16 369
5 60
63 179
245 313
54 121
56 291
62 324
223 375
350 373
73 352
298 358
109 299
65 329
277 367
41 394
161 335
56 307
104 290
68 93
44 112
3 250
267 318
192 298
163 242
323 353
216 308
141 388
208 213
188 229
246 296
338 342
22 318
181 205
129 189
33 315
225 242
45 99
274 343
16 180
364 389
78 200
138 320
67 311
138 337
64 144
107 395
8 37
140 210
121 128
310 378
356 397
95 255
105 354
256 270
185 296
34 241
59 126
195 347
177 340
89 117
227 263
81 309
11 295
342 398
8 296
199 335
4 252
211 270
89 166
28 221
221 356
160 275
51 72
127 351
227 295
298 342
235 393
254 312
5 174
73 161
65 140
0 324
26 359
284 293
40 392
140 179
25 47
351 371
264 364
68 164
171 303
4 343
57 281
25 221
160 362
147 286
13 38
184 356
300 344
48 153
18 399
71 274
50 206
144 187
168 280
192 314
10 396
300 373
31 143
155 196
289 384
87 182
215 234
106 115
57 289
40 150
54 135
32 257
60 388
219 387
279 280
130 280
3 279
114 134
43 178
342 358
53 350
122 134
53 344
8 328
179 290
69 150
32 310
90 283
116 145
17 156
233 367
77 300
181 372
184 257
199 389
79 276
321 348
83 190
114 346
70 291
176 204
5 156
267 359
93 244
201 209
7 14
104 207
239 256
76 220
221 313
12 397
299 300
103 112
121 276
249 309
13 34
97 134
176 205
72 380
221 369
131 389
281 384
214 247
42 79
101 268
22 366
4 71
151 364
75 80
254 289
155 228
60 146
218 354
168 340
26 366
340 350
43 322
77 108
311 382
16 386
31 59
72 167
217 312
247 386
138 360
168 177
21 81
133 363
157 253
219 382
130 172
77 117
133 146
69 139
263 279
29 221
26 255
55 174
161 324
70 383
191 222
104 348
12 379
190 211
257 386
240 309
286 337
26 322
230 326
386 397
138 229
5 214
73 84
342 355
298 316
93 164
23 55
76 174
91 159
63 331
192 287
341 399
262 285
352 364
164 311
297 357
95 341
311 387
1 118
258 364
316 358
25 32
82 393
33 277
164 382
236 391
63 65
182 372
192 319
228 251
191 230
198 368
88 183
139 392
267 327
8 93
70 218
2 323
194 322
245 270
165 370
80 214
9 396
193 385
146 319
29 285
18 101
72 230
318 366
209 266
96 112
170 242
76 379
285 313
120 297
131 364
139 378
275 362
260 302
15 37
44 297
37 328
31 112
158 272
71 343
263 295
62 116
173 346
210 334
2 85
121 224
269 378
320 360
225 303
194 202
84 293
32 361
172 279
96 301
217 356
174 361
7 81
144 233
44 58
127 208
213 371
162 167
228 383
327 366
21 309
235 265
290 331
39 217
117 218
115 291
132 189
56 114
17 60
13 231
245 256
11 152
30 74
1 369
318 322
157 386
146 274
74 163
230 325
161 258
43 183
272 394
165 260
313 365
251 354
256 262
177 302
84 161
232 304
195 331
11 48
0 237
143 149
240 276
393 394
195 213
42 276
75 174
222 303
88 178
187 395
133 266
52 282
13 396
330 395
201 363
175 179
199 271
14 82
282 391
112 297
170 173
146 388
290 332
65 175
98 227
257 379
176 380
45 383
148 230
374 381
82 394
204 300
181 182
226 299
182 362
232 376
40 92
348 363
310 361
139 391
67 382
368 390
258 317
308 331
163 336
53 61
332 363
210 283
42 238
146 266
318 339
70 94
67 201
301 341
5 314
20 270
46 156
85 183
206 327
297 301
50 327
133 156
101 197
206 315
127 182
154 307
167 242
132 218
99 383
21 375
116 125
190 262
105 299
31 44
41 154
116 394
22 359
245 262
145 317
260 370
98 280
8 15
154 394
5 361
207 388
385 399
28 190
106 155
193 357
234 277
174 310
66 392
231 287
144 345
127 362
356 386
9 111
87 275
74 377
34 231
119 398
64 367
233 315
201 266
261 263
215 349
48 253
58 59
13 202
197 301
134 346
27 120
189 251
39 184
32 269
258 335
123 281
253 254
8 244
251 294
47 262
157 312
129 196
90 329
121 223
10 34
72 191
41 116
271 324
135 240
227 289
38 287
168 250
62 258
235 273
0 131
287 358
18 385
148 205
242 259
276 375
43 119
200 208
124 236
14 272
136 151
37 368
8 235
133 141
151 271
180 378
315 345
190 365
201 348
34 186
191 351
10 111
324 389
212 222
162 170
190 270
248 359
177 344
75 334
46 314
129 155
73 131
241 330
219 244
29 239
27 103
183 248
65 123
65 372
12 386
328 376
245 369
36 169
54 223
62 199
216 290
16 19
70 91
19 369
85 339
3 168
113 320
119 318
23 269
20 52
9 202
57 130
98 130
128 135
178 339
51 213
339 359
45 91
253 312
105 204
91 99
177 226
11 261
140 331
239 313
94 291
264 360
200 372
49 53
202 396
194 318
1 333
72 351
123 254
67 343
72 326
62 317
32 55
59 224
196 288
106 129
99 159
45 70
148 306
53 109
133 388
347 382
57 384
107 234
65 283
54 224
200 213
146 203
241 395
164 368
228 288
45 292
122 346
63 90
95 101
184 379
100 223
37 393
9 38
179 321
190 239
300 340
186 194
122 305
116 154
138 364
26 318
199 317
27 193
89 380
193 197
47 239
188 286
125 158
179 220
32 180
43 339
222 326
127 275
324 335
290 363
161 352
2 255
106 354
23 378
318 359
290 348
38 398
249 284
225 259
95 110
21 84
102 342
92 124
130 279
37 93
125 134
33 233
18 110
30 305
151 237
30 114
269 361
220 247
207 321
9 34
206 395
153 227
19 28
95 197
88 296
9 287
246 328
24 328
111 338
7 309
10 338
159 292
197 268
96 193
86 269
94 225
52 392
242 303
25 397
108 166
220 379
210 348
83 243
19 221
36 125
49 260
179 283
96 357
17 214
24 304
40 282
298 398
40 52
48 152
230 380
264 337
32 369
70 115
157 397
214 334
166 242
109 340
208 230
182 329
77 105
61 373
89 212
182 275
171 291
107 241
6 67
43 88
209 388
51 212
6 343
317 324
128 232
105 226
135 375
37 265
181 200
290 321
67 252
317 335
133 319
116 158
377 394
325 380
100 375
0 199
186 395
19 25
35 198
329 362
147 264
250 280
187 233
75 214
151 229
49 300
357 385
286 320
125 317
52 333
94 115
216 332
89 222
82 232
150 333
49 299
194 359
83 211
90 312
200 275
78 213
49 109
13 287
234 395
261 289
298 314
215 241
134 307
189 288
71 296
15 252
12 180
12 16
291 383
53 165
5 46
88 339
261 384
70 251
235 368
89 326
115 155
155 291
69 391
140 321
254 384
327 359
17 46
6 185
153 253
173 305
148 176
28 118
112 341
51 89
176 325
48 57
164 244
293 309
99 292
203 274
55 269
116 122
183 185
119 231
120 126
186 234
234 315
127 372
33 144
213 347
200 362
106 294
15 296
70 106
360 364
197 341
30 346
37 198
297 341
192 358
216 321
191 380
86 174
30 307
31 103
20 139
111 355
148 204
186 202
37 273
348 388
61 340
64 233
57 227
32 379
28 270
10 287
17 75
74 346
130 289
258 352
182 200
57 261
56 94
183 359
173 377
66 118
250 306
240 249
152 227
357 399
171 225
225 291
18 96
105 300
71 252
71 88
148 181
186 349
336 390
176 326
322 349
7 21
131 147
167 303
147 335
4 203
277 315
97 114
134 154
120 224
22 50
108 218
287 398
106 189
260 373
10 355
17 388
32 247
232 328
65 362
173 336
160 371
172 250
33 278
11 263
119 396
12 25
150 282
101 233
55 310
262 365
33 187
106 383
265 328
317 389
218 294
177 373
198 265
187 277
149 246
37 82
24 232
76 214
25 184
332 348
55 247
50 255
85 149
68 387
26 206
324 352
12 257
80 379
142 284
123 329
15 244
277 395
293 352
17 133
44 120
198 235
76 80
119 287
156 314
29 397
16 118
288 354
243 262
59 103
63 210
147 188
236 355
121 135
66 391
62 161
30 56
29 39
194 349
322 366
203 343
44 96
195 308
101 357
314 316
39 356
16 29
244 273
68 311
138 188
268 341
178 248
107 349
201 388
162 163
66 139
337 389
316 355
129 288
336 368
0 147
33 206
79 375
36 134
253 281
81 135
8 246
160 308
167 213
142 374
111 396
166 170
83 392
194 241
50 267
82 235
69 124
113 286
34 202
12 55
28 256
223 276
54 238
42 81
63 175
86 180
136 199
212 303
238 375
172 280
60 156
1 378
165 302
110 341
287 396
12 184
219 368
335 364
131 317
88 248
103 301
299 370
362 372
133 209
0 151
42 135
185 252
287 298
149 353
234 349
322 330
74 307
133 203
175 312
144 278
2 50
40 124
22 183
131 335
227 261
74 162
20 282
27 197
66 92
45 115
90 175
216 331
155 294
46 141
1 16
333 378
260 350
30 94
31 323
252 343
160 372
139 150
86 378
305 307
155 383
226 340
108 189
93 219
14 309
3 130
186 330
61 350
195 216
275 371
56 159
218 228
118 180
191 208
264 286
59 353
17 174
97 136
77 189
72 222
96 197
21 249
27 96
155 251
41 158
204 340
193 399
359 366
7 240
289 295
29 245
12 369
184 312
67 104
196 251
124 391
52 150
207 266
213 351
14 240
16 239
57 254
143 376
0 335
18 268
61 109
233 278
196 228
29 157
59 143
338 396
186 241
33 95
160 200
4 6
109 344
17 141
172 263
148 325
144 315
338 355
46 274
246 376
352 389
144 277
382 387
145 161
302 373
141 266
98 168
165 373
79 100
307 377
186 215
26 267
13 330
137 354
1 19
102 287
161 199
54 58
35 305
109 177
1 245
102 314
2 22
20 83
41 377
22 43
13 194
243 270
18 357
90 123
249 293
63 321
75 220
47 285
8 265
5 269
305 377
226 344
218 225
44 301
168 279
36 158
20 392
166 171
138 286
152 263
41 134
230 351
113 138
235 390
254 281
64 278
217 285
162 242
79 223
110 268
116 134
229 360
98
131
261
100
19
90
156
92
113
142
208
132
88
94
128
110
82
57
27
62
95
83
16
74
48
77
151
140
64
82
34
209
27
235
110
88
68
109
52
90
41
52
75
122
55
58
92
138
139
81
117
46
35
29
203
44
77
113
64
144
108
27
210
40
102
185
162
226
42
143
113
88
37
59
37
73
139
201
59
166
15
78
134
54
66
65
198
36
62
45
147
104
70
111
160
64
187
48
240
195
142
154
56
74
93
172
88
99
67
48
142
122
64
186
45
88
113
112
72
132
71
33
24
96
33
123
121
101
102
54
72
123
183
94
38
131
25
129
167
30
40
156
140
116
73
175
38
141
54
77
110
79
152
104
67
112
66
122
70
113
65
87
114
108
50
99
235
129
138
63
163
108
187
82
89
150
60
77
76
80
206
73
211
70
59
141
31
123
153
120
78
161
79
200
114
45
59
82
113
104
51
72
192
113
14
184
70
169
62
46
130
117
55
100
101
18
137
142
122
91
81
148
85
119
161
37
135
123
85
21
65
157
186
26
105
96
206
81
72
114
64
69
173
87
98
56
145
68
130
166
95
107
110
49
171
147
30
70
50
227
205
123
82
64
33
141
152
59
78
64
87
55
142
106
42
116
52
76
49
75
35
121
122
148
115
16
127
141
191
39
56
81
116
41
95
39
136
194
38
166
70
38
194
181
90
55
243
111
41
142
213
78
103
142
131
118
124
29
115
109
118
72
131
115
70
176
148
149
99
135
59
82
84
93
119
86
72
140
198
182
17
40
32
123
81
189
78
71
78
140
170
205
130
172
102
47
114
53
179
68
111
61
44
83
53
82
48
69
67
72
158
43
158
128
100
147
113
123
158
15
169
228
78
130
94
98
75
89
123
84
66
188
41
80
72
112
176
91
75
69
210
129
121
244
141
229
116
61
80
113
32
151
130
67
136
167
177
49
293
120
56
28
72
87
122
75
42
82
175
201
77
75
111
124
220
72
49
73
82
177
78
176
60
89
140
66
59
88
133
73
75
76
144
61
94
82
220
31
65
44
98
148
33
75
62
64
60
80
75
78
98
155
131
194
145
55
120
30
132
84
100
82
150
39
83
33
92
102
191
106
103
186
54
38
36
60
164
129
111
155
82
171
39
59
126
66
75
137
71
153
206
10
72
193
19
178
19
60
128
99
131
208
127
202
126
61
101
87
100
84
167
109
29
131
79
59
57
139
74
104
125
64
105
66
155
83
20
84
38
80
103
93
151
87
25
83
93
120
100
121
67
79
182
83
153
61
20
78
71
94
119
62
47
101
124
17
158
98
46
101
89
190
135
124
82
52
16
65
148
53
68
303
191
104
172
81
67
156
61
79
174
46
37
132
87
28
93
81
140
56
178
94
115
75
88
45
163
174
56
31
151
20
95
125
59
170
67
13
183
39
62
211
53
49
85
123
91
43
124
256
84
133
40
64
93
47
155
167
138
109
37
155
40
74
114
11
105
72
81
99
187
38
176
78
91
104
168
48
87
44
161
47
69
163
148
119
76
79
135
100
107
193
109
106
56
111
79
109
207
123
142
42
112
79
85
114
53
114
160
122
22
40
61
119
193
13
164
135
81
49
152
105
80
93
71
61
67
171
77
102
218
135
145
45
152
74
97
134
160
78
140
154
89
171
123
105
105
36
159
109
59
76
67
69
42
88
62
52
79
166
166
48
95
177
101
116
35
64
25
60
143
128
130
71
102
151
72
171
51
102
16
146
59
33
170
43
272
98
151
97
112
107
77
62
116
131
145
43
133
135
179
185
78
55
187
109
110
73
160
177
22
29
107
68
66
108
37
99
95
149
98
84
92
162
47
65
75
146
141
72
15
72
68
17
23
51
25
168
62
145
142
103
135
27
112
191
70
100
87
194
127
119
150
112
125
69
26
59
186
166
73
14
144
139
93
56
217
131
120
71
174
156
76
75
58
79
141
103
85
142
230
136
156
73
143
61
119
38
106
110
104
201
135
123
203
40
204
117
106
92
154
116
75
146
26
70
187
173
72
39
46
36
117
70
86
113
62
40
78
50
184
100
89
114
34
103
53
91
75
98
118
137
127
46
159
152
23
85
177
142
85
40
83
37
162
25
131
215
70
58
233
177
108
153
54
54
71
98
108
73
140
59
180
106
66
108
117
98
114
131
109
100
61
126
35
74
47
85
185
54
157
103
37
123
204
185
78
65
77
105
148
99
122
61
31
123
97
60
21
151
35
50
81
18
72
20
40
53
54
75
192
120
123
110
142
43
177
75
41
112
173
124
87
131
155
139
142
94
96
75
70
13
57
28
108
109
125
68
161
118
120
68
120
32
118
199
105
108
137
24
52
98
76
75
95
100
214
53
154
47
75
62
64
15
100
159
94
61
140
69
197
156
65
89
114
92
165
110
193
77
73
26
63
177
107
179
135
117
69
80
94
109
86
66
65
132
64
27
59
136
100
37
112
54
72
120
88
68
54
57
165
105
162
148
124
128
12
27
123
174
90
33
37
172
118
112
16
177
54
66
97
47
103
90
119
199
83
47
210
273
25
23
124
108
68
63
74
128
17
69
35
71
129
102
84
206
14
134
139
90
165
202
42
76
188
111
135
111
89
146
90
71
100
107
46
141
75
51
140
104
54
56
119
194
81
93
160
45
57
33
57
119
141
128
93
78
11
29
154
81
119
52
38
88
43
157
63
55
64
108
82
150
102
195
174
192
49
146
141
130
152
203
188
75
56
123
128
193
111
46
64
92
83
60
136
158
129
49
90
250
96
51
184
214
80
212
127
251
124
154
39
98
83
62
100
102
39
68
65
144
51
27
178
172
70
94
131
113
145
185
166
92
139
152
215
41
166
45
109
65
69
50
167
53
188
62
84
130
227
78
100
180
181
26
119
86
168
34
119
90
74
78
56
55
50
221
45
36
121
163
209
163
47
126
135
49
50
68
66
137
100
108
32
99
66
180
86
34
165
139
49
30
90
90
46
128
47
107
49
154
108
25
123
114
115
33
10
62
160
192
72
148
36
79
166
31
158
34
122
100
109
94
31
152
69
133
115
25
56
121
160
49
79
220
103
25
139
104
80
148
148
149
52
75
206
182
67
88
50
161
23
152
76
98
101
105
154
88
83
104
86
170
56
211
150
106
80
58
65
62
94
179
119
88
118
164
22
85
110
65
114
166
144
100
76
27
140
99
95
66
117
70
96
119
168
70
49
90
101
88
123
167
55
35
84
158
164
157
86
61
175
78
197
52
151
26
187
136
79
56
121
197
78
56
225
108
140
75
74
198
90
104
159
6
66
106
181
95
105
63
20
46
71
55
139
56
124
213
78
44
80
124
197
17
31
141
93
68
101
54
111
134
75
152
49
117
24
200
82
98
72
207
82
223
76
155
108
60
47
187
43
104
97
69
29
80
94
47
146
93
70
155
86
127
53
210
63
157
56
196
119
173
55
216
77
168
115
57
76
69
118
79
54
138
62
195
77
63
107
93
156
236
32
113
9
53
122
203
179
12
165
27
117
67
157
112
184
46
154
55
46
106
73
71
110
86
75
31
106
131
47
61
81
104
153
168
60
109
125
13
136
91
123
106
102
111
182
23
50
60
46
122
88
163
84
90
114
128
170
89
72
39
137
83
35
81
110
27
115
204
121
66
162
108
73
96
65
65
47
98
131
214
141
44
104
61
72
140
114
33
182
104
49
89
129
65
85
190
82
213
44
66
129
92
53
108
139
82
58
91
103
165
266
153
53
162
183
48
100
132
139
138
165
72
84
59
144
73
70
161
79
144
150
138
30
31
11
156
75
76
109
115
231
27
51
172
165
61
140
121
138
128
17
58
75
139
88
81
95
100
229
95
147
81
150
38
139
51
63
275
93
144
76
133
126
33
50
36
116
188
110
94
170
129
18
55
138
130
52
166
84
60
39
206
13
85
94
24
63
77
194
23
177
111
140
36
131
29
124
93
139
111
96
178
112
112
115
197
102
142
129
75
199
88
93
88
166
46
99
90
75
105
17
12
117
87
130
80
60
44
50
205
98
100
79
145
123
21
107
142
80
60
67
195
75
93
121
158
193
147
77
163
186
75
127
98
14
26
109
86
160
188
40
202
79
35
136
67
58
65
68
106
79
73
86
109
93
62
93
48
14
90
102
209
63
52
69
86
203
91
91
214
109
19
110
79
135
172
99
117
55
69
157
34
100
61
122
95
135
85
74
35
58
65
63
88
171
45
157
98
49
50
100
92
110
149
73
95
67
64
103
96
155
86
52
124
50
66
143
183
54
63
77
210
142
76
167
32
55
46
21
85
44
80
128
177
86
120
43
58
108
125
190
177
158
36
94
62
17
116
53
140
168
148
101
138
172
47
107
37
48
214
102
109
121
59
112
40
54
138
142
22
217
136
91
54
25
163
157
111
190
189
175
210
166
123
124
40
93
36
104
120
87
65
49
106
21
168
90
24
71
57
84
112
169
207
188
61
88
157
70
114
48
68
106
