780 799
78 315
324 4
286 699
570 558
263 515
662 415
396 247
368 476
467 326
507 676
217 799
612 231
434 613
167 779
258 659
657 672
275 37
56 81
269 78
75 416
371 5
8 276
713 640
386 537
490 260
595 652
226 505
133 197
408 335
723 184
761 607
581 610
199 745
669 406
609 21
433 600
282 517
705 794
201 476
160 712
636 517
314 610
334 372
451 70
453 182
558 532
310 342
621 277
750 727
108 780
242 70
253 499
542 513
259 20
469 731
759 324
69 463
58 565
668 294
658 429
416 84
94 108
266 279
629 372
721 232
597 562
609 580
192 570
676 301
616 16
393 204
396 459
59 730
547 518
175 771
26 50
457 364
582 318
50 754
34 277
405 668
512 192
0 640
143 617
795 571
388 354
511 208
256 651
731 428
194 542
249 208
710 79
16 697
501 444
2 564
616 8
148 396
554 166
92 344
184 690
595 580
759 214
163 471
526 375
625 562
414 326
481 597
253 437
645 18
561 539
594 734
702 5
440 37
576 342
321 18
235 456
541 423
96 768
543 641
350 450
23 451
167 118
709 222
782 504
500 171
353 712
479 251
419 324
252 725
63 691
720 281
469 174
506 626
5 695
786 510
712 206
145 664
632 608
173 693
546 251
183 526
71 588
1 443
488 732
16 158
453 429
210 110
322 83
73 445
646 23
792 527
56 785
30 205
320 432
112 761
38 627
6 26
412 305
234 736
791 310
177 339
520 488
491 195
572 166
494 375
654 12
116 753
429 549
153 616
619 308
292 342
483 76
75 628
712 20
108 463
383 477
698 144
364 688
363 113
764 325
460 555
29 210
316 292
633 570
194 732
714 348
600 171
631 88
580 17
639 440
798 245
118 537
503 30
794 738
642 172
337 470
225 778
521 267
696 449
366 43
680 730
330 650
106 243
691 763
170 410
786 118
711 687
477 773
225 669
695 659
691 482
472 333
447 528
257 265
387 123
709 84
704 549
201 397
107 655
761 481
61 259
186 107
296 11
709 731
393 635
499 606
440 454
47 761
509 393
558 498
336 4
159 604
386 373
171 225
246 239
191 624
634 47
132 354
590 764
392 192
20 657
247 163
649 651
298 430
143 593
731 327
665 274
703 786
320 695
435 71
304 140
315 594
615 376
208 17
345 392
245 283
565 458
542 785
440 590
158 270
555 720
704 268
734 389
213 738
427 380
670 554
328 766
380 537
598 279
560 561
757 242
394 153
224 764
139 735
358 32
98 548
276 626
536 350
436 400
753 57
550 263
502 379
183 246
673 387
222 230
687 568
394 378
605 612
526 67
681 636
257 125
24 193
253 641
90 268
541 616
403 522
573 611
160 203
568 588
166 64
60 170
590 125
118 70
696 260
347 159
263 649
92 779
731 523
683 481
547 659
244 228
677 363
281 501
410 64
779 426
72 207
92 573
590 286
762 286
108 477
662 670
782 636
309 432
729 646
119 5
379 295
504 280
654 250
454 4
77 752
232 440
272 266
133 220
735 115
346 412
296 640
744 192
659 183
416 727
618 762
369 570
5 78
311 270
135 727
310 98
53 452
695 178
253 304
666 238
702 739
572 128
123 122
570 649
438 518
497 532
417 232
446 319
276 583
777 329
512 313
527 302
594 468
682 690
2 97
62 499
302 699
15 569
48 501
203 715
779 221
443 363
334 378
299 413
378 38
287 468
372 629
176 558
185 736
714 147
517 713
591 352
156 226
91 558
395 74
748 413
395 137
411 172
427 683
553 650
663 792
475 752
492 637
58 449
145 492
106 79
359 341
556 681
180 787
748 457
196 335
201 248
26 321
44 374
25 87
175 393
149 393
23 210
61 275
272 387
151 399
240 305
74 162
94 229
234 298
129 273
47 255
169 245
40 167
178 376
191 370
108 313
10 397
57 346
4 110
324 363
54 231
235 242
26 297
303 395
213 355
290 363
140 281
174 237
108 375
188 237
230 257
116 375
250 384
142 367
82 132
295 392
46 66
92 334
13 225
108 373
81 376
3 249
188 195
293 306
49 204
35 70
63 256
28 203
184 286
304 349
77 212
68 245
233 335
127 356
235 332
203 382
178 339
52 313
278 361
58 95
106 128
320 368
368 393
277 336
93 241
91 311
64 381
101 138
339 388
9 282
150 237
124 308
144 258
136 304
157 364
135 151
100 236
32 138
220 399
111 397
128 158
33 75
39 141
136 349
186 359
265 287
231 374
225 341
122 395
72 335
82 140
24 181
193 289
1 22
62 122
7 387
104 360
152 307
9 360
215 250
234 382
314 386
87 281
87 125
98 125
137 236
90 232
17 223
66 299
150 188
99 294
252 341
90 377
60 211
68 90
295 310
27 116
207 363
342 395
93 134
216 379
120 154
105 288
86 158
44 314
205 238
87 127
94 257
66 105
207 324
78 281
29 371
30 337
311 332
316 333
31 324
77 282
35 112
4 230
53 270
79 228
273 369
17 231
48 78
49 194
119 133
165 282
120 244
133 226
73 228
261 353
63 348
141 192
153 203
320 365
16 26
10 133
233 371
203 294
77 146
73 330
88 209
160 319
21 115
374 384
208 258
58 173
263 359
120 373
132 272
66 184
306 336
276 368
15 293
217 308
218 331
203 298
295 397
110 230
236 293
8 296
365 383
45 82
199 211
255 287
252 336
29 357
184 266
87 132
240 387
41 67
138 184
168 213
11 14
175 368
43 86
212 282
15 277
72 296
80 316
187 351
112 216
206 216
211 309
261 380
190 253
38 248
148 275
120 323
201 363
49 363
127 198
5 37
70 96
130 330
167 274
180 263
252 306
113 374
26 288
155 307
57 365
46 162
91 291
186 385
89 263
3 129
13 181
18 62
215 387
376 388
139 344
209 306
159 197
197 264
136 338
75 344
226 392
38 350
63 91
71 386
148 231
179 251
273 378
61 386
82 125
62 342
58 142
168 268
276 317
16 290
310 380
57 393
68 169
202 306
83 95
17 51
131 247
42 376
261 310
276 394
4 74
10 310
113 172
101 270
45 127
318 361
127 327
111 340
50 228
135 220
26 397
52 116
97 238
67 266
42 202
13 392
260 298
61 250
274 344
201 204
143 346
79 118
79 152
121 346
119 226
130 156
255 396
33 40
50 118
380 391
245 317
40 137
131 271
149 346
225 388
80 153
275 314
105 286
32 101
45 132
87 98
136 379
166 174
46 355
101 184
267 366
317 383
207 350
79 93
60 64
45 163
58 365
57 143
114 269
266 286
187 338
15 336
262 304
98 132
6 199
200 250
18 157
174 216
111 380
112 237
244 335
89 315
181 259
28 333
32 66
43 154
114 170
130 219
58 192
202 376
217 266
225 376
0 194
108 244
232 377
373 375
53 162
157 395
49 224
9 25
249 336
3 126
80 292
14 155
44 61
103 394
164 302
120 335
263 284
173 317
28 352
18 301
69 246
69 170
117 229
74 355
65 136
30 379
122 300
221 292
25 327
167 307
277 358
171 332
69 304
113 200
59 262
67 297
205 218
167 330
263 399
49 207
332 348
20 393
142 245
244 373
4 53
67 101
36 259
180 319
3 15
301 395
87 164
119 295
201 210
183 214
305 387
43 372
103 205
9 165
148 305
36 181
248 390
52 375
48 247
334 347
51 222
212 278
141 394
69 262
115 275
210 224
29 128
111 261
125 163
5 39
85 124
211 399
323 373
38 204
68 84
59 69
124 220
181 226
162 355
65 370
365 368
70 166
120 176
117 257
215 305
154 255
76 303
177 216
210 324
306 358
203 221
298 382
30 136
13 226
9 357
52 141
5 27
76 364
138 290
235 283
20 175
128 212
338 379
45 125
26 389
62 301
144 208
107 295
129 369
186 263
125 132
77 165
393 394
208 380
141 377
255 373
234 283
221 333
43 233
368 383
233 396
276 365
113 193
43 373
164 195
71 387
92 188
15 366
296 354
23 363
148 384
119 397
27 39
253 312
43 47
64 312
86 279
149 175
102 191
63 171
54 223
133 295
209 236
279 287
107 355
42 341
24 213
103 116
17 54
144 339
159 378
28 382
18 342
182 301
193 329
24 268
26 243
76 342
39 90
173 383
260 285
190 211
262 349
136 337
116 205
169 317
35 189
67 105
14 185
356 387
3 366
14 378
48 328
203 316
36 168
106 233
13 81
192 317
86 396
209 369
243 321
7 158
156 367
337 370
119 389
252 358
27 313
2 17
215 240
234 333
286 308
74 230
22 182
170 269
123 177
372 396
102 123
340 390
347 349
270 297
148 374
239 390
120 196
269 328
4 67
77 265
53 110
152 330
305 345
33 273
256 285
301 364
15 209
199 284
61 384
33 264
209 277
295 299
114 278
41 105
13 376
36 213
12 328
55 339
64 284
181 354
125 127
70 150
153 292
100 137
295 353
61 172
31 151
74 257
104 282
60 190
155 274
119 310
210 321
65 304
37 52
196 373
173 219
82 87
268 296
270 295
101 288
204 224
284 312
73 130
179 272
89 211
6 190
25 360
123 337
166 189
214 332
24 168
4 184
180 359
23 31
124 151
244 255
189 289
182 316
179 215
71 272
13 36
278 360
86 371
69 131
228 307
60 199
50 152
202 249
232 236
26 138
154 375
320 394
179 386
185 197
121 365
79 130
12 140
135 315
10 55
107 259
293 336
122 352
147 300
61 374
139 185
75 264
56 180
212 357
7 240
251 345
171 348
148 179
62 364
177 334
330 344
305 386
234 311
246 359
176 227
10 392
34 60
14 197
228 330
12 195
168 181
320 393
44 113
77 128
384 386
66 74
62 352
380 397
274 378
65 337
68 232
72 120
9 29
18 395
73 79
16 321
283 298
222 395
212 371
101 299
129 209
215 386
186 312
124 217
36 376
61 272
27 141
107 226
136 271
147 242
380 389
145 342
81 178
17 275
27 103
160 271
100 209
81 388
249 306
138 288
253 284
54 300
2 21
91 242
192 383
32 297
36 392
97 218
20 121
256 283
96 237
211 220
244 375
2 148
137 232
201 207
200 314
188 351
19 291
182 294
80 182
353 389
297 389
306 366
92 150
178 225
67 138
332 343
163 198
93 228
250 374
42 277
95 367
162 257
199 309
68 141
247 262
294 316
185 264
1 99
64 170
26 353
39 331
222 303
147 222
143 149
229 282
104 117
146 227
18 303
120 375
242 311
55 380
3 159
255 323
210 363
302 351
114 381
239 261
183 256
269 281
72 176
106 287
77 371
153 221
27 37
40 100
19 223
92 237
304 328
145 364
287 335
258 380
43 255
203 234
265 371
360 361
41 266
23 322
68 377
66 297
170 253
314 329
319 359
87 198
199 263
36 226
27 375
70 109
77 279
13 259
331 375
55 391
28 122
128 233
40 274
179 345
9 128
344 378
84 377
143 393
25 127
323 335
0 49
182 292
50 307
321 363
157 342
16 243
88 293
49 350
84 232
198 318
142 192
70 112
48 318
197 273
20 97
107 181
98 302
33 369
50 155
69 186
3 202
95 368
154 323
62 303
66 270
59 131
3 336
56 186
39 205
4 270
71 240
142 276
124 399
203 333
25 163
186 284
66 101
251 291
118 307
82 164
301 316
43 335
45 356
224 321
179 314
80 203
19 345
276 383
339 391
122 298
212 327
82 98
58 368
66 110
2 231
82 127
346 368
246 263
138 286
30 65
4 101
94 282
172 193
198 361
172 250
148 345
165 371
12 349
205 331
46 299
270 299
116 244
63 235
134 156
119 297
192 377
245 276
87 327
44 289
249 366
259 392
49 248
182 203
70 237
98 351
207 290
73 134
179 384
222 242
177 379
93 130
369 378
12 48
57 121
252 376
78 269
222 291
166 188
171 396
170 247
199 315
207 322
301 333
168 355
247 349
102 319
232 245
41 211
35 109
30 370
135 217
237 302
7 356
116 218
204 248
2 54
33 185
8 335
279 371
10 261
322 324
310 353
83 134
35 237
131 304
9 158
88 277
102 136
78 114
33 398
235 348
156 219
104 381
32 67
200 231
265 279
233 255
175 365
22 294
13 388
39 103
4 46
357 360
185 273
11 197
60 284
3 88
211 308
72 227
92 177
292 316
182 221
22 292
126 178
336 358
113 384
281 361
41 286
56 319
123 136
161 218
27 331
33 129
115 148
175 320
101 110
229 278
2 223
251 305
68 236
8 196
149 320
123 338
140 198
121 143
337 347
149 368
315 399
42 306
230 270
16 23
67 299
40 185
64 114
65 349
278 381
117 165
86 106
11 398
53 74
4 297
81 225
116 331
194 224
20 346
217 309
165 279
58 156
160 359
210 243
1 260
262 328
190 284
140 318
214 348
39 394
178 249
65 102
75 274
145 292
220 308
43 287
75 197
214 256
65 271
32 119
196 375
235 311
310 392
367 368
7 71
161 260
200 374
89 199
102 337
176 268
180 186
84 169
42 358
73 307
124 315
202 366
84 137
310 397
84 317
5 313
247 328
240 356
65 191
278 282
210 290
31 85
286 290
148 251
220 315
92 280
91 235
147 303
252 277
130 173
122 147
86 128
161 238
233 372
104 165
42 336
235 256
24 341
86 255
102 370
146 265
126 366
70 188
7 326
194 350
209 336
283 311
137 344
14 50
53 362
58 317
354 355
181 355
204 390
16 363
84 173
56 263
300 395
137 219
246 319
119 380
30 123
128 357
6 64
147 352
35 188
263 312
92 112
17 148
36 225
39 108
154 196
338 349
115 200
180 246
35 96
133 310
118 228
297 310
54 115
35 150
4 66
33 378
39 218
28 234
271 370
126 267
51 345
59 328
65 131
167 344
235 285
29 106
86 372
34 89
156 241
25 198
110 299
97 205
265 357
17 115
38 49
65 262
326 396
85 217
240 272
186 246
108 218
12 318
33 100
222 352
123 262
274 307
181 213
201 350
75 185
256 343
246 312
90 141
234 285
29 287
253 381
19 115
77 229
90 245
24 176
100 264
296 341
16 210
99 161
292 301
29 233
131 186
160 191
111 239
271 319
239 340
176 296
26 310
236 245
275 384
295 389
281 327
240 386
79 155
159 273
4 32
120 255
139 274
212 361
55 388
34 263
127 140
55 208
190 199
119 353
244 331
285 298
219 245
272 305
389 397
133 392
169 236
136 347
35 166
37 375
185 369
9 371
289 302
146 279
192 245
45 386
17 19
149 365
51 147
176 354
34 199
99 238
49 201
233 287
1 203
196 313
168 296
96 109
210 322
40 369
121 149
118 167
184 288
48 349
89 220
129 159
102 271
233 265
277 293
72 196
9 327
131 319
110 162
260 382
342 364
202 277
244 323
315 385
307 330
100 378
245 383
0 204
145 153
57 368
30 271
183 326
318 381
73 93
54 254
291 345
255 372
46 53
114 253
334 379
132 387
123 349
38 390
301 352
213 259
280 379
221 316
283 333
115 231
20 320
61 215
185 274
53 257
203 283
93 156
59 304
58 367
164 351
82 163
216 334
132 163
288 299
21 231
29 396
154 244
247 269
131 246
10 144
325 395
224 248
47 348
114 361
6 89
230 362
1 221
297 353
288 297
194 207
140 269
113 314
258 261
62 222
103 320
52 90
79 134
224 350
100 185
158 357
23 207
3 178
192 320
85 322
47 396
8 268
109 188
3 306
63 214
17 254
314 374
9 106
172 289
232 317
347 379
77 106
46 101
208 339
91 214
303 352
169 232
100 369
179 200
197 398
336 366
159 264
60 253
69 247
30 177
196 323
109 150
75 273
142 383
202 225
165 229
21 374
26 32
34 284
283 382
46 110
89 284
268 341
25 361
18 352
22 221
151 308
323 372
106 158
9 361
19 148
239 258
138 266
57 149
268 354
108 331
198 360
277 306
189 193
310 389
65 347
19 147
29 86
243 363
38 201
24 296
378 398
171 372
86 233
58 383
21 113
44 250
144 261
57 175
117 162
20 149
75 398
11 273
10 391
188 302
25 281
136 177
243 288
204 207
176 196
144 391
150 189
5 116
44 384
143 368
343 348
295 297
294 333
123 347
30 102
16 201
199 399
61 200
185 398
173 241
126 202
2 115
172 314
52 331
78 318
56 246
63 343
58 276
6 253
320 346
28 316
287 371
155 330
11 159
140 361
6 34
83 173
190 309
108 323
227 279
327 361
26 119
187 195
191 319
227 354
207 243
94 165
110 270
87 163
207 210
194 248
177 338
124 135
96 189
65 319
255 335
200 384
107 133
145 316
116 313
273 398
203 301
170 318
151 220
220 385
170 328
146 229
175 394
45 240
15 129
69 349
144 380
190 362
71 305
94 146
145 301
97 99
282 371
12 338
201 224
41 362
254 300
66 67
18 145
147 291
122 303
73 155
333 382
92 379
127 163
22 153
13 107
203 260
40 139
199 385
85 151
129 267
177 195
45 87
0 38
81 126
178 388
30 338
193 250
266 308
83 241
261 389
18 364
94 162
256 332
27 90
83 93
221 294
15 306
98 164
51 54
309 399
39 52
32 295
79 307
24 354
285 382
16 138
41 66
153 301
191 271
314 384
262 319
269 318
177 347
86 287
154 373
346 393
76 395
29 265
154 335
214 285
21 223
137 245
78 253
96 166
8 176
23 324
192 276
46 230
257 362
97 103
204 350
139 209
250 329
128 265
122 222
61 113
123 131
272 386
101 297
214 311
123 304
131 180
48 269
337 379
45 387
48 59
357 371
223 231
37 196
264 369
142 173
2 200
118 344
85 135
281 360
19 251
195 338
15 88
195 302
23 290
145 182
56 262
84 236
323 375
328 349
61 179
109 189
150 166
6 309
212 360
83 367
201 390
239 380
289 351
168 354
103 175
59 349
44 329
171 373
235 343
59 247
31 322
88 336
213 268
1 238
6 60
264 378
142 317
14 167
131 262
335 372
70 189
92 216
73 167
4 299
64 253
256 348
78 170
10 389
281 318
290 324
24 259
118 155
119 299
161 205
115 374
11 33
103 141
30 347
76 157
5 358
85 308
32 299
45 71
130 134
211 217
174 280
2 374
242 251
224 390
21 314
48 170
188 216
40 344
48 69
29 158
148 200
150 174
216 280
50 167
202 336
73 152
96 188
133 389
89 385
195 347
195 349
69 312
40 378
165 278
17 345
179 305
350 390
118 274
169 377
22 80
159 185
33 159
334 337
21 275
95 156
208 261
34 253
106 265
113 329
179 387
105 138
142 241
67 288
327 360
293 358
4 105
233 279
32 389
34 64
8 154
18 76
118 330
56 359
31 217
128 371
139 369
165 360
134 241
271 304
130 241
261 340
91 332
51 223
204 363
106 371
121 368
300 325
78 278
215 272
121 393
200 275
198 281
88 366
1 80
57 394
187 188
56 131
20 57
261 397
80 294
47 373
206 280
271 337
9 212
15 249
74 110
313 375
21 200
204 340
34 190
126 339
112 280
231 275
290 321
67 270
185 378
41 309
300 352
352 395
239 397
129 366
5 375
46 74
263 315
29 77
65 123
51 300
28 298
245 377
178 366
112 174
55 144
30 334
104 229
152 228
113 250
28 283
62 300
288 353
140 163
25 140
300 303
20 238
214 283
36 107
215 384
165 212
208 391
14 33
56 160
178 202
137 169
169 219
236 377
207 224
19 54
258 391
115 223
50 274
210 350
73 118
105 266
86 265
14 274
159 369
1 294
223 275
126 249
125 164
80 221
171 183
142 156
91 285
50 330
155 167
285 311
202 252
386 387
108 116
207 321
74 270
308 309
195 351
109 166
213 296
8 24
156 173
104 114
283 285
32 288
69 328
104 278
242 285
217 286
71 356
297 299
45 272
215 314
106 212
43 396
37 313
5 52
79 330
50 344
21 384
109 174
16 207
222 300
28 301
138 243
285 332
183 343
98 187
157 325
10 380
63 285
105 184
109 237
97 161
187 302
36 341
353 397
170 381
256 311
184 217
3 267
63 332
260 283
254 325
341 376
98 163
275 374
6 312
196 244
350 363
59 170
262 271
112 166
224 363
218 238
60 309
8 72
39 116
89 399
34 312
162 230
206 334
385 399
96 150
280 334
247 304
62 395
13 168
118 152
148 291
372 373
10 226
243 290
335 373
10 119
92 206
321 324
183 332
298 333
119 392
0 248
66 288
214 343
44 172
135 308
86 326
52 108
106 396
51 254
264 273
200 345
27 68
12 187
23 243
234 235
73 241
47 372
199 220
53 230
206 379
95 142
226 259
90 394
129 264
53 355
260 294
250 314
106 357
36 81
215 251
114 318
84 219
72 146
41 184
72 354
31 210
191 337
47 171
9 77
18 325
287 396
164 187
38 224
28 260
177 337
303 325
242 291
111 258
29 326
308 399
51 291
160 246
155 344
3 209
135 399
214 235
168 341
183 396
161 348
137 274
20 99
181 296
14 75
294 382
94 117
14 398
6 284
137 139
219 232
37 358
246 262
123 328
84 245
201 321
67 184
101 105
33 197
109 112
106 326
62 76
63 183
46 270
198 327
107 392
40 264
192 394
377 394
127 132
57 320
81 339
44 193
32 353
27 52
117 282
158 326
19 51
226 295
189 237
154 372
87 140
43 171
249 267
123 271
166 237
3 293
63 311
209 293
140 327
201 340
225 259
112 150
42 252
47 183
234 260
260 333
2 275
153 182
248 350
55 261
77 357
263 385
12 269
19 254
346 365
23 321
346 394
92 174
338 347
213 354
78 381
139 378
168 259
128 326
83 156
94 227
11 75
8 120
365 393
175 346
100 139
183 348
158 356
88 306
78 361
153 316
75 378
160 180
61 314
106
166
94
136
113
99
28
68
106
74
212
85
67
73
54
108
100
68
81
92
38
208
61
56
43
192
167
99
77
45
120
88
38
189
46
87
44
143
88
153
68
63
139
67
67
141
145
97
154
36
140
23
38
104
120
47
55
138
125
135
81
147
79
32
65
65
8
124
120
33
83
58
48
78
117
83
36
87
211
102
79
47
97
76
31
139
56
68
77
144
81
99
135
174
90
165
75
153
109
150
183
192
101
72
89
163
44
167
179
53
96
140
99
99
71
192
142
130
32
142
67
83
93
30
123
26
159
55
73
132
73
104
142
111
31
51
149
52
34
125
126
100
99
253
86
69
22
62
201
99
96
96
15
112
47
71
189
35
123
227
117
176
82
173
31
193
78
106
51
154
92
173
138
113
180
213
49
34
120
54
101
147
96
195
58
64
123
116
155
63
70
68
48
72
94
47
135
70
33
119
140
155
154
102
173
190
83
140
200
15
56
172
10
95
70
97
98
45
55
11
104
42
123
150
87
119
73
108
156
147
148
109
58
174
114
162
165
70
118
76
126
151
92
52
155
127
186
128
177
52
152
51
146
78
147
37
124
72
46
154
186
109
138
120
139
93
101
131
120
126
90
141
105
41
39
184
70
109
61
98
178
92
144
97
62
13
46
153
74
50
86
70
165
93
120
18
95
143
137
74
50
166
208
141
115
94
24
99
98
162
183
88
186
41
113
180
122
52
166
100
94
46
114
52
26
241
106
111
82
181
90
200
144
65
54
60
146
81
141
156
171
94
94
55
175
82
96
124
74
310
119
125
169
180
107
103
41
66
106
90
127
81
208
119
131
66
97
121
37
44
75
80
67
80
75
103
91
135
52
73
55
116
167
130
72
67
202
47
68
37
28
63
95
103
96
70
130
97
106
10
156
148
186
138
69
135
94
204
131
106
117
43
80
98
28
99
31
119
101
168
37
86
69
16
48
120
98
164
35
41
88
57
56
103
223
71
96
67
132
30
57
98
47
116
57
133
143
124
111
126
109
139
86
186
50
122
89
101
52
86
173
209
44
68
70
177
125
128
110
175
115
68
96
80
193
172
91
93
171
64
105
80
54
140
163
84
50
75
112
82
119
129
77
187
164
77
36
209
147
96
58
79
141
17
160
82
71
96
84
139
144
81
85
76
56
46
75
84
36
98
76
130
96
154
158
81
49
52
48
88
166
104
20
80
95
92
160
85
151
33
121
93
163
123
65
136
69
140
82
188
44
142
133
53
90
66
212
44
145
165
57
142
45
38
151
57
66
86
67
203
118
127
99
123
220
66
36
114
81
148
235
161
48
48
71
41
39
94
78
96
84
37
56
169
36
80
36
63
152
190
97
79
135
85
43
61
149
29
74
30
147
161
114
73
73
20
64
131
144
125
87
127
98
56
62
84
87
86
161
83
149
200
176
103
69
81
50
168
94
89
83
9
44
137
85
85
105
270
64
172
67
158
50
152
113
43
110
78
125
66
156
90
139
138
172
67
102
64
115
94
107
74
70
55
10
123
234
77
47
68
26
112
243
167
106
98
44
156
112
153
164
67
248
137
206
63
81
111
69
105
133
80
50
39
13
100
76
94
178
72
196
103
91
175
107
114
142
115
86
161
38
58
127
117
132
71
91
113
191
165
52
25
134
37
119
97
93
34
72
74
56
95
82
28
185
29
65
48
182
165
93
109
72
112
45
46
26
142
213
148
41
83
38
154
145
70
104
122
103
169
158
186
32
151
26
46
121
195
45
81
90
222
105
125
102
145
110
48
75
61
156
65
192
129
66
99
88
150
176
165
24
96
215
49
39
69
61
42
21
94
32
120
75
222
41
19
96
103
86
31
45
161
122
206
28
130
42
121
173
115
105
19
30
120
94
59
190
124
33
145
19
81
71
112
100
145
78
171
105
24
122
155
111
92
188
48
36
80
129
62
102
50
38
129
64
88
126
38
84
97
77
61
60
180
45
195
63
96
122
113
153
53
196
162
171
101
105
63
93
95
226
23
130
72
57
74
86
55
141
85
188
124
143
205
88
108
38
141
36
121
81
77
233
116
28
120
69
201
35
88
101
110
123
65
58
108
36
85
63
132
37
67
68
175
117
106
69
29
85
159
241
74
77
81
164
112
45
120
143
87
94
176
109
61
141
49
160
64
62
193
114
19
100
136
123
168
41
58
106
68
49
122
41
77
167
36
57
104
141
126
181
135
143
118
54
80
71
90
156
114
104
19
93
68
17
169
73
171
117
112
26
71
226
92
165
58
65
105
101
101
105
64
144
61
58
57
42
71
58
33
95
119
79
142
33
119
74
148
99
25
98
154
210
130
126
58
84
55
35
118
85
112
72
100
154
74
144
142
39
244
90
118
45
79
54
70
93
95
56
110
61
22
100
136
147
92
246
109
74
113
66
204
38
76
87
95
87
99
201
114
84
54
173
93
38
128
102
123
153
112
189
133
93
106
138
101
50
25
150
63
160
149
46
72
45
133
136
55
73
137
114
120
76
59
32
155
165
91
53
63
45
120
90
222
85
113
259
76
51
83
75
123
101
137
78
75
45
53
201
76
22
129
98
37
195
172
213
170
94
62
98
91
97
115
86
77
47
44
79
70
68
112
60
59
108
76
177
88
119
70
146
152
103
80
132
86
152
58
129
157
132
120
31
22
40
73
109
90
55
110
181
43
100
182
121
82
83
197
59
118
145
26
103
129
61
39
229
99
134
33
67
80
161
34
49
107
61
107
162
83
93
89
26
164
19
101
63
126
105
218
118
121
85
97
179
138
123
106
52
74
153
41
138
127
98
79
73
237
144
97
22
152
53
117
92
85
218
131
53
82
45
73
43
63
39
97
47
184
53
134
90
149
105
170
206
119
124
62
62
220
125
101
167
123
82
103
142
27
105
69
93
209
135
128
145
114
138
110
42
79
104
78
121
220
42
169
65
161
122
144
33
32
167
93
135
39
99
82
123
93
5
65
87
65
60
82
117
31
82
8
86
66
72
114
125
133
76
45
93
98
123
139
29
112
21
106
47
126
28
130
146
32
122
79
56
142
91
50
62
175
36
188
48
115
36
41
57
178
87
104
112
74
199
79
68
164
148
88
200
87
62
127
48
72
112
58
134
66
130
159
28
87
103
64
83
100
67
117
91
168
136
102
75
59
33
202
149
136
92
50
141
63
142
116
182
185
28
67
84
304
141
13
91
196
55
59
50
212
182
108
108
72
55
192
183
151
114
164
120
98
62
87
87
120
51
170
123
99
32
195
155
37
126
143
108
127
53
200
123
203
62
84
31
173
125
181
105
171
200
165
110
134
219
75
48
102
94
131
93
132
150
79
19
22
155
142
118
48
119
141
158
84
122
75
55
42
183
32
93
45
34
7
144
105
73
64
121
108
68
73
26
23
55
52
89
168
66
104
95
114
57
68
119
16
91
73
111
104
48
144
88
100
51
54
90
29
73
75
161
112
134
108
36
18
203
53
147
79
131
62
32
102
89
29
189
45
99
102
162
171
32
57
146
171
148
149
30
58
120
177
100
19
37
51
152
55
47
76
6
109
49
15
30
47
141
67
86
206
36
70
156
83
146
169
75
46
127
234
71
109
173
172
90
79
96
162
135
84
94
65
148
65
167
94
102
44
93
78
84
105
37
106
153
62
44
105
117
63
110
110
168
68
53
44
234
72
113
135
140
129
85
137
134
90
64
77
167
123
70
143
59
93
98
59
28
136
61
81
144
104
64
81
200
80
141
185
99
60
179
61
56
39
22
66
113
151
167
264
152
49
84
141
162
160
107
27
124
41
45
60
124
53
135
194
81
80
104
16
68
216
77
146
117
68
38
150
74
19
99
50
75
74
33
54
154
61
41
51
121
211
74
178
124
140
219
214
144
104
70
28
129
67
115
93
71
177
121
164
193
66
148
156
112
62
110
83
44
70
81
91
150
80
59
76
49
50
9
45
112
107
29
148
88
98
102
28
54
85
111
112
58
43
95
74
193
44
97
35
170
69
160
93
45
49
31
78
105
187
65
140
192
86
132
62
133
210
42
164
18
67
164
132
135
78
87
79
190
140
32
101
112
106
180
48
62
74
104
107
93
139
98
202
107
89
57
63
120
83
119
98
47
88
76
63
134
112
167
105
74
58
100
55
249
106
114
37
150
174
122
89
60
158
125
185
135
148
42
198
80
178
144
140
176
99
138
63
147
145
85
93
54
94
110
26
39
175
131
123
150
155
55
118
136
211
54
77
170
90
39
66
230
132
142
96
73
98
172
86
85
85
121
118
72
121
73
245
132
123
140
19
154
65
40
32
103
155
160
110
128
25
103
28
50
42
78
134
184
58
65
32
89
146
59
116
232
83
106
119
55
61
101
47
62
129
176
155
80
121
114
131
68
128
158
57
140
198
155
175
23
73
120
83
63
13
90
174
47
57
122
106
86
105
112
175
91
26
60
126
106
89
94
132
107
59
144
120
25
139
198
10
119
93
76
82
29
