734 498
255 320
17 357
777 181
670 38
84 716
480 51
678 291
730 666
527 113
791 4
572 377
632 281
522 139
566 428
200 387
508 418
598 557
710 637
629 667
787 304
505 141
429 201
568 591
353 329
592 468
413 739
271 327
724 236
82 296
496 498
723 755
257 450
557 320
303 698
81 649
394 627
751 590
700 698
181 404
627 764
794 612
556 337
528 10
42 83
423 92
767 719
33 281
523 331
464 665
231 392
9 239
276 673
711 5
641 371
166 297
336 557
715 727
27 464
575 635
14 344
524 412
178 536
131 135
372 328
508 272
466 582
41 351
716 768
614 559
302 684
113 451
408 371
172 432
256 579
720 325
499 196
261 311
350 106
353 673
764 324
214 132
468 73
666 699
230 103
488 785
563 665
582 282
342 521
585 707
193 550
264 196
414 607
312 65
437 564
638 44
68 759
722 225
715 244
545 643
272 314
263 621
240 369
331 531
575 665
104 532
198 124
786 684
302 62
315 719
231 780
360 235
786 749
630 253
401 445
14 745
205 202
628 547
130 448
668 128
203 179
412 547
335 425
407 339
279 634
173 359
244 343
496 47
349 98
540 666
83 395
501 509
5 257
590 163
534 694
528 466
120 461
381 397
526 349
138 294
54 318
689 484
8 600
601 623
41 676
461 66
18 442
379 199
293 326
651 140
740 376
242 607
192 19
547 88
252 58
479 557
659 282
535 41
534 548
724 674
489 314
68 293
500 737
171 36
223 61
64 140
27 216
466 562
606 576
297 412
342 264
592 374
779 62
300 543
772 386
646 434
13 761
236 755
538 523
377 615
246 658
572 657
256 28
584 414
105 712
39 700
65 111
644 226
346 659
429 323
790 780
609 135
370 493
243 478
155 43
644 787
126 379
791 93
76 114
52 414
508 34
310 687
346 136
365 322
412 5
186 388
555 182
498 302
457 800
442 462
439 349
235 47
6 329
636 147
266 7
76 447
455 674
353 340
272 134
540 59
623 580
664 190
657 536
744 166
434 700
209 688
495 722
660 117
191 55
360 86
642 489
300 261
344 686
121 173
317 713
318 626
776 653
181 472
596 296
71 335
335 788
194 736
548 378
652 707
132 8
375 104
507 297
746 456
495 743
654 111
85 789
571 23
516 156
199 348
547 2
593 652
159 674
351 51
315 413
164 289
781 465
79 45
592 729
343 95
209 383
584 208
213 25
621 564
517 250
212 293
724 83
454 123
291 618
530 777
659 738
727 331
400 480
690 123
295 91
229 111
729 22
47 439
609 260
451 349
653 683
428 66
668 344
732 30
100 390
100 258
483 519
639 82
608 471
682 371
657 47
400 786
347 315
99 374
233 379
129 468
535 103
193 708
175 411
256 640
495 750
795 365
230 337
667 662
83 210
426 293
768 697
370 259
419 754
148 751
39 94
187 338
213 763
620 458
35 727
187 541
636 402
62 55
693 368
780 725
27 557
580 747
585 132
442 12
303 231
714 134
573 400
455 764
745 429
757 727
455 631
205 46
699 727
479 793
395 776
423 521
765 69
614 357
330 624
312 771
242 288
330 326
262 762
48 120
397 365
316 294
301 56
59 781
80 781
647 182
30 370
5 718
707 533
656 435
121 381
375 58
454 94
467 659
594 503
202 410
327 38
475 294
603 600
47 667
171 767
184 684
173 694
245 172
75 666
443 736
441 771
632 692
133 745
738 318
436 534
400 268
521 114
494 342
372 429
435 589
439 447
797 329
215 55
481 126
23 322
413 509
610 534
43 134
592 658
692 150
7 51
492 208
123 790
755 300
491 438
18 82
12 238
15 125
4 291
39 196
360 387
1 77
167 383
111 379
102 169
76 206
88 276
152 244
261 394
321 347
206 326
67 161
391 399
125 264
29 161
157 200
211 228
301 370
107 333
138 207
11 14
160 246
83 284
27 102
69 220
127 145
122 276
250 351
51 388
198 391
138 160
54 341
183 320
278 350
369 370
112 190
109 346
33 238
101 272
148 306
163 211
50 205
240 343
284 392
21 252
241 313
126 253
27 344
2 67
11 138
60 239
88 192
8 310
185 351
108 257
82 271
98 397
130 199
43 254
211 335
179 188
49 226
25 330
35 324
224 331
17 390
9 326
126 315
210 381
141 357
172 280
89 262
127 360
79 234
136 299
61 398
83 307
56 173
36 188
60 388
103 276
225 301
360 380
8 46
136 215
91 116
107 112
245 263
275 385
64 348
181 392
272 303
1 102
228 386
189 365
109 343
275 293
239 297
250 396
154 228
242 330
72 189
26 216
26 208
142 144
107 236
185 355
237 363
324 367
173 235
186 314
63 120
162 304
43 251
5 96
30 178
6 45
4 249
198 399
104 392
268 365
122 192
184 313
165 198
145 200
110 177
160 210
53 294
394 399
331 374
185 372
277 329
32 237
187 353
237 302
143 392
165 347
34 52
65 207
235 272
83 243
40 375
163 386
89 181
24 349
80 150
20 80
187 221
119 291
48 242
195 262
39 264
155 339
107 323
286 293
19 375
84 211
384 389
28 221
200 254
264 363
71 105
171 330
249 393
135 178
255 392
168 222
236 310
183 317
14 317
168 366
21 76
191 213
52 225
87 265
96 250
257 350
73 363
90 319
193 319
58 324
5 355
73 193
197 270
366 392
377 397
253 269
252 387
214 266
87 113
80 377
17 23
104 129
190 323
25 317
7 286
169 298
71 136
250 352
73 205
49 373
239 354
46 112
32 258
142 324
249 270
138 381
154 266
229 359
1 100
108 182
287 294
99 255
144 184
18 159
149 227
59 143
107 159
177 343
194 335
111 311
121 339
292 362
290 389
33 138
139 161
9 252
123 189
265 282
7 156
37 41
295 373
108 364
20 377
101 151
160 381
14 25
189 203
154 278
248 373
70 109
171 238
286 341
29 140
102 126
8 38
78 359
161 212
47 60
155 158
147 311
167 290
6 327
204 359
55 259
65 160
14 171
161 308
29 239
24 348
86 134
15 363
130 146
112 323
39 358
305 385
82 360
11 330
66 290
59 104
152 163
210 348
154 335
6 219
17 267
264 306
165 308
276 389
160 189
92 334
23 267
78 263
257 364
124 303
190 333
69 362
27 77
323 333
186 233
14 16
100 126
230 317
297 358
166 391
252 395
300 326
88 103
62 105
41 236
47 212
239 388
248 331
156 187
219 300
29 289
82 200
139 259
47 132
38 284
149 353
222 267
286 322
284 336
31 68
133 191
155 378
162 373
221 393
98 187
136 288
76 252
126 148
7 275
264 298
237 299
241 301
160 309
154 350
80 275
144 355
22 147
57 243
253 306
57 68
116 120
133 206
253 315
21 395
48 160
24 123
96 352
96 184
61 183
55 253
9 387
262 375
164 182
67 297
148 217
270 329
172 270
123 137
187 265
263 278
14 292
98 156
70 234
128 229
102 298
263 364
15 302
368 376
321 391
63 186
215 297
206 252
198 321
154 279
20 75
186 347
13 380
343 346
55 139
232 235
110 368
29 67
325 375
48 207
57 336
275 322
313 368
17 158
271 360
27 306
72 210
162 273
114 192
313 369
225 370
66 167
66 94
92 179
103 389
200 251
141 247
50 102
81 106
266 386
243 307
125 253
0 141
150 275
86 181
95 280
119 221
132 388
34 201
35 184
145 204
225 241
131 398
176 355
182 266
218 278
11 33
12 341
4 280
42 238
1 148
97 187
74 90
96 355
75 377
192 339
163 164
34 79
301 369
54 286
365 381
270 277
292 390
62 237
94 334
106 218
193 237
245 359
14 242
220 222
318 352
180 370
168 220
68 333
66 92
129 255
69 168
5 318
40 274
44 321
203 379
238 341
263 359
99 143
148 349
52 101
304 337
84 106
13 387
6 200
75 156
226 304
172 197
7 28
248 337
44 314
314 394
78 93
156 286
30 398
42 87
16 135
180 225
179 383
184 376
245 257
155 290
29 139
146 281
207 381
189 309
307 375
15 298
69 117
15 306
19 181
38 310
123 348
24 217
50 264
131 135
30 158
30 167
33 381
8 333
141 230
122 258
30 155
338 373
11 54
133 149
86 89
83 159
100 345
134 181
59 86
256 370
155 167
334 383
22 76
106 279
159 336
259 315
125 205
45 145
46 333
75 385
134 248
153 251
55 315
204 327
182 211
145 285
64 309
52 124
73 237
150 174
9 300
188 232
17 178
252 380
222 230
117 356
7 98
229 364
234 343
213 227
159 310
174 332
314 321
384 398
195 325
186 198
18 284
101 124
48 246
57 159
81 218
104 134
163 244
208 338
70 201
52 151
359 364
203 217
14 183
123 203
72 217
128 263
152 182
64 72
130 297
186 391
8 159
252 271
126 264
152 194
194 386
177 368
228 335
32 50
9 153
331 338
129 134
297 354
246 365
39 299
49 224
256 372
36 334
67 140
23 158
62 193
108 278
43 127
310 333
197 340
12 156
150 247
76 395
94 290
86 255
5 367
70 124
227 393
287 340
225 369
30 378
38 159
43 219
270 393
77 100
179 342
312 338
142 185
151 319
114 389
269 344
229 263
131 178
152 266
24 148
114 137
64 203
44 261
229 257
96 318
8 107
18 236
17 366
33 42
51 132
243 274
122 169
97 221
31 112
13 76
47 166
140 354
54 357
86 143
170 203
13 206
264 315
26 224
213 249
135 398
57 83
150 377
5 313
71 130
226 331
313 316
2 212
65 395
82 380
49 334
20 397
10 280
117 390
217 296
10 53
339 383
163 335
133 353
128 245
59 366
149 291
77 306
253 298
164 266
79 235
127 300
111 328
272 342
316 370
350 364
119 149
226 273
5 352
156 238
377 385
64 296
170 379
215 288
146 354
119 249
128 257
56 235
330 341
4 270
153 300
283 365
165 186
128 202
40 243
89 375
72 137
143 181
149 191
33 48
63 106
108 154
119 277
15 73
230 362
108 229
8 57
159 236
292 320
289 308
67 288
7 282
1 344
101 342
144 372
84 164
32 363
86 129
216 373
165 399
44 399
142 372
269 306
154 164
162 374
158 178
23 366
255 375
206 395
123 210
130 354
157 219
71 118
191 206
113 221
275 286
93 257
39 205
354 388
29 47
301 316
305 332
8 236
11 171
44 394
125 358
109 234
249 353
150 332
92 167
277 291
177 301
110 301
75 322
93 364
141 175
164 211
141 260
111 349
38 307
267 362
284 375
283 381
183 292
253 259
285 327
234 346
16 384
233 308
122 137
243 284
164 228
347 391
42 207
129 226
50 169
127 285
83 336
207 246
107 310
6 43
111 170
174 275
175 357
23 59
74 235
148 345
230 390
56 192
175 320
53 172
40 89
244 335
136 237
91 371
80 322
4 95
39 125
113 282
57 274
368 370
93 229
227 249
311 328
208 295
84 218
217 349
23 168
149 326
119 393
155 178
245 285
89 104
177 241
134 304
60 212
296 345
91 231
312 374
201 232
296 348
36 94
93 128
184 396
38 336
0 260
50 298
328 349
15 315
378 383
44 186
15 102
2 354
260 332
64 345
87 238
35 144
31 38
355 367
49 216
19 243
382 384
2 140
295 374
8 18
171 341
196 297
31 323
41 310
124 235
184 318
180 303
318 355
2 239
56 103
121 167
47 388
88 389
119 227
285 359
174 305
59 181
90 237
143 366
105 324
174 385
201 234
192 389
84 386
10 172
54 293
10 340
33 65
144 185
79 232
157 300
0 332
33 341
134 325
194 228
171 242
293 322
67 212
28 223
25 183
18 37
144 367
242 381
318 351
38 83
198 233
21 387
31 46
46 57
167 334
184 256
85 374
154 214
52 70
247 260
180 369
18 41
279 371
93 245
3 329
121 155
30 209
199 297
230 292
147 202
338 374
44 63
11 242
321 394
84 120
127 200
28 156
33 246
65 365
199 281
34 188
244 261
61 330
202 229
116 371
114 209
93 108
42 330
182 386
36 216
123 283
147 170
57 323
149 213
249 326
129 181
84 279
19 59
91 120
77 349
296 311
210 365
160 268
196 288
10 197
133 265
29 308
314 391
46 323
128 278
314 399
224 226
75 397
370 376
60 140
335 386
35 185
317 320
71 299
48 138
69 143
130 215
191 353
7 377
320 357
11 61
58 146
298 363
179 235
218 371
280 294
284 307
40 262
137 382
227 277
59 255
81 371
293 341
85 226
34 234
196 358
150 385
11 48
184 185
60 67
104 143
211 266
123 309
73 299
198 314
167 378
114 122
113 156
139 289
205 315
86 99
129 392
7 12
270 294
78 229
33 160
310 323
97 98
270 287
166 289
186 394
77 102
26 338
244 321
216 226
63 165
87 282
37 159
15 264
306 315
124 180
38 243
26 312
54 171
143 220
26 373
197 223
121 179
48 365
198 261
120 371
110 343
322 377
149 277
113 265
176 185
191 249
143 168
138 242
44 347
46 159
5 185
296 349
219 380
145 271
99 129
47 161
271 285
14 135
123 217
153 200
108 350
225 256
35 256
302 358
109 240
4 53
80 397
53 270
164 335
231 349
224 312
81 84
189 348
339 378
17 362
164 386
203 345
67 239
154 386
13 326
227 329
152 164
48 65
209 389
5 250
131 155
2 60
196 302
202 218
74 151
72 348
201 235
82 127
7 187
70 188
302 363
186 321
283 309
187 213
329 393
278 364
42 171
65 268
298 306
110 316
37 236
110 241
144 318
118 237
202 245
25 135
199 288
165 166
51 166
130 239
83 375
102 205
119 329
243 336
79 109
300 380
217 258
24 203
162 331
182 214
114 276
100 349
74 303
131 290
160 207
226 373
57 310
241 369
150 260
95 251
251 254
312 337
273 337
17 222
66 383
33 171
101 235
223 329
12 282
168 267
4 294
99 134
156 282
64 123
21 300
31 190
271 380
1 126
39 302
74 124
38 57
135 290
313 376
79 201
82 387
63 198
47 239
98 223
96 396
105 136
121 383
202 263
205 264
228 266
153 326
183 330
333 336
150 322
109 232
98 221
174 377
291 294
313 352
37 356
170 345
224 334
53 95
311 379
240 338
94 378
17 117
53 280
71 288
1 306
152 211
72 114
262 274
115 144
241 376
200 327
115 352
274 375
55 269
348 382
111 147
263 350
249 294
149 249
45 359
170 231
209 384
54 322
130 358
256 301
15 50
19 104
209 290
5 184
117 230
85 304
100 231
133 326
145 360
11 341
90 193
127 219
77 344
170 328
78 245
235 342
222 390
230 356
275 397
220 390
210 309
72 203
313 370
276 384
277 393
115 185
309 379
25 390
94 121
74 272
131 167
99 181
114 382
270 340
189 210
88 121
238 282
208 374
320 341
140 239
3 223
317 357
118 299
174 260
76 387
170 349
28 397
304 331
153 157
77 269
274 336
231 328
239 288
7 322
140 388
216 224
8 307
163 228
256 313
119 213
44 198
93 278
16 242
80 174
124 201
7 97
114 384
167 339
188 201
214 350
16 61
216 334
62 90
209 339
86 104
339 389
106 164
55 306
246 268
35 372
137 348
81 164
132 161
69 390
101 303
52 109
82 145
269 315
94 167
194 244
246 381
258 382
42 138
1 269
165 233
3 97
184 370
276 382
133 252
99 104
46 107
92 121
375 392
94 389
175 292
103 121
46 310
25 230
140 212
50 126
118 288
216 361
170 311
67 199
94 155
189 283
19 83
193 363
115 318
149 329
39 73
64 217
79 188
85 162
63 347
169 258
243 375
169 193
225 316
175 230
71 281
265 326
36 79
7 113
6 360
89 255
171 320
142 367
353 393
163 266
152 228
46 68
16 330
74 173
100 306
109 188
118 130
351 396
316 368
188 235
77 126
64 349
90 151
257 263
48 381
276 378
47 140
172 340
58 215
226 361
240 295
113 187
80 385
304 373
104 181
237 319
150 293
15 205
13 133
133 213
305 377
309 311
70 272
72 382
305 397
145 387
140 161
203 311
311 349
376 396
24 345
314 347
93 350
96 185
213 221
67 354
106 228
207 283
71 215
100 148
183 242
89 325
205 298
17 220
217 345
168 390
247 356
125 259
262 325
204 257
162 248
267 390
68 336
280 287
203 349
132 212
227 291
227 294
129 361
209 398
256 376
230 357
127 157
78 202
285 360
15 253
182 335
118 302
75 150
6 285
241 368
239 358
57 333
317 362
60 354
75 80
9 21
91 328
380 387
281 354
194 266
177 346
66 378
23 69
27 100
25 292
177 225
130 196
184 372
97 223
23 99
338 343
120 233
69 230
267 366
334 361
290 378
275 377
158 167
35 142
95 227
80 305
0 230
253 264
39 298
126 344
215 281
295 338
79 342
70 180
81 116
112 310
20 275
119 353
21 360
273 304
18 307
62 299
121 276
127 327
71 358
120 279
132 166
367 372
106 371
70 303
39 118
301 376
70 232
265 353
11 183
109 201
191 227
313 396
82 285
52 303
58 199
31 57
241 256
301 368
264 302
322 332
248 273
261 321
50 302
130 281
163 194
248 374
49 361
45 82
178 290
124 151
188 272
145 380
94 383
5 35
14 398
34 232
199 354
52 201
224 373
373 374
225 303
337 374
266 335
19 86
328 371
192 276
115 176
94 339
13 252
27 349
81 120
86 392
228 244
257 278
276 339
53 287
72 123
17 168
150 305
55 125
198 347
121 192
268 395
85 208
241 370
58 130
0 356
24 296
243 262
16 398
183 341
221 277
43 157
14 61
172 287
68 274
96 176
13 153
206 265
36 92
148 296
281 288
11 42
331 373
63 314
157 254
34 70
213 353
227 270
111 231
122 382
249 291
4 287
292 357
199 215
304 374
295 312
241 316
220 366
58 281
39 363
159 307
191 291
83 274
147 379
347 394
130 288
61 135
13 300
30 135
6 157
188 342
345 349
19 307
299 302
138 246
203 296
125 302
45 245
100 344
117 168
259 269
54 320
44 391
78 128
88 173
87 246
352 376
95 291
66 121
331 337
117 222
176 318
44 165
36 179
75 275
286 320
149 393
249 277
62 319
39 50
124 272
77 148
28 97
61 138
93 154
8 37
293 320
63 81
140 297
274 284
252 300
22 379
14 330
231 344
5 351
108 263
67 130
85 337
229 245
47 289
42 341
213 291
117 366
119 270
24 64
127 153
92 383
207 365
316 346
6 127
1 253
85 248
84 371
152 335
295 331
141 332
189 379
12 286
82 327
347 399
235 303
250 313
151 180
22 395
171 183
32 169
175 183
65 246
121 378
67 388
161 289
78 278
45 271
92 94
30 131
105 299
218 279
352 396
186 399
124 342
89 392
210 283
66 155
211 386
207 268
160 283
19 255
27 345
13 21
226 248
51 212
76 268
318 372
202 278
13 271
42 246
197 287
66 334
280 340
45 285
126 298
151 303
9 380
64 189
362 390
38 274
141 222
34 109
188 234
138 330
208 312
290 339
75 293
161 239
28 98
368 396
123 296
31 333
84 335
50 363
93 263
26 331
6 82
174 247
32 298
10 287
288 358
180 301
154 211
152 386
58 71
112 333
12 87
146 215
38 333
204 285
312 331
309 365
224 374
36 342
213 277
69 222
186 261
42 48
125 196
42 381
43 200
19 284
134 162
56 121
232 234
165 391
208 304
40 325
166 308
102 363
127 254
32 122
33 282
143 255
56 88
119 191
104 262
102 253
105 319
75 286
217 348
212 354
25 362
326 380
155 383
32 193
256 369
154 182
52 235
29 388
123 379
106 120
21 380
23 143
180 272
320 330
213 326
27 126
9 219
68 195
185 367
149 221
34 180
77 231
21 153
176 352
117 267
361 383
222 356
85 373
320 322
96 376
115 355
223 277
6 145
0 222
125 315
145 327
194 261
81 386
95 249
3 98
40 195
52 272
5 144
146 199
73 118
3 28
205 253
19 392
30 290
220 267
36 383
106 116
41 107
157 251
102 264
8 83
131 158
191 326
81 91
95 287
261 314
5 372
212 239
200 219
23 220
20 305
209 276
33 87
147 328
232 342
73 136
286 377
301 313
9 13
64 137
270 280
153 219
31 336
118 215
59 392
35 367
151 272
219 254
224 361
205 363
105 118
293 357
2 199
31 274
227 353
318 367
52 180
192 382
369 376
103 173
117 220
46 236
378 389
96 115
21 271
257 359
27 148
15 39
137 217
45 387
306 344
158 290
175 317
59 99
46 190
223 393
288 297
103 192
85 331
47 51
134 226
241 346
2 388
61 242
187 282
113 353
91 218
89 243
213 393
159 333
78 257
300 387
118 136
173 272
25 175
271 387
181 255
79 179
247 332
34 124
45 360
212 388
177 316
71 73
126 306
0 247
185 318
81 279
134 262
26 374
45 229
84 228
131 378
178 362
73 302
63 233
249 329
99 392
176 351
153 380
312 373
70 79
8 41
69 366
18 38
69 267
160 365
162 337
50 253
42 242
184 367
279 386
117 362
221 353
54 175
51 161
255 366
87 268
215 299
205 302
33 207
89 134
110 346
34 343
19 143
1 27
56 179
74 101
164 279
85 273
12 113
51 308
102 306
161 388
70 235
26 295
170 296
211 350
5 376
82 219
141 356
56 342
52 234
321 399
162 226
283 348
385 397
7 75
21 206
49 129
250 376
47 67
292 317
128 359
101 180
208 337
329 340
59 129
195 274
20 385
104 255
229 285
115 351
351 352
234 240
211 214
113 238
182 350
137 258
203 348
53 340
74 319
219 251
121 389
273 325
208 331
248 304
165 314
211 279
259 289
95 294
17 69
84 154
96 351
139 315
22 111
108 128
93 359
33 242
72 283
12 187
102
109
57
96
108
25
60
59
173
133
127
152
125
86
60
119
81
96
14
77
87
48
99
126
140
29
32
146
33
102
248
70
248
115
126
42
53
84
33
61
104
71
52
157
149
128
42
125
49
111
82
81
69
154
116
102
74
153
63
107
153
49
48
82
127
176
78
140
77
53
85
143
112
133
124
23
133
59
28
103
73
84
129
27
247
42
131
114
133
164
191
73
92
91
34
71
113
37
146
87
146
116
94
125
78
130
208
163
227
44
57
157
178
189
51
109
25
130
67
143
198
92
91
33
72
221
168
80
141
73
133
166
87
32
82
74
83
103
90
71
35
86
58
58
18
153
143
155
137
111
31
62
91
125
151
59
90
91
35
51
77
144
192
149
70
83
51
152
96
10
108
124
67
182
31
122
87
169
111
69
58
68
18
229
239
165
199
117
122
56
162
78
109
119
59
66
71
160
44
63
74
22
19
61
136
66
39
130
54
134
74
137
88
49
161
228
54
171
93
60
73
78
134
114
28
67
64
105
76
204
123
51
149
58
127
121
82
91
57
29
144
74
122
90
108
131
136
64
50
80
130
160
133
124
145
131
84
178
17
70
117
206
75
102
110
59
227
73
155
108
35
68
191
85
81
134
127
155
50
107
197
35
96
75
98
16
52
26
111
113
29
43
156
117
87
58
51
188
70
174
16
162
117
132
112
111
85
65
124
95
31
52
135
73
78
104
145
24
49
86
146
57
161
169
120
106
73
57
72
75
193
107
86
73
62
99
39
70
25
55
21
92
62
162
70
130
80
72
113
88
55
92
127
130
112
132
90
70
134
151
77
45
27
110
77
64
155
145
151
99
121
85
122
30
55
74
46
77
109
180
97
83
43
134
73
151
86
115
65
74
78
121
98
35
70
92
229
78
76
31
24
55
87
63
137
62
12
128
76
175
34
122
140
149
213
63
77
78
101
124
93
164
65
169
116
103
44
97
94
125
33
99
86
88
114
155
144
94
125
49
92
133
166
127
24
168
67
77
39
58
72
45
98
73
58
145
68
117
71
93
113
44
162
51
48
173
62
23
54
118
187
117
118
82
128
175
128
166
45
77
35
62
53
108
71
29
76
94
188
82
18
56
111
105
135
184
83
88
49
119
77
98
187
111
183
74
110
37
41
40
47
106
62
118
125
54
71
37
168
63
79
108
36
82
76
66
47
73
41
13
29
89
91
76
196
113
148
72
83
57
119
119
109
143
33
99
33
74
57
116
112
69
81
19
145
148
53
38
105
144
14
88
120
41
55
12
155
89
115
132
98
40
126
40
172
78
199
38
243
100
113
113
104
157
114
76
142
60
55
48
161
36
170
37
113
162
61
105
45
104
83
68
217
12
106
61
220
228
174
45
49
110
50
84
104
10
83
108
100
132
122
100
37
33
62
42
136
124
61
163
70
113
107
145
125
150
105
95
94
77
147
101
80
165
96
89
162
183
90
78
68
31
36
203
115
55
152
56
127
94
73
121
38
122
68
162
82
219
48
34
132
74
84
152
43
117
100
177
30
89
110
79
119
40
78
75
40
109
116
48
54
96
89
90
115
61
80
130
160
88
157
104
126
100
161
89
186
52
71
129
25
82
209
68
243
99
57
85
46
77
140
179
50
64
20
25
197
151
65
64
46
87
142
99
112
72
35
89
96
11
74
147
100
67
148
89
60
32
115
41
270
89
133
75
64
119
175
205
120
82
152
60
140
31
35
38
152
78
201
112
51
12
64
70
87
206
11
100
226
76
150
210
86
156
179
201
121
78
129
99
96
30
133
184
104
10
93
71
122
70
45
161
47
141
117
122
137
106
43
21
109
55
83
77
136
58
120
54
103
39
103
135
75
106
66
29
73
54
22
75
146
71
22
128
164
76
76
63
31
55
77
219
41
125
24
54
173
75
71
106
169
14
82
53
42
218
62
148
161
59
116
86
167
57
119
163
41
27
89
91
164
126
57
115
31
92
109
108
157
25
172
173
41
205
69
161
70
126
190
103
87
43
50
115
168
103
115
188
87
100
114
41
96
58
242
62
140
142
38
92
102
43
72
122
70
96
128
121
125
19
94
54
148
66
103
87
36
210
67
18
173
67
100
81
97
144
68
223
72
129
112
16
142
68
73
91
158
144
20
154
65
39
25
141
63
166
166
80
145
52
76
124
88
128
46
131
99
65
33
81
186
187
51
6
210
183
135
77
54
69
111
137
107
87
70
94
111
82
76
62
113
129
66
91
31
59
108
162
205
174
85
96
175
75
76
131
19
47
93
75
23
116
103
37
119
168
82
160
63
99
71
86
112
130
114
133
62
68
125
98
59
58
62
42
81
84
106
68
144
15
87
150
94
208
54
39
165
33
61
138
41
107
41
102
10
59
46
79
168
148
96
95
113
99
71
30
96
81
43
35
179
101
203
75
51
119
108
183
80
97
102
54
62
72
98
168
81
143
123
99
99
130
63
150
60
83
96
143
130
39
175
20
83
69
58
52
81
29
26
77
133
66
278
176
71
209
159
79
94
114
139
93
57
42
40
108
130
79
97
199
172
33
27
96
77
189
19
74
142
94
150
202
187
176
91
122
25
104
115
42
119
88
105
180
163
41
204
86
184
136
107
66
129
73
84
55
159
43
77
103
90
84
124
199
198
152
52
107
91
159
65
52
111
116
23
64
88
51
85
82
103
27
163
76
81
52
51
64
149
58
70
69
64
14
104
185
45
102
70
68
128
66
59
116
43
144
46
119
122
38
61
64
33
97
56
45
50
28
51
118
37
223
150
64
120
78
60
68
89
43
90
214
79
92
99
41
113
78
60
75
126
141
120
80
78
101
119
172
50
102
21
127
12
18
77
135
84
48
60
177
162
45
49
132
30
135
59
86
138
168
53
63
130
75
73
143
143
75
62
180
128
83
124
110
63
69
58
58
90
25
52
128
76
44
96
166
52
185
34
61
25
116
111
29
26
102
150
67
104
209
151
152
74
150
60
86
94
105
49
107
111
170
126
122
204
148
72
63
39
136
76
99
65
122
55
40
140
100
109
41
33
74
22
177
119
32
74
121
135
141
137
191
195
106
43
103
185
53
43
42
20
129
140
25
117
77
84
37
90
62
49
74
42
99
193
176
48
130
19
56
102
15
64
82
89
145
81
101
162
147
79
40
65
95
64
157
74
147
53
142
51
120
65
105
63
65
100
179
164
47
96
65
32
47
176
106
72
164
96
183
159
121
84
42
76
51
135
258
180
101
155
94
63
155
67
21
118
182
109
157
144
73
170
90
74
247
167
167
87
204
102
79
105
179
137
84
120
113
75
64
156
74
94
100
160
86
204
132
59
220
132
47
156
65
27
84
18
115
56
100
175
110
60
158
172
60
126
68
81
97
198
85
58
72
159
41
22
49
40
125
111
47
186
131
96
75
40
59
135
78
44
100
140
94
77
198
119
32
177
65
158
141
48
109
143
187
121
107
91
58
76
102
113
72
170
99
17
111
105
161
90
88
120
60
88
107
45
49
44
77
24
90
63
102
94
186
19
74
109
67
83
83
45
62
167
86
21
62
141
82
82
79
78
143
17
104
127
72
63
117
81
91
63
135
28
16
126
79
91
28
82
41
85
14
80
144
185
133
112
96
93
166
217
44
189
168
122
135
17
33
162
71
132
79
144
31
164
79
63
130
18
168
62
167
69
125
147
108
216
101
127
105
112
99
64
41
86
150
62
41
78
57
150
110
140
25
189
130
46
120
74
110
12
34
52
159
156
61
171
21
32
169
89
119
135
204
65
196
64
124
40
58
98
11
159
71
165
84
36
62
123
88
163
60
49
32
102
93
84
160
44
65
63
39
139
76
69
69
109
40
92
87
62
120
102
92
125
63
138
128
131
145
127
189
59
149
165
66
84
77
140
56
42
79
121
110
110
139
84
195
33
59
95
94
57
151
118
68
109
64
101
88
31
52
70
144
115
100
83
56
94
66
142
98
59
82
186
80
155
198
102
112
107
48
88
97
196
107
74
57
131
56
132
70
115
218
105
187
248
48
105
173
121
84
205
46
93
72
31
126
98
140
59
65
137
86
63
169
102
81
91
106
54
127
82
87
101
89
172
118
201
161
66
210
160
58
90
116
67
90
82
156
146
29
223
121
170
107
161
181
57
75
111
33
41
148
84
65
130
69
44
72
176
158
125
74
71
59
107
130
17
69
47
125
128
128
71
93
121
87
73
193
163
107
81
144
21
77
187
34
49
90
27
138
66
53
65
63
22
48
59
41
204
73
99
78
81
144
59
98
106
139
90
52
84
123
100
89
80
26
65
64
96
71
200
155
104
28
141
222
85
181
65
45
177
142
78
77
97
42
208
81
148
113
76
215
98
112
126
91
68
133
81
215
77
175
76
114
36
74
145
102
155
105
128
182
51
91
58
55
146
67
142
41
29
81
78
24
225
126
75
115
127
109
193
88
68
104
163
68
11
136
113
145
20
40
103
62
133
89
76
102
164
97
93
