553 744
468 625
71 618
95 281
534 243
403 365
604 145
377 734
600 406
519 218
751 607
218 578
712 216
761 481
791 238
540 797
652 298
718 478
575 132
693 356
337 340
183 152
785 285
133 771
498 52
211 529
673 445
257 686
588 196
63 712
205 5
192 462
710 709
391 140
538 21
666 453
756 582
108 714
754 663
656 132
461 32
283 609
97 525
488 490
116 127
561 317
598 186
143 714
571 290
217 256
567 190
562 2
413 762
559 338
277 112
249 521
653 93
356 69
190 174
605 286
56 299
753 795
241 332
262 448
506 502
461 507
703 422
737 240
715 513
435 570
38 360
471 338
45 45
774 460
248 64
366 677
525 714
638 9
452 370
471 112
740 370
419 608
48 522
139 463
304 686
560 613
120 466
471 33
136 330
622 54
798 543
405 761
22 560
24 509
530 225
683 669
545 757
146 505
374 556
637 465
431 796
258 6
103 569
775 559
749 754
85 672
790 88
440 712
355 784
635 642
533 481
708 70
689 343
197 309
732 8
660 367
313 606
560 305
275 509
628 46
487 438
117 2
659 374
172 243
721 160
498 139
55 335
731 454
405 373
629 753
168 771
98 27
695 745
255 57
384 213
291 560
758 295
659 463
77 232
610 70
656 100
286 39
119 641
166 425
156 272
354 91
10 332
169 266
174 757
35 534
503 124
691 156
720 206
722 447
756 434
377 622
576 777
760 326
342 54
531 686
82 405
684 461
753 700
255 351
132 412
286 385
58 700
488 237
115 617
676 673
298 289
267 240
689 529
444 33
429 291
430 484
682 704
531 544
557 97
335 145
747 264
145 52
162 777
338 161
753 363
506 221
642 780
538 56
32 275
436 720
163 48
3 582
69 172
269 37
188 542
493 720
127 597
665 365
701 253
135 357
774 367
777 640
736 142
625 288
96 559
291 616
738 636
97 516
704 81
141 423
330 503
233 796
144 731
275 192
743 404
701 446
564 357
222 590
605 672
247 417
127 250
366 176
87 721
744 162
464 190
531 14
518 200
514 57
97 622
330 67
732 800
359 646
244 356
209 733
434 460
236 149
234 294
133 318
757 465
565 97
676 291
144 138
80 76
730 106
453 480
235 675
43 118
229 57
38 216
715 764
724 581
691 46
86 80
800 585
352 571
373 280
436 311
416 584
55 364
511 522
99 781
188 5
130 62
422 369
3 707
31 466
578 672
20 492
26 755
745 28
774 222
697 420
444 757
640 394
128 642
463 718
436 520
293 46
110 460
557 542
434 659
750 768
431 342
779 356
163 627
433 550
664 317
77 764
9 145
289 329
257 293
405 242
358 184
389 357
622 399
193 82
324 56
191 785
664 31
577 368
768 705
113 589
157 477
276 518
273 738
64 418
164 543
291 575
604 583
625 740
746 635
492 323
418 597
52 242
202 335
473 730
46 404
25 267
382 50
238 227
695 180
499 497
591 289
731 389
253 37
776 335
535 792
515 692
514 5
148 692
730 632
425 635
499 423
696 548
616 233
314 292
695 12
363 222
557 168
616 716
23 132
80 296
141 757
589 425
369 563
92 568
652 786
428 618
596 33
493 121
510 764
699 370
537 440
521 168
687 246
226 732
500 58
309 772
72 366
370 235
583 390
658 57
206 645
722 173
760 120
281 212
697 767
321 268
278 227
180 190
616 4
14 151
357 151
323 692
212 659
87 202
310 175
116 497
426 760
3 9
10 431
235 508
660 547
440 592
144 293
379 759
54 88
531 41
669 11
657 8
160 610
783 86
619 220
361 96
200 437
506 491
517 525
574 651
713 566
467 535
112 197
159 218
83 143
138 188
132 346
152 202
111 251
225 387
267 380
29 268
103 250
260 268
100 272
17 35
38 206
103 253
211 233
361 389
257 285
39 124
60 358
132 186
99 215
141 277
27 374
125 349
59 240
228 274
277 296
50 334
29 264
49 144
239 387
122 197
173 227
328 387
11 306
82 204
57 318
20 165
66 161
365 368
101 193
87 173
40 356
262 295
284 301
29 166
32 104
70 305
216 322
77 298
3 188
197 273
3 317
364 391
379 386
189 272
66 122
156 309
174 255
104 230
136 184
89 389
149 267
228 390
135 303
89 348
188 317
225 328
73 127
179 292
150 178
75 155
90 253
241 252
30 324
65 395
168 204
38 162
103 398
196 306
68 238
237 384
19 271
130 212
23 37
2 191
36 398
198 354
229 393
196 228
215 271
193 277
124 364
181 252
57 393
54 277
40 227
192 340
62 289
265 267
180 354
67 354
195 350
33 292
124 320
115 271
10 103
130 355
141 193
295 324
14 152
141 158
215 238
227 387
23 130
183 376
101 277
43 321
153 238
102 301
259 321
156 326
195 327
204 345
123 147
227 349
88 384
53 117
171 335
98 210
108 378
134 359
86 143
45 360
69 81
133 296
225 227
53 59
26 137
42 93
196 390
77 251
55 303
312 344
41 205
126 316
97 194
37 287
235 376
193 247
205 373
217 374
219 232
44 181
59 117
70 358
195 272
113 384
167 224
54 235
285 344
32 249
168 345
15 326
179 372
160 209
155 257
54 296
155 280
0 96
132 169
164 302
52 315
47 148
109 218
128 263
201 300
273 343
95 310
0 339
30 133
61 249
50 392
118 135
119 298
243 251
156 346
292 359
180 240
187 328
78 332
8 273
245 362
80 184
43 244
80 323
88 147
66 214
362 390
248 375
15 76
17 26
31 302
139 239
44 252
318 393
55 307
120 332
81 331
61 366
171 290
104 132
155 347
146 317
166 222
248 340
79 150
174 293
221 372
106 391
44 262
134 221
86 97
153 271
32 330
4 226
160 199
93 207
230 366
114 388
87 225
204 228
125 226
78 263
34 387
355 374
228 345
160 358
290 368
34 328
257 344
169 176
150 356
192 313
280 312
64 177
383 399
38 300
148 211
36 68
166 264
152 320
155 312
66 215
7 373
302 394
298 389
140 361
218 339
51 227
119 388
115 294
317 341
242 262
337 376
303 307
233 304
113 237
148 329
116 135
86 209
32 95
59 286
47 105
170 368
174 256
99 343
83 377
114 298
216 299
32 169
140 208
44 246
139 348
8 343
73 238
319 365
31 219
48 59
1 312
10 36
100 189
282 311
306 390
34 356
16 240
131 242
1 280
128 256
150 338
43 276
77 89
286 351
275 378
3 88
17 215
227 328
124 202
164 209
152 270
136 325
244 259
153 323
137 161
340 371
94 224
126 160
273 299
6 18
30 101
67 198
265 305
145 183
72 386
250 330
337 359
249 281
102 228
107 331
193 324
111 269
49 113
145 372
3 375
56 251
36 330
60 188
103 333
250 398
185 226
149 191
24 34
162 281
110 332
101 324
264 268
23 260
81 231
2 92
337 372
202 364
200 325
321 395
164 278
162 330
19 286
59 392
118 303
61 300
357 373
199 237
11 135
3 220
163 236
80 325
26 215
184 323
13 153
30 193
39 151
30 190
284 374
87 227
185 338
117 322
154 214
2 102
151 152
61 230
221 337
49 319
247 295
65 259
180 270
105 168
34 225
171 368
212 260
186 339
18 353
155 344
171 376
71 256
32 206
182 342
181 247
96 350
5 128
112 323
85 397
120 244
135 307
8 53
22 283
153 214
285 312
23 47
64 352
196 284
85 218
396 399
150 239
3 237
130 233
259 395
3 126
78 128
171 213
44 375
35 66
74 193
182 233
142 274
8 294
208 361
53 360
11 194
102 196
152 363
118 381
144 314
278 302
33 393
31 209
251 298
31 86
252 379
85 279
217 307
249 346
141 229
136 180
219 394
143 219
132 309
202 223
143 278
35 99
4 9
68 398
34 348
193 229
28 46
64 399
202 320
323 351
147 220
9 50
347 383
60 258
61 104
69 257
133 141
91 272
0 266
60 146
17 66
246 340
290 314
331 347
198 240
25 381
12 152
309 366
47 233
112 351
320 363
170 365
202 363
200 323
120 234
80 351
52 378
114 336
36 206
114 251
308 382
86 164
111 361
137 271
19 240
166 287
214 323
9 185
227 356
302 377
63 394
163 219
172 250
62 163
77 348
187 348
183 292
335 367
3 138
69 383
248 371
8 122
49 369
143 394
168 284
72 121
329 342
183 221
233 245
66 153
24 87
170 289
107 280
3 384
1 347
124 151
44 241
82 102
8 299
260 342
65 244
50 185
107 378
77 388
84 231
2 196
192 371
41 116
82 93
14 22
127 214
248 313
188 248
81 383
18 239
301 345
54 247
25 55
148 182
41 307
69 347
190 252
35 215
178 227
212 329
26 35
315 378
83 207
254 312
173 318
100 385
30 74
272 350
335 359
319 368
188 341
196 301
48 53
278 377
223 363
142 228
146 358
12 124
155 331
4 28
181 295
112 122
106 202
34 87
308 397
23 342
163 314
37 166
162 176
60 138
178 187
222 260
51 387
271 351
190 247
208 298
328 356
96 327
139 140
128 293
97 204
82 265
226 353
183 337
83 209
197 286
123 319
26 127
263 282
28 226
179 213
47 342
202 391
154 200
256 282
0 327
12 151
75 331
180 198
24 356
203 392
2 142
126 146
19 80
160 164
250 333
142 329
56 151
113 123
83 97
225 356
214 351
104 249
179 393
1 331
261 262
147 236
26 153
25 194
292 365
47 222
81 347
81 312
195 275
134 291
124 363
51 328
74 133
56 111
54 376
63 381
0 15
260 287
175 234
12 363
178 387
76 326
78 293
30 181
207 278
11 118
70 126
8 216
42 204
144 220
314 384
3 147
202 243
220 341
100 315
79 356
372 393
329 362
127 153
80 283
98 344
257 276
109 176
246 252
125 178
305 316
210 254
359 367
44 192
145 229
63 303
127 154
134 183
159 195
131 181
117 311
48 334
116 155
17 172
5 256
126 317
276 399
320 354
36 310
143 302
131 386
88 144
218 266
51 225
169 330
341 384
152 198
156 186
43 259
288 386
231 373
168 390
301 390
74 295
2 345
114 269
0 129
122 294
65 399
207 267
269 336
111 298
77 119
12 320
2 228
52 91
255 335
195 326
6 239
349 356
45 322
229 318
23 148
66 271
80 112
250 382
182 297
11 25
130 260
84 373
207 345
128 282
275 280
110 396
33 57
4 50
61 281
272 385
26 273
395 399
159 397
185 224
57 141
235 369
299 343
156 350
20 289
271 323
1 383
82 267
102 306
173 356
34 51
95 109
305 380
289 335
41 84
0 326
283 325
275 327
37 47
51 187
19 351
212 233
176 339
89 119
43 395
222 342
24 387
64 395
109 397
113 232
45 117
106 364
126 358
20 128
290 319
208 243
91 378
4 167
279 308
285 399
213 368
284 390
88 314
289 367
258 341
9 28
68 382
34 227
6 39
17 153
242 252
126 258
28 334
116 231
181 262
119 139
165 289
313 341
116 205
50 353
89 139
42 149
155 231
127 161
116 344
268 287
19 122
67 270
276 321
57 158
74 324
60 248
121 131
316 358
64 321
221 292
24 187
361 388
276 285
172 333
148 342
187 356
104 162
194 217
24 349
134 292
67 180
1 69
149 345
205 245
39 46
83 86
196 345
190 261
168 274
14 270
330 398
120 352
69 276
105 142
10 38
138 341
290 335
181 190
84 245
214 238
138 375
263 311
171 319
256 293
237 341
175 244
109 169
86 278
236 319
265 278
235 365
27 355
123 220
68 172
120 321
113 147
211 297
175 285
192 288
111 140
104 300
136 283
98 312
46 338
121 181
255 291
99 137
274 390
269 391
11 41
71 78
258 305
42 97
137 215
256 291
162 310
112 115
117 203
60 313
139 361
129 366
53 311
22 157
245 304
0 156
244 321
220 237
69 285
64 396
285 347
162 206
56 140
104 366
204 207
129 156
131 379
37 105
24 173
372 376
29 47
23 287
167 256
74 247
65 276
80 214
256 311
222 287
23 297
68 161
121 252
170 335
257 312
130 211
167 185
255 359
5 20
231 347
11 55
45 311
254 307
123 384
158 318
64 244
161 215
116 307
176 366
315 327
291 292
203 286
15 96
31 394
194 390
236 289
343 352
28 50
0 350
229 277
60 317
171 365
149 265
43 175
17 333
262 386
285 383
66 127
165 232
129 132
74 277
309 339
212 297
6 338
201 250
213 319
55 194
284 362
206 300
77 361
172 398
7 107
65 175
212 287
214 271
76 96
244 395
73 154
10 90
40 328
211 357
37 342
149 207
212 342
69 399
230 281
29 222
367 368
36 201
333 398
75 373
67 320
356 387
368 376
169 206
18 178
176 309
89 370
109 308
31 381
139 370
168 196
171 236
312 347
41 254
300 310
187 225
258 358
7 75
296 318
309 346
20 335
181 242
75 280
24 40
127 215
110 177
7 189
19 184
2 274
256 263
363 364
336 389
153 215
50 226
252 340
209 278
91 107
49 58
113 290
291 359
271 273
42 83
112 286
199 209
52 189
43 234
9 94
331 383
2 168
88 199
142 301
125 150
85 266
265 380
71 263
185 353
170 171
223 320
33 179
52 275
68 333
121 262
87 356
64 279
84 304
395 396
334 392
104 176
166 268
94 185
29 105
3 313
65 234
138 317
47 182
13 90
19 197
77 139
222 264
95 330
362 374
52 385
183 372
21 58
221 376
28 94
67 363
16 286
194 302
5 293
125 224
124 223
272 315
131 252
171 367
136 157
224 226
91 189
237 314
49 62
45 203
145 393
202 208
170 367
29 287
336 388
92 345
11 390
31 63
228 284
6 28
7 378
137 172
200 214
10 310
177 279
81 257
254 257
151 202
255 282
83 164
303 381
72 379
298 370
56 89
188 313
233 297
292 337
327 397
240 354
186 366
11 284
182 211
158 296
162 201
241 262
231 331
227 239
110 120
63 118
158 193
82 92
42 82
201 206
138 248
100 108
246 288
16 354
157 200
97 306
86 207
244 276
78 256
321 396
249 366
46 334
10 201
38 310
101 247
44 386
205 307
93 149
36 333
48 203
334 354
127 238
304 357
110 395
62 165
316 380
21 241
243 391
80 157
186 309
146 258
55 63
83 278
223 270
70 258
5 78
107 315
266 327
115 122
54 179
60 70
115 273
93 191
246 375
102 204
148 297
298 336
133 193
52 272
214 283
108 385
187 387
371 386
54 74
189 280
3 60
182 260
75 84
65 396
253 310
246 371
12 198
125 338
174 263
232 289
174 282
121 190
129 176
54 229
153 154
233 355
131 261
174 291
37 212
122 271
182 212
110 352
160 278
68 127
27 205
204 377
209 394
189 315
13 154
241 295
94 226
220 313
199 384
240 286
109 339
107 385
58 235
16 112
62 236
167 226
365 376
179 376
172 382
33 134
26 66
251 388
105 274
30 247
37 142
23 182
32 366
43 110
288 371
274 284
190 295
59 322
33 372
110 321
13 17
129 346
91 275
181 261
42 196
138 313
156 339
327 350
160 305
11 381
130 148
80 200
111 391
294 343
58 319
275 315
221 359
10 250
49 290
36 90
94 353
36 250
134 337
72 246
224 353
42 267
27 233
52 100
169 218
99 161
315 350
257 383
129 339
58 369
86 302
8 352
110 279
70 341
76 315
257 331
200 283
197 294
243 363
7 108
51 348
95 176
111 208
10 333
21 44
313 317
90 103
69 344
292 372
118 307
99 294
273 360
47 130
40 387
28 338
50 338
204 301
91 108
82 345
113 236
12 223
35 161
17 68
145 296
48 322
133 277
22 136
184 200
348 370
150 349
135 210
247 261
96 156
91 385
71 311
87 387
194 306
222 268
55 381
163 165
31 143
108 357
152 223
245 355
274 301
64 110
33 221
192 386
203 334
81 280
290 367
216 294
76 350
92 204
170 290
321 352
343 360
59 334
74 141
31 97
118 210
160 258
220 384
135 205
232 290
38 169
98 155
32 38
1 257
105 264
167 353
179 229
121 261
266 339
165 290
230 346
97 377
27 245
87 328
333 382
193 296
177 259
34 187
56 208
153 161
217 284
321 399
43 332
52 107
76 275
123 144
53 299
298 361
162 300
208 251
22 180
348 387
164 394
2 166
29 37
189 195
18 139
234 244
252 262
259 279
25 303
10 253
126 188
46 50
125 353
19 115
38 330
11 307
222 329
28 392
86 377
126 341
116 254
312 331
283 323
98 285
26 161
197 271
251 389
9 224
149 204
242 386
43 65
69 331
43 120
132 176
122 286
1 81
158 393
226 338
52 108
111 336
93 265
183 213
234 276
348 389
187 227
192 248
266 397
66 137
117 216
5 174
145 318
210 303
93 267
207 377
159 266
158 229
244 332
83 394
23 212
72 242
291 337
255 337
84 205
77 389
134 255
216 343
64 259
273 294
21 369
192 246
47 212
88 341
224 291
95 169
242 379
41 135
346 366
194 381
94 167
265 316
247 324
189 385
78 311
216 360
62 232
55 135
4 94
27 373
183 365
189 378
31 83
206 330
62 170
45 48
160 380
65 285
63 165
7 52
113 199
297 342
294 360
16 322
56 361
4 185
145 277
164 305
76 266
201 253
30 261
12 67
177 395
130 182
89 140
43 64
277 324
203 240
199 314
131 262
73 153
37 260
310 330
205 217
246 386
258 316
187 239
138 192
190 262
45 59
101 261
197 351
70 146
365 367
242 246
18 28
49 123
109 266
145 158
35 137
147 237
140 151
21 123
58 241
89 298
119 140
195 315
313 375
132 249
42 377
35 271
132 230
29 260
17 161
228 301
274 329
280 331
296 393
192 241
9 338
259 399
236 290
150 227
19 112
370 388
157 323
7 272
305 358
297 355
107 275
272 275
163 170
148 233
4 48
127 271
89 361
13 127
85 177
68 103
147 384
139 178
82 191
81 155
27 84
49 147
25 31
39 361
16 59
280 347
96 195
57 145
2 204
302 306
42 301
151 320
163 290
14 180
352 360
151 223
144 384
174 311
0 159
141 296
7 385
179 183
275 350
101 133
18 46
10 206
217 390
374 390
70 380
175 276
56 298
298 388
146 188
10 398
135 254
144 147
25 217
133 247
218 309
203 322
278 305
3 144
154 238
42 102
15 350
111 243
270 363
0 195
39 140
322 334
335 368
102 207
22 325
282 293
319 369
49 171
257 347
213 235
107 189
138 220
96 159
26 271
272 378
18 338
97 278
357 385
9 353
255 367
95 218
312 383
242 340
67 136
88 237
0 76
79 125
177 396
36 253
105 329
160 316
56 139
170 236
279 396
206 398
32 300
134 372
158 277
70 160
177 321
94 338
8 99
323 325
104 281
123 236
287 342
71 128
49 368
92 93
6 178
211 355
20 255
263 293
79 349
2 105
16 203
122 351
79 227
235 319
189 275
220 375
119 370
67 152
42 278
26 99
42 345
111 114
49 365
183 393
12 180
213 365
97 207
98 257
245 374
151 243
129 186
105 228
107 195
48 216
92 149
115 351
42 207
223 364
89 388
65 321
92 267
20 170
66 154
144 237
352 395
38 95
40 87
45 53
133 324
9 226
7 357
141 247
20 367
152 354
348 361
371 375
378 385
289 290
142 196
198 320
25 306
58 123
50 125
184 214
132 281
179 221
60 341
47 329
50 94
5 71
184 351
152 180
96 326
59 203
255 256
161 172
161 271
154 323
39 320
20 293
63 219
209 302
157 184
251 269
296 324
178 239
33 145
178 349
32 281
13 238
157 180
74 101
76 195
113 144
221 291
62 113
250 253
9 167
23 222
16 198
78 282
281 300
168 301
42 86
97 302
24 79
205 231
27 304
100 378
130 297
162 249
332 352
8 360
306 377
212 222
33 183
259 396
370 389
132 162
113 314
57 296
217 362
69 312
199 358
349 353
382 398
230 249
210 344
147 369
7 91
13 73
133 295
388 389
18 50
130 342
165 219
64 65
53 216
110 259
206 250
72 131
250 310
254 344
186 346
49 236
11 217
81 285
76 159
231 254
115 197
119 361
107 272
124 152
251 361
21 295
36 103
6 46
213 376
37 222
40 173
336 361
22 270
43 396
51 370
27 362
121 242
57 277
339 397
304 355
214 215
77 336
46 94
280 383
56 119
129 309
136 198
106 243
332 395
5 263
143 209
244 399
299 360
21 235
251 336
41 217
112 240
24 328
288 340
223 243
66 323
236 314
16 197
247 277
294 299
98 254
95 206
6 50
32 132
46 392
43 399
83 302
154 215
66 80
61 132
163 232
157 283
232 236
159 315
142 168
68 250
298 348
241 369
38 201
184 325
5 282
206 310
168 228
155 254
169 339
176 249
86 160
4 322
122 273
338 353
4 117
131 190
32 162
72 252
60 126
82 149
150 353
164 199
208 364
192 375
170 255
82 207
85 308
22 67
13 68
12 354
14 67
292 376
45 299
243 364
54 133
12 270
24 225
39 208
117 299
124 243
53 322
25 118
232 314
48 117
145 179
326 350
337 367
119 348
2 301
248 317
91 100
208 269
142 284
102 168
17 73
28 353
148 355
69 98
201 310
304 373
71 282
71 174
14 136
201 330
157 325
24 227
218 397
120 395
25 97
148 212
123 369
44 242
261 324
88 113
77 370
19 323
229 296
143 164
142 390
196 204
354 392
11 362
113 163
163 289
3 341
75 231
211 304
105 166
35 153
10 330
248 288
62 290
76 327
45 216
92 191
0 309
32 176
105 222
39 56
17 127
141 324
17 238
15 156
106 269
340 386
70 316
37 329
102 345
115 286
119 389
151 363
252 386
101 141
62 314
175 399
132 366
57 229
66 351
184 283
159 327
55 118
196 274
70 188
281 366
42
144
114
179
88
120
84
33
105
118
118
134
90
94
77
71
134
96
65
120
118
64
164
26
72
34
210
37
37
73
62
76
194
31
127
41
126
164
78
104
97
27
84
63
75
175
187
39
143
151
143
52
116
77
198
62
173
114
171
67
91
134
107
129
67
78
114
61
25
19
109
51
75
88
69
152
130
131
136
48
109
191
83
67
130
139
92
113
129
46
87
113
63
33
168
173
32
79
87
127
140
78
82
104
104
128
52
195
67
100
49
205
172
63
157
61
96
90
106
39
64
46
51
102
106
12
42
174
46
38
172
128
97
61
181
166
78
185
96
141
61
221
60
130
35
136
24
165
133
103
225
53
100
81
125
129
70
61
100
79
56
81
76
65
70
21
52
85
154
195
130
36
204
172
203
84
115
48
125
94
165
142
109
127
106
129
71
153
89
67
88
80
201
124
82
15
38
61
132
59
94
148
178
82
83
109
131
63
203
30
34
142
160
120
108
140
41
225
65
121
42
7
151
86
52
76
116
94
184
118
78
157
187
106
137
79
48
142
63
104
188
58
117
90
187
165
130
96
101
82
128
154
58
49
111
58
196
68
48
68
116
212
114
90
85
129
149
88
64
189
182
133
125
139
173
93
142
44
113
111
149
29
134
143
215
79
32
24
125
127
57
167
74
151
106
187
76
40
144
92
105
195
108
58
169
136
103
72
128
56
20
94
58
174
91
38
40
162
118
177
61
82
89
143
96
125
135
24
95
109
179
27
124
124
110
163
75
60
96
109
20
72
118
51
140
148
78
91
43
118
130
165
83
34
18
71
205
76
67
19
214
198
63
152
47
91
91
54
64
71
160
103
145
168
51
182
100
65
146
67
65
82
50
97
114
126
120
13
44
140
200
180
60
119
110
161
82
201
41
21
138
109
151
20
107
127
113
52
97
186
62
203
57
118
54
144
57
165
106
91
94
93
51
84
19
62
114
100
95
91
55
79
115
127
97
68
90
153
112
159
196
200
140
55
151
197
196
60
188
55
29
104
81
105
39
150
70
55
66
74
29
173
65
28
85
101
108
165
90
54
179
51
58
58
34
110
164
45
76
139
98
54
90
103
22
110
57
101
98
139
105
82
148
115
45
19
30
126
69
114
119
30
115
152
36
31
118
64
77
184
142
43
145
159
152
86
137
69
66
89
66
81
112
41
35
84
130
85
56
148
63
85
123
138
136
89
55
86
143
56
144
27
84
72
150
95
42
66
125
242
69
84
83
19
139
139
126
130
126
176
66
232
77
138
31
129
64
29
55
89
70
126
115
158
111
224
175
137
32
138
58
160
210
135
175
64
94
194
178
65
72
158
40
125
78
63
146
106
55
176
138
64
104
129
108
91
162
78
86
72
145
77
8
108
130
62
66
140
84
97
198
176
74
67
140
35
81
98
236
91
65
69
214
73
22
21
42
44
31
73
30
178
178
170
98
51
45
77
65
229
191
122
145
247
38
99
37
51
96
132
72
76
229
120
69
179
25
106
12
88
154
122
197
65
148
98
119
94
179
62
91
85
88
123
152
84
169
156
167
102
164
126
109
166
100
38
87
86
132
143
72
99
149
151
117
109
148
146
45
128
54
64
209
85
98
92
74
39
19
81
105
144
126
48
107
56
12
160
120
82
111
181
26
74
75
118
108
96
160
60
96
101
140
114
154
187
75
170
199
94
107
92
54
158
135
79
88
61
92
151
133
51
63
97
136
43
133
122
20
21
182
35
19
176
116
17
50
70
206
128
73
26
130
159
91
67
33
154
150
152
179
152
93
150
54
15
68
72
79
47
36
123
78
71
117
41
98
66
74
189
126
79
118
172
54
35
109
46
132
20
28
112
73
35
26
77
83
65
83
74
75
31
126
148
100
210
49
86
57
64
54
86
119
115
118
126
175
158
52
86
142
51
137
76
116
77
66
112
32
135
157
163
135
55
43
125
129
63
122
173
63
83
72
175
50
164
58
50
124
111
181
102
131
157
102
199
103
101
72
158
80
143
89
101
181
118
105
204
33
65
153
124
10
161
71
144
177
109
93
87
103
86
126
29
43
38
158
124
135
183
122
40
17
178
57
72
104
158
173
103
84
79
46
70
50
40
159
125
149
84
78
72
159
96
108
31
141
49
85
69
113
156
125
147
129
115
114
76
73
49
91
131
201
78
107
70
146
110
66
161
53
200
66
118
134
61
170
113
140
113
81
32
62
95
55
136
171
47
121
181
89
170
207
60
120
116
70
75
66
47
166
46
135
206
60
41
58
145
149
97
115
207
116
42
137
101
165
68
134
69
42
43
74
241
73
141
200
91
73
155
121
93
104
69
165
16
136
129
75
69
33
90
93
103
69
95
141
73
188
71
140
102
152
109
83
25
183
96
41
137
138
146
81
154
88
48
79
97
90
34
44
22
25
96
110
105
48
176
48
114
66
105
130
172
88
138
108
198
103
109
9
69
86
133
61
172
176
73
123
78
120
160
111
39
41
54
178
92
195
121
118
139
158
104
64
162
65
187
112
134
222
164
19
71
133
132
129
96
67
205
112
111
102
54
136
49
165
59
96
107
98
133
34
23
138
67
83
78
191
57
68
171
146
166
75
88
78
97
67
60
86
106
99
128
170
47
149
29
60
77
133
15
116
87
93
219
170
24
47
56
59
40
169
38
20
91
58
135
72
147
125
104
88
45
63
79
142
147
125
131
108
75
79
41
114
83
69
103
81
70
169
180
86
122
80
114
109
146
49
143
177
57
203
86
76
135
98
67
118
54
36
209
53
90
147
104
219
75
170
86
18
38
119
30
51
70
66
44
121
137
83
34
134
78
31
95
24
44
158
103
144
42
134
37
57
89
95
93
63
96
88
236
102
69
90
63
133
43
116
31
60
168
122
171
132
140
23
115
193
60
131
38
19
116
199
56
40
108
57
160
75
78
83
71
58
62
87
83
182
72
188
42
54
111
49
78
37
29
85
30
196
151
79
68
76
173
56
151
22
98
129
77
103
120
57
39
121
238
105
146
122
76
57
175
93
190
84
80
68
146
111
138
77
166
74
144
69
161
106
153
228
170
157
77
221
129
49
75
108
50
173
86
48
70
51
132
109
163
90
156
72
84
46
48
37
115
176
191
171
119
60
133
75
69
131
96
70
98
50
68
94
101
185
149
113
33
102
127
110
112
109
35
135
121
184
124
49
37
133
154
121
142
72
116
61
82
92
114
161
162
120
37
73
21
88
144
160
125
156
25
68
119
27
208
168
94
97
71
78
139
55
195
111
60
48
114
93
37
173
135
8
103
60
59
88
50
76
72
161
103
49
39
125
33
144
171
57
120
15
108
42
126
106
104
95
97
91
65
109
57
101
177
153
143
61
40
58
171
23
171
58
92
96
144
71
130
202
23
201
87
70
143
118
65
96
196
56
89
188
77
78
118
159
81
12
181
140
94
113
69
168
46
125
73
41
74
116
171
45
74
118
39
160
182
112
86
39
130
20
111
73
180
133
159
25
105
127
108
101
85
66
101
119
182
106
91
124
96
136
147
81
148
72
91
188
25
94
198
161
34
128
142
73
142
28
150
133
124
66
47
77
78
78
60
163
86
131
58
157
49
147
138
96
27
68
75
75
54
126
151
52
112
88
63
126
126
84
138
188
136
62
135
87
110
82
80
11
144
211
66
24
115
149
144
101
60
203
33
221
147
19
69
71
65
110
71
40
118
140
77
160
70
95
87
145
168
166
185
91
26
149
171
148
129
55
108
75
98
95
45
158
31
54
175
160
77
178
129
104
173
118
54
178
231
198
156
57
62
134
65
175
69
119
112
165
70
65
16
105
108
78
94
99
123
98
174
136
17
46
58
51
149
175
181
135
130
142
141
123
131
146
101
82
198
103
165
62
55
33
121
73
139
86
64
54
77
135
79
116
155
77
93
98
49
145
112
20
161
140
213
39
104
68
47
144
208
82
80
66
131
173
36
114
55
95
57
191
174
59
87
30
102
88
52
170
93
145
15
47
136
26
86
125
63
165
119
122
119
131
230
102
38
106
34
94
88
85
96
28
134
97
131
98
47
31
85
39
162
75
224
7
76
132
109
80
87
65
58
58
51
35
96
107
111
161
194
102
91
110
55
98
91
96
84
84
33
143
123
190
41
25
114
45
58
89
148
115
119
20
151
83
60
109
167
91
36
86
142
108
72
114
45
128
97
78
35
46
188
139
58
140
122
96
93
73
54
15
31
80
160
203
171
120
37
47
110
197
89
57
91
24
100
128
90
70
102
94
102
133
123
70
64
120
134
73
108
90
69
176
151
143
138
145
116
49
109
58
119
105
97
91
86
126
93
82
176
148
101
131
59
139
42
180
115
56
46
21
97
128
71
106
62
142
194
130
50
136
16
100
100
100
202
98
76
79
59
60
108
66
60
98
120
56
52
114
66
198
68
81
86
40
40
81
112
188
129
54
117
24
71
50
52
71
75
40
184
42
52
96
45
51
80
113
87
80
