652 316
538 616
173 659
278 173
272 278
420 628
62 421
212 605
656 179
598 136
74 52
631 267
173 130
104 310
212 766
255 126
799 46
647 47
640 491
782 469
231 333
533 780
694 98
583 219
154 279
226 53
59 226
392 298
454 471
379 699
312 132
257 462
390 511
140 134
448 65
597 762
50 531
371 308
782 714
358 143
133 420
126 211
697 229
469 587
760 721
516 311
719 652
566 795
266 300
680 129
743 617
93 606
163 533
715 273
136 276
482 645
700 731
693 695
784 511
142 31
406 171
123 363
24 238
329 392
145 294
528 258
222 118
716 472
721 320
168 208
449 468
37 155
98 504
19 360
407 447
711 674
133 71
750 265
343 35
700 763
71 119
333 6
253 606
109 168
19 524
516 606
166 460
76 343
473 520
295 68
185 42
424 398
529 373
375 231
635 587
93 369
294 62
578 259
758 89
129 77
108 794
669 406
407 194
777 365
344 690
677 475
764 358
193 795
615 658
171 679
86 729
697 332
214 423
796 488
529 279
702 29
212 259
609 330
175 51
666 732
719 246
285 717
388 194
266 637
797 416
80 217
122 407
330 606
289 798
84 786
689 690
70 695
437 665
36 538
793 494
191 557
543 701
617 686
381 305
191 594
753 505
417 177
448 635
719 372
428 541
697 216
705 8
786 136
276 60
608 739
196 24
102 287
468 306
695 344
640 530
657 395
304 81
213 50
388 211
406 571
585 129
499 117
411 312
298 543
445 391
470 716
794 543
368 25
770 359
13 263
341 729
131 151
256 762
792 591
559 338
457 374
775 356
183 425
62 774
645 122
26 667
282 284
209 670
276 657
469 742
688 325
101 199
498 306
524 181
453 791
202 717
104 45
9 457
269 238
384 57
4 639
637 416
578 605
459 778
195 615
400 720
19 10
636 340
390 696
621 713
447 238
43 392
396 193
657 551
384 676
403 298
389 19
543 87
66 387
262 648
603 757
144 505
500 377
749 381
154 687
419 236
109 201
743 799
717 707
717 280
117 708
367 785
683 141
510 218
584 258
586 590
215 122
123 745
83 635
788 567
741 75
472 670
39 202
726 616
211 282
535 137
135 744
615 555
600 154
461 637
738 188
249 698
374 458
263 41
508 117
757 429
157 562
319 227
83 302
450 319
419 701
580 401
417 568
85 504
376 536
294 396
780 213
55 479
667 117
548 279
509 460
618 763
34 670
293 659
28 703
290 269
299 111
772 609
439 301
657 190
231 377
56 551
15 702
460 697
241 112
314 246
172 3
75 647
642 198
416 788
720 178
77 393
262 397
427 271
651 588
785 153
496 726
639 384
725 1
575 446
91 489
108 223
475 506
258 365
538 429
577 695
331 769
781 583
602 316
794 502
39 358
46 554
478 233
663 305
678 413
215 785
38 513
461 288
230 425
666 130
758 647
660 692
721 424
665 66
705 21
730 539
8 465
530 742
599 348
504 426
365 218
193 293
639 602
664 278
551 54
59 739
4 62
725 147
159 14
553 457
63 366
387 240
319 237
71 577
778 565
633 194
153 432
424 183
335 785
571 275
60 786
249 331
255 634
536 336
340 30
480 670
15 317
404 35
366 234
583 539
78 459
54 304
678 5
87 590
42 756
178 2
218 672
134 632
347 507
459 788
485 572
153 463
377 260
247 738
9 323
619 165
220 298
403 289
672 349
399 81
84 349
50 43
8 422
516 516
377 385
450 685
379 64
80 764
2 495
636 593
235 417
99 234
616 605
628 147
3 198
302 106
39 196
58 569
322 682
450 358
358 654
143 152
523 623
317 255
36 498
337 398
219 362
160 370
193 252
275 346
65 97
286 335
215 266
306 311
320 339
55 244
148 390
93 207
177 366
68 218
227 285
393 395
181 270
199 362
40 177
27 336
326 371
118 281
8 274
254 312
121 393
219 232
145 340
82 139
156 271
346 371
150 360
265 378
0 68
260 275
184 380
29 203
191 281
231 279
61 95
55 132
57 137
114 174
25 360
45 152
21 322
279 390
143 185
195 269
140 250
233 338
172 343
235 318
117 323
35 266
29 380
27 138
323 348
8 263
110 269
50 315
28 247
11 229
25 281
181 280
58 320
175 394
13 24
101 292
25 96
36 306
84 192
127 268
17 318
8 49
245 332
121 343
66 157
43 297
275 385
97 264
109 241
308 373
134 304
58 134
66 231
285 290
122 325
82 361
68 176
37 63
7 361
184 364
289 387
274 388
115 357
133 392
295 399
88 257
45 348
260 385
232 241
274 314
72 295
206 335
333 360
34 167
81 349
40 61
239 346
124 317
235 319
32 88
145 328
190 219
131 382
59 118
83 186
106 153
72 216
229 344
112 298
151 356
40 95
170 209
93 220
6 95
149 266
1 55
78 167
324 334
71 391
132 244
166 302
5 159
239 371
280 325
7 135
219 225
52 86
367 398
25 150
29 395
96 349
105 317
197 354
23 188
68 373
233 392
96 167
31 313
53 185
83 221
11 117
256 292
75 315
90 99
8 179
184 284
195 267
207 342
78 381
206 375
192 262
26 41
207 325
128 368
155 202
314 370
85 244
217 394
127 395
110 330
19 113
225 241
49 285
286 355
3 15
48 239
25 66
269 330
148 156
37 138
23 65
0 117
335 369
114 228
192 377
12 396
177 341
56 222
65 264
313 385
154 327
98 332
122 342
321 399
164 379
148 248
77 224
192 383
179 370
236 244
216 355
34 194
125 151
75 238
79 119
43 144
58 304
56 130
170 226
120 245
77 120
24 41
268 393
84 311
95 305
349 381
147 332
173 272
292 309
1 397
361 368
162 210
0 185
48 371
326 346
247 363
17 22
107 172
10 80
3 271
276 306
129 382
78 194
127 259
306 358
93 252
179 263
62 356
150 333
6 213
36 72
53 308
1 43
49 263
108 316
96 279
278 350
97 303
183 347
46 75
131 225
88 297
126 286
59 150
321 383
140 234
4 116
190 241
350 380
79 222
149 204
115 146
56 79
111 224
180 195
73 305
87 213
125 237
208 289
30 39
72 355
14 310
136 300
148 349
28 74
74 379
169 389
93 122
331 376
28 265
162 254
82 347
16 98
120 285
213 286
238 339
91 247
165 189
291 364
73 369
288 336
48 193
160 188
272 302
217 299
274 370
73 335
131 269
156 279
4 346
108 384
70 247
132 278
135 251
311 399
73 206
174 303
0 328
73 351
86 216
174 256
210 273
306 338
212 243
125 296
297 365
255 350
122 336
189 364
242 289
68 77
14 172
32 259
163 363
110 178
142 244
21 291
132 236
132 209
69 296
142 255
145 224
40 86
178 345
275 371
110 131
305 351
194 381
117 229
325 337
63 287
282 362
311 338
208 327
283 388
49 98
16 319
10 99
190 310
88 365
167 352
22 49
167 381
186 396
196 309
91 164
47 322
227 314
76 90
84 262
58 302
35 137
258 355
224 328
256 334
94 208
185 373
76 150
227 274
302 315
228 240
47 136
358 362
9 314
168 250
4 239
304 339
4 270
252 337
205 228
204 215
74 247
58 113
266 300
99 191
14 246
6 126
26 391
32 247
202 308
93 336
96 390
138 288
70 88
222 223
105 154
104 395
36 133
263 370
59 333
100 129
21 198
336 367
42 224
80 376
214 268
192 321
69 396
182 347
340 370
294 324
19 140
23 229
26 186
25 248
58 140
73 213
172 301
114 152
115 318
119 215
83 125
277 359
169 369
70 265
185 328
92 174
232 382
338 392
22 332
330 345
287 313
8 370
73 87
262 295
133 262
271 390
83 296
107 310
78 211
91 394
265 299
182 190
152 312
126 366
165 350
336 372
152 175
262 383
109 362
24 386
389 391
63 298
117 292
220 307
175 324
123 183
31 112
286 305
104 170
3 193
39 60
20 346
152 187
67 317
47 215
46 316
71 237
1 242
190 368
129 345
251 362
160 243
341 385
201 376
59 157
92 324
61 87
53 68
206 305
51 233
149 215
287 346
56 316
132 200
6 206
117 308
121 128
36 262
49 332
53 111
76 333
5 257
5 132
76 99
41 296
22 115
265 297
267 269
133 399
2 109
200 255
165 236
17 263
257 365
66 279
194 352
87 351
69 186
206 213
82 135
26 125
86 385
260 313
145 274
146 357
356 369
80 99
125 389
48 346
43 85
48 298
143 155
38 222
303 308
213 377
169 391
28 88
306 392
156 349
314 388
283 370
2 362
90 157
133 306
150 281
0 292
94 354
55 85
6 262
29 393
60 342
196 202
192 311
80 171
34 249
242 354
94 230
173 315
227 332
18 154
117 202
214 347
7 139
3 66
35 215
6 377
253 375
15 66
298 346
3 252
197 387
186 386
25 90
132 350
180 277
92 187
252 270
155 317
202 292
56 119
36 383
288 367
137 215
238 272
191 201
244 350
295 355
177 313
117 344
116 193
86 177
33 171
252 325
131 359
196 256
10 59
272 315
50 339
42 285
165 364
67 105
75 223
353 398
270 371
183 246
243 283
114 187
100 359
188 249
144 365
281 333
123 268
43 159
87 95
36 84
121 183
16 235
108 327
201 331
173 302
265 334
51 282
90 150
102 158
173 234
273 372
38 75
87 305
143 218
334 378
78 349
122 158
5 43
110 277
49 274
88 378
158 353
56 57
68 103
294 334
121 368
290 332
110 241
57 75
121 170
209 255
318 319
233 267
276 338
114 348
86 366
62 169
146 235
78 148
123 127
135 199
129 359
172 190
90 333
87 356
60 325
87 206
126 213
113 166
69 171
68 143
23 264
41 54
35 204
25 118
19 67
218 250
37 162
214 246
2 190
172 246
122 207
22 318
65 114
35 322
83 396
345 359
82 268
9 340
103 218
4 337
72 366
148 157
204 266
95 213
282 358
120 261
69 221
210 312
289 327
110 225
154 354
87 286
19 58
94 387
49 388
115 293
338 358
61 375
183 214
237 389
167 211
153 308
27 254
32 159
4 20
15 89
100 178
103 106
22 227
265 324
283 340
56 75
17 115
143 176
22 319
171 221
184 198
171 186
71 389
25 148
108 289
142 350
184 200
219 361
97 114
205 307
164 175
183 361
100 345
303 348
131 277
118 150
78 81
8 314
269 282
45 344
126 177
200 226
101 155
108 197
131 330
42 283
100 382
114 344
39 374
162 288
140 339
68 111
130 204
351 369
54 326
374 381
62 391
70 324
18 67
132 203
2 199
87 151
51 338
93 325
147 290
208 320
58 166
11 308
98 115
113 140
274 340
14 107
34 211
230 354
41 396
242 387
155 309
205 288
280 398
102 336
32 74
42 120
90 360
182 219
7 82
14 241
8 243
180 282
111 153
236 350
345 382
33 83
109 219
6 355
64 151
39 207
0 303
123 393
99 376
40 341
44 79
7 347
35 47
253 386
216 258
98 235
95 335
67 320
9 240
72 258
227 370
189 284
130 316
193 280
55 380
161 329
208 242
166 272
1 365
229 264
57 316
7 214
37 288
9 212
217 348
153 224
28 378
128 172
306 399
84 306
44 223
213 305
73 356
352 381
4 48
100 110
341 366
221 386
264 303
94 327
50 75
223 316
102 207
236 278
89 271
21 184
164 217
227 263
1 230
64 253
31 163
18 242
160 240
59 90
210 372
74 164
203 255
70 144
233 362
42 245
50 302
214 393
255 278
115 235
37 372
72 262
86 341
174 217
355 399
193 398
93 367
26 71
200 284
110 129
327 384
68 308
24 326
32 363
235 357
236 380
299 334
53 77
174 264
32 257
84 321
86 126
310 368
4 280
182 246
309 373
2 219
54 69
81 89
138 273
129 225
142 159
145 285
188 307
209 380
60 122
292 323
10 333
48 116
10 191
237 386
68 224
8 340
81 381
93 353
243 388
132 165
32 163
160 179
40 366
65 228
157 279
155 373
53 224
2 225
59 76
154 208
104 121
162 372
98 147
100 241
36 399
114 229
239 326
246 268
299 378
191 376
27 372
90 248
358 392
170 203
151 253
210 254
76 376
41 386
287 385
24 69
36 338
263 314
179 388
280 337
2 361
100 232
121 246
109 199
5 142
184 278
109 361
16 147
161 240
305 335
286 375
260 298
144 297
242 384
136 149
29 170
28 32
79 266
148 271
291 380
71 331
384 387
202 373
101 153
174 323
190 246
52 366
204 316
158 367
13 95
293 357
134 140
13 54
87 335
94 197
14 190
59 201
12 231
224 308
89 148
267 282
154 289
5 55
52 251
246 361
94 108
15 390
123 199
314 332
216 341
157 281
137 149
23 97
166 173
103 168
162 312
15 30
115 319
9 249
20 371
89 279
74 175
0 11
31 260
127 183
352 374
206 286
91 379
289 384
254 394
160 329
365 397
258 399
104 200
60 158
240 249
257 259
26 62
214 361
156 390
177 385
164 394
154 384
221 237
217 265
103 176
131 233
335 351
168 218
383 399
256 323
24 54
354 378
263 388
220 342
106 176
44 75
351 356
27 37
50 272
55 365
8 388
146 318
256 299
101 105
291 322
187 264
13 61
44 56
296 386
111 328
108 204
101 196
19 250
125 386
31 287
136 291
25 279
243 340
154 242
7 123
65 344
45 187
54 64
238 302
212 240
156 248
179 318
102 342
180 267
203 209
53 145
54 253
110 232
178 359
106 168
1 85
2 182
108 137
249 329
46 238
119 316
226 301
121 301
203 393
169 237
70 164
5 395
157 248
182 361
143 317
161 188
46 130
44 315
278 380
32 144
165 198
205 336
8 283
9 179
293 318
277 330
305 375
84 399
43 365
103 124
68 168
4 398
199 347
84 383
61 341
60 102
179 243
87 375
197 230
370 388
151 296
41 221
150 157
121 214
109 182
120 328
309 317
19 304
128 226
28 144
180 330
82 163
175 217
62 389
206 377
311 355
198 291
123 182
126 341
136 350
112 366
125 391
98 290
55 397
38 44
70 74
59 191
36 358
141 158
49 318
5 209
76 118
55 236
46 223
18 208
20 181
57 223
186 237
38 315
235 332
37 379
78 89
13 151
31 385
2 139
160 161
10 76
40 286
68 106
21 215
359 382
325 353
74 363
76 191
21 364
303 344
64 326
175 254
6 305
22 314
142 257
75 119
168 176
26 386
241 310
36 258
267 277
55 142
146 293
275 287
212 249
215 322
185 202
254 288
119 266
158 342
325 367
138 162
117 174
211 381
215 300
160 249
92 299
238 315
149 316
44 57
25 231
197 289
297 378
144 259
150 248
246 368
311 383
118 360
94 289
107 190
268 347
107 241
24 371
80 83
162 394
137 300
33 99
129 232
337 353
95 126
40 126
354 387
202 323
269 359
254 273
165 184
280 353
203 380
110 382
54 296
167 194
12 66
47 266
41 69
159 363
116 371
261 290
234 304
97 344
89 156
53 328
137 266
104 393
39 141
220 325
170 343
60 207
78 96
27 288
234 339
24 64
270 346
89 96
8 145
0 111
124 250
133 311
300 322
305 356
234 302
149 322
39 271
29 132
165 255
13 356
273 288
57 79
163 259
50 234
6 335
311 321
112 275
110 267
198 284
34 352
288 312
176 218
153 373
51 392
45 264
210 367
203 395
160 212
120 224
143 168
25 89
15 148
55 350
264 348
3 279
10 331
220 372
81 167
133 338
104 209
41 186
142 236
196 294
195 282
59 281
51 358
15 279
77 261
36 392
99 333
109 190
52 139
64 239
212 329
189 198
1 197
210 288
29 209
11 23
26 237
92 348
340 388
132 380
4 181
133 258
110 359
17 319
233 358
160 388
113 304
93 337
130 137
330 382
218 317
46 50
132 142
157 360
199 251
267 330
145 283
92 217
0 323
132 255
211 349
207 336
81 194
220 367
255 380
49 314
29 255
234 272
265 294
20 298
30 390
26 296
53 120
295 366
108 387
111 185
12 76
262 311
79 223
291 350
82 199
230 384
42 53
42 274
275 298
273 394
325 336
143 250
131 232
9 388
151 386
188 228
85 230
106 124
24 151
209 395
136 165
169 356
37 210
166 339
349 352
24 296
165 291
43 257
46 57
22 179
260 287
50 173
205 220
35 119
46 56
43 55
36 295
261 285
87 253
181 371
161 249
194 211
125 186
49 227
144 257
171 396
45 92
22 357
18 196
131 267
81 96
63 260
207 220
75 130
54 386
74 91
92 256
258 262
172 310
270 280
180 269
123 347
166 234
95 286
84 133
82 214
285 332
236 255
22 98
183 268
173 339
152 288
67 250
119 149
0 308
152 162
149 300
12 118
276 358
179 227
69 116
101 143
35 300
7 251
86 112
96 156
198 364
14 368
185 224
78 352
187 273
123 361
350 397
185 308
81 352
38 223
327 387
244 397
133 276
162 367
195 277
102 141
184 189
136 322
186 296
138 367
174 344
100 330
318 357
225 382
67 309
89 349
90 118
101 309
113 134
70 297
242 327
234 320
49 179
12 171
15 271
197 327
106 143
47 149
37 367
21 35
52 135
159 257
94 242
36 276
298 313
134 250
165 278
106 218
95 206
94 154
83 386
230 327
26 169
12 279
30 89
167 349
158 336
301 343
4 371
30 271
65 188
148 279
182 214
85 365
211 352
216 251
177 275
155 292
52 72
143 373
42 145
18 294
241 382
3 30
129 330
144 159
190 361
164 254
104 301
9 370
276 311
112 385
161 212
23 283
117 256
272 339
187 254
200 380
112 313
84 392
347 361
253 356
26 389
8 9
142 380
226 284
233 282
46 272
69 83
208 387
55 278
117 373
36 311
78 156
235 293
80 201
68 185
66 271
43 88
276 392
274 285
202 328
356 375
113 124
189 291
184 291
255 284
307 312
140 304
33 231
30 156
95 375
312 372
192 399
10 376
244 380
216 295
268 395
45 174
278 291
44 46
17 146
82 183
237 391
62 125
103 143
27 273
97 229
197 242
81 211
134 166
304 320
207 353
204 300
51 362
172 368
259 363
302 339
263 318
264 344
123 246
27 162
200 203
99 118
117 303
272 320
165 322
258 306
24 116
6 192
153 155
147 235
19 166
118 157
23 344
158 325
31 177
20 48
253 335
138 210
29 104
135 139
13 64
305 369
271 279
197 397
84 276
269 277
250 317
314 318
79 130
211 374
170 301
155 185
299 324
194 374
26 221
35 149
45 312
232 330
2 7
187 348
43 244
38 56
71 80
67 140
116 239
54 151
114 264
230 387
142 278
78 374
200 278
230 242
124 218
122 220
162 273
89 390
48 270
153 185
256 294
0 373
187 312
13 87
335 375
227 245
303 323
181 193
46 315
22 263
174 348
240 329
94 384
182 368
230 397
8 227
181 346
111 308
365 378
145 245
258 311
15 156
288 307
213 375
15 231
294 299
50 238
131 282
197 384
208 384
252 398
288 372
60 141
226 343
71 83
116 326
59 99
245 290
65 229
33 76
153 202
111 202
140 166
12 33
63 379
34 161
193 337
28 297
0 153
247 379
173 238
20 239
61 335
202 303
193 239
205 312
330 359
137 204
121 172
240 243
42 77
111 143
302 320
108 230
61 213
98 319
122 141
130 223
270 337
24 239
70 91
166 304
57 119
138 372
90 281
158 207
101 317
51 306
158 205
139 199
228 264
136 137
58 234
182 183
284 343
105 196
178 382
127 393
57 130
72 311
209 393
121 268
16 293
143 153
119 137
92 175
51 276
129 178
170 172
244 365
245 285
85 197
157 231
186 221
119 223
11 97
96 148
263 332
246 347
281 360
181 239
157 333
137 316
48 326
48 181
45 254
213 335
119 204
28 70
151 375
6 286
5 244
146 319
104 268
308 328
102 122
139 251
4 193
113 250
258 276
61 64
153 218
336 353
123 214
41 83
220 288
170 393
125 221
159 259
45 65
45 114
219 241
62 237
0 202
91 175
112 287
193 270
135 216
56 223
165 380
178 232
174 187
141 220
245 261
82 123
19 124
19 317
13 253
152 273
7 199
119 130
139 362
20 326
118 333
274 283
235 290
248 279
8 42
140 320
39 122
10 201
102 325
41 171
128 301
92 334
127 163
232 345
9 160
20 275
11 328
86 313
27 210
152 210
194 349
34 381
22 235
220 336
58 67
131 180
134 234
298 385
178 330
305 377
221 391
109 225
152 254
158 220
284 364
164 324
11 344
102 205
319 357
25 157
311 392
28 324
182 199
33 396
367 372
19 134
181 337
276 399
133 383
244 278
104 203
147 245
89 248
141 342
236 291
227 388
44 222
65 187
167 374
112 341
199 361
59 360
110 345
225 232
262 355
112 177
27 367
102 220
52 216
88 144
184 322
85 397
21 47
34 374
270 398
12 99
43 397
57 204
282 338
88 265
93 102
258 295
183 393
45 217
105 309
7 182
93 158
29 200
143 309
196 292
228 307
111 373
141 207
295 311
292 373
13 375
188 240
108 300
166 320
155 196
252 280
223 315
169 351
43 142
147 261
128 310
83 171
273 312
124 176
75 316
186 391
61 286
203 278
229 303
30 96
72 399
221 396
17 357
184 255
179 314
101 373
262 321
191 333
28 91
225 330
96 271
22 388
287 298
134 339
262 399
18 105
41 125
80 331
96 248
58 339
18 354
152 394
11 303
63 247
335 356
65 312
124 168
103 250
120 145
23 340
20 287
33 80
321 377
32 70
170 200
247 259
200 209
275 313
8 285
42 328
181 398
9 243
180 233
293 319
118 191
65 307
61 126
3 390
68 153
216 366
14 128
39 390
230 289
129 241
221 296
179 274
243 370
128 343
217 324
353 367
122 353
5 380
252 353
73 377
28
111
114
58
64
93
36
30
70
119
56
70
51
51
110
106
69
46
76
112
130
74
81
20
86
131
155
194
186
59
110
39
107
97
156
62
18
231
84
32
89
201
191
130
67
55
129
124
128
113
177
126
111
51
46
126
35
144
127
148
58
151
76
75
70
180
27
115
64
174
57
149
131
47
148
58
217
189
83
61
90
151
128
22
31
9
126
49
76
195
238
118
124
109
79
45
80
137
99
50
123
19
120
18
34
51
204
74
67
144
137
90
191
170
60
162
67
88
107
74
39
124
135
173
182
54
163
62
180
43
116
101
97
125
125
47
166
119
72
185
76
48
145
160
115
185
91
114
124
88
106
85
62
113
116
131
184
85
75
102
80
79
153
129
77
53
111
135
111
182
95
59
68
54
85
70
75
148
169
135
141
89
24
135
97
95
153
100
57
57
126
40
15
93
97
84
110
155
51
93
84
107
87
217
100
192
170
106
73
21
119
127
114
93
167
68
55
150
93
140
69
97
48
195
16
84
129
134
58
97
147
131
79
20
25
66
233
102
97
28
86
85
41
144
126
199
37
146
122
34
65
36
57
118
17
85
68
43
154
133
215
67
71
64
32
55
129
91
29
98
111
91
125
64
46
103
131
133
178
126
108
113
126
51
34
126
172
19
142
153
81
119
63
83
87
115
74
90
108
47
126
181
62
157
89
115
85
44
55
95
94
106
50
141
72
98
235
29
76
195
83
14
97
89
104
38
87
92
23
106
79
56
97
93
150
95
15
154
91
112
13
130
60
85
170
109
88
119
203
222
124
126
62
44
48
44
131
70
55
70
35
61
73
142
102
130
159
86
116
82
173
74
94
124
279
121
73
157
139
94
39
24
91
112
39
69
122
92
106
122
76
165
54
24
81
88
116
200
191
55
23
72
64
41
192
56
142
115
39
8
173
62
61
103
107
106
84
114
95
85
113
147
108
78
156
176
161
95
102
134
140
19
158
88
66
44
142
56
176
6
151
57
132
106
58
125
30
169
66
116
114
121
89
159
101
166
152
68
110
24
131
76
77
68
142
32
45
82
158
97
74
206
100
63
200
55
230
70
184
146
59
105
63
92
19
75
144
140
104
80
209
114
101
184
128
69
89
7
52
122
68
43
46
23
56
51
167
79
34
51
81
173
50
236
63
185
179
52
72
140
188
153
43
62
170
162
95
165
172
202
111
33
154
125
94
90
48
47
47
165
78
74
67
62
33
127
128
173
144
75
112
110
104
86
87
19
72
174
24
91
62
62
49
136
51
78
106
72
62
140
91
70
44
81
68
58
139
79
162
81
34
98
187
73
94
36
55
162
108
89
71
95
139
116
75
52
107
195
63
91
89
76
159
157
19
56
116
64
60
81
166
159
138
32
57
92
22
67
59
96
151
53
89
137
6
37
128
112
148
93
71
86
104
26
80
147
75
72
72
84
180
101
41
157
13
57
207
186
205
134
146
80
97
108
163
161
171
95
108
126
76
167
109
66
107
119
50
54
68
145
12
112
52
73
86
59
170
198
58
149
147
138
127
50
158
180
134
149
33
97
86
145
87
76
73
100
21
89
33
94
48
147
134
111
70
111
96
34
66
38
23
130
163
162
112
82
62
97
105
146
108
58
111
171
95
65
51
152
120
152
163
47
61
102
76
97
158
151
29
94
57
161
51
105
144
44
170
64
165
23
109
29
50
130
114
80
74
174
107
32
19
166
96
117
175
52
62
73
102
132
119
105
62
113
16
109
166
53
116
83
88
229
113
98
36
9
62
54
22
66
98
101
84
113
212
54
84
69
90
167
169
57
78
196
72
13
99
107
42
119
113
136
108
110
165
120
52
80
180
112
128
134
155
76
142
92
61
99
162
99
62
131
37
63
170
38
177
164
28
69
46
165
102
74
93
78
235
164
72
88
15
203
75
225
126
118
82
88
100
137
86
87
91
198
140
134
84
81
139
167
26
130
66
75
143
56
43
94
130
122
149
195
79
99
72
86
56
107
83
125
113
196
59
169
173
73
115
211
163
72
182
101
59
105
26
45
121
272
68
132
84
137
111
9
119
59
27
148
32
108
112
91
146
50
114
132
122
17
119
75
168
63
104
152
43
80
86
128
35
30
25
60
120
115
175
29
110
103
217
123
51
132
124
73
105
154
78
174
95
76
172
256
40
43
170
69
122
122
69
140
71
139
55
73
49
119
88
183
128
179
23
59
141
147
47
60
202
76
83
155
98
183
149
62
81
20
130
147
22
157
97
209
183
79
171
79
105
74
143
41
39
140
182
144
90
120
81
64
109
124
51
132
45
85
169
210
16
110
100
32
58
115
45
154
57
90
19
200
51
31
82
98
65
142
91
202
60
118
162
169
21
108
79
84
100
58
152
56
86
57
51
86
47
29
55
107
148
131
169
39
17
39
171
60
51
76
7
34
93
57
213
48
107
70
191
124
130
164
79
134
22
59
134
98
180
24
53
110
136
50
145
247
121
106
66
35
82
140
147
132
90
153
41
157
24
48
45
102
24
92
162
77
167
130
35
83
143
123
193
50
97
122
108
182
136
93
83
131
137
139
90
35
101
114
163
82
176
72
88
42
136
167
178
63
87
174
106
178
88
38
85
98
179
73
145
161
151
63
21
187
71
123
68
69
164
93
128
82
186
16
47
176
80
49
60
21
46
78
193
66
65
168
100
44
68
79
108
162
90
145
109
208
142
85
138
61
64
153
46
96
129
44
234
128
204
155
70
166
107
158
150
84
55
39
105
49
55
21
26
136
88
38
177
82
94
114
76
91
120
80
137
47
26
98
91
55
180
132
70
59
109
109
26
38
157
9
118
64
95
55
129
108
43
140
91
177
53
113
78
183
95
176
97
166
134
173
101
77
98
85
51
82
51
83
116
100
60
104
173
198
52
112
132
184
116
107
74
77
68
51
152
94
73
37
46
172
54
138
100
168
182
38
17
101
59
36
180
32
112
90
42
33
135
103
166
131
91
21
133
155
76
88
59
96
141
127
98
125
32
84
105
86
129
118
94
92
29
86
67
190
87
57
77
60
147
118
32
163
98
133
133
100
71
127
75
86
172
33
82
140
36
103
105
104
200
126
57
97
135
43
48
70
161
59
120
127
68
51
154
47
169
100
128
145
154
91
114
26
114
35
16
30
27
136
173
193
121
151
56
90
49
91
155
138
52
114
59
53
31
57
73
35
72
45
167
184
29
41
61
72
154
22
69
81
227
114
120
182
96
141
205
62
51
21
54
73
62
61
158
152
95
201
156
30
102
41
159
144
58
64
50
69
94
99
189
170
146
98
111
34
15
20
101
157
190
55
97
78
147
124
136
142
132
84
11
56
42
114
98
35
43
152
121
176
97
164
185
134
44
52
32
164
68
86
121
157
59
54
90
109
46
204
64
39
104
145
111
87
61
79
109
215
103
55
22
145
156
94
131
140
128
21
104
107
45
138
132
62
65
19
204
169
139
58
183
66
86
92
223
56
174
81
51
164
131
86
140
155
62
254
72
75
207
58
38
173
54
58
84
133
109
88
130
138
197
106
12
84
97
120
12
145
95
64
81
84
132
144
52
44
37
137
33
152
60
73
72
31
140
97
74
141
128
111
214
102
105
97
58
174
49
164
41
37
83
72
132
158
110
112
35
62
137
175
188
41
165
50
35
121
72
93
130
152
119
129
217
77
105
64
103
20
34
76
199
136
47
86
91
75
114
57
47
123
80
55
57
71
197
90
103
54
44
46
112
9
213
211
54
167
125
120
82
52
114
162
70
40
80
20
105
130
106
39
86
22
39
109
50
138
73
77
161
70
160
155
59
116
210
86
41
118
141
175
103
103
63
144
89
71
75
144
176
185
67
183
90
127
129
45
64
62
74
182
71
138
50
109
57
69
142
126
61
203
127
157
98
211
133
51
179
6
84
169
149
108
56
185
136
108
43
223
120
21
85
134
11
118
135
22
176
176
6
121
67
122
199
42
143
60
142
7
108
82
68
22
127
80
37
92
120
172
161
167
130
63
23
70
104
57
89
122
80
67
143
116
30
95
163
111
73
70
97
191
190
100
50
86
130
113
43
74
29
84
135
99
97
28
101
119
135
54
165
205
107
120
87
89
187
139
45
104
52
215
11
110
137
94
131
33
131
147
110
161
105
147
167
98
38
100
76
115
74
155
87
29
71
193
76
29
88
68
162
132
130
101
53
124
106
18
139
91
138
105
87
152
129
125
138
81
74
35
63
96
87
86
69
38
76
76
79
79
131
184
118
70
128
47
73
136
110
133
60
34
125
33
58
36
37
75
143
118
113
150
108
35
44
187
104
56
157
85
49
62
120
143
83
88
110
111
75
67
78
130
92
29
82
62
64
222
151
133
189
85
191
56
93
101
141
81
124
82
136
131
161
85
142
176
86
103
148
182
180
50
75
150
136
100
116
108
75
97
25
129
81
162
68
106
139
51
53
93
154
86
176
46
203
41
65
141
34
137
135
125
73
