52 445
744 11
26 58
50 320
789 400
371 197
345 113
54 97
783 426
25 311
191 658
409 720
164 443
338 46
85 82
693 747
544 658
420 69
497 431
562 584
566 515
686 750
137 112
621 483
161 312
82 691
394 123
391 640
659 431
517 595
625 766
299 185
43 244
552 587
256 458
98 336
419 297
578 148
365 246
632 782
638 598
593 93
624 15
530 174
459 518
156 766
770 261
187 117
688 70
169 427
662 310
517 413
621 469
39 617
567 670
6 623
584 546
291 452
731 223
76 205
551 479
502 339
421 732
794 149
227 421
10 481
317 750
226 471
45 689
350 492
476 140
259 191
544 641
347 510
58 651
8 475
625 141
724 712
647 683
689 606
462 192
65 139
273 705
259 650
361 698
720 330
522 372
32 611
762 111
51 582
469 651
224 601
727 601
6 590
134 210
46 351
210 65
593 444
7 671
5 136
508 555
460 441
558 431
532 437
533 611
616 84
555 796
425 391
305 603
345 479
637 210
692 481
296 718
108 441
635 378
333 579
452 675
170 513
244 453
230 752
463 501
461 47
713 692
246 244
259 544
279 656
674 694
761 227
506 605
647 567
138 162
602 718
715 776
277 392
21 200
215 125
58 776
58 255
293 241
244 145
558 204
194 784
689 567
556 499
513 604
449 251
329 610
36 137
131 744
491 260
560 264
357 402
37 89
282 551
800 508
519 91
243 503
289 493
530 536
140 4
319 70
239 713
68 621
549 377
4 416
719 39
222 620
150 354
82 711
368 66
256 491
665 724
193 618
180 526
163 386
508 661
752 235
426 699
459 255
790 335
7 613
662 440
14 243
411 94
167 638
570 132
323 346
451 353
757 725
272 691
752 155
390 283
442 544
466 13
465 35
263 475
284 37
689 494
224 231
181 185
791 655
793 100
407 694
366 668
138 615
162 283
216 460
509 685
268 271
71 211
104 645
590 715
765 9
568 73
534 265
561 33
279 761
199 378
425 306
443 192
535 371
378 135
134 707
327 252
725 396
335 699
666 121
229 486
667 553
178 203
393 396
183 448
611 419
640 390
68 376
653 162
80 484
737 408
479 525
577 532
232 758
622 404
738 746
218 189
89 409
204 258
58 564
357 588
20 683
225 120
751 271
685 687
211 481
165 267
553 136
155 658
460 577
281 571
642 425
163 794
117 545
594 494
341 365
602 634
29 385
124 793
42 518
644 650
287 402
100 4
780 765
714 323
665 603
585 165
509 732
483 194
124 90
238 206
433 580
15 522
484 769
435 290
289 51
504 183
321 480
339 666
82 35
468 704
755 214
657 671
714 552
414 21
500 769
88 554
396 786
686 359
591 361
54 25
22 600
564 573
791 175
216 673
562 362
36 547
43 729
657 503
1 107
30 340
100 298
299 273
489 709
390 572
20 61
81 143
242 87
589 599
558 578
95 134
308 283
695 756
356 130
380 408
55 111
249 428
399 503
33 752
71 280
320 14
576 362
240 174
73 241
708 435
615 549
248 627
277 158
209 42
174 481
440 125
391 401
79 372
70 251
525 290
543 561
784 232
222 436
381 324
361 770
404 627
207 399
390 266
27 457
113 519
536 495
172 505
363 275
495 79
434 100
546 340
126 435
744 741
123 745
228 93
713 270
349 203
237 560
566 241
527 333
729 654
223 797
179 573
755 228
37 61
590 408
210 588
93 784
270 232
540 485
728 501
358 148
155 77
33 347
797 25
130 534
792 600
753 352
224 143
201 49
700 94
272 253
706 147
690 671
404 645
221 685
443 570
135 228
518 621
606 236
258 559
91 573
416 371
73 324
70 356
109 151
24 308
228 290
114 233
110 273
186 321
106 280
175 287
47 276
44 238
167 205
34 344
21 359
43 254
80 283
234 307
145 281
333 373
35 307
71 138
53 246
162 398
94 394
170 284
288 300
203 391
222 265
209 326
127 190
36 218
105 213
72 104
204 369
122 200
96 379
34 252
145 349
197 290
296 372
43 283
84 391
5 26
198 388
12 174
7 152
207 395
49 348
67 323
46 85
272 390
49 217
72 207
54 72
216 346
58 300
208 245
24 205
267 289
261 352
263 315
158 239
91 184
60 239
96 361
41 155
68 248
246 398
36 187
245 388
56 332
24 35
133 186
46 362
259 360
351 353
141 368
86 366
352 376
173 227
127 288
116 202
137 308
302 366
75 266
119 240
202 391
274 287
86 163
173 353
17 193
119 216
170 195
26 221
229 394
15 251
333 364
38 223
104 395
100 342
104 175
318 354
138 208
224 271
158 342
107 338
163 296
208 318
11 203
2 7
0 65
47 379
42 165
170 227
34 157
71 385
232 296
157 195
14 269
57 118
246 279
171 211
112 285
14 379
28 52
146 285
113 231
27 177
92 290
130 229
210 222
78 267
78 251
28 241
277 375
1 88
59 340
226 389
67 118
64 206
277 388
81 99
269 276
171 242
219 275
208 388
149 341
195 227
229 277
145 191
64 231
93 162
55 162
153 156
140 275
224 237
59 94
26 378
23 258
178 218
152 312
73 109
262 338
44 324
109 321
7 317
184 204
90 287
282 327
70 183
123 375
21 251
312 371
45 259
70 219
33 342
229 329
124 364
123 277
239 316
229 253
73 115
180 248
290 377
299 342
114 232
12 49
297 371
279 350
162 298
108 153
52 97
260 382
82 392
173 369
296 302
264 350
11 202
49 174
46 176
94 253
155 194
207 310
167 217
115 257
221 378
77 188
47 130
24 167
10 166
223 375
99 147
198 243
79 228
36 38
132 171
118 170
52 261
174 231
37 155
169 356
45 119
17 121
206 344
105 235
152 322
174 358
41 76
106 292
208 223
100 120
197 331
262 399
246 303
10 333
219 337
68 162
150 396
21 30
4 331
14 322
20 261
196 282
20 299
230 321
140 254
241 258
91 364
88 381
73 157
34 64
31 329
74 298
81 306
214 396
272 289
329 334
126 267
48 226
247 311
136 374
293 382
163 328
64 323
0 164
302 357
58 250
18 101
306 371
27 311
191 223
204 398
3 308
87 93
22 81
48 105
19 144
9 380
66 346
38 318
123 243
76 273
199 277
91 397
178 349
100 256
39 171
239 261
60 352
135 199
239 342
35 308
6 13
8 331
186 262
337 355
98 248
59 134
232 233
244 339
166 373
7 322
25 304
6 169
176 343
102 232
108 333
19 56
29 316
76 254
1 387
120 324
38 138
321 338
112 225
17 291
250 384
32 137
269 371
198 375
13 160
111 305
186 354
247 391
198 277
223 349
67 231
47 139
95 307
207 292
199 329
33 104
81 322
95 234
135 361
168 265
32 59
158 352
160 314
315 332
7 286
142 197
16 263
158 376
207 274
112 216
5 378
3 137
173 252
126 319
263 267
197 377
61 341
195 252
91 124
336 358
162 204
262 321
190 288
1 48
122 251
197 228
27 285
122 171
134 209
128 342
273 365
214 357
251 390
68 74
169 282
109 157
60 102
233 258
29 104
161 301
22 47
42 215
162 210
341 366
40 79
178 341
168 222
136 360
299 315
107 345
145 149
53 248
51 163
29 144
87 180
16 175
6 320
86 357
22 379
27 247
33 72
267 272
164 234
133 262
196 314
87 162
293 351
277 334
21 39
32 182
34 118
223 388
2 312
77 242
41 185
78 122
114 258
46 271
314 386
309 318
17 194
38 309
337 356
25 248
15 21
117 351
85 384
49 358
45 265
117 336
143 239
183 378
119 141
168 210
289 390
35 234
125 392
25 168
28 295
163 357
320 378
124 227
126 171
216 368
37 41
206 323
40 272
249 361
81 313
114 372
262 268
12 348
176 288
40 129
22 317
347 391
164 380
50 295
9 137
164 350
125 285
170 252
91 333
217 348
197 305
175 274
13 169
209 340
73 153
117 173
117 353
244 358
69 324
62 177
154 290
15 126
128 175
149 218
52 232
113 236
183 356
313 317
29 100
155 185
82 225
26 183
151 321
104 207
97 261
206 227
158 299
58 343
54 175
79 383
204 255
258 372
261 305
27 347
159 269
281 354
22 313
118 227
250 370
69 115
307 326
116 274
60 158
61 187
126 367
35 339
0 236
152 371
279 303
14 276
14 152
38 354
52 241
229 245
122 390
190 387
107 187
266 293
155 254
34 284
84 112
75 236
183 337
136 148
19 33
75 164
203 285
57 284
84 346
145 219
72 263
201 387
209 330
288 370
249 386
101 103
7 371
339 380
3 264
93 303
205 394
37 76
79 92
36 399
193 194
62 287
10 83
31 71
34 133
23 52
57 109
276 317
105 226
70 275
302 372
56 299
122 242
251 267
207 287
61 163
88 226
151 262
147 306
151 230
142 290
192 278
28 111
194 356
60 261
47 135
250 343
280 310
20 143
23 111
125 333
169 320
76 389
108 125
80 275
168 248
20 352
27 84
59 209
308 326
144 256
178 219
144 316
232 372
240 259
25 210
157 284
275 337
231 344
271 362
35 244
105 387
124 156
83 172
94 199
307 339
166 301
311 393
153 157
87 98
81 147
119 161
44 120
163 366
246 298
111 197
98 180
3 326
82 125
260 293
40 56
169 327
54 104
214 341
134 182
188 359
125 301
33 144
299 332
71 388
119 368
263 272
269 297
206 336
116 391
1 381
40 142
88 389
239 299
41 273
3 340
14 81
76 185
74 210
328 357
26 337
152 286
32 340
77 367
84 203
191 218
318 388
19 299
31 334
36 281
105 185
45 141
165 387
146 257
248 304
142 272
175 310
198 208
228 305
242 359
256 393
34 323
17 221
122 126
172 204
18 51
278 393
85 237
107 230
360 374
166 392
58 288
250 271
142 228
90 347
304 374
233 296
196 327
4 237
51 102
69 109
143 352
354 363
172 255
198 229
192 324
50 362
241 295
49 336
94 330
51 302
22 130
96 135
288 389
5 219
254 273
95 326
249 334
149 365
156 206
103 163
114 328
159 335
108 146
47 249
245 277
14 371
47 361
176 250
101 120
168 304
199 243
92 200
20 158
220 357
163 372
55 87
5 320
308 330
202 287
182 340
53 98
110 396
139 243
136 325
316 342
138 277
51 101
241 372
20 376
25 162
355 356
120 238
53 398
93 298
121 194
222 255
176 190
48 389
140 283
214 366
62 346
191 349
182 326
89 293
226 387
64 344
157 170
181 331
143 342
11 62
89 303
23 305
323 348
53 93
208 309
27 203
165 212
4 154
123 388
237 295
10 392
4 224
349 354
96 314
338 399
77 359
226 235
160 320
178 214
155 355
152 306
46 370
14 286
48 88
209 313
198 329
259 374
364 369
148 265
178 275
191 281
220 296
168 374
14 313
130 313
232 258
162 293
302 328
181 233
266 303
134 330
49 231
140 150
26 320
142 305
43 140
183 194
81 317
186 345
139 361
53 68
28 114
156 364
101 107
177 310
44 158
129 142
86 103
224 331
231 353
2 14
85 250
13 282
13 291
9 182
64 118
63 300
273 396
91 301
33 315
29 72
64 268
117 227
243 334
148 222
91 172
234 264
220 302
0 266
108 115
63 288
172 333
8 154
270 359
160 282
213 254
37 140
336 353
2 297
14 147
243 329
137 326
251 367
343 370
23 181
162 246
94 130
140 396
5 31
11 116
330 394
192 256
263 289
361 386
287 391
116 207
200 367
126 289
115 397
43 70
274 292
176 362
68 325
37 235
228 332
3 95
23 197
34 170
103 352
42 213
164 264
3 32
307 380
277 385
82 83
111 181
26 169
252 353
189 216
96 335
16 54
89 93
135 139
302 341
254 355
97 232
45 360
4 384
261 332
79 289
161 240
202 347
205 245
58 370
18 102
156 397
90 128
335 379
140 273
123 208
166 172
38 145
169 291
100 238
183 320
125 225
82 301
13 327
362 370
96 249
8 179
74 89
10 301
54 207
177 287
19 395
257 364
323 344
29 342
130 317
78 289
329 375
90 310
103 220
297 312
249 329
8 384
159 386
89 180
80 145
192 311
12 358
109 324
193 356
57 268
128 144
61 149
365 396
160 378
111 377
63 201
90 175
27 146
124 373
172 301
153 257
139 277
280 294
41 42
143 376
138 318
227 344
9 32
40 332
95 339
102 103
57 133
239 332
92 228
74 180
91 166
189 333
156 252
234 380
77 126
113 244
253 394
187 345
43 275
213 215
64 67
12 252
99 134
170 206
34 227
179 250
111 258
139 334
160 169
367 390
118 195
56 342
102 376
66 82
256 278
107 151
227 353
278 311
34 67
32 330
42 105
257 333
243 375
116 287
227 252
116 177
112 161
369 373
18 103
71 123
92 272
83 301
141 148
23 97
20 60
117 260
293 398
18 86
113 234
88 165
221 337
36 345
295 384
37 226
59 313
28 258
330 340
232 241
181 197
25 360
193 291
172 184
102 163
105 254
121 356
133 268
141 240
229 243
82 119
253 308
119 392
234 244
192 393
127 370
139 329
83 166
55 180
152 297
206 252
208 375
234 339
36 178
10 184
180 298
36 349
12 344
17 26
149 283
156 157
250 288
81 209
345 349
67 206
44 256
265 360
59 137
158 238
7 297
280 292
321 399
86 220
225 285
40 228
276 379
98 304
0 75
93 246
171 289
118 156
223 363
82 112
15 122
11 294
266 279
62 116
110 365
130 199
65 75
116 310
67 336
282 314
14 297
241 328
96 282
78 171
108 397
246 293
82 189
140 185
90 395
148 168
76 105
24 174
100 393
4 8
9 95
12 206
173 260
30 211
16 72
85 362
264 307
15 30
236 244
8 237
236 293
159 286
175 395
369 382
136 304
28 331
288 343
276 313
230 262
217 344
67 195
79 267
65 350
143 158
221 356
97 103
89 162
25 325
22 276
319 359
205 308
31 138
167 174
55 89
48 212
15 77
68 168
88 190
217 323
194 291
32 134
132 319
67 344
28 232
127 343
39 131
127 176
72 395
187 281
100 144
30 319
20 23
18 376
193 355
351 398
29 395
50 85
68 98
65 303
236 351
135 243
45 222
83 125
334 385
151 268
161 189
136 168
90 177
149 275
53 55
143 261
28 233
89 398
33 100
171 319
7 14
55 98
3 234
5 363
76 226
50 271
254 283
269 286
32 209
220 366
42 48
186 318
11 84
27 202
85 179
104 299
233 241
177 202
159 379
277 329
278 347
252 336
309 375
118 206
99 322
74 162
43 365
174 217
187 230
304 325
40 315
176 370
88 212
110 235
156 195
67 156
36 191
3 339
82 161
223 318
0 234
35 95
184 369
6 26
77 132
64 217
45 148
154 377
155 213
53 298
95 244
127 300
138 363
184 210
104 342
66 84
57 170
161 216
276 286
264 339
77 319
288 362
322 371
74 98
233 372
62 292
58 176
79 142
109 284
11 346
48 381
67 227
51 372
79 129
37 273
47 314
176 300
128 192
175 207
61 220
71 277
47 335
173 351
167 348
94 229
25 148
21 242
50 114
242 270
15 39
260 398
9 264
199 229
238 256
61 366
236 350
129 332
91 369
246 260
235 387
115 311
275 283
21 77
183 221
364 373
135 379
88 387
3 35
290 383
138 388
84 285
115 247
156 170
4 179
52 258
66 294
36 354
340 394
17 183
218 281
27 391
116 347
100 316
155 215
301 333
46 343
53 162
86 328
218 349
35 326
147 322
199 385
150 341
63 88
242 319
51 220
121 193
100 158
41 235
227 336
97 241
112 125
112 119
124 153
216 240
231 252
198 253
135 385
326 330
60 97
117 369
147 313
122 367
41 254
56 129
127 250
81 152
34 268
135 314
186 268
74 248
203 347
184 373
51 103
238 278
185 213
76 110
154 383
240 392
76 387
46 58
250 362
86 302
236 358
58 389
192 238
105 215
6 221
60 103
83 189
41 226
122 359
107 321
147 317
13 196
19 29
11 177
9 307
195 206
317 322
132 270
55 74
125 146
25 222
38 349
6 334
73 284
314 361
120 192
4 85
74 87
71 329
130 394
92 142
102 372
335 361
33 128
33 395
83 108
62 202
138 309
179 271
291 327
181 258
145 275
71 243
52 305
12 336
19 315
10 255
382 398
158 316
169 221
357 366
0 264
93 279
203 225
94 209
150 366
21 126
121 337
375 388
80 337
187 218
201 381
165 381
228 272
30 131
16 104
181 232
71 375
204 210
56 158
62 84
237 384
87 303
149 150
165 201
150 214
87 246
123 198
137 182
246 266
281 345
55 298
12 231
223 309
118 323
191 354
70 80
206 231
186 309
132 188
325 374
286 297
245 253
151 186
160 196
54 263
287 310
306 322
62 310
15 171
185 273
123 245
61 302
196 335
104 144
199 394
171 390
100 192
95 264
237 331
214 365
46 288
21 132
61 86
111 228
40 267
84 177
121 183
248 325
257 397
230 345
224 295
260 369
93 180
53 180
57 157
104 315
88 300
57 323
146 247
15 242
34 57
53 87
218 354
300 370
95 380
140 214
62 294
96 385
99 152
184 301
7 99
17 355
259 368
188 242
167 339
107 399
156 227
68 304
58 362
149 281
7 313
43 185
73 311
190 300
30 106
10 204
60 376
55 93
347 393
345 399
16 207
44 192
91 257
39 319
182 330
218 399
66 189
168 360
129 272
172 369
221 363
145 178
295 331
88 201
36 145
118 252
166 364
5 349
213 355
294 346
249 385
15 359
114 295
134 147
341 357
108 257
147 152
148 374
83 161
46 179
225 346
181 241
202 203
45 374
293 303
224 384
41 215
315 316
2 371
153 364
328 372
90 207
328 366
255 392
331 377
96 386
108 247
58 127
66 225
309 388
21 171
31 363
274 280
135 329
89 298
140 365
0 350
141 265
205 253
7 312
77 200
82 240
259 265
77 122
75 350
87 298
19 263
69 73
65 236
35 167
195 323
267 390
271 384
82 216
124 157
231 336
303 398
78 211
65 279
66 216
7 306
14 317
127 362
38 363
33 299
252 344
367 383
137 330
87 89
312 322
45 368
38 191
57 195
118 344
20 239
57 69
50 233
172 373
113 358
260 351
170 397
126 390
78 263
69 284
223 354
264 380
300 343
77 171
137 340
373 397
19 316
153 397
244 264
278 391
233 295
258 331
31 223
70 337
239 352
296 366
85 271
1 212
16 395
149 214
7 81
144 342
90 391
2 286
34 206
9 326
149 178
53 89
19 104
99 306
255 301
181 305
84 202
48 165
21 319
232 328
200 383
243 277
231 358
137 209
37 43
49 113
33 56
286 371
115 153
15 319
97 258
77 251
341 365
134 340
160 327
168 325
169 183
43 155
181 224
387 389
63 343
16 211
56 143
72 175
97 143
14 22
194 355
122 289
125 161
48 76
178 281
32 326
17 169
135 249
41 213
116 175
190 370
70 254
59 317
171 251
189 392
71 334
83 333
102 220
144 395
198 199
235 273
29 128
89 266
353 382
185 283
188 270
64 348
26 356
188 200
66 112
33 316
43 273
364 397
150 365
56 315
75 279
68 210
162 180
215 355
47 385
296 328
90 116
125 189
98 298
5 38
84 225
29 299
195 284
37 105
334 378
139 314
111 331
1 165
46 300
70 283
83 91
37 254
97 102
241 296
12 113
16 144
31 375
51 86
70 155
65 164
231 348
124 257
100 352
7 147
115 146
70 355
230 338
361 385
44 278
97 372
76 235
379 386
63 190
212 381
47 386
64 133
49 344
61 357
54 131
0 244
91 373
124 397
266 350
292 310
132 242
247 347
218 345
221 320
121 155
31 277
43 80
56 261
139 249
126 251
122 188
65 266
299 316
96 196
79 272
163 220
110 140
8 224
141 360
202 225
125 166
83 392
48 387
15 132
189 225
280 287
3 9
129 228
296 357
209 394
163 302
361 379
74 168
59 394
166 333
5 221
152 313
10 91
281 349
2 152
311 324
274 310
237 271
53 74
222 360
86 187
173 382
59 330
344 348
271 295
72 144
28 181
44 393
41 105
23 261
329 385
235 389
15 188
67 170
92 367
10 172
28 237
236 266
141 259
55 248
3 307
25 74
335 386
77 390
72 128
77 270
189 301
182 209
305 332
71 198
6 378
62 280
112 189
166 184
104 128
23 28
20 332
201 212
345 354
333 392
311 347
128 256
79 367
19 342
124 170
20 342
363 378
181 237
59 81
92 383
314 335
100 128
286 312
243 385
40 263
121 291
129 305
128 395
291 356
349 363
230 399
71 139
85 224
85 295
118 133
80 149
287 292
103 376
173 364
166 369
2 306
351 382
139 385
54 211
308 340
131 211
190 201
80 178
49 64
238 393
78 126
69 157
249 314
5 223
117 382
314 385
123 138
134 137
145 218
183 291
78 131
24 253
306 312
185 254
78 390
56 239
39 106
138 375
44 100
133 323
28 224
313 322
265 374
282 361
285 391
151 399
122 319
268 323
79 290
47 96
25 68
11 391
148 360
262 345
37 185
2 322
52 181
114 296
34 156
219 283
35 380
318 375
31 378
304 360
238 352
17 356
177 391
106 274
24 245
37 213
20 56
79 390
56 316
251 289
46 127
6 160
27 116
298 303
187 399
94 205
198 245
161 392
30 171
121 355
220 328
309 354
305 377
34 195
187 338
210 255
173 336
63 127
60 143
201 300
114 241
123 309
151 338
179 384
29 33
177 203
138 223
11 287
131 171
320 363
89 246
30 39
136 265
240 368
58 190
315 342
301 392
129 290
190 389
0 113
132 359
67 252
184 255
261 376
148 259
17 337
174 348
3 380
117 252
6 183
80 219
104 316
82 285
191 345
326 340
46 250
128
139
195
166
86
31
95
170
122
89
154
21
120
84
71
86
118
153
101
148
81
81
133
100
41
197
138
83
234
73
213
21
119
73
62
91
156
113
83
136
49
83
166
214
105
129
26
170
87
91
253
200
96
143
87
95
92
183
54
71
63
106
81
152
125
38
210
30
91
168
103
90
84
108
101
78
140
35
60
25
169
20
124
163
133
103
9
51
51
80
47
170
91
46
54
83
175
72
94
19
81
77
167
79
151
41
61
94
120
112
93
123
139
225
66
59
110
180
44
82
110
169
133
131
169
154
150
211
101
101
100
197
55
70
56
45
145
48
79
32
42
88
79
235
137
117
35
75
43
90
75
68
164
121
111
224
40
153
122
90
101
77
84
78
112
119
118
46
78
137
89
51
109
40
84
148
80
135
27
67
96
106
128
95
114
54
116
25
77
170
128
60
111
39
76
99
43
127
50
85
67
106
161
53
121
78
25
97
95
128
102
60
74
118
141
208
204
71
79
182
99
177
161
130
71
187
32
73
60
87
70
135
185
150
53
170
113
171
77
83
224
91
45
26
152
39
84
85
75
217
155
50
98
161
172
131
190
54
92
86
66
89
119
75
33
106
36
78
73
62
82
94
144
143
65
227
104
103
90
134
160
132
73
91
79
175
98
71
117
64
76
71
67
191
124
38
140
32
113
61
90
53
31
87
88
60
119
76
101
111
195
185
161
118
34
45
72
133
55
191
130
46
81
147
213
82
79
111
91
32
140
151
45
81
97
69
114
74
45
94
148
192
201
97
119
98
97
102
157
55
132
99
70
84
82
170
196
148
95
144
226
33
70
98
63
143
93
156
193
22
78
210
151
57
67
31
88
70
145
122
84
141
149
62
92
88
84
78
142
52
23
36
61
29
95
92
83
128
138
201
105
172
78
53
148
136
47
38
68
13
72
128
157
143
227
140
16
136
153
75
173
24
135
95
84
67
54
49
115
66
88
39
131
127
47
133
57
32
108
68
139
139
75
60
34
24
161
105
71
56
76
122
22
161
159
70
56
66
88
104
36
94
159
97
59
145
45
24
49
87
53
288
85
137
81
105
105
69
23
74
95
117
91
51
154
113
76
68
135
135
114
98
145
66
52
65
92
84
63
91
143
180
164
159
59
141
107
126
68
81
59
83
35
104
178
61
142
50
159
100
140
79
155
60
226
16
166
46
43
101
105
169
126
39
33
86
72
75
73
133
73
152
52
47
91
62
157
175
49
165
15
160
90
156
123
159
60
101
84
92
91
211
85
60
58
60
52
171
151
95
69
64
145
45
93
84
113
147
84
42
148
38
163
20
46
83
164
100
59
127
134
79
153
110
106
218
142
71
73
83
95
97
75
117
129
64
104
32
65
104
14
112
75
90
80
129
127
202
78
126
50
147
110
114
186
56
81
98
134
133
123
89
136
63
175
92
175
165
62
63
131
206
74
128
67
59
138
14
81
35
90
68
95
182
119
95
85
105
143
10
39
52
140
43
103
43
14
155
41
62
88
34
81
74
71
99
160
113
75
132
28
37
114
111
96
76
66
205
56
99
171
93
159
247
180
74
89
83
129
139
117
123
201
58
73
172
142
134
52
66
104
98
145
83
76
128
83
112
152
160
74
100
82
84
59
44
65
91
45
52
202
184
71
154
34
29
107
99
131
125
194
102
40
174
121
79
35
62
47
177
25
39
89
109
99
65
56
119
315
42
199
106
164
52
76
99
66
105
92
79
50
57
60
72
121
92
137
211
142
92
136
78
96
138
105
176
82
139
35
72
59
189
65
117
61
145
115
190
33
104
59
118
96
99
102
101
207
125
112
110
114
158
200
120
116
84
85
61
201
123
100
119
80
110
185
61
91
50
81
210
50
86
156
130
86
42
145
141
57
49
179
59
84
138
72
166
143
139
152
219
67
161
80
188
101
230
167
89
52
132
162
110
136
176
155
113
57
207
47
102
159
110
166
13
142
145
146
126
101
192
25
68
134
74
94
179
85
105
94
138
103
60
86
79
49
126
60
162
75
101
69
31
222
147
47
180
107
125
58
62
152
197
194
40
67
49
92
114
65
61
142
36
184
101
67
68
136
88
99
143
178
149
76
66
178
110
14
226
78
153
52
72
73
177
149
170
25
84
238
191
43
64
88
93
110
76
31
171
62
203
102
28
132
66
58
156
59
77
206
85
62
86
152
124
97
73
152
122
98
57
104
73
54
169
127
77
160
74
104
87
38
203
161
80
58
33
97
70
91
93
112
173
59
127
73
48
142
35
152
128
104
75
60
88
141
158
23
18
23
82
85
111
73
70
91
128
32
47
79
65
161
132
84
45
17
35
85
29
66
45
105
21
117
83
53
80
91
106
138
60
87
177
159
23
111
98
68
117
158
37
81
13
66
126
95
112
106
80
148
94
104
59
116
105
55
183
224
54
12
141
155
120
108
181
236
82
88
80
34
167
127
143
82
133
130
42
97
99
84
141
41
74
82
127
96
86
158
188
84
174
76
123
84
68
141
71
41
91
31
111
131
135
96
183
48
94
79
115
66
130
172
101
76
65
166
94
120
48
90
138
29
191
19
38
137
107
75
75
131
216
114
42
160
103
76
84
88
75
25
163
207
108
197
127
142
49
66
123
113
95
118
97
48
79
25
58
61
184
76
83
42
166
172
155
97
79
120
37
34
88
72
72
96
112
63
71
76
93
65
141
60
94
22
279
130
86
102
51
168
48
91
211
137
90
124
73
113
63
86
106
31
75
150
143
174
72
167
58
186
172
132
64
104
117
127
72
139
26
68
67
97
331
40
212
91
48
86
207
142
24
78
50
233
114
197
48
182
67
146
81
191
94
209
43
96
28
99
47
91
182
208
93
53
71
149
48
162
142
119
116
31
79
38
44
146
103
183
108
168
41
32
33
100
75
188
142
52
76
84
79
95
54
155
56
119
72
138
64
72
155
62
141
154
130
51
92
97
162
39
113
110
134
54
121
111
194
127
73
88
98
110
135
127
105
59
131
116
111
100
124
196
69
82
84
180
229
67
155
82
85
68
206
165
104
151
156
120
31
64
146
116
115
177
199
72
81
175
55
36
58
174
63
68
170
99
95
117
110
62
143
60
94
99
185
32
137
114
119
58
79
105
117
61
107
30
129
192
67
146
176
116
224
45
109
71
146
151
126
116
69
82
91
93
121
76
107
125
115
196
64
85
58
46
52
109
32
28
66
30
53
70
42
106
163
121
47
81
120
57
149
57
54
216
82
76
74
66
142
55
94
119
138
113
46
120
67
105
99
168
102
84
171
205
64
190
137
86
42
59
79
95
75
135
87
47
104
15
119
111
14
120
152
153
61
71
168
219
93
47
183
47
64
96
130
171
100
68
110
80
147
198
16
43
166
168
79
49
112
182
144
75
206
147
120
135
178
12
214
82
154
79
89
79
216
88
29
102
88
168
95
92
104
60
110
219
117
99
58
137
121
138
135
47
11
112
108
131
96
129
202
31
136
83
149
75
93
74
53
86
65
92
47
94
22
61
183
101
84
66
46
33
159
43
106
106
101
62
81
137
156
82
148
121
48
54
121
79
66
120
37
74
200
61
46
115
105
71
64
44
46
117
120
102
45
41
180
62
150
64
112
68
71
168
23
120
7
67
81
131
109
98
138
59
156
190
21
29
80
75
110
111
65
65
84
122
56
98
74
73
189
167
90
53
11
162
138
34
137
115
77
87
150
111
91
15
74
78
164
209
86
100
73
221
110
159
165
141
145
55
132
130
145
107
207
165
52
120
60
25
91
73
120
118
188
104
75
66
37
97
20
68
80
45
83
82
235
55
71
112
166
65
31
166
28
25
157
121
189
127
171
57
29
85
54
167
62
52
127
135
218
131
124
90
45
107
95
142
44
60
78
143
171
152
77
177
186
61
42
158
47
91
134
9
72
68
51
63
75
62
52
203
153
142
76
115
67
42
27
64
74
89
182
73
35
174
191
112
141
60
23
55
68
21
89
39
22
191
169
137
147
115
84
43
81
142
200
42
43
71
193
37
92
81
173
74
109
122
76
136
78
158
71
167
42
107
206
103
46
99
53
98
26
100
60
33
66
87
86
75
81
100
125
62
57
139
47
94
27
87
91
228
129
194
134
87
42
149
62
58
81
125
110
119
150
121
170
94
115
61
111
140
88
167
189
125
141
149
84
56
137
55
129
25
147
156
39
76
101
81
190
191
189
113
181
139
69
65
54
103
62
24
102
152
79
107
66
116
45
92
77
123
119
73
158
121
77
72
66
22
94
39
85
48
102
70
160
84
83
122
70
129
142
121
168
93
54
197
18
98
44
133
99
53
69
141
121
117
180
141
187
46
80
234
165
203
83
71
98
90
58
133
203
65
66
187
40
64
159
58
54
173
122
50
174
151
127
171
60
126
81
62
42
95
76
154
55
110
106
157
29
21
134
56
168
99
38
103
47
87
71
50
45
78
172
150
75
81
81
142
55
120
103
54
53
48
