2 677
276 300
526 506
343 491
24 657
137 412
288 295
489 545
477 3
341 449
538 116
442 407
84 795
193 519
155 598
186 703
13 95
430 595
542 298
136 287
550 5
668 603
767 332
272 2
423 605
453 789
503 566
116 789
371 455
800 70
660 64
75 475
615 317
343 230
176 481
666 320
779 343
504 614
412 514
626 88
624 694
700 187
51 667
680 73
252 135
50 63
306 485
259 533
143 191
738 789
553 158
69 256
163 306
529 142
480 787
609 13
314 32
319 299
435 461
152 489
526 257
311 689
128 498
71 374
527 425
229 691
639 45
296 592
123 775
588 335
651 24
621 172
727 502
785 323
718 287
205 175
649 379
615 490
137 127
53 578
627 7
349 262
253 216
149 173
211 698
677 729
561 522
108 545
481 221
460 507
376 525
235 129
449 270
703 299
714 283
770 553
198 306
759 231
714 504
61 188
656 358
101 301
657 27
137 169
769 665
289 583
460 178
264 608
110 739
792 689
311 323
329 77
620 122
78 562
636 84
637 596
124 229
215 461
469 469
170 141
483 735
629 387
518 797
748 499
417 639
581 304
517 167
496 698
195 537
362 552
669 246
582 487
381 316
369 186
539 672
359 120
143 166
739 316
86 622
105 52
277 634
616 558
550 587
67 433
199 729
581 594
114 350
237 585
102 318
28 792
38 205
159 427
138 112
123 497
287 264
319 216
774 116
313 725
211 332
460 465
573 574
370 216
242 744
328 395
737 326
795 613
346 12
346 561
230 675
465 595
684 522
355 768
527 767
200 545
702 123
616 44
263 519
337 230
247 746
543 228
30 415
457 537
611 427
698 555
194 789
706 158
355 77
651 51
339 644
158 692
679 336
241 165
89 535
502 281
261 560
656 646
265 650
336 203
9 109
307 397
340 385
236 357
574 544
320 58
601 257
158 407
367 577
741 66
600 264
76 180
344 32
62 331
601 604
35 115
358 341
329 576
692 339
699 97
551 614
659 320
760 122
85 419
83 282
59 257
747 59
122 619
561 13
456 337
706 241
418 789
284 797
456 191
459 652
296 275
445 397
570 699
736 531
193 593
591 411
326 384
347 75
64 606
534 649
556 288
737 655
531 635
466 339
702 91
601 427
743 369
666 255
395 647
672 774
578 508
651 628
508 515
423 738
525 606
95 234
165 521
127 84
620 416
641 370
472 144
495 433
498 781
167 547
483 725
138 592
413 656
639 261
175 128
49 279
136 60
258 212
630 534
513 57
518 577
333 358
511 674
600 684
461 123
251 642
463 165
514 297
792 373
564 467
273 756
482 474
223 622
249 111
408 351
507 782
474 639
479 38
534 418
28 559
112 567
672 615
69 709
201 278
467 449
288 148
697 607
690 270
757 599
505 263
712 48
510 366
663 710
48 288
56 40
230 724
630 557
713 300
276 201
143 83
39 541
544 213
644 404
556 147
595 402
668 10
587 302
614 598
39 571
625 260
752 639
292 756
328 534
2 368
593 747
292 676
138 505
192 72
457 145
618 11
81 455
183 299
2 729
406 130
647 146
295 529
226 237
622 535
530 730
436 215
480 417
20 538
395 293
674 637
90 390
205 345
16 790
788 146
451 634
660 493
226 780
114 273
131 96
334 398
376 219
158 317
416 67
478 574
89 261
437 160
517 783
653 177
265 133
432 547
649 504
416 55
291 133
379 115
44 533
10 126
628 472
273 383
613 772
129 157
575 96
143 6
437 563
211 278
44 572
34 655
736 505
359 358
260 61
19 401
356 49
354 548
113 46
99 666
219 592
736 665
262 356
144 617
204 486
40 331
28 360
286 295
168 196
122 292
79 241
254 313
348 385
207 220
340 366
240 391
199 200
26 142
173 259
128 173
113 385
144 178
3 392
141 253
84 178
214 278
199 378
47 329
67 342
218 242
200 278
111 391
111 166
128 266
238 286
59 128
242 280
356 371
114 217
62 333
244 396
300 362
283 340
171 287
40 309
181 288
163 378
142 212
177 361
143 337
201 397
137 249
378 397
135 186
198 311
254 324
204 270
100 219
18 125
181 370
161 346
28 38
261 321
200 360
234 301
340 374
130 270
1 384
240 374
95 165
126 320
62 266
309 379
375 385
173 176
144 189
116 222
62 153
161 361
153 337
30 217
43 217
250 326
69 321
34 173
155 315
93 94
194 395
115 350
351 390
16 198
115 313
42 386
10 53
304 326
175 226
96 300
119 359
151 205
86 160
22 164
263 335
22 314
11 58
79 87
124 269
51 358
219 314
69 100
313 371
11 264
38 90
63 330
155 361
263 281
132 291
88 318
16 311
173 395
186 372
162 168
89 181
48 119
27 108
157 162
254 350
38 392
3 129
221 351
238 261
49 309
127 134
115 254
23 210
81 361
283 335
93 219
67 147
244 305
178 357
250 304
371 377
156 220
204 243
145 257
125 204
98 183
182 262
14 266
294 363
66 187
164 314
39 341
253 286
169 383
145 218
315 369
20 226
129 206
13 59
291 388
144 168
58 347
327 350
211 365
343 384
75 119
318 320
268 398
100 190
229 256
178 328
157 287
141 344
35 219
78 273
31 143
28 163
231 346
59 399
13 266
160 218
128 194
274 315
160 202
287 357
43 187
61 287
123 183
48 116
134 242
165 244
47 128
303 327
290 373
264 347
263 283
7 277
206 215
136 271
309 331
298 327
232 269
302 315
81 110
113 348
154 177
173 237
106 231
199 239
364 383
234 347
37 245
192 325
58 288
2 253
120 172
234 246
248 286
19 300
162 178
52 358
111 186
179 243
43 66
205 351
86 131
53 106
134 257
13 333
236 305
121 319
239 378
178 184
164 216
137 285
77 344
298 303
65 178
124 355
24 370
51 272
19 146
273 382
147 289
127 235
56 166
345 367
39 175
76 182
260 273
75 271
77 286
179 204
72 123
187 336
5 151
162 328
153 266
212 324
17 364
51 101
275 377
21 350
268 297
88 193
101 148
133 346
38 181
154 343
116 136
92 306
48 271
110 388
84 189
174 185
222 310
267 292
132 388
372 391
32 204
59 259
188 251
67 194
110 278
48 136
44 91
103 271
113 192
290 302
118 288
118 301
303 305
139 316
156 354
48 83
150 272
352 362
95 305
252 309
76 319
17 251
74 314
80 322
2 7
10 50
160 313
18 208
17 269
265 292
174 220
339 386
17 181
145 160
60 88
363 391
158 397
218 324
294 372
1 233
58 234
80 336
24 169
307 322
126 283
37 218
172 345
275 313
248 261
46 342
7 37
80 226
16 213
317 375
5 59
93 137
35 93
78 119
76 121
117 151
138 241
297 398
64 264
66 381
246 284
6 154
127 293
169 370
206 329
65 189
105 194
39 71
75 343
77 253
131 248
169 232
217 307
81 154
195 309
47 173
226 336
38 89
96 343
276 381
54 256
161 349
48 75
92 231
64 301
152 334
253 275
148 310
162 312
257 364
239 397
31 192
55 80
100 319
203 389
20 294
137 216
219 262
34 266
262 321
133 177
252 379
24 293
43 207
241 325
74 304
58 118
39 43
115 344
35 216
148 358
9 360
74 97
84 168
230 287
48 380
20 175
159 255
195 303
55 226
13 34
0 394
125 326
21 195
66 80
271 334
10 263
214 291
192 375
135 340
35 190
131 371
60 179
2 202
282 289
19 148
267 279
107 237
128 237
238 319
162 287
18 60
113 241
91 191
260 334
126 179
363 372
215 392
209 258
182 377
32 270
70 80
67 282
57 233
142 324
112 114
110 214
16 45
36 314
142 277
292 367
296 385
48 78
34 117
82 343
1 154
297 333
61 157
123 170
265 367
121 182
37 277
134 279
101 146
157 178
61 332
109 165
27 353
190 314
107 395
295 308
45 393
187 322
94 314
225 268
126 335
64 288
271 359
199 397
91 290
53 263
14 395
97 304
78 316
202 277
159 264
51 150
91 334
17 383
140 395
40 252
186 363
120 292
115 275
59 266
64 238
226 276
360 378
54 292
338 352
91 389
94 228
82 384
41 130
175 322
51 116
200 378
70 187
113 225
370 383
38 370
113 296
215 329
13 259
130 368
183 298
198 376
103 380
106 283
225 297
139 359
143 153
131 202
211 330
134 245
33 233
257 277
154 315
363 374
227 291
41 185
325 385
114 341
315 373
137 314
316 334
358 362
144 357
88 106
213 311
128 147
312 357
211 222
330 390
304 314
34 128
267 367
52 362
104 350
244 298
176 399
25 54
63 390
237 398
237 268
140 188
0 4
142 218
50 318
247 307
329 342
313 356
185 217
149 299
192 333
235 345
237 289
14 225
270 326
78 83
191 369
231 281
58 159
136 152
325 375
118 347
52 300
65 84
13 128
90 167
95 236
335 340
112 381
100 121
358 365
101 358
37 257
139 382
122 172
75 136
211 223
107 215
104 327
38 383
68 299
3 167
17 124
78 380
26 37
59 117
91 369
105 342
335 366
56 240
131 286
235 242
47 105
193 306
211 351
149 353
340 363
84 144
115 303
49 252
79 325
13 237
58 301
41 341
55 102
152 271
5 63
124 169
66 175
128 399
273 359
30 307
232 279
121 248
191 302
26 277
263 366
123 236
60 125
203 391
44 290
221 337
60 193
207 247
9 28
29 354
252 331
271 316
73 285
63 101
39 114
141 275
138 394
32 35
228 314
58 264
67 105
191 315
101 223
324 350
105 107
67 140
253 377
169 364
93 130
79 296
45 139
4 138
106 126
238 248
124 232
96 384
84 282
33 155
182 248
31 153
29 307
335 346
330 351
31 337
201 352
216 219
309 350
295 321
227 308
27 299
142 242
78 136
115 212
109 244
108 189
50 112
103 119
246 291
199 214
174 207
259 399
50 126
85 252
46 392
334 359
111 373
73 164
46 176
131 377
8 294
209 380
241 394
312 332
146 362
75 83
88 366
119 316
231 335
19 258
349 388
108 353
115 145
10 320
281 366
121 261
63 351
40 254
245 257
72 356
76 261
89 159
51 310
3 9
3 46
273 334
43 70
144 312
273 316
92 227
192 297
84 162
284 308
1 110
82 154
43 247
126 263
133 340
54 367
305 327
296 348
111 389
148 211
138 386
87 259
74 137
22 74
251 355
6 233
107 282
148 365
61 328
30 70
293 355
222 223
32 125
260 271
342 392
126 281
50 179
113 375
161 197
244 303
233 274
2 288
114 175
142 202
30 187
37 293
91 373
279 293
283 366
65 332
175 381
49 396
101 272
85 379
86 141
300 352
21 324
199 388
248 319
51 222
67 188
141 212
168 289
223 310
155 161
241 297
23 389
11 347
22 285
226 294
35 304
106 263
2 86
273 393
369 389
270 304
184 357
146 351
15 189
324 344
75 91
53 381
194 215
211 390
75 274
1 57
275 356
180 351
44 369
147 194
337 351
105 196
92 346
83 152
6 397
121 238
18 306
87 268
158 300
90 206
25 367
338 358
17 169
183 313
15 84
45 273
55 66
234 291
120 229
260 382
127 172
250 270
334 389
166 240
57 81
18 179
167 206
88 92
20 276
12 299
65 196
0 339
21 212
57 177
62 337
57 110
186 210
266 333
143 180
191 274
120 345
248 321
77 356
113 325
64 295
338 362
319 321
238 321
180 330
204 323
120 122
143 221
253 344
30 66
131 344
57 214
55 175
159 347
90 329
212 313
154 233
86 344
25 122
104 165
60 318
86 286
78 359
232 355
245 279
147 395
80 102
163 278
208 243
35 74
272 310
166 391
168 332
133 361
185 368
133 374
246 308
218 277
134 345
160 257
73 137
135 240
14 289
34 151
7 255
101 362
140 289
32 219
77 377
113 268
127 292
10 126
193 246
16 99
194 342
386 394
37 364
185 354
7 383
217 224
91 271
198 209
19 358
152 380
217 220
26 255
269 355
145 324
133 135
158 201
46 329
189 394
163 214
186 240
72 95
302 369
230 328
186 391
179 208
325 348
18 243
201 378
33 197
50 53
164 249
4 241
103 116
62 87
270 323
133 197
27 149
4 339
130 250
214 388
160 277
202 313
147 282
186 203
8 226
119 152
132 349
96 201
119 136
11 301
56 210
192 385
44 389
71 320
214 239
32 326
90 129
109 396
287 312
19 222
219 304
308 347
158 384
152 316
88 306
243 306
176 194
41 250
54 267
71 341
218 257
108 299
52 96
43 224
91 302
338 384
45 198
36 249
29 220
1 6
27 184
143 390
299 353
81 132
141 145
66 226
300 343
137 164
45 311
235 279
195 324
158 352
7 364
29 247
140 282
372 374
55 336
124 188
81 197
274 343
73 249
303 396
77 182
209 213
94 137
152 260
32 243
134 218
105 167
242 257
50 381
80 187
240 340
317 348
33 154
14 173
118 255
133 366
32 69
87 333
57 278
6 57
42 299
146 211
15 144
54 345
208 323
9 200
236 303
115 324
52 146
178 287
93 314
0 386
141 202
107 289
227 246
179 193
316 393
151 221
210 240
106 281
29 207
44 191
196 332
216 314
232 293
1 96
40 280
11 159
6 110
139 273
200 214
37 279
183 303
70 175
60 306
219 270
252 280
202 275
90 215
244 327
175 187
63 211
2 26
124 293
245 293
118 159
45 376
300 384
260 359
301 347
66 114
139 393
30 175
125 323
1 397
77 131
242 279
43 174
156 174
56 135
135 203
341 368
138 297
77 275
28 90
7 169
36 73
21 303
176 342
283 346
19 96
287 328
56 203
280 331
119 380
30 114
105 147
125 243
34 399
157 332
150 376
104 396
24 124
169 277
106 340
166 210
359 380
278 378
295 301
103 152
120 367
170 371
144 287
34 59
155 274
120 279
54 122
99 209
181 383
170 356
313 344
157 171
265 267
225 241
159 288
151 399
66 102
298 396
212 254
153 333
66 70
155 302
241 296
61 140
174 368
249 285
204 208
167 342
13 399
107 194
76 100
60 284
227 234
150 213
48 258
180 337
356 387
104 305
41 228
344 356
121 321
101 211
135 391
82 274
12 108
103 136
350 396
112 320
100 262
40 85
30 322
157 328
231 366
17 293
280 309
213 376
3 342
54 229
64 347
83 103
41 71
104 244
129 329
179 306
65 162
122 265
53 281
182 261
120 265
208 270
207 307
25 292
38 58
190 262
163 360
58 89
66 336
92 193
61 188
154 155
214 360
34 62
338 343
153 192
266 395
162 184
290 389
105 329
50 71
108 144
160 253
171 328
131 253
152 359
37 169
156 247
127 232
23 56
178 230
146 205
169 293
25 229
96 158
263 340
155 177
191 290
54 172
19 116
114 247
234 264
47 342
98 371
82 315
254 309
51 365
74 164
171 256
197 315
281 363
1 158
98 123
34 259
190 216
33 133
328 332
331 379
364 370
248 377
288 347
174 247
185 220
74 93
162 230
296 325
35 94
15 312
42 241
79 375
164 285
255 288
12 184
394 398
21 298
193 284
163 388
346 361
323 326
98 170
113 297
126 231
204 318
281 335
168 312
244 350
65 144
44 373
163 239
197 302
14 237
272 365
82 191
207 217
37 242
228 304
57 132
63 143
21 254
61 282
89 370
119 260
68 149
102 114
7 26
65 282
11 234
169 355
93 250
167 329
113 138
112 368
123 387
60 243
22 249
231 263
158 338
261 319
243 284
177 197
168 282
38 159
103 209
182 319
9 239
182 286
133 161
71 368
120 127
79 138
211 272
25 265
72 371
26 364
322 336
195 298
158 362
106 346
141 371
296 375
65 312
139 260
269 293
45 260
71 112
214 349
251 269
8 20
15 65
210 372
52 384
260 393
207 224
138 225
45 213
13 47
261 262
16 139
204 250
170 344
302 373
39 112
74 216
65 289
40 235
34 333
141 160
132 214
160 212
54 120
39 381
111 203
138 398
135 373
83 116
112 341
259 266
105 140
107 332
4 42
19 365
53 320
172 367
43 112
160 344
160 324
298 350
115 141
15 162
110 233
72 170
168 178
130 304
200 239
10 381
99 198
95 123
87 317
147 173
278 360
19 362
50 320
36 137
41 174
369 373
113 317
93 304
111 210
184 312
79 192
126 318
102 175
115 195
44 75
17 206
208 326
205 221
76 219
5 143
94 97
171 229
111 240
102 187
282 395
99 223
202 253
62 259
127 267
120 256
174 217
59 151
310 365
254 303
238 295
128 333
30 112
116 365
145 202
182 321
53 335
360 388
3 329
165 305
22 137
143 351
236 387
97 228
164 190
264 301
133 155
313 324
145 212
90 392
49 109
331 345
36 285
173 194
23 166
206 392
4 386
266 297
258 272
24 383
24 232
80 175
262 319
225 394
306 346
88 283
9 46
79 386
100 216
6 278
18 69
56 389
55 70
222 358
79 297
14 297
19 338
102 322
171 230
105 176
37 355
3 28
284 323
87 266
170 387
5 221
196 289
170 236
8 276
89 255
76 321
284 306
185 341
32 208
256 267
128 395
29 224
355 364
40 350
296 317
17 24
52 158
329 392
42 225
315 343
154 274
67 167
47 176
65 287
30 207
216 249
199 360
78 260
67 215
0 299
2 255
75 103
52 352
114 381
195 280
116 358
180 221
152 273
93 164
12 353
210 391
277 364
89 118
4 394
203 240
20 336
79 113
239 278
49 85
140 168
0 241
203 210
172 292
81 161
163 199
91 119
134 280
190 219
35 262
109 327
139 311
237 395
59 62
173 399
218 245
10 276
5 205
108 394
140 196
222 272
27 144
161 177
186 340
92 349
74 94
72 236
96 362
316 359
2 89
87 297
67 107
7 370
198 213
105 215
148 362
24 269
359 393
75 191
146 148
222 365
299 394
63 180
19 101
88 231
27 68
57 154
289 395
320 381
46 47
12 27
38 129
1 201
174 354
290 334
107 140
41 97
54 265
230 357
20 80
24 251
24 206
70 336
228 250
225 398
24 355
26 181
99 116
4 299
25 256
298 324
303 350
317 385
188 332
63 148
156 224
153 259
242 245
28 46
255 277
356 377
68 184
260 316
241 386
149 339
87 192
89 288
122 367
41 368
83 271
32 100
51 223
81 155
125 208
78 271
78 152
12 149
77 86
22 73
174 341
170 275
9 199
98 236
374 391
216 262
11 291
44 302
305 396
33 81
89 383
344 371
72 183
177 233
290 369
11 227
259 333
148 222
273 311
51 99
104 303
87 153
181 255
23 203
224 307
84 312
215 342
11 118
183 236
191 343
93 228
231 283
6 81
141 313
178 312
127 279
144 162
17 355
24 364
122 345
276 294
85 309
212 218
37 142
245 277
223 258
220 224
69 125
95 183
0 42
14 398
316 382
118 264
98 356
340 372
125 284
85 195
12 339
93 216
175 336
37 232
13 117
170 183
195 350
135 374
76 216
83 136
15 168
95 387
150 223
77 371
12 68
31 62
271 380
306 318
35 76
31 375
30 174
82 155
312 328
79 317
191 373
5 337
221 390
173 266
227 284
48 209
188 215
117 399
101 310
42 138
266 268
254 298
99 258
83 119
176 329
99 376
52 101
192 317
111 135
66 322
137 190
229 265
94 130
186 374
51 258
87 113
167 392
121 262
106 366
155 233
85 331
281 283
99 213
74 190
16 376
166 186
237 266
299 339
52 338
140 147
138 299
200 388
56 111
8 372
167 215
96 338
32 262
7 89
168 189
28 58
267 345
182 238
15 108
42 339
47 147
193 243
129 167
179 318
102 336
288 301
130 228
30 80
101 365
43 307
7 181
130 326
187 217
88 346
352 397
88 179
68 144
201 338
94 216
39 187
5 146
75 82
18 323
281 340
346 366
40 379
101 222
327 396
275 344
291 349
165 327
204 326
78 103
25 120
107 147
21 183
224 247
339 353
64 286
124 251
100 261
150 209
235 280
110 239
94 304
64 308
179 320
2 131
22 93
72 387
67 329
119 271
110 360
317 325
300 338
114 187
86 255
243 323
282 332
258 365
53 126
86 253
14 268
68 108
159 234
30 102
242 293
172 267
328 357
274 302
183 305
55 187
44 315
34 153
30 247
147 237
81 233
69 121
87 375
56 391
13 173
104 109
197 361
29 156
235 331
18 284
187 247
169 181
120 267
88 126
30 39
57 388
43 102
48 103
264 308
70 102
43 114
382 393
33 361
180 390
74 250
94 250
172 265
132 278
81 177
142 160
96 352
127 345
111 374
110 397
115 298
47 194
22 36
72 98
128 259
235 379
10 281
67 196
59 333
155 197
202 212
31 180
69 262
202 344
92 284
76 190
241 385
264 295
217 247
169 257
181 364
196 282
26 257
261 377
52 148
63 221
240 363
30 43
145 313
9 163
70 322
5 351
159 301
223 365
223 358
165 396
79 348
26 169
116 258
110 154
152 393
56 186
240 372
172 331
3 90
99 150
90 370
278 388
264 288
211 310
140 332
74 228
33 177
20 55
319 377
18 193
32 323
292 345
295 347
134 235
94 164
142 245
141 324
136 380
239 360
89 301
86 202
144 184
162 357
142 145
258 358
199 278
40 195
362 384
195 254
276 281
59 153
36 164
17 370
163 200
62 192
185 247
61 196
299 386
31 221
348 375
93 190
311 393
106 335
69 243
81 349
65 168
220 354
166 203
76 262
63 146
129 215
156 207
19 52
127 265
66 307
83 380
138 325
110 200
2 286
157 230
142 257
21 115
35 100
139 152
279 345
366 374
183 387
222 258
150 258
39 66
107 196
275 371
98 387
34 205
127 242
265 345
53 283
79 385
35 314
21 313
138 268
239 388
148 351
60 208
223 272
33 161
42 394
129 392
69 323
143
134
102
69
31
42
132
93
153
60
31
56
123
124
27
74
146
169
102
120
58
60
164
84
108
71
81
104
53
181
65
194
18
66
35
18
60
68
84
54
97
66
158
62
78
37
107
67
120
146
118
113
104
63
55
81
105
46
14
162
55
66
106
65
156
89
144
84
62
153
92
149
14
8
95
148
90
53
83
174
118
42
73
85
73
28
61
40
31
178
137
61
74
33
89
54
32
135
159
109
31
78
85
186
144
135
54
162
163
58
131
155
207
107
145
195
50
121
66
95
67
180
181
35
35
151
90
67
103
61
60
90
78
112
116
56
103
42
100
102
116
142
78
80
91
14
95
136
49
59
98
96
25
64
102
75
121
96
208
101
81
117
69
66
95
130
114
102
68
17
169
56
74
76
137
39
50
107
47
70
152
100
84
92
91
31
178
192
122
70
51
64
59
79
133
86
226
132
91
147
77
121
69
21
27
124
57
54
106
100
151
98
126
124
116
12
129
40
124
136
168
89
213
81
155
182
55
90
132
82
212
68
46
104
48
153
49
94
90
55
143
66
63
121
95
40
96
137
128
57
121
69
101
163
33
65
79
179
90
63
119
49
163
96
177
73
127
95
75
94
38
107
167
93
71
64
88
149
130
78
48
29
151
58
78
37
53
74
106
74
23
224
131
53
105
33
138
14
56
124
46
60
174
112
23
143
131
143
46
73
120
142
84
88
79
89
10
107
142
85
138
45
57
44
81
143
143
69
25
207
43
88
55
60
85
78
150
35
207
135
72
138
93
96
137
79
241
195
52
121
87
146
164
96
91
143
64
196
170
189
222
106
216
128
119
127
66
40
146
119
183
41
67
77
174
127
63
133
77
135
110
78
91
104
86
50
114
92
53
104
55
176
77
83
94
224
134
159
131
69
215
148
110
43
68
216
135
60
74
47
89
62
89
34
48
75
191
132
56
84
112
119
69
128
180
15
106
158
115
161
48
69
49
88
41
104
62
127
80
18
23
122
112
39
58
119
75
173
41
96
78
34
74
103
41
141
227
76
59
111
147
91
20
82
86
117
157
90
31
132
160
149
68
110
99
72
144
55
89
96
89
146
126
92
178
195
122
65
127
87
106
109
170
85
147
77
71
122
38
61
96
73
69
104
148
51
39
14
151
52
155
86
202
85
120
44
135
91
63
37
7
83
102
50
144
124
98
143
86
96
102
119
78
67
89
114
12
295
144
151
77
66
80
133
69
77
39
160
95
75
73
119
255
95
133
106
76
24
77
92
138
63
145
107
111
61
49
44
133
94
120
67
120
38
89
62
103
82
108
168
145
50
129
107
208
69
60
89
185
34
118
56
80
56
148
87
25
77
21
133
95
99
125
36
123
81
167
146
117
185
159
49
71
57
117
162
87
69
39
69
34
154
80
50
49
36
130
78
89
176
119
120
148
17
32
64
96
112
103
20
79
102
93
53
118
102
72
114
89
86
91
81
57
54
31
118
59
14
114
165
87
91
30
94
40
184
82
156
131
124
102
94
116
116
165
106
146
181
114
57
74
67
126
174
164
111
96
106
84
113
96
106
100
126
131
178
65
143
156
188
86
55
104
47
71
167
45
183
81
88
109
48
40
102
104
40
42
106
41
113
138
125
65
60
141
77
51
96
60
181
118
63
126
99
199
63
42
55
78
140
84
71
73
93
94
168
167
154
45
62
122
82
147
130
69
42
108
124
148
61
70
167
357
148
199
101
170
140
165
145
45
191
113
157
45
113
63
129
98
70
133
90
101
89
78
130
77
56
70
57
154
161
79
188
87
114
87
153
157
17
59
181
151
134
85
158
56
95
93
63
115
182
106
37
163
35
179
107
89
121
208
171
31
200
118
107
107
67
60
187
147
161
95
197
149
112
26
77
98
81
146
94
52
128
88
10
60
136
13
103
68
137
64
79
82
117
120
79
108
100
145
24
88
134
162
132
151
90
50
67
55
96
62
75
66
15
66
165
63
93
98
111
141
71
155
86
120
215
65
78
73
122
127
43
180
244
120
122
130
77
175
84
220
95
77
72
220
78
105
166
147
58
49
174
61
56
126
174
8
189
64
94
84
87
89
49
68
34
83
97
176
159
98
84
68
165
197
17
40
157
136
160
88
151
120
62
117
73
86
75
66
115
134
125
70
51
81
131
159
103
175
115
65
86
77
101
98
140
37
31
142
98
173
110
53
123
66
126
14
226
147
269
87
131
206
137
22
27
157
177
15
39
197
41
93
21
196
96
99
132
106
177
113
62
33
120
163
161
84
114
53
236
21
182
168
65
85
72
144
116
87
113
64
56
203
114
93
113
40
166
40
30
66
52
95
22
111
136
157
76
159
135
36
68
95
33
97
54
128
83
53
54
69
73
58
32
179
227
67
198
37
79
62
179
72
120
23
206
19
13
97
74
17
70
9
108
73
64
109
152
140
188
76
116
84
196
67
31
58
84
57
108
31
55
99
61
90
153
63
84
101
197
42
35
148
194
50
162
93
127
76
92
59
113
38
103
198
80
29
56
52
45
64
63
115
63
117
55
180
109
22
24
173
127
194
101
132
17
178
55
54
23
55
122
141
159
86
118
83
103
73
50
132
86
6
154
10
167
100
56
99
59
104
44
147
71
43
124
134
134
17
197
63
103
156
79
50
144
35
70
110
70
71
172
82
8
91
60
122
109
164
99
87
178
145
173
104
84
164
111
194
194
120
44
46
52
179
141
97
130
202
55
72
76
139
60
61
135
163
98
117
43
151
64
130
62
103
188
64
153
162
36
64
22
76
118
79
104
112
90
58
70
44
122
34
109
66
160
126
188
62
134
78
36
46
90
108
108
73
51
137
73
61
110
139
67
79
33
199
45
44
108
88
120
40
78
114
77
156
121
133
178
76
45
144
23
115
58
49
79
157
21
50
47
50
112
32
110
39
44
110
65
84
122
143
52
86
96
135
87
80
109
60
80
35
65
125
168
32
69
62
147
215
76
85
38
180
126
123
84
90
18
56
81
133
107
261
179
157
34
95
156
129
134
79
61
55
112
79
141
42
140
144
98
107
74
137
186
80
59
48
46
219
92
123
54
76
121
113
50
174
87
15
67
249
103
101
54
63
92
27
101
80
61
99
44
56
206
128
79
88
118
156
155
64
152
172
114
139
130
25
47
150
124
102
61
51
66
74
127
82
138
160
101
191
51
87
50
82
60
124
79
83
138
57
62
154
63
80
50
59
47
132
75
56
184
199
78
17
62
88
132
118
83
68
149
216
116
113
230
65
148
153
118
106
72
107
74
79
28
219
80
139
121
136
161
156
106
86
101
141
127
104
96
76
113
152
151
126
185
182
41
36
150
87
178
123
127
63
17
133
163
129
27
88
101
132
33
101
119
119
154
77
60
127
51
120
52
106
88
76
64
137
68
72
137
128
213
94
28
60
28
165
83
59
74
167
128
68
32
131
86
104
32
76
41
94
120
94
186
98
16
85
70
46
97
36
84
168
32
77
121
55
106
46
97
45
62
102
85
99
41
115
90
65
95
40
77
88
221
191
61
173
53
172
111
59
120
57
85
56
93
112
172
97
144
112
48
93
81
129
117
64
19
208
157
89
102
35
64
194
62
95
18
62
68
126
20
146
120
91
41
72
86
35
122
143
67
68
100
127
145
107
130
53
156
83
103
94
61
184
64
85
95
94
191
118
141
100
95
63
148
128
54
217
81
63
159
40
37
79
119
118
149
173
54
70
97
55
134
87
83
80
83
114
37
205
44
57
134
97
140
223
70
58
148
167
82
23
62
68
10
66
166
140
75
130
83
82
106
130
153
208
161
199
103
148
176
181
53
95
95
93
63
64
158
60
45
76
94
141
153
175
126
139
80
125
230
81
108
68
61
41
39
47
177
103
52
230
104
51
159
158
80
54
118
161
68
130
233
61
19
85
67
212
180
60
63
105
134
68
144
54
27
121
50
83
112
90
75
36
70
150
126
61
140
116
224
133
77
125
109
117
119
157
183
69
50
14
61
118
65
52
167
76
106
149
161
102
65
200
84
80
163
65
90
100
92
140
16
131
42
88
73
49
54
106
40
82
40
35
43
46
47
89
96
180
158
115
94
196
135
177
155
133
88
103
127
133
111
68
34
85
97
105
67
76
148
21
194
99
168
101
26
114
10
91
101
90
29
71
145
78
82
69
62
82
108
96
142
96
62
34
19
71
123
139
195
22
54
197
125
69
95
93
144
87
126
10
130
81
31
92
71
172
97
77
59
114
93
58
119
44
42
63
102
138
59
73
156
93
89
168
177
57
64
115
77
75
108
100
79
7
148
154
105
74
170
61
104
121
129
40
45
34
154
68
178
85
79
117
70
92
92
26
104
72
69
102
43
151
87
77
151
74
62
72
136
58
125
116
42
51
136
25
65
92
121
85
153
105
30
154
202
138
88
67
35
92
123
109
78
169
91
79
132
115
76
34
154
67
67
208
11
127
174
85
99
207
133
54
57
124
15
93
