145 129
20 394
444 312
787 204
205 535
240 530
715 560
105 243
655 660
217 37
100 491
324 69
590 148
107 402
630 766
571 780
744 329
488 477
471 517
524 27
408 249
41 501
11 697
179 141
685 155
23 373
317 168
429 46
341 130
601 707
758 41
245 202
456 423
35 163
211 658
126 249
130 578
84 692
530 36
329 655
442 703
271 386
593 567
370 655
461 447
652 471
407 129
130 508
69 180
148 163
9 24
595 503
779 457
477 575
428 655
684 423
634 25
362 633
712 341
616 398
455 612
217 726
200 83
404 273
759 70
561 500
76 662
40 14
30 355
172 275
364 468
301 28
237 27
331 273
287 458
18 112
322 218
326 594
672 794
308 513
184 430
86 341
88 721
710 332
738 358
759 129
630 333
161 16
376 561
353 9
378 538
279 592
558 600
488 196
696 307
233 683
371 215
502 467
199 242
329 754
788 415
39 572
631 646
226 122
56 693
178 319
111 362
511 538
743 791
715 137
306 637
713 431
151 728
341 250
308 412
216 435
91 234
584 420
416 172
758 100
725 355
698 777
753 96
343 203
367 307
112 32
157 159
296 673
11 675
732 730
392 372
373 631
138 482
318 670
634 672
524 365
349 256
475 580
230 734
293 182
59 319
760 496
503 122
402 374
712 580
478 505
21 383
283 266
8 548
35 633
705 460
388 649
244 456
672 135
265 666
33 265
292 655
45 416
485 223
119 580
633 479
83 447
640 325
224 220
175 483
264 641
235 724
565 477
724 451
424 273
511 630
242 195
221 17
375 210
40 653
253 418
260 209
186 485
773 546
192 557
655 513
724 607
414 55
653 786
680 639
363 409
340 12
271 270
575 672
607 402
304 470
16 259
131 622
71 317
624 332
473 652
650 121
343 239
644 271
695 337
168 712
653 17
26 668
445 285
553 328
733 316
576 4
555 714
627 514
258 413
751 496
209 122
787 150
370 731
370 483
655 409
131 484
484 80
716 663
55 553
475 40
380 371
399 745
465 66
486 699
517 576
280 660
450 268
520 490
791 580
740 537
382 731
729 475
256 791
323 347
757 786
615 557
241 340
103 303
11 681
288 364
438 365
424 445
29 395
492 218
532 593
78 407
159 402
27 202
678 181
22 378
360 47
56 682
268 324
203 401
129 364
507 599
137 350
529 536
0 613
340 259
67 205
556 775
194 734
372 296
734 253
609 273
31 797
137 20
203 220
569 287
112 762
678 690
275 89
167 591
608 672
55 542
373 566
2 25
702 542
574 709
76 740
639 663
218 265
486 132
302 591
583 404
114 638
661 234
183 61
107 115
53 263
86 202
84 261
123 464
379 279
336 477
187 791
456 55
255 346
555 406
700 484
103 140
720 119
322 364
779 684
742 548
677 407
115 656
660 537
494 747
687 706
427 435
420 201
126 400
564 201
53 526
402 421
18 13
579 354
649 318
43 203
33 5
800 694
492 235
400 277
377 184
564 405
438 768
665 313
252 138
726 334
234 397
543 338
297 751
451 134
608 575
599 724
623 525
394 271
737 762
572 422
322 773
205 474
430 731
14 792
363 190
227 637
301 348
685 391
664 791
356 433
557 104
502 360
147 591
554 136
744 74
524 230
525 616
770 458
477 781
715 525
688 636
74 107
275 248
485 439
340 335
129 257
89 791
422 268
588 178
136 512
44 125
93 620
359 450
768 370
179 716
715 626
146 800
492 703
61 236
117 369
586 201
53 86
470 141
160 291
632 759
537 358
155 173
143 765
396 310
412 323
208 467
342 483
415 477
91 72
514 749
725 760
12 477
175 450
161 314
166 263
177 371
291 293
202 239
255 257
52 141
231 342
46 251
87 289
42 65
132 399
6 361
210 306
48 75
152 209
390 391
34 200
37 112
106 238
141 361
287 308
29 207
41 253
63 391
21 276
295 369
115 209
220 284
76 260
209 299
202 259
43 133
216 343
8 311
237 253
246 314
82 104
74 393
111 349
266 320
57 77
66 104
165 347
194 204
12 352
176 269
13 314
137 195
27 89
96 123
265 288
262 280
310 328
224 344
49 292
171 330
148 316
34 61
353 387
128 149
59 194
74 114
159 354
205 265
311 397
156 165
102 282
226 347
264 391
238 257
19 27
257 314
34 95
218 305
73 260
115 254
44 317
149 202
105 385
7 291
161 294
208 236
0 211
44 228
122 212
300 387
292 321
372 395
177 399
0 363
66 202
333 353
30 85
331 375
274 287
2 369
129 305
91 154
310 360
37 192
83 205
240 332
93 315
122 303
260 295
45 55
98 269
109 249
77 277
93 384
21 219
108 235
125 290
363 383
221 304
185 221
107 258
121 183
76 326
178 210
6 210
136 339
146 250
113 173
241 391
162 266
181 184
9 268
22 202
249 265
153 356
108 183
185 296
180 361
19 223
223 284
20 325
134 184
106 381
123 139
363 372
126 269
210 301
227 244
72 87
40 213
32 97
114 304
51 167
58 84
39 154
17 107
170 379
79 190
75 363
146 243
189 307
116 261
66 308
57 151
106 255
124 390
218 377
140 250
74 79
137 225
33 261
62 211
10 294
80 254
236 309
175 392
25 243
169 339
140 293
152 175
56 201
34 347
170 245
104 128
100 168
197 326
168 210
85 122
367 385
84 331
38 352
118 173
80 399
130 317
125 322
46 335
328 344
129 311
273 330
13 161
15 337
22 239
86 162
6 230
35 116
82 252
91 110
41 209
110 127
76 123
96 260
225 245
160 338
93 284
302 383
64 303
245 258
296 374
134 188
4 177
4 5
291 380
79 393
134 337
198 320
172 268
38 220
3 85
179 354
191 380
290 383
108 350
123 173
64 85
6 377
281 345
58 83
308 373
51 228
93 335
99 213
1 25
73 136
309 336
262 310
225 358
41 304
75 383
7 116
62 289
39 226
110 165
46 384
352 370
62 172
63 295
113 136
142 223
190 393
312 317
21 161
60 195
183 386
230 232
50 278
26 123
334 342
183 340
120 205
145 394
41 299
33 363
82 267
213 344
8 272
240 366
302 395
36 159
96 173
22 174
62 103
103 273
344 360
111 215
129 397
120 199
54 57
142 352
4 179
313 384
297 378
212 356
18 107
286 327
101 259
15 183
40 310
53 137
70 393
8 275
23 62
333 387
126 290
108 397
260 264
2 241
114 209
178 361
7 293
155 248
374 394
196 201
189 327
87 125
76 176
204 270
292 367
135 286
110 226
28 71
17 145
58 375
137 245
182 335
235 340
67 278
59 117
5 343
113 123
105 237
112 200
348 366
244 313
157 398
304 366
233 297
171 269
9 71
9 289
89 182
113 197
160 309
38 217
86 199
93 357
55 349
93 324
296 393
287 354
279 309
168 359
214 242
115 175
245 256
118 335
379 396
18 137
93 118
7 69
94 199
96 136
81 257
343 392
55 307
117 189
48 380
70 190
83 84
58 94
233 334
272 282
43 57
182 298
66 192
44 242
125 363
135 204
243 250
292 293
16 94
224 396
141 210
20 169
144 279
127 133
33 383
148 398
91 165
71 72
217 284
339 390
80 343
99 127
261 291
61 166
13 106
21 316
340 350
13 81
154 226
254 399
165 226
1 161
78 350
6 279
225 256
106 246
216 399
30 109
78 340
16 265
24 288
114 190
335 384
112 376
51 180
374 393
163 364
163 187
95 156
161 216
214 394
108 121
39 57
161 398
77 110
64 356
41 254
6 178
9 172
39 285
61 297
300 341
94 198
325 339
10 47
86 320
150 232
263 297
118 313
170 225
293 367
65 107
27 251
196 352
16 375
152 190
114 185
270 333
76 96
148 219
319 341
32 242
136 264
6 229
40 231
56 206
32 312
156 347
224 310
124 295
296 351
238 255
262 337
86 204
7 385
136 173
199 331
295 339
218 362
263 376
113 260
314 381
279 301
52 210
138 200
115 247
290 302
190 351
147 260
213 334
33 292
11 28
99 222
231 344
18 394
181 229
366 390
180 309
14 29
132 371
101 219
79 296
117 341
34 376
158 227
262 386
125 268
86 194
132 294
135 300
272 362
223 335
323 397
152 332
54 60
69 367
57 156
82 202
248 380
99 334
39 131
182 251
43 231
140 291
110 156
185 351
150 210
264 366
262 396
36 287
120 375
29 386
143 185
84 205
129 272
119 153
101 316
54 131
114 351
174 259
266 329
45 51
159 308
38 56
97 167
129 323
261 380
135 387
124 234
126 211
313 326
238 367
69 105
10 276
22 104
295 390
3 109
43 54
47 132
184 218
247 314
61 112
4 392
63 264
101 373
42 245
39 165
393 394
39 77
33 302
3 212
132 343
57 88
99 342
92 256
83 320
35 385
233 263
68 250
1 68
103 289
181 306
41 175
321 380
355 382
13 381
326 346
132 161
68 193
158 203
294 314
96 118
218 282
60 170
94 288
110 154
76 113
162 320
30 303
35 292
95 166
125 395
209 254
169 325
138 334
191 321
242 365
36 354
102 275
310 396
30 122
325 369
213 231
34 226
217 223
3 119
85 356
16 83
65 338
2 203
188 207
321 372
164 371
240 253
119 122
12 196
41 240
154 166
169 369
10 316
66 373
291 292
19 206
325 390
103 126
246 250
28 139
157 246
40 344
194 270
138 376
148 259
206 217
28 326
297 376
202 252
269 364
302 388
71 186
108 129
244 384
127 165
127 226
158 357
40 328
51 208
159 373
115 399
149 252
63 203
147 163
0 23
72 289
192 287
45 338
24 122
141 301
53 258
199 349
256 258
2 169
392 399
32 143
155 380
227 357
264 339
9 211
91 226
174 252
41 237
17 242
315 370
146 246
188 282
271 378
0 49
98 283
144 362
194 198
216 371
310 344
69 269
217 355
177 343
78 129
254 343
131 277
317 394
305 340
78 311
100 375
171 176
69 238
229 306
14 262
162 198
15 386
221 241
232 359
208 336
37 281
376 389
98 163
24 303
7 380
144 230
221 351
16 120
70 351
248 321
58 205
216 294
74 296
123 197
47 371
240 299
277 285
369 390
207 379
31 98
193 238
182 220
84 199
144 181
276 316
195 224
67 322
38 223
150 168
96 197
138 263
237 254
198 288
13 157
124 366
191 291
60 137
21 398
31 163
158 324
288 382
85 303
203 339
34 165
46 118
107 256
203 325
1 157
66 82
150 359
140 238
29 188
125 318
190 214
290 388
133 156
192 373
267 368
168 349
41 348
86 329
22 345
73 364
41 114
96 113
160 180
237 348
73 147
311 386
257 381
222 342
223 384
223 298
203 391
280 396
133 165
256 358
288 329
159 192
323 340
114 296
201 206
252 308
86 319
72 103
169 324
12 370
133 151
244 357
21 148
15 310
108 340
232 301
68 246
190 296
135 319
42 336
59 189
104 174
15 396
169 227
95 138
253 299
230 301
270 319
116 155
312 394
37 82
65 258
302 363
315 355
136 197
261 302
2 390
252 373
73 295
166 233
23 103
115 392
176 364
263 389
86 270
212 303
315 382
242 374
91 347
249 370
57 133
70 242
162 329
121 235
360 379
120 349
318 395
161 243
116 321
234 299
143 221
52 111
197 339
50 383
63 325
290 395
104 281
316 398
103 171
261 293
74 152
173 313
137 256
170 256
104 149
37 271
32 365
145 258
15 262
8 362
82 112
362 377
28 46
88 90
175 240
238 385
214 296
19 38
195 379
33 75
272 397
154 347
135 327
149 259
157 243
84 349
141 150
38 298
150 215
48 372
178 230
63 369
24 249
112 281
139 346
37 373
116 380
308 354
186 251
40 195
151 231
197 295
290 363
219 373
185 317
133 226
83 265
221 317
118 346
52 359
61 376
17 97
65 167
68 243
109 212
12 153
22 267
167 327
29 280
25 140
242 312
68 81
146 157
134 280
55 111
189 341
109 303
82 271
58 199
174 373
200 263
20 295
317 351
106 257
370 382
171 364
284 384
204 333
130 185
166 200
184 377
115 177
320 329
141 359
191 293
55 215
111 359
55 59
43 127
265 331
271 389
318 383
31 139
286 387
76 364
42 208
13 255
141 168
49 388
60 358
237 332
107 137
241 317
75 372
36 373
44 365
51 160
350 397
246 255
164 294
327 387
103 211
76 136
20 203
147 187
112 297
122 153
230 279
128 202
305 323
284 335
239 259
159 219
57 277
211 330
20 369
287 373
112 263
107 225
44 145
245 336
71 273
275 280
99 233
42 338
255 314
78 121
284 355
354 373
104 202
230 361
54 151
128 259
50 75
327 341
242 317
264 295
165 285
149 373
76 173
60 151
43 77
43 213
284 352
70 90
214 374
18 44
34 263
101 276
300 365
143 317
111 150
76 346
34 166
123 326
291 321
58 120
60 225
64 119
25 157
208 309
99 133
294 371
32 394
159 274
351 393
155 191
383 395
14 15
169 390
27 298
122 196
106 247
164 399
95 376
220 223
149 239
23 289
159 276
45 111
95 263
81 106
139 171
20 173
169 295
11 72
182 223
134 272
184 362
72 273
316 371
114 175
191 248
18 97
310 379
292 302
49 211
85 212
153 249
195 358
154 156
168 232
264 390
92 236
234 304
75 395
161 246
67 363
368 378
247 381
190 374
19 298
117 167
266 288
53 358
298 335
254 392
147 176
54 195
1 250
313 346
124 325
166 376
39 43
228 258
29 275
59 307
294 399
24 153
59 319
5 177
292 380
64 122
113 264
121 340
51 338
45 160
175 332
90 277
211 289
10 219
372 383
114 374
116 291
234 253
63 390
226 285
269 388
24 119
98 171
221 366
5 179
217 335
192 354
182 186
138 297
261 321
59 86
68 140
50 318
128 174
200 271
134 275
152 392
61 263
1 146
38 142
95 226
58 331
27 46
30 201
160 301
357 382
83 120
100 359
222 328
9 87
131 133
189 215
40 151
121 311
89 273
95 127
2 391
159 371
142 217
315 357
283 385
40 222
39 127
264 325
240 348
112 368
70 185
144 377
54 224
142 335
272 377
63 124
207 224
10 164
116 367
207 275
169 391
95 154
7 261
37 202
59 349
337 386
167 208
18 258
135 333
76 147
152 254
246 381
124 391
71 89
115 152
12 249
368 389
181 218
237 240
227 369
210 232
197 260
180 208
83 331
98 176
213 342
93 158
24 85
228 365
181 377
322 383
120 331
14 121
159 287
92 225
103 330
92 170
77 91
205 329
225 258
19 56
11 71
229 230
87 172
237 299
168 301
22 128
267 271
66 239
1 246
227 325
80 164
106 140
235 397
187 253
36 274
83 329
142 384
175 209
64 212
110 131
275 282
142 298
48 290
207 262
39 156
51 336
20 96
207 396
252 281
267 281
253 304
2 227
61 233
67 318
45 208
106 193
14 78
67 125
217 298
140 193
74 374
89 186
140 155
77 88
80 392
73 113
80 152
14 386
76 197
311 340
102 134
40 379
218 323
196 249
271 345
205 375
79 214
26 139
35 69
70 296
0 103
193 291
100 111
94 329
200 389
62 273
221 391
139 330
33 248
214 351
84 375
180 279
195 256
134 311
236 336
144 309
56 352
137 358
188 275
10 132
187 283
363 395
49 126
309 338
117 300
19 217
167 341
245 358
10 161
210 279
78 108
17 44
73 264
300 353
33 372
357 370
69 385
222 360
227 324
133 154
121 397
45 150
0 62
325 391
102 336
169 203
26 176
152 177
111 168
179 274
155 193
112 271
180 338
149 174
66 149
49 302
184 272
110 133
300 333
52 100
19 352
92 358
205 331
8 282
241 390
0 395
7 48
32 317
208 338
181 362
109 196
111 301
136 260
24 109
174 239
10 21
305 397
126 302
244 315
13 294
62 87
85 153
8 377
139 364
53 107
203 369
300 319
282 337
34 154
221 390
207 337
271 281
134 362
114 348
119 212
20 339
45 307
85 119
36 192
26 76
210 230
70 214
77 156
39 133
299 348
123 346
47 177
163 176
50 322
198 329
7 35
249 288
37 252
64 109
11 186
6 181
65 97
189 319
82 281
135 341
118 326
69 283
78 397
81 140
234 240
138 166
189 286
70 317
355 384
42 92
203 227
160 208
47 159
94 265
4 274
15 280
185 304
16 205
9 103
307 349
301 309
29 134
329 331
312 365
160 167
8 134
162 194
286 319
52 168
49 290
125 383
177 179
271 368
210 359
31 171
141 306
8 102
268 395
339 369
114 240
247 257
67 268
22 66
39 110
29 282
137 258
94 205
58 329
23 388
62 72
230 306
200 376
247 255
26 326
68 146
27 220
127 334
341 387
22 37
26 346
11 182
155 291
50 67
177 392
8 218
73 366
15 207
194 319
70 394
17 228
117 327
112 378
47 164
83 199
204 353
49 269
81 381
51 65
80 314
130 143
297 389
63 169
96 313
185 374
131 151
173 346
41 234
217 220
23 330
101 148
194 329
218 272
135 353
115 164
211 388
180 301
27 186
279 361
179 371
19 220
118 384
31 283
211 273
275 337
213 328
41 332
130 221
164 392
77 90
116 292
88 131
238 381
63 227
213 222
20 118
140 146
156 285
102 272
105 283
0 388
31 364
185 312
63 339
0 302
1 243
196 370
142 284
132 164
55 301
44 312
59 327
32 44
144 361
93 142
214 393
31 269
194 266
11 273
112 389
278 318
119 356
17 365
95 347
93 244
157 161
234 366
20 313
102 184
14 337
81 246
324 357
38 206
130 391
61 200
238 291
184 311
80 115
48 248
167 258
302 372
120 307
12 382
29 102
193 293
53 145
27 182
53 256
78 235
163 269
141 178
67 383
272 311
180 236
129 340
30 119
31 187
36 47
102 362
97 107
67 395
48 292
110 285
36 371
47 216
184 282
94 320
276 398
83 349
255 381
28 251
96 346
105 255
89 251
121 129
178 279
59 300
239 252
8 184
45 215
130 241
42 51
147 253
150 301
270 357
203 324
271 297
129 218
72 172
188 280
77 131
174 202
4 164
85 249
77 133
266 382
80 247
30 356
299 332
44 97
156 226
234 348
132 216
80 177
109 122
206 352
309 361
192 274
66 287
78 183
44 394
139 176
181 279
144 184
141 230
219 316
138 233
93 313
144 178
124 339
23 302
199 329
22 252
206 220
0 290
98 385
126 388
28 346
81 193
99 231
304 348
36 179
48 116
267 345
94 331
43 151
301 361
81 255
154 165
143 391
124 264
274 354
378 389
197 346
40 54
25 68
56 196
158 313
204 387
25 250
91 285
231 328
142 355
114 234
252 287
104 308
355 370
196 303
242 394
106 314
54 344
6 144
35 293
71 251
224 379
31 330
61 138
37 104
175 254
233 342
10 216
153 303
5 91
306 361
37 66
132 177
158 244
14 350
121 386
69 98
85 109
219 276
153 196
92 258
7 292
61 95
76 139
127 154
176 187
105 257
319 387
281 389
45 301
27 217
269 283
248 261
78 386
102 188
104 252
220 298
73 197
147 283
145 228
16 331
84 94
210 361
145 365
5 79
84 120
137 170
6 309
66 128
207 280
70 374
253 348
47 316
6 306
60 256
82 368
55 168
74 209
109 119
319 333
66 174
46 313
113 147
295 325
25 246
88 277
80 175
97 228
47 294
232 361
194 320
35 380
313 335
215 349
352 355
143 312
127 156
53 225
328 360
101 149
65 208
25 146
188 337
150 361
104 239
22 149
9 273
23 49
162 199
186 273
37 287
80 332
117 319
57 131
236 338
222 344
90 393
232 306
268 289
164 216
109 153
198 266
176 330
280 337
319 327
262 360
18 228
130 366
84 100
111 307
97 145
222 231
157 250
31 176
3 265
30 64
221 234
162 319
148 149
170 195
163 283
20 63
81 238
144 306
8 29
62 268
59 341
115 332
26 28
53 170
45 180
244 324
59 215
147 364
164 177
305 377
238 293
170 358
164 343
107 245
23 211
261 292
243 246
166 334
293 380
178 306
17 32
167 228
77 285
40 224
35 367
248 292
48 302
201 356
11 89
115 343
360 396
204 319
96 326
286 300
18 53
12 355
73 124
155 293
143 390
155 321
153 370
142 220
290 372
279 306
97 365
80 132
20 227
138 154
58 349
7 367
53 60
90 214
130 390
183 350
170 224
109 356
37 308
66 252
65 228
59 286
129 235
163 171
215 307
74 190
134 282
13 247
18 145
123 136
122 356
189 300
9 62
24 196
282 311
29 337
148 276
11 251
249 303
46 284
217 384
351 374
87 268
43 110
32 241
86 266
95 165
91 156
367 380
92 336
0 126
336 338
16 84
16 199
217 352
272 275
240 304
33 48
187 364
9 72
241 353
318 322
53 245
12 142
42 236
278 322
282 362
17 258
21 101
141 232
116 293
21 157
340 397
278 383
86 198
150 307
173 197
247 254
152 343
168 307
303 356
92 245
37 174
75 278
125 289
73 187
343 399
55 232
46 182
266 270
113 295
74 175
48 261
283 364
107 228
13 257
14 183
39 151
48 363
27 223
199 205
18 225
50 395
136 295
33 321
82 308
83 94
71 172
57 110
82 389
94 120
199 320
16 58
190 209
263 378
128 239
317 374
90 394
51 236
12 315
42 258
257 385
45 309
4 343
121 350
119 303
55 150
7 238
207 310
247 399
324 369
23 126
183 397
143 241
10 371
327 333
68 157
124 136
107 145
300 327
192 308
286 341
345 368
311 362
13 246
35 238
350 386
52 232
218 311
0 289
178 229
17 18
46 326
173 326
344 379
111 232
281 368
48 321
182 217
177 216
128 252
209 240
43 131
138 342
254 332
88 214
209 332
117 286
172 289
94 162
89
120
77
71
31
27
89
191
235
122
75
54
45
136
199
80
46
127
215
176
134
21
69
186
148
69
92
76
258
71
78
175
74
193
57
71
52
114
88
138
139
127
60
100
180
146
133
38
88
114
68
133
140
104
132
97
93
116
108
53
79
89
73
38
109
116
47
28
147
95
149
121
81
81
180
36
100
93
84
53
123
117
88
82
77
81
105
73
144
47
139
119
109
202
142
178
90
91
127
68
119
45
140
195
90
66
71
55
64
110
68
82
39
198
71
123
49
30
99
107
126
139
110
10
130
81
106
65
135
70
203
231
101
150
146
164
207
50
67
24
83
102
221
108
167
209
120
169
137
59
80
104
181
210
51
73
40
73
105
100
90
18
37
92
107
157
71
121
99
68
42
104
91
67
40
180
88
53
29
111
54
131
168
152
80
85
73
77
165
44
95
156
86
79
58
64
91
157
28
15
76
57
105
91
51
77
78
155
50
101
133
158
165
106
82
80
107
89
48
66
116
61
110
124
105
92
152
152
163
58
87
90
207
14
119
139
148
116
62
64
108
76
103
161
102
42
66
118
118
126
90
130
35
23
137
114
65
162
49
50
109
7
117
52
229
119
78
103
127
150
107
64
142
137
25
15
89
114
173
164
148
53
35
202
163
53
118
60
99
105
37
104
208
153
15
28
52
81
33
75
72
117
66
89
124
65
164
115
282
64
55
97
127
100
176
58
314
38
128
145
175
31
69
97
147
89
106
60
117
181
86
58
122
130
210
116
129
20
143
69
168
128
49
75
24
102
122
86
185
98
32
134
98
165
103
83
75
64
123
11
31
45
113
176
49
69
108
119
62
79
137
89
115
114
48
136
126
138
15
64
107
30
186
154
142
192
140
111
75
126
63
25
120
81
84
181
40
141
46
129
11
29
52
91
154
216
153
191
213
75
32
33
67
38
71
112
181
153
86
70
100
135
128
41
158
123
37
122
173
60
126
10
101
72
52
154
61
143
113
155
186
274
90
155
109
167
92
75
78
117
133
234
182
177
93
180
116
43
118
129
72
193
146
128
62
45
102
65
22
39
74
125
69
136
31
111
146
148
74
82
169
64
199
92
157
51
101
81
39
122
36
98
89
233
81
14
64
133
71
207
102
150
60
136
152
99
85
57
118
85
165
58
29
49
111
150
104
152
98
165
135
89
108
152
52
75
110
107
109
91
96
192
138
151
43
24
73
108
47
99
101
203
83
64
237
109
28
101
68
73
75
106
146
163
118
73
181
204
68
123
219
42
63
160
115
159
24
95
194
174
72
55
195
75
42
129
77
182
184
94
100
77
227
66
52
26
219
92
77
111
100
24
206
125
152
39
99
37
118
57
13
94
46
233
102
77
114
68
115
130
116
54
14
170
71
189
11
119
109
89
88
65
166
182
145
89
74
186
108
185
191
131
221
76
189
121
43
79
143
52
38
55
132
55
115
69
62
60
209
99
180
64
128
159
68
96
124
191
126
92
129
58
88
52
229
145
89
104
156
67
167
90
63
45
30
67
100
82
184
167
233
56
156
208
193
112
182
171
115
41
181
82
178
117
191
143
100
66
96
176
57
125
98
108
73
73
107
25
89
27
89
91
16
46
153
68
73
93
73
130
133
40
29
107
28
128
63
80
103
162
50
72
87
54
100
108
81
14
144
67
80
150
130
122
116
51
141
193
74
132
127
103
139
84
103
146
75
65
46
106
166
60
102
68
61
76
94
81
95
179
17
53
148
143
51
158
109
173
190
105
90
115
203
171
88
103
100
112
164
75
58
151
94
150
18
28
81
128
27
77
73
193
152
79
85
67
132
91
155
28
159
90
90
130
130
135
66
68
78
106
183
58
184
148
213
74
189
71
149
219
79
150
147
127
204
56
80
161
178
18
68
80
89
128
100
60
48
93
81
116
191
47
91
28
109
90
53
126
48
130
75
60
20
63
57
211
115
129
84
34
166
155
221
103
107
57
55
65
82
77
101
60
123
110
110
109
97
36
170
48
87
163
70
135
18
64
23
47
45
183
174
147
206
59
119
24
132
86
171
49
78
53
92
48
93
62
102
141
36
31
150
44
20
89
179
103
136
30
95
169
88
66
125
92
239
37
237
117
160
58
121
132
138
12
190
70
82
96
47
151
34
110
159
97
135
64
43
121
122
32
128
163
86
21
47
78
127
87
154
97
38
81
125
99
162
162
67
149
120
114
59
73
167
99
101
80
91
176
162
53
35
49
169
118
139
169
164
160
215
136
55
126
227
89
176
78
42
80
160
97
105
53
123
83
98
115
156
74
161
135
99
54
82
103
87
54
200
150
37
133
40
96
211
108
157
190
79
124
64
65
258
146
87
15
197
192
125
124
80
65
97
106
38
132
161
66
72
84
165
28
225
82
254
145
156
96
190
77
185
65
223
132
146
95
35
129
134
111
123
82
66
101
123
26
128
131
93
62
58
57
45
46
28
63
174
116
66
117
95
144
39
116
185
155
78
92
165
159
64
238
211
30
114
49
14
107
89
69
97
31
23
151
100
29
188
253
194
182
47
136
63
140
195
122
202
175
265
142
55
120
104
138
112
135
64
46
55
161
119
58
213
121
151
87
194
105
117
127
123
73
77
83
81
50
132
111
41
125
189
96
126
64
60
145
174
133
134
51
88
53
35
18
137
98
80
232
104
26
110
32
180
118
93
55
78
67
199
92
139
66
118
78
27
90
38
254
134
76
81
143
197
76
64
49
130
94
21
245
191
57
107
97
144
43
181
111
142
69
191
84
106
194
66
116
180
134
136
73
15
172
24
123
72
84
41
106
21
89
199
34
83
225
189
109
169
144
79
141
60
239
119
123
42
118
103
84
72
59
113
72
135
173
181
22
91
294
72
98
101
127
109
26
76
34
105
111
50
53
158
125
112
140
160
96
118
28
233
143
72
65
117
167
123
216
65
125
107
31
114
123
126
88
49
62
114
111
85
101
127
111
93
29
38
73
122
90
75
26
88
73
116
15
73
49
163
256
156
192
138
147
125
139
89
125
85
83
97
118
82
53
51
173
110
103
59
139
80
96
146
106
23
98
33
113
48
138
112
92
124
27
61
89
84
109
131
182
167
47
160
54
56
128
42
98
17
69
149
133
92
32
55
140
187
124
138
64
23
161
51
186
61
111
166
196
42
24
118
163
114
114
154
54
108
14
113
71
164
70
58
76
212
95
45
105
204
45
84
113
115
30
29
72
104
71
121
166
156
93
61
102
30
41
83
134
156
138
54
99
97
49
153
137
48
170
96
57
82
92
18
128
58
71
51
39
35
110
41
87
47
82
67
40
79
159
127
284
51
197
123
155
169
127
114
217
54
23
95
154
62
173
145
104
95
133
195
149
89
106
74
146
185
19
62
22
137
37
78
133
58
75
40
67
93
42
92
131
62
62
31
66
40
65
57
76
23
88
64
95
89
73
100
143
128
185
78
38
134
70
154
85
100
103
165
206
32
63
118
29
153
119
52
164
54
116
147
207
114
135
154
45
56
82
67
116
54
128
121
35
141
42
171
72
139
210
74
109
92
182
116
151
157
58
77
181
236
122
49
54
105
61
150
254
218
106
56
37
107
135
15
62
17
88
68
251
130
136
92
63
100
87
146
141
117
64
85
175
100
121
99
98
66
220
116
188
25
123
67
88
45
166
89
19
99
48
115
127
61
143
31
46
102
74
85
46
171
204
83
13
40
103
154
109
163
151
113
152
57
108
173
57
100
110
13
107
37
39
55
159
88
92
91
70
32
124
24
52
68
119
88
13
60
165
114
97
69
95
134
92
100
159
120
114
54
73
63
167
28
53
83
81
111
38
125
125
177
171
32
144
85
73
29
19
102
236
69
111
131
51
118
116
111
59
185
143
34
105
6
119
63
55
52
31
165
152
50
46
102
43
93
113
90
132
26
144
171
116
204
212
84
164
128
175
127
137
27
47
69
83
130
172
58
95
54
213
32
79
213
70
80
224
66
124
66
118
25
143
52
132
197
158
80
53
57
92
77
200
116
133
122
45
122
125
45
97
44
18
173
47
48
58
103
98
27
148
133
49
59
81
140
60
113
24
134
126
281
155
93
123
99
88
32
94
92
138
107
79
136
182
152
65
100
73
73
80
215
62
82
115
103
74
20
120
143
60
71
117
98
132
45
64
54
25
101
23
111
48
86
139
120
140
35
64
61
199
154
85
24
44
132
129
189
52
184
126
166
51
102
42
96
179
101
54
109
38
24
190
20
159
186
29
77
156
199
139
94
55
198
28
125
148
149
106
49
68
170
51
77
107
200
210
165
77
163
184
125
140
135
46
144
86
152
55
160
186
77
77
196
282
79
81
180
71
110
131
207
149
67
73
195
150
15
110
132
148
159
163
172
147
127
65
113
44
128
171
71
159
78
178
48
104
156
109
84
113
14
87
51
92
170
34
68
94
91
118
169
84
96
116
40
170
69
154
77
90
63
61
168
66
279
50
85
80
17
115
153
