748 113
409 655
301 502
108 432
428 490
766 222
491 362
475 302
390 312
133 382
621 379
366 181
681 199
726 320
71 718
728 159
510 504
213 704
207 414
608 111
558 620
758 571
485 525
686 772
636 422
484 662
333 558
290 657
163 616
244 442
430 384
653 29
334 127
170 504
137 589
490 724
396 111
130 26
6 356
630 180
138 714
415 290
716 108
316 660
244 589
769 440
259 243
409 748
713 438
768 674
94 637
393 402
33 424
331 709
790 360
60 255
745 678
642 590
557 601
647 718
623 107
332 535
596 462
206 314
792 248
718 211
293 152
449 495
259 658
588 729
343 390
214 66
515 727
406 247
637 266
634 135
105 288
600 62
388 469
568 284
484 601
149 188
480 396
665 243
300 338
280 766
41 43
584 310
205 80
192 21
246 106
599 541
86 417
160 690
386 353
319 786
141 451
691 602
777 180
188 210
601 724
740 637
759 195
201 634
785 547
757 792
124 174
353 259
577 589
177 698
307 492
41 261
31 704
728 443
154 712
413 771
728 551
380 9
608 477
307 290
788 258
419 122
183 97
490 95
373 41
651 147
665 657
164 594
735 771
498 398
602 734
180 51
262 353
109 118
337 689
729 379
399 95
493 466
276 114
790 120
309 514
748 636
483 125
554 721
766 351
281 56
716 631
757 416
295 142
701 445
263 59
611 659
244 782
689 480
641 45
283 731
677 242
111 167
246 450
246 557
377 258
600 50
403 450
716 220
755 651
163 501
423 315
656 375
173 490
304 225
203 786
304 519
211 482
566 102
717 40
368 140
466 199
657 357
745 14
487 218
612 617
680 569
167 314
516 771
696 345
616 46
469 426
789 721
176 11
690 680
568 783
393 105
355 101
504 254
148 529
626 564
369 422
187 528
131 474
463 446
72 319
791 130
68 67
662 250
524 372
473 8
252 433
716 394
94 587
446 554
37 749
774 418
329 732
565 343
186 221
489 665
468 608
183 769
450 678
387 511
740 238
32 152
604 195
225 618
565 423
167 117
699 470
632 102
400 368
177 680
71 371
642 361
512 353
756 168
269 455
535 220
300 88
118 619
128 461
563 263
134 184
626 607
204 776
45 80
461 609
630 221
636 204
480 40
88 586
586 624
108 220
141 195
337 450
427 435
795 342
179 780
658 212
60 386
530 559
762 393
10 149
479 81
36 267
73 757
624 613
512 68
324 363
104 659
190 404
267 751
113 472
604 688
461 491
31 375
281 345
125 392
286 249
752 234
426 602
170 361
712 575
86 551
738 798
357 573
654 612
667 750
237 563
64 403
729 408
754 524
703 84
757 315
563 152
645 158
629 769
437 495
243 91
96 490
688 104
585 783
772 214
466 613
758 535
115 567
495 34
595 556
354 606
104 635
215 599
258 507
683 747
721 664
228 798
494 631
131 635
223 760
434 37
16 84
462 628
292 21
364 452
33 621
354 242
143 341
288 102
797 761
784 739
307 30
461 691
669 477
392 742
518 214
301 577
751 516
593 419
443 0
577 564
255 49
571 399
467 525
243 260
555 798
272 498
745 87
316 417
408 282
36 273
472 604
377 177
194 532
465 599
91 313
536 129
628 598
675 385
456 250
584 3
189 348
46 167
460 255
212 737
71 491
327 522
120 502
597 208
278 483
233 74
168 372
516 233
134 649
142 699
99 101
194 617
18 540
235 367
573 119
214 99
320 103
202 513
488 637
107 125
437 697
178 385
362 382
112 99
740 454
16 789
244 430
680 711
429 314
606 657
568 297
400 209
107 749
120 296
59 732
386 184
334 53
345 769
302 591
48 113
243 380
25 379
29 365
30 383
26 306
13 135
221 380
206 365
7 166
214 240
45 385
206 344
247 261
222 245
73 389
36 396
237 248
238 363
64 300
147 385
229 370
157 221
241 305
51 70
110 362
169 322
4 272
28 307
98 139
12 293
109 370
110 234
90 366
173 227
162 252
10 167
74 391
256 364
148 175
111 262
73 348
81 157
10 24
175 192
53 134
2 252
215 216
2 365
10 231
112 267
137 295
225 380
147 259
41 322
101 141
2 342
20 249
84 383
96 165
200 262
34 281
78 252
93 393
85 269
22 67
34 127
176 331
170 217
277 300
260 358
221 260
69 299
192 236
111 250
78 253
60 293
95 155
114 217
78 219
1 244
286 378
102 120
142 292
242 360
281 361
20 151
174 343
330 381
88 337
50 314
157 380
6 213
153 329
80 350
9 230
22 339
192 397
82 129
97 116
40 395
73 355
10 213
199 272
247 316
282 310
101 189
302 333
166 345
215 301
122 376
135 211
155 315
249 271
126 146
267 395
10 184
107 392
4 219
213 334
81 214
7 345
12 39
182 351
235 364
4 67
230 257
9 279
205 316
85 170
245 293
203 246
117 335
116 146
130 151
245 256
170 255
127 372
283 362
15 42
123 247
1 328
31 356
127 223
152 170
159 349
50 321
247 265
140 171
113 385
215 313
28 237
52 273
45 259
8 166
126 151
85 95
239 391
26 362
86 202
156 246
21 333
204 232
148 324
244 347
311 388
167 207
289 385
63 367
117 397
69 341
359 389
136 261
131 296
4 137
312 360
222 235
88 131
257 275
132 357
65 220
34 369
348 392
32 324
126 390
252 320
247 304
278 306
20 390
34 248
170 312
126 311
230 275
21 302
78 196
174 298
308 349
20 180
24 62
190 299
197 286
108 241
22 137
14 395
57 195
20 108
102 201
74 239
345 355
159 332
255 393
42 298
209 347
106 133
211 385
159 342
141 311
5 120
14 370
5 233
9 323
96 198
77 154
86 384
107 160
0 290
268 382
195 305
99 250
125 256
165 198
217 315
282 285
194 363
161 356
28 369
80 216
234 365
95 269
5 220
33 165
122 296
217 360
74 83
46 119
44 308
133 380
11 348
225 251
228 389
268 279
160 392
136 397
12 246
44 223
371 384
91 108
104 333
12 203
276 340
54 291
313 318
130 341
262 351
9 275
96 363
6 30
355 389
269 360
151 353
74 245
166 228
16 199
39 75
5 300
28 229
82 204
91 305
39 245
45 211
289 333
119 169
118 334
45 147
110 320
45 113
146 284
178 343
145 366
81 240
106 157
9 382
332 399
235 331
97 141
104 141
308 372
117 136
148 377
29 172
44 286
114 393
40 93
175 377
346 351
60 154
322 348
108 258
123 205
118 305
249 390
89 337
124 192
275 287
144 207
133 243
284 353
106 240
191 192
89 131
169 340
123 304
87 239
77 356
162 295
70 274
292 364
352 375
151 180
271 390
323 351
102 233
147 211
110 365
101 311
17 360
170 269
168 238
140 362
239 364
252 344
143 271
189 310
245 246
237 307
28 127
107 322
109 229
119 322
208 237
48 149
3 270
23 282
153 385
173 265
160 166
33 363
32 377
351 394
56 187
172 206
208 321
86 371
262 346
236 296
14 112
57 305
78 162
12 83
204 334
57 353
350 379
244 301
37 202
138 324
309 378
122 384
323 367
131 366
209 350
205 304
116 280
19 375
106 380
22 209
10 334
116 302
150 397
196 252
200 394
108 180
86 317
123 265
209 272
57 108
7 389
194 197
109 369
109 360
77 227
200 323
75 375
129 224
53 330
73 166
179 368
123 173
4 22
135 354
123 352
294 299
200 351
66 148
46 276
202 221
123 142
41 355
121 261
129 232
138 377
93 369
247 335
172 309
15 98
251 380
176 235
215 379
230 273
207 385
370 395
278 347
34 237
61 140
117 327
81 133
100 299
214 250
69 190
258 339
170 360
150 324
17 242
142 265
11 169
58 264
132 274
158 309
12 256
109 315
146 164
45 48
122 131
43 306
70 252
8 107
63 357
40 369
63 340
16 272
49 141
309 365
52 230
19 154
130 294
142 261
17 109
88 122
229 372
44 399
172 349
76 262
313 347
203 256
157 358
23 59
294 388
6 204
108 249
144 259
35 218
96 238
8 94
218 381
29 158
128 326
301 313
144 147
27 399
255 315
213 338
9 257
92 273
33 168
177 207
47 330
165 270
275 323
62 118
248 373
78 295
25 215
96 270
7 193
94 266
79 368
84 266
208 373
314 372
65 102
263 370
19 161
44 68
71 150
37 131
227 298
88 225
18 382
130 271
361 363
85 398
243 384
68 308
171 342
25 301
90 296
30 186
128 282
244 318
61 171
260 317
163 233
114 369
275 279
113 329
116 289
97 181
25 216
30 166
26 140
193 359
313 350
107 276
215 318
37 384
156 163
51 162
241 284
174 290
4 199
248 307
33 194
26 399
114 360
51 320
186 253
64 277
222 246
75 293
30 389
159 399
355 359
170 315
56 164
40 263
321 373
27 134
193 235
393 395
31 77
129 137
151 264
24 329
24 167
99 340
307 314
149 329
84 276
94 383
266 274
62 329
25 328
179 355
216 350
75 298
137 272
246 364
105 187
4 162
76 111
127 208
143 341
210 263
91 336
60 298
117 316
56 101
289 302
45 226
74 87
32 175
70 320
265 352
233 300
120 291
243 371
126 264
7 179
98 201
90 150
89 188
70 84
286 309
28 314
16 339
313 379
83 245
106 358
156 256
254 291
301 350
143 190
355 392
161 227
100 294
160 396
236 319
127 308
145 150
67 253
48 135
57 97
244 313
293 364
62 338
16 258
73 392
49 56
73 179
165 168
120 277
220 277
160 345
104 302
7 41
176 392
199 253
15 201
17 114
182 382
7 359
164 187
84 132
112 386
31 161
100 271
31 174
202 317
246 293
130 299
84 274
233 277
219 295
97 101
0 139
324 337
39 246
299 341
30 82
205 261
64 120
66 324
278 318
159 378
150 366
261 335
219 283
6 232
145 327
32 148
35 215
196 383
20 313
128 325
168 172
249 353
237 369
92 270
19 77
145 236
161 173
25 72
184 231
95 152
194 297
88 366
12 245
84 374
10 87
67 219
274 344
25 35
43 212
234 252
279 357
4 339
181 195
113 147
39 293
119 132
194 198
221 243
54 144
8 73
142 247
201 343
202 260
212 330
241 390
28 103
63 374
141 164
18 172
30 228
109 114
133 202
18 268
81 380
357 382
281 303
138 376
272 295
19 352
175 348
18 387
40 267
70 228
221 317
64 102
11 36
126 241
149 354
154 356
206 387
221 358
142 304
9 182
21 289
171 332
111 200
151 271
129 199
92 287
189 311
245 364
197 349
48 354
88 90
124 316
180 264
121 123
238 361
58 249
198 363
209 295
240 251
22 295
103 372
71 89
275 382
72 215
204 213
15 343
39 125
73 160
23 388
263 386
15 102
107 169
59 100
370 393
103 369
124 335
24 334
97 311
114 229
3 96
56 326
18 374
67 162
182 279
158 342
324 377
69 183
264 284
9 367
146 311
112 210
249 264
211 288
49 146
365 387
272 339
49 187
83 246
168 270
147 288
76 346
307 369
13 184
226 385
106 214
144 288
197 378
81 225
15 298
149 153
65 163
268 374
90 324
7 355
323 357
105 282
242 312
148 236
146 181
59 189
19 292
112 263
79 235
19 227
18 279
8 160
270 361
144 254
216 347
304 356
1 318
65 233
222 292
40 210
23 105
90 145
205 247
19 173
2 309
172 197
154 161
154 174
237 314
23 130
316 335
71 376
122 225
191 377
100 130
196 344
236 377
163 220
72 328
193 391
106 225
253 295
200 257
176 359
85 315
120 220
54 254
34 303
0 98
103 308
38 200
51 383
281 297
59 271
50 248
81 251
10 338
136 247
248 321
206 234
26 283
152 360
218 318
42 174
346 394
83 256
28 372
152 155
225 240
208 303
244 379
200 273
179 193
159 309
128 388
121 348
3 198
21 164
25 244
5 163
129 204
367 374
342 362
157 371
113 288
178 290
106 251
285 294
55 351
121 136
106 384
290 343
78 320
125 227
51 228
19 60
116 181
25 218
97 284
99 240
43 68
3 275
55 358
0 42
222 364
114 370
80 318
102 300
139 343
271 388
65 156
46 99
53 212
88 376
192 324
240 250
77 185
74 203
80 313
25 381
40 229
66 236
22 272
40 217
59 294
100 390
9 92
5 98
110 342
75 246
162 196
193 239
149 226
105 326
231 334
55 111
67 339
261 304
31 178
33 172
304 335
39 83
200 346
3 361
147 207
162 186
181 302
163 256
32 136
285 310
145 377
217 242
179 331
4 78
59 126
125 298
165 172
213 232
79 391
11 392
3 52
59 310
103 109
158 172
17 93
138 148
254 259
367 382
172 378
90 236
167 184
25 318
305 336
91 353
105 128
130 143
33 197
156 220
71 90
145 397
130 310
32 36
134 155
33 238
11 322
71 366
153 333
19 293
319 397
125 222
140 332
104 116
126 189
50 307
157 250
80 244
209 278
70 94
175 191
297 363
84 119
105 310
36 124
45 288
158 206
113 226
152 312
65 277
2 140
228 253
94 389
157 225
267 307
216 313
44 372
135 144
20 336
286 308
374 387
286 349
212 398
186 204
29 387
184 207
154 290
244 278
150 327
64 220
146 280
66 377
226 329
33 96
6 389
28 34
124 136
29 234
34 208
186 199
41 345
216 301
269 312
301 347
119 276
205 265
56 311
151 390
182 394
103 223
57 284
102 220
377 397
202 384
110 309
100 285
38 257
10 224
137 199
231 354
0 201
177 231
56 141
13 144
15 139
288 385
139 233
294 310
27 68
236 397
183 299
40 109
104 289
158 387
172 387
180 390
155 360
156 203
72 143
217 255
275 367
121 191
45 149
183 341
208 248
305 353
318 328
187 325
42 290
187 326
47 328
374 382
37 188
175 396
42 178
24 118
276 322
11 396
112 395
210 395
81 250
16 22
151 284
257 287
126 388
234 309
75 227
211 259
108 353
24 224
127 314
159 308
77 375
81 99
42 343
59 285
159 223
6 7
140 342
12 125
51 94
236 324
162 253
30 94
136 316
14 386
97 126
140 309
347 350
110 171
49 164
60 75
145 324
61 219
51 252
59 69
24 231
71 188
263 393
282 326
0 343
243 260
48 211
82 137
241 264
261 352
74 156
26 171
219 320
77 173
2 234
144 211
41 160
85 155
163 203
22 258
344 383
44 103
165 349
53 398
234 342
75 222
171 309
279 382
79 193
318 350
235 239
142 176
142 352
135 288
195 264
47 218
97 353
46 340
110 140
12 156
71 337
129 186
2 362
226 333
113 135
327 397
133 157
239 331
21 146
309 342
58 305
179 359
59 151
179 235
129 338
225 376
74 79
270 297
184 354
96 275
135 147
182 357
38 273
183 190
58 180
334 338
38 230
87 391
319 337
163 300
40 370
327 337
93 267
28 223
33 349
62 91
115 330
122 366
24 338
182 323
47 115
19 39
95 212
219 362
41 107
268 387
160 322
88 89
125 246
65 98
228 383
366 376
152 242
85 152
238 270
198 270
176 193
127 237
82 232
130 285
52 92
93 114
99 214
169 276
101 146
209 244
371 380
79 87
82 186
9 287
103 127
104 280
133 384
199 295
1 218
229 369
36 192
131 376
149 288
250 394
0 233
196 253
48 207
60 227
194 281
34 50
158 234
237 267
87 231
117 124
92 275
76 394
100 190
151 249
44 159
268 357
124 327
191 316
33 378
118 329
319 366
229 314
243 317
386 395
32 138
15 65
57 181
264 390
173 375
135 259
207 354
227 293
296 337
181 353
138 236
86 243
30 51
189 388
185 227
73 322
57 264
167 354
18 357
53 155
107 119
237 303
63 132
34 194
93 370
132 266
11 175
172 342
258 336
49 101
180 195
167 334
108 264
180 353
108 305
222 293
93 103
29 268
100 151
0 298
200 230
133 240
3 238
35 143
306 399
30 253
23 285
75 77
127 194
195 336
165 363
115 381
202 371
194 303
94 166
57 91
357 374
322 392
46 63
208 307
355 368
222 256
273 287
248 314
5 102
212 269
27 223
106 371
34 314
40 114
293 298
230 351
151 241
69 151
48 288
193 331
18 206
168 349
62 334
266 344
131 188
88 150
25 313
265 375
54 135
302 385
119 340
73 345
118 224
81 106
216 278
48 153
136 192
213 231
16 295
80 258
158 268
237 281
234 387
10 177
5 277
18 367
258 305
3 230
96 297
241 353
186 272
177 184
30 129
292 375
210 393
90 138
41 389
35 183
19 75
315 360
105 325
146 189
217 312
345 389
63 182
14 40
312 315
51 196
87 213
224 338
70 266
71 122
36 348
83 163
261 265
128 187
69 294
180 241
6 129
176 368
202 243
75 125
29 342
28 308
328 381
227 375
328 379
63 323
165 238
249 336
13 291
85 360
93 314
69 130
7 232
33 198
157 251
165 378
56 325
133 371
101 164
3 297
166 389
209 216
268 367
154 227
36 175
267 369
320 383
137 186
296 376
5 64
215 328
280 284
150 296
320 344
168 194
150 319
76 351
195 241
163 277
333 385
42 139
141 146
342 365
242 315
102 163
232 391
205 335
56 189
64 98
32 66
80 347
204 224
50 208
353 390
60 161
93 109
12 163
232 338
177 354
162 320
50 267
216 244
97 146
67 199
32 348
156 245
39 364
68 103
155 212
106 250
123 261
128 285
152 269
278 350
3 9
19 185
239 368
3 257
55 394
144 291
34 372
67 272
181 284
62 224
12 65
43 134
60 185
171 365
21 116
48 147
119 274
145 319
283 399
23 128
13 54
71 296
176 355
130 190
50 237
76 230
134 212
296 324
16 67
60 77
16 137
38 287
6 186
176 179
2 110
34 307
5 15
2 61
298 343
14 210
301 318
116 333
122 133
49 325
41 166
19 125
37 86
41 73
260 380
162 219
83 203
14 267
225 371
32 191
218 328
32 192
52 257
136 191
157 240
256 293
65 83
120 300
165 194
5 65
157 384
208 314
270 363
50 369
55 76
134 330
8 389
21 141
111 351
60 173
204 338
288 354
2 171
181 280
6 82
304 316
95 330
196 320
267 370
15 163
318 347
208 281
227 290
265 304
90 148
283 332
337 366
259 288
268 275
76 250
79 239
70 196
207 288
61 399
35 72
147 149
145 296
27 53
280 333
96 168
164 311
14 393
55 346
194 349
168 198
113 153
1 278
152 217
90 122
10 354
102 277
48 226
168 363
54 259
202 380
283 306
210 386
97 280
44 332
77 161
127 303
73 359
8 345
17 155
223 372
281 363
244 350
164 189
149 385
170 242
274 374
263 395
301 379
292 352
152 255
113 259
348 396
99 251
4 209
207 211
185 356
136 175
139 201
9 357
76 200
56 146
195 284
98 233
1 381
1 134
36 136
362 365
140 365
110 252
75 173
76 323
90 337
4 253
35 381
31 185
56 388
135 207
190 294
336 353
80 301
113 149
8 228
24 354
279 374
225 384
100 143
95 398
21 280
42 233
51 78
223 308
101 280
173 292
213 391
141 280
57 241
347 379
121 192
133 225
361 373
24 149
49 326
322 396
138 150
135 167
286 332
17 315
173 352
138 296
98 102
92 238
66 138
392 396
127 349
99 106
278 301
196 228
17 229
149 207
135 254
32 236
198 297
319 327
214 251
250 251
115 398
121 175
107 345
39 222
51 253
80 278
92 257
196 266
85 312
153 226
69 72
88 188
69 143
35 115
85 212
188 366
193 355
280 289
88 296
55 200
307 321
79 213
76 182
46 214
47 381
248 303
150 376
132 374
82 199
73 396
65 256
74 246
203 245
35 328
314 370
168 197
24 177
137 339
207 259
67 78
331 368
49 311
108 336
285 388
27 155
2 26
145 337
322 345
60 375
220 300
174 178
31 290
317 384
235 368
194 378
266 383
11 32
18 158
330 398
331 359
39 256
29 309
248 281
23 294
58 258
141 189
325 326
215 381
18 29
13 254
69 100
55 250
61 362
54 147
63 279
20 58
67 295
3 287
224 334
70 344
306 332
58 108
150 377
310 388
198 238
297 361
17 68
255 360
345 392
90 376
158 365
60 125
43 53
216 379
143 183
111 346
257 273
48 329
282 325
323 394
171 362
190 341
168 378
12 15
155 269
53 269
68 223
230 287
91 118
82 253
26 61
119 266
41 94
150 236
138 366
21 104
135 184
264 353
70 383
241 249
165 197
240 380
94 196
15 233
280 302
66 169
290 298
94 228
58 313
279 367
98 277
52 287
296 366
317 371
61 332
267 314
180 284
184 291
369 370
234 344
323 382
0 15
124 397
332 362
214 340
152 315
71 225
127 369
71 88
17 103
125 293
67 137
121 396
124 191
126 284
192 377
143 299
92 230
131 225
69 271
324 397
349 378
161 185
48 385
229 360
13 207
71 131
83 156
54 211
236 327
195 353
17 370
216 318
72 183
47 398
4 295
89 366
318 379
246 256
133 358
61 110
182 367
59 130
380 384
159 286
65 300
23 310
80 379
314 369
27 43
281 373
193 368
37 89
359 368
242 269
255 312
242 255
253 272
91 195
261 316
223 286
345 359
201 233
180 249
26 332
53 85
155 398
43 399
38 52
14 263
8 383
61 283
317 358
31 154
64 291
113 211
150 337
218 379
189 285
103 229
128 310
159 171
267 321
40 393
215 218
36 121
209 339
46 169
67 209
8 41
30 199
73 107
121 142
74 256
108 195
269 315
3 92
154 185
173 185
112 321
57 180
9 268
113 207
167 177
303 363
134 398
180 305
166 359
55 262
135 291
295 339
41 359
98 300
357 367
138 145
238 297
93 229
58 336
198 361
21 101
36 191
59 388
143 390
167 231
162 199
279 323
29 206
43 155
226 288
358 380
144 184
26
144
47
116
72
73
133
216
137
158
94
53
142
72
87
94
75
96
117
75
65
40
209
167
94
67
139
79
178
84
73
77
110
37
90
103
57
132
115
206
12
195
57
76
77
61
81
113
50
74
220
80
84
67
223
20
85
79
206
146
72
103
79
139
29
140
68
132
68
55
97
65
107
83
214
80
60
97
145
102
119
156
78
141
117
153
109
134
133
81
41
78
209
51
53
163
24
54
49
155
193
120
126
105
72
109
163
35
96
119
81
133
81
143
106
105
83
166
85
187
99
163
149
147
159
27
39
45
101
187
70
69
151
82
217
74
61
55
103
156
151
71
108
131
58
96
119
115
11
42
45
61
61
121
75
87
111
50
102
74
82
69
62
62
21
132
118
194
97
135
195
123
224
136
187
189
117
94
102
166
42
146
40
79
82
71
21
139
105
55
29
118
105
55
137
113
207
120
111
48
92
73
102
28
71
64
104
214
107
114
93
37
58
92
95
69
44
105
101
60
99
45
89
266
39
90
53
55
84
85
56
67
154
92
77
75
36
61
76
42
24
89
54
71
112
63
14
34
122
66
124
80
100
111
68
22
135
109
89
57
71
86
84
81
16
116
76
192
125
143
52
78
203
63
22
92
50
21
118
68
23
123
79
61
125
44
71
179
136
35
33
81
15
45
98
288
79
210
130
154
79
84
93
87
167
87
153
74
146
121
107
180
91
128
103
127
83
29
39
39
195
113
148
156
110
134
66
99
82
66
64
58
45
81
99
65
146
161
45
109
52
84
117
48
25
50
22
39
156
117
17
87
115
93
91
218
138
31
45
154
112
113
138
18
100
98
104
70
138
127
33
125
11
160
35
60
115
63
108
117
87
74
40
57
108
96
79
160
45
143
132
91
66
114
142
131
88
194
126
128
216
70
134
190
130
83
126
180
80
124
68
30
19
46
221
32
98
120
72
87
135
103
79
125
183
186
73
66
92
266
121
91
37
160
150
118
97
142
107
145
56
215
160
203
75
34
95
60
91
115
149
109
119
121
172
92
110
175
98
128
68
83
81
59
79
95
81
86
146
66
171
39
112
92
199
226
79
41
123
98
23
64
39
24
156
42
116
155
130
101
213
137
39
75
38
87
137
24
169
144
11
41
62
118
131
49
202
121
69
132
158
77
75
69
119
157
98
125
135
189
114
137
98
132
45
83
73
49
79
111
108
149
55
93
81
60
120
143
87
126
58
108
79
78
92
67
58
75
138
76
57
76
106
121
99
122
80
53
136
141
7
41
36
101
222
95
67
130
99
98
55
135
152
84
28
104
243
95
104
82
83
95
24
78
121
59
226
124
108
127
176
105
76
129
61
94
31
195
119
39
149
84
142
160
151
154
250
123
62
21
99
152
95
76
11
101
141
54
80
32
69
152
89
129
199
147
103
42
82
175
80
63
87
171
66
98
32
197
24
120
31
71
74
74
86
112
134
144
184
58
215
56
195
117
69
96
100
62
151
31
166
153
178
55
120
25
89
151
216
24
85
78
129
68
236
108
47
78
108
127
72
169
160
102
75
92
92
146
65
144
183
86
164
93
83
161
123
78
151
122
128
167
162
68
128
109
71
34
171
89
210
53
106
140
120
156
183
96
120
123
43
82
90
43
84
52
171
87
62
114
25
110
91
120
163
146
172
135
180
167
192
101
21
32
168
89
105
113
139
64
162
31
76
98
18
160
81
97
32
226
134
50
30
124
17
98
37
59
71
113
56
150
62
38
119
101
88
93
90
93
143
210
105
93
112
98
165
79
102
105
128
69
224
78
73
57
126
58
95
123
73
98
56
76
172
31
161
42
95
59
169
127
57
147
94
88
26
124
99
59
119
35
34
79
138
119
92
71
149
46
148
135
132
33
6
264
65
85
67
306
173
152
90
123
44
57
48
109
24
143
58
71
56
188
29
148
28
64
156
200
102
103
151
112
165
128
33
74
219
68
162
96
63
99
115
17
99
143
99
69
29
132
80
166
134
60
61
144
154
53
63
170
42
68
225
201
60
150
69
85
52
130
125
175
81
211
71
85
113
95
164
107
45
98
65
41
138
84
98
170
135
99
234
85
22
22
70
35
71
198
128
111
26
49
146
93
40
34
71
152
95
123
67
129
115
188
71
66
44
112
79
164
70
174
100
50
62
87
267
115
173
72
151
203
99
158
96
164
143
21
123
37
77
107
109
68
65
149
30
53
180
126
122
63
120
54
80
34
34
81
93
93
20
75
85
93
66
113
68
62
160
126
73
81
110
34
195
125
113
159
176
71
43
21
65
34
59
156
114
58
106
213
184
140
51
109
44
67
28
80
146
78
51
50
153
47
81
98
84
139
74
156
12
130
154
75
89
87
73
160
50
151
184
83
170
64
80
54
16
9
106
20
134
149
69
15
66
72
52
90
52
114
136
113
111
80
56
44
82
44
95
135
130
69
86
120
37
102
121
72
96
23
157
93
177
21
98
18
65
35
169
110
15
140
84
81
70
35
161
61
101
76
252
185
195
51
63
78
101
81
83
47
149
53
73
74
54
101
65
101
167
99
91
83
67
81
62
165
126
25
77
120
106
211
125
113
10
76
28
34
124
90
95
88
85
149
86
201
55
77
96
73
16
176
87
107
179
155
145
76
107
88
119
118
110
161
121
91
75
86
109
52
172
72
51
130
148
76
56
145
92
37
27
114
92
94
46
191
107
97
81
93
139
27
99
100
163
67
148
53
168
44
56
127
102
40
80
103
110
57
144
50
103
132
32
127
188
121
42
94
107
77
206
58
29
86
118
108
142
126
69
86
124
144
100
61
97
41
19
33
139
90
152
82
96
57
12
72
32
77
30
66
50
213
120
106
53
149
97
99
99
159
93
96
107
128
71
25
82
116
65
123
186
63
92
17
191
49
48
128
80
211
77
77
152
116
78
106
164
54
112
106
44
93
112
166
56
164
76
38
41
41
160
96
46
21
125
76
75
91
172
122
45
68
119
181
133
91
101
177
70
75
42
142
150
138
156
174
136
129
76
100
96
58
64
87
111
107
99
147
79
76
154
86
72
78
236
111
109
167
54
121
63
170
116
107
97
21
199
63
91
76
72
120
84
89
77
59
61
63
60
219
112
180
91
59
196
72
121
88
63
82
193
118
129
162
61
58
23
83
117
194
161
25
192
83
71
63
105
45
52
148
100
48
148
164
121
52
70
74
42
37
57
30
54
86
92
99
66
183
116
42
42
90
49
30
166
156
33
171
60
201
158
63
53
134
137
32
174
135
58
57
204
44
59
71
7
168
85
103
87
41
97
103
40
83
85
118
68
132
50
68
43
71
109
176
160
74
21
67
67
93
65
128
148
131
17
83
118
185
63
20
63
146
96
76
31
12
91
78
123
101
50
95
72
58
18
169
104
47
101
135
140
158
135
68
73
31
56
56
111
104
137
79
40
53
137
63
81
125
129
73
68
155
71
144
98
106
77
104
121
100
90
37
13
100
99
49
139
137
29
103
213
93
47
114
109
83
269
128
23
111
184
168
21
53
72
34
58
119
78
68
85
102
111
81
46
70
162
111
49
108
77
57
83
125
49
46
61
143
119
33
98
171
65
104
218
68
120
129
57
79
159
100
61
64
54
64
57
121
64
183
100
78
74
125
37
134
72
131
70
173
110
153
103
65
104
66
136
93
90
37
131
36
145
128
86
162
51
122
27
197
108
12
151
55
65
92
164
112
30
98
75
126
135
61
20
184
79
159
70
60
131
210
43
175
66
62
109
123
169
110
126
107
96
53
177
118
60
36
61
137
182
77
116
48
133
146
84
38
167
114
99
139
57
97
118
79
80
73
100
86
158
98
137
141
75
94
30
135
92
46
207
83
57
149
65
119
172
91
58
25
91
84
137
90
134
48
61
140
86
94
102
17
195
118
60
207
129
251
93
74
66
107
213
101
137
160
105
89
128
87
73
98
144
150
67
109
65
78
75
94
86
108
29
91
55
112
94
81
68
86
59
120
46
203
110
62
112
59
157
57
143
194
121
70
103
90
64
117
38
173
47
88
24
146
16
76
88
31
12
109
32
76
74
54
114
59
33
33
158
155
189
53
67
71
152
61
188
23
83
59
172
61
57
42
45
83
72
206
75
35
189
107
23
130
132
139
156
57
68
22
46
91
71
185
110
65
178
185
30
60
152
28
74
78
36
94
135
97
103
96
73
69
94
52
101
145
143
66
81
70
35
206
25
101
201
103
138
92
173
130
129
44
139
36
45
79
129
83
63
14
180
125
66
131
24
79
118
11
194
60
69
180
58
130
97
63
15
160
25
68
30
27
73
48
169
179
143
71
29
92
97
162
133
129
76
64
56
167
114
110
140
58
218
97
185
25
153
154
37
65
92
130
137
139
217
78
84
27
54
122
61
36
105
104
93
160
75
120
31
39
160
196
82
104
123
33
148
172
118
146
50
127
86
99
92
94
101
44
21
50
123
101
20
39
235
46
105
50
19
203
195
123
165
