710 212
46 58
201 0
260 611
41 201
192 62
255 255
330 110
423 286
758 788
58 664
315 79
576 522
467 504
738 203
181 433
624 94
334 349
552 705
372 169
434 319
306 632
518 82
756 594
399 343
451 457
496 734
728 391
316 207
41 224
652 82
600 718
393 45
732 284
596 525
80 438
641 120
504 310
787 670
658 289
26 512
51 477
185 746
582 171
270 631
131 141
612 565
479 44
103 701
193 659
759 560
565 565
122 232
260 139
618 178
282 663
401 18
44 460
389 774
544 107
708 269
660 421
624 725
425 85
88 332
445 456
204 732
303 565
536 128
190 636
735 346
650 507
53 248
716 250
358 726
345 613
311 203
549 643
463 716
497 257
793 381
177 278
368 67
748 683
236 335
189 595
24 663
73 18
494 47
446 276
484 430
279 365
531 310
692 240
173 114
665 351
512 52
537 657
776 54
163 390
147 574
523 388
608 655
14 218
636 0
303 78
487 105
785 699
734 791
224 657
289 362
111 145
115 725
764 171
408 215
385 195
125 785
25 417
424 635
174 796
281 474
78 659
515 747
37 636
659 626
225 594
684 93
507 525
136 448
619 385
555 348
564 196
565 441
410 483
718 773
570 314
665 721
420 33
38 100
123 565
188 681
680 206
147 486
340 430
99 428
590 110
8 219
396 530
632 324
168 653
143 31
380 441
771 761
341 250
219 425
536 634
360 682
55 646
352 3
686 781
724 342
557 526
497 266
624 660
588 374
709 734
565 272
602 45
140 41
260 369
250 493
132 148
430 376
648 561
669 220
92 526
352 572
55 266
239 459
623 604
40 641
368 516
660 241
94 315
255 453
669 264
495 58
75 190
232 96
740 122
658 345
130 460
50 469
740 447
428 138
328 224
775 747
571 582
693 483
204 477
707 591
576 530
550 292
543 499
324 553
754 604
760 624
119 539
333 461
675 120
615 8
446 588
17 24
463 163
397 735
656 132
712 116
326 405
737 610
796 590
740 779
184 421
490 352
68 709
251 744
314 12
414 699
17 31
532 431
768 31
782 201
409 644
789 426
249 315
507 229
88 559
131 295
156 383
344 475
667 614
592 437
549 48
194 162
606 613
441 596
422 591
228 402
142 342
735 461
12 110
648 195
250 161
777 326
380 12
614 679
148 146
781 237
784 517
187 263
460 112
681 510
66 649
11 598
446 397
768 756
163 60
563 762
783 329
526 434
410 157
183 384
794 690
148 295
547 444
230 746
315 111
277 220
36 129
500 639
629 377
308 175
436 456
16 517
799 632
334 625
725 304
765 574
501 720
42 561
340 260
726 198
67 270
548 765
595 733
759 233
336 160
255 800
544 338
640 299
33 582
561 32
602 79
194 203
240 558
102 109
90 515
165 145
431 100
505 547
95 681
724 314
749 363
648 436
384 575
148 455
636 171
319 471
408 268
172 572
418 521
84 496
448 610
600 305
766 156
356 98
408 417
20 381
798 82
739 712
524 704
118 327
658 537
662 61
603 216
424 704
545 23
496 587
372 495
426 334
313 625
175 181
208 389
772 142
263 12
140 188
628 686
468 159
273 555
760 322
199 703
746 40
321 179
696 454
791 204
430 664
289 422
740 262
642 310
50 451
647 300
22 482
736 763
291 68
798 657
166 5
501 496
28 129
326 176
779 21
574 568
113 554
796 224
76 781
555 259
417 788
692 664
32 200
699 130
593 411
584 68
665 76
246 105
506 320
576 466
653 555
32 688
407 712
425 63
708 307
368 123
574 37
288 201
706 98
8 13
312 544
480 604
16 567
722 400
67 685
82 741
40 305
291 330
160 311
11 82
140 349
39 185
288 305
132 164
173 260
67 75
90 268
59 106
135 382
279 312
101 378
29 277
351 391
205 219
146 187
92 202
323 342
327 350
100 318
239 384
285 348
103 291
172 263
98 350
303 347
102 243
198 352
107 328
164 378
18 26
51 243
328 375
137 158
59 241
8 89
298 357
226 334
9 361
32 158
115 367
72 376
237 314
127 201
181 238
134 159
156 226
212 366
12 308
44 347
50 286
142 191
77 329
1 227
74 226
259 307
14 290
167 301
160 388
154 341
3 125
34 383
126 216
263 325
298 322
65 365
92 373
104 210
223 385
94 265
357 388
179 243
217 238
184 199
190 279
182 185
14 294
133 325
134 361
78 278
31 292
163 239
34 197
139 320
40 57
11 389
37 382
235 299
169 355
129 130
50 205
30 126
67 176
5 94
5 265
147 176
53 275
166 333
267 348
182 359
101 382
5 168
75 284
25 133
223 261
209 332
52 177
60 185
7 367
191 305
70 285
60 356
136 159
162 202
13 281
76 289
135 322
57 144
323 353
176 204
194 213
67 394
16 145
322 373
75 313
25 151
18 254
46 161
209 377
157 180
188 265
59 301
241 300
266 287
91 246
236 258
59 68
36 215
40 320
142 314
145 301
99 128
29 72
158 225
129 279
81 258
57 326
126 209
134 196
294 356
28 391
16 390
8 317
187 376
231 386
148 298
177 236
111 171
85 149
279 357
356 388
138 366
229 327
302 344
14 141
266 293
165 264
198 331
222 263
275 324
295 324
124 345
56 137
26 287
8 162
264 271
241 301
21 75
156 214
142 199
34 46
48 116
225 343
133 151
30 380
76 280
106 213
176 181
183 330
252 311
33 388
179 197
306 344
214 334
297 322
270 341
58 74
174 185
136 165
46 369
85 140
190 359
31 163
60 294
100 125
100 139
295 389
28 289
82 225
118 226
354 386
98 368
112 140
7 105
130 164
219 283
175 305
93 141
126 215
101 130
117 326
108 361
43 131
42 112
250 315
41 358
194 259
100 370
282 360
58 334
303 394
34 384
132 240
80 232
294 371
124 243
40 288
0 230
49 66
293 345
254 345
162 373
65 151
61 397
55 339
130 378
194 346
47 56
78 122
38 363
227 393
39 182
273 383
39 388
233 258
309 385
315 333
18 122
100 235
78 334
3 303
32 387
248 397
192 282
6 258
104 332
109 125
316 355
55 284
42 140
76 351
200 384
128 314
83 375
152 328
106 259
221 237
80 311
188 251
267 311
10 385
241 390
291 376
4 366
335 390
23 205
276 391
120 143
146 177
33 60
19 76
144 320
228 240
105 343
30 301
218 286
102 345
58 374
163 254
133 319
17 143
58 214
60 73
12 51
241 335
0 356
129 240
42 296
310 388
108 134
49 140
173 239
14 323
189 368
264 361
128 237
249 393
41 320
160 397
34 51
226 354
118 211
84 246
73 356
251 391
196 264
22 379
158 253
148 359
95 148
56 387
128 144
49 109
83 206
122 329
36 54
43 333
334 354
118 245
3 85
13 65
343 362
126 392
118 244
15 199
102 254
204 339
36 301
236 247
0 113
104 167
19 194
69 149
2 168
120 199
368 392
92 130
141 315
8 114
159 165
231 313
170 347
358 360
220 361
311 397
86 262
204 337
79 166
164 297
84 110
240 378
121 223
308 395
16 301
222 297
139 207
201 203
110 355
275 295
268 383
31 102
155 329
74 386
95 190
133 208
272 330
73 256
115 317
238 337
21 339
111 304
237 330
244 245
41 144
83 196
38 196
11 381
139 175
31 136
320 370
90 228
101 273
107 152
35 57
228 383
30 332
63 269
156 334
115 195
211 313
348 388
207 305
19 114
194 269
173 243
338 382
106 346
35 117
52 291
57 320
121 123
216 342
175 320
96 379
277 366
131 333
123 299
46 51
28 295
180 262
18 266
92 382
26 78
111 138
55 75
11 105
41 360
130 382
259 387
118 395
271 328
13 365
138 227
37 162
26 329
362 381
56 158
49 125
27 70
89 338
206 286
14 113
82 275
19 324
268 273
193 397
149 309
53 351
228 273
33 93
78 386
11 225
208 238
24 317
2 343
76 276
165 328
202 297
110 233
32 324
135 297
292 329
21 176
59 145
67 339
90 101
218 239
156 284
48 399
29 177
78 214
27 80
128 142
202 382
108 152
42 274
110 246
64 326
204 284
194 307
73 93
66 109
94 255
231 244
22 68
114 269
252 285
81 236
118 313
51 201
130 222
154 199
107 196
137 307
196 361
372 398
97 329
232 397
207 370
77 102
124 200
197 243
205 206
7 11
170 303
113 342
241 379
89 317
137 387
93 250
234 373
127 203
52 272
85 303
183 291
224 274
206 271
45 255
104 390
326 358
313 321
3 339
5 150
215 377
151 217
312 352
138 277
11 275
7 389
83 165
77 155
226 231
10 223
49 349
32 82
235 396
113 323
105 362
139 370
125 303
211 231
51 336
89 114
115 269
5 381
16 209
184 316
29 52
16 36
56 253
125 347
348 356
280 391
44 339
227 249
94 381
3 67
78 287
104 380
385 398
36 126
83 328
327 342
40 175
106 186
2 364
55 224
256 353
181 319
19 195
198 312
169 270
123 288
221 270
213 269
177 291
62 163
129 378
0 60
96 390
100 207
255 304
81 302
180 385
23 50
3 69
133 337
37 222
14 371
63 387
385 399
25 281
56 82
32 253
7 82
274 296
153 289
185 357
205 363
27 311
48 261
209 392
320 358
51 369
205 283
117 192
45 306
21 67
18 293
367 389
95 279
3 49
23 286
143 325
99 270
103 177
150 265
29 103
65 319
169 217
142 305
287 329
156 354
342 353
87 393
114 213
245 354
340 344
21 156
231 245
152 361
119 274
58 386
48 121
178 341
230 256
144 191
67 347
82 307
356 371
176 394
256 294
91 341
15 237
102 239
87 212
319 337
79 234
214 374
18 97
67 204
22 335
281 319
22 96
31 329
52 187
4 376
279 378
99 144
208 316
173 384
193 248
181 313
168 265
172 222
285 311
39 60
36 209
80 348
32 63
101 228
187 277
208 217
151 238
87 227
44 284
44 303
15 142
3 109
43 145
255 306
126 380
62 102
69 85
18 155
102 179
107 264
242 344
133 181
157 385
121 309
143 208
166 234
275 389
97 155
249 277
57 305
195 289
151 316
150 168
34 173
130 202
91 110
66 119
76 153
73 388
43 54
190 388
0 73
217 355
181 208
74 374
207 318
51 203
124 239
320 360
1 249
154 170
25 325
53 381
350 368
66 140
160 267
211 319
113 294
221 314
138 393
28 367
22 259
91 355
1 277
10 309
15 221
35 144
118 386
189 209
81 233
230 342
66 149
138 249
33 285
259 269
124 375
225 362
70 388
46 173
215 392
92 297
64 177
112 116
3 55
120 184
169 246
203 228
257 286
307 346
4 146
87 364
14 230
15 314
169 341
110 169
41 305
203 268
265 364
299 396
193 257
1 138
167 390
62 266
200 206
301 379
50 219
95 298
70 252
245 313
149 349
36 380
84 169
27 397
240 268
284 313
308 369
119 296
203 365
75 339
53 251
30 167
266 329
105 225
132 268
18 287
39 298
218 283
97 278
29 146
73 185
33 70
25 365
38 206
30 215
90 281
8 24
6 76
180 261
226 386
247 341
328 361
260 331
24 172
31 122
191 320
51 308
79 92
77 278
34 331
10 48
87 168
33 73
64 272
43 315
305 370
147 313
157 299
132 378
71 260
90 325
30 392
15 246
199 221
310 348
49 69
206 219
40 235
117 360
20 172
245 319
302 340
17 110
12 197
203 273
135 373
282 288
71 384
218 363
203 383
70 80
73 182
37 92
185 298
278 336
295 351
155 278
221 341
45 187
176 245
200 218
28 280
93 185
147 245
123 398
49 85
52 236
378 383
29 187
39 93
86 385
133 281
15 154
168 364
160 252
310 311
195 367
9 264
79 162
230 353
135 164
12 383
38 205
219 363
47 88
196 328
212 227
148 279
74 334
215 216
63 106
76 391
62 345
165 196
75 176
144 358
129 312
113 230
49 149
244 336
149 318
264 328
101 164
82 387
10 157
222 338
228 378
4 29
48 223
188 242
174 315
136 254
192 358
312 378
64 330
263 338
41 175
179 239
1 366
171 304
22 186
186 259
88 241
205 218
161 308
242 251
254 293
78 374
127 161
62 136
163 243
103 187
48 372
154 169
269 307
269 389
300 301
215 380
89 162
195 351
207 320
69 318
130 297
94 111
118 334
94 188
129 148
200 205
32 137
223 399
114 115
238 316
61 378
44 55
7 280
188 362
132 203
197 201
23 219
92 222
290 294
182 333
134 220
199 314
86 157
80 267
117 358
334 374
88 96
120 170
123 261
350 392
99 330
186 241
91 169
90 365
71 173
18 292
60 182
157 309
69 109
161 383
36 377
167 300
44 109
227 277
197 369
61 240
127 308
211 278
45 344
260 384
209 380
34 71
126 301
71 331
85 125
86 180
161 201
101 268
184 246
221 246
88 106
248 260
283 363
301 390
29 291
166 373
16 379
52 258
98 189
94 242
9 134
283 286
63 307
156 386
204 347
204 394
69 125
187 366
31 345
109 140
94 306
103 376
53 188
208 337
47 63
39 322
168 304
112 119
131 373
95 357
97 287
99 314
52 340
23 257
72 177
51 197
1 212
201 383
22 106
130 135
143 337
90 172
18 329
5 364
154 184
70 397
240 312
26 226
67 303
17 169
22 47
99 221
302 306
45 94
14 256
123 396
195 276
135 166
0 182
81 330
244 321
242 255
220 328
290 353
23 283
11 324
61 95
154 178
73 285
121 261
258 302
42 49
101 297
280 351
295 391
249 376
95 129
262 299
47 259
282 320
12 46
307 389
170 316
75 156
46 201
162 166
15 270
30 36
335 379
176 284
134 328
84 341
27 352
54 215
142 320
30 145
58 226
111 340
2 188
62 293
53 242
37 297
176 339
74 214
206 218
295 367
216 229
209 315
19 295
127 336
247 330
183 272
139 305
278 329
177 376
103 146
26 292
157 261
128 221
271 283
21 44
192 360
66 274
141 174
87 138
94 340
96 186
206 363
189 323
309 398
47 106
377 392
107 271
224 296
140 149
138 212
297 382
165 361
357 359
190 357
275 280
334 386
235 320
239 375
228 268
118 231
40 192
99 237
143 217
183 236
151 281
189 392
175 235
131 234
263 281
57 192
92 162
69 349
248 352
123 180
85 109
141 182
34 161
50 218
230 294
51 161
327 368
14 353
115 295
153 391
260 352
121 385
247 270
64 72
203 308
86 398
178 355
182 250
246 355
137 253
91 217
12 34
120 316
136 163
229 392
122 287
87 265
231 334
125 318
184 355
10 180
209 215
280 295
60 310
240 273
148 190
244 313
167 379
51 179
5 343
41 57
48 149
235 305
59 186
212 393
192 320
70 348
45 304
154 270
229 368
72 146
34 369
126 332
294 353
108 264
181 394
111 306
209 216
132 228
115 351
120 355
12 369
36 145
98 342
6 233
143 355
352 397
171 255
5 306
255 302
16 380
379 390
36 315
27 232
4 103
277 376
15 191
88 186
17 24
52 72
53 280
22 300
200 286
237 246
189 327
19 280
280 367
167 332
94 171
29 376
189 350
163 345
271 363
248 257
46 243
72 291
109 349
196 271
43 250
9 159
79 373
308 336
93 182
71 198
70 311
11 362
86 261
157 262
193 232
126 350
175 370
73 294
113 290
275 367
1 304
111 277
292 293
303 318
63 389
82 158
161 203
142 175
45 340
398 399
173 331
12 203
171 306
124 163
47 186
13 25
223 309
336 395
185 359
275 362
193 198
128 320
44 67
82 253
155 395
321 354
46 179
4 291
247 272
54 315
121 398
262 288
135 148
223 372
80 397
114 153
300 379
141 250
167 241
46 331
110 217
258 272
99 247
82 389
68 145
134 264
321 336
255 344
88 335
120 178
245 336
134 165
118 354
214 354
331 384
255 340
160 348
66 296
143 151
27 193
307 387
37 89
34 201
253 387
0 250
161 365
213 346
244 354
256 356
3 284
63 194
93 174
40 358
121 157
153 195
284 339
211 336
172 325
9 108
35 314
35 128
94 304
239 243
166 202
24 338
151 337
81 272
63 137
166 322
91 233
38 283
64 236
306 340
0 14
273 365
72 187
288 396
77 243
265 304
120 208
3 44
237 341
19 367
70 310
42 66
208 355
33 356
191 207
289 317
122 293
156 231
105 324
128 199
99 341
285 356
115 153
210 332
213 259
61 352
211 245
2 265
63 324
52 81
148 322
87 304
14 356
75 231
19 351
57 360
13 127
163 179
160 310
93 356
65 133
266 292
60 174
8 79
276 280
324 389
35 41
8 338
353 371
31 254
20 338
185 388
300 335
143 316
4 72
84 233
112 309
53 391
11 343
15 341
47 96
178 221
1 87
84 270
204 313
231 354
19 269
7 295
33 252
126 189
167 335
132 383
300 390
6 276
298 359
161 197
81 247
251 351
251 381
28 276
145 379
54 131
10 86
164 240
68 131
85 100
138 304
202 322
33 294
57 282
73 141
273 378
171 344
242 340
4 177
32 307
21 55
179 384
13 90
22 390
25 319
27 160
216 380
28 153
0 174
47 387
347 394
92 166
28 351
79 202
126 377
21 284
95 160
16 126
202 373
35 326
79 382
6 391
89 382
163 375
316 394
113 371
195 391
210 300
61 279
178 184
141 290
33 348
148 164
61 193
77 197
173 369
243 254
181 337
215 250
184 208
94 344
106 194
147 337
31 293
123 157
143 238
285 388
220 264
61 312
98 327
45 242
251 302
133 238
43 68
34 203
50 257
191 314
236 291
176 313
243 369
60 285
121 180
129 164
151 325
351 367
64 183
38 83
8 20
380 392
39 359
147 181
0 93
276 289
19 115
116 399
138 187
60 93
170 178
290 356
333 373
323 327
66 224
62 254
105 275
236 272
38 328
54 333
231 321
2 150
136 345
95 359
148 357
201 369
116 372
7 324
46 384
146 376
93 290
173 200
152 196
63 253
188 381
60 388
165 220
85 318
99 246
18 31
332 380
229 350
3 347
19 389
12 201
173 179
76 367
269 346
40 282
78 226
69 140
187 344
170 199
10 262
50 200
178 199
78 329
42 119
274 349
20 89
108 159
134 152
211 395
322 359
39 357
308 365
154 355
316 337
59 379
33 310
39 190
200 239
35 192
72 183
193 352
23 200
182 298
175 288
40 396
41 117
230 371
39 148
65 263
242 302
67 284
276 351
133 147
127 365
310 356
177 183
71 352
66 349
98 392
72 103
20 37
215 315
152 220
212 249
225 253
210 390
7 362
9 220
27 248
112 223
17 217
13 147
92 322
54 174
175 207
107 283
33 160
218 375
48 112
96 300
261 398
23 206
97 395
256 371
112 399
85 139
237 247
70 160
84 91
23 218
186 387
47 335
20 24
30 379
108 220
281 325
116 119
252 348
305 320
68 106
94 150
52 344
38 271
252 267
268 365
157 398
28 195
100 175
162 234
189 216
48 398
224 349
50 206
20 382
98 229
30 209
218 219
106 307
196 220
15 178
123 262
40 299
25 65
372 399
10 261
237 270
57 117
96 335
105 381
83 363
31 62
112 372
45 171
76 295
123 385
122 266
15 184
111 255
235 370
161 369
374 386
242 306
26 266
140 274
37 79
108 165
230 290
24 325
275 381
75 204
3 21
4 277
16 332
61 129
174 290
245 321
22 59
216 392
25 263
22 241
167 210
267 310
64 291
191 221
136 375
170 184
301 332
76 195
214 386
46 71
94 168
178 246
195 295
65 90
129 190
4 187
216 327
102 163
82 105
377 380
109 274
9 165
41 192
144 192
101 222
35 320
332 392
278 321
159 220
259 346
309 399
45 111
28 76
313 319
44 125
322 357
38 219
186 335
150 364
198 248
324 362
162 382
52 183
195 280
97 102
20 222
128 191
249 304
142 207
32 56
78 354
36 332
110 143
40 360
154 221
130 322
205 286
155 197
55 109
101 263
211 321
281 337
200 331
0 290
48 309
46 239
32 389
42 116
244 278
46 197
13 319
210 379
87 150
367 391
83 283
20 317
366 376
37 130
282 396
145 167
169 233
304 306
278 395
288 299
144 314
113 189
79 89
135 202
59 96
10 123
37 135
42 224
12 127
31 266
112 349
174 250
82 324
151 208
22 88
132 273
80 252
189 229
246 341
301 380
211 308
251 276
0 141
147 319
111 344
96 106
230 323
102 124
217 316
171 187
321 395
194 389
26 122
245 395
192 305
35 358
171 242
189 342
63 259
174 182
150 304
216 323
267 285
311 348
124 179
219 257
181 204
277 304
206 283
15 128
244 395
105 188
160 285
227 366
198 260
5 188
179 369
181 316
77 254
10 398
318 370
219 286
109 149
232 248
24 263
112 398
343 364
2 5
88 300
86 121
189 377
13 308
304 366
262 396
172 338
260 312
107 363
180 398
54 250
216 377
152 264
345 375
90 273
261 309
251 280
174 333
19 28
83 271
111 187
240 383
15 99
190 298
252 310
51 127
287 292
159 361
118 321
17 91
14 73
74 156
235 288
14 93
70 267
65 325
65 281
223 398
1 393
82 137
183 247
23 363
73 290
261 385
90 263
13 133
83 107
35 191
12 161
282 299
47 137
155 336
222 382
86 123
122 292
164 279
114 317
290 323
96 241
113 353
171 340
139 318
236 330
69 100
136 293
317 338
16 167
154 246
41 282
92 135
37 202
64 247
16 30
108 196
246 270
7 275
56 63
63 82
71 312
10 121
101 132
120 238
77 97
139 235
57 358
9 152
153 317
9 196
73 174
38 107
124 254
25 90
213 307
0 294
211 244
285 310
124 173
214 226
250 333
180 299
18 77
207 235
40 41
249 366
42 349
83 361
99 154
16 215
97
106
63
99
43
51
108
102
144
70
126
71
178
75
157
193
98
98
207
76
35
144
67
64
96
153
40
70
82
58
39
136
44
128
181
126
204
125
63
29
15
93
71
84
152
83
118
119
43
137
186
119
115
39
92
194
66
107
54
17
72
72
107
106
182
99
54
73
90
139
64
75
57
103
29
94
132
107
36
85
174
55
233
209
102
164
165
83
132
22
135
101
156
47
38
108
122
53
76
118
125
36
138
121
115
21
109
74
120
124
103
162
192
98
79
84
133
84
104
56
77
55
46
102
68
80
117
114
156
172
87
31
37
91
85
29
213
169
114
30
57
172
57
52
101
75
60
18
52
152
59
104
89
54
215
53
103
183
28
226
60
182
187
74
41
83
80
153
82
156
95
112
51
154
168
70
36
93
110
73
45
161
170
83
152
126
124
21
41
172
76
57
90
65
155
119
80
179
62
85
99
107
67
216
62
137
167
220
38
53
72
145
76
61
51
155
75
96
100
29
67
134
150
50
33
61
113
35
72
76
60
60
167
111
183
35
127
79
136
126
171
222
93
25
128
99
77
68
172
128
140
126
40
33
117
50
123
188
168
96
99
99
50
148
52
70
93
115
183
78
106
83
94
39
175
18
166
128
39
62
134
73
73
105
68
183
173
91
19
60
131
84
35
206
87
174
216
78
63
82
69
55
67
148
78
54
83
75
68
113
94
28
71
68
86
71
321
82
148
251
56
103
118
75
52
105
76
78
27
124
36
68
56
145
76
64
167
126
159
52
54
88
155
61
166
51
87
84
36
163
127
97
137
130
184
50
74
215
278
130
83
192
152
93
82
68
36
76
149
223
85
107
59
29
128
141
72
97
76
56
145
126
103
151
182
77
13
123
109
79
175
95
27
84
93
42
132
72
111
204
56
177
119
65
172
188
47
162
62
200
197
135
179
73
75
113
63
147
179
138
149
160
155
59
101
82
108
14
107
122
121
86
53
130
50
70
211
206
21
37
60
123
188
93
52
193
101
55
101
68
75
87
89
54
100
87
76
47
64
195
177
49
99
118
78
48
227
140
109
88
55
139
80
65
191
176
95
78
103
78
95
56
131
85
67
100
61
128
74
94
155
82
98
73
146
74
98
129
62
124
118
134
42
186
147
111
141
123
107
123
105
21
168
165
83
54
89
172
77
113
51
42
161
132
120
190
63
85
45
105
45
186
177
201
133
168
123
175
94
30
80
78
89
34
77
109
81
88
126
24
32
23
40
126
115
110
61
165
59
151
91
61
33
183
68
78
125
119
179
179
113
232
53
70
66
153
122
84
101
257
100
68
161
123
234
92
82
107
32
121
48
165
163
63
168
230
135
97
182
83
62
95
65
166
22
152
92
73
155
16
139
141
90
111
78
74
25
57
93
88
200
106
170
92
98
51
117
53
86
44
51
172
194
158
41
140
194
159
208
110
44
157
116
47
190
136
141
151
49
91
44
203
79
89
34
147
158
77
94
79
73
137
81
54
100
198
49
212
118
12
145
104
31
23
41
118
40
121
136
152
89
139
123
70
75
74
78
166
131
116
162
141
171
30
43
201
69
106
80
109
65
72
53
79
76
210
93
60
75
155
94
198
14
89
137
10
168
122
124
68
98
83
48
100
143
141
166
26
157
75
97
169
92
105
89
180
194
129
111
160
96
193
159
147
107
17
37
91
115
114
90
105
33
53
118
111
173
99
100
78
92
128
160
108
67
81
99
153
171
49
177
72
64
135
43
98
75
104
60
141
77
34
186
90
63
127
108
66
53
104
134
125
25
154
194
101
234
67
101
57
170
147
124
98
106
35
168
72
45
144
136
86
121
109
148
136
202
71
33
143
102
87
91
111
111
111
130
122
160
103
201
101
93
162
105
140
124
77
50
187
93
90
72
110
41
131
151
140
129
145
77
134
116
88
110
124
115
98
100
182
171
35
108
115
53
91
63
102
177
74
70
85
184
108
165
185
155
95
160
40
51
95
110
105
111
132
42
19
11
163
102
148
117
20
55
20
97
74
121
129
51
89
86
57
54
133
63
42
126
180
93
97
82
38
115
152
42
63
98
132
103
52
129
37
122
114
94
199
67
67
71
155
53
63
115
79
255
149
45
134
99
171
177
112
160
146
166
78
98
158
72
15
181
77
142
155
67
61
60
66
41
193
76
188
116
176
107
75
149
138
100
52
130
75
128
47
166
57
42
76
205
118
88
22
75
123
135
88
149
64
141
99
74
58
115
31
88
46
218
108
81
67
133
227
60
41
44
25
106
124
73
127
76
45
101
126
42
80
83
119
91
87
148
46
149
96
19
121
196
62
60
65
40
62
102
174
119
122
143
94
62
138
154
141
154
41
35
103
129
70
45
185
155
38
149
136
86
121
183
117
87
54
41
91
73
64
158
83
73
143
214
37
124
93
126
128
115
142
79
125
42
136
138
95
36
149
231
122
61
194
124
94
138
79
123
116
150
114
43
148
132
137
83
160
119
173
103
223
171
247
42
180
53
110
106
27
32
177
191
67
118
53
114
168
207
192
8
90
25
72
78
37
46
45
19
222
159
30
100
66
79
151
89
29
113
60
180
82
63
17
105
179
42
109
138
11
39
65
25
74
61
155
85
37
115
88
25
135
68
77
10
133
105
71
164
107
45
107
83
145
121
67
121
144
244
177
121
157
68
152
90
119
53
53
203
179
59
131
168
87
108
50
33
53
81
86
42
150
37
144
169
18
223
121
103
37
89
38
76
106
28
77
78
89
110
51
117
139
77
59
95
66
64
78
160
170
76
82
37
232
138
132
33
131
176
61
208
162
27
142
88
131
171
113
90
184
126
29
175
78
53
141
69
79
80
118
64
156
137
131
157
152
87
81
84
45
45
67
154
107
190
88
78
137
123
80
199
160
127
131
185
63
179
102
106
35
59
59
53
40
73
46
29
90
67
150
130
159
88
147
119
62
192
121
37
65
125
78
210
145
159
53
68
100
88
89
76
146
56
116
86
112
116
128
50
173
71
38
88
48
46
74
183
63
62
83
127
28
148
122
156
15
152
92
75
80
75
148
68
68
49
141
128
33
98
143
120
79
36
52
59
76
93
107
137
78
164
104
64
153
151
52
169
164
122
26
55
108
68
32
97
69
103
191
122
100
68
222
128
106
116
71
65
62
30
86
127
182
94
111
148
123
136
56
73
123
67
105
47
18
115
132
91
43
120
50
55
112
47
139
44
104
84
40
121
183
253
132
90
106
101
92
75
69
78
97
88
123
114
30
35
48
17
113
164
195
56
50
81
71
94
101
117
128
161
68
98
125
132
96
107
34
81
139
108
93
188
140
160
135
168
137
118
171
75
75
53
118
47
67
97
166
99
103
98
100
173
82
128
102
59
61
116
37
54
47
68
230
110
168
68
60
99
164
205
133
119
35
21
89
27
91
23
74
75
195
157
111
124
78
29
80
61
58
53
45
44
40
13
54
121
86
77
44
42
46
105
82
97
172
66
72
161
111
241
53
69
90
23
101
116
71
143
69
58
36
106
59
58
92
78
102
116
24
138
18
54
149
82
82
110
30
41
145
113
15
104
62
100
28
102
58
186
105
168
160
105
72
98
69
106
147
110
38
84
42
63
166
89
124
48
131
115
62
233
63
92
65
144
112
66
49
82
148
41
140
161
67
36
135
182
85
71
219
115
71
95
40
140
110
123
85
47
178
110
62
104
181
197
87
112
72
70
32
117
55
86
89
58
73
164
86
34
109
57
151
71
115
77
35
86
96
22
31
160
248
114
25
10
189
78
55
86
99
86
50
152
98
142
24
105
160
120
47
123
92
176
13
91
32
37
73
116
139
58
63
119
8
139
115
59
105
55
67
62
193
50
145
227
125
79
89
112
144
109
54
207
62
66
75
39
45
30
113
123
115
99
90
121
148
69
155
77
70
182
148
63
138
67
86
91
179
38
71
157
143
73
22
66
63
158
67
164
77
80
176
41
8
187
146
78
111
64
104
128
134
140
201
139
209
80
22
266
77
57
144
85
94
78
97
83
77
171
151
86
63
214
156
46
46
79
109
200
125
124
135
73
82
120
77
80
85
126
62
176
59
215
83
65
85
155
102
83
104
42
78
184
130
131
247
70
67
56
53
30
59
127
25
142
185
137
62
35
67
76
139
133
128
117
63
148
35
96
172
45
133
100
125
32
176
191
162
53
48
140
118
97
88
51
70
195
113
188
36
147
127
110
155
37
177
74
146
66
112
87
177
165
113
127
86
133
139
36
70
128
76
78
53
39
6
121
144
75
179
144
109
67
65
80
113
80
61
91
116
140
86
162
134
63
51
169
147
113
22
25
94
104
56
141
79
90
150
124
76
86
26
159
101
110
58
46
41
63
65
161
73
43
75
67
64
185
166
96
97
40
119
57
91
85
38
126
131
45
90
94
150
57
135
115
24
94
32
88
147
58
145
70
116
50
161
135
26
17
159
117
75
106
157
40
48
67
71
100
103
147
