547 394
11 561
134 676
593 710
204 485
245 472
525 447
571 49
124 63
603 653
262 512
701 283
717 198
62 405
335 109
630 2
539 363
265 91
414 153
578 680
797 195
515 369
497 174
38 621
512 183
199 106
37 40
308 202
479 790
80 258
278 716
585 667
280 230
746 255
763 579
738 112
735 278
491 69
574 43
782 513
11 718
614 314
343 336
230 749
353 740
643 14
22 237
765 725
437 551
228 353
381 768
791 626
344 519
635 440
800 69
729 475
300 537
722 795
775 229
369 673
717 460
270 595
186 247
744 177
603 536
434 397
324 678
603 159
148 254
606 144
725 179
483 105
527 300
633 565
314 626
153 621
464 306
318 146
551 638
198 75
296 196
434 368
662 106
320 518
253 181
503 637
636 727
467 575
469 384
684 248
663 792
214 112
599 311
691 329
259 260
725 80
9 728
737 663
535 212
484 301
288 17
743 304
786 372
567 543
31 579
72 670
324 445
384 546
499 419
29 227
616 474
314 465
282 606
411 710
225 667
245 370
131 10
84 608
734 595
455 184
186 128
304 308
269 652
180 617
664 546
315 349
62 592
250 564
127 441
142 30
517 341
736 382
20 218
725 646
657 669
771 84
653 394
40 708
394 686
238 660
462 385
515 217
687 656
171 709
491 113
308 761
403 518
286 242
674 659
245 411
259 175
548 773
722 723
723 201
13 641
389 782
311 243
278 247
646 130
613 228
182 310
306 215
647 309
170 581
263 777
124 75
477 516
717 759
798 347
774 517
668 207
572 796
649 418
524 198
736 674
209 717
354 484
308 191
307 230
774 571
691 381
173 621
152 388
704 333
573 127
183 667
436 784
397 93
561 668
357 175
651 522
549 416
304 766
416 608
38 107
322 225
184 438
489 591
521 76
19 204
679 422
236 116
106 105
258 609
598 240
240 319
504 61
600 413
604 363
367 126
634 50
557 350
174 425
6 40
401 793
492 494
43 245
772 134
737 653
262 503
176 236
594 732
161 181
388 601
350 429
594 119
235 199
85 575
608 764
665 7
243 524
178 306
459 38
391 152
293 761
296 592
730 96
353 749
428 134
714 350
93 278
58 382
714 307
124 565
718 22
131 377
72 597
767 110
388 321
542 571
290 395
348 469
22 183
157 694
532 732
437 566
14 237
369 385
777 47
291 255
637 111
512 94
445 261
377 65
344 771
223 334
326 745
218 21
227 397
538 238
773 565
478 396
179 353
208 556
225 606
316 455
89 146
108 568
639 23
406 370
282 553
568 520
563 20
704 194
709 448
384 554
439 694
502 105
69 41
428 21
615 623
398 448
150 545
321 437
732 38
172 10
237 698
162 323
469 163
444 290
621 49
392 420
433 210
663 341
646 192
431 796
519 487
594 73
349 243
220 611
340 284
338 353
564 795
539 197
567 39
491 188
480 646
538 474
97 120
489 296
501 550
190 781
663 383
699 749
662 243
343 322
568 367
369 18
440 280
449 15
91 163
541 607
351 29
724 367
463 563
188 367
380 397
401 34
448 306
484 704
265 662
365 742
365 785
434 382
280 577
678 565
669 421
418 712
394 674
591 660
276 620
705 17
40 352
352 206
80 472
758 690
47 770
683 38
118 393
755 658
481 619
702 659
335 458
249 63
748 132
405 708
798 378
562 652
676 676
448 335
586 331
113 488
15 487
113 776
230 69
368 30
111 417
739 323
480 761
32 768
97 597
167 72
693 693
769 777
414 543
16 589
702 545
319 782
92 258
109 794
189 82
477 749
280 277
684 569
315 686
76 128
538 678
17 165
421 646
546 227
217 247
136 180
125 248
378 391
238 302
214 237
38 300
215 334
209 238
38 278
220 226
70 364
163 380
112 274
193 348
35 135
29 68
122 139
163 181
132 256
114 296
11 89
199 252
114 185
190 281
133 361
205 392
57 382
118 179
103 320
184 225
109 199
348 398
35 70
8 390
260 300
77 209
75 292
320 334
62 160
96 137
206 289
196 245
144 287
349 396
305 342
231 297
44 138
97 142
96 356
358 376
181 243
223 398
267 374
95 351
330 397
23 227
106 301
96 105
22 24
177 189
227 246
146 384
198 314
71 144
161 353
76 99
20 153
187 238
15 351
110 172
150 177
137 389
30 122
49 335
146 285
305 378
355 361
306 317
28 254
148 368
70 153
118 218
36 242
115 149
164 264
265 272
122 350
327 375
229 294
100 363
151 312
313 399
89 170
127 219
108 343
31 290
203 280
156 392
147 161
66 394
107 176
114 139
202 276
112 127
371 372
133 382
332 375
202 288
184 287
330 395
48 334
82 95
347 391
169 179
97 218
68 222
254 378
201 363
39 169
39 55
347 365
286 378
21 326
319 338
239 322
85 396
161 178
19 396
3 228
101 239
49 268
194 288
91 150
46 388
85 316
46 240
49 265
52 362
12 63
56 83
154 379
113 348
125 250
0 108
224 251
6 191
44 145
2 143
85 360
164 192
86 368
141 399
281 306
91 201
68 231
12 58
254 312
224 301
234 387
92 303
78 367
45 229
183 303
117 385
47 57
289 329
37 287
242 333
160 297
233 302
126 154
2 356
187 289
239 242
220 388
299 369
74 394
333 377
81 279
124 190
185 253
85 339
209 337
32 161
57 90
304 324
53 200
131 284
328 338
19 349
257 279
92 162
176 293
16 130
38 210
8 165
109 397
87 320
112 235
25 91
2 181
147 178
193 384
173 298
91 363
45 357
160 265
21 140
44 234
22 287
164 387
301 343
313 315
8 202
141 298
51 270
256 397
101 242
18 189
13 241
15 229
129 381
111 176
210 278
234 264
33 63
180 333
123 185
95 217
29 109
112 344
67 184
190 345
172 284
30 164
82 236
198 307
260 307
15 300
284 346
321 373
122 235
300 314
30 66
72 319
356 389
292 380
77 189
272 335
94 205
76 262
347 348
173 269
116 288
22 141
74 350
229 300
6 215
100 374
71 238
163 273
327 332
2 105
156 177
270 393
64 281
192 387
43 143
118 386
227 243
310 392
339 347
94 220
155 342
173 315
62 220
93 322
77 80
366 377
44 342
107 285
130 271
18 353
147 392
114 175
207 208
92 211
128 182
242 377
202 330
30 394
13 376
10 344
114 274
33 377
192 237
48 166
9 19
263 375
70 283
365 398
122 296
228 312
173 399
118 124
89 159
102 333
179 359
248 369
7 261
55 169
110 207
345 393
78 331
213 395
145 387
266 341
83 275
180 377
182 268
8 26
38 314
172 207
154 246
22 71
41 208
101 183
33 58
68 297
145 266
220 222
319 369
144 238
184 198
104 246
316 396
244 351
75 253
65 88
9 290
66 74
165 276
27 178
3 221
159 304
55 284
123 309
44 155
246 385
120 390
15 210
267 390
229 244
43 175
107 223
205 272
254 391
113 341
290 367
61 203
199 397
218 355
165 390
232 289
140 279
78 316
155 305
145 192
208 303
42 121
114 123
243 277
146 334
55 386
67 159
175 253
41 326
262 302
7 198
3 31
32 178
245 297
194 318
132 252
12 89
232 329
135 247
108 215
112 203
127 274
269 315
1 104
120 165
109 388
276 330
193 223
127 350
273 292
97 152
80 161
183 333
144 315
13 354
13 372
73 281
182 358
92 370
342 387
44 365
5 149
248 310
65 291
136 207
36 377
156 178
6 21
113 286
75 309
231 335
196 376
64 249
7 300
247 258
134 142
15 357
183 239
128 358
1 246
33 89
248 279
49 115
198 261
322 333
262 319
165 381
219 280
218 359
152 383
160 231
166 334
172 303
80 150
152 174
99 299
36 89
286 348
155 341
4 219
223 384
84 177
263 332
239 333
65 257
319 328
292 371
300 357
26 165
24 144
64 124
163 292
271 343
202 381
90 167
49 250
6 317
152 368
32 259
159 324
130 370
119 315
337 375
269 313
131 200
7 225
54 236
73 124
75 117
204 304
259 310
171 221
235 280
37 232
73 386
109 240
98 204
133 174
22 399
49 149
12 153
197 255
75 243
10 219
37 337
239 303
83 362
43 321
25 165
265 268
88 108
204 269
289 375
170 283
36 183
11 377
32 195
126 277
152 355
174 355
149 212
85 197
167 323
112 350
318 381
354 372
62 94
86 221
219 230
197 316
134 368
93 239
288 318
61 344
203 350
72 269
181 274
42 257
12 364
189 233
187 327
144 198
363 390
16 21
246 380
223 255
186 391
49 297
323 383
190 386
163 309
65 369
99 328
67 313
129 390
7 278
62 68
131 239
82 225
367 396
74 340
30 145
75 277
45 351
128 245
83 280
48 87
232 337
14 17
56 235
61 122
50 266
8 381
156 195
248 338
232 263
80 147
128 212
32 147
9 396
78 349
133 359
264 387
0 16
52 83
215 317
111 293
203 274
15 314
104 372
374 390
122 309
127 273
67 69
95 236
88 140
17 25
101 377
38 45
25 79
130 319
247 294
109 256
175 185
154 385
248 328
282 300
48 193
52 275
79 91
103 306
48 320
58 153
56 280
11 183
197 360
8 116
130 326
37 329
7 282
34 133
76 328
11 162
53 322
0 207
302 315
187 263
231 265
172 322
147 156
218 361
4 212
58 63
207 346
91 381
158 184
297 335
242 303
75 380
128 241
29 216
210 307
204 324
265 297
289 337
116 129
4 196
277 380
172 180
128 196
29 388
234 266
183 322
69 304
150 226
34 345
277 371
76 299
174 368
103 249
156 310
91 390
105 126
59 398
223 285
214 341
160 182
87 255
67 304
42 248
189 209
99 319
215 281
121 311
236 364
144 298
140 271
105 379
50 186
121 325
81 343
21 72
316 398
115 125
94 157
144 261
126 246
93 333
159 170
182 196
3 349
59 394
241 245
38 206
129 267
92 208
21 88
202 213
148 361
75 185
184 260
37 144
68 226
329 375
52 107
149 265
4 5
104 126
88 343
41 370
220 231
243 371
53 172
261 287
30 296
5 275
47 355
34 118
43 296
210 314
88 279
127 309
133 368
193 334
42 325
158 225
44 341
109 132
13 128
68 388
60 346
76 338
252 256
35 294
33 36
8 295
255 320
23 246
84 226
1 227
298 302
221 228
81 248
71 232
116 381
264 266
29 240
5 196
36 93
105 246
162 303
14 332
79 267
17 201
339 391
33 101
142 359
232 261
108 317
114 143
136 303
136 322
97 382
68 240
85 331
129 295
147 195
79 129
70 217
27 32
97 359
256 388
38 282
138 398
205 265
237 341
114 203
361 368
193 197
227 277
98 173
192 234
119 173
289 327
244 357
252 395
31 78
105 117
216 397
115 335
49 272
111 275
318 395
54 135
11 239
30 266
9 31
181 253
240 352
236 258
291 362
210 260
34 39
34 179
208 370
12 283
233 353
95 244
22 313
295 390
44 237
298 315
50 342
354 358
81 299
128 354
79 120
311 325
72 370
361 382
134 361
355 382
163 274
243 246
82 210
9 349
126 380
28 378
122 340
282 314
50 214
10 230
109 252
118 345
3 19
81 88
66 340
136 183
62 222
263 337
205 231
214 305
106 362
264 341
213 288
50 264
147 259
23 154
119 298
14 77
3 171
360 398
59 138
95 247
75 181
134 382
241 352
334 360
44 59
224 250
96 379
87 360
355 359
138 348
156 259
206 261
110 346
245 352
46 199
166 320
145 264
58 70
66 348
371 376
199 330
139 203
339 396
40 96
276 397
120 202
142 174
201 381
35 217
162 242
127 203
1 126
84 201
112 309
345 386
134 290
62 231
239 377
381 390
47 383
23 277
49 160
38 307
59 113
30 340
279 336
27 150
182 335
164 234
69 260
180 200
155 264
97 118
13 245
24 141
24 399
308 310
79 381
310 325
16 72
25 381
174 218
215 306
119 238
181 309
204 313
123 273
172 200
83 176
118 270
46 330
31 221
18 302
177 353
280 344
46 397
98 313
349 367
178 259
279 325
72 130
373 379
79 165
61 350
141 313
36 101
15 282
275 293
35 54
7 314
281 320
139 185
201 374
69 82
251 362
0 130
305 391
245 335
89 324
116 295
45 244
216 388
194 276
186 214
341 365
234 237
152 167
79 295
254 396
218 382
286 365
302 328
60 200
12 70
106 224
15 278
50 237
185 296
85 367
142 361
332 337
31 367
222 330
184 307
245 376
182 212
114 309
53 284
78 396
31 349
74 112
66 122
52 176
249 281
0 208
148 290
266 394
2 137
293 362
55 60
112 340
197 249
257 336
191 317
23 104
61 309
133 134
198 206
63 70
19 254
54 258
228 254
335 358
11 93
26 213
282 307
150 161
10 56
341 347
92 204
204 399
73 190
131 366
186 342
180 303
23 40
158 260
111 224
57 152
193 398
99 338
73 393
143 253
2 253
87 197
108 271
137 356
17 363
127 230
52 146
132 397
65 81
243 292
277 292
203 340
42 310
188 396
86 134
19 221
97 361
103 331
205 335
160 220
3 254
18 187
65 336
221 312
95 364
138 365
2 123
37 71
193 255
111 219
145 341
115 268
262 369
34 270
187 209
80 177
139 340
50 341
180 284
198 287
136 172
225 307
51 133
86 228
64 73
28 312
74 344
212 268
187 337
155 186
50 365
172 208
28 305
200 333
202 318
28 151
211 370
6 108
87 384
24 119
194 397
56 127
174 361
210 300
156 157
134 349
7 38
306 320
123 181
224 336
37 289
53 110
113 365
18 238
132 388
118 393
65 301
170 304
23 96
145 342
327 337
90 323
83 251
167 382
47 174
27 147
238 298
32 226
43 192
166 317
136 200
16 108
55 346
89 153
151 228
248 325
227 385
86 323
51 118
14 189
121 310
79 201
258 294
182 272
8 129
94 259
161 177
348 365
272 358
191 211
163 243
106 176
24 173
17 91
80 195
241 376
262 338
45 278
257 291
326 370
46 132
248 299
128 371
224 293
118 359
19 78
12 304
141 269
151 254
61 280
143 389
91 374
65 140
294 351
131 333
253 373
9 134
60 131
129 165
64 190
74 122
80 178
27 77
340 350
19 367
57 323
32 157
133 218
1 385
192 266
7 307
5 10
56 219
10 127
63 283
250 275
0 21
195 259
206 287
50 305
123 163
18 119
278 351
74 203
93 131
76 369
276 395
77 150
171 228
169 270
233 238
33 242
4 128
142 218
166 215
78 188
107 255
343 369
363 374
149 268
180 322
48 107
274 309
60 172
87 334
90 152
68 160
61 274
95 357
114 122
243 380
261 314
178 195
3 396
176 291
18 209
318 330
168 377
12 170
60 169
50 387
0 326
368 382
161 259
53 190
166 384
53 346
135 364
320 331
152 323
94 156
25 120
105 154
78 85
27 84
19 188
10 83
103 317
47 152
9 367
83 285
23 126
152 382
199 256
229 351
244 258
179 270
126 227
52 111
255 334
354 376
186 305
46 109
24 269
286 391
20 70
143 185
278 300
15 38
11 324
300 307
89 304
114 340
274 344
40 105
20 217
57 167
334 384
193 285
216 240
35 258
149 196
30 192
148 174
93 136
142 148
19 290
224 291
59 66
164 321
59 365
262 299
48 384
125 311
157 226
239 366
120 374
125 325
67 260
52 251
4 10
79 390
7 37
107 146
279 369
64 393
141 315
72 76
130 211
74 235
187 375
131 180
244 294
294 357
53 207
39 270
132 199
359 361
0 211
251 291
142 382
245 272
187 332
156 161
124 345
33 153
29 256
22 98
351 357
5 219
262 328
165 395
110 190
48 146
120 222
183 377
21 108
279 343
190 393
263 289
237 266
45 300
110 124
161 308
106 293
106 251
32 84
395 397
25 363
54 247
188 367
24 298
115 272
141 173
250 293
61 74
1 23
223 348
133 355
325 392
111 251
206 314
7 210
21 271
55 200
207 326
153 170
22 315
81 271
131 183
39 60
117 243
328 369
23 380
17 100
283 304
266 342
95 135
165 202
119 233
329 337
183 242
331 367
216 256
194 202
45 210
11 242
120 381
102 239
119 141
121 205
108 191
121 156
331 360
68 220
69 307
92 326
155 237
341 342
12 324
81 338
0 271
13 352
101 168
100 332
115 250
21 99
301 336
148 382
47 359
119 302
41 303
48 223
146 176
170 204
40 356
99 262
82 158
203 309
40 379
98 141
209 263
165 288
209 233
117 246
139 175
32 80
23 105
211 326
27 156
267 295
82 357
268 335
24 315
81 301
257 325
266 387
37 206
194 252
255 384
114 253
197 334
187 233
46 216
76 81
179 386
98 399
208 322
230 280
27 189
69 225
10 280
32 156
88 271
269 399
97 174
13 358
93 180
25 201
140 369
69 158
122 274
197 320
8 79
44 266
201 390
221 349
34 51
98 269
273 274
250 268
89 283
71 298
1 372
174 359
9 188
77 177
44 50
131 168
162 183
11 33
86 90
323 382
32 177
122 203
99 130
206 329
237 342
118 133
34 393
70 170
124 393
193 360
167 383
12 33
25 374
53 136
32 94
245 358
26 288
212 358
274 350
180 346
82 300
177 195
212 335
281 317
289 332
143 175
5 111
236 294
149 250
82 260
157 195
52 285
339 378
59 347
194 395
97 355
33 283
286 316
135 258
198 282
42 125
3 9
35 247
21 130
87 249
173 313
162 324
54 294
23 117
14 263
336 343
263 327
197 331
72 99
295 381
75 163
230 273
188 331
293 336
67 158
268 272
22 144
41 162
158 307
125 257
29 46
161 195
145 164
54 217
309 350
267 381
194 213
386 393
102 377
105 137
299 338
131 377
240 388
79 363
158 304
72 211
104 117
101 102
18 298
14 233
32 392
10 273
78 249
133 142
54 95
44 192
379 389
93 183
127 280
59 348
87 166
142 368
176 275
252 397
93 303
303 322
104 380
84 150
157 392
224 275
137 379
143 321
102 366
160 335
41 92
229 357
22 119
151 378
35 63
155 214
6 271
203 235
62 226
272 297
176 251
139 350
114 181
251 293
133 148
81 369
71 287
259 392
151 171
216 252
83 111
135 244
39 179
176 224
23 137
157 161
166 306
64 345
307 314
310 311
181 185
79 374
231 272
117 126
191 271
16 326
249 331
93 377
34 386
210 357
104 154
192 264
180 183
28 186
252 276
246 277
195 353
251 301
27 195
61 235
322 346
374 381
99 369
81 336
178 392
93 242
188 254
28 214
290 349
6 306
35 364
19 31
26 202
89 242
235 344
159 204
111 362
188 221
129 288
257 343
28 391
227 292
356 379
3 188
44 387
200 346
116 267
38 198
106 275
287 298
96 154
115 205
200 284
50 155
2 75
30 175
52 56
51 97
225 300
221 254
241 358
21 191
136 208
63 247
257 311
112 122
110 281
71 261
240 297
40 137
340 394
15 45
171 312
16 211
63 364
69 184
26 194
352 358
18 233
222 226
49 205
80 226
311 336
185 309
31 396
8 288
237 387
175 321
44 264
108 306
191 207
30 234
25 390
255 285
56 344
257 301
163 277
316 339
16 208
112 280
196 212
4 230
121 125
182 297
46 252
229 278
24 98
107 384
145 234
95 294
86 382
43 234
171 254
159 399
51 359
42 311
98 315
175 296
172 346
212 376
93 101
160 205
21 211
145 237
146 291
29 132
37 198
143 373
8 318
90 228
271 369
31 188
147 157
121 392
117 380
57 383
47 323
140 343
356 373
299 328
106 250
156 308
85 188
214 342
91 120
100 267
11 36
135 217
212 245
252 330
200 322
3 86
24 313
88 369
27 353
117 277
299 319
278 357
224 257
283 324
0 191
291 301
198 232
373 389
81 257
178 353
227 380
315 399
206 232
182 245
48 255
338 369
265 335
102 131
253 321
215 320
101 333
2 185
178 308
210 229
64 103
35 236
47 97
255 360
125 310
85 87
331 396
194 330
236 244
42 279
102 168
37 261
44 113
316 360
276 318
115 265
184 261
254 339
291 336
34 169
95 258
27 177
347 398
71 198
170 324
108 140
100 327
113 347
22 173
32 150
41 211
264 342
5 230
0 6
136 346
143 296
16 191
151 391
139 296
354 371
109 330
14 187
139 309
138 347
207 322
3 367
61 127
333 366
105 356
165 318
278 307
76 319
124 386
137 154
132 216
9 148
153 364
49 231
275 362
106 111
22 298
230 344
97 368
29 199
36 58
208 326
174 382
20 63
87 193
139 274
296 340
236 247
97 148
40 154
335 376
107 193
30 43
196 268
249 320
17 79
169 386
78 290
20 58
286 339
63 153
71 206
237 264
270 386
135 294
56 230
224 362
222 276
217 236
214 264
60 284
127 235
75 123
120 201
17 374
121 259
250 311
104 227
286 398
117 227
273 309
195 308
208 211
267 363
241 354
65 271
189 195
4 273
97 133
127 344
65 279
81 140
191 326
51 179
35 95
157 178
225 260
46 256
144 206
344 350
64 110
94 147
47 167
83 219
138 286
162 370
61 112
100 375
186 378
65 343
67 225
88 130
251 275
308 353
321 389
7 206
19 228
286 347
80 84
73 345
5 268
177 178
182 376
247 364
189 353
327 329
217 364
104 385
9 78
134 148
16 370
153 283
138 341
116 165
323 368
63 217
23 385
93 162
76 130
73 103
48 197
31 134
279 301
168 366
202 395
128 376
126 385
180 239
283 364
42 336
27 80
43 164
109 216
103 281
11 101
94 392
160 272
122 394
151 221
126 243
27 308
209 353
188 349
48 285
51 218
146 255
123 274
135 236
166 255
14 209
27 161
73 290
199 216
248 311
285 384
196 335
157 259
113 138
203 344
176 362
51 355
235 350
150 201
32
82
110
31
128
109
140
152
127
97
202
96
205
134
153
88
151
63
56
60
63
64
55
79
196
74
156
204
97
95
38
42
104
93
137
143
113
167
78
168
90
117
171
14
159
114
59
89
89
69
67
145
167
57
152
218
104
191
179
34
155
48
34
163
13
102
30
216
83
136
118
65
272
183
103
83
107
173
47
203
25
61
153
93
75
153
140
52
18
180
126
72
36
96
139
87
61
120
114
96
22
95
30
83
64
127
82
17
171
137
89
44
84
201
95
23
184
151
129
15
151
15
186
58
114
179
92
45
98
61
106
98
178
212
152
40
161
21
146
84
40
216
73
122
62
102
58
127
146
70
122
145
37
64
55
68
77
212
63
83
198
44
51
56
120
164
63
57
139
52
215
91
298
167
109
174
50
169
81
56
29
52
137
263
43
63
114
108
164
52
28
96
73
126
38
97
32
123
57
39
22
159
58
68
111
131
141
92
110
183
143
57
116
134
124
80
187
194
45
135
27
47
71
114
56
67
173
73
123
90
152
52
98
75
70
157
130
112
117
86
55
100
137
64
162
100
138
87
67
46
95
114
110
82
137
105
40
182
60
182
185
107
51
108
53
237
109
42
140
129
47
102
166
132
44
53
25
135
109
118
123
22
93
108
61
104
114
101
171
55
69
49
61
78
112
134
146
158
83
88
41
94
109
105
59
136
124
90
110
147
131
159
73
21
99
158
59
62
83
170
176
127
15
127
161
135
149
113
111
75
63
124
63
196
91
104
183
26
147
96
39
91
177
50
62
64
44
118
89
126
48
90
136
106
92
106
95
84
71
133
41
53
56
170
94
110
91
116
6
133
104
158
21
80
197
115
64
163
98
101
131
51
158
100
36
127
73
30
121
37
143
127
79
220
98
30
41
109
145
69
35
67
151
76
113
95
64
44
113
125
142
90
91
131
61
19
210
62
71
74
183
89
102
174
46
173
42
84
166
124
80
51
51
150
147
119
64
38
141
13
50
183
66
65
119
168
85
54
181
69
131
115
59
136
123
123
135
136
108
142
97
123
184
126
205
42
166
76
104
206
101
68
68
205
75
191
55
156
139
110
200
79
103
185
134
166
37
103
178
10
112
188
25
279
139
62
140
168
70
128
106
79
79
185
114
115
120
139
64
95
107
46
41
158
154
201
125
65
89
23
73
239
29
25
163
108
84
208
99
84
126
109
61
61
151
107
95
175
97
111
130
126
171
124
186
103
87
134
70
115
85
118
62
175
59
73
143
187
79
169
84
97
35
163
114
57
147
16
130
130
77
29
89
55
110
33
82
190
138
110
107
111
25
24
9
72
43
131
42
123
234
42
102
150
146
105
143
200
106
85
129
93
54
128
34
83
99
79
84
165
63
77
134
65
95
65
100
84
44
60
96
150
169
129
142
138
157
77
205
93
52
135
98
89
27
145
62
63
62
34
97
86
139
43
98
170
43
158
71
117
55
122
100
58
129
240
81
89
100
122
10
232
138
54
77
27
145
159
119
21
176
151
79
62
39
19
147
118
175
91
122
95
123
109
132
98
275
59
94
105
46
126
100
52
179
111
36
72
93
128
151
66
16
106
107
45
75
136
155
135
131
117
134
27
94
29
39
141
61
155
35
149
132
29
191
150
88
66
134
74
44
172
163
104
40
64
200
77
214
102
128
76
87
131
76
91
80
156
146
123
30
104
96
67
60
112
163
183
57
57
131
29
54
55
19
137
92
170
44
53
19
85
147
42
168
45
67
142
132
62
26
37
41
146
161
26
123
182
178
169
148
96
32
43
40
139
150
94
171
22
83
40
131
150
127
147
85
117
57
57
74
141
145
136
39
48
45
30
32
53
30
116
85
100
81
157
137
171
86
91
69
24
84
67
76
25
80
25
59
221
189
73
131
44
118
79
155
127
148
125
86
71
32
61
90
81
223
41
104
71
183
202
85
199
62
149
23
184
227
153
237
112
122
118
107
69
167
59
173
62
77
63
94
152
92
46
124
72
99
94
48
73
45
117
118
133
158
42
70
107
33
64
158
69
46
34
169
144
118
141
46
111
143
187
82
66
134
42
160
47
61
67
121
72
212
216
34
62
79
195
56
185
16
127
135
66
146
17
64
136
125
62
77
201
73
93
84
75
72
75
82
60
75
78
74
133
62
69
43
43
140
150
34
136
65
134
159
75
89
56
99
116
27
88
133
51
87
78
162
105
288
72
53
73
98
26
70
95
137
76
56
53
100
62
89
128
89
56
161
104
48
166
77
105
110
137
124
84
203
61
121
122
72
75
131
27
32
67
70
105
60
108
130
75
34
80
101
158
61
51
67
136
78
195
195
106
95
69
118
73
126
53
131
111
84
170
148
55
145
48
62
24
57
93
160
37
35
109
84
91
95
155
169
120
77
94
142
204
110
178
39
108
90
72
97
106
153
164
90
21
86
164
9
183
23
110
161
102
16
26
213
60
125
60
324
179
92
124
95
79
158
64
55
126
99
126
57
163
210
172
115
61
181
145
91
100
65
80
116
49
89
96
57
40
118
85
141
77
53
72
87
182
135
14
181
110
25
79
142
52
110
124
177
84
64
64
262
106
81
94
55
219
157
153
121
57
139
89
115
80
68
98
31
27
56
66
57
119
96
157
91
158
107
74
126
120
77
102
95
133
128
94
56
155
117
112
89
177
133
102
38
32
156
99
31
59
39
59
12
166
24
194
85
97
162
51
118
135
16
114
62
147
68
126
121
220
174
78
42
46
250
91
49
70
149
83
132
75
188
125
165
58
149
91
69
92
109
54
61
46
52
91
11
65
141
75
118
17
24
102
187
190
46
90
93
76
85
187
116
157
93
143
100
121
102
141
193
68
58
144
196
20
173
146
60
101
128
64
29
24
179
112
85
65
114
75
171
18
231
93
140
141
80
141
79
100
126
110
33
115
127
70
34
57
109
123
78
69
95
70
62
128
97
121
66
65
34
82
150
71
140
70
67
85
150
78
77
64
107
131
25
66
88
144
70
141
39
75
188
37
82
120
189
163
120
220
80
73
119
54
161
86
74
19
100
131
150
169
104
69
96
136
92
121
94
129
73
48
55
81
158
104
69
141
106
155
142
106
97
110
76
173
165
75
72
201
115
98
101
187
141
63
120
49
57
188
92
112
172
126
156
128
141
56
110
133
48
164
192
92
39
79
52
96
31
44
141
159
67
22
99
202
81
21
208
51
108
54
78
37
124
153
28
153
139
126
47
121
95
16
18
27
83
63
47
95
67
160
69
119
68
137
190
55
66
77
126
80
94
116
58
128
58
62
135
99
54
76
134
52
56
149
84
58
147
109
165
58
180
116
165
94
145
95
58
39
64
109
133
195
37
156
128
118
105
187
99
91
53
83
98
128
185
126
46
201
172
86
80
48
98
50
83
92
36
71
180
127
98
156
99
79
61
119
91
140
161
142
67
107
78
60
182
182
112
22
61
91
132
125
152
58
75
72
30
161
46
128
183
81
107
178
66
184
138
129
146
99
185
162
189
36
80
59
78
38
83
19
35
74
184
18
33
115
100
124
26
116
16
57
107
126
189
34
94
59
156
87
36
105
162
87
85
55
42
26
69
72
139
103
122
59
208
45
110
133
100
162
135
96
107
30
187
34
58
52
118
120
97
74
115
104
133
49
53
171
75
28
56
128
102
132
131
34
148
209
49
79
56
41
270
118
52
25
61
203
175
69
66
179
42
142
92
20
245
110
31
73
238
138
110
40
105
89
121
85
125
155
125
121
135
152
49
117
90
34
217
76
99
43
16
50
64
109
83
136
61
124
100
67
127
156
119
132
55
178
47
91
127
135
64
104
85
123
99
88
146
59
28
103
102
128
147
69
61
40
43
94
187
139
95
89
48
27
87
68
45
132
151
64
114
109
206
204
33
227
76
110
124
30
25
67
18
92
140
30
128
17
136
82
148
62
60
109
87
52
119
143
71
127
47
151
99
123
87
136
72
185
24
79
89
52
71
116
75
167
119
60
44
60
104
84
274
160
108
115
85
65
42
22
101
143
182
203
183
134
139
105
44
38
75
28
79
114
139
148
148
85
82
11
127
142
36
109
151
11
56
83
179
45
143
100
59
108
82
100
83
79
222
190
55
52
162
70
99
81
245
62
114
33
102
123
93
184
85
189
26
44
35
84
161
160
77
73
64
88
78
149
71
87
185
227
210
176
80
110
47
94
85
107
69
88
72
73
26
84
87
125
46
227
170
70
33
123
80
142
101
89
188
102
114
96
117
55
105
79
250
132
152
75
31
81
87
53
72
66
83
98
82
14
55
50
145
42
107
142
86
66
46
123
139
44
101
80
91
109
137
71
234
55
49
80
180
47
95
52
46
231
36
38
108
38
164
28
75
80
89
91
43
55
137
181
194
163
54
72
97
82
85
86
125
193
38
115
56
62
99
61
119
80
124
180
124
130
44
157
146
90
122
45
129
93
15
96
112
138
95
141
25
34
105
37
145
93
122
