297 18
714 14
414 289
443 21
641 175
616 453
327 411
716 589
409 28
459 167
204 468
209 538
136 86
326 315
257 34
230 570
190 783
371 680
337 156
428 49
748 763
215 61
625 529
335 355
196 341
512 679
480 718
307 223
225 124
648 460
354 324
284 506
660 117
639 344
376 296
220 163
228 429
59 201
93 171
506 634
143 514
201 258
340 686
185 798
584 313
377 620
8 337
344 66
797 634
217 569
178 672
596 100
94 296
713 3
652 387
178 275
618 178
36 175
499 663
174 696
307 671
241 347
435 624
459 19
611 206
271 134
160 361
328 644
108 147
442 130
184 6
761 314
764 324
100 674
22 784
201 575
551 77
402 54
138 627
469 106
512 734
306 14
318 253
348 242
524 22
63 496
459 219
32 482
547 36
117 474
416 227
317 269
280 558
262 260
753 708
492 308
354 641
495 53
341 637
123 556
294 671
50 262
8 315
523 299
175 261
562 343
286 194
470 34
474 742
640 62
499 385
374 58
263 584
247 415
646 526
0 424
746 742
672 392
719 730
613 657
643 475
243 533
413 156
606 689
583 97
191 326
280 599
424 229
412 242
710 491
670 431
583 636
454 267
174 513
278 422
18 310
102 240
184 594
337 260
648 453
99 492
112 764
559 751
666 395
390 691
771 665
465 650
0 76
205 696
575 187
686 353
726 325
25 55
623 512
91 567
234 120
201 414
226 279
365 740
439 755
146 59
777 257
314 242
788 528
565 48
456 380
11 277
297 688
770 162
74 238
576 568
357 209
236 483
624 469
782 280
128 201
178 501
352 70
488 60
238 583
624 84
463 102
46 345
182 637
708 117
418 138
601 511
577 658
612 718
472 688
65 17
339 609
421 583
105 254
120 61
265 708
559 421
548 358
278 763
144 672
637 494
269 785
635 389
548 569
136 782
235 381
210 16
398 457
0 55
637 376
310 138
553 402
526 162
478 44
150 295
138 797
740 6
312 319
407 367
308 308
770 595
208 361
413 312
399 681
760 108
179 224
451 738
71 573
557 308
519 552
569 169
593 303
333 141
403 337
458 48
208 476
8 270
634 691
173 470
645 298
223 691
497 340
693 156
769 94
67 528
606 172
628 219
471 553
635 260
573 437
96 515
679 303
534 233
58 177
723 664
147 290
614 529
193 107
65 243
124 629
456 154
311 489
336 68
229 131
132 49
732 267
715 145
334 550
673 207
742 227
297 140
436 91
573 731
261 13
292 383
546 671
497 350
587 372
70 769
719 743
672 164
354 223
120 308
468 397
166 247
378 230
386 415
156 182
98 27
64 320
193 212
404 191
92 196
443 636
679 778
146 429
552 737
490 211
497 150
240 3
248 155
723 692
601 449
345 180
181 580
81 426
150 743
115 535
431 170
274 280
532 548
565 102
490 148
693 328
790 480
221 277
46 482
688 19
702 648
323 126
560 786
477 184
247 491
403 531
51 193
222 196
430 246
198 350
798 437
588 716
96 266
3 528
221 600
188 720
294 419
326 746
451 29
517 796
681 326
281 480
287 625
681 165
272 466
621 615
204 292
157 106
457 310
258 704
289 242
788 303
262 143
571 268
445 599
603 712
590 27
391 197
427 595
630 553
631 34
147 664
292 148
741 235
421 68
155 54
533 33
530 345
425 187
513 486
282 166
263 612
283 619
242 243
647 646
720 721
423 125
540 73
524 244
145 437
99 228
109 384
561 75
60 215
83 677
497 89
85 321
357 81
567 528
203 511
604 622
283 140
84 2
496 609
532 407
2 691
492 717
768 682
114 719
293 738
130 154
739 145
80 108
35 290
134 274
186 310
275 296
319 360
106 325
212 321
79 312
1 216
254 373
237 372
245 341
295 305
209 277
281 303
104 315
88 354
319 389
222 233
94 118
123 237
11 121
120 130
249 367
240 333
194 345
170 256
199 382
3 234
103 231
195 198
52 169
38 57
308 321
78 259
17 223
31 322
182 379
18 270
170 229
54 143
68 398
52 214
7 372
119 131
135 236
80 296
65 368
70 264
117 338
10 238
54 202
119 318
154 244
93 309
80 189
71 151
257 363
242 266
112 332
228 241
24 205
136 169
182 384
73 359
85 316
91 217
45 62
16 306
114 186
194 390
232 385
193 258
98 144
17 60
264 390
22 357
326 346
60 98
73 259
194 288
300 350
272 329
72 150
73 393
78 304
296 337
279 301
95 241
22 256
49 179
151 265
33 231
10 322
79 178
114 256
32 56
250 316
52 289
109 354
169 324
155 389
101 258
255 284
66 125
276 392
80 142
88 178
124 311
32 180
116 145
40 99
287 398
105 211
84 364
13 91
305 316
132 222
50 240
173 200
119 343
62 192
101 136
199 259
138 219
106 360
158 397
363 390
27 106
76 164
134 172
160 345
19 213
29 139
108 159
234 336
142 272
253 292
251 265
11 75
1 243
201 397
15 92
138 217
270 350
365 392
70 299
214 284
301 373
102 166
204 396
345 363
168 224
97 364
38 68
226 394
99 140
175 292
148 359
97 107
27 91
192 391
161 174
176 377
39 293
121 339
33 150
42 335
51 311
6 286
28 35
203 386
187 353
150 251
74 278
81 273
228 351
22 186
75 112
52 193
118 301
228 376
113 134
127 128
5 173
169 292
20 294
254 372
118 294
282 384
6 134
56 64
210 389
78 382
43 333
39 203
20 116
84 107
74 393
151 349
9 185
237 272
221 327
382 396
94 116
86 326
79 271
30 222
65 270
196 211
197 277
107 362
59 204
55 344
9 312
45 293
118 318
148 306
93 157
95 228
6 23
73 396
296 394
31 92
39 275
128 132
178 234
154 227
70 206
69 308
362 374
89 316
31 339
101 166
159 394
53 243
231 248
91 281
86 127
177 362
25 80
224 341
46 289
149 212
220 254
141 333
96 223
77 385
292 324
274 334
113 221
283 392
317 354
125 221
37 258
80 337
111 271
73 199
47 111
143 209
271 362
169 378
310 367
9 308
268 361
103 241
343 388
184 224
12 68
52 255
125 255
82 281
25 275
265 349
29 120
58 394
25 189
121 322
42 144
83 348
49 387
86 308
12 288
65 360
136 381
132 346
97 234
216 243
178 364
100 370
116 373
89 238
0 47
237 329
12 345
110 165
65 300
140 305
188 353
144 226
178 271
315 344
14 70
88 164
119 353
25 394
70 273
167 195
27 303
151 239
215 306
263 300
217 219
356 391
255 330
119 187
122 271
183 304
21 257
47 81
104 225
141 204
24 327
8 234
30 233
218 283
177 385
41 157
218 286
131 203
128 291
50 199
182 289
47 319
132 376
312 383
59 306
233 286
190 194
90 285
43 141
212 252
7 314
51 380
357 386
26 58
83 281
265 361
57 253
275 394
175 398
8 19
33 239
10 176
104 290
121 179
354 380
169 236
132 297
50 59
142 394
333 359
2 127
94 301
184 341
54 150
20 94
235 387
85 227
134 339
145 373
52 258
55 255
281 348
202 209
199 333
207 283
51 375
11 332
58 146
330 378
37 324
367 386
55 104
29 200
85 89
172 339
175 378
22 386
184 243
50 78
176 235
114 173
64 149
349 361
47 262
187 272
32 109
61 344
320 337
26 394
126 370
245 246
69 298
102 236
298 321
334 339
126 369
43 215
311 380
54 139
84 380
117 313
118 395
106 300
155 300
8 111
36 205
170 343
191 370
247 356
161 361
210 270
237 318
87 331
142 188
122 366
44 103
153 173
57 292
255 344
12 160
66 282
39 391
108 337
41 55
49 112
309 315
170 386
369 370
122 260
55 315
44 105
107 178
248 268
303 355
277 392
165 286
61 221
197 392
47 177
180 317
92 369
81 262
127 132
104 344
270 389
93 162
93 315
100 167
262 273
67 340
284 315
368 389
267 323
115 182
65 263
25 146
103 197
150 239
239 338
46 384
20 118
165 346
125 315
247 323
29 129
44 231
68 292
12 264
241 365
88 375
56 230
143 150
98 167
149 230
164 354
214 282
3 97
93 348
97 336
135 166
99 250
21 160
42 98
241 392
97 375
136 292
99 154
52 101
85 140
152 208
6 342
23 219
216 317
41 225
75 304
40 387
111 262
108 226
152 194
90 132
43 204
160 194
17 42
185 374
33 277
135 182
10 235
86 128
76 311
309 348
7 48
94 318
181 260
84 88
68 253
312 321
27 93
308 374
88 380
206 299
181 312
74 204
162 348
147 208
77 177
153 200
2 34
105 231
24 214
52 384
159 189
279 294
22 173
326 366
211 392
96 100
39 146
107 213
1 109
80 272
252 376
188 237
144 223
145 395
114 200
185 260
21 155
177 319
14 299
285 326
40 307
24 125
298 312
112 369
85 87
77 336
123 131
145 318
69 271
59 148
204 333
340 370
320 329
297 376
166 258
115 305
32 280
31 121
45 98
35 155
232 303
30 219
146 352
234 362
165 283
261 334
96 191
23 217
214 255
55 290
137 332
197 228
46 102
49 137
193 330
73 382
195 397
136 258
80 320
243 266
106 162
34 83
112 126
100 340
241 276
57 147
264 288
305 379
244 250
210 350
90 128
82 83
64 351
203 247
2 90
348 371
42 67
152 264
28 263
148 333
87 305
211 302
258 324
166 236
224 242
167 347
89 250
103 346
53 317
101 384
1 317
50 259
139 143
39 187
208 390
339 342
270 319
272 275
192 356
65 210
95 346
64 246
33 251
33 313
293 352
35 263
83 171
137 183
364 375
100 240
110 211
59 333
24 66
25 39
5 196
197 276
242 280
265 269
68 345
27 162
231 277
279 373
214 330
295 377
81 299
4 230
258 292
29 173
155 263
116 294
231 351
33 209
225 284
125 157
309 371
125 214
196 277
27 83
297 312
184 280
187 329
324 378
35 325
4 245
164 364
99 307
95 276
8 336
2 128
78 199
45 96
40 140
99 244
255 282
233 346
86 366
79 383
13 34
192 293
13 23
35 300
99 133
68 175
23 286
206 363
110 283
200 256
141 306
301 318
29 114
16 333
67 98
257 345
40 154
209 239
239 251
71 72
5 120
1 53
130 143
260 298
112 179
291 355
179 304
221 344
165 218
300 325
242 268
112 370
195 335
86 132
119 275
84 213
39 352
82 91
11 49
82 309
174 349
120 256
46 236
33 117
119 329
227 331
53 109
192 247
210 368
16 198
306 333
92 121
291 308
180 358
146 189
60 167
194 363
5 200
76 383
26 159
5 139
254 395
153 357
194 208
133 304
34 138
19 178
172 322
272 296
21 206
21 363
157 315
61 274
168 242
15 137
43 306
151 174
66 327
193 282
90 291
167 340
235 342
54 313
194 257
27 82
4 341
19 111
284 344
76 88
105 276
308 366
13 217
222 346
69 312
246 248
3 107
291 366
88 97
219 309
193 381
9 86
281 285
169 381
304 332
5 186
127 355
187 372
268 269
175 225
183 259
197 241
133 238
91 138
25 391
168 361
173 256
54 277
72 151
25 26
106 270
75 387
88 364
186 386
41 290
34 233
225 325
113 205
7 318
234 271
278 306
270 360
19 63
230 245
220 318
93 371
218 233
207 218
150 151
270 300
13 82
159 226
129 163
97 383
82 93
118 254
63 107
101 378
28 345
301 395
195 347
12 363
263 389
211 249
167 335
13 138
11 133
19 336
250 307
375 380
247 352
140 250
71 251
102 384
104 125
101 381
313 338
146 356
48 395
6 207
314 328
109 358
17 167
77 271
105 277
199 306
113 274
300 368
156 221
62 293
63 178
56 246
217 309
126 267
60 191
1 184
21 28
62 356
55 214
109 164
123 329
82 219
82 162
171 285
126 191
41 284
54 117
56 245
317 358
203 310
251 313
169 330
74 396
289 330
158 335
172 342
113 156
100 347
171 303
117 139
2 222
122 308
242 399
117 202
121 172
119 237
95 132
42 158
104 284
130 209
97 213
169 193
156 327
183 359
36 134
235 322
151 313
15 112
14 206
195 240
129 139
294 373
300 389
81 177
164 380
208 288
41 104
130 139
11 179
133 387
189 394
343 357
61 113
325 371
220 314
131 187
26 80
71 174
25 187
95 365
10 387
266 268
198 201
7 220
152 288
106 348
113 334
61 205
210 232
118 145
38 253
186 357
69 321
39 58
29 302
131 372
44 365
205 274
206 264
2 132
122 185
10 377
5 249
54 209
110 392
140 316
50 73
119 188
138 348
269 361
128 285
142 296
107 234
85 307
139 202
87 115
71 349
253 398
120 200
50 359
19 77
137 304
114 120
139 200
225 287
258 378
127 291
152 190
133 307
273 299
260 374
58 275
87 244
160 264
55 157
111 362
257 263
259 382
142 353
189 293
76 380
153 256
347 397
213 336
203 391
27 281
130 200
143 202
58 293
72 265
123 272
225 290
52 136
65 155
172 238
225 371
32 184
199 359
84 164
246 268
82 138
193 378
223 293
59 240
41 93
249 302
26 296
281 291
161 269
232 270
260 321
168 184
107 336
73 78
23 34
135 289
185 366
125 344
161 265
24 55
41 344
42 100
110 196
354 358
170 388
79 260
39 229
247 367
256 357
145 163
72 349
125 327
178 375
4 56
330 384
184 242
6 274
247 391
103 252
67 370
24 221
11 322
71 161
296 329
75 332
191 267
99 304
35 257
14 262
92 370
89 244
45 192
75 179
178 383
108 394
48 163
70 288
89 176
268 341
10 36
31 261
44 277
149 245
49 332
9 69
196 302
80 275
16 141
215 278
15 369
123 296
217 274
227 250
319 368
69 260
364 380
16 215
124 354
98 191
100 195
3 362
117 150
41 315
5 153
332 369
67 126
207 323
359 382
103 365
29 153
323 352
56 341
327 344
355 366
154 307
337 394
52 282
102 289
109 317
213 383
193 214
145 220
335 397
30 217
50 137
45 352
76 84
279 395
20 301
101 102
71 313
198 335
92 267
76 124
266 341
258 330
17 96
359 396
244 316
188 272
121 235
306 396
190 264
232 368
149 252
49 75
117 130
91 219
36 342
63 336
40 250
142 320
75 137
46 135
111 177
28 65
16 201
96 98
41 371
155 257
155 350
69 185
139 173
6 334
46 182
92 126
21 299
31 267
9 298
109 180
44 248
157 309
69 181
77 262
253 324
33 202
177 262
28 300
18 319
254 318
106 350
51 76
90 366
148 347
3 19
360 368
123 388
11 40
0 81
37 253
9 212
129 314
171 281
119 123
91 162
110 365
36 172
168 266
186 200
57 381
131 343
44 197
74 215
116 395
249 277
27 138
95 103
98 100
192 352
235 238
88 311
140 307
24 344
148 195
180 311
11 304
111 385
211 277
212 297
84 97
77 111
170 357
290 371
59 73
59 199
138 162
165 276
151 338
10 113
214 327
76 354
123 187
9 321
311 375
15 332
236 258
94 279
55 125
32 266
270 368
131 275
318 372
118 279
165 241
211 365
14 21
296 320
56 242
333 396
243 399
187 275
105 365
114 129
129 328
303 360
30 218
350 389
163 220
179 332
183 199
36 322
90 355
36 113
256 386
26 146
52 182
18 389
148 240
232 360
165 233
63 213
145 254
103 228
68 287
131 388
141 396
67 100
18 360
141 278
148 199
266 280
62 391
44 351
287 290
375 383
75 133
124 380
9 374
101 330
110 197
41 325
231 239
66 221
249 392
174 313
36 238
171 355
136 175
204 215
37 381
89 140
237 353
64 248
127 308
15 126
194 264
67 96
3 63
0 177
85 244
50 306
272 320
10 342
114 153
19 107
280 399
164 358
12 70
259 359
20 279
147 152
164 311
33 54
292 378
200 357
12 398
18 303
126 340
151 251
44 239
86 297
244 331
138 171
213 364
51 180
254 279
32 242
22 200
187 343
203 229
72 174
336 362
8 63
122 291
15 121
352 391
239 248
197 365
333 347
79 298
382 393
224 399
32 341
37 292
188 329
136 378
162 281
13 30
56 149
158 223
252 297
319 385
70 363
310 391
184 317
175 284
220 395
214 344
153 386
75 121
210 319
63 97
80 394
181 213
71 338
67 167
354 364
49 369
75 183
119 372
239 313
200 302
103 376
160 288
116 279
179 369
186 256
9 366
101 289
38 324
209 338
77 362
167 397
146 223
37 378
114 357
123 372
64 268
204 306
13 309
38 381
215 333
160 363
156 295
138 281
290 325
5 302
50 148
49 304
30 138
50 333
293 356
54 338
15 75
82 348
373 395
289 384
51 124
183 240
130 202
26 226
53 216
19 234
229 367
3 8
61 125
85 305
0 273
350 360
66 214
79 181
55 225
123 188
276 346
162 171
51 164
28 257
207 286
232 389
43 201
344 371
83 162
271 374
150 338
83 285
157 344
10 156
59 359
10 172
202 277
123 275
260 312
21 264
14 273
80 226
139 302
15 304
48 94
32 245
11 172
33 44
48 254
55 282
23 218
55 284
45 191
5 29
11 137
241 346
40 176
30 91
230 311
142 337
27 348
103 276
101 193
97 178
251 338
25 296
276 365
79 374
60 347
198 347
156 205
66 379
197 211
260 308
117 209
172 387
83 303
104 157
127 326
284 290
60 96
120 173
4 280
322 342
110 241
13 219
352 356
212 230
104 255
0 299
160 257
318 373
71 265
163 314
51 245
282 330
322 387
2 326
7 254
216 224
185 271
0 262
29 130
64 245
238 387
30 34
89 377
83 91
145 301
45 356
40 133
193 292
105 110
40 238
21 273
26 108
282 289
144 158
4 268
119 388
268 280
242 243
151 161
134 342
25 58
280 341
229 310
266 399
190 208
16 43
69 374
166 289
47 385
196 392
224 243
87 316
28 350
33 143
372 388
262 319
60 335
66 295
179 340
72 161
252 351
62 223
11 15
206 273
351 376
8 362
164 375
4 149
84 178
237 301
345 398
80 329
212 298
19 362
234 383
222 326
37 38
112 121
246 351
84 375
254 301
45 144
4 242
10 133
62 352
199 396
288 390
42 167
67 191
36 156
201 335
124 164
6 113
20 373
275 329
3 178
99 227
12 194
69 122
42 223
26 189
90 308
58 80
89 295
261 322
7 163
186 302
9 297
11 387
136 193
196 197
272 353
118 373
3 213
22 114
52 330
181 271
150 202
187 237
32 51
163 328
147 190
204 278
253 381
172 176
174 269
94 373
48 145
136 330
65 319
130 173
60 100
137 179
360 389
263 368
178 181
120 153
190 288
161 349
86 321
69 79
108 189
179 370
117 143
175 287
86 90
124 180
23 233
91 93
323 356
37 68
174 265
227 307
42 60
37 169
78 359
133 235
160 206
148 183
103 351
4 246
91 348
166 182
16 204
65 350
316 331
170 186
120 302
173 249
190 363
150 313
181 383
169 253
103 105
132 326
87 140
185 308
156 377
292 398
38 287
94 145
18 232
50 183
218 222
295 379
72 328
154 250
127 366
156 238
240 347
27 171
128 366
8 77
193 255
85 331
229 386
61 327
180 354
318 395
201 347
157 371
210 360
51 358
276 283
126 179
228 231
96 144
269 399
72 313
171 291
58 391
64 230
343 372
56 280
60 195
105 241
308 355
14 81
105 228
101 135
248 251
47 77
34 222
116 301
285 355
74 141
66 156
39 189
350 368
258 381
46 166
140 244
110 276
83 138
31 342
112 340
168 399
278 393
176 238
329 353
134 334
51 109
393 396
15 387
87 250
48 220
38 398
152 390
22 120
7 357
297 321
46 115
189 226
146 394
17 158
149 246
105 392
21 70
105 351
42 397
116 118
9 122
4 64
23 274
98 340
17 45
90 326
120 129
126 332
296 353
44 228
191 340
36 235
101 236
168 269
238 377
104 214
198 397
121 387
153 186
241 283
89 305
147 288
9 260
170 203
146 192
4 32
288 363
261 267
247 310
122 374
59 183
105 197
181 234
264 363
261 342
38 292
92 179
134 205
213 234
245 268
228 277
22 153
318 343
379 384
59 396
262 385
0 14
297 298
120 139
321 366
293 391
60 340
109 124
175 193
285 291
41 214
190 390
156 235
20 395
42 96
113 342
3 77
58 189
238 295
263 350
70 194
17 98
187 188
17 144
19 271
178 213
173 302
29 143
60 397
100 397
128 326
172 235
188 296
199 240
334 342
139 153
76 364
124 375
169 258
264 345
28 155
18 210
35 350
60 67
300 360
229 391
378 381
281 355
12 257
95 376
248 351
2 346
115 316
146 391
160 390
160 190
168 243
91 309
37 136
180 380
181 362
11 176
33 338
5 130
305 377
60 370
15 179
98 223
341 399
196 249
275 353
45 67
40 89
122 355
167 198
265 313
178 336
228 365
52 135
192 323
176 387
181 374
183 332
324 381
205 221
102 182
70 160
184 266
94 254
3 336
138 285
89 133
205 327
78 137
36 334
123 353
25 108
242 341
146 293
232 319
187 388
35 65
38 378
260 366
106 368
261 339
210 303
215 396
116 254
141 215
38 175
15 49
1 358
18 171
102 135
78 183
54 130
120 186
63 234
315 371
322 339
127 285
56 268
2 233
18 368
137 259
170 310
85 250
229 247
45 223
98 370
133 176
24 61
340 369
37 57
65 389
71 361
150 209
135 384
278 396
92 112
49 121
90 127
140 377
23 30
89 307
131 170
31 172
57 324
310 386
125 205
101 169
128 355
244 307
71 328
11 235
53 358
173 186
86 376
174 361
277 365
184 399
162 309
94 395
17 67
292 381
245 280
106 389
113 339
154 259
64 280
377 379
224 266
246 280
142 329
130 314
129 130
227 244
62 146
212 312
76 375
77 234
195 201
85
73
41
137
94
69
134
113
100
66
134
108
87
124
113
90
107
79
71
71
53
62
69
117
81
86
173
126
80
31
116
64
134
78
65
30
47
64
92
82
166
17
52
83
231
65
104
67
88
156
123
86
36
246
96
30
104
103
186
36
73
177
65
51
126
111
28
106
154
112
54
72
194
104
203
106
98
47
104
127
67
109
50
55
152
234
89
118
103
80
28
29
123
85
134
146
39
216
112
96
97
122
64
61
52
64
74
53
187
55
82
185
62
106
119
25
126
86
173
88
82
113
75
61
116
75
138
139
159
90
61
121
144
105
19
99
35
65
64
163
111
255
57
141
85
89
83
104
119
29
65
89
87
59
111
58
128
203
55
172
89
85
83
70
155
102
93
128
76
55
153
65
120
166
148
143
87
75
84
102
90
110
130
84
29
28
132
71
186
158
61
55
70
46
114
226
174
45
164
188
115
64
124
26
156
96
40
95
179
57
47
122
109
265
52
98
70
235
99
70
165
152
75
133
103
58
80
33
36
82
98
125
145
34
96
165
194
60
85
76
80
56
178
92
161
190
137
172
137
60
98
99
98
98
91
73
111
104
75
61
40
40
66
98
46
196
89
24
72
136
84
144
113
52
129
37
134
98
66
54
163
171
61
123
43
117
128
74
132
88
148
59
76
131
112
42
129
91
106
22
164
157
44
95
32
72
111
156
81
143
195
160
65
15
163
162
83
179
122
98
117
51
47
18
129
144
72
22
43
87
187
144
101
93
93
109
141
64
98
109
42
85
120
373
112
99
153
45
56
25
104
120
38
125
53
66
131
83
210
80
50
130
191
165
87
58
139
161
74
138
128
215
161
86
74
26
165
96
181
134
36
89
13
187
38
56
138
108
92
72
142
171
63
114
101
94
24
111
162
87
128
26
24
79
132
100
58
126
56
132
42
124
143
79
157
91
92
127
87
79
59
144
102
32
135
121
163
38
176
122
173
95
39
122
42
90
37
139
159
114
22
54
87
37
62
187
107
147
82
55
123
9
151
77
138
139
115
39
81
110
20
236
111
101
45
211
208
54
165
138
152
96
232
85
87
86
208
134
20
57
106
41
92
127
48
78
27
42
34
169
79
116
101
138
148
70
187
145
77
36
144
100
30
191
157
128
88
47
138
86
49
173
86
102
66
96
14
163
83
18
61
81
78
247
221
94
49
172
81
65
83
97
78
94
230
43
57
55
61
83
51
65
53
184
90
118
79
51
154
61
30
183
147
44
79
36
27
97
120
154
162
38
105
78
47
8
59
54
106
89
75
90
86
239
16
180
71
95
216
88
50
101
62
76
99
90
60
36
194
87
84
14
181
96
112
44
109
28
24
60
101
157
148
123
134
66
74
27
315
69
145
78
67
25
95
206
79
146
95
122
276
11
76
134
175
143
16
139
101
46
117
61
179
55
146
144
89
150
25
54
87
15
90
57
28
129
140
102
73
34
99
78
86
114
56
87
67
86
143
55
73
132
55
124
26
98
9
198
97
77
47
36
114
82
34
49
133
49
107
69
79
154
65
96
136
90
78
101
47
98
116
50
108
57
77
147
50
67
52
88
80
103
102
55
198
170
168
79
74
98
59
76
105
106
44
87
221
197
56
13
59
11
92
92
40
14
154
88
152
116
82
92
192
122
177
137
158
19
82
79
72
115
165
155
188
138
102
73
111
104
71
83
37
76
98
53
61
47
143
165
42
116
78
122
138
113
182
38
33
57
104
6
83
142
112
119
207
82
60
77
157
191
173
86
86
92
129
79
110
182
47
23
100
96
76
78
55
165
121
89
140
36
78
113
119
69
202
170
145
98
108
45
47
181
192
78
191
49
112
62
78
22
49
124
58
107
59
168
141
85
12
43
83
229
46
36
196
145
118
85
29
179
59
151
77
50
106
132
132
22
111
83
75
144
125
101
83
44
21
122
36
107
225
99
58
30
101
164
139
82
64
109
109
95
105
150
80
70
32
118
94
104
94
198
274
104
65
37
84
78
69
22
59
84
56
49
28
162
71
61
68
277
142
97
101
84
59
36
165
42
40
137
49
81
60
72
169
50
153
32
37
78
119
104
89
85
104
72
112
184
126
106
195
48
213
36
32
136
77
72
76
162
91
348
43
53
59
160
154
75
169
38
133
130
137
118
64
47
124
63
135
94
67
57
124
66
121
115
66
33
118
100
34
57
54
119
160
82
16
82
40
47
126
123
161
37
206
27
90
59
42
118
43
109
56
48
135
100
41
87
53
140
43
51
57
60
178
142
114
10
21
61
32
128
74
151
52
146
155
73
44
86
40
102
166
72
25
57
127
29
46
106
129
79
45
163
66
62
72
101
142
51
86
141
133
72
46
109
92
62
105
169
81
166
73
233
175
66
310
33
42
102
48
108
84
112
180
127
97
23
103
125
69
56
62
121
83
128
70
129
161
59
79
71
201
207
164
119
92
78
72
72
71
98
76
203
135
151
105
122
74
188
135
60
70
115
182
56
84
53
122
65
64
119
143
105
188
103
106
141
118
148
101
73
146
46
76
189
64
105
152
45
97
227
71
127
234
169
142
193
64
116
74
48
49
71
130
77
47
144
118
129
131
65
32
62
83
133
31
59
81
46
79
39
73
196
25
111
100
37
38
68
46
61
74
65
104
69
39
189
77
64
90
37
66
25
77
94
55
122
84
51
162
78
39
142
107
11
26
154
131
34
79
41
73
93
118
96
119
94
109
211
69
121
124
51
169
53
38
109
62
118
153
112
88
71
118
61
44
57
82
101
118
95
85
141
131
115
148
78
97
31
85
57
162
57
56
64
76
146
98
37
78
173
102
66
194
160
69
39
68
170
302
137
180
52
174
62
115
127
99
33
121
195
180
89
22
115
175
62
140
52
157
75
47
51
94
90
139
72
185
130
72
71
183
34
65
75
116
69
147
85
87
233
187
83
140
39
35
52
45
140
107
118
30
65
45
96
70
152
143
134
52
107
82
70
261
42
60
48
162
48
48
157
120
70
37
93
85
96
160
82
74
52
195
90
79
138
93
62
132
137
61
42
57
81
45
95
131
180
55
135
92
54
27
95
76
64
198
96
105
102
77
153
136
116
124
172
68
47
126
39
144
212
61
98
141
97
65
84
140
85
120
65
53
62
64
147
68
69
45
139
200
101
74
59
173
44
145
120
231
29
88
53
81
41
41
40
191
84
113
154
37
76
144
41
36
160
60
51
63
38
164
77
109
120
41
86
88
15
127
31
108
62
171
81
62
134
152
106
70
88
63
79
38
68
86
40
149
89
53
127
28
168
93
132
172
113
165
123
216
143
123
41
69
75
77
112
63
145
83
82
55
166
102
20
61
163
39
134
86
136
106
107
53
45
79
120
127
114
21
131
59
23
56
97
86
25
41
126
67
108
161
152
156
69
92
84
88
122
86
145
86
177
39
59
111
52
108
65
82
132
58
170
100
93
147
35
113
125
87
97
115
141
226
56
23
11
18
49
87
19
42
80
48
57
31
15
103
125
115
65
188
175
166
127
148
70
55
113
121
91
52
82
85
148
113
177
70
59
70
154
132
133
96
84
63
157
163
156
44
95
66
83
54
35
127
66
219
100
185
158
71
90
60
82
37
142
126
90
100
144
126
78
53
23
109
40
21
53
63
35
55
88
163
195
258
153
128
81
84
154
77
104
27
93
84
26
76
32
157
90
63
68
104
67
90
70
139
7
35
47
94
175
165
72
206
104
89
88
71
79
60
135
78
72
101
46
96
127
16
105
124
90
108
184
72
107
142
63
87
78
44
133
147
172
131
33
44
139
131
178
87
107
122
60
121
155
76
104
95
77
55
114
203
185
65
62
136
139
115
42
174
83
169
57
58
73
102
142
102
160
133
126
77
125
159
103
79
92
52
190
176
173
90
45
99
134
90
62
44
86
66
108
41
44
31
148
119
150
93
133
99
228
73
265
59
224
97
127
94
139
165
106
173
82
76
97
62
95
148
96
60
143
78
72
43
124
85
115
208
119
124
64
77
60
191
140
209
15
81
193
157
183
147
109
94
101
48
98
24
122
47
110
141
23
176
134
18
213
80
94
39
50
170
56
67
165
119
89
64
122
117
62
83
171
121
103
139
87
116
54
156
148
190
45
109
45
52
197
96
132
54
70
63
166
154
188
86
97
12
137
27
90
82
38
126
183
111
124
63
184
127
124
167
119
186
241
137
106
58
154
69
91
99
85
134
105
36
136
121
28
112
155
101
108
231
149
103
84
205
128
55
127
74
37
71
126
107
83
81
15
146
109
71
156
94
67
212
25
29
33
130
67
69
88
58
52
131
199
150
122
107
38
156
143
30
87
125
63
41
102
71
67
99
77
146
99
71
83
100
96
154
25
68
67
61
35
176
82
71
192
59
77
14
209
53
127
89
56
41
97
120
95
97
114
142
98
141
142
125
134
151
107
137
53
118
61
112
106
140
197
196
83
104
181
115
209
73
82
89
61
35
131
179
