250 341
492 108
607 113
288 27
464 608
204 144
741 253
499 469
680 522
786 484
133 263
146 587
48 361
214 742
638 110
24 145
725 453
350 264
704 45
77 56
317 228
553 630
79 203
793 75
175 191
709 399
406 19
234 397
90 148
689 41
223 757
451 675
196 710
451 425
72 789
746 552
312 381
315 139
379 507
286 388
440 219
453 3
527 62
80 475
265 560
508 17
515 478
95 749
192 145
629 299
310 188
112 799
111 537
672 583
407 463
681 73
673 619
688 492
554 225
70 56
325 6
773 490
247 594
565 766
388 215
704 313
95 310
665 249
278 689
678 748
461 23
354 143
502 111
584 544
695 665
671 714
0 733
266 788
251 283
273 630
248 473
778 117
620 728
368 176
168 371
613 7
132 164
307 240
1 513
233 436
488 758
197 41
181 202
506 241
158 130
660 62
32 549
486 404
67 241
307 158
190 358
604 419
503 779
640 15
285 780
600 642
587 313
557 760
421 487
373 249
449 403
588 747
331 552
2 502
621 137
44 348
236 496
377 326
631 710
791 800
150 468
580 384
537 219
598 362
559 148
359 342
166 357
56 531
708 2
56 32
553 566
752 448
522 665
21 262
475 288
603 722
755 317
675 665
659 572
409 112
365 113
256 678
597 790
619 603
123 694
15 424
323 777
42 80
387 208
703 536
145 327
182 97
434 363
308 456
620 550
689 479
6 582
692 137
55 237
793 217
119 613
221 167
714 405
782 637
484 620
750 198
620 618
152 333
310 51
628 458
789 354
385 650
434 224
598 579
480 455
185 141
379 263
750 625
287 284
425 125
362 69
489 324
508 738
771 760
413 567
136 257
510 231
36 319
489 57
590 644
23 191
304 24
343 182
586 696
235 702
349 769
115 279
33 205
460 552
574 131
41 386
520 379
795 281
95 408
686 671
676 781
339 510
774 721
365 355
235 730
713 716
448 347
88 612
145 406
65 531
426 711
452 609
260 392
443 718
541 398
584 330
271 481
547 596
488 177
403 486
312 256
725 245
754 516
339 651
523 640
511 492
143 195
179 29
67 389
277 673
173 40
662 594
676 226
87 526
0 28
495 634
213 402
344 385
442 95
783 173
185 367
560 507
401 283
182 586
631 552
433 742
472 520
523 769
89 645
408 669
795 545
493 394
81 68
247 547
101 218
477 542
694 234
432 340
61 129
434 128
358 207
518 442
407 610
275 649
515 144
614 297
619 752
271 639
473 95
671 635
6 695
355 225
658 345
127 433
178 208
678 717
408 376
569 8
307 746
245 254
150 321
289 170
612 544
669 369
768 60
30 463
91 547
0 322
493 358
551 77
748 19
591 561
671 224
257 419
716 433
569 539
768 648
618 743
352 427
458 678
509 754
543 131
491 41
800 393
189 417
499 766
480 446
672 33
648 46
85 266
117 566
684 719
510 541
568 13
251 783
84 608
13 774
34 347
438 270
42 765
602 110
91 101
722 432
687 70
708 282
287 108
154 4
112 498
704 628
685 382
382 678
542 789
665 685
245 789
42 336
724 80
109 134
15 359
778 675
644 441
323 424
614 2
495 484
11 728
223 455
778 139
500 278
642 728
349 197
600 555
142 99
115 74
636 753
421 537
734 390
539 284
239 200
298 693
516 227
387 145
750 353
651 647
497 172
382 80
237 609
482 239
799 229
466 350
101 122
495 291
13 77
158 143
294 141
729 619
775 322
97 7
376 212
33 481
216 585
646 505
409 409
701 121
637 265
277 493
684 641
235 738
524 11
302 771
399 415
678 265
324 235
636 342
527 574
683 415
378 654
104 209
45 318
195 392
261 329
59 147
4 184
55 157
339 342
200 203
88 382
73 287
0 78
65 365
22 190
214 382
269 273
69 118
63 310
82 352
88 113
172 370
46 251
105 166
39 241
68 268
49 277
222 229
214 290
133 314
242 345
52 332
117 247
57 384
113 214
71 180
103 282
90 305
303 345
162 327
300 397
20 87
88 96
45 282
12 145
284 361
9 35
79 228
5 376
104 338
177 255
92 175
253 275
13 319
96 320
265 353
327 334
127 315
214 291
204 389
56 274
199 306
253 320
123 288
83 265
130 354
206 388
95 340
30 392
269 306
162 299
288 334
69 119
102 252
127 214
156 214
53 149
148 265
7 251
6 394
129 380
276 395
66 322
184 216
0 178
104 392
280 337
286 377
0 36
97 152
82 271
147 257
199 325
152 372
0 39
171 267
56 333
113 382
186 370
387 394
198 216
313 328
299 334
353 395
68 272
205 271
282 346
308 379
63 302
182 215
72 199
246 347
206 221
312 340
23 340
331 380
319 338
190 263
50 353
25 277
268 383
330 377
69 183
102 336
6 297
134 374
40 148
1 273
77 104
110 211
16 57
37 377
178 225
74 137
113 156
187 342
248 383
176 276
345 393
57 327
10 314
340 350
216 267
134 360
191 368
110 311
30 77
82 357
36 345
116 221
114 157
25 131
43 238
122 363
188 273
108 174
170 202
165 261
73 222
144 348
204 210
366 389
154 249
271 302
38 184
165 371
25 365
174 311
70 307
20 50
24 376
172 381
10 158
43 214
107 182
8 35
202 379
211 281
126 150
204 274
126 213
4 31
42 391
230 260
263 341
246 317
252 305
80 116
50 286
26 70
118 135
115 233
86 279
7 97
83 140
135 271
126 245
177 389
328 386
76 275
118 280
248 258
134 211
197 259
131 398
29 95
335 399
192 381
68 362
305 310
4 216
32 141
74 333
76 324
149 227
1 269
296 300
128 295
3 91
130 246
87 178
151 175
78 284
118 357
188 391
151 235
312 346
186 374
141 362
9 16
218 335
194 268
230 347
200 342
61 131
9 131
11 315
137 280
54 393
59 326
213 241
264 273
121 219
310 336
31 335
53 274
80 349
83 139
99 192
93 134
151 232
212 291
74 75
18 29
36 217
107 310
337 366
27 100
219 256
2 294
223 306
75 357
27 217
15 263
73 154
110 201
13 32
190 197
10 285
68 228
108 251
141 268
21 240
218 254
88 127
82 135
94 175
166 366
162 398
93 360
46 317
143 287
18 328
79 268
108 224
179 243
273 307
100 167
239 375
341 376
69 271
83 364
218 305
1 179
309 349
390 392
278 332
135 193
236 274
84 167
14 114
172 323
72 124
280 352
182 218
22 28
144 160
98 190
209 338
40 172
65 379
204 316
37 50
74 337
14 386
64 176
179 368
299 398
10 196
241 298
138 143
24 92
99 330
203 278
8 384
90 182
219 293
249 300
245 285
72 223
209 362
294 325
171 215
127 382
125 242
136 365
65 396
183 343
71 139
88 214
154 384
338 390
46 230
308 365
286 330
237 329
103 313
74 177
170 359
189 229
329 394
198 317
68 390
323 374
188 243
144 321
48 279
113 127
207 210
43 278
230 266
66 339
249 296
259 314
12 115
101 123
133 197
351 360
187 322
234 272
95 346
39 89
86 231
250 304
44 258
16 327
65 394
266 311
114 199
232 356
96 291
124 199
276 353
50 276
51 321
87 225
75 204
14 157
90 102
31 216
168 191
160 212
163 333
31 399
218 250
42 306
127 320
17 109
212 253
180 368
201 256
67 226
107 305
44 79
109 323
275 348
47 275
118 271
41 188
262 293
200 339
203 233
232 355
63 111
27 89
98 259
200 290
359 398
237 297
94 341
6 244
93 122
210 337
24 279
26 60
19 380
38 54
62 248
6 165
299 327
69 316
221 349
286 353
161 279
297 387
142 271
262 372
117 281
22 158
62 79
20 284
93 367
15 22
22 314
47 324
268 369
381 395
127 291
155 299
140 264
207 301
48 161
277 334
78 178
126 285
56 236
95 157
81 165
111 252
14 199
140 368
140 364
242 281
130 287
50 265
75 352
54 206
35 227
385 393
1 307
232 331
128 312
327 398
129 147
34 51
48 175
53 138
19 147
175 279
161 175
269 367
65 136
56 74
218 310
58 370
106 360
117 176
122 351
6 226
77 209
118 352
45 391
68 209
65 288
46 174
155 398
6 329
47 76
64 148
98 185
93 363
209 390
42 273
111 271
165 237
11 248
186 351
240 304
281 385
7 230
292 322
74 163
331 356
139 273
263 373
92 161
300 354
230 246
43 52
192 364
30 209
57 227
40 381
287 354
210 316
0 241
220 270
100 285
67 297
248 369
168 330
23 350
107 336
220 396
121 201
139 140
138 173
81 350
228 254
283 392
173 249
82 302
11 52
146 195
84 245
89 221
64 83
64 172
247 323
251 317
214 315
8 227
63 142
110 152
103 318
112 184
241 349
121 123
97 266
76 321
237 394
69 205
142 252
29 289
112 388
139 180
29 103
15 197
58 122
40 323
45 70
308 359
66 187
176 247
14 55
217 309
21 222
200 322
162 334
166 189
88 290
215 218
208 393
213 245
1 223
242 393
73 130
94 356
37 71
143 173
265 276
205 357
24 86
257 355
353 381
221 258
66 167
143 154
15 28
49 270
20 353
100 241
198 260
158 314
103 128
104 390
79 383
150 245
111 357
146 392
282 318
81 289
109 148
274 333
132 164
120 332
18 103
14 95
234 369
14 328
359 365
26 243
39 153
185 279
136 170
84 126
36 298
30 32
79 362
294 306
159 202
38 224
90 250
11 253
166 173
138 287
262 281
246 354
328 340
80 258
131 308
261 297
270 396
120 349
234 362
27 309
20 276
52 291
184 198
152 385
43 120
22 231
89 349
312 313
88 156
256 372
52 320
223 363
61 227
75 316
16 162
364 368
97 174
142 302
72 264
133 187
18 23
57 299
127 290
91 94
89 116
67 387
96 127
21 164
117 262
177 333
77 146
139 179
334 396
95 386
49 396
97 110
251 260
29 128
96 214
297 329
30 338
33 385
188 294
133 158
301 333
164 397
186 223
33 311
160 320
136 202
154 287
306 325
2 306
68 141
192 353
27 349
301 378
71 364
294 307
236 333
139 264
306 367
55 386
90 252
181 293
85 95
42 188
118 302
111 118
236 389
370 374
120 278
185 314
64 381
50 377
175 376
185 231
35 61
230 311
238 332
230 317
174 266
109 247
54 110
123 219
143 354
59 356
89 217
319 390
227 255
80 221
295 340
196 285
36 125
156 275
344 384
118 316
18 295
250 310
281 372
38 303
198 251
326 355
33 393
216 254
59 375
233 342
307 391
167 213
60 180
261 394
52 160
356 373
129 257
69 210
260 347
62 258
100 245
71 192
248 315
140 179
122 367
92 231
39 298
25 288
19 129
51 324
292 342
91 232
100 309
98 158
1 367
277 288
256 266
0 217
28 326
77 390
288 359
94 376
146 283
107 135
72 273
322 339
94 355
4 304
46 266
87 276
299 344
49 387
138 354
142 336
57 169
0 27
116 349
147 239
228 335
19 356
4 229
100 213
228 272
214 320
226 261
225 276
57 149
27 126
8 57
124 269
238 291
154 173
39 217
7 246
180 191
302 357
101 398
73 246
182 305
194 272
293 372
258 369
269 294
351 363
96 238
149 155
82 142
72 269
117 152
89 298
47 321
101 121
287 296
303 385
89 241
89 309
34 348
134 351
73 249
171 399
199 269
144 212
24 94
295 312
283 319
95 328
85 313
65 67
187 233
18 340
13 390
125 247
67 394
153 388
77 392
56 366
99 353
338 392
19 257
29 312
363 367
173 300
189 366
176 381
13 338
12 292
26 368
4 164
182 252
6 261
145 382
61 255
177 343
40 93
64 109
150 167
55 103
53 56
125 262
282 391
55 313
141 209
115 292
110 372
283 338
334 398
74 366
106 121
60 191
210 343
194 362
81 340
201 219
93 370
252 336
58 186
63 271
91 356
37 330
206 224
59 263
4 240
77 283
152 256
9 255
246 300
212 320
131 299
275 321
351 374
176 323
91 151
27 298
267 335
25 334
84 241
23 295
54 385
165 226
66 115
148 192
49 220
160 315
181 262
115 322
69 280
56 204
32 68
74 274
177 378
20 395
109 381
157 328
49 106
160 253
144 253
34 144
83 353
35 177
110 256
32 47
124 367
215 254
257 263
86 373
155 384
22 98
341 355
152 393
94 231
8 53
69 75
207 316
5 151
30 390
252 310
351 370
302 352
28 86
78 225
163 177
151 376
37 286
29 313
167 285
85 318
270 277
137 274
272 369
71 377
316 337
31 240
123 396
323 370
52 238
104 283
257 380
20 265
143 366
230 251
242 385
52 120
132 304
369 383
91 355
121 396
286 361
164 240
291 382
163 207
42 45
116 258
155 169
210 280
18 312
159 350
111 302
118 337
55 328
33 281
334 344
36 208
26 41
131 227
225 284
18 55
23 81
153 303
132 229
211 372
231 376
152 262
22 86
217 345
114 124
43 113
5 361
33 54
169 344
40 64
191 330
21 397
123 270
2 114
387 396
69 357
317 347
37 99
186 360
109 225
98 196
189 222
236 366
237 387
61 327
74 389
84 100
265 395
317 397
24 361
145 233
104 146
333 389
59 373
304 399
127 238
174 347
181 211
17 381
54 224
24 175
222 240
93 186
110 293
86 175
243 273
201 372
109 265
82 118
72 243
34 321
367 370
249 287
171 304
256 311
70 188
44 62
111 142
55 340
21 189
31 215
164 198
7 347
41 45
75 118
23 289
181 360
7 46
321 324
153 345
6 65
33 97
324 348
17 178
67 237
24 48
68 194
13 209
145 290
53 389
62 141
111 135
59 129
12 339
105 173
112 258
30 319
147 373
97 311
71 330
63 252
288 396
28 376
352 357
131 327
19 326
154 296
173 296
101 344
21 105
85 103
143 236
122 360
148 353
36 153
6 379
42 294
73 296
257 326
43 382
102 305
184 267
10 167
28 94
12 233
257 356
50 99
56 389
90 215
229 240
86 94
71 353
233 322
27 80
2 199
251 358
128 328
73 397
44 369
137 389
33 108
32 144
161 286
33 256
161 376
43 291
209 234
77 319
1 188
260 317
17 395
1 72
235 356
125 281
287 384
21 229
139 243
84 278
0 245
185 285
2 14
168 180
222 397
127 156
276 381
25 162
129 239
118 193
151 356
103 312
122 186
95 312
19 59
163 343
137 204
95 313
102 182
134 323
16 155
150 285
105 193
176 225
44 221
12 187
241 309
182 310
158 197
78 87
75 137
138 249
95 103
38 112
192 286
69 302
271 352
174 230
46 311
139 368
96 156
139 364
31 164
138 154
22 196
30 104
1 42
79 272
18 386
4 198
20 286
110 393
270 360
301 389
13 47
337 389
93 374
7 311
141 390
244 350
49 65
88 238
243 307
204 333
107 252
25 398
63 107
288 398
267 399
33 110
29 386
27 84
363 370
43 127
41 70
18 128
172 247
75 280
343 378
162 170
291 315
44 112
270 387
149 384
136 359
54 108
159 261
173 287
10 185
105 189
7 174
106 396
11 160
167 245
81 386
214 238
65 261
344 398
45 294
66 285
231 259
221 298
298 388
201 266
34 47
49 394
91 331
298 345
135 352
16 227
163 378
188 307
200 292
32 390
83 192
153 221
173 222
260 358
97 372
37 192
115 203
283 390
28 373
232 235
37 140
111 193
329 387
37 83
166 236
148 381
174 251
48 151
223 370
147 375
164 304
200 233
65 334
3 191
67 329
315 320
74 378
47 348
332 382
94 151
15 147
41 307
151 355
184 260
155 344
202 371
315 332
66 150
216 240
372 374
25 299
164 222
159 244
322 342
115 200
150 196
283 362
64 276
181 201
36 303
222 300
115 342
102 107
258 383
64 265
194 209
260 397
293 374
130 300
56 137
152 208
57 344
226 371
277 398
192 395
235 355
71 179
142 357
73 173
92 376
109 172
350 386
94 326
170 379
42 318
9 227
0 100
217 349
353 364
25 359
165 350
152 181
54 358
298 309
215 335
11 383
92 361
71 83
59 380
378 389
228 399
79 141
182 336
124 325
235 331
3 168
180 364
275 324
226 297
279 361
85 282
48 376
16 299
148 276
86 259
149 255
143 249
18 95
76 348
53 236
136 379
56 138
204 366
126 241
183 316
62 268
270 394
274 378
24 161
216 304
201 293
263 326
245 309
213 278
148 364
289 295
155 162
247 262
98 133
208 242
161 361
72 367
47 51
99 286
60 168
44 116
18 289
22 197
75 337
238 382
321 348
181 372
147 326
49 123
80 153
136 329
111 336
82 111
117 208
198 358
323 351
50 83
116 298
256 293
69 352
82 193
254 335
373 376
5 92
1 243
165 297
123 277
70 243
160 291
155 227
177 301
47 253
138 149
298 349
20 225
3 180
244 371
66 185
187 314
312 328
221 345
217 298
152 281
52 127
197 314
171 228
28 259
8 249
50 192
58 360
11 291
111 352
263 375
130 173
220 360
66 196
188 264
30 194
280 316
119 183
183 207
99 377
33 347
205 352
223 367
146 338
243 368
128 313
231 341
143 296
333 378
28 263
92 279
159 165
52 214
106 270
107 111
129 356
46 246
148 172
16 131
32 209
226 329
143 189
229 397
178 284
31 171
38 358
65 329
108 358
31 218
153 298
162 308
131 155
291 320
34 76
106 123
208 281
19 331
115 145
77 195
211 262
158 259
48 94
257 375
39 345
27 245
170 308
127 332
240 397
74 204
135 357
327 359
85 346
6 202
233 278
81 244
184 358
34 275
59 239
10 98
264 368
192 265
360 374
205 316
43 203
148 176
134 186
171 335
97 256
124 306
16 25
199 294
13 77
12 203
89 388
71 140
173 354
12 322
185 259
159 226
71 99
8 149
119 207
294 318
21 130
36 39
208 262
291 332
204 337
24 231
219 311
349 388
26 180
17 265
326 373
340 386
16 398
194 234
65 277
236 249
334 365
212 315
143 166
114 325
97 201
108 311
68 234
133 339
106 387
4 267
6 237
274 337
277 396
90 310
318 391
19 375
3 330
226 244
90 218
26 191
13 51
5 24
122 370
105 143
296 354
300 317
68 79
189 193
66 314
35 149
254 304
79 369
49 67
64 353
162 365
164 229
2 325
45 273
337 352
114 306
264 364
86 341
297 394
5 48
163 301
146 319
147 263
79 234
326 356
153 206
334 359
110 385
11 320
170 365
129 375
29 55
128 340
18 313
63 135
290 382
103 346
130 296
152 293
268 362
52 315
222 296
265 381
45 188
157 340
203 213
42 72
56 177
132 240
10 231
166 274
8 138
355 356
221 388
194 390
12 200
32 194
35 255
123 220
183 210
231 279
56 378
120 213
140 168
129 326
214 332
90 107
5 175
162 288
80 89
15 375
294 391
57 155
290 332
62 369
215 304
74 316
141 272
12 342
219 266
62 383
130 397
187 339
104 319
21 166
224 358
51 144
171 254
196 314
249 384
224 393
83 276
305 336
122 223
33 174
228 268
130 222
106 277
186 367
29 328
254 267
96 382
175 355
181 351
47 144
110 281
141 369
272 362
237 261
267 358
134 370
17 276
13 194
0 298
55 312
113 290
86 376
228 234
10 150
258 388
87 395
112 206
138 236
287 300
196 259
274 389
87 284
98 197
101 219
241 245
225 395
271 357
253 315
6 67
10 259
341 356
109 176
14 313
261 387
137 366
83 381
106 220
223 269
25 327
16 359
7 266
119 210
289 350
303 393
131 162
187 292
43 332
56 166
43 290
31 254
72 306
226 237
90 336
246 296
185 196
50 87
27 241
36 242
164 216
83 148
299 359
228 362
135 302
80 388
34 324
167 196
58 93
224 251
17 247
96 113
215 250
169 384
63 336
53 333
75 82
38 206
131 359
6 136
44 383
1 306
218 304
44 388
208 303
73 300
5 94
95 325
104 195
33 152
58 363
38 108
356 380
301 343
84 309
207 343
54 303
17 225
45 307
116 388
311 347
39 242
93 351
232 380
16 61
355 373
160 248
80 298
208 385
154 300
8 155
85 312
113 145
1 294
168 368
119 205
137 333
215 399
134 372
50 395
132 189
159 371
158 190
266 347
234 268
319 392
93 223
17 87
31 250
12 66
91 235
27 39
226 394
195 283
97 219
67 270
86 355
17 117
126 167
179 273
65 226
179 264
22 259
281 393
72 188
33 266
157 386
109 276
9 61
48 92
70 273
15 190
72 294
141 234
140 180
17 20
50 71
186 363
63 305
35 378
61 299
278 309
19 239
29 340
102 310
2 124
64 192
165 244
220 277
42 307
84 150
233 339
59 257
41 391
76 253
198 397
97 293
326 341
282 294
253 324
130 317
155 327
192 377
20 178
138 384
249 354
120 309
289 340
63 102
74 301
238 320
145 342
75 210
74 210
162 359
202 226
31 304
3 60
101 169
77 338
133 292
2 95
211 293
5 161
169 398
100 126
46 347
42 282
6 159
20 192
313 346
238 315
144 324
11 212
365 379
141 194
268 272
115 187
121 220
179 364
152 211
28 341
78 361
67 261
316 352
62 272
73 354
100 150
98 314
137 337
40 370
126 309
14 325
1 264
213 309
11 238
40 223
138 166
209 319
125 208
181 374
242 303
158 196
318 346
4 260
72 307
211 256
53 249
117 125
48 86
82 280
84 285
109 395
7 33
292 339
145 200
86 92
84 213
70 391
55 95
103 328
192 276
52 212
68 283
134 181
60 368
178 395
110 174
174 256
187 200
363 374
257 373
21 132
107 142
272 383
29 295
154 354
355 376
133 190
17 176
13 30
253 348
243 264
341 373
217 241
204 280
274 366
105 366
360 363
6 371
115 339
19 373
10 66
251 347
94 373
144 320
193 302
254 399
205
148
52
104
39
72
175
82
83
76
51
90
164
150
158
122
129
119
42
33
58
102
40
191
41
115
98
186
145
127
44
50
77
81
104
198
30
54
70
131
18
92
86
189
110
102
189
63
69
227
119
191
136
221
19
86
105
65
57
40
73
96
122
87
118
104
131
81
63
49
37
350
49
11
123
79
87
150
64
141
62
137
60
154
30
43
58
213
160
29
88
57
56
115
94
91
108
62
89
92
82
101
89
124
178
51
140
164
214
78
205
75
193
145
60
11
203
50
90
162
82
197
61
117
49
149
69
32
150
146
60
53
37
132
123
91
110
104
81
85
155
69
178
100
124
142
82
87
76
71
124
101
55
85
184
165
92
151
192
55
98
33
26
100
90
130
12
47
86
77
88
240
154
147
194
115
79
51
65
131
93
109
175
72
113
37
26
75
65
78
67
94
187
137
61
30
129
82
74
104
127
156
129
128
41
35
62
59
41
30
140
73
152
96
106
46
74
118
124
79
54
79
74
105
73
189
136
76
117
210
80
38
98
115
60
94
97
58
101
103
93
112
79
206
76
50
217
83
121
181
73
99
44
103
161
73
165
67
154
213
106
28
80
54
172
58
41
152
192
173
97
115
125
163
47
71
46
42
92
183
86
53
21
24
37
134
69
147
76
149
78
144
104
142
186
96
70
105
108
68
116
147
113
72
100
234
108
131
22
115
89
61
42
116
119
139
50
57
119
117
31
61
83
67
71
113
123
169
98
132
63
121
118
110
38
176
209
86
196
145
86
22
188
86
87
59
140
178
160
55
139
169
82
150
311
188
146
99
133
135
113
43
91
28
126
172
64
70
65
196
108
72
107
23
30
66
106
84
84
83
60
83
88
164
38
133
163
37
98
81
92
195
156
28
164
152
66
87
63
45
114
86
121
174
39
107
65
98
192
62
100
140
30
55
109
152
84
7
79
213
42
93
29
241
85
142
101
157
7
51
130
177
121
54
118
94
174
124
96
217
154
92
66
90
101
135
43
88
206
102
60
111
59
41
48
118
118
146
129
102
97
84
88
65
82
246
45
24
169
59
76
73
123
103
13
51
46
143
98
89
101
82
203
182
114
174
129
20
108
56
45
149
182
106
170
128
153
12
71
24
22
188
36
120
63
101
167
98
59
111
220
140
166
42
99
48
92
82
107
36
183
185
46
46
88
128
55
48
170
164
127
99
84
112
94
69
42
178
64
103
21
94
74
34
111
87
129
60
99
79
138
107
78
82
161
74
83
125
62
78
65
139
179
235
85
109
133
37
84
117
157
85
70
105
157
91
51
69
45
152
42
106
138
86
88
89
138
64
55
44
104
153
175
47
145
145
145
182
36
69
123
30
76
203
136
132
86
118
55
13
70
108
67
72
115
119
152
144
67
65
159
84
99
72
21
113
91
204
104
180
88
147
214
79
133
123
81
44
76
133
70
56
168
71
68
56
34
128
104
178
77
46
36
154
145
100
131
83
15
67
94
104
111
154
156
230
173
138
186
104
67
61
125
118
90
160
30
168
86
63
85
62
85
70
140
47
82
162
116
127
171
75
99
50
149
25
98
71
64
31
98
136
91
79
85
44
170
154
91
98
75
101
68
102
62
90
75
146
19
68
43
124
158
130
61
110
66
106
212
97
87
122
154
140
83
57
179
110
178
115
188
112
124
161
190
218
73
127
131
83
123
103
112
97
120
94
113
107
90
127
164
93
14
97
195
73
77
64
45
96
90
98
94
23
122
17
72
55
98
79
95
135
193
35
69
130
40
42
87
92
66
121
85
73
113
128
123
61
127
132
73
43
118
109
149
173
73
159
65
110
35
71
38
97
27
128
175
59
155
76
16
93
66
116
190
76
143
177
174
52
68
30
97
104
78
137
74
55
142
81
64
18
127
144
121
145
190
75
139
166
187
81
40
76
45
105
71
52
153
153
24
25
86
134
142
106
81
180
122
44
57
116
180
132
106
149
101
24
110
77
182
99
57
130
64
105
105
72
53
91
53
182
120
167
31
57
34
59
110
218
63
115
116
64
111
181
180
69
9
94
160
41
132
86
59
153
53
120
214
82
83
80
123
149
113
62
28
60
115
233
64
50
27
108
185
66
52
161
294
41
135
109
173
98
51
166
90
69
120
93
71
174
73
94
150
110
33
47
66
65
114
185
75
147
75
118
26
52
194
53
92
120
39
83
123
136
62
95
90
107
135
86
76
101
132
86
169
110
141
24
134
175
137
156
91
71
93
154
65
92
21
99
146
63
110
204
117
56
85
134
43
51
63
33
168
175
119
240
144
66
54
77
98
92
157
50
162
92
125
51
163
93
148
120
72
97
221
54
63
64
52
154
113
55
47
160
158
79
33
79
128
41
145
124
29
149
62
71
149
98
30
132
125
83
27
205
86
70
60
115
76
106
97
164
23
66
69
76
95
26
62
102
132
117
60
84
48
84
89
43
72
113
168
78
35
37
79
239
98
151
53
172
79
90
179
64
54
83
66
33
135
131
59
55
70
56
217
195
71
37
63
110
70
73
188
174
89
94
77
55
135
49
62
105
79
198
114
137
105
78
139
44
189
196
115
141
79
196
143
43
91
70
102
23
156
84
116
83
109
156
198
162
35
93
61
203
53
17
92
131
175
79
76
55
19
112
37
57
118
63
64
11
62
87
87
116
35
30
81
127
99
78
148
115
98
147
60
101
77
87
61
97
119
74
171
91
134
13
162
130
91
52
136
152
146
71
109
58
174
79
214
180
134
108
58
42
22
81
133
32
196
100
78
70
65
44
72
23
156
252
71
185
103
127
172
53
232
44
8
28
51
109
52
92
231
31
95
66
217
121
74
124
152
121
61
122
166
135
107
122
85
33
160
87
67
53
148
121
143
117
224
165
71
16
97
112
203
126
118
36
87
124
186
72
143
53
170
27
105
153
108
175
149
43
105
142
91
187
73
65
116
93
75
87
38
88
125
62
62
135
85
101
119
173
169
52
71
125
40
65
98
136
63
121
163
118
197
153
79
189
130
85
72
72
157
127
163
57
142
46
136
176
73
80
93
153
195
116
120
88
96
66
109
61
55
69
139
160
46
60
102
161
129
82
100
75
25
102
100
255
57
139
15
39
52
115
83
83
221
86
101
136
110
79
70
56
141
38
119
121
118
133
72
100
38
137
84
64
92
163
139
62
54
73
117
97
127
193
184
93
78
48
46
63
139
77
155
74
70
113
43
76
67
149
173
107
155
181
152
74
256
93
131
36
105
133
75
137
80
216
59
59
83
156
64
114
151
87
107
68
94
193
49
65
61
115
137
11
53
106
30
192
79
18
80
171
200
99
90
45
69
20
80
68
45
64
193
122
125
29
85
113
66
116
55
171
102
75
81
110
96
133
163
62
174
97
110
264
106
164
31
97
86
160
154
124
75
111
173
25
49
46
13
65
141
97
76
249
78
205
79
67
50
130
167
107
180
28
33
35
139
77
90
139
134
93
58
58
63
97
66
75
222
157
192
58
156
124
31
90
233
118
140
165
48
48
99
56
75
138
197
107
27
92
56
112
19
214
116
141
117
131
26
25
111
135
138
119
137
219
291
163
166
127
22
167
156
93
49
122
58
111
80
96
73
114
17
151
51
162
148
62
67
13
41
176
56
93
84
79
128
65
89
88
173
65
220
133
134
41
82
81
133
97
71
105
38
86
128
129
149
126
50
89
99
119
97
14
47
31
69
61
92
193
40
128
85
147
163
120
170
55
128
83
165
150
39
229
31
87
165
116
86
64
36
66
31
75
135
79
201
60
35
103
95
90
50
152
120
113
48
177
103
34
148
121
108
59
119
54
198
155
50
110
96
45
49
211
42
136
63
175
192
146
32
101
46
50
124
21
178
80
86
133
70
17
219
197
138
143
23
65
117
30
59
37
116
65
119
34
267
131
57
90
83
113
123
123
91
108
78
162
87
37
147
51
76
48
89
121
112
50
53
84
180
59
161
56
157
80
106
41
122
106
62
67
118
119
93
93
81
157
24
135
127
73
97
86
72
103
72
57
138
80
54
76
111
51
100
67
110
84
73
130
55
170
154
112
150
153
193
87
343
70
161
76
125
122
39
64
144
52
61
155
84
152
84
40
73
133
70
154
127
93
178
83
169
115
27
54
54
99
154
52
43
15
154
75
51
91
65
104
70
170
18
166
161
180
67
214
136
21
100
113
90
214
122
97
79
26
88
197
198
48
82
164
144
147
121
85
94
117
43
136
67
113
215
113
85
91
120
41
173
14
74
131
57
141
93
120
59
74
27
21
91
119
88
116
78
201
95
52
69
20
41
152
62
29
33
172
78
73
79
54
156
74
27
134
139
51
108
80
252
138
169
106
25
76
108
149
47
169
126
99
140
49
91
63
60
56
138
79
77
63
78
105
35
190
73
100
142
88
140
178
127
128
117
67
143
74
101
214
154
52
94
185
65
22
165
55
15
139
83
58
56
118
77
30
137
179
123
130
228
137
67
