405 298
351 593
217 151
228 242
248 96
232 399
396 223
550 87
198 128
507 528
225 770
35 276
382 727
703 681
191 359
324 246
705 717
748 144
340 232
568 297
173 198
736 434
154 607
37 295
649 271
453 136
687 348
309 239
228 166
229 348
503 199
318 98
181 638
158 465
85 213
345 18
284 161
641 111
251 261
505 719
335 710
792 664
299 418
364 436
583 257
496 40
568 99
383 26
111 152
468 261
183 753
146 28
664 121
22 579
694 121
302 726
740 115
547 431
109 574
487 658
426 466
454 738
363 711
774 546
273 62
760 233
479 59
777 480
322 50
537 373
750 11
7 3
483 532
763 544
538 395
207 691
222 476
168 649
84 87
299 218
424 685
253 636
566 418
0 777
719 793
549 306
264 457
235 71
428 713
237 295
282 431
772 621
482 734
674 430
202 319
313 641
128 100
575 552
220 577
616 401
196 25
404 272
197 176
534 424
665 5
47 421
594 224
145 529
724 367
527 520
657 710
698 486
406 138
36 175
112 778
467 470
584 87
637 181
499 315
226 712
359 223
631 80
418 348
519 367
319 692
258 479
758 116
461 588
293 656
147 619
82 610
5 442
476 110
350 261
470 310
307 545
306 362
623 321
291 152
389 549
72 650
726 638
688 491
123 624
772 245
38 261
435 513
576 457
768 727
787 351
62 266
351 640
552 401
698 170
451 772
684 390
705 799
17 481
163 646
284 112
156 210
641 697
706 745
416 131
669 348
190 205
219 278
39 100
267 585
628 479
501 566
337 331
229 129
794 110
613 138
513 292
370 264
227 324
682 518
714 652
233 404
778 324
262 321
576 119
118 348
0 238
57 73
237 710
495 207
241 362
281 729
244 442
380 221
283 271
0 563
656 107
165 656
788 295
714 799
671 612
699 775
38 226
110 525
244 669
208 275
364 656
511 546
38 525
249 327
118 63
775 697
1 423
677 522
283 516
705 447
598 534
713 682
370 688
581 66
655 162
310 550
623 59
154 685
6 363
632 231
205 85
347 744
711 722
633 723
434 566
148 387
766 416
254 288
93 740
700 14
222 662
565 736
424 123
215 792
404 199
171 99
215 345
138 189
225 595
111 396
139 146
645 276
625 238
429 538
267 534
212 10
636 484
64 216
168 636
424 342
573 496
717 99
454 99
330 704
637 147
502 274
583 228
43 148
280 618
547 674
719 770
782 51
521 116
585 729
65 522
733 584
795 431
545 537
111 580
500 784
173 429
680 313
176 0
213 247
659 761
795 754
597 573
140 653
302 424
328 800
118 403
135 250
430 181
729 176
408 666
652 571
192 255
458 226
203 59
616 635
457 397
693 536
181 3
45 340
403 688
562 797
409 504
167 179
364 201
536 759
464 48
617 155
200 567
475 484
516 463
723 93
177 589
527 148
650 446
229 443
776 313
261 145
626 723
35 709
292 12
477 26
279 136
237 502
41 242
195 451
366 424
185 515
193 246
136 386
337 304
308 190
236 257
141 687
770 200
353 718
573 177
591 409
782 765
466 105
710 386
19 15
107 392
295 379
297 90
679 164
466 123
683 378
450 692
663 716
208 769
21 668
415 600
298 403
11 644
204 66
569 690
566 242
716 187
656 266
694 418
4 375
2 223
465 753
665 140
21 675
628 489
639 88
143 715
314 155
747 404
524 308
619 134
161 471
599 420
79 393
276 530
536 568
45 642
521 214
190 262
28 34
173 782
645 265
755 20
378 607
401 469
388 538
539 13
405 244
269 261
620 454
69 491
345 579
233 490
693 728
336 695
630 553
348 39
440 631
430 165
142 313
75 77
54 219
158 196
204 232
257 320
70 234
150 185
351 386
116 366
102 172
77 143
62 299
44 358
234 256
106 356
166 177
247 335
80 398
22 143
64 319
24 246
304 362
322 375
16 141
159 368
30 378
262 361
249 375
81 98
205 395
84 198
166 204
252 323
132 237
248 301
55 119
303 330
256 310
94 166
11 185
59 264
51 96
196 253
117 224
72 206
118 175
107 372
101 176
32 243
260 370
301 385
51 293
112 239
54 363
24 224
174 366
151 384
105 341
136 189
8 302
38 291
74 123
200 279
121 221
132 257
209 293
1 151
139 384
176 303
77 196
34 145
19 118
184 298
105 223
216 348
174 335
87 293
139 351
148 162
89 193
29 180
4 316
42 325
50 222
147 336
161 268
117 261
253 282
104 383
23 201
31 159
51 250
17 126
9 206
95 258
113 262
9 109
163 257
290 396
147 365
169 251
78 167
351 398
342 352
22 58
56 266
119 203
106 224
247 356
87 100
238 349
9 309
16 394
18 388
113 201
33 275
128 151
384 392
38 331
124 151
215 290
9 72
41 91
274 304
141 210
62 395
33 285
59 398
191 393
335 356
69 123
9 272
104 121
92 154
25 338
138 343
167 186
266 383
25 257
25 287
4 87
106 247
60 146
37 366
57 152
105 131
15 79
75 187
38 89
5 189
67 111
229 301
133 329
136 171
278 379
174 371
276 382
246 358
62 289
105 157
111 142
125 393
193 389
66 320
21 67
121 371
52 259
154 274
130 364
162 198
275 285
54 344
28 172
16 200
86 213
83 233
69 103
127 351
186 209
17 56
177 189
12 88
202 391
257 399
39 355
199 396
153 333
224 261
157 211
218 387
8 245
41 141
98 311
10 50
206 376
138 321
71 78
338 399
17 288
53 58
95 395
259 306
285 341
50 114
251 296
16 162
267 345
86 322
67 271
33 314
145 150
8 316
162 200
188 312
40 190
33 324
137 164
162 394
0 122
96 240
10 75
42 283
192 303
29 182
41 148
3 165
42 43
147 251
151 217
35 68
199 270
221 234
4 293
135 392
177 182
211 360
25 399
61 299
14 241
105 244
169 178
95 124
162 280
260 356
229 384
180 191
236 304
255 390
286 291
79 193
60 325
195 259
17 344
322 324
72 146
169 373
29 241
246 382
120 176
68 397
66 338
81 235
28 316
31 138
85 260
111 296
177 208
135 263
119 238
113 185
162 265
77 235
12 217
291 331
343 397
34 201
230 285
94 189
187 190
168 307
97 281
42 90
250 354
172 316
373 390
40 284
81 95
178 212
181 197
5 191
271 369
242 302
253 311
200 265
57 147
78 96
35 343
93 339
353 377
102 165
126 333
290 294
64 159
55 187
228 279
16 216
9 146
123 175
99 155
306 363
207 391
38 204
75 196
164 346
237 287
236 317
52 195
132 338
160 242
147 255
51 100
211 223
58 311
162 279
94 204
258 334
11 201
115 385
69 85
108 339
210 280
90 352
57 69
112 345
70 383
123 295
308 309
344 357
78 245
48 78
100 293
244 341
226 258
136 342
202 326
24 247
203 235
193 331
90 393
252 361
225 240
21 339
232 331
22 196
145 298
1 392
11 150
49 388
233 318
101 388
31 343
307 311
187 349
4 159
10 190
144 197
21 155
131 207
125 213
112 338
82 103
83 114
216 227
83 364
209 340
189 241
121 218
40 55
179 216
316 321
59 92
386 392
26 164
165 302
11 23
140 377
152 373
66 305
223 298
128 263
23 323
62 205
12 80
22 282
36 159
364 377
196 332
6 388
289 299
20 302
63 67
224 358
16 110
268 355
139 385
317 348
213 375
40 217
115 309
102 160
127 398
53 207
27 193
62 124
77 158
324 372
94 241
143 158
202 207
243 307
46 116
147 309
201 323
96 245
150 286
324 326
143 273
171 329
212 365
81 168
12 289
149 271
30 188
265 394
339 359
8 293
41 216
130 194
166 291
103 123
31 321
141 199
105 285
129 196
298 360
153 344
5 86
65 288
98 249
110 279
270 296
192 388
122 134
100 250
159 172
138 368
219 306
124 395
120 192
89 232
24 137
64 225
21 231
353 364
26 359
73 91
122 254
316 368
16 148
128 235
291 379
30 335
18 330
46 174
33 202
150 323
15 329
356 378
66 257
347 362
6 176
43 325
211 391
237 345
63 178
148 227
153 363
139 248
86 191
196 222
13 216
13 141
108 155
180 324
109 170
176 329
99 373
212 251
0 329
17 173
126 153
97 215
140 353
279 317
14 177
40 124
313 373
39 347
139 220
38 389
143 282
142 214
268 348
48 96
59 80
15 330
182 193
127 170
282 332
35 319
147 169
6 239
55 190
126 266
298 374
106 335
228 268
50 349
65 315
222 332
77 253
209 245
42 136
139 301
255 309
220 263
274 362
147 390
20 165
215 376
26 276
144 333
114 318
166 327
334 395
14 184
135 168
23 150
139 146
103 309
33 244
324 393
76 249
272 376
200 394
5 314
86 314
96 209
119 349
64 68
183 267
84 200
314 372
372 393
7 267
8 354
25 312
61 347
28 36
32 235
89 166
20 278
140 143
26 155
36 368
239 287
89 331
179 210
58 129
142 169
190 203
140 364
184 328
20 245
261 356
99 390
0 388
146 229
228 236
291 327
78 186
46 183
27 120
247 358
156 200
242 286
257 305
161 279
115 146
90 180
161 294
0 101
19 260
105 211
231 271
218 366
106 246
160 291
12 395
225 293
49 292
367 381
103 336
3 166
81 203
348 394
182 241
140 350
125 324
31 368
215 396
2 4
15 176
68 319
55 395
26 108
122 295
20 242
27 389
204 327
74 82
120 133
191 322
68 343
79 389
56 173
37 183
249 322
201 262
318 364
66 267
259 344
124 258
37 174
175 356
33 76
307 326
165 242
127 229
214 313
32 203
312 335
274 300
187 203
45 387
123 152
39 92
365 396
195 363
185 361
17 333
103 152
38 166
78 262
1 139
57 309
56 153
25 163
112 163
131 374
52 363
301 386
58 273
14 180
88 289
275 314
110 317
21 359
313 365
305 320
350 353
269 273
41 210
230 341
80 289
79 368
10 119
111 251
56 288
183 371
22 307
72 376
178 296
239 292
57 82
22 158
220 392
11 361
49 101
66 132
14 94
108 276
161 348
244 275
118 370
321 330
227 348
144 181
3 278
161 228
9 170
278 291
16 227
19 85
62 88
281 396
49 134
273 311
174 306
272 309
12 347
56 383
52 306
166 331
129 222
108 231
290 296
208 232
34 242
137 276
47 68
18 303
275 324
37 195
82 147
25 132
252 262
128 258
296 396
72 308
58 202
142 296
194 353
205 334
320 338
178 251
132 267
94 177
38 327
304 355
16 265
243 311
205 384
46 312
25 237
128 395
357 363
56 256
108 197
80 347
58 269
261 335
139 386
219 344
34 160
112 237
257 345
87 250
44 356
281 294
160 379
170 229
5 14
85 175
89 379
183 218
62 80
163 287
28 138
248 385
118 254
231 369
107 391
298 341
286 379
279 394
312 345
97 376
50 119
255 365
2 316
20 28
196 367
146 386
109 309
224 382
126 310
328 374
254 295
133 388
3 379
124 217
299 398
144 315
110 162
209 240
331 389
285 374
14 230
89 177
99 313
217 289
219 371
178 396
260 378
155 313
285 328
256 383
51 209
229 386
4 343
7 183
277 297
299 334
145 361
150 298
126 256
240 245
116 218
69 336
326 372
85 123
193 329
249 393
130 353
25 112
72 115
129 130
191 283
197 315
204 291
87 159
5 90
169 390
21 271
138 330
339 346
117 174
11 298
226 284
188 292
183 335
196 282
48 262
145 323
56 310
158 253
182 189
24 358
63 73
82 336
59 347
255 272
107 326
184 374
135 220
47 305
166 389
213 249
1 351
72 248
212 296
36 172
287 345
104 221
155 164
264 294
87 343
236 268
214 271
44 246
83 350
293 297
185 201
16 228
195 256
244 374
151 289
145 185
198 279
141 270
6 120
60 301
140 332
177 241
93 359
250 277
35 397
14 189
215 365
132 345
325 385
125 314
88 92
88 299
137 382
20 160
13 394
305 338
112 257
346 369
365 390
90 136
156 279
165 291
2 165
75 367
201 252
198 337
1 95
43 283
80 88
29 177
10 187
119 381
216 394
0 171
109 376
39 88
116 221
44 247
306 335
53 157
185 252
63 296
301 308
44 85
96 186
9 127
187 235
16 279
23 360
320 387
37 371
7 387
109 308
12 334
199 294
130 140
145 252
34 48
11 252
4 321
31 64
119 187
45 305
33 326
76 326
142 359
101 122
121 366
27 330
37 306
72 127
268 317
6 399
93 99
346 359
119 190
215 281
168 213
46 267
125 191
197 333
211 374
235 253
77 129
69 74
52 121
98 168
21 214
250 293
257 267
22 77
1 220
53 377
93 346
114 381
42 180
279 348
172 354
165 278
92 347
6 192
60 115
202 273
37 54
230 374
180 189
115 295
44 106
32 282
17 153
148 280
248 351
222 282
210 227
146 301
32 196
89 389
91 179
69 118
37 259
264 355
36 79
321 368
163 338
39 304
31 35
288 344
313 336
22 130
98 375
55 226
248 308
157 269
150 252
25 267
98 243
167 380
234 383
215 251
24 382
104 366
224 246
206 308
34 252
149 315
129 158
55 334
120 330
178 365
244 328
186 262
18 133
44 261
268 304
70 310
127 146
8 172
233 332
33 230
86 180
143 377
144 357
111 359
37 363
185 323
76 180
129 143
172 240
21 108
109 272
16 348
32 81
110 227
330 368
163 345
39 154
37 219
175 260
20 102
24 44
82 152
59 127
208 241
7 116
22 32
145 201
108 315
73 296
81 128
6 292
53 130
81 263
39 362
65 197
204 331
117 363
5 324
226 334
49 118
250 319
7 66
173 266
61 88
207 269
174 363
72 229
3 291
259 363
107 311
232 389
32 158
255 281
37 52
147 373
3 389
182 232
36 316
161 355
77 282
205 299
97 255
218 221
139 229
11 360
132 312
148 337
44 224
95 151
168 220
87 225
238 381
149 197
139 392
227 265
278 331
184 341
57 74
175 370
89 278
207 273
45 66
52 310
316 330
169 255
98 263
51 354
142 178
297 354
153 288
15 192
90 191
88 347
233 367
19 261
155 359
5 180
270 290
203 263
58 107
227 279
38 278
157 391
13 227
63 270
65 357
85 356
116 183
247 261
86 352
34 113
154 362
288 363
98 326
188 260
88 217
184 285
265 337
113 323
33 328
314 393
166 208
21 93
248 386
13 199
327 331
65 153
64 354
124 128
318 353
89 208
54 56
251 255
166 232
219 363
7 218
340 380
74 373
30 292
155 346
230 244
341 374
57 123
199 290
118 260
40 205
214 346
162 348
84 280
213 322
12 226
9 115
93 142
39 61
129 273
306 371
198 265
70 256
131 223
58 143
384 398
48 242
78 380
55 284
265 279
84 279
149 369
73 270
53 364
211 298
46 371
204 379
172 321
339 369
108 181
167 209
63 91
244 285
6 18
67 73
124 334
23 298
179 270
261 378
85 118
41 179
186 340
97 206
168 243
22 253
76 314
289 398
17 65
332 367
57 373
29 189
169 365
162 227
69 152
133 303
10 238
289 351
9 97
136 352
34 150
276 346
146 385
97 272
287 388
22 311
321 343
217 299
91 216
52 256
158 311
24 106
109 255
64 397
168 375
8 102
32 311
53 350
108 346
28 165
293 354
15 193
76 372
217 395
125 375
12 40
124 205
54 153
237 239
287 399
64 87
322 326
116 121
89 241
71 167
75 349
128 203
136 283
156 162
101 133
184 230
164 339
114 332
34 262
137 358
228 348
227 394
141 216
236 355
287 292
19 137
86 393
86 125
350 364
34 323
122 171
214 339
111 212
66 345
200 348
174 219
129 253
239 388
51 277
152 309
27 133
42 342
283 342
115 308
318 377
47 319
78 340
144 288
93 155
50 238
202 269
150 361
195 310
110 161
9 255
8 28
62 258
142 365
119 222
45 257
105 360
75 119
52 219
132 320
8 240
22 129
50 367
170 376
286 327
149 181
104 234
262 323
92 236
116 267
54 256
192 287
105 374
131 391
246 276
110 348
277 354
204 278
256 266
140 282
82 373
117 371
322 393
60 308
205 289
120 303
23 223
151 392
328 341
147 152
14 328
228 355
191 324
215 272
95 392
84 162
25 345
219 259
17 54
82 390
132 163
259 371
77 311
131 157
146 308
39 59
103 373
181 369
156 198
319 397
92 304
17 256
142 212
8 87
12 61
18 120
179 227
13 179
163 399
111 178
70 266
23 361
323 361
84 265
156 265
325 352
261 382
195 221
28 302
40 334
106 306
81 243
43 385
75 222
6 133
245 302
89 182
158 235
60 248
54 126
101 254
76 191
76 322
26 346
153 357
176 388
292 388
19 370
226 395
335 378
15 389
217 226
120 239
268 300
133 192
267 338
60 295
5 342
80 299
30 49
109 206
10 381
52 371
95 205
319 343
18 27
43 60
138 159
4 172
236 264
2 28
120 388
225 354
225 297
278 327
242 245
32 253
235 243
135 249
93 390
127 248
17 357
83 318
3 232
239 303
33 372
61 80
5 29
125 249
142 251
183 306
9 308
214 231
153 219
74 336
88 362
4 354
276 358
195 366
3 327
168 249
222 253
146 248
288 357
50 381
65 144
45 338
77 222
183 312
210 216
62 226
113 361
27 176
26 339
3 204
74 152
230 275
221 366
275 328
171 342
75 203
115 301
223 374
98 307
200 227
166 278
236 274
13 110
117 259
236 300
35 64
84 337
237 399
84 227
67 214
2 172
97 109
93 111
88 154
165 327
124 226
188 378
93 169
13 348
314 324
2 20
6 303
108 164
1 135
32 129
253 332
90 125
76 393
27 79
251 390
18 79
58 130
79 120
43 352
194 377
72 272
52 344
57 103
38 232
155 276
220 249
32 77
79 330
19 175
4 8
180 241
317 355
281 376
191 314
170 272
134 175
76 125
40 395
303 388
1 384
105 391
74 103
72 109
100 277
141 179
233 381
52 174
53 269
160 327
180 314
292 378
229 248
176 192
148 216
39 236
62 217
84 394
283 352
140 318
114 367
92 274
61 362
56 126
194 207
18 192
259 366
170 206
34 286
269 391
76 275
148 265
45 320
4 64
39 300
284 334
53 194
123 370
363 371
289 347
179 199
6 287
157 194
349 381
54 195
272 281
15 27
266 310
283 325
182 208
190 284
90 342
7 312
8 96
129 282
267 312
29 94
108 369
318 350
161 317
40 226
333 357
123 134
359 369
230 328
198 394
4 31
351 384
0 133
40 258
32 75
57 336
219 357
55 124
71 380
19 44
124 190
125 322
257 338
258 395
73 178
167 340
52 153
134 260
61 92
82 99
228 317
9 376
106 117
111 214
15 120
40 62
313 359
159 343
180 352
110 228
36 321
15 18
84 156
92 362
22 273
99 152
37 121
55 258
281 290
110 216
48 186
95 263
251 313
133 171
104 195
168 263
126 288
167 262
6 101
224 356
282 367
72 170
42 86
11 323
91 210
134 254
16 210
335 371
184 244
159 321
110 268
155 369
112 287
90 283
237 338
213 220
350 377
336 373
7 45
29 208
177 204
102 242
277 293
21 369
31 68
20 286
52 54
89 204
100 297
250 297
87 172
135 375
177 232
91 270
192 239
366 371
239 399
289 384
2 102
16 179
345 399
106 382
50 187
51 297
220 386
169 212
131 360
222 367
42 352
265 280
201 361
100 354
23 145
11 145
206 272
116 174
100 225
155 339
275 372
107 202
149 339
130 377
275 341
50 75
160 165
82 123
174 259
71 186
23 185
276 339
28 321
131 211
149 231
314 322
114 233
158 332
130 273
214 369
317 394
2 302
86 283
189 208
111 313
264 268
101 192
130 350
35 47
150 201
312 378
64 343
299 347
86 90
130 143
229 351
10 349
217 258
195 371
212 290
38 193
2 8
108 359
117 306
173 256
78 209
3 89
158 282
117 344
152 336
28 102
135 213
48 167
61 274
13 161
49 188
163 239
171 176
129 311
65 333
46 121
180 275
95 128
214 359
68 159
102 302
210 337
327 379
100 240
42 191
47 397
316 343
69 370
117 219
126 173
4 225
172 225
213 393
80 362
228 394
280 337
2 225
44 382
313 390
14 29
347 398
148 210
33 107
39 264
32 222
288 333
87 354
138 316
36 138
194 269
119 235
164 276
85 370
205 217
117 247
61 154
174 195
109 215
344 363
97 396
110 394
158 222
60 385
27 38
137 246
224 247
3 38
157 207
187 238
186 380
108 149
246 247
0 176
7 46
8 225
326 393
193 232
106 261
48 302
273 377
0 134
80 217
202 372
195 219
30 312
93 214
39 274
358 382
90 314
195 344
94 208
240 293
76 324
20 327
292 399
46 218
181 315
12 299
360 374
107 273
134 370
12 258
15 303
77 332
69 82
5 241
385 386
76 86
133 176
31 397
1 386
67 231
52 366
2 240
53 353
54 288
151 395
262 380
178 290
217 334
55 62
196 235
18 239
163 237
209 277
190 258
189 342
62 334
229 398
26 315
331 379
49 260
336 390
48 160
17 310
198 200
160 286
29 89
233 350
143 253
220 375
212 396
54 310
20 291
132 305
260 292
338 345
91 141
222 233
136 182
310 383
164 359
174 183
93 251
71 340
66 387
247 382
18 176
375 393
130 282
151 205
118 134
21 111
155 214
118 123
89 94
48 245
121 195
173 310
113 167
300 304
36 330
171 254
37 221
75 235
49 175
113 252
19 356
112 399
24 276
12 62
223 360
58 207
4 68
240 354
161 394
1 205
15 133
107 307
3 331
169 313
251 365
209 380
13 16
26 137
160 302
159 316
0 254
103 147
237 257
234 310
70 104
215 255
294 355
231 339
169 215
93 313
243 263
99 336
127 206
166 379
81
78
89
29
99
139
110
171
97
149
134
124
79
159
222
91
63
238
156
80
112
14
173
143
130
137
55
140
27
148
143
24
16
94
63
75
91
143
15
115
64
81
83
60
101
49
28
172
53
114
40
43
174
165
88
83
113
122
144
78
69
70
100
110
44
34
186
72
98
138
19
154
142
190
139
121
82
59
116
85
105
63
135
161
132
82
70
140
66
265
185
45
155
67
27
145
45
57
145
52
175
21
87
45
69
121
122
106
82
71
87
68
158
26
84
149
91
176
100
48
115
185
70
65
103
92
70
132
87
85
179
52
106
136
145
45
63
71
70
49
94
75
91
108
34
83
90
113
63
111
66
127
137
67
44
44
7
119
25
146
87
21
53
46
74
88
111
59
98
156
81
87
136
61
70
110
125
103
98
149
63
106
82
95
154
76
138
112
139
124
68
148
145
59
100
92
54
233
188
84
192
124
45
30
84
91
78
83
83
119
207
37
65
81
72
114
63
71
25
150
109
186
21
33
84
196
75
137
91
104
88
95
125
167
85
59
98
65
88
55
98
185
145
241
181
114
111
94
71
108
164
151
58
174
165
109
183
22
32
89
74
87
108
97
137
130
118
24
216
108
136
81
88
66
45
135
53
90
62
130
121
47
49
166
89
115
265
67
13
66
45
102
42
73
43
39
100
261
57
36
55
212
126
129
94
136
52
97
210
144
145
83
62
55
99
150
146
43
25
39
56
123
141
151
80
103
42
106
115
121
30
76
79
157
170
25
115
99
126
118
122
99
17
96
23
124
81
47
147
165
126
43
115
68
135
145
15
78
188
157
81
56
79
124
61
95
81
203
169
75
136
92
204
48
218
211
43
63
96
31
21
153
171
36
73
29
32
114
28
95
100
93
84
150
87
113
104
95
31
58
36
180
107
116
94
222
99
31
119
73
124
81
66
85
88
17
81
38
120
77
110
46
122
16
114
206
79
67
58
93
106
120
209
16
124
94
152
180
202
51
134
113
121
181
105
111
50
161
190
107
111
134
84
114
42
58
23
58
21
63
28
90
203
44
57
111
233
21
91
69
145
14
98
53
86
161
79
115
147
84
66
143
26
275
93
120
62
60
74
26
31
21
51
123
65
78
152
30
83
79
65
143
72
92
69
78
59
76
129
122
48
51
121
222
114
154
69
149
85
36
82
95
54
30
166
165
110
131
43
177
23
27
232
108
130
79
76
77
106
21
98
42
91
202
93
29
215
65
107
96
104
198
95
182
36
79
68
84
95
113
65
79
67
156
133
61
115
146
60
128
80
44
162
115
66
83
77
70
216
146
79
107
158
122
117
66
156
129
65
170
27
53
32
132
74
66
152
118
152
129
144
141
49
172
137
80
119
197
85
165
38
107
179
137
55
84
85
65
152
200
94
54
103
63
144
94
70
151
72
92
89
70
98
179
52
92
78
133
126
127
86
139
114
30
93
114
161
62
117
91
155
87
57
105
44
138
130
50
138
97
22
165
71
80
163
165
129
156
98
22
102
19
55
17
92
89
67
92
99
57
40
28
201
71
111
72
76
77
124
160
62
158
138
25
126
67
110
77
151
155
144
78
179
43
129
61
169
129
210
27
76
106
53
18
59
75
67
89
126
29
215
108
215
67
80
117
85
151
46
157
80
186
73
90
40
41
38
109
160
172
123
94
91
116
64
205
170
79
66
164
192
56
49
59
138
43
87
137
62
213
37
120
74
18
35
175
57
31
136
26
164
156
160
104
112
141
134
104
69
127
135
127
44
187
95
155
126
171
58
109
94
53
86
66
55
125
95
111
147
184
66
108
71
202
171
66
181
47
84
108
48
81
63
120
129
167
116
38
214
108
134
104
100
16
89
95
109
87
138
49
148
77
149
138
96
219
139
174
145
102
46
31
107
90
34
132
48
48
120
73
99
60
144
36
90
33
51
29
73
18
17
77
89
94
93
119
13
153
74
44
160
154
46
183
190
190
64
81
190
50
265
67
295
60
92
162
152
82
117
47
159
116
62
98
185
39
23
74
62
73
81
35
80
95
106
67
94
54
103
92
64
126
55
92
165
54
72
68
70
122
126
82
37
50
162
264
147
90
50
217
67
61
51
237
129
226
167
70
76
224
55
168
186
169
72
136
109
56
165
116
132
132
98
78
169
20
77
73
95
194
94
28
104
143
136
79
198
156
54
162
82
101
100
67
100
149
158
44
66
78
71
55
78
162
65
177
138
78
73
113
51
158
96
81
40
68
120
92
149
79
170
43
128
140
50
132
37
110
61
31
51
99
190
78
50
77
93
165
64
104
136
135
161
144
126
120
181
145
161
34
140
88
81
18
92
61
197
62
111
36
79
72
133
62
94
62
47
101
163
226
69
130
229
173
225
147
123
71
85
88
65
140
73
55
121
111
69
61
57
211
81
34
49
111
31
115
95
61
78
42
85
80
72
131
117
83
137
118
66
76
152
33
85
194
115
71
86
68
150
123
113
58
177
57
58
159
47
111
56
80
44
76
82
109
73
72
90
123
114
81
121
66
159
44
98
115
72
124
68
130
108
50
132
180
58
110
137
129
171
80
32
152
62
175
114
30
135
104
87
11
91
100
157
180
96
124
96
63
147
80
60
89
98
65
29
185
201
91
86
58
169
183
224
65
91
134
122
193
71
147
170
48
90
71
115
94
64
39
49
32
179
139
20
39
51
154
60
58
104
207
91
246
59
43
140
117
127
125
23
61
167
82
106
198
88
102
109
68
132
106
90
108
246
114
48
76
86
170
189
206
23
73
102
99
87
96
151
109
110
162
116
83
58
49
115
123
51
117
23
20
27
45
78
58
136
104
55
163
158
139
96
142
31
108
36
240
73
175
205
123
140
62
144
54
256
100
139
17
49
113
89
120
109
79
65
227
17
69
129
65
58
222
175
106
110
98
154
125
75
164
173
183
60
40
122
109
67
145
66
61
8
58
89
69
42
107
170
125
46
105
94
151
75
97
57
27
179
178
122
113
96
113
105
216
159
33
216
49
44
127
175
119
184
37
125
177
89
38
136
58
90
48
81
145
176
164
76
143
65
239
87
22
119
74
199
202
88
147
37
141
126
34
176
155
73
76
85
100
136
67
146
76
47
52
139
116
102
60
78
105
59
75
188
137
22
185
76
63
75
90
207
35
161
71
52
63
109
195
48
57
58
174
175
134
111
23
119
88
140
98
87
64
99
181
159
125
108
88
47
73
31
56
103
131
67
106
114
157
58
211
94
135
90
182
45
127
49
120
118
81
143
61
205
87
62
179
33
150
50
219
44
78
24
68
95
139
59
65
156
125
46
18
64
109
158
93
97
91
95
88
160
162
112
79
36
91
108
103
67
28
31
29
206
64
89
108
61
176
174
127
78
15
70
80
127
175
55
161
104
34
86
69
137
154
36
114
250
69
109
96
188
46
68
154
86
99
171
74
110
136
90
73
42
154
189
58
135
121
40
49
41
45
134
142
87
113
115
81
38
54
220
128
51
82
134
111
104
152
96
15
66
97
90
37
123
59
114
34
109
54
24
156
57
73
97
41
147
74
55
206
117
43
113
45
185
71
99
33
40
150
48
123
41
137
46
174
127
50
78
113
126
56
139
102
131
177
73
119
98
75
79
44
192
117
25
133
128
128
182
91
54
42
72
96
63
37
131
129
135
13
146
88
63
193
18
134
129
193
100
39
82
120
72
22
22
206
182
61
125
32
78
19
128
172
113
44
75
68
34
89
41
39
37
44
70
153
74
57
87
77
173
146
86
69
116
305
85
195
66
84
195
98
52
87
100
100
113
183
86
51
59
187
155
63
51
65
73
51
18
83
67
128
69
195
94
113
190
84
97
81
72
73
96
134
105
57
140
66
176
44
88
159
183
93
120
191
174
75
32
42
200
57
125
101
41
36
102
118
50
89
77
194
52
87
134
55
91
38
93
179
229
83
26
99
63
123
52
50
152
150
138
130
62
176
127
114
214
87
138
74
105
84
63
51
67
25
108
95
99
97
67
119
94
106
96
134
57
118
93
37
73
98
181
116
134
207
174
101
43
197
89
43
52
103
33
99
37
85
91
39
150
114
65
68
105
140
108
179
100
45
75
80
72
77
185
74
160
150
105
111
44
51
16
175
60
75
59
35
111
83
119
101
66
106
79
118
33
144
54
26
62
87
127
118
114
96
106
56
48
143
75
35
100
97
158
118
123
132
154
42
155
29
79
173
67
145
80
94
151
73
32
100
156
123
154
73
103
58
154
138
200
94
57
88
177
156
77
112
114
157
59
340
158
46
145
138
113
18
202
65
61
36
68
214
48
90
146
105
99
58
103
98
268
68
84
65
112
136
104
112
30
144
218
165
118
201
49
165
20
174
38
52
163
137
55
76
100
73
152
113
40
38
96
96
93
102
119
56
52
84
144
75
80
99
29
17
142
92
140
162
70
57
71
31
92
10
127
86
82
73
96
123
148
56
83
132
93
151
149
189
61
84
76
124
66
