258 699
17 673
488 781
334 580
12 67
762 329
477 633
358 731
72 709
531 594
344 609
155 619
674 365
26 288
129 320
225 613
749 653
79 438
592 238
374 17
150 586
764 591
314 475
405 535
294 533
774 172
284 266
455 349
518 166
10 441
166 384
545 679
789 243
234 557
156 63
7 684
40 380
480 431
468 696
516 30
110 501
461 187
230 449
34 611
228 488
131 444
334 515
525 453
798 359
434 720
600 715
535 70
498 623
195 326
328 157
266 253
10 484
610 275
511 738
575 442
57 641
618 716
176 432
512 683
797 656
599 112
261 146
196 414
635 298
255 512
493 191
85 354
396 533
142 412
363 740
323 719
384 527
734 156
295 526
766 211
397 209
391 173
146 755
377 35
453 113
381 729
50 654
335 469
280 200
673 531
778 624
190 501
368 555
633 274
619 597
85 743
51 642
636 559
158 672
673 414
652 603
402 416
592 260
304 399
215 48
148 301
63 423
268 185
522 522
383 23
399 713
726 86
82 502
609 119
437 50
718 257
381 386
443 426
411 120
595 157
208 123
656 200
571 187
255 586
326 697
658 794
121 134
371 195
757 654
384 702
175 263
790 481
526 253
258 519
95 606
552 794
588 158
542 544
319 541
1 765
746 394
601 168
467 72
791 671
33 234
590 281
263 440
336 446
545 300
613 144
650 147
602 777
499 98
255 52
600 531
649 220
425 352
658 695
43 27
760 297
759 515
241 116
385 148
484 389
100 462
721 24
257 792
438 95
624 793
197 547
764 129
312 738
348 437
118 127
523 560
707 342
715 794
408 630
631 251
48 601
395 381
523 550
377 792
520 247
356 598
271 109
419 13
284 732
274 685
480 574
63 231
33 127
502 424
26 797
597 757
139 311
174 75
784 401
352 81
442 298
408 713
524 613
125 30
442 668
418 376
279 784
682 103
35 121
140 787
649 715
488 656
557 46
630 279
708 198
679 247
790 770
653 255
93 335
148 269
671 291
662 584
785 232
441 505
103 527
157 366
773 719
27 271
112 368
496 326
366 399
212 738
295 201
202 142
123 484
664 220
433 578
63 693
241 354
757 789
417 557
781 288
500 538
428 633
327 566
676 776
636 330
165 416
758 183
699 109
153 167
22 602
80 713
29 320
1 384
709 368
526 156
671 443
174 160
676 466
314 725
491 101
680 289
609 162
286 737
475 93
642 613
436 148
277 530
220 774
366 188
440 675
549 576
619 281
577 711
407 186
629 646
97 425
543 197
103 441
472 711
478 499
42 155
793 707
300 692
134 328
206 440
308 492
661 68
260 493
141 779
188 361
338 529
10 133
140 239
463 295
164 308
391 73
723 343
173 482
598 20
342 466
86 237
558 289
260 397
717 700
173 506
484 733
59 536
251 226
529 185
237 400
373 25
524 113
510 61
596 564
464 35
216 541
213 293
559 333
484 696
776 154
704 108
586 523
439 688
234 168
470 483
104 326
39 670
127 186
191 72
509 265
575 456
70 420
85 217
84 117
404 65
619 190
129 678
252 370
519 365
86 92
408 657
494 509
447 640
548 593
640 546
258 633
219 321
538 380
577 338
659 777
11 570
203 766
266 744
418 153
580 386
133 515
90 41
708 434
354 283
473 565
704 581
144 590
316 167
245 263
486 485
800 611
245 152
741 625
354 436
459 451
355 43
688 374
297 418
207 341
138 768
628 429
170 613
703 780
760 412
310 140
780 338
484 213
501 230
503 16
613 258
574 528
763 442
572 170
36 732
623 714
781 670
139 68
323 194
407 313
302 96
532 777
763 538
514 297
687 140
82 95
14 217
42 288
379 381
356 362
72 76
34 173
88 231
241 365
155 216
217 326
235 242
257 324
20 362
212 385
165 248
156 394
108 386
129 341
117 370
206 248
175 219
143 304
85 124
36 252
223 233
71 326
51 264
121 216
117 180
68 212
86 236
256 376
150 248
157 304
88 107
145 318
250 327
201 210
12 358
48 381
68 261
32 115
104 161
15 123
0 353
102 148
17 164
27 180
195 218
298 305
37 47
185 380
265 361
148 339
224 284
224 290
35 236
155 234
3 10
23 235
181 271
265 275
173 392
54 363
83 109
140 197
275 390
210 343
77 150
150 206
6 203
329 392
267 288
218 284
30 295
177 184
220 265
131 197
164 233
156 180
53 130
30 62
113 136
43 96
314 344
142 315
118 274
225 282
140 254
228 294
178 385
92 235
111 248
222 280
200 341
294 398
116 117
126 334
263 283
58 135
40 233
192 370
203 210
174 241
53 105
8 327
59 331
126 173
5 140
130 295
59 192
187 188
106 332
22 300
139 389
184 243
49 129
141 149
33 316
113 119
66 232
189 201
106 276
10 184
161 367
174 360
54 395
222 239
53 237
228 348
156 199
25 247
340 357
83 198
324 367
156 163
42 285
233 305
42 67
41 383
92 239
41 274
82 230
50 157
155 336
66 324
28 388
73 224
383 398
1 179
358 372
36 253
230 375
14 105
105 217
293 333
169 377
294 330
10 177
298 356
213 234
106 253
31 319
208 375
146 310
95 289
183 302
202 392
109 335
281 340
196 202
83 335
214 234
81 393
137 344
217 284
122 149
181 386
133 169
148 398
31 201
71 332
155 178
94 275
238 244
70 183
128 282
136 388
175 297
120 249
127 354
124 188
156 294
94 314
57 302
241 360
93 245
115 216
151 390
179 250
89 258
222 342
74 124
59 348
290 310
146 303
34 340
181 241
262 336
290 338
306 396
255 312
45 276
40 356
34 126
274 382
130 317
279 323
143 282
315 384
209 275
317 374
144 333
136 149
76 291
49 270
105 317
191 207
76 92
236 327
0 187
9 360
81 118
284 295
11 20
76 138
325 342
53 317
108 365
228 302
192 339
146 288
16 282
265 345
224 295
221 320
19 371
120 161
142 335
91 305
50 390
204 394
120 324
208 352
185 395
6 242
4 191
310 338
72 222
166 263
35 60
12 140
64 368
183 383
39 315
121 262
84 354
74 129
273 390
171 205
280 370
118 266
49 200
22 138
295 317
159 221
70 383
214 216
208 289
176 215
118 354
29 106
14 224
147 369
340 392
44 285
215 282
81 274
67 310
198 311
22 286
224 246
347 364
71 227
121 213
267 316
62 298
63 319
363 393
70 255
186 296
72 291
89 160
118 264
21 366
75 124
9 137
138 267
79 213
85 110
44 133
47 59
186 311
100 345
213 248
43 134
51 312
51 152
79 221
58 396
313 315
26 308
52 344
7 187
308 324
80 81
2 49
169 362
253 332
119 336
125 151
68 272
45 332
38 270
232 329
169 316
86 96
240 381
97 386
24 69
23 92
137 181
166 205
142 260
6 189
304 378
255 388
136 309
30 227
305 316
12 245
322 386
211 384
63 279
264 266
318 348
138 291
138 243
174 344
14 71
219 272
254 381
361 397
1 139
86 389
136 277
16 368
149 336
159 240
226 301
154 271
345 386
137 189
270 279
287 321
99 372
318 349
39 51
191 292
277 382
35 389
26 364
131 160
108 137
268 352
44 146
190 281
310 373
84 312
79 320
150 399
190 226
126 340
144 281
125 378
38 58
137 271
16 143
189 360
111 165
130 195
69 91
34 120
42 146
110 200
78 291
242 270
67 285
323 341
230 268
320 321
86 250
338 374
144 252
5 254
205 259
115 214
81 266
222 365
78 138
246 290
160 397
25 170
153 185
323 343
26 55
174 342
335 371
188 353
52 210
254 379
9 181
14 195
194 209
45 73
54 66
12 256
60 251
268 353
61 157
143 368
37 280
302 385
101 229
99 175
75 259
277 388
52 360
0 188
135 151
40 307
155 214
163 228
180 394
207 340
147 373
4 340
18 302
245 372
150 213
41 70
342 360
123 267
194 396
279 306
163 339
194 244
249 328
121 149
142 313
36 332
93 214
270 319
231 380
120 329
30 67
84 152
68 93
70 309
67 290
40 223
245 355
8 236
104 153
155 213
154 345
146 373
159 261
198 296
69 286
89 345
168 244
127 363
198 371
0 346
331 376
24 267
85 182
16 361
17 332
40 278
158 357
99 140
21 361
27 199
90 391
70 266
2 135
172 229
33 169
159 381
33 346
96 351
46 87
121 399
205 263
1 8
127 231
69 133
286 300
118 335
162 269
318 339
75 283
149 388
148 330
130 293
9 52
13 226
55 317
217 227
28 136
56 307
174 201
57 102
94 100
35 327
84 264
157 275
19 109
151 194
191 334
46 243
210 323
96 250
1 35
111 287
145 302
165 287
115 221
9 241
262 388
195 326
336 388
278 332
248 287
14 326
213 247
42 310
199 359
290 374
18 102
74 85
82 268
118 198
28 383
214 261
127 162
218 295
269 363
147 300
237 374
334 357
23 291
42 91
197 381
216 219
171 259
88 364
127 269
264 313
157 390
260 312
174 181
117 325
296 335
67 73
140 175
27 228
65 149
111 206
331 386
270 343
95 337
23 239
1 251
255 277
164 356
214 219
173 207
104 392
107 393
225 238
3 243
62 285
292 340
4 158
105 130
161 395
122 309
65 119
74 182
108 280
103 369
103 229
173 196
81 269
93 212
34 329
55 231
25 221
183 382
200 270
295 326
93 272
198 395
325 365
342 365
120 257
76 239
56 112
83 114
77 248
350 378
12 376
49 58
105 218
117 204
95 327
180 369
263 353
132 398
312 313
22 288
244 378
225 391
271 344
66 120
171 187
110 129
19 186
134 179
60 179
46 267
126 328
103 303
64 391
39 142
181 201
205 352
20 356
220 361
84 335
86 179
79 240
229 300
199 294
83 296
150 262
90 397
65 113
17 36
86 327
41 81
211 313
101 369
116 369
132 382
132 383
198 335
48 379
380 393
80 359
137 241
32 221
74 110
80 162
242 343
215 225
44 69
341 343
54 162
187 263
80 127
74 75
48 197
187 259
197 379
7 171
27 339
113 149
91 356
31 50
38 63
88 363
163 348
94 344
79 115
209 378
7 259
93 178
7 85
25 32
260 313
311 371
131 387
369 373
116 172
330 382
128 368
66 88
235 239
9 189
137 342
322 345
311 335
31 61
294 394
359 394
21 143
290 347
118 167
163 192
157 209
133 286
110 203
141 388
113 150
267 286
132 277
119 122
34 202
127 274
54 269
281 292
241 271
66 363
30 53
156 204
257 367
125 194
1 43
81 162
188 259
77 399
133 138
147 172
165 321
163 370
196 340
125 350
1 236
195 293
171 263
66 367
17 276
38 323
260 315
91 233
179 307
127 393
89 361
152 255
75 188
37 365
98 377
1 60
210 319
230 352
126 196
227 332
210 270
164 298
36 106
137 314
121 155
45 233
95 389
8 193
77 321
128 391
213 399
254 372
22 87
199 228
68 216
248 321
247 399
103 338
226 333
2 306
107 367
317 364
51 313
23 46
21 391
19 296
149 262
110 341
309 382
334 392
9 201
45 62
91 298
53 374
10 243
8 251
216 385
189 239
178 234
302 398
251 389
170 248
25 213
18 178
116 156
90 366
108 241
25 77
154 386
231 324
97 345
18 145
358 387
251 327
58 306
96 179
246 285
84 167
6 63
52 201
167 260
125 244
55 308
194 273
115 213
153 196
105 326
308 364
64 90
101 117
269 393
227 284
107 308
322 331
58 273
230 289
73 164
52 271
293 295
72 235
14 53
82 251
137 154
85 129
151 273
92 243
295 347
118 296
145 148
42 62
177 242
54 88
115 240
362 377
94 97
12 99
124 187
153 161
280 342
93 145
77 206
255 260
50 275
274 354
27 163
270 323
98 230
46 291
190 328
33 133
172 373
166 187
155 385
366 391
112 307
31 210
300 369
40 164
207 292
89 397
20 223
40 298
124 259
293 301
305 356
55 364
141 336
65 136
284 290
38 203
195 295
88 367
233 278
211 312
187 230
121 150
94 265
101 172
29 36
105 195
328 333
6 319
17 106
88 380
89 97
49 110
145 349
4 334
167 315
177 343
25 320
44 305
50 151
84 142
267 291
125 209
357 392
120 153
46 147
117 192
271 322
203 341
89 100
109 198
52 343
222 325
206 287
17 233
150 321
126 392
158 207
88 324
60 96
124 171
314 345
11 15
5 32
176 378
18 336
5 381
73 227
142 167
44 288
11 337
232 367
144 292
90 282
164 223
129 200
25 79
49 306
90 143
173 257
246 278
247 320
223 356
220 314
137 386
105 301
61 209
178 272
70 277
35 139
67 246
181 189
43 351
233 356
38 343
71 284
170 321
81 127
46 76
285 310
297 372
92 138
8 86
148 228
193 251
26 359
95 251
29 253
47 280
49 323
197 387
85 200
250 307
22 147
100 265
102 302
8 35
254 297
189 235
15 377
170 320
88 308
296 311
101 156
45 164
7 200
183 398
89 314
28 122
231 269
131 397
21 90
270 341
302 318
49 319
17 29
68 145
154 314
9 174
22 172
185 363
173 334
352 375
102 145
126 257
57 145
56 106
9 344
81 354
116 229
212 219
10 92
119 388
366 397
80 274
109 311
61 194
49 279
228 318
63 306
28 277
6 52
127 359
1 327
113 141
251 337
132 330
109 114
317 347
245 272
120 367
101 116
41 266
314 322
44 169
12 219
66 185
45 298
164 332
24 123
142 152
7 124
51 142
220 275
135 396
203 343
143 391
175 261
12 175
188 263
59 376
54 127
99 258
191 340
236 337
108 181
231 393
28 382
237 310
3 291
38 306
47 331
72 239
26 88
44 298
217 226
40 112
122 136
84 266
69 78
6 201
7 182
280 325
339 398
254 256
46 92
7 129
68 102
162 354
23 76
164 276
57 385
259 283
50 61
176 244
45 278
206 399
63 273
128 143
7 110
24 46
138 286
12 261
126 249
251 375
24 133
97 265
46 78
96 327
173 249
258 358
209 244
97 220
30 290
34 357
291 300
3 24
168 350
64 225
176 350
113 262
27 394
62 224
167 264
60 327
190 293
0 230
232 257
82 352
160 387
17 112
43 86
203 279
207 281
162 274
181 344
243 291
75 85
379 387
143 225
296 371
204 229
54 380
143 215
58 319
34 392
241 280
87 286
128 304
12 372
144 190
171 283
162 363
44 316
40 305
88 393
83 186
65 262
59 355
94 220
169 305
31 273
50 273
114 264
98 362
146 285
18 385
149 150
48 240
24 291
107 380
138 184
218 328
201 271
180 204
141 262
66 231
86 251
192 325
217 252
163 204
105 295
107 363
24 78
14 227
166 171
101 180
77 247
224 227
174 386
154 322
61 151
148 318
100 314
196 392
348 349
87 300
186 315
97 100
205 353
313 384
238 378
97 314
89 220
303 373
210 279
69 316
47 325
170 399
228 339
289 352
240 297
43 250
13 252
119 277
118 162
112 233
15 33
39 152
306 323
22 369
73 276
95 236
276 278
116 204
28 309
235 343
218 333
50 194
110 182
271 386
37 325
380 395
78 286
97 322
47 342
89 256
136 150
61 275
257 328
2 396
249 293
95 208
199 398
295 374
153 329
22 373
168 176
144 301
42 44
53 224
142 312
196 232
206 321
4 292
132 302
120 232
34 196
4 357
190 218
46 286
140 387
6 210
102 178
187 283
2 58
215 238
174 271
190 301
221 240
302 349
167 335
42 303
157 265
183 309
108 271
100 275
45 106
23 222
171 188
20 169
148 302
17 278
16 391
161 257
53 347
90 128
13 301
37 370
158 334
145 212
109 371
11 98
259 263
223 362
53 195
368 391
301 328
80 393
42 69
173 281
1 96
303 338
237 303
238 282
6 343
281 333
13 144
243 267
32 159
33 123
249 257
363 380
93 261
46 138
120 196
137 322
174 189
96 236
4 207
93 385
209 273
57 272
77 213
103 373
194 390
339 349
78 288
167 296
211 299
111 170
83 311
328 334
39 299
219 245
231 367
16 90
73 290
60 134
110 323
140 372
104 185
292 334
349 355
116 180
114 167
98 337
41 382
58 63
347 374
122 255
136 262
14 295
181 342
44 91
22 291
57 216
115 219
30 285
223 305
134 377
93 102
310 374
173 191
75 263
237 290
93 155
233 276
24 138
33 267
167 266
83 167
40 45
51 384
237 338
109 186
242 341
11 362
65 299
145 272
125 168
192 348
61 350
95 375
5 48
15 169
80 269
1 250
308 367
307 356
97 361
203 270
183 294
128 366
115 159
61 168
187 353
29 56
53 295
49 85
159 175
41 354
97 154
38 279
237 317
358 379
212 272
173 328
103 172
269 354
11 169
46 72
1 86
141 150
28 70
271 314
282 391
46 300
122 141
73 246
173 340
12 297
104 329
265 314
241 342
67 303
202 329
19 83
48 159
268 289
57 68
215 378
321 399
116 147
283 346
143 366
218 301
230 353
134 250
304 391
91 169
193 389
137 174
71 217
183 330
20 377
5 159
290 295
205 268
216 272
282 304
140 358
87 369
256 258
338 347
89 154
42 298
95 193
75 187
49 203
51 299
300 373
234 336
337 377
303 310
168 194
14 284
22 78
11 377
125 176
226 252
244 350
86 134
339 348
172 300
41 80
75 171
258 345
177 203
147 286
100 220
120 185
161 380
216 261
84 118
34 104
24 243
43 179
69 288
64 128
16 225
77 111
75 129
246 298
172 369
171 182
176 238
264 312
132 183
309 383
108 174
231 308
8 337
3 184
286 288
151 244
293 328
19 335
67 224
130 347
276 332
154 220
232 249
64 282
161 324
21 128
66 107
24 288
263 268
92 184
62 246
62 73
27 294
225 304
65 141
99 376
195 217
111 321
170 247
286 291
13 217
183 277
199 394
210 242
47 365
35 96
178 216
216 234
54 231
239 360
190 333
92 291
152 313
106 278
232 324
68 385
123 316
52 63
11 134
6 270
123 346
83 371
233 298
114 335
93 216
16 128
121 214
250 351
124 283
8 95
117 163
79 170
27 117
47 192
185 324
207 334
309 388
209 390
113 388
302 330
191 281
0 283
36 217
280 360
152 167
82 289
101 370
237 347
11 316
78 133
213 320
82 375
171 353
245 349
203 242
140 297
18 272
135 194
69 267
195 284
32 247
177 323
60 250
30 246
147 229
80 354
102 272
87 373
177 341
197 254
107 324
105 284
136 255
48 140
64 143
352 353
79 247
151 168
180 229
121 234
166 352
105 293
366 368
5 297
57 178
38 200
213 214
66 161
134 362
102 385
223 307
168 378
84 114
33 69
115 261
314 386
151 396
255 309
21 64
119 149
99 256
74 259
32 240
82 208
99 254
55 107
258 376
111 399
112 164
189 241
252 253
122 336
161 196
219 297
132 148
82 98
43 60
3 78
140 379
331 355
121 336
139 193
158 340
74 200
39 384
1 389
84 296
53 290
117 365
45 356
113 287
15 316
22 146
367 380
60 236
114 142
194 350
72 92
157 350
185 367
19 311
301 333
16 21
114 315
61 273
166 353
178 214
179 327
91 285
235 360
136 141
94 345
31 63
136 336
35 86
41 309
229 369
45 246
102 212
128 225
165 206
64 366
73 278
212 245
365 370
161 185
160 361
200 203
178 212
0 259
289 375
144 226
256 372
108 342
224 326
21 368
51 211
37 192
78 267
29 276
260 264
38 49
283 353
203 323
122 277
27 204
219 261
87 147
87 291
21 397
241 325
133 316
249 334
60 351
166 268
175 254
104 120
202 357
327 389
30 374
93 234
348 355
0 263
126 207
106 164
318 398
66 395
68 245
9 271
228 398
26 231
330 383
130 364
48 387
3 92
113 206
30 45
90 368
201 344
242 323
23 72
8 139
266 354
114 296
61 390
28 41
43 327
39 211
287 299
188 346
185 232
196 329
93 219
140 381
224 374
209 350
43 307
22 46
30 284
142 384
306 319
279 319
60 86
77 79
26 317
195 227
37 117
30 73
100 361
55 88
112 278
15 346
36 71
119 136
37 339
145 385
212 261
122 388
17 56
101 204
339 355
39 313
135 168
54 81
17 73
47 348
318 355
71 252
382 383
133 267
21 160
133 288
130 218
181 360
70 382
105 224
330 398
135 273
186 335
5 240
24 286
175 381
285 303
37 163
162 266
221 247
152 260
16 304
20 134
114 313
76 222
199 330
66 380
58 279
227 276
236 389
220 345
261 297
307 351
153 395
150 336
2 279
12 254
315 335
114 311
167 354
84 260
96 134
99 358
284 326
285 298
244 390
112 356
57 212
14 218
51 260
319 323
53 284
7 75
54 393
177 270
231 363
157 244
187 205
218 293
297 381
18 57
16 366
277 383
192 365
166 230
82 337
38 319
5 197
119 262
159 297
47 370
28 255
30 224
344 386
222 241
108 325
74 171
208 268
151 350
57 93
280 365
48 297
158 202
68 219
152 312
217 224
175 245
202 340
355 376
277 309
361 368
87 172
91 316
164 278
161 232
103 146
94 154
103 147
13 190
259 353
264 315
19 198
107 231
212 216
3 46
152 264
195 224
50 209
54 107
32 79
334 340
78 243
142 264
63 210
122 262
188 283
186 371
95 139
126 191
129 270
222 370
273 396
227 326
350 390
179 351
175 372
254 358
281 334
228 330
77 170
8 389
3 138
7 74
27 156
131 358
5 175
131 379
114 186
161 329
148 349
108 322
325 370
16 64
148 183
18 122
129 323
266 274
248 399
62 67
77 320
104 196
124 263
109 296
38 210
177 235
29 332
52 189
24 33
203 319
112 223
17 45
200 323
31 58
110 270
119 141
236 251
269 274
68 178
119 150
28 312
209 304
256 358
272 385
124 129
64
110
120
107
84
20
207
44
114
41
30
164
65
16
38
228
60
84
72
77
33
161
117
122
75
77
53
69
64
95
58
99
73
110
60
40
73
85
102
168
65
80
136
177
84
114
126
91
195
82
65
93
136
177
75
111
91
157
34
86
117
69
51
171
16
39
82
75
130
90
140
93
79
57
144
89
158
100
158
47
109
67
60
106
45
73
79
183
58
74
129
43
162
103
45
151
89
90
91
64
157
53
115
91
53
54
78
34
18
150
107
199
139
17
35
106
110
110
67
39
109
71
131
77
33
93
83
177
130
162
185
161
45
103
122
57
119
62
131
140
124
75
162
195
166
87
58
149
80
108
224
106
91
155
64
115
78
171
164
88
80
95
74
84
39
55
99
85
99
104
209
71
71
66
204
81
114
170
89
170
80
107
140
45
150
207
124
151
31
29
198
182
95
75
51
151
67
132
75
81
64
147
88
160
101
125
99
110
64
46
180
191
85
111
44
120
214
116
44
100
98
169
92
103
81
48
52
152
8
95
46
59
160
115
87
42
142
65
96
97
120
153
154
182
126
58
202
38
71
103
32
33
161
141
176
79
94
145
50
53
182
91
160
142
45
121
165
100
64
87
113
77
110
54
135
100
180
61
53
14
229
47
163
118
36
132
132
103
47
53
148
20
76
66
83
119
162
93
65
37
56
122
62
249
207
102
37
103
56
164
24
102
96
97
134
148
85
62
98
32
61
57
78
67
113
90
95
111
159
145
61
126
60
148
39
102
41
15
144
81
72
85
49
32
77
133
82
67
137
105
134
69
35
80
128
161
152
29
72
91
104
153
98
170
198
160
178
81
52
53
178
97
163
125
62
141
45
43
58
46
65
57
60
121
58
57
174
107
137
197
92
89
62
107
132
81
140
75
125
13
92
176
80
104
39
23
81
69
66
100
43
152
110
125
217
192
186
98
119
144
58
173
36
125
151
49
51
66
129
149
86
159
58
21
89
52
172
183
151
107
125
178
143
65
81
85
23
96
118
50
148
110
41
68
117
125
83
225
115
195
85
77
84
89
76
43
67
147
61
130
79
125
103
132
136
62
45
80
30
105
60
69
207
50
117
109
119
119
188
109
63
48
134
173
97
120
91
47
160
103
33
149
142
199
110
124
59
203
99
98
84
81
171
215
123
88
51
169
228
18
60
60
69
56
59
91
65
115
57
33
186
98
116
112
84
31
67
91
36
150
31
29
129
105
89
96
27
74
33
81
105
128
101
57
140
101
156
43
156
128
163
28
62
29
82
87
124
86
106
60
89
48
64
165
82
177
187
58
13
84
19
140
56
87
30
82
37
126
122
120
63
72
79
95
86
75
103
73
172
126
174
105
74
214
48
51
161
57
131
143
72
117
81
131
127
135
209
48
7
103
68
133
88
75
65
22
117
25
55
148
68
222
171
107
129
98
116
77
147
90
170
37
134
138
58
32
125
19
152
64
46
57
136
107
151
81
109
23
111
109
186
205
67
104
100
199
211
50
115
124
204
24
104
54
92
86
83
67
84
52
54
67
101
144
123
25
94
148
25
122
73
116
136
11
71
119
76
54
46
138
181
32
125
66
110
93
95
165
87
118
68
35
68
85
84
45
48
178
88
167
38
155
64
107
96
76
120
131
136
122
110
141
87
75
62
166
123
41
107
143
171
73
63
108
132
70
117
98
166
43
111
153
160
37
87
60
139
18
121
144
219
20
145
184
56
46
49
47
163
80
194
52
108
76
172
94
155
60
41
76
81
180
53
83
82
167
56
48
96
142
73
78
145
44
45
70
62
15
151
157
129
131
56
64
40
84
228
98
49
143
138
163
36
140
40
27
68
15
108
85
53
100
134
81
183
70
167
48
41
112
56
140
32
53
104
173
70
54
90
39
109
56
143
45
60
96
95
111
145
104
40
95
48
101
91
160
186
95
128
194
199
148
157
86
85
55
72
120
141
149
66
67
44
161
174
89
57
49
98
93
20
69
149
139
170
53
78
28
210
18
149
85
105
160
84
128
87
71
64
46
55
232
81
190
45
96
50
64
77
80
155
100
40
138
68
145
207
90
71
81
100
16
94
139
26
161
81
89
87
223
76
50
22
171
83
92
69
136
85
219
85
141
116
73
198
109
98
63
58
130
95
187
153
125
12
100
85
182
213
23
141
25
143
39
88
130
127
288
212
88
74
117
88
138
192
95
96
52
105
101
251
59
95
63
203
75
51
116
39
81
104
109
67
94
134
118
97
90
158
134
77
89
112
92
44
130
87
153
49
38
106
142
54
48
69
81
99
82
164
70
54
65
94
65
172
99
43
86
70
149
121
89
63
65
115
197
76
80
32
68
61
150
49
44
43
122
122
40
95
66
22
132
71
87
62
50
43
244
55
85
158
42
75
33
131
59
73
109
105
135
115
90
106
109
100
118
135
78
100
33
40
11
62
56
157
137
62
142
169
99
32
81
166
84
86
73
147
52
178
110
265
50
71
91
43
150
150
34
168
224
144
47
166
85
22
88
27
91
31
58
64
111
176
100
87
60
57
158
86
208
74
68
106
80
73
64
193
81
85
81
148
156
106
118
146
113
165
202
104
78
224
151
33
134
113
186
66
123
76
120
87
93
65
81
100
140
161
57
200
128
40
102
67
135
30
57
52
77
116
169
127
116
93
119
65
76
86
33
144
141
94
86
50
175
67
106
162
164
120
61
18
115
140
102
142
79
26
71
11
117
102
95
93
116
141
36
170
57
112
49
132
12
64
94
107
133
161
81
121
119
130
85
187
88
54
119
100
16
72
91
87
51
153
139
84
58
133
137
45
50
55
149
173
84
93
63
96
103
65
90
68
169
189
156
57
74
141
188
154
62
104
151
173
159
47
93
121
172
50
94
109
52
36
185
107
57
109
43
79
61
56
65
85
42
127
85
107
131
204
169
163
52
163
92
100
128
42
42
70
135
75
59
80
87
193
110
54
123
49
191
93
95
83
207
147
93
116
65
52
127
85
137
156
164
144
36
63
64
127
77
106
65
123
106
76
42
202
20
107
26
131
100
60
108
66
162
33
145
139
103
120
73
106
117
92
182
213
154
106
39
45
46
104
80
54
107
39
51
143
76
156
99
124
86
208
173
60
81
191
65
62
82
160
64
66
120
199
69
63
47
65
51
60
273
81
79
133
125
72
116
80
39
130
190
159
177
19
143
96
97
188
61
62
96
111
174
141
105
38
78
150
28
73
63
108
151
71
42
158
92
122
112
111
48
64
114
127
97
163
34
141
125
21
203
95
69
133
72
172
80
135
172
85
105
132
123
86
50
39
44
58
91
173
156
56
227
84
84
65
68
178
150
123
52
100
105
193
95
111
56
65
12
79
29
165
92
31
171
58
43
129
59
122
75
70
23
141
183
73
97
72
105
33
59
63
108
152
95
149
16
134
81
139
19
72
42
100
80
68
77
145
76
133
186
99
27
150
135
139
141
74
56
69
146
60
37
116
128
61
161
132
87
76
152
98
139
73
102
70
122
95
45
45
107
70
70
41
104
47
66
52
101
95
166
94
88
65
137
108
82
19
131
74
42
52
150
197
146
52
140
73
100
38
89
93
83
115
179
157
134
40
136
63
235
53
150
36
55
96
88
131
69
169
49
51
111
195
153
57
109
145
55
88
68
118
49
82
182
131
46
137
38
43
84
60
61
180
162
102
82
80
156
74
52
35
50
166
169
107
147
68
152
81
209
43
44
94
99
94
125
150
71
131
66
111
145
59
206
145
56
217
60
112
40
182
111
59
113
137
46
182
196
47
112
198
103
207
167
92
69
78
144
64
210
59
22
49
115
86
45
140
124
143
189
76
18
92
73
79
105
179
51
116
124
94
122
48
77
151
59
90
191
139
50
183
22
39
88
80
69
59
98
29
29
221
26
95
131
54
74
65
24
36
149
125
151
63
196
109
85
49
106
79
76
92
150
112
107
195
76
93
100
42
43
73
197
87
146
242
75
223
121
75
75
138
18
160
21
86
13
126
103
90
152
153
165
18
49
174
67
82
202
59
89
92
66
39
15
181
175
76
53
82
84
108
140
99
138
15
90
89
131
34
242
122
142
42
99
193
182
113
80
196
34
45
177
60
83
78
63
174
65
135
124
105
97
89
165
80
107
63
9
88
89
173
76
116
101
133
119
128
111
145
109
174
90
75
61
157
199
66
85
105
54
84
67
235
144
26
71
93
102
107
106
67
55
57
187
151
67
152
103
189
121
132
196
81
18
141
21
76
172
26
54
121
146
167
67
220
109
28
36
104
159
51
56
166
162
198
124
42
143
79
61
59
48
88
98
66
74
108
168
193
90
63
171
51
120
69
162
98
72
112
29
73
46
34
109
188
111
78
91
138
109
204
83
40
74
167
71
41
121
66
15
68
241
79
161
119
140
72
93
36
63
145
165
95
70
69
70
74
71
116
114
69
64
103
76
166
109
94
140
49
186
61
36
53
94
49
68
62
90
76
48
96
