385 262
561 375
734 303
734 567
290 100
54 29
279 109
740 180
17 446
497 526
614 114
548 746
44 48
393 551
450 422
59 346
768 221
744 159
199 102
511 91
33 440
300 528
462 230
224 188
586 423
716 390
288 177
364 37
471 207
138 558
175 611
307 101
429 62
630 486
310 144
577 440
64 165
423 755
595 168
120 674
318 180
377 684
285 0
26 24
103 289
229 310
88 613
609 108
257 716
283 380
387 338
86 92
725 524
772 190
164 543
733 658
563 362
605 516
332 104
661 536
529 409
510 173
317 309
1 685
471 781
595 228
125 279
775 297
397 23
290 170
93 75
27 761
677 283
135 758
66 471
459 586
148 755
386 430
116 768
525 482
0 719
525 660
561 113
547 488
362 477
480 102
175 568
525 48
146 572
114 729
151 204
329 224
431 741
412 602
683 15
768 159
219 570
283 407
689 497
501 547
500 781
797 58
6 640
168 324
40 340
502 314
178 248
285 490
20 93
405 734
530 280
695 509
597 476
566 685
620 211
46 370
509 482
40 400
135 713
232 183
584 686
273 727
631 288
384 482
247 774
422 579
302 281
612 736
747 414
201 790
780 748
17 751
529 61
648 562
602 224
76 186
262 186
641 153
291 589
710 98
142 349
123 256
248 480
265 784
637 572
729 243
76 735
43 308
284 88
482 458
215 793
146 623
616 130
769 311
736 40
553 52
382 48
231 473
626 545
500 605
415 364
349 731
470 476
513 315
594 241
507 519
565 445
38 463
627 346
396 106
311 709
498 771
421 113
437 723
341 196
324 34
334 616
145 427
735 192
712 411
246 240
483 62
617 156
337 15
689 33
747 509
566 186
638 437
111 382
143 472
739 117
342 368
16 683
693 128
358 360
440 450
154 185
554 594
561 283
41 386
311 121
4 524
636 401
585 179
88 471
222 780
636 315
526 635
645 721
406 450
59 467
163 744
52 267
233 394
517 566
364 183
58 85
651 400
618 137
366 401
59 120
470 666
168 388
640 235
42 143
485 711
149 535
433 342
132 306
335 62
161 509
216 116
30 8
361 58
62 238
777 218
156 398
284 564
724 77
738 130
309 329
135 622
55 307
322 429
300 672
616 102
215 653
364 246
53 3
565 561
271 54
424 82
182 442
454 771
486 775
53 284
682 319
75 257
421 616
129 71
797 391
301 305
642 681
379 608
544 422
229 743
362 601
89 649
749 301
552 97
503 179
536 220
780 196
406 781
247 498
630 795
14 248
6 686
545 303
533 496
98 755
239 465
784 378
8 665
8 541
715 101
763 619
7 351
562 791
756 520
424 60
119 478
325 670
429 352
501 730
188 215
541 527
678 766
352 70
218 364
629 314
491 172
694 756
458 781
3 221
319 345
274 98
230 622
426 448
196 256
668 374
435 716
703 245
14 26
573 312
504 507
118 389
772 665
602 121
521 98
381 731
455 26
40 427
497 288
707 799
308 618
96 88
248 207
64 59
633 136
181 255
696 578
524 732
524 604
138 420
285 553
467 747
503 22
717 137
382 762
328 261
330 358
375 557
66 658
420 346
219 276
157 103
385 628
25 635
408 108
254 178
461 293
524 262
164 457
282 707
383 436
232 640
490 729
490 238
688 231
458 738
681 279
113 232
561 25
397 268
65 507
234 22
524 702
512 685
536 529
775 373
388 122
344 584
49 683
296 137
492 256
473 292
444 39
232 200
207 223
269 338
639 698
552 365
346 525
618 418
676 27
425 267
318 734
777 418
85 734
66 200
549 68
110 633
268 484
249 688
503 137
609 191
620 242
313 74
497 503
220 326
162 209
52 331
35 112
229 233
286 317
130 302
340 364
76 205
228 257
176 237
64 254
11 332
107 243
125 372
323 351
295 327
247 364
139 190
169 290
74 117
126 261
11 367
160 293
80 277
19 155
63 283
109 339
16 53
63 192
136 379
270 301
275 381
67 268
97 281
157 213
106 330
24 264
194 305
243 355
105 323
16 178
148 306
53 178
97 213
99 296
95 139
139 238
306 366
35 166
202 310
28 375
63 131
69 374
316 334
48 205
22 376
24 382
250 306
223 361
101 285
52 133
35 60
225 332
156 169
26 374
50 240
240 261
263 342
275 297
118 280
79 399
62 194
139 184
122 314
68 377
167 284
63 348
293 344
25 202
110 271
22 28
206 314
154 238
83 369
131 192
181 391
48 121
335 393
209 308
174 215
197 369
225 357
147 242
7 235
141 362
256 300
83 399
51 259
37 254
126 240
68 290
151 241
96 237
3 55
46 151
86 88
109 273
4 398
6 18
308 355
65 164
55 381
3 185
266 325
89 211
311 320
120 381
106 228
72 122
100 288
178 190
76 389
98 185
91 247
214 249
3 133
32 169
56 163
254 336
321 377
208 297
210 284
293 351
237 335
204 322
96 335
257 390
26 350
77 355
216 328
182 318
85 319
140 236
178 239
183 298
168 202
72 206
19 181
206 361
152 329
50 191
145 178
45 380
99 214
36 216
103 228
113 127
77 160
66 140
20 322
198 323
122 256
244 356
278 352
197 333
17 272
79 296
110 323
137 318
0 340
121 143
126 340
74 291
219 355
153 370
125 342
29 226
177 334
110 376
259 328
181 377
166 384
36 220
256 310
215 371
78 146
216 313
184 193
161 170
59 144
75 93
303 336
50 62
173 336
134 223
167 204
102 192
197 296
170 354
298 371
9 214
182 203
98 158
6 231
255 304
211 280
169 233
110 358
192 277
100 253
146 343
177 316
50 305
138 237
111 158
62 240
7 145
251 377
74 204
267 373
223 312
277 283
38 65
278 314
106 180
253 303
36 234
127 302
108 224
180 295
75 214
262 302
134 164
302 324
190 239
189 204
226 230
39 146
160 355
151 246
115 242
14 293
266 372
24 35
38 152
26 378
12 216
184 385
112 166
197 207
189 236
11 113
152 245
51 216
41 161
178 235
261 341
19 82
110 352
234 242
141 257
167 199
224 390
62 305
51 346
44 362
321 337
36 224
14 209
262 297
279 369
56 278
196 295
34 58
142 252
319 395
29 88
49 97
15 287
147 287
105 352
204 291
248 313
315 369
15 188
163 376
161 292
230 252
3 111
369 399
73 129
77 123
12 313
104 115
194 240
234 304
173 311
109 320
173 360
275 324
70 108
59 133
185 286
72 312
330 345
95 285
138 176
149 162
59 111
44 147
169 251
15 147
2 67
292 347
190 338
46 267
231 306
145 361
140 316
8 365
152 318
17 95
69 119
268 361
58 298
240 340
246 356
163 278
118 267
127 381
234 390
81 333
81 332
222 252
191 380
351 386
52 111
222 236
81 120
199 322
9 369
33 35
274 281
212 276
49 380
123 308
187 217
107 383
7 272
268 312
195 209
99 315
249 296
45 180
92 109
267 343
352 376
11 294
153 268
33 112
213 299
61 319
307 356
149 315
39 389
163 323
65 186
24 56
48 143
6 374
103 299
12 328
58 148
92 311
84 243
246 394
195 308
336 357
82 318
39 151
95 272
136 374
181 319
58 233
24 112
359 397
142 281
114 203
20 115
292 387
39 89
7 95
309 378
164 198
132 391
121 244
119 379
10 329
71 80
143 387
122 168
121 170
275 288
45 330
247 386
253 336
284 365
67 153
181 337
206 256
203 218
90 196
154 190
175 398
188 222
43 328
93 125
27 398
190 285
33 384
57 144
21 274
20 117
148 250
221 368
238 338
105 278
45 299
24 187
9 279
13 93
37 303
109 360
288 332
175 298
25 217
192 343
206 397
4 31
234 257
230 291
71 389
98 133
44 66
185 388
105 227
250 366
110 314
189 291
41 170
147 276
149 195
156 229
115 316
263 325
47 82
191 341
167 322
191 305
21 142
196 379
15 255
180 378
77 308
180 345
254 360
104 287
306 398
110 351
81 207
245 329
124 205
90 141
171 357
3 317
216 224
70 326
39 267
297 324
23 327
77 195
142 157
22 270
141 212
99 249
222 353
79 279
376 386
352 358
212 390
241 267
40 350
39 118
214 369
114 223
49 191
232 328
25 310
77 243
119 378
40 91
177 252
5 232
210 365
141 228
74 322
89 389
293 376
129 205
275 302
136 378
278 376
252 281
289 331
145 272
228 330
10 38
13 372
17 139
5 313
32 172
79 149
183 229
173 357
1 60
71 277
150 205
236 353
98 289
240 305
52 185
82 269
43 313
74 365
93 342
41 109
119 350
359 361
126 380
180 309
124 150
29 241
26 136
18 231
97 142
132 363
68 233
156 183
319 391
67 282
121 265
294 336
20 199
38 137
93 258
8 204
139 385
257 362
238 239
94 385
186 271
135 220
301 395
180 350
33 111
138 266
14 77
269 391
98 111
171 360
125 263
181 321
179 388
233 290
332 368
137 218
193 285
203 223
4 6
90 106
17 193
299 380
162 195
161 354
0 364
221 225
53 95
88 392
63 343
182 245
217 384
87 391
57 296
19 85
216 326
156 251
212 234
7 239
8 201
248 328
127 288
89 373
7 53
6 250
212 242
72 145
342 347
298 349
130 317
255 257
172 349
55 262
94 285
111 185
82 391
89 280
90 309
7 338
112 384
96 356
137 245
1 314
22 358
2 145
177 222
28 270
10 137
192 348
44 228
107 335
103 330
116 162
156 172
34 174
59 112
189 334
13 266
100 332
251 290
175 250
180 330
26 34
290 321
152 182
194 344
62 380
218 329
107 157
50 219
4 250
30 241
271 375
62 261
292 325
311 336
159 333
177 353
65 396
19 269
249 333
354 387
43 248
153 256
295 309
84 123
20 365
104 242
358 375
133 158
85 181
51 326
54 230
263 266
212 257
155 337
152 203
189 353
46 392
53 235
258 347
26 174
57 133
26 327
90 379
87 337
192 283
132 319
183 233
107 142
80 283
56 264
65 223
325 335
177 236
47 329
1 24
240 341
61 358
168 310
197 214
117 210
19 132
40 200
348 373
99 399
73 76
121 387
55 331
92 273
279 399
80 373
191 240
332 367
27 156
254 303
38 218
79 165
15 242
171 253
35 187
25 370
30 96
47 152
121 205
39 343
348 392
236 316
114 359
251 349
126 180
119 231
6 31
148 398
183 398
0 247
88 230
5 216
156 290
128 310
181 290
76 150
95 190
213 252
193 329
351 376
157 230
254 288
232 313
11 171
108 216
31 200
83 315
57 83
106 345
45 103
190 238
266 347
236 252
246 307
20 204
178 359
7 178
210 322
304 390
264 382
75 99
29 54
269 363
161 273
172 251
61 271
155 391
251 371
61 270
222 316
88 151
97 191
105 163
170 244
14 195
85 251
117 188
48 170
7 190
165 214
155 319
51 224
208 275
137 152
15 115
60 166
206 310
361 397
86 230
2 361
341 380
113 367
269 319
9 399
33 158
10 318
114 164
19 319
87 155
147 257
92 320
69 91
78 389
64 171
57 59
44 103
78 118
267 283
33 98
336 360
269 318
138 335
201 210
32 321
156 298
23 378
109 311
58 371
349 371
109 173
34 69
171 225
229 298
179 187
49 243
157 274
173 221
132 269
203 318
18 306
72 361
37 311
12 70
145 312
125 258
113 262
48 246
150 265
82 132
283 373
133 144
99 165
9 315
261 305
40 215
192 267
38 182
77 219
37 64
13 125
8 167
291 334
23 350
117 167
139 338
281 393
52 98
223 359
69 327
68 183
244 354
164 223
115 287
101 154
11 208
49 213
158 331
46 348
43 216
134 203
256 361
60 382
22 351
344 376
97 305
47 218
22 352
170 394
3 59
292 354
102 283
106 362
145 268
378 379
238 285
83 279
173 339
151 392
115 147
276 304
17 338
48 124
15 44
351 364
96 307
89 267
17 178
45 261
73 211
5 248
207 368
42 250
111 331
182 396
175 183
225 368
26 119
28 61
76 280
49 341
47 137
2 72
11 275
149 279
13 263
169 172
102 348
91 215
3 286
277 348
44 255
113 332
330 379
265 394
92 339
30 392
159 214
129 211
286 331
67 370
45 309
63 373
245 318
375 376
26 69
124 387
191 194
153 282
372 383
31 34
65 397
171 254
303 360
73 389
188 316
31 148
187 384
294 368
128 185
256 312
262 317
34 200
30 86
154 285
90 135
12 51
215 247
200 398
14 162
43 70
291 365
54 189
145 153
36 390
13 123
81 159
75 125
48 244
69 200
189 222
19 395
163 352
59 185
219 305
171 332
106 295
278 382
48 265
167 210
6 200
35 83
119 180
33 57
254 357
130 324
57 249
9 116
207 221
18 259
38 396
259 346
268 370
12 220
350 378
30 356
80 146
97 243
27 298
225 336
265 354
271 358
354 394
364 386
314 382
160 219
226 291
58 398
110 278
218 318
29 230
309 330
30 88
108 220
282 370
168 314
119 327
22 323
113 120
127 275
258 266
169 349
138 372
283 343
116 369
16 67
102 373
31 250
25 179
62 126
4 374
106 196
184 238
286 289
344 351
72 300
17 190
269 395
66 228
24 384
357 368
85 87
71 280
93 266
72 223
32 156
39 373
204 353
101 190
56 382
224 326
229 398
176 325
240 380
137 396
108 328
73 146
34 374
251 321
35 264
57 112
107 393
334 353
227 344
64 100
58 306
223 396
363 391
0 91
6 34
221 367
41 263
225 311
25 128
84 219
161 339
198 352
50 227
160 194
32 233
105 351
66 141
105 376
56 314
41 320
234 255
33 187
326 346
86 96
37 320
41 347
188 236
65 271
4 34
92 253
51 220
99 369
323 375
38 203
100 171
97 341
52 286
318 329
34 40
204 210
100 303
91 136
5 51
218 396
124 354
1 35
59 331
193 239
8 117
128 370
113 208
280 389
273 339
194 293
12 248
290 377
65 114
145 235
256 268
233 298
207 214
16 95
164 397
219 243
210 291
130 297
171 303
80 192
169 371
142 393
45 345
38 186
82 155
21 107
178 312
32 181
145 359
278 375
25 256
78 89
94 238
30 226
20 167
79 264
242 287
13 75
227 376
79 116
261 380
90 295
77 84
169 298
84 209
373 389
18 148
217 310
285 385
27 233
19 87
1 168
176 372
129 150
8 74
253 254
237 274
135 390
84 383
337 363
70 248
40 69
26 200
203 396
103 236
109 161
295 345
118 146
105 110
119 136
64 253
295 379
271 352
27 229
38 318
40 340
168 206
208 381
239 285
263 372
276 390
192 373
213 222
12 43
54 151
162 315
168 300
121 354
79 83
137 193
189 230
343 348
69 174
237 383
190 193
252 291
221 311
337 377
204 334
94 139
351 375
40 174
173 225
157 252
196 346
170 292
86 307
214 296
135 257
313 328
154 385
87 181
124 265
83 165
373 392
42 229
317 331
163 351
37 173
236 334
104 117
29 30
358 386
106 379
160 191
72 397
0 386
63 102
21 138
3 98
32 377
106 309
30 54
104 199
345 379
3 289
11 127
51 108
201 284
127 324
185 331
116 279
67 145
370 388
163 198
270 395
312 359
92 173
17 53
267 348
48 354
10 182
171 336
12 326
44 212
93 176
40 374
53 239
305 380
134 396
127 208
123 209
122 164
255 287
131 277
244 325
21 383
235 272
175 233
177 204
28 301
88 226
141 234
10 152
16 17
242 257
152 218
7 17
86 151
2 312
112 279
292 394
312 361
98 187
32 251
172 290
166 279
49 305
231 346
260 388
29 46
14 160
343 373
92 303
288 297
91 174
70 346
32 290
61 301
148 366
140 188
358 376
305 341
52 59
99 333
9 79
168 256
227 351
104 212
96 138
139 285
179 202
165 315
127 262
84 308
120 127
158 249
128 260
310 384
46 88
273 320
262 381
114 397
212 255
64 357
101 238
10 47
119 295
8 20
74 167
302 317
83 116
76 211
155 363
91 126
17 239
108 313
66 103
222 299
111 289
28 271
220 328
163 314
125 347
81 225
87 363
115 117
75 258
56 168
149 399
79 162
142 274
243 341
237 372
237 325
187 310
207 333
113 207
117 322
78 129
206 300
14 149
78 280
115 199
74 201
121 161
75 159
254 294
27 183
62 340
138 325
15 117
274 393
76 118
290 349
8 199
68 156
137 182
244 394
31 298
83 112
153 260
300 310
73 89
232 248
21 84
71 192
10 82
9 75
6 148
39 73
342 383
48 356
297 302
327 379
241 392
5 43
95 178
135 234
311 360
165 296
47 182
179 370
176 244
187 202
189 252
44 257
93 263
198 314
48 387
212 304
227 293
99 279
294 360
34 215
14 308
298 398
100 336
189 226
16 235
260 282
166 264
19 337
134 186
134 397
20 210
283 348
224 328
323 352
65 122
150 211
186 270
39 241
23 231
76 129
270 271
143 150
23 26
266 342
88 96
22 386
180 379
242 255
309 379
20 74
36 51
4 306
0 50
93 347
25 260
60 264
23 180
112 158
220 390
102 343
97 380
70 259
12 232
205 211
116 195
140 334
50 293
143 205
67 235
274 335
1 384
11 100
62 191
128 179
10 218
68 321
9 99
146 373
38 134
234 276
107 281
47 318
208 262
122 397
116 399
37 339
102 277
76 89
10 245
33 59
34 306
252 334
253 273
323 358
24 217
175 229
168 217
21 393
131 146
186 203
170 387
11 288
136 180
57 158
116 165
44 141
58 229
154 184
3 331
28 358
148 374
128 282
81 197
182 218
23 379
208 302
350 374
35 202
176 266
23 119
143 265
77 209
35 217
80 131
24 166
59 98
163 375
100 254
296 399
133 331
41 292
22 375
279 315
186 396
115 188
29 151
91 340
285 338
53 272
44 234
165 369
38 329
86 226
8 322
49 261
50 364
214 333
136 350
2 268
47 269
164 396
60 79
113 368
16 145
86 241
30 151
50 194
90 330
6 306
297 381
89 146
1 264
257 276
51 328
48 394
88 241
161 320
55 286
250 398
54 226
357 360
105 198
225 294
24 60
64 360
81 113
37 360
193 238
159 207
31 398
278 323
267 392
37 109
294 357
396 397
109 253
59 158
3 52
15 316
209 355
197 249
157 281
114 396
85 395
167 365
92 336
5 326
178 272
339 387
66 106
350 379
4 58
335 372
241 343
69 350
5 328
122 300
205 265
124 129
216 232
123 195
191 243
22 301
172 371
6 69
132 337
1 382
173 253
362 390
199 287
14 355
98 331
50 160
212 362
12 108
87 319
356 394
176 342
218 245
194 341
146 280
193 338
309 345
62 341
326 328
26 40
1 56
147 212
83 166
174 247
242 276
94 154
46 343
179 310
306 374
32 349
40 136
16 312
58 200
46 241
50 341
351 358
76 78
259 326
95 338
327 350
347 372
65 134
15 199
26 91
202 217
28 352
174 340
73 78
4 148
146 389
19 391
25 388
128 388
106 141
160 227
220 224
185 289
114 134
70 328
81 368
5 12
329 396
87 132
41 311
116 166
315 399
236 299
63 277
160 344
84 355
47 245
138 307
151 267
352 375
149 308
163 382
343 392
179 217
209 219
85 132
13 342
70 220
31 306
6 58
66 362
123 355
320 387
323 376
71 131
239 338
171 288
7 16
69 136
31 229
196 362
110 163
179 282
279 296
9 165
99 159
39 46
136 327
204 365
320 339
87 269
159 197
9 296
155 269
116 315
31 58
95 235
252 353
230 353
100 294
137 329
122 223
156 233
42 175
93 372
277 343
92 360
177 189
121 124
13 258
216 220
263 347
255 276
70 216
37 336
64 303
43 108
100 357
16 272
118 211
213 281
77 194
325 372
23 295
111 133
82 245
296 369
116 149
181 251
90 362
73 118
222 334
176 263
164 186
177 291
198 278
165 399
117 287
300 361
124 143
32 68
7 193
104 255
165 279
37 253
21 335
332 357
101 239
125 266
55 317
122 361
141 330
2 153
73 280
144 249
159 249
294 332
295 378
157 353
79 369
27 290
131 389
120 262
43 232
37 92
21 372
115 322
162 399
291 353
71 146
24 202
157 393
132 181
82 395
273 303
81 367
367 368
30 307
244 387
140 228
8 210
56 60
221 258
63 80
21 237
180 327
148 200
96 226
301 358
49 240
120 367
159 221
32 85
282 388
23 136
79 166
54 88
72 256
17 285
148 229
200 306
54 96
129 143
42 366
18 346
95 239
123 383
49 299
42 183
132 155
66 257
120 368
213 380
29 86
83 296
4 200
113 381
156 349
171 294
112 187
54 86
184 285
79 315
233 398
25 282
51 70
337 391
107 274
161 387
53 145
223 397
177 188
249 369
188 334
219 341
127 297
105 382
357 367
82 152
277 373
83 264
202 384
61 186
123 342
139 154
295 330
118 389
201 365
55 130
335 383
243 393
35 384
253 360
191 219
188 199
147 255
15 104
122 206
270 358
6 398
244 292
103 140
225 360
35 79
38 114
105 375
300 314
342 372
176 347
31 374
72 359
139 239
129 265
176 292
302 381
78 211
126 305
82 319
234 362
50 344
27 175
75 333
271 301
114 182
85 172
195 355
13 383
44 242
121 394
64 336
120 208
140 222
81 221
294 367
247 340
103 222
144 158
156 377
281 353
11 120
211 265
65 198
135 224
2 256
126 247
117 199
52 289
74 189
375 386
60 149
36 135
225 367
89 118
258 263
194 219
110 375
182 329
178 338
307 394
61 395
296 315
208 324
44 140
5 70
135 362
33 133
94 184
74 210
167 201
42 398
30 246
200 374
58 374
110 198
162 308
39 392
104 147
238 385
65 203
216 259
66 234
15 322
139 193
74 284
27 68
260 370
37 273
144 331
18 366
66 330
261 340
327 378
145
192
84
69
56
116
246
151
229
197
87
40
45
164
80
87
125
111
39
132
220
26
52
33
76
143
23
108
75
26
164
40
136
42
86
208
17
123
47
123
64
49
20
107
60
121
116
50
118
20
115
86
74
88
106
163
114
89
119
103
229
228
75
114
160
58
80
64
149
93
58
60
97
102
111
73
100
154
17
241
75
49
67
94
88
193
178
40
183
39
38
96
42
12
105
56
74
100
112
154
133
122
17
119
223
110
36
85
47
203
91
14
199
83
110
103
164
101
92
89
184
131
115
72
76
70
94
147
174
37
41
121
195
138
11
161
191
168
85
16
69
74
75
97
95
127
76
142
88
80
22
151
72
79
49
116
93
178
154
142
37
98
110
181
74
75
100
52
75
146
170
111
63
159
93
169
82
61
16
84
118
80
59
95
70
104
121
144
160
75
90
82
52
115
78
87
55
87
131
80
80
86
62
216
185
203
117
121
171
21
54
112
137
175
51
209
66
163
91
40
95
138
32
161
63
82
13
78
238
130
166
151
113
47
117
35
124
48
208
147
219
176
141
73
35
96
72
58
24
88
86
75
159
51
53
72
53
145
121
48
205
104
143
137
43
89
103
83
49
56
186
64
136
120
67
160
98
25
46
76
102
97
49
79
82
174
88
66
153
156
110
211
111
86
46
63
62
18
27
31
140
182
70
156
128
128
169
70
49
60
111
47
93
60
119
35
104
111
72
93
198
19
36
68
75
59
162
37
88
201
73
47
143
169
74
154
116
100
35
79
72
72
210
95
99
61
81
67
142
96
102
43
66
100
97
55
49
72
133
63
47
77
159
53
102
150
89
116
180
115
89
77
29
101
58
106
92
27
81
42
118
110
73
117
93
106
115
21
112
143
128
71
99
183
87
34
119
133
84
99
193
121
63
140
185
103
47
163
32
85
47
138
42
198
105
115
55
29
84
76
192
177
68
68
77
72
140
68
82
110
85
122
80
53
111
79
103
124
104
41
40
74
127
119
49
200
199
135
117
31
140
148
98
146
103
206
79
36
86
47
202
150
170
112
63
109
73
56
47
107
55
45
39
123
107
186
72
23
92
47
92
119
46
137
112
126
180
39
60
115
148
103
90
74
113
52
178
89
103
138
37
71
95
68
71
123
124
37
158
57
87
95
219
88
189
166
133
81
106
192
100
90
68
96
126
66
88
32
165
204
36
75
40
36
43
164
167
50
142
193
55
60
103
30
36
87
57
110
77
44
112
107
86
132
111
27
163
214
83
146
28
106
108
102
102
130
168
179
87
25
114
61
64
194
176
129
79
35
160
24
132
91
64
73
79
14
89
64
117
100
131
72
75
190
74
42
131
82
97
217
130
138
139
45
60
101
159
194
88
149
46
21
210
207
106
121
60
104
93
128
131
95
190
58
82
66
72
53
98
37
107
179
86
180
134
154
124
88
151
40
158
104
94
104
68
172
74
15
157
164
81
49
100
44
137
67
52
71
78
64
125
103
68
154
85
61
186
78
35
52
44
28
60
27
32
121
152
76
62
70
64
98
78
90
154
85
48
90
78
71
67
126
115
178
54
52
72
99
191
73
103
73
66
70
112
88
26
88
218
101
55
162
53
54
60
44
85
111
108
69
116
74
165
42
85
114
225
98
169
82
112
114
62
79
168
41
116
106
102
247
161
114
143
104
153
32
127
158
43
106
116
51
98
163
113
121
94
43
148
89
129
109
39
83
91
84
96
60
80
90
62
84
36
89
14
103
119
133
32
69
30
62
123
150
131
65
112
194
111
92
76
111
190
101
86
147
115
103
39
46
87
35
70
14
53
164
74
112
63
82
112
80
117
228
101
21
160
99
165
71
71
31
67
104
64
35
94
145
38
153
80
51
168
77
144
214
9
59
155
26
95
92
140
62
174
76
37
84
59
67
58
132
29
57
114
77
72
140
59
80
40
68
82
75
90
116
116
75
43
120
222
149
196
146
88
118
90
103
98
200
208
50
198
141
88
78
69
78
111
91
63
40
156
47
152
41
39
171
118
160
71
109
92
122
53
75
70
118
81
101
27
52
83
108
58
102
124
74
144
182
139
61
23
57
71
68
136
120
89
116
93
87
67
75
229
137
153
109
32
96
14
207
42
150
88
62
70
13
75
63
10
53
28
77
157
187
258
38
65
65
140
78
74
100
144
212
121
160
191
68
206
179
90
98
105
112
103
69
111
95
55
65
71
52
37
35
62
151
63
129
137
131
134
172
116
39
43
230
150
66
123
177
109
57
90
153
93
82
63
101
150
185
91
41
41
142
26
116
66
29
95
83
173
52
136
100
36
56
85
71
144
105
94
53
83
73
108
120
246
191
114
69
144
49
77
113
188
201
83
89
49
123
216
180
25
107
72
68
80
72
76
97
23
129
105
100
49
97
41
65
74
147
113
82
116
165
128
75
74
90
128
70
128
168
147
75
49
69
54
72
103
51
97
104
122
70
105
75
94
75
85
84
37
35
10
77
191
67
85
58
89
156
165
157
122
115
114
100
130
65
111
47
32
72
60
42
72
117
81
20
189
131
77
65
68
127
113
46
24
51
63
65
162
96
103
100
74
175
130
102
182
180
49
91
146
185
100
16
59
67
97
155
76
103
157
68
191
57
53
139
102
36
114
74
97
22
110
144
178
69
62
56
194
107
179
188
109
32
24
52
45
107
73
180
51
60
58
93
150
87
168
42
172
82
69
39
61
78
43
79
129
85
91
121
79
134
212
205
115
41
136
86
225
114
202
51
204
74
79
119
78
149
96
169
156
130
79
82
108
142
174
114
190
172
88
88
177
117
48
47
105
58
91
122
104
106
33
260
193
47
154
53
114
62
55
46
126
187
65
112
107
107
84
135
105
170
139
92
71
39
146
240
85
110
88
28
72
163
80
109
71
45
100
105
13
50
84
110
173
234
56
149
34
142
120
117
135
42
118
180
33
140
331
46
160
15
57
174
58
83
51
150
177
98
157
90
149
206
11
99
33
149
194
98
183
101
194
104
56
19
88
44
110
128
18
139
23
85
353
51
22
32
114
46
80
153
85
117
75
166
180
95
142
99
50
57
112
93
66
48
146
176
101
70
32
156
79
257
8
66
36
26
198
171
67
87
61
107
72
100
65
102
125
72
56
61
95
93
94
179
87
46
67
107
170
92
90
34
133
46
96
21
49
27
33
91
54
83
79
88
169
178
62
125
50
61
49
70
117
23
168
119
153
62
67
92
80
17
40
60
160
147
48
84
97
189
75
150
160
74
92
149
176
70
52
115
103
207
66
76
42
62
128
108
42
222
38
89
55
144
193
120
174
210
60
105
113
140
82
76
53
110
121
85
88
84
66
25
81
43
94
82
147
133
26
86
104
64
84
111
113
20
177
86
55
129
148
185
40
87
161
135
43
53
133
116
63
111
65
74
138
63
96
80
132
122
54
57
78
169
89
66
10
136
51
99
98
81
111
156
20
80
75
57
109
89
79
179
70
71
80
28
78
55
74
83
44
204
171
85
21
32
162
110
89
110
117
191
53
98
101
35
209
92
65
125
68
39
94
69
92
135
23
33
159
70
165
126
143
88
119
106
84
113
58
46
26
66
181
91
83
101
73
103
13
24
79
132
99
160
72
123
84
74
71
186
139
44
71
31
86
71
236
165
118
182
89
163
91
21
84
79
91
190
153
58
168
58
84
127
160
55
75
46
69
52
97
94
80
37
71
90
139
173
139
140
140
104
55
156
164
75
98
79
106
55
94
141
31
118
11
61
92
21
187
158
58
17
9
85
74
68
119
78
37
31
32
66
81
52
168
30
174
149
11
182
7
51
134
19
178
138
49
110
68
126
93
69
156
46
68
59
134
95
68
78
72
39
55
167
54
48
139
90
39
133
71
28
79
153
46
94
78
93
103
87
99
40
64
150
41
102
62
30
135
62
86
179
129
44
60
150
76
94
35
57
76
109
24
94
106
56
68
176
157
118
95
103
134
9
58
90
63
135
123
120
129
75
40
29
171
119
24
51
164
139
94
44
62
35
120
124
101
60
64
107
37
181
102
38
65
102
116
94
103
108
41
31
169
128
52
128
82
148
44
49
94
149
93
44
69
161
74
138
147
90
63
107
61
64
148
173
141
151
87
113
69
54
55
84
53
112
137
111
75
99
104
55
104
142
153
153
59
122
125
136
112
80
85
97
191
122
124
81
105
64
147
103
47
192
104
55
128
48
105
47
107
154
88
211
80
136
111
88
42
137
210
114
55
129
110
143
73
157
79
61
82
151
46
45
45
142
80
58
55
100
137
112
142
136
89
64
95
118
100
160
119
155
86
127
71
68
86
76
148
76
152
72
88
82
122
86
81
174
55
69
94
117
149
57
123
84
115
194
160
99
95
105
27
71
129
183
98
54
76
38
56
72
104
52
74
83
105
45
140
117
135
71
92
28
23
137
170
94
42
89
91
135
116
72
129
102
198
77
118
89
266
104
53
62
133
122
81
100
37
