165 78
135 480
305 294
393 35
541 412
698 629
235 189
238 44
395 244
679 507
84 594
573 25
741 615
62 555
487 74
70 376
88 791
439 258
106 365
15 265
617 389
245 28
322 58
796 422
577 676
155 485
286 595
761 144
783 689
41 88
266 99
120 242
108 560
6 115
678 787
202 189
378 683
185 618
322 473
325 445
16 570
108 6
721 435
279 315
774 297
301 744
28 578
676 291
571 660
481 19
688 189
295 529
337 40
26 626
440 592
780 406
701 186
508 607
416 738
164 316
257 601
579 230
596 657
584 333
738 645
387 792
319 479
2 254
472 790
288 406
147 40
187 150
427 735
640 728
593 635
155 299
796 124
706 192
18 776
725 338
177 86
314 447
488 574
800 647
83 702
772 361
163 692
256 571
18 706
406 730
195 408
435 514
682 178
562 400
413 267
246 540
596 663
352 183
588 282
335 322
669 266
529 483
28 701
598 409
41 373
68 723
39 697
227 780
648 168
59 713
561 79
42 409
572 240
777 39
244 185
155 109
138 203
516 36
240 83
65 104
572 152
671 224
470 183
258 252
768 321
696 343
171 511
669 628
96 211
132 27
679 766
372 617
439 26
512 599
41 714
719 180
643 476
335 518
609 689
612 656
213 476
643 419
739 620
56 114
693 428
125 52
447 346
499 109
448 719
602 605
265 423
386 180
182 222
727 189
231 262
294 661
340 786
675 694
144 77
717 297
543 153
285 439
727 731
567 175
485 378
779 364
284 286
259 200
279 667
191 173
369 530
442 416
341 576
59 69
334 650
689 334
679 562
77 505
623 589
64 455
657 605
285 23
717 363
229 560
746 387
779 598
194 755
511 264
629 315
731 584
740 663
619 218
461 49
218 51
336 235
72 779
449 443
170 20
132 432
474 231
717 376
34 392
699 45
168 103
491 418
393 393
512 659
558 726
68 701
584 314
608 32
602 685
21 792
340 441
637 694
767 332
237 163
42 670
411 592
174 501
235 306
663 688
89 667
382 243
381 520
210 98
700 676
777 101
583 368
529 521
442 17
71 182
415 727
250 734
757 610
582 572
278 399
526 715
42 28
19 163
32 761
404 584
147 696
241 367
74 387
221 153
477 35
347 697
57 705
467 140
417 300
154 137
85 137
217 368
554 667
340 530
251 58
441 673
107 600
750 775
320 530
183 194
311 462
18 407
504 371
218 587
486 202
13 118
205 164
176 120
231 432
16 563
98 525
300 147
204 258
680 390
355 289
584 684
651 359
276 178
327 219
782 158
273 255
71 241
25 774
737 47
428 74
790 550
785 268
593 124
159 338
683 785
675 49
648 766
240 250
328 358
39 395
699 657
791 768
427 708
429 262
552 309
563 132
791 306
411 527
490 42
120 170
302 651
197 359
54 601
697 733
267 297
763 244
232 572
106 595
710 433
85 357
202 87
191 465
688 450
754 438
146 584
527 423
85 644
118 16
348 286
63 469
413 152
176 492
491 506
373 729
558 451
362 669
323 638
326 272
174 785
312 41
742 794
686 655
253 110
266 171
198 235
300 447
759 752
681 142
692 406
171 790
280 559
436 48
795 350
798 431
74 40
569 434
100 686
143 49
342 427
632 793
96 290
602 281
222 326
65 387
494 346
74 96
323 707
344 780
626 274
126 64
625 154
748 462
220 547
662 128
166 539
152 727
36 607
284 150
623 3
283 160
718 120
132 411
415 107
587 83
720 784
351 576
311 102
336 658
13 660
449 588
248 699
37 102
155 121
540 692
169 739
779 231
772 567
419 418
137 262
266 207
750 746
675 449
124 25
340 374
39 150
175 200
4 264
137 255
313 347
29 388
111 316
230 348
14 379
39 81
31 283
191 367
314 373
36 89
3 22
115 203
150 236
155 307
318 371
129 324
114 245
222 258
214 293
57 386
78 284
214 221
50 108
223 325
168 233
114 396
13 177
76 153
98 209
79 182
154 341
286 348
89 148
36 58
272 326
40 53
77 344
230 305
315 398
106 222
80 269
62 211
262 355
80 389
71 389
169 269
130 162
84 222
26 174
92 135
26 265
231 283
112 358
20 228
80 366
57 235
47 100
168 363
29 362
307 384
28 343
305 348
72 299
16 346
26 87
52 256
109 217
213 262
127 176
100 191
176 189
166 282
87 183
289 380
174 332
53 217
4 101
262 342
224 255
148 237
152 274
185 287
210 375
15 104
2 334
14 192
168 384
107 186
7 193
36 299
4 352
79 159
20 141
105 353
169 216
53 323
218 304
330 363
11 117
59 308
5 176
127 178
0 389
130 157
251 252
165 303
108 289
207 277
160 249
58 330
216 279
307 333
213 342
100 188
49 305
31 357
115 269
93 264
41 399
291 310
83 234
49 246
175 345
102 217
263 360
135 344
1 328
131 174
110 380
135 281
168 247
253 290
74 149
66 137
6 216
225 256
13 32
98 112
18 104
38 66
276 325
293 310
106 217
272 371
188 301
84 208
63 365
223 300
35 116
183 369
4 20
273 340
22 256
360 378
66 355
120 289
79 165
21 118
114 167
147 302
47 159
315 345
206 257
150 262
88 106
215 349
17 250
45 363
41 70
147 160
54 82
40 271
266 327
315 320
115 251
218 382
61 191
207 254
114 279
132 246
42 144
141 278
40 373
231 252
105 106
249 266
186 346
120 160
1 378
195 212
217 385
99 166
219 369
105 248
310 397
320 350
30 273
116 128
108 191
330 364
250 276
307 387
35 167
159 312
181 336
8 223
136 144
362 388
8 94
86 372
123 274
54 386
162 298
327 379
26 155
71 251
211 214
147 305
336 383
109 222
258 309
80 118
111 326
233 363
298 343
264 301
78 134
84 353
196 329
277 390
27 281
4 322
137 170
125 345
13 271
179 244
176 178
182 215
251 306
106 385
62 74
3 132
202 292
186 335
44 124
194 334
105 284
49 230
70 145
60 313
1 272
68 72
276 334
64 234
151 327
143 173
183 347
17 300
80 203
24 207
151 280
27 56
103 141
81 355
48 390
244 296
156 363
198 328
192 348
204 322
59 395
210 292
12 189
171 196
279 280
363 387
126 183
255 347
3 52
141 275
64 185
136 319
129 197
247 330
26 51
50 191
246 286
133 235
71 269
24 254
256 339
116 152
117 210
2 276
157 226
101 204
80 115
216 374
69 270
61 301
69 161
34 381
21 317
302 367
143 252
93 228
24 48
132 192
96 139
3 286
154 359
100 365
293 356
33 267
29 239
93 331
273 376
279 376
281 392
51 347
221 338
333 382
34 293
131 384
146 205
115 366
152 169
94 325
164 322
323 373
220 282
87 369
181 193
29 33
63 93
157 162
122 266
3 336
83 185
294 311
131 332
229 235
48 57
354 399
106 208
252 362
56 370
18 360
134 248
179 198
64 142
198 318
64 127
10 222
125 275
22 30
56 367
132 305
265 369
367 380
36 330
26 183
9 136
213 355
6 245
35 245
2 220
13 373
282 396
74 96
292 377
267 362
90 150
128 306
203 225
118 225
153 344
168 307
220 294
332 333
222 323
131 333
166 294
20 63
40 309
11 305
127 297
280 282
88 284
252 306
91 304
192 379
311 334
18 296
148 330
108 120
152 154
50 135
137 262
5 234
18 290
9 144
130 337
304 386
33 239
142 393
71 216
125 182
148 232
154 166
61 98
6 279
50 153
168 333
90 140
158 389
373 385
206 390
85 124
197 399
86 186
146 171
4 228
163 191
144 315
136 398
38 213
81 150
143 362
83 190
191 365
228 322
95 265
246 305
89 257
66 81
122 199
46 309
162 337
6 341
252 388
8 199
206 254
62 138
214 277
97 273
237 390
0 80
54 304
38 342
30 225
32 177
179 296
195 240
184 349
109 134
257 299
92 108
0 225
265 347
8 151
186 372
136 315
67 239
182 275
96 390
103 322
153 392
115 389
247 363
20 352
301 361
25 219
55 368
62 214
298 337
139 214
59 357
28 83
141 144
2 194
97 280
27 76
259 337
294 396
79 200
166 334
230 246
217 309
94 194
57 254
44 303
15 111
137 382
324 354
5 127
1 179
43 334
39 236
119 366
53 106
146 264
226 297
31 395
75 290
227 281
52 383
100 358
164 264
108 370
81 213
126 371
250 325
15 263
3 192
303 392
2 166
183 313
8 280
202 375
92 370
238 351
6 169
105 208
171 322
16 195
38 255
126 369
288 303
155 332
114 216
1 219
17 223
112 191
22 52
339 374
32 371
142 185
6 35
59 359
105 240
43 282
193 225
271 309
123 282
27 227
30 383
34 356
125 159
259 310
69 243
51 66
87 347
7 317
13 314
232 257
337 343
34 73
169 268
303 312
324 366
165 349
17 94
93 103
156 364
171 204
22 336
47 188
58 364
244 360
219 272
124 165
142 189
107 346
209 301
347 369
64 297
22 383
53 309
123 220
248 385
194 325
139 277
76 377
44 159
247 333
292 375
172 382
84 372
19 128
174 384
119 252
275 345
61 163
247 384
126 272
80 225
220 308
103 352
149 178
146 164
81 161
242 391
58 68
66 262
29 238
199 266
153 281
253 308
172 347
155 387
10 13
148 299
44 392
56 377
73 310
19 239
216 245
225 339
301 358
183 371
205 394
82 386
79 175
123 311
97 376
278 345
120 380
119 362
131 386
88 109
167 376
127 221
39 342
289 370
66 161
96 211
5 180
63 301
0 203
91 386
298 381
97 151
302 380
335 346
160 367
9 315
122 160
9 398
91 329
137 224
15 316
43 311
243 253
372 391
328 369
112 163
164 204
269 317
15 378
94 300
65 232
164 361
229 331
201 316
77 377
152 341
188 365
32 126
147 192
0 354
197 324
128 252
2 282
280 334
95 369
76 227
0 70
66 170
217 222
30 52
76 285
39 262
46 373
128 395
195 284
37 86
10 32
89 299
154 220
129 351
0 317
165 200
175 278
322 331
223 334
138 214
35 341
69 295
0 115
92 367
106 109
5 12
152 261
36 72
69 150
42 200
27 77
160 163
35 152
87 95
25 126
159 288
342 355
135 227
127 180
47 175
101 322
50 121
222 353
203 251
118 245
126 318
204 264
123 167
65 72
16 105
291 293
172 255
2 325
17 187
274 395
14 305
157 297
110 120
196 322
202 370
46 314
232 330
43 220
84 106
204 361
275 315
112 301
88 134
226 338
97 223
42 345
45 233
95 313
167 294
89 156
103 228
167 279
321 371
168 387
184 200
111 360
82 218
182 315
26 347
258 323
330 332
92 377
296 316
12 393
152 268
77 370
42 319
75 357
25 198
94 199
112 187
245 339
7 336
4 361
14 132
43 99
25 140
107 335
113 292
30 339
217 248
171 205
227 285
212 284
108 302
96 138
61 120
249 327
231 306
75 274
264 322
55 85
2 123
261 268
259 343
66 260
105 372
131 382
15 296
337 381
21 181
317 339
310 356
85 184
243 359
75 359
18 316
132 348
198 378
124 288
33 388
119 351
29 119
37 265
84 323
237 277
362 366
39 69
154 274
114 340
98 358
2 311
38 262
48 62
290 316
43 295
363 364
316 357
89 364
116 395
71 203
41 238
313 371
36 174
162 343
102 240
26 384
135 370
143 231
7 21
313 369
282 311
190 234
28 190
54 131
210 380
93 322
218 386
24 74
85 349
227 377
374 376
194 223
236 342
261 306
117 192
172 218
307 332
124 182
73 211
19 283
329 331
119 173
130 381
129 145
38 161
155 333
132 286
250 300
205 213
309 373
259 291
64 226
101 229
45 247
162 291
82 91
283 395
291 356
240 284
204 394
29 351
11 246
228 278
56 92
149 180
135 153
127 226
187 266
14 147
80 354
236 243
200 275
126 219
133 254
239 252
181 256
111 263
233 335
109 248
209 358
4 164
90 318
35 169
36 247
141 319
261 341
243 270
67 357
206 277
232 299
147 246
42 315
174 363
117 147
220 274
63 228
311 359
358 365
14 230
200 315
98 100
154 294
124 303
234 393
186 391
20 103
35 268
291 337
74 277
163 289
282 294
144 368
39 161
335 391
215 288
24 206
204 331
146 394
42 368
316 360
270 342
37 60
223 280
89 232
58 232
104 316
162 226
81 236
266 300
60 265
102 248
71 115
160 302
38 170
170 382
106 248
163 302
96 254
44 312
117 305
6 114
115 158
73 157
54 57
272 314
56 153
239 267
333 384
376 396
50 56
155 247
241 386
167 374
51 95
48 149
202 227
123 396
314 323
188 209
118 256
355 394
132 230
2 43
273 374
208 242
47 79
162 397
56 121
124 159
62 277
1 371
150 161
261 274
143 239
10 258
354 366
314 321
185 393
141 345
87 313
289 302
5 189
50 377
63 103
44 349
10 321
146 204
4 331
165 184
134 240
286 305
295 355
335 372
22 181
118 181
143 388
51 262
50 344
344 370
36 384
69 342
177 179
182 200
221 310
29 143
165 182
23 184
202 210
11 110
144 200
109 208
44 215
66 255
320 368
126 328
78 88
60 183
84 105
333 363
208 323
332 384
25 328
346 391
142 338
203 389
280 325
26 95
110 117
144 345
77 153
7 181
170 224
138 277
369 371
104 263
27 153
26 60
28 64
133 386
299 330
38 355
41 129
353 372
6 261
135 377
24 138
8 300
374 383
173 362
219 328
65 89
105 109
159 182
193 317
90 270
54 241
110 302
25 177
203 317
351 388
294 341
24 62
323 353
155 174
375 380
104 201
56 135
265 313
48 211
115 225
36 232
42 184
59 75
98 187
16 335
205 295
61 365
283 357
220 253
68 148
131 172
263 326
72 89
24 139
95 347
79 125
122 249
72 257
179 326
0 269
189 393
381 397
49 117
131 218
72 330
144 319
187 361
112 365
69 81
184 320
133 229
145 354
225 317
65 364
288 392
66 342
17 122
174 247
145 324
245 340
194 282
113 227
140 369
72 232
173 388
70 197
59 274
162 259
255 382
36 257
216 396
196 205
54 91
317 389
73 293
257 332
149 235
224 382
14 110
108 367
124 215
19 231
249 379
264 361
48 74
208 222
308 359
169 245
137 172
88 102
322 352
173 238
139 211
140 328
162 310
27 377
259 298
70 324
339 383
310 343
112 209
70 399
27 135
304 329
13 258
255 260
274 294
63 209
319 320
214 338
69 236
25 272
40 46
47 365
21 256
63 188
102 105
114 169
116 231
71 268
315 368
73 277
245 261
50 370
62 96
174 333
1 318
1 126
58 257
47 125
259 397
118 339
164 171
42 398
21 336
161 236
217 323
41 145
170 172
37 321
216 376
293 381
83 142
209 228
108 135
131 241
27 285
275 398
62 139
58 65
144 320
91 170
88 217
156 330
192 230
77 92
141 398
144 398
15 244
10 272
169 261
4 103
273 383
203 269
130 293
171 394
7 225
110 147
201 296
12 142
23 350
88 208
24 277
102 106
72 148
174 307
222 248
69 262
179 360
1 177
52 336
73 221
158 203
82 329
20 188
123 166
26 172
29 252
178 235
104 111
30 374
136 141
102 385
4 93
43 166
163 367
184 275
1 198
31 152
36 131
55 320
179 201
268 340
52 181
192 305
243 308
12 64
93 164
125 200
46 53
152 395
111 296
170 255
224 304
93 352
340 376
16 212
123 341
41 324
71 306
155 384
81 262
8 276
105 134
79 124
226 310
61 187
316 378
78 212
357 395
190 297
105 195
57 229
139 178
184 350
48 206
110 289
61 358
209 365
370 377
109 195
77 108
276 300
102 134
85 215
110 375
234 287
50 77
9 319
58 148
0 366
223 276
220 311
75 308
12 83
16 284
173 267
90 243
4 204
45 107
224 241
74 211
138 211
73 214
111 179
256 336
256 317
19 67
164 394
14 246
208 248
241 382
121 365
86 222
184 315
10 40
100 175
188 228
178 180
64 190
8 17
167 216
48 138
7 30
186 387
84 109
18 59
306 389
8 325
64 83
80 158
76 135
88 385
49 132
24 390
290 308
286 379
307 363
101 329
74 138
185 189
150 270
23 85
231 239
129 158
161 342
165 215
117 246
158 354
242 372
157 338
115 317
275 319
155 168
157 221
122 147
297 338
269 389
55 184
77 135
345 398
50 92
5 142
59 290
74 178
299 332
96 149
228 352
228 301
145 366
16 78
32 272
44 79
74 139
86 353
34 130
129 354
211 277
15 18
64 189
157 293
140 270
218 241
153 377
138 221
70 366
363 384
45 364
34 310
211 390
6 396
164 196
39 355
99 295
48 139
125 184
145 362
170 304
184 345
78 195
110 160
192 286
288 312
77 121
160 380
0 145
139 180
182 184
130 356
125 175
11 49
81 342
166 311
245 279
207 390
201 360
145 197
122 327
107 233
6 376
36 332
328 371
318 328
103 278
12 297
6 152
84 248
160 266
23 368
253 359
70 129
325 334
291 381
194 276
104 360
233 387
312 392
12 234
85 200
127 157
93 141
31 128
263 296
203 366
34 291
310 381
5 226
344 367
108 344
11 375
247 332
280 396
33 119
29 173
16 240
344 377
166 325
32 309
134 217
43 123
142 297
30 256
87 260
60 87
184 215
151 194
56 77
182 345
12 185
89 247
265 321
173 366
58 299
67 283
287 393
193 256
208 217
258 314
127 338
60 307
70 80
176 180
246 348
348 379
114 268
145 351
35 71
60 95
99 334
187 300
14 249
24 211
7 256
79 349
41 351
58 72
47 121
216 340
101 331
251 389
275 278
150 342
29 267
20 93
130 397
268 269
309 323
158 269
315 319
84 242
6 167
245 268
116 261
187 199
158 366
53 385
134 385
340 396
48 96
28 162
123 154
3 348
199 300
141 315
54 133
2 99
56 344
170 241
210 289
61 112
224 260
134 208
80 317
25 318
154 282
14 117
138 139
102 109
20 278
35 114
55 349
331 352
81 137
220 243
189 287
80 193
173 351
279 340
76 113
230 286
238 388
38 81
116 283
367 370
150 243
23 320
68 232
366 399
296 360
274 359
92 121
343 397
236 295
139 221
55 165
267 388
229 329
92 344
151 379
130 291
188 358
21 22
192 246
207 237
12 287
255 304
38 51
225 245
21 193
233 346
121 135
91 196
102 208
120 163
225 269
343 381
57 206
137 260
51 137
99 325
73 356
260 347
244 263
124 349
48 254
222 242
85 303
31 116
18 244
154 311
242 353
175 182
51 255
127 139
60 347
223 250
319 368
175 275
26 333
167 396
107 391
88 248
43 359
96 214
141 352
6 268
31 75
26 313
18 378
54 218
31 306
98 191
143 267
98 301
114 374
86 242
249 286
85 182
53 271
87 265
25 371
15 360
45 387
177 326
271 373
17 199
220 359
19 357
1 25
13 46
177 272
55 350
23 55
51 87
28 397
63 358
162 381
119 267
251 269
159 215
179 263
143 351
194 280
32 258
98 188
18 198
20 331
146 361
129 399
85 165
41 354
167 282
199 250
106 134
84 217
303 349
270 308
221 297
120 302
64 338
285 292
71 245
59 220
49 348
319 398
0 158
91 224
175 188
7 118
182 278
70 158
10 53
82 133
14 348
90 198
202 377
109 353
10 323
151 223
191 358
79 184
117 230
63 278
158 399
86 391
95 183
216 339
15 201
130 310
57 133
51 260
80 251
219 318
187 301
45 330
140 318
285 377
202 285
201 263
137 304
189 234
11 210
49 192
254 277
30 118
121 153
298 397
201 244
8 194
140 219
113 202
142 234
126 140
38 39
147 249
42 320
180 338
244 378
53 373
171 264
14 286
215 303
2 295
13 272
208 353
188 278
10 46
258 321
96 277
44 85
245 269
56 108
290 359
159 175
73 130
168 174
84 134
62 149
183 265
47 278
43 243
91 241
332 363
42 275
172 241
244 316
128 283
119 388
145 399
25 378
216 268
103 331
129 366
69 355
180 297
33 143
236 270
120 367
109 240
60 369
274 341
286 327
36 363
247 307
114 376
279 396
99 276
62 254
128 231
113 377
155 363
144 275
38 260
71 261
24 96
35 261
279 374
88 240
90 378
48 277
94 223
20 275
346 372
39 66
351 399
206 237
66 213
236 253
79 303
65 68
167 340
63 98
23 165
142 190
35 216
18 357
74 254
94 276
281 377
5 157
46 271
162 190
248 353
50 367
146 250
90 308
259 381
3 379
337 397
45 156
5 64
92 153
273 279
116 169
49 286
172 260
324 351
324 399
45 168
111 201
57 82
65 330
172 333
101 352
219 371
282 334
113 285
93 204
5 297
88 105
37 313
10 314
40 177
190 338
51 172
118 317
196 204
26 382
139 149
157 214
39 213
119 143
260 262
237 254
100 159
97 194
13 309
139 254
160 289
161 270
289 367
153 312
351 362
32 321
34 337
270 318
89 330
253 270
90 253
110 210
145 158
133 206
254 390
170 260
190 226
71 169
116 306
134 284
134 195
82 206
350 368
3 230
97 327
44 288
79 85
130 343
309 314
121 191
10 309
14 49
5 190
111 244
214 226
24 237
197 354
65 156
185 234
161 262
127 189
353 391
10 373
100 121
67 231
186 233
104 244
70 354
243 311
32 314
58 89
74 235
292 370
37 183
12 190
13 40
157 310
125 278
75 395
31 231
104 296
239 388
123 294
5 338
38 137
76 281
212 240
221 226
233 391
169 251
166 220
79 215
205 355
134 212
11 380
94 250
118 193
26 307
200 345
241 304
6 340
319 345
265 371
73 138
8 250
1 326
196 394
82 229
185 190
186 242
78 240
9 176
148 257
260 382
98 365
17 266
108 121
33 173
192 249
79
151
96
75
26
66
21
164
48
172
19
112
111
156
155
96
15
51
24
141
24
103
190
79
92
10
35
83
104
86
39
96
220
84
48
100
81
65
154
173
62
91
136
79
92
56
34
50
107
47
127
119
58
121
61
131
106
82
109
168
110
71
74
77
73
186
112
55
163
60
167
137
72
105
113
75
75
55
42
40
83
194
34
85
174
106
95
80
46
89
81
122
91
51
152
67
91
62
127
134
130
179
116
128
98
80
180
92
74
181
130
105
97
209
82
112
36
55
189
43
122
69
78
74
81
68
32
72
35
71
60
116
118
78
149
102
71
54
77
69
146
131
81
116
12
23
81
39
72
128
24
112
69
188
32
127
48
168
188
84
86
139
142
59
126
105
83
101
110
39
55
124
63
88
141
133
18
176
89
58
164
68
94
55
63
66
105
52
60
49
129
51
45
137
112
86
70
177
23
71
134
177
84
145
174
164
72
76
193
84
24
193
38
73
77
101
10
131
72
189
68
107
126
154
149
157
155
100
97
51
198
79
25
78
94
35
25
75
66
113
142
119
138
138
69
23
135
25
65
65
40
79
111
37
85
74
107
39
73
116
110
58
19
32
94
72
157
100
72
92
39
168
88
44
75
66
72
34
44
175
211
109
76
130
72
127
97
73
88
149
102
75
133
80
25
100
91
152
103
83
114
51
63
115
138
70
53
118
147
100
42
22
33
40
137
156
44
65
21
185
118
24
29
110
60
40
134
100
101
213
146
76
173
85
139
161
86
116
66
131
122
48
149
148
156
84
209
105
32
56
109
104
131
47
213
54
71
184
181
132
172
90
146
49
177
76
76
125
41
68
97
148
95
54
76
129
193
135
118
113
57
108
34
112
62
60
103
116
160
68
99
88
69
186
131
61
210
177
90
115
201
95
57
161
144
139
236
84
152
143
164
72
31
85
90
140
98
102
152
141
124
123
117
100
82
124
125
181
107
52
73
45
127
52
70
107
112
90
41
177
90
73
61
186
94
141
182
52
56
84
85
52
35
187
52
109
176
99
124
84
29
104
105
83
117
147
116
119
183
61
159
116
75
19
72
161
170
70
68
127
130
121
113
92
121
116
85
98
50
69
115
101
48
130
175
105
40
99
75
55
45
180
110
75
205
133
95
57
53
42
167
73
93
27
112
51
54
136
149
97
116
26
24
149
254
137
42
114
59
90
56
75
170
114
94
69
48
133
71
42
136
163
133
33
147
87
139
71
127
39
136
92
52
89
184
139
151
63
121
167
146
46
118
26
189
116
27
62
107
16
133
35
80
229
26
227
111
54
72
89
146
42
96
69
132
179
118
42
193
94
98
157
29
107
105
9
64
31
164
60
146
100
170
48
48
104
59
57
183
54
141
76
72
34
95
104
124
24
111
70
83
269
41
67
89
142
89
49
78
80
184
166
109
35
235
75
74
82
45
192
102
31
82
106
38
148
86
49
119
12
83
135
212
124
153
116
33
37
57
61
142
155
63
111
139
50
99
97
228
113
92
27
54
178
87
91
122
206
53
74
49
87
88
155
79
127
189
65
47
168
48
223
52
67
45
143
42
125
119
70
66
45
67
181
90
152
58
61
44
179
50
166
93
81
106
98
93
125
69
175
64
45
178
85
28
108
164
51
78
74
104
103
97
49
84
126
84
48
51
81
203
96
218
45
65
124
176
88
121
31
60
184
86
129
92
59
224
106
30
83
96
85
76
168
142
43
92
130
152
89
131
136
173
36
91
98
173
187
89
164
230
162
136
125
148
164
30
77
132
129
34
148
71
81
113
58
135
123
95
164
53
37
81
213
132
98
55
64
143
156
41
58
182
28
56
25
135
66
131
84
82
97
119
162
57
29
78
20
74
48
36
199
160
111
124
164
98
138
107
197
65
39
76
194
170
76
25
61
59
58
77
208
91
52
38
93
30
182
25
100
74
131
119
73
183
194
151
120
241
73
46
52
122
48
92
89
146
28
172
120
105
176
169
86
112
120
36
110
138
274
185
51
164
28
88
186
60
108
141
106
23
95
106
70
36
198
23
38
68
133
53
36
160
84
116
126
78
64
123
11
131
78
77
90
100
62
119
58
134
26
50
113
41
70
50
174
77
96
76
159
110
77
139
97
111
184
103
62
113
213
152
14
22
104
87
91
97
114
81
128
66
149
68
35
59
78
143
53
24
102
87
173
177
61
86
48
138
21
91
104
100
84
184
222
72
134
122
48
151
20
70
39
79
122
60
144
83
76
168
72
72
122
38
37
56
58
126
54
61
75
134
188
167
67
165
101
54
140
165
209
153
133
111
23
69
134
61
65
96
82
20
152
60
114
96
165
165
127
35
68
68
47
49
202
104
78
200
84
38
27
78
66
38
205
141
107
59
62
77
20
34
65
46
155
59
68
117
71
79
46
156
119
167
44
112
75
66
13
81
33
129
69
90
64
159
156
89
199
87
52
135
121
259
33
22
33
94
145
113
62
24
105
251
202
133
93
78
86
97
112
41
76
83
41
79
99
23
91
114
69
114
119
133
28
160
123
122
111
132
29
19
91
41
92
122
92
78
53
143
118
139
27
51
34
101
72
80
166
147
137
80
105
52
137
44
128
124
28
12
164
71
53
98
97
88
39
69
33
93
124
72
85
31
114
94
109
67
160
215
46
61
114
109
51
57
45
112
76
12
95
25
107
71
89
100
98
173
25
78
134
82
123
18
31
161
64
82
61
86
49
104
132
201
77
68
133
91
132
93
155
143
122
94
120
177
113
41
110
144
167
106
190
80
69
60
57
30
117
44
146
101
23
67
47
96
156
9
14
14
73
32
21
39
41
75
63
132
156
54
128
94
152
148
109
65
143
102
61
92
129
99
39
82
147
143
118
110
88
53
179
98
138
61
67
81
215
62
98
118
38
86
81
74
40
194
81
14
210
122
32
143
33
79
127
115
95
22
143
83
90
103
182
165
172
57
74
93
164
90
168
93
42
49
147
108
24
62
51
93
67
60
165
166
194
113
78
124
139
136
114
21
42
95
121
119
49
81
109
22
149
110
159
152
81
151
173
110
47
85
97
85
140
207
46
226
120
63
62
87
284
74
44
98
64
66
82
71
129
101
97
72
110
68
26
101
109
58
37
70
104
150
27
17
128
14
40
100
48
47
39
73
56
133
166
157
198
83
23
179
68
82
31
167
26
71
49
55
67
77
57
21
209
127
42
117
113
57
91
53
142
66
94
119
79
72
107
70
137
188
101
81
98
168
69
137
101
151
15
200
38
25
102
79
47
138
181
118
79
29
144
64
86
101
137
61
87
165
104
28
32
109
92
75
102
33
27
116
181
128
76
41
131
10
109
110
128
52
98
87
142
168
68
127
113
133
148
114
114
122
99
139
39
76
169
17
79
91
178
203
188
41
207
44
43
65
12
40
148
157
52
64
113
119
152
59
183
140
171
90
36
25
122
91
28
126
50
71
42
125
49
84
140
165
157
74
56
71
126
28
51
91
103
28
102
128
86
44
158
65
131
139
199
202
45
65
122
135
35
109
80
47
46
88
75
91
70
102
63
78
39
131
132
158
110
98
17
161
146
130
36
213
126
129
107
197
44
38
209
135
21
187
103
95
30
120
108
115
36
111
158
42
52
94
196
123
92
58
257
163
128
68
65
51
135
91
55
48
107
164
105
125
119
52
170
109
86
76
106
103
94
101
174
98
82
71
109
59
27
139
111
132
100
82
107
102
138
135
49
165
85
73
132
75
36
137
56
183
102
152
20
199
51
81
64
48
176
60
79
32
90
39
128
153
106
140
139
29
64
123
205
21
53
78
199
147
112
21
21
72
89
100
43
61
122
135
88
33
55
168
75
101
124
34
23
108
131
54
136
83
123
48
142
131
136
84
83
170
75
141
85
77
165
98
71
71
64
102
22
62
168
107
157
148
27
211
98
51
154
96
98
38
87
62
193
86
64
155
106
170
33
162
79
74
94
133
99
47
216
114
59
142
127
84
67
73
76
60
124
128
132
104
124
148
135
46
82
76
105
125
78
121
122
87
55
116
35
56
165
50
72
50
157
68
119
160
128
134
82
48
138
122
136
136
40
89
82
52
239
82
56
109
45
27
42
70
152
79
65
53
105
75
38
149
163
55
102
82
252
39
82
65
86
58
114
147
179
153
170
24
134
113
177
148
58
61
224
147
124
117
119
113
87
79
122
147
27
133
53
96
169
70
102
72
82
42
155
45
76
102
60
161
164
181
109
109
156
153
88
41
39
169
104
156
102
91
109
138
161
101
144
101
68
88
105
93
127
76
94
54
93
66
73
81
65
87
184
94
129
144
93
135
79
112
148
73
133
35
92
127
58
114
121
61
93
68
67
122
191
57
70
183
129
91
14
104
103
24
93
163
217
130
99
123
99
99
185
59
84
41
56
89
39
78
54
176
79
63
42
117
137
115
73
48
132
78
119
52
117
104
53
87
196
46
91
108
165
26
156
117
72
91
152
91
204
198
