323 798
506 300
651 288
175 589
623 602
622 104
346 323
700 449
384 441
287 549
147 768
250 591
84 25
89 471
516 302
671 455
781 719
190 0
131 54
771 667
351 740
792 29
498 10
721 347
782 298
153 300
300 471
57 613
52 721
443 563
612 541
74 753
789 305
519 144
235 437
289 152
316 768
687 446
648 477
188 125
118 746
557 76
747 64
305 612
25 465
373 596
621 152
660 570
343 68
633 61
115 539
460 178
776 68
559 196
582 266
177 238
34 741
190 589
244 530
641 456
174 382
428 236
722 166
465 544
177 295
610 77
405 590
287 779
88 431
412 252
6 524
639 569
28 540
209 699
285 461
396 777
61 198
635 564
409 355
318 73
223 622
305 556
283 292
212 274
378 507
138 300
82 722
545 756
111 442
294 689
212 525
701 234
539 526
789 787
462 530
52 270
659 312
581 578
592 157
618 131
766 585
615 328
650 216
436 436
702 330
479 769
720 484
528 318
73 150
354 504
421 698
116 166
689 218
264 471
468 32
349 334
538 702
294 422
633 587
14 538
150 196
508 533
171 795
558 442
582 234
462 37
269 290
426 707
167 746
472 156
452 275
176 712
570 394
408 720
611 587
81 678
410 220
418 44
537 544
371 509
674 570
158 260
771 795
624 614
650 394
449 177
265 190
137 181
257 782
491 541
650 294
773 323
90 589
294 657
94 275
443 238
341 590
601 369
599 8
193 470
542 282
250 694
389 227
372 364
719 457
47 404
426 587
368 465
544 92
798 594
216 404
284 562
795 614
260 492
5 787
432 405
698 389
666 669
328 764
481 587
666 735
485 435
556 747
596 518
214 141
178 640
27 223
292 455
455 645
375 464
284 418
626 298
317 450
607 739
227 518
751 374
295 634
370 88
438 501
694 734
45 328
552 472
619 335
680 361
388 562
99 101
93 303
521 99
116 212
755 473
738 335
171 436
732 757
24 396
40 138
329 466
224 535
263 570
343 583
433 672
197 590
224 676
652 207
159 543
55 300
553 500
445 48
494 677
67 556
346 682
759 630
363 603
372 292
187 256
313 561
211 688
415 730
33 264
404 1
695 564
520 269
502 735
320 640
374 271
331 119
258 43
635 366
631 330
655 769
413 106
71 587
44 631
497 294
420 714
292 124
433 18
419 39
568 477
388 292
395 22
677 767
487 582
80 409
706 466
660 126
265 149
428 205
243 595
509 448
681 452
249 110
439 470
52 377
412 336
781 497
513 245
695 580
707 199
791 351
423 257
363 790
322 167
704 106
731 70
625 451
399 0
169 96
625 466
527 794
344 556
726 452
13 115
513 477
209 476
265 635
90 608
203 259
21 444
305 327
553 357
249 409
643 602
635 636
481 104
677 538
73 113
144 78
705 418
357 278
630 575
564 237
315 407
481 21
456 421
299 510
147 636
639 695
122 395
649 331
556 28
277 357
128 777
271 550
506 776
672 369
301 578
349 293
366 79
762 793
288 113
149 103
155 781
153 416
230 354
66 199
122 108
421 316
94 177
641 166
21 474
673 723
581 729
1 124
705 152
556 341
595 682
4 619
427 196
606 397
313 171
29 278
239 359
426 666
113 578
490 643
126 516
267 726
591 719
212 570
503 482
248 743
759 81
27 657
409 787
80 330
654 357
740 631
320 542
779 655
400 488
291 38
734 316
724 781
707 49
380 184
521 316
608 169
512 583
622 36
513 643
56 759
220 719
186 209
64 380
464 102
260 78
73 494
345 122
115 256
693 328
703 165
371 348
509 496
403 12
263 482
588 381
689 208
449 394
289 166
168 641
80 399
244 387
201 359
193 248
307 324
26 190
53 54
160 275
107 299
125 137
57 399
180 260
197 249
3 57
100 239
65 158
268 292
142 212
85 233
118 302
249 387
118 143
202 395
127 133
87 341
61 69
93 212
302 316
115 163
169 230
154 350
178 280
239 301
262 332
9 322
171 234
23 151
149 359
68 88
195 210
192 314
124 376
327 387
82 298
209 290
132 157
199 340
8 189
123 225
250 295
44 262
78 273
101 365
80 358
7 59
248 341
85 141
81 322
96 246
155 266
317 383
161 360
130 336
49 65
7 37
301 302
284 287
303 384
16 142
111 208
102 222
227 379
215 369
225 392
129 249
292 392
68 383
220 315
68 165
38 284
73 131
70 228
3 223
195 278
13 262
125 312
34 159
48 259
17 286
92 292
165 317
45 204
34 300
246 348
266 374
227 354
324 365
60 300
135 251
141 233
196 242
21 283
30 47
81 218
205 214
249 327
40 331
88 355
2 202
182 345
88 383
245 270
153 294
50 386
160 240
90 216
16 328
343 390
115 298
129 384
131 381
322 367
23 176
33 207
32 195
82 320
70 119
18 330
11 322
4 302
50 295
164 269
108 147
162 279
297 339
15 106
173 322
169 172
58 90
21 361
256 285
260 328
353 355
113 159
48 329
1 240
28 174
126 296
226 249
83 141
314 394
112 277
220 267
145 155
263 307
178 356
55 208
15 37
176 324
241 323
299 348
265 281
364 383
105 236
180 193
4 77
26 173
75 127
154 237
30 97
216 358
233 296
228 250
199 372
186 237
49 378
177 199
251 353
96 389
124 240
112 390
201 292
4 97
7 176
144 176
96 324
189 192
49 319
52 373
65 378
238 255
48 244
190 311
88 262
49 282
84 189
271 313
70 72
122 131
15 290
9 81
143 316
153 356
78 336
35 270
60 170
39 335
53 98
37 176
101 191
91 102
104 151
20 67
341 345
335 337
340 372
69 155
305 337
55 83
51 155
23 389
285 393
220 358
147 382
169 366
147 208
89 221
42 373
197 256
129 145
27 295
123 201
95 334
4 134
213 272
119 250
244 329
276 366
349 387
60 317
224 237
109 215
136 155
144 284
194 394
97 138
62 282
46 53
152 228
72 152
312 319
208 382
45 218
104 324
131 235
114 137
133 352
108 334
94 392
44 165
182 357
151 278
218 367
1 252
176 269
225 257
85 364
71 301
5 168
199 328
247 324
219 236
39 147
190 192
114 312
15 269
123 257
119 346
219 253
273 397
258 391
72 386
44 297
79 254
123 132
282 343
329 387
63 179
33 384
45 66
243 326
254 329
38 263
268 359
115 273
13 165
111 306
200 350
200 237
110 236
47 134
191 247
68 213
263 274
28 380
89 294
52 361
27 346
300 320
121 179
338 396
272 364
109 369
155 275
281 387
136 243
262 272
69 279
15 284
104 318
216 220
227 352
142 372
41 65
170 190
152 353
161 356
81 171
156 325
189 369
110 253
73 399
14 107
40 321
286 335
188 227
26 109
97 183
101 299
140 239
302 345
275 375
250 362
202 348
22 255
234 367
19 169
212 248
264 282
260 316
17 245
126 351
207 319
125 255
159 194
222 277
232 391
39 330
48 197
121 261
127 219
230 366
185 235
11 80
40 122
10 40
44 213
79 245
171 325
18 205
259 327
146 281
254 387
68 332
248 316
108 305
190 351
334 388
214 305
2 101
20 280
113 173
10 131
165 272
23 104
107 344
193 199
23 371
20 253
341 357
23 210
256 393
244 265
121 292
13 297
1 375
257 292
6 163
214 342
33 41
199 316
278 371
87 182
282 373
69 336
126 333
160 375
58 173
1 107
3 267
20 133
144 203
65 319
305 342
252 344
135 362
79 370
120 382
65 264
224 350
4 71
228 355
316 357
36 75
41 207
8 175
219 352
48 79
249 303
61 145
80 267
96 101
56 86
74 190
247 318
12 18
317 364
80 217
19 100
137 393
110 188
57 353
41 158
360 381
20 89
50 152
153 229
77 239
213 297
63 377
157 348
166 188
141 206
42 62
305 335
270 286
253 352
88 386
146 265
182 288
180 357
50 223
31 40
115 258
25 141
181 268
34 113
45 234
249 256
104 365
61 136
157 246
250 251
51 266
70 339
90 358
75 280
73 128
49 99
38 269
22 226
76 334
89 356
100 368
51 129
147 334
181 292
149 292
329 398
236 253
91 390
73 235
44 119
125 256
170 332
122 321
28 135
6 391
3 185
63 149
207 303
85 154
26 74
103 181
43 234
105 323
354 377
226 256
211 293
139 289
35 146
199 248
6 326
267 322
198 271
87 357
78 163
162 266
34 170
6 115
8 369
51 347
349 398
340 345
69 326
319 378
78 115
343 396
230 276
76 337
146 349
361 373
197 327
88 211
91 112
112 396
177 302
75 178
44 339
264 283
189 271
28 86
193 357
181 392
77 143
25 55
255 312
63 121
234 325
157 395
177 345
233 382
140 301
206 388
250 346
133 229
359 392
200 272
8 84
76 208
100 230
213 339
94 149
100 366
15 164
203 324
58 194
243 308
84 204
265 385
84 369
84 289
350 364
92 121
283 361
90 173
108 335
80 220
16 172
177 366
77 183
26 113
274 290
111 335
340 357
48 327
193 260
272 317
76 108
129 347
23 195
94 359
86 380
116 379
187 311
173 394
90 223
53 310
71 239
251 295
73 221
108 208
103 313
168 319
297 386
248 340
63 261
16 19
98 264
31 56
59 287
320 333
71 134
300 333
192 215
11 325
355 386
27 135
322 325
96 365
77 304
39 270
31 174
81 217
266 279
141 154
101 157
339 386
92 257
45 166
126 298
9 11
191 202
298 326
42 343
254 265
0 280
62 390
128 321
61 266
28 56
111 330
140 304
170 211
4 143
203 246
177 301
271 369
210 389
131 185
121 138
10 381
47 71
201 225
69 266
234 322
273 336
25 83
208 337
344 375
262 297
284 348
74 394
81 289
35 398
57 223
121 149
223 358
221 381
76 186
149 261
2 96
223 355
140 276
390 396
254 385
123 268
161 235
137 259
148 381
163 311
206 224
17 306
3 315
164 263
288 323
131 399
104 195
172 366
77 97
171 267
13 44
56 135
228 251
356 360
46 102
172 230
37 307
157 202
224 388
19 172
188 352
81 314
152 251
1 275
258 279
127 253
255 285
12 205
348 365
33 98
170 300
148 356
87 241
130 258
160 299
185 221
86 321
5 46
7 209
124 310
18 306
47 118
176 195
264 338
145 374
74 314
0 20
305 306
136 162
45 289
74 113
79 385
89 242
20 75
11 267
54 275
101 150
217 234
151 195
204 289
47 276
46 99
16 372
195 307
157 299
82 326
74 192
31 331
42 283
240 310
205 335
226 312
194 358
106 269
35 265
51 384
134 309
298 391
269 287
133 219
103 271
262 383
200 213
186 337
5 282
92 138
9 217
108 291
268 313
64 296
184 330
43 294
313 397
5 376
67 89
111 120
276 304
102 124
269 290
100 172
66 166
130 240
35 387
14 275
129 303
23 324
265 329
105 241
34 74
83 296
286 306
280 363
57 267
35 281
226 285
119 228
138 183
64 333
131 221
329 385
173 194
11 171
305 330
326 391
29 121
117 187
57 80
212 372
19 230
194 293
2 318
257 284
311 320
167 369
148 178
169 368
318 324
210 278
164 209
77 140
136 279
168 303
102 396
321 380
20 178
137 312
57 220
4 118
38 59
79 329
112 222
16 212
118 140
42 52
217 322
27 250
24 32
159 170
67 280
137 327
131 321
54 107
218 289
187 314
316 345
15 307
74 300
127 236
37 59
27 72
94 198
111 147
160 252
97 118
124 222
153 242
120 233
205 286
31 86
80 294
185 315
300 351
95 206
162 258
102 376
96 104
90 159
176 365
104 210
11 217
153 161
162 374
77 301
35 254
82 308
132 246
150 389
271 397
123 348
69 347
73 161
5 99
67 360
141 296
109 367
117 190
197 244
136 374
11 196
134 143
14 130
112 338
84 109
216 322
76 95
255 259
13 339
120 337
27 152
80 221
193 341
191 365
177 340
103 397
24 210
268 392
317 332
14 375
257 287
71 77
164 176
71 304
14 160
149 377
6 273
277 396
235 399
217 294
114 393
240 252
88 165
224 364
63 166
144 348
320 351
98 338
92 392
206 237
10 331
43 231
138 392
63 198
273 391
31 321
256 312
64 85
79 327
202 365
193 345
231 242
166 231
182 241
250 353
219 354
25 233
277 338
125 226
141 382
95 200
154 388
25 85
222 338
34 211
90 322
236 352
308 326
36 356
281 329
261 354
187 215
17 385
259 393
226 393
6 232
57 358
164 307
189 215
160 310
47 309
110 127
40 86
187 394
366 368
238 259
30 309
135 295
179 261
279 336
330 335
36 360
72 339
226 303
139 204
232 336
266 347
58 358
113 194
69 243
175 181
7 15
127 188
66 231
68 297
235 381
89 360
69 232
92 359
16 199
120 147
156 242
97 309
68 386
125 303
29 261
89 196
116 241
61 155
347 374
26 187
159 211
193 316
128 381
348 395
159 332
24 371
96 150
210 371
234 289
134 302
101 246
5 41
114 125
114 207
301 309
92 149
139 189
61 347
328 372
290 307
23 24
204 231
281 349
15 287
94 179
10 128
16 366
23 203
87 345
263 290
225 268
114 255
16 230
29 63
7 269
238 393
55 382
32 151
53 376
75 236
6 243
186 224
71 309
0 148
103 189
73 381
8 271
279 347
138 149
29 198
245 385
121 359
232 279
243 279
36 67
158 319
265 349
77 118
74 215
39 306
217 358
59 269
116 288
203 318
48 370
236 363
123 292
183 257
109 289
226 255
206 350
32 371
61 374
38 287
243 336
6 298
15 59
120 208
193 340
25 364
11 358
240 375
187 300
172 368
51 61
179 377
213 383
177 316
226 238
208 334
186 334
147 337
20 236
256 327
110 133
68 272
356 381
76 214
166 179
3 220
324 389
118 301
46 338
262 317
104 203
254 270
180 199
235 356
54 124
28 40
115 391
70 297
231 289
142 199
252 275
143 177
7 38
117 311
2 102
116 193
196 229
282 283
33 145
192 311
208 388
238 256
248 372
93 260
92 97
102 338
137 249
244 398
78 175
132 344
10 122
288 341
239 304
95 388
20 36
95 237
183 287
127 227
269 284
128 331
138 179
182 323
65 168
270 329
5 158
138 225
87 116
306 335
220 399
98 99
89 153
18 305
142 328
69 258
67 356
118 309
1 14
209 263
93 142
295 362
4 301
148 360
127 241
113 117
72 346
55 141
141 388
40 135
109 189
188 379
12 335
144 246
113 293
184 270
318 389
58 171
138 377
171 322
92 183
154 364
24 278
147 330
22 256
167 189
37 263
145 266
120 388
156 218
37 38
275 310
165 262
331 381
76 111
232 258
56 174
145 347
43 81
42 361
26 167
40 131
9 314
88 317
95 154
180 212
113 192
86 174
72 228
149 198
241 341
31 135
217 267
54 160
30 71
77 134
29 179
0 75
105 253
55 233
95 224
25 154
7 290
271 359
152 315
33 129
262 364
44 68
82 126
246 395
69 162
215 314
291 305
224 272
48 254
72 250
5 98
4 309
107 252
245 254
87 105
122 128
73 356
43 196
184 265
156 204
59 284
49 373
50 250
156 289
19 212
1 160
222 343
9 367
103 198
87 323
203 247
181 359
55 120
289 367
299 395
265 398
8 313
282 390
125 393
87 288
4 140
106 209
79 244
206 364
228 353
173 314
321 331
16 93
264 373
9 325
94 166
137 255
349 374
98 376
25 296
71 118
130 252
184 286
36 280
137 197
7 263
245 329
73 360
133 253
37 106
47 77
21 373
16 368
151 210
269 307
152 250
194 216
95 350
101 318
181 271
35 244
161 294
78 391
140 309
45 231
29 204
239 366
92 377
222 390
218 242
176 307
10 86
161 221
246 365
169 274
53 124
277 390
63 94
0 36
227 241
143 309
257 392
196 325
225 292
116 354
98 168
254 349
5 338
371 389
50 355
228 386
232 326
298 320
248 260
281 398
170 351
128 131
306 330
64 141
183 225
158 378
133 363
4 47
85 296
103 369
226 259
179 354
203 389
139 167
28 362
188 354
9 234
245 370
106 164
1 130
101 344
119 339
35 349
162 308
292 359
214 337
30 77
180 340
240 275
219 227
261 379
40 56
47 301
46 264
215 311
71 140
94 121
49 158
50 228
132 348
51 136
374 387
166 261
173 293
236 280
69 130
291 342
336 391
338 390
26 314
9 171
14 344
239 276
126 320
96 318
8 167
117 320
276 301
67 178
130 279
90 194
86 362
89 381
155 279
260 372
27 362
30 118
75 253
43 218
199 260
27 353
252 375
264 390
144 307
154 224
113 190
246 324
254 398
25 206
258 273
304 309
130 155
81 234
2 150
23 365
66 218
89 178
27 228
21 52
104 371
81 367
55 388
84 167
39 286
22 319
116 357
22 114
125 259
205 305
253 363
87 193
27 251
96 191
218 325
15 38
17 18
318 365
65 99
171 217
111 214
43 325
153 221
167 215
137 285
125 384
175 273
79 387
61 243
91 222
47 140
334 337
137 226
49 264
117 192
101 202
71 143
217 325
345 357
135 380
134 301
205 337
256 259
41 99
116 341
152 295
5 378
185 220
225 359
106 274
297 383
50 353
387 398
180 316
99 264
68 262
218 231
33 168
216 217
175 397
119 386
69 308
42 282
6 258
45 242
81 325
9 58
13 88
28 251
115 308
46 376
80 235
47 239
6 82
95 364
220 223
80 185
60 332
63 392
343 361
34 293
76 342
282 361
338 343
38 183
314 322
144 365
102 390
200 364
83 382
124 275
45 156
131 331
201 268
96 203
2 191
209 274
15 263
56 380
164 274
75 133
244 349
34 173
149 392
109 314
35 329
112 343
283 373
102 112
162 243
43 153
259 285
183 309
167 192
6 308
74 173
58 216
173 187
296 382
54 310
51 145
99 338
226 384
91 396
258 326
137 238
238 285
138 261
26 117
179 188
218 234
0 178
93 372
229 242
78 397
19 366
74 117
211 332
129 207
96 247
202 246
177 180
176 210
2 247
246 247
295 353
230 239
62 91
32 210
142 260
179 379
54 240
248 357
157 365
72 119
143 302
213 262
205 330
5 49
146 254
157 344
156 196
107 375
136 266
55 64
108 337
164 290
14 252
28 31
377 379
228 295
92 201
265 270
29 94
55 85
11 57
21 42
110 219
7 164
267 358
89 229
181 397
62 343
160 344
36 178
186 350
113 187
246 318
116 323
200 206
105 288
329 370
22 312
295 315
114 384
286 330
159 293
315 353
122 148
137 256
47 304
270 398
293 394
19 368
121 225
99 376
78 258
14 299
221 294
1 344
316 341
107 160
150 318
110 227
14 240
62 277
94 261
258 336
187 192
8 215
264 396
117 300
25 64
95 186
108 205
257 268
43 156
76 237
329 349
203 210
68 211
109 139
52 282
106 263
46 65
37 164
212 260
154 200
37 290
100 276
13 50
299 344
115 232
204 218
97 134
36 148
171 367
62 396
272 383
185 399
124 160
222 376
184 382
153 196
150 247
139 369
110 229
3 358
212 340
104 389
125 285
21 282
176 203
5 264
249 384
73 185
106 290
90 293
165 383
289 325
12 305
41 378
165 297
13 228
44 386
97 377
89 161
199 212
202 247
52 283
165 213
162 281
260 340
31 380
3 399
7 106
234 314
316 340
26 215
255 393
130 275
10 31
118 134
270 385
58 217
201 392
43 171
244 281
192 394
33 53
168 207
77 309
57 315
53 275
128 235
325 367
11 220
58 314
338 376
165 200
55 296
101 247
98 124
79 197
115 326
82 83
190 300
180 372
103 175
344 395
10 321
108 214
163 391
175 313
83 233
232 243
249 255
105 182
198 369
2 91
121 392
242 294
91 277
175 271
88 332
84 198
62 264
144 324
205 306
146 398
144 157
83 126
141 208
370 385
156 367
109 167
254 281
237 334
157 247
161 381
62 112
223 353
13 355
187 190
281 374
149 179
195 371
161 196
44 70
244 327
129 266
18 286
143 301
24 151
263 269
92 225
116 182
68 317
251 362
241 288
190 320
133 236
352 354
30 134
261 377
66 204
251 346
76 291
61 130
34 190
196 294
110 352
183 201
58 394
0 67
235 360
41 168
40 380
277 343
13 68
25 388
114 226
166 204
85 206
26 192
93 199
182 341
41 49
93 328
43 242
41 319
116 227
116 345
96 202
127 352
66 352
180 248
211 317
121 377
155 162
37 287
299 375
46 98
333 351
20 363
314 367
151 371
60 333
214 334
57 185
48 387
244 254
165 339
373 378
222 396
283 343
156 234
69 136
214 291
81 156
163 273
113 314
64 233
20 229
55 147
108 111
30 183
29 149
315 399
258 308
170 333
40 128
60 211
162 347
114 256
111 337
46 222
365 389
323 341
108 342
113 394
122 331
181 313
18 335
221 235
298 308
150 191
243 258
111 334
230 368
257 359
107 240
22 125
100 169
272 297
111 305
52 343
354 379
11 294
54 191
146 184
207 384
3 80
86 135
8 103
202 318
147 335
166 219
34 394
26 394
32 278
102 277
136 145
3 353
61 162
174 380
194 322
298 351
163 336
182 193
264 343
105 363
54 101
60 351
132 299
150 202
94 271
66 156
201 257
155 347
212 328
221 356
117 215
13 386
111 205
70 386
120 141
29 66
154 206
12 306
247 365
264 376
37 269
125 238
173 216
67 148
9 289
267 294
33 51
61 279
29 166
136 347
75 363
62 361
232 308
33 303
154 208
200 383
7 307
37 284
5 65
197 387
79 270
205 291
1 299
203 365
14 310
212 368
58 322
3 50
23 278
101 395
44 72
237 350
188 219
74 187
156 231
255 256
64 388
39 184
191 318
84 139
64 83
200 224
85 388
132 395
346 362
232 273
78
19
98
93
129
162
103
111
107
63
122
59
60
21
181
86
37
135
148
116
191
29
159
46
52
67
132
149
86
125
90
49
174
127
39
56
88
144
43
117
126
176
142
119
63
56
55
69
154
30
91
30
54
145
94
121
105
93
66
62
124
123
139
82
37
91
25
33
183
121
20
80
189
130
182
30
147
182
140
53
52
123
118
54
109
55
140
70
188
145
145
54
47
62
127
102
57
181
82
31
54
80
91
76
113
109
67
194
162
166
196
136
38
158
50
36
176
33
120
102
122
51
72
112
88
146
42
150
118
51
112
74
151
85
74
111
143
43
95
146
98
250
147
120
174
99
116
218
138
76
107
36
53
142
76
136
117
45
35
94
196
136
59
179
133
100
49
90
105
134
79
24
50
80
89
37
194
257
89
78
97
81
67
80
102
167
120
244
84
52
99
69
35
132
187
112
152
71
189
63
27
125
216
117
101
108
96
66
169
42
105
110
205
113
166
229
47
96
114
92
39
25
32
166
135
46
196
82
180
87
52
50
216
50
79
176
101
79
166
98
69
49
78
129
152
142
158
142
84
83
147
92
95
53
120
78
63
104
154
156
53
74
122
15
98
66
69
71
144
222
153
116
154
136
27
29
85
110
68
122
92
64
41
73
79
62
111
59
164
80
75
32
106
58
71
219
190
101
105
74
102
69
122
129
90
154
21
85
129
134
185
117
70
102
85
117
92
13
109
60
177
131
122
129
73
30
70
48
66
73
20
142
50
40
55
90
85
165
116
46
153
170
140
167
149
33
97
171
66
213
186
190
151
100
68
149
60
74
44
129
76
39
111
110
84
79
116
158
60
144
141
96
154
100
168
87
212
162
106
80
75
47
76
44
36
44
92
59
95
42
60
67
117
69
210
23
67
106
45
210
78
84
29
61
78
127
108
98
48
160
107
134
137
120
99
107
88
61
187
59
97
85
112
130
70
86
18
26
148
167
56
79
144
48
47
91
82
134
109
69
116
174
214
78
92
96
66
95
63
150
50
82
165
256
144
91
131
139
78
85
202
54
128
142
50
56
50
120
79
126
57
98
74
120
129
66
71
160
197
63
173
11
79
171
30
88
81
187
146
29
189
31
109
78
98
100
55
86
79
41
117
122
32
81
102
34
151
49
147
137
85
58
65
123
75
81
55
71
97
26
73
54
45
188
166
82
80
159
129
80
96
123
29
75
46
28
50
82
21
251
161
61
41
113
91
81
81
72
40
32
147
109
135
113
188
173
30
74
153
104
57
209
66
117
61
24
44
49
96
178
55
63
150
35
43
170
120
59
197
186
89
100
101
124
119
46
132
126
57
164
59
97
74
157
85
20
65
121
127
74
69
136
35
188
78
61
108
150
97
112
55
56
45
75
36
121
106
174
115
90
118
157
147
122
59
145
125
148
116
86
52
85
95
148
178
73
117
28
63
62
47
210
67
123
26
128
134
114
90
135
46
221
29
56
111
43
62
125
113
88
182
132
39
81
26
125
32
164
120
96
53
29
87
61
133
76
135
93
84
77
73
110
254
147
24
59
202
109
119
92
154
95
158
130
33
115
93
53
101
168
66
74
123
105
121
114
9
57
217
118
213
84
153
53
156
181
132
93
72
108
29
64
69
131
49
187
116
184
184
31
56
34
73
105
174
10
177
91
119
59
92
70
38
85
120
73
94
102
183
49
129
25
53
158
115
37
132
56
101
124
144
93
43
169
221
83
47
86
159
104
108
201
53
71
184
109
114
107
90
114
112
21
160
150
143
84
82
65
48
161
44
93
120
56
59
84
81
182
206
145
68
117
85
84
126
167
53
99
36
47
55
78
95
105
93
175
146
97
106
62
52
40
96
78
83
72
157
9
53
31
124
117
175
81
29
29
34
14
168
141
110
192
153
29
112
74
136
143
32
133
223
94
59
55
127
219
88
180
208
64
107
88
77
67
126
167
73
162
77
83
33
157
65
98
38
115
145
105
159
126
151
96
52
143
54
95
13
58
66
105
49
157
93
32
144
101
90
112
77
69
59
79
195
140
103
69
114
52
41
173
18
131
95
57
69
68
24
179
153
179
48
203
107
151
45
73
88
102
120
16
111
164
80
117
141
126
54
52
112
135
61
104
69
97
115
97
102
49
166
66
41
43
83
162
102
148
38
142
131
167
81
220
21
163
67
48
89
57
145
48
29
80
65
80
34
58
96
13
65
51
109
113
174
97
148
20
94
103
55
122
59
80
57
113
66
160
101
168
130
32
134
65
70
179
97
86
50
44
71
20
40
64
115
55
87
121
27
32
90
118
106
213
12
145
85
131
110
114
85
92
204
118
20
59
179
48
283
49
165
67
186
50
188
31
38
21
42
64
156
132
147
132
23
136
106
27
138
78
129
77
78
88
154
104
31
141
62
29
82
127
111
66
274
92
78
137
140
86
137
85
96
63
175
59
154
91
66
46
133
169
129
73
84
108
109
39
73
99
79
75
118
122
95
99
43
85
70
71
156
47
71
31
71
87
85
73
51
122
89
144
54
199
109
224
57
186
80
65
91
224
180
100
98
75
103
72
87
237
123
95
67
180
155
61
57
202
93
155
130
52
134
210
86
47
88
88
201
85
131
91
81
77
123
90
80
147
14
139
147
25
30
102
57
111
42
84
191
150
218
29
84
156
114
89
242
44
83
83
132
129
73
47
156
159
97
81
124
8
35
94
136
8
58
136
64
139
67
27
77
44
79
29
76
98
48
79
44
74
62
178
46
158
222
111
39
62
65
93
93
191
177
44
71
137
46
75
143
114
164
102
22
103
93
139
70
111
83
78
121
70
72
110
86
108
84
69
152
105
46
219
68
76
224
90
154
58
112
44
106
118
144
67
99
43
222
84
183
68
69
107
130
54
149
99
66
146
124
84
134
83
137
41
179
24
143
106
84
178
19
113
107
32
98
77
227
186
84
75
54
48
42
99
173
81
172
82
65
21
99
82
146
107
120
85
82
81
29
292
95
41
39
72
67
102
112
110
110
206
215
144
166
127
75
84
69
114
53
35
118
104
39
94
66
45
119
138
199
71
61
142
77
90
194
105
29
66
46
122
102
81
70
76
14
181
51
38
51
108
66
169
101
50
163
37
86
67
152
104
176
143
153
149
109
126
18
105
64
81
39
67
31
137
30
38
131
109
124
63
46
123
139
29
86
72
86
114
64
61
165
57
139
83
133
119
52
42
160
113
91
102
15
9
160
184
175
109
59
52
36
149
108
65
124
167
105
120
45
100
85
50
47
104
88
115
33
77
50
232
63
127
70
81
137
142
118
117
73
29
58
40
71
89
24
131
102
57
221
63
214
47
92
109
42
142
55
101
174
157
107
179
142
93
32
67
155
69
25
137
175
148
105
190
41
78
97
198
117
46
181
44
145
106
164
105
106
77
139
97
282
170
90
85
51
48
176
81
207
113
91
165
87
101
41
85
80
60
134
104
134
150
114
124
74
87
68
116
67
50
41
135
117
117
103
47
141
69
102
18
69
115
71
78
57
10
96
137
72
53
98
119
94
156
108
91
76
199
93
50
162
141
92
60
64
207
173
174
100
104
175
193
74
29
42
78
79
119
105
121
86
11
57
62
57
20
24
96
133
142
104
70
70
175
162
126
42
56
46
141
157
32
170
26
108
74
52
112
116
88
217
59
192
107
25
39
142
134
6
93
174
144
25
69
84
150
68
70
144
169
113
109
126
76
64
67
89
31
179
94
99
47
145
93
85
99
183
107
147
186
41
217
53
98
82
58
157
60
76
162
17
85
120
73
148
86
75
19
23
124
147
193
31
68
102
130
63
166
16
92
295
83
101
97
140
75
126
64
95
260
196
101
124
119
183
70
65
21
88
30
161
47
49
111
86
102
52
70
62
118
90
53
80
45
120
106
55
76
144
68
12
115
117
121
123
115
110
92
104
37
41
230
98
41
127
39
200
40
73
45
50
17
84
37
54
229
94
65
189
58
116
63
179
80
113
86
93
61
57
59
115
101
92
69
52
118
165
100
103
110
139
101
45
160
110
143
167
124
112
196
123
24
27
82
61
134
71
65
72
119
25
81
135
34
51
77
266
91
53
68
78
65
120
62
92
36
159
115
117
75
70
112
91
28
325
83
138
82
61
66
74
115
130
41
164
81
186
76
97
170
118
51
22
93
76
46
179
123
93
105
56
180
126
111
151
44
51
63
82
115
58
51
95
151
124
58
121
50
71
88
103
149
135
57
73
170
134
102
104
20
21
38
131
45
123
47
47
168
36
195
119
104
42
182
142
256
61
117
131
165
109
100
118
140
32
207
200
79
117
97
126
112
189
108
144
160
175
206
73
66
121
84
162
62
139
121
139
47
97
94
100
87
66
133
185
115
103
64
180
79
201
19
145
100
33
111
117
201
57
36
65
37
163
41
67
151
64
81
156
57
49
113
109
113
52
188
177
51
186
194
121
211
31
66
20
29
27
95
31
105
21
91
65
77
30
102
165
