317 190
110 203
800 229
262 230
3 614
608 318
74 741
605 486
268 248
424 23
783 437
415 315
294 145
690 52
754 108
380 521
360 776
142 705
604 169
309 683
337 461
439 647
289 452
346 162
519 583
604 89
230 331
14 122
470 481
272 676
492 679
219 323
721 411
490 734
252 690
77 536
749 371
554 443
316 262
104 590
497 248
502 240
560 474
448 764
719 528
79 320
345 156
706 128
506 114
270 595
678 470
651 523
642 622
244 662
288 58
285 66
351 547
746 437
581 316
178 13
277 165
17 599
426 707
350 585
263 762
385 730
37 422
684 259
345 78
314 416
620 300
365 196
673 660
709 711
577 637
645 451
642 184
159 569
772 120
326 456
785 464
75 396
12 357
757 425
207 409
691 1
731 631
564 237
253 773
360 393
9 58
59 60
87 0
10 284
155 144
143 252
373 555
386 60
191 254
579 91
335 190
217 570
198 158
425 414
559 450
714 470
139 230
152 576
687 61
146 406
168 207
780 247
703 419
249 474
712 392
141 468
46 786
380 400
148 28
326 568
118 155
117 577
647 473
566 677
436 695
218 775
45 423
316 23
259 757
582 645
599 452
760 748
423 13
334 273
751 414
616 4
583 688
525 610
8 7
732 406
616 128
539 617
160 499
393 45
206 670
668 626
127 156
229 679
56 528
440 376
0 604
412 296
693 568
253 747
507 532
576 483
613 633
8 192
39 590
415 121
532 332
257 697
194 352
199 78
78 624
654 477
231 43
165 536
574 799
3 692
232 259
713 284
559 350
202 139
605 629
627 663
198 663
742 370
226 305
599 96
209 313
649 468
266 656
378 618
766 291
428 555
734 346
68 69
608 740
605 758
448 129
373 508
180 159
470 32
733 71
110 59
483 188
616 560
503 718
23 748
345 279
645 585
146 581
92 779
538 594
288 642
267 164
453 182
171 253
14 514
589 523
585 387
133 333
144 446
792 438
319 794
548 376
176 704
621 353
476 612
325 139
733 283
214 712
721 586
1 325
346 528
84 5
356 370
75 800
172 336
704 27
562 611
388 441
480 200
359 700
77 409
770 11
125 442
295 473
538 116
271 85
365 696
692 159
349 613
400 650
565 669
662 529
519 126
632 551
565 461
330 402
317 398
702 406
490 580
340 204
474 557
177 97
211 257
452 728
483 670
662 706
573 11
65 314
557 70
352 80
793 705
545 68
760 655
36 25
142 300
437 326
604 624
397 382
292 724
649 64
357 338
175 224
276 154
784 66
532 272
160 551
495 5
792 121
456 150
590 332
285 768
770 203
397 217
40 76
53 65
336 13
513 37
316 180
442 118
706 460
305 489
366 38
26 588
14 191
762 55
777 515
718 96
356 193
63 508
398 666
406 116
537 444
627 237
120 171
250 735
100 361
492 526
230 253
345 575
661 570
574 489
417 69
353 409
702 92
376 594
309 354
151 719
183 626
183 4
421 127
606 304
675 502
571 42
237 329
563 227
700 254
671 85
390 462
564 740
638 109
460 359
110 750
732 18
61 441
683 312
32 171
610 416
414 418
444 148
688 584
201 443
361 482
496 625
204 241
713 405
276 437
695 589
797 619
161 530
47 575
453 574
548 357
118 539
20 447
370 119
510 570
104 284
301 712
769 277
259 612
175 357
704 280
146 134
322 665
431 183
193 146
356 639
163 382
389 304
213 84
54 505
236 429
340 667
562 663
528 235
687 483
353 19
715 578
108 254
755 512
53 355
215 17
227 665
442 624
157 245
482 442
397 796
124 25
53 774
486 685
249 99
220 402
429 609
84 192
118 214
219 397
190 369
62 304
256 374
32 252
365 396
39 77
86 344
90 268
37 155
215 285
186 339
77 353
113 345
96 191
30 124
183 319
272 335
83 349
11 151
270 335
7 315
204 360
13 230
130 249
273 362
134 214
47 242
240 395
16 234
93 157
216 284
90 226
72 156
51 246
48 190
232 272
308 399
229 372
48 283
117 250
110 308
276 312
256 392
50 105
223 344
133 254
40 379
178 257
160 284
173 256
30 259
84 350
91 289
53 387
107 202
20 22
283 305
3 38
308 367
198 258
14 242
99 263
138 268
69 317
118 256
140 239
14 282
230 236
152 314
270 272
9 290
98 276
76 140
94 308
107 121
34 144
112 139
208 269
97 143
50 165
267 382
41 196
70 284
31 180
170 276
263 327
264 316
52 175
92 226
243 244
47 318
124 258
51 165
191 232
85 230
275 320
61 164
101 353
174 271
324 359
279 325
7 104
8 133
70 325
60 100
205 377
88 309
54 381
20 350
121 202
226 392
101 280
273 309
244 319
22 79
196 233
332 346
374 395
202 322
271 378
9 316
12 220
221 339
85 108
118 195
218 325
173 192
62 244
19 377
119 225
85 135
97 316
21 259
95 399
61 150
7 51
78 286
252 349
22 250
307 330
194 337
11 149
264 359
171 330
244 377
233 329
13 194
345 372
241 368
77 121
274 334
103 335
10 32
276 348
93 385
161 222
350 396
123 188
162 365
225 346
114 139
125 309
353 357
374 386
81 385
179 327
88 125
3 348
79 232
27 187
175 260
17 336
130 211
116 393
81 338
86 351
18 307
99 274
246 248
67 330
283 369
44 152
20 79
28 390
202 353
15 119
226 268
40 207
14 278
72 73
321 393
60 292
31 178
88 128
241 244
4 354
64 128
35 148
48 99
11 270
220 359
345 396
297 354
130 181
328 365
122 181
70 218
171 339
35 297
100 302
136 188
5 172
182 364
90 289
54 395
54 55
293 316
249 306
98 178
317 332
144 217
4 150
198 394
69 117
39 107
211 216
67 339
215 391
169 393
171 363
47 78
246 314
114 134
20 69
94 370
163 386
311 360
68 143
170 312
100 220
201 344
143 359
51 181
78 278
130 341
39 280
3 257
273 285
150 158
89 251
276 399
52 72
17 222
301 318
323 392
207 287
6 17
86 145
177 252
81 126
239 247
173 206
137 141
117 232
53 182
89 275
58 279
183 313
152 382
75 294
59 323
154 255
141 231
120 367
123 189
1 340
318 334
178 312
92 289
117 251
135 261
192 256
34 53
55 68
148 357
66 82
13 299
66 224
46 100
21 244
48 291
29 161
196 283
247 263
241 362
53 322
74 129
126 358
19 241
24 360
319 397
97 132
121 353
242 301
225 313
66 338
106 389
116 228
191 346
147 322
139 294
82 93
114 186
39 121
78 301
190 283
47 331
204 253
364 387
32 294
193 266
141 204
109 213
176 217
142 345
143 316
230 301
183 244
37 130
282 286
213 237
203 336
231 378
24 355
111 221
264 296
52 174
269 365
48 196
12 46
192 308
253 355
45 310
55 395
95 361
238 295
55 374
49 364
319 371
220 264
166 386
121 164
41 279
170 348
26 162
36 139
92 118
24 231
19 362
237 372
180 229
27 91
117 149
20 251
210 249
50 51
105 300
101 202
99 247
362 377
208 399
197 201
9 132
261 291
314 382
269 361
115 353
246 380
110 192
251 317
207 343
74 231
136 333
69 251
48 266
51 201
59 386
37 104
97 324
13 331
151 270
242 331
108 274
69 238
18 334
58 284
41 87
59 118
32 112
268 392
168 198
96 119
181 326
158 297
103 390
20 317
233 369
23 292
230 337
94 120
16 215
27 289
245 333
145 314
81 237
63 313
25 331
173 370
89 117
97 159
8 257
115 237
152 351
64 362
291 327
242 318
16 65
223 382
67 76
37 315
241 371
89 227
77 107
10 80
95 276
132 381
284 356
130 315
184 363
9 97
78 318
185 319
57 105
79 238
91 195
344 351
14 108
230 318
153 309
97 290
211 356
98 110
29 182
95 348
124 394
39 202
4 164
37 341
258 391
279 329
0 100
191 332
73 86
133 275
125 321
199 393
194 282
278 299
100 254
219 388
219 360
81 82
146 367
262 385
91 288
25 179
96 243
175 188
236 278
6 203
76 307
249 315
63 96
39 158
33 198
371 377
68 220
161 205
281 291
284 325
186 221
67 307
77 202
169 199
220 277
355 388
12 23
230 274
32 134
164 202
23 359
187 268
30 347
172 279
29 147
45 81
52 74
137 360
204 347
126 237
137 219
190 343
196 207
148 354
206 220
188 245
23 254
148 297
168 188
81 310
119 313
220 254
68 381
73 267
201 246
24 255
117 342
141 253
185 355
266 327
191 225
142 213
151 335
14 78
207 379
75 326
221 330
22 295
114 349
17 203
49 53
244 397
208 257
190 316
147 309
45 385
219 259
317 320
32 57
20 346
190 247
94 173
20 191
73 145
20 250
142 237
25 334
304 371
104 249
73 175
39 297
80 214
155 249
149 342
166 256
45 269
112 349
209 297
34 309
88 285
259 347
147 222
52 145
80 384
32 83
253 360
44 382
40 41
208 348
227 275
67 171
361 383
26 365
232 346
33 168
246 344
239 283
100 292
89 250
178 229
239 266
54 264
261 327
91 392
19 368
0 292
69 320
194 331
161 387
17 176
102 256
10 57
120 398
259 388
244 371
68 359
75 130
51 152
3 312
98 170
7 210
199 336
143 290
89 272
189 260
19 161
303 354
239 327
253 347
91 226
175 245
127 381
84 109
44 223
193 316
197 246
166 374
191 295
263 266
22 251
121 158
144 222
71 100
36 184
9 381
54 240
1 398
163 323
34 182
172 356
257 276
57 83
161 273
124 244
29 53
144 176
69 376
37 42
21 397
188 333
234 241
37 306
86 131
1 106
15 63
212 310
95 106
95 269
27 298
45 212
97 359
26 178
144 321
287 369
32 349
184 221
251 320
3 170
240 374
35 357
42 315
368 377
58 160
60 220
129 245
217 222
129 231
128 309
117 272
17 217
274 318
34 147
45 82
91 268
26 31
60 206
57 349
182 368
312 348
127 290
111 363
72 145
69 350
255 311
111 171
174 201
45 262
48 343
25 263
45 93
103 272
77 101
77 280
7 165
240 277
278 301
159 283
179 266
20 238
82 126
261 281
298 340
270 373
99 266
94 192
143 381
48 293
113 376
258 259
250 251
7 155
72 265
164 354
102 367
132 143
65 304
33 394
90 138
292 302
230 299
19 273
6 217
6 199
43 391
15 313
101 364
33 124
142 353
147 161
231 347
44 351
28 154
121 357
350 376
144 182
112 134
245 378
239 263
244 304
257 348
64 309
57 134
27 157
50 75
10 214
106 208
3 292
243 319
91 187
212 385
223 352
69 79
76 242
347 360
146 192
78 299
183 377
209 354
207 369
109 235
101 167
107 167
213 338
207 324
33 258
62 394
48 239
134 139
109 212
0 3
196 379
43 65
20 332
5 284
134 349
63 243
109 237
229 328
44 380
56 191
41 207
227 373
303 338
109 365
159 343
125 128
241 377
156 271
21 347
57 214
55 240
74 271
182 387
140 334
247 266
310 385
279 379
79 346
155 315
217 321
147 182
63 319
201 248
254 292
203 228
171 184
27 288
202 280
119 319
49 205
256 370
223 314
61 354
150 164
30 394
7 122
23 302
51 210
5 356
95 110
357 375
97 264
311 355
46 220
71 369
195 289
104 130
34 205
21 394
69 227
238 346
4 158
33 62
99 239
72 267
47 301
41 369
151 373
222 387
129 271
181 294
87 329
61 158
40 329
294 384
210 315
56 313
39 354
103 270
19 29
95 208
174 231
74 245
275 373
151 200
106 383
71 292
131 267
118 166
173 367
162 372
280 357
277 292
165 181
74 204
192 367
15 332
75 341
156 175
21 304
41 379
209 375
59 374
255 360
253 255
134 252
32 36
118 323
238 350
89 342
79 350
324 343
157 298
147 217
120 399
122 165
216 356
98 389
87 379
55 127
56 346
222 309
264 305
223 267
167 202
267 352
165 294
234 304
124 304
300 384
74 123
78 194
132 316
16 391
293 324
46 302
95 389
63 183
51 197
159 305
35 303
54 166
79 250
52 271
24 137
290 296
153 273
351 382
102 370
112 380
74 175
86 265
161 362
57 252
86 352
282 299
232 342
50 380
269 389
49 101
22 238
131 260
227 342
25 327
43 258
98 180
2 286
63 371
146 399
212 361
197 248
137 347
171 366
3 206
221 366
227 251
44 300
155 306
42 210
177 221
283 343
295 350
107 322
10 83
90 91
336 393
170 257
117 317
167 357
116 321
249 341
29 362
153 222
36 349
108 194
228 393
67 363
29 387
115 357
184 330
325 339
37 211
14 47
303 357
224 385
338 358
184 366
109 162
46 359
57 80
12 240
104 315
227 320
44 246
211 218
234 362
202 357
29 273
100 287
72 86
372 396
243 368
128 215
65 258
110 146
11 335
22 350
304 377
228 321
317 342
110 389
22 113
53 364
74 136
212 365
45 383
75 165
26 396
74 174
8 38
262 383
200 275
280 353
251 350
117 332
313 319
68 296
231 271
25 140
74 137
59 195
305 316
59 166
108 337
28 306
13 108
243 313
131 265
98 208
87 325
102 110
241 304
128 273
87 279
12 206
20 225
316 324
120 340
199 228
183 243
1 146
264 381
91 92
10 139
227 272
108 334
77 142
95 98
6 169
203 393
129 378
283 293
26 229
258 394
13 85
158 354
31 257
288 289
99 327
152 201
159 316
74 378
145 152
67 366
83 134
186 366
136 245
26 180
212 229
179 239
144 322
211 284
139 349
389 399
103 149
238 376
50 112
15 96
155 210
98 257
143 296
272 317
174 378
137 253
47 108
140 263
156 231
170 178
293 369
147 387
56 96
13 318
268 289
89 320
50 326
329 379
217 387
34 273
40 279
229 269
89 232
68 290
159 293
163 256
129 141
294 326
162 328
99 179
126 385
143 193
236 299
181 380
166 240
80 134
215 273
207 283
115 345
97 381
186 363
253 388
331 334
243 371
79 332
7 42
105 380
58 325
157 340
1 389
83 214
145 382
148 209
172 284
1 95
187 288
2 363
128 362
5 218
140 274
6 336
199 203
107 280
1 399
201 382
314 344
41 329
108 301
308 340
19 182
283 324
51 248
134 294
58 218
281 327
54 68
73 260
286 363
47 334
83 112
5 211
103 342
17 321
123 378
148 158
179 274
145 156
93 298
225 295
114 177
380 384
179 334
96 225
39 164
136 156
74 141
21 62
106 399
161 309
103 232
19 234
68 264
239 291
84 372
77 167
149 335
148 375
88 215
31 170
180 312
309 362
170 208
235 338
34 222
35 354
151 275
15 56
197 210
145 175
361 389
165 246
118 226
67 221
70 307
198 259
51 380
51 326
0 60
218 341
293 305
160 356
24 154
129 175
244 388
104 306
15 191
171 186
179 263
106 110
66 81
277 395
171 221
46 71
19 205
170 180
13 274
68 97
9 143
256 367
365 372
99 261
177 186
80 300
58 172
110 367
268 288
94 110
128 153
62 124
183 304
92 195
186 349
40 196
178 328
354 375
7 249
126 235
13 301
180 328
122 130
188 260
66 385
53 222
161 182
265 267
141 347
11 200
134 177
164 297
9 296
58 216
139 177
305 359
262 310
323 374
221 363
175 271
115 142
173 374
71 287
137 204
24 311
1 308
29 364
67 70
88 273
81 109
108 331
21 183
145 223
143 264
176 387
88 153
35 209
36 114
142 357
51 122
218 339
84 213
230 331
24 204
141 219
150 354
213 372
111 286
30 198
62 258
127 264
54 127
5 70
90 92
153 161
132 281
11 275
141 378
110 399
220 302
57 114
330 366
18 87
206 292
68 305
1 110
189 333
139 186
206 395
208 383
123 245
69 89
104 155
137 231
0 302
80 83
257 312
71 254
183 397
43 124
0 12
383 389
66 235
248 326
167 280
97 296
352 382
187 392
229 365
190 293
87 307
98 348
18 179
107 357
64 285
7 75
46 254
156 201
142 167
340 398
73 131
36 83
20 295
66 375
163 240
70 339
94 367
252 294
226 289
11 272
74 156
224 262
42 130
14 299
116 336
39 357
188 189
154 355
157 398
176 321
220 292
52 314
22 69
227 317
115 213
179 331
42 104
165 380
96 183
0 38
49 182
154 311
172 325
285 309
235 310
15 185
1 120
358 375
99 334
28 255
112 294
145 351
177 349
193 281
144 147
207 293
257 389
69 250
204 231
163 374
21 124
92 138
200 254
62 65
348 389
18 140
196 343
150 297
64 125
6 393
232 317
96 185
113 238
120 146
159 359
368 371
122 246
130 306
16 241
127 296
263 291
111 184
33 43
6 116
318 331
0 220
89 317
109 396
66 126
203 321
332 342
75 122
109 372
129 136
61 297
140 331
18 76
24 219
195 256
162 396
250 350
76 334
28 311
193 291
92 187
56 119
187 289
213 345
190 207
81 358
269 383
198 333
126 338
210 248
162 178
262 361
88 222
282 301
129 156
2 171
183 388
21 30
23 46
259 394
56 63
66 358
235 237
90 187
0 46
14 194
274 331
72 260
296 316
1 94
144 387
101 107
130 155
48 263
82 235
107 353
30 258
223 351
209 358
233 283
159 324
44 105
14 301
52 129
159 369
335 342
307 329
296 381
35 158
52 344
163 370
160 279
110 348
140 179
31 229
345 376
47 194
39 148
125 336
152 344
53 147
287 302
138 289
150 209
26 170
145 344
38 200
40 233
227 250
29 205
153 362
232 332
156 245
63 225
383 398
65 124
147 176
248 314
184 186
12 277
43 198
0 23
52 351
108 230
33 333
163 166
121 167
307 325
4 297
187 195
150 169
195 226
13 337
6 228
113 295
304 397
106 276
116 203
112 114
306 390
301 331
63 119
118 392
278 337
95 383
149 390
178 180
254 302
111 366
152 246
218 284
136 189
50 122
376 396
153 285
89 103
117 227
324 369
32 105
152 223
228 336
20 232
347 394
156 174
149 272
305 343
31 162
367 370
32 177
212 262
0 254
58 356
8 312
72 175
279 284
128 285
50 181
139 214
41 233
77 357
209 303
44 326
250 320
36 177
122 155
121 280
84 113
102 173
42 306
93 262
53 144
231 245
2 111
8 170
70 172
71 302
163 395
152 248
118 386
25 239
160 172
34 176
158 164
105 326
52 156
50 294
109 310
61 169
172 211
143 305
25 274
54 290
326 380
314 351
7 181
165 326
205 364
299 318
24 253
195 392
115 167
123 174
234 377
219 347
194 278
34 161
208 389
276 389
261 266
212 372
82 224
2 184
310 372
18 329
272 342
22 376
303 375
138 288
195 288
103 332
234 371
388 397
132 193
174 175
194 230
32 114
290 381
146 308
82 262
31 328
12 395
285 362
64 215
110 208
9 193
200 373
110 370
85 236
93 224
207 233
304 388
8 178
45 224
82 385
15 346
305 324
168 333
235 385
176 222
146 398
151 287
355 397
125 153
112 252
99 140
0 206
123 129
141 245
243 377
208 312
253 311
321 336
121 354
237 338
234 368
86 382
40 87
34 387
398 399
182 205
92 392
3 60
156 378
245 271
97 305
12 60
12 100
159 190
70 366
5 325
194 236
298 398
201 314
85 337
1 383
114 252
218 356
173 395
0 71
52 201
17 144
105 384
84 162
15 225
233 379
187 226
171 177
10 134
25 135
194 318
233 343
53 176
206 277
183 371
75 181
120 308
194 301
104 211
303 358
77 322
86 267
166 395
163 173
174 245
62 241
308 398
85 274
94 102
64 273
24 347
35 121
342 390
128 161
101 322
14 318
124 198
219 355
37 249
194 299
145 260
86 223
46 292
272 275
278 282
160 216
299 301
316 359
105 294
236 337
363 366
265 352
54 296
190 196
167 353
31 365
27 90
56 319
84 376
104 341
289 392
19 371
10 300
53 205
137 378
123 136
44 384
136 260
122 380
43 62
42 249
47 76
299 337
102 206
25 99
79 317
135 274
162 212
138 187
370 374
106 308
196 369
254 287
58 70
129 174
116 169
18 25
84 396
65 234
92 268
9 281
102 192
213 235
54 386
35 375
247 283
98 106
36 134
51 314
5 339
106 361
23 71
5 307
383 399
57 139
103 117
6 321
197 314
139 252
109 345
68 127
5 58
192 276
27 340
2 221
117 275
222 321
190 305
168 189
330 339
124 259
3 8
110 257
57 112
347 355
75 380
29 368
343 369
84 345
59 163
1 298
338 375
30 33
55 166
56 225
154 253
11 373
205 368
110 276
323 386
79 295
81 235
162 229
347 388
34 153
135 327
219 255
295 346
118 163
119 243
12 292
201 351
211 341
185 255
42 341
162 180
65 391
136 378
219 253
172 216
59 392
116 199
45 361
246 326
24 141
201 271
64 161
120 192
217 336
83 139
91 138
16 285
35 39
19 34
330 363
23 220
301 337
26 328
38 254
64 153
190 324
313 371
272 373
195 268
79 251
37 390
96 319
109 115
98 312
4 169
208 276
242 334
49 119
53 161
250 317
172 218
138 226
42 155
180 365
255 355
166 323
0 277
28 103
64 88
61 148
113 350
345 350
96 313
266 281
38 133
142 280
4 61
149 270
344 382
65 241
105 112
37 216
294 380
160 211
36 186
21 219
185 191
7 130
180 257
94 146
181 341
136 175
270 275
300 352
306 315
185 397
133 373
78 282
132 296
144 161
141 360
123 333
56 243
73 265
48 247
23 100
29 309
25 266
94 256
57 294
154 360
18 239
235 358
60 277
148 303
293 343
133 200
355 360
176 322
108 318
212 269
34 362
90 288
8 348
145 201
362 368
111 330
130 165
33 259
84 365
266 291
261 263
122 326
339 366
55 264
32 139
29 34
192 370
269 310
322 387
21 388
108
119
142
61
27
181
131
181
55
95
55
113
74
76
58
79
57
164
127
22
112
85
52
46
101
18
56
85
65
99
268
110
227
114
30
159
63
86
112
103
92
70
90
134
74
71
136
59
149
74
141
28
133
16
45
20
135
98
102
134
150
215
32
73
71
176
228
93
117
55
143
242
85
114
116
64
104
63
73
22
72
117
145
68
26
191
89
137
45
10
179
64
41
123
190
41
74
87
127
5
108
189
65
137
36
147
158
43
178
128
47
80
69
56
142
40
27
50
65
108
57
66
87
109
137
70
114
85
105
43
89
150
70
124
83
22
94
141
16
153
142
156
114
52
45
77
253
96
169
97
66
92
107
121
51
168
67
73
182
52
114
27
97
109
107
102
103
45
157
117
224
143
162
162
39
51
160
130
212
101
17
73
105
34
113
110
100
82
152
117
103
288
54
20
28
85
90
13
36
218
66
140
121
64
150
112
14
69
92
142
36
143
138
88
70
106
20
71
42
102
154
88
11
56
77
80
105
91
88
218
79
77
50
74
144
47
130
144
77
17
81
50
80
99
72
61
192
77
89
78
77
163
95
192
46
79
88
180
127
86
101
45
132
30
95
33
161
86
60
26
184
25
46
31
49
159
114
134
66
205
177
83
143
73
176
92
157
124
238
61
101
213
41
60
157
144
162
23
45
169
33
149
106
186
156
71
34
50
42
44
137
92
180
130
31
144
64
150
146
165
125
167
47
79
79
143
81
91
105
110
134
52
63
96
174
138
104
54
195
102
126
135
67
79
84
103
21
126
59
57
160
70
145
116
89
119
116
128
102
87
146
79
205
132
96
164
156
179
124
147
139
154
96
28
116
103
62
114
98
118
55
36
48
83
46
178
166
64
10
146
80
100
177
45
161
113
41
181
46
37
151
157
72
101
39
132
153
86
53
79
78
65
124
184
68
143
26
75
23
47
89
134
53
38
173
169
140
128
26
247
86
61
55
19
72
118
205
133
76
16
128
159
143
48
103
146
22
131
84
35
114
119
148
59
131
88
98
218
126
157
130
25
63
175
148
253
114
175
48
38
101
127
192
53
123
51
22
139
182
140
71
152
78
111
165
45
46
155
66
71
46
178
111
37
151
80
85
139
159
59
121
135
123
106
213
71
202
72
72
150
228
87
57
77
104
170
171
87
100
147
109
28
171
86
172
132
156
52
73
56
103
99
132
157
38
116
145
81
67
17
194
204
84
91
119
84
72
110
209
68
70
170
66
84
194
175
118
110
148
18
191
198
71
68
144
86
134
46
134
60
57
58
81
69
114
66
44
129
15
77
51
81
70
144
101
113
83
132
22
72
72
119
176
32
110
41
19
86
143
68
111
108
55
139
158
126
143
126
168
84
52
89
144
75
114
186
130
107
143
59
149
107
73
110
158
103
66
132
86
13
113
162
124
31
226
207
59
33
189
69
36
63
35
85
128
36
23
155
46
84
119
19
31
194
56
125
82
55
118
146
107
182
26
127
92
26
81
74
96
125
50
38
40
73
72
44
97
73
30
73
100
139
51
218
124
15
10
104
85
47
26
89
66
84
66
148
81
31
182
116
124
53
132
39
122
204
174
148
155
110
222
179
29
138
87
59
128
82
50
127
32
42
383
68
121
108
104
65
118
117
134
50
110
64
77
91
166
77
86
49
173
149
68
40
50
110
139
7
53
46
37
39
57
93
59
15
57
194
77
21
120
222
98
159
107
111
70
166
96
48
200
160
104
229
91
81
73
38
40
164
78
143
72
86
51
49
31
92
72
103
72
203
211
140
71
101
48
66
34
134
46
67
71
96
43
140
83
42
68
10
31
109
52
92
88
44
90
88
36
96
127
77
112
43
135
9
65
50
135
161
68
98
80
123
28
175
86
98
69
153
176
173
75
101
76
235
38
96
49
85
90
69
15
32
158
112
59
39
149
227
66
72
73
37
119
72
111
62
127
192
78
111
94
60
19
60
54
82
89
46
133
47
96
176
109
64
87
96
48
69
93
151
82
6
147
167
13
26
102
106
81
167
94
69
99
78
147
80
69
91
41
104
174
166
49
30
113
26
111
146
14
93
160
153
68
78
63
73
67
39
96
73
184
94
95
185
98
38
18
91
135
61
223
79
143
101
66
41
80
105
102
24
66
18
117
64
71
70
155
163
171
19
95
97
46
100
140
60
55
100
150
172
133
87
101
72
82
125
84
219
209
221
111
135
184
79
108
163
132
107
141
153
110
137
68
142
84
90
55
134
130
130
91
180
72
191
115
47
60
219
85
43
72
83
144
67
178
55
208
30
141
213
151
59
113
89
107
68
103
81
112
144
102
67
129
109
13
82
140
60
91
83
134
51
66
51
143
59
203
94
56
71
133
97
141
48
115
80
112
225
83
57
68
144
155
143
47
109
43
131
100
124
53
118
52
23
150
33
72
52
136
139
85
50
60
121
104
66
55
42
26
74
117
121
117
102
227
87
79
175
38
47
42
129
168
78
75
108
58
85
89
59
148
46
61
121
147
109
50
155
115
112
109
59
146
190
56
73
108
204
160
64
58
190
64
41
33
57
189
59
141
60
65
142
75
93
167
54
179
52
89
58
34
190
64
68
97
218
68
84
80
100
59
185
82
52
148
73
88
161
34
18
27
142
87
80
239
70
44
141
46
67
91
75
113
127
47
46
64
124
10
222
150
47
43
33
100
92
143
81
80
100
114
94
162
99
58
120
185
111
170
110
175
52
111
70
78
112
77
45
151
48
133
36
21
189
134
48
115
136
31
81
96
65
72
105
90
101
28
129
65
95
44
130
54
66
24
47
72
184
85
116
33
113
93
60
100
32
130
190
114
136
112
106
99
198
48
76
151
83
105
88
112
169
37
100
106
86
82
38
89
56
131
77
171
74
47
129
134
65
85
26
190
84
93
58
157
126
81
51
98
78
94
78
102
48
104
101
24
152
56
135
106
85
85
146
120
64
90
126
91
140
55
124
116
88
13
55
84
39
87
79
25
58
81
75
92
110
91
135
35
40
229
138
48
19
70
19
113
91
68
130
83
88
62
59
144
66
52
87
204
168
34
118
111
129
89
163
67
119
175
116
21
76
205
218
67
118
92
70
58
186
24
69
69
121
89
17
73
92
106
146
93
141
92
225
63
65
129
40
43
162
133
41
69
38
121
210
205
116
56
113
157
90
98
56
117
67
69
16
68
76
144
105
163
140
107
68
53
117
50
134
24
118
23
226
86
60
48
55
24
176
71
130
212
133
145
193
107
58
124
61
46
148
71
81
75
94
43
57
81
83
177
131
62
257
113
115
7
21
77
71
125
82
80
81
80
81
145
216
28
75
70
194
89
56
158
28
70
109
14
91
103
120
81
134
144
30
162
66
75
70
119
72
124
86
136
194
165
33
57
125
109
130
141
122
98
116
68
59
66
54
104
125
93
145
52
39
99
49
134
108
82
73
85
122
94
94
35
106
188
153
77
120
165
190
79
105
48
55
53
45
65
157
66
217
57
23
135
131
45
86
43
86
57
197
90
159
68
93
123
141
157
25
103
123
102
78
134
92
75
97
54
75
101
72
62
193
133
59
75
95
144
8
184
56
125
25
87
77
64
153
47
45
115
13
86
86
194
154
69
68
53
137
93
49
129
228
71
167
80
165
63
69
135
43
53
106
77
80
144
102
76
61
123
20
37
81
136
119
86
98
178
85
106
172
10
89
146
68
127
60
61
79
114
54
18
50
81
36
101
139
158
51
84
76
130
111
44
45
140
121
140
62
85
40
95
125
61
108
83
97
82
14
119
104
60
58
146
119
55
75
98
106
118
148
165
104
111
50
135
99
102
60
70
30
153
82
131
19
203
101
38
79
110
18
187
173
67
37
205
148
98
54
125
169
111
96
109
97
90
95
21
50
31
45
81
124
83
97
55
119
170
108
147
70
158
106
68
124
62
172
64
127
119
166
73
38
96
127
101
53
75
82
90
74
196
36
111
185
238
96
129
8
97
74
111
67
72
159
144
231
114
173
41
47
208
86
146
23
129
106
126
25
94
83
103
257
108
137
66
142
81
34
267
212
16
119
86
98
38
91
219
71
92
133
59
89
156
132
97
164
53
79
75
233
115
57
170
99
36
67
105
236
181
161
66
105
109
89
49
154
114
165
95
66
108
95
155
196
182
113
107
51
97
52
91
33
37
111
30
78
141
60
124
158
59
148
150
118
87
79
66
204
50
144
93
65
77
161
46
98
31
59
78
175
88
111
39
189
216
136
90
185
36
237
13
159
26
31
73
163
101
118
73
63
114
91
142
69
105
176
78
49
141
150
21
74
77
137
133
122
16
87
82
141
85
231
26
114
32
140
69
68
90
181
59
99
71
68
79
97
138
31
153
144
115
135
155
72
181
22
126
118
56
97
86
202
23
81
94
81
136
103
43
117
112
23
56
82
14
89
104
56
81
71
74
159
106
134
176
132
72
82
130
97
53
77
184
19
69
43
193
92
34
