780 47
300 468
171 231
310 220
750 334
197 275
178 165
256 420
693 794
674 572
651 611
383 561
194 354
399 572
742 742
351 407
758 205
750 670
779 467
161 135
472 424
421 564
708 621
768 46
335 451
189 0
296 140
683 247
602 27
323 192
588 328
358 756
216 313
795 55
272 421
449 220
754 573
691 19
132 315
216 562
651 588
740 241
116 539
785 220
192 120
573 670
125 373
777 351
701 155
650 685
313 401
430 409
412 319
758 217
139 202
287 553
702 324
534 548
292 59
243 665
407 318
522 409
117 445
390 418
171 580
163 630
399 99
570 481
711 25
536 585
22 403
744 437
40 219
789 88
580 530
482 306
93 310
340 494
19 1
34 275
447 0
722 137
658 730
644 115
43 675
10 269
259 535
706 76
397 47
137 496
122 412
497 110
294 166
605 731
436 679
33 469
698 561
26 666
351 213
630 262
554 743
111 701
717 54
193 622
791 664
85 657
776 604
185 559
782 398
509 553
243 292
534 86
169 692
545 555
411 274
114 576
101 414
218 726
600 263
378 526
267 336
560 674
467 645
349 380
409 625
696 164
635 295
252 329
14 398
614 787
554 576
450 125
658 156
712 115
438 0
22 788
461 426
93 575
140 103
199 214
693 482
574 638
255 783
367 155
250 125
75 392
344 210
272 797
192 661
312 545
436 641
360 478
556 451
580 156
396 485
187 420
562 177
77 471
359 13
508 352
181 210
780 557
754 37
457 176
173 365
512 570
437 202
136 623
361 303
384 797
417 15
612 387
504 680
82 498
188 497
522 710
455 391
85 552
30 741
587 166
678 227
477 108
208 601
138 422
404 413
762 46
669 302
654 202
734 52
319 78
243 603
91 659
570 747
154 706
623 463
495 103
785 517
435 785
547 794
446 454
776 222
622 2
585 132
91 347
708 792
671 230
660 1
25 265
466 669
243 78
298 117
434 479
474 297
741 612
555 792
413 7
129 685
45 757
168 393
742 192
571 355
215 508
59 744
567 168
488 550
692 200
331 603
309 145
727 241
278 784
14 292
671 565
538 652
713 579
230 743
489 708
540 292
338 29
729 641
326 19
701 551
411 379
423 463
439 462
483 722
360 404
535 689
591 174
89 797
740 768
777 457
53 682
385 179
412 428
420 334
494 583
78 544
565 557
513 306
703 615
155 594
316 279
194 559
623 603
458 4
567 689
453 6
726 372
323 455
428 665
673 158
121 350
718 716
60 283
679 501
294 477
408 93
158 244
582 518
136 727
711 167
188 455
432 123
754 58
688 507
382 34
18 175
541 743
402 397
200 401
159 70
638 650
553 173
387 244
576 557
243 434
579 323
716 731
166 582
33 164
504 447
608 763
637 519
329 154
633 51
380 268
35 784
515 10
307 67
322 779
770 499
326 723
530 372
712 448
529 566
360 261
633 742
528 591
526 765
536 41
624 306
741 304
413 671
282 191
545 516
547 505
195 93
220 746
627 160
169 672
290 29
639 543
632 204
432 443
105 78
421 659
519 351
366 260
97 429
545 263
236 485
672 129
308 399
592 148
486 263
376 738
388 111
770 476
137 475
25 283
779 24
230 617
537 61
157 205
149 313
624 83
594 203
158 9
64 577
731 24
537 266
555 245
204 203
639 11
248 431
249 310
677 604
501 742
81 783
497 299
263 267
264 754
691 772
425 149
238 414
767 525
493 748
485 107
745 416
425 346
528 735
703 764
89 115
228 760
454 89
71 86
308 516
159 635
116 612
144 456
452 77
531 708
268 12
405 471
235 580
727 42
541 766
487 501
473 436
422 783
208 269
53 219
141 291
115 388
117 279
7 295
67 152
219 225
136 253
264 390
68 395
64 388
289 295
295 364
238 259
86 275
102 206
6 326
82 372
103 298
186 320
64 65
58 239
183 348
122 208
103 262
284 331
66 276
201 363
238 272
85 349
84 216
179 292
36 240
129 214
188 283
281 348
70 95
116 128
34 364
98 337
103 190
51 176
63 253
54 277
258 339
91 377
330 392
26 303
108 347
153 328
62 173
156 202
155 389
1 151
88 264
29 98
123 342
89 256
150 335
69 109
60 114
40 240
190 226
62 90
287 396
143 146
358 388
26 92
209 308
351 394
91 181
84 251
52 60
153 332
56 320
377 390
155 364
0 73
137 388
93 192
18 313
82 249
235 244
265 380
296 336
38 203
59 117
112 279
96 274
252 373
50 245
294 314
112 193
168 261
89 177
245 268
100 318
34 342
153 223
4 47
173 389
56 228
296 312
11 13
177 388
112 117
146 293
316 372
187 332
100 214
3 303
127 365
223 356
275 386
82 301
58 308
241 253
1 50
262 298
282 390
163 282
36 196
61 300
121 265
40 331
6 54
76 145
221 340
111 195
51 184
95 338
237 392
49 93
212 336
257 325
124 269
210 308
39 64
233 240
107 221
236 336
142 311
98 315
168 293
27 205
115 137
173 348
1 364
20 300
28 319
314 317
276 346
162 359
10 366
233 259
283 395
130 314
154 199
293 305
267 313
87 102
257 294
150 269
231 240
253 393
324 325
167 298
76 203
309 311
264 307
76 271
190 262
180 332
238 366
66 143
27 225
176 253
189 308
82 381
36 161
373 384
174 340
185 350
35 114
19 353
50 268
102 283
153 247
184 253
214 318
172 269
182 387
14 297
42 358
382 385
217 306
52 75
159 369
208 322
1 77
106 238
144 210
328 341
27 186
3 92
38 277
82 316
179 343
41 180
247 332
240 331
164 218
229 327
0 283
196 310
12 38
63 184
4 56
96 366
302 331
236 296
204 272
129 316
172 246
92 146
248 306
120 365
240 284
36 238
193 383
148 329
267 378
27 41
334 357
32 127
17 297
92 303
127 370
297 372
44 290
243 398
296 360
15 245
282 373
164 354
84 101
192 316
118 332
5 277
34 374
38 76
140 302
101 193
340 374
153 179
41 205
231 302
54 138
222 306
86 221
157 173
297 381
1 386
57 397
35 166
141 263
169 197
138 290
91 195
136 176
100 287
281 289
350 359
251 279
65 182
81 132
107 260
20 199
17 249
193 387
140 284
24 275
87 188
5 110
291 366
182 351
36 375
91 282
9 263
119 149
211 393
83 270
51 136
191 251
16 53
269 322
99 205
27 180
23 33
266 307
228 321
66 282
143 303
9 302
318 376
304 355
96 331
107 182
240 375
94 335
206 304
239 392
127 261
22 36
197 244
77 149
6 139
326 357
254 288
154 243
2 354
69 165
111 307
236 344
133 270
92 227
101 112
256 358
195 377
199 211
57 255
79 207
220 336
32 370
59 182
9 284
29 323
290 382
3 29
31 399
161 233
20 136
32 365
95 173
93 100
292 343
183 389
45 232
237 308
45 246
207 273
92 210
7 342
82 93
14 381
47 321
112 216
71 196
273 349
160 277
229 234
39 190
12 32
140 194
145 183
276 390
118 356
113 165
10 96
163 166
155 295
25 326
122 150
136 333
88 276
200 280
117 371
32 120
202 247
26 58
164 271
63 241
286 382
41 53
36 213
83 341
81 219
244 380
102 162
162 188
117 148
49 272
235 376
208 335
250 310
58 210
274 313
46 164
82 272
147 371
277 353
71 378
100 396
98 323
75 336
246 265
34 268
205 332
192 396
8 204
231 284
101 329
93 287
63 333
104 238
125 180
11 124
6 138
88 390
215 264
203 349
162 185
198 318
143 252
281 389
105 251
158 239
258 296
74 331
152 324
17 104
202 292
102 395
175 367
115 298
43 228
213 233
64 298
18 347
72 207
112 327
270 328
117 234
78 382
24 50
115 260
94 269
64 103
152 278
270 341
135 306
258 336
179 332
143 276
249 381
17 238
212 344
153 156
109 324
91 390
261 370
162 395
91 352
24 34
346 384
24 245
57 69
55 86
135 251
192 265
221 262
121 172
113 294
50 123
69 294
9 240
270 280
252 346
143 227
78 357
235 380
2 353
309 383
114 168
307 319
316 381
146 252
52 254
151 386
77 386
42 177
75 159
268 342
27 228
172 232
124 335
89 174
75 258
249 297
7 50
181 276
222 248
290 357
181 384
157 348
324 397
6 160
280 341
125 341
176 333
98 143
168 337
10 291
202 223
191 216
187 356
169 311
65 329
309 345
189 227
254 379
218 271
30 220
108 250
98 252
194 274
105 216
151 275
46 354
293 337
239 330
255 314
33 162
46 90
77 119
231 233
182 262
99 180
89 389
198 214
61 176
187 280
40 96
12 127
47 71
197 399
146 315
239 308
198 396
126 205
62 348
74 130
236 360
103 107
15 342
246 287
27 187
85 230
305 315
167 260
125 280
212 254
299 382
227 323
23 283
213 366
192 391
247 356
247 328
77 393
220 236
51 288
67 300
39 55
263 366
101 105
70 338
295 340
72 85
196 250
33 350
106 161
62 157
19 290
16 43
144 227
182 260
229 309
189 209
145 271
287 376
90 155
175 391
221 281
77 154
261 315
61 152
212 369
201 206
162 350
202 343
57 314
194 302
61 159
8 14
54 353
66 373
277 362
18 196
71 284
206 363
322 335
332 356
40 233
272 297
235 335
49 291
274 331
69 314
55 226
56 126
80 307
116 218
210 330
93 301
272 381
21 150
209 326
170 264
206 359
66 131
210 227
26 210
156 292
154 393
133 280
210 323
94 122
202 355
156 356
121 246
132 332
163 373
69 317
18 375
10 49
235 269
161 310
344 369
80 215
44 209
4 108
44 326
57 130
290 385
22 106
41 200
160 362
86 340
27 99
334 382
218 289
14 249
33 283
81 133
84 178
47 56
133 341
8 316
64 167
376 399
106 213
54 382
168 315
361 369
74 257
27 126
51 242
174 281
141 265
135 217
32 110
159 236
90 348
272 372
38 273
161 196
243 333
167 191
68 87
347 378
81 280
294 324
268 386
235 367
184 242
281 295
142 309
282 346
113 325
72 79
48 132
25 392
138 357
147 311
307 352
247 292
189 210
282 377
124 150
179 356
290 326
348 389
20 243
70 128
50 342
74 278
158 215
112 387
244 399
158 308
121 141
240 366
37 359
179 247
100 198
231 331
10 40
212 379
134 215
201 355
90 271
97 191
107 394
37 363
199 393
181 282
305 337
53 200
131 373
92 323
41 43
69 141
16 225
134 266
261 337
22 259
187 328
333 393
130 255
228 280
102 185
31 345
136 199
132 179
26 144
68 188
53 280
167 387
108 378
109 130
146 323
96 240
142 147
80 134
91 384
122 335
103 148
141 232
19 385
1 268
213 238
325 397
72 230
29 143
186 205
116 389
155 289
82 129
303 323
234 371
180 205
326 334
142 234
108 267
172 208
48 280
268 275
60 315
5 139
137 167
51 398
146 303
40 259
211 397
278 294
181 195
48 133
38 46
174 389
30 126
140 250
2 277
42 173
7 374
318 391
175 244
310 313
180 186
64 115
130 317
372 381
179 202
19 326
38 164
16 200
27 53
237 239
40 263
91 319
68 201
76 349
113 278
101 368
9 40
99 126
121 391
154 242
250 375
283 350
40 366
48 125
298 387
30 236
116 271
47 378
28 352
188 350
43 53
218 389
142 229
188 395
132 247
211 398
217 248
82 297
92 143
245 288
67 194
229 383
0 33
109 165
29 92
146 261
86 262
231 259
258 360
140 240
338 348
79 85
109 397
25 290
91 131
24 63
207 286
0 162
94 345
260 262
41 228
183 338
119 393
217 222
241 288
193 279
65 260
14 17
67 324
118 360
149 226
20 51
84 97
172 380
132 280
94 208
52 241
150 172
57 325
74 302
118 320
278 324
59 351
140 378
164 289
9 331
28 201
110 127
155 183
45 175
157 338
118 339
100 391
7 289
165 317
172 235
15 268
7 364
47 267
103 394
125 219
287 367
236 369
192 287
118 296
179 328
63 242
315 337
158 170
101 251
42 115
17 272
274 302
107 262
224 255
21 124
74 294
11 149
48 341
334 385
28 304
189 237
157 256
195 352
12 218
75 369
10 259
152 325
5 38
46 116
187 225
27 56
217 251
73 185
0 23
4 378
278 325
107 298
58 209
107 174
242 393
248 368
15 184
65 148
11 21
64 262
207 230
204 297
151 268
88 237
249 272
176 379
68 363
66 346
384 390
100 175
182 190
57 294
109 255
90 183
2 5
92 144
286 299
192 301
88 285
258 369
102 363
89 157
209 330
14 272
88 134
308 330
120 127
260 298
142 383
6 362
148 193
193 329
24 268
33 188
35 344
257 314
51 63
367 380
46 203
232 317
241 245
117 147
293 315
341 355
69 130
101 222
261 365
72 349
208 235
176 398
290 334
122 322
70 145
79 286
136 243
32 164
257 278
39 86
84 306
367 399
52 305
135 248
85 207
62 145
235 322
234 383
22 238
129 372
250 378
339 361
75 212
171 220
163 252
60 379
6 19
65 388
132 328
328 332
177 256
356 361
214 301
30 118
203 271
173 358
30 336
243 393
90 116
61 398
175 235
38 271
171 320
242 253
160 353
75 344
130 294
229 371
54 362
84 105
36 310
11 154
77 151
192 380
12 289
56 186
186 321
45 93
57 317
245 253
2 160
114 293
301 316
61 136
49 316
265 391
34 275
175 318
61 312
0 350
14 204
105 167
154 211
30 296
3 146
150 208
279 329
292 356
63 288
26 227
250 347
46 145
116 157
58 237
203 273
199 300
9 231
93 265
90 145
94 322
99 187
192 214
36 233
89 173
199 397
57 324
195 282
99 118
216 329
260 387
131 377
60 293
9 366
103 387
103 351
182 298
43 219
113 257
125 132
19 138
189 239
282 384
183 218
13 119
246 380
100 380
88 239
311 345
19 362
13 21
8 249
69 232
48 219
49 297
18 378
128 145
208 244
281 374
131 282
31 309
65 298
60 241
0 188
161 375
123 288
245 342
116 183
187 270
118 361
178 222
203 207
110 365
373 377
139 353
109 317
66 88
184 245
167 388
135 178
156 179
118 126
33 185
71 140
94 124
215 285
111 377
352 377
68 283
69 257
28 206
222 279
125 187
185 359
131 195
328 343
98 146
284 313
100 265
41 321
184 288
88 170
159 312
62 95
134 285
165 255
181 390
331 366
8 372
57 224
222 368
71 250
264 266
67 278
170 276
296 339
8 297
262 394
132 187
243 253
60 337
222 251
1 275
2 139
76 230
220 312
4 186
129 301
42 256
23 359
140 347
344 360
57 74
134 264
169 309
153 356
79 349
156 223
165 224
240 259
88 215
338 389
258 361
94 235
126 320
196 347
151 154
159 336
193 327
83 304
90 164
54 160
0 185
124 322
152 194
178 217
46 218
255 317
69 113
28 363
39 107
199 253
310 347
111 181
91 111
152 300
31 311
134 170
0 359
1 295
246 391
68 102
120 370
87 283
64 260
78 385
59 103
267 321
258 344
360 361
300 397
166 293
276 384
387 388
118 236
88 346
231 263
18 108
174 262
109 113
336 369
234 327
78 290
248 279
5 127
252 303
91 163
209 210
65 167
60 254
40 302
380 391
212 258
171 194
30 312
175 376
122 269
191 387
313 347
39 221
57 113
37 68
322 345
18 140
162 283
180 225
60 168
62 116
204 372
376 396
173 338
299 385
39 262
9 96
179 223
83 355
164 183
13 150
59 329
242 333
281 364
52 379
367 396
138 326
12 110
99 186
269 335
364 374
104 106
22 366
100 192
28 37
24 151
9 10
158 237
147 309
339 360
97 251
110 370
5 354
37 102
333 398
62 89
189 330
117 229
271 273
188 359
137 177
112 148
137 260
75 360
89 348
147 327
15 123
51 199
72 273
301 396
117 327
46 76
125 133
170 266
287 380
45 141
223 343
158 285
58 144
209 357
116 203
229 311
169 399
310 375
104 272
131 181
99 332
65 216
170 390
32 354
117 383
170 285
60 305
53 228
16 41
38 354
176 241
225 228
29 227
123 241
253 288
367 391
109 224
259 366
26 143
175 287
103 167
24 342
23 350
113 130
5 32
257 324
123 245
109 314
230 273
275 340
367 376
86 149
156 343
39 394
125 225
12 46
80 170
25 209
296 320
65 103
190 394
163 181
106 196
40 291
178 251
182 394
279 368
100 367
121 175
303 346
148 182
343 355
11 226
139 277
339 344
318 396
96 213
318 380
55 386
112 329
86 394
31 197
240 274
175 265
111 319
176 184
219 280
371 383
139 362
204 381
243 300
249 372
5 160
30 320
3 98
55 149
214 287
211 333
9 22
17 106
101 191
2 54
193 216
20 176
136 242
170 237
131 390
26 323
178 306
244 376
10 231
345 399
59 234
114 254
298 388
181 373
1 340
207 299
115 256
42 137
27 320
233 238
311 371
236 339
3 370
102 133
66 285
48 270
26 308
168 305
21 224
52 212
323 370
263 291
199 333
140 274
72 286
276 282
278 331
12 164
209 290
76 354
116 338
75 254
37 188
39 298
284 302
36 96
57 257
5 370
173 177
16 280
111 202
64 182
178 368
318 367
209 392
84 217
112 383
39 260
71 108
79 273
53 225
90 389
87 395
44 138
31 169
192 198
244 391
185 395
207 349
126 296
78 334
77 275
45 121
37 201
51 333
232 265
31 229
45 391
3 261
201 304
192 318
18 310
55 190
71 313
29 252
63 393
289 364
35 293
66 384
97 222
48 187
23 185
1 24
80 264
353 362
355 363
150 322
20 333
174 221
168 254
236 258
83 202
28 355
44 144
119 154
233 366
102 359
34 295
122 172
166 252
79 230
62 338
181 377
95 116
58 392
100 301
33 73
64 387
159 176
44 362
135 222
203 354
121 232
31 371
13 154
253 333
140 313
131 163
83 328
288 379
58 189
171 296
94 150
76 207
98 305
145 203
66 390
235 391
56 321
170 215
22 213
155 164
292 361
20 398
198 287
276 285
155 374
95 157
142 327
52 114
39 351
138 334
49 82
242 243
260 388
217 368
185 283
218 281
185 188
167 216
110 120
81 341
270 332
199 243
211 242
132 225
146 305
8 82
19 44
36 106
117 329
241 379
153 292
115 167
114 212
224 314
117 193
21 119
88 158
113 317
116 145
283 359
75 236
57 165
360 369
114 315
175 246
60 212
312 336
51 241
144 323
114 337
263 331
136 398
117 142
271 354
1 7
18 250
88 266
5 365
68 359
45 265
220 320
8 381
104 213
96 284
71 347
147 229
214 396
146 227
211 243
200 228
125 270
215 266
199 398
17 213
56 267
80 88
103 260
250 313
147 383
286 385
138 385
134 307
40 231
25 357
139 370
23 188
180 187
131 346
197 345
247 343
159 258
219 228
46 183
122 124
42 89
20 61
23 73
200 219
223 328
19 382
44 334
16 228
346 390
132 341
224 397
51 379
74 325
41 219
62 389
306 368
191 388
13 226
281 340
65 351
42 260
79 299
216 279
223 292
54 139
15 288
169 345
59 190
86 386
10 22
287 318
29 146
223 247
252 293
72 299
61 336
3 337
144 209
98 293
46 338
327 371
132 270
106 233
74 152
68 162
93 129
12 365
68 206
142 371
64 107
74 324
144 326
119 151
173 256
261 305
176 288
212 236
97 178
346 373
172 391
62 183
177 358
37 395
199 242
90 338
98 303
57 109
237 330
26 29
258 312
12 354
99 320
159 212
313 378
23 162
204 249
101 279
195 319
187 205
135 368
84 191
41 225
69 255
76 273
184 333
22 96
12 155
148 351
126 186
47 108
92 98
130 257
67 325
155 218
73 283
29 303
145 338
93 316
2 362
329 387
231 366
241 254
343 356
79 203
149 386
365 370
319 352
42 298
195 390
344 361
55 394
213 259
37 304
190 351
65 193
149 275
184 241
65 387
137 358
59 148
39 182
225 280
289 374
48 225
114 166
87 133
183 281
165 314
67 74
143 373
90 218
23 102
137 256
304 363
274 284
5 353
148 387
277 354
143 282
76 79
87 341
136 300
14 372
141 246
340 364
9 233
42 348
220 296
85 273
115 358
11 119
153 202
63 123
195 384
124 226
1 34
76 85
236 361
196 375
5 362
80 285
81 87
71 267
70 116
266 390
95 128
130 165
155 281
89 281
244 367
275 364
85 299
84 222
77 268
175 208
96 233
15 50
216 387
376 380
167 329
35 163
158 330
151 242
216 251
308 392
143 346
110 261
380 396
83 132
23 395
232 246
237 285
24 386
43 200
139 160
339 369
157 389
16 219
376 391
347 375
3 323
70 157
175 380
129 192
359 395
239 285
202 328
85 286
110 139
30 171
227 303
29 315
251 306
122 235
115 177
327 383
4 321
210 303
34 50
9 259
377 384
230 349
172 175
113 324
2 6
24 77
71 310
37 206
103 329
225 270
309 371
180 228
119 386
18 71
194 278
103 182
12 120
48 81
10 263
105 388
129 381
19 54
39 103
288 333
80 266
166 373
131 166
81 125
6 44
165 257
197 376
232 391
46 271
21 255
275 295
58 330
151 393
6 353
19 160
172 244
156 361
59 371
13 124
61 220
154 333
114 305
183 289
97 105
169 229
113 314
215 237
52 168
3 315
205 228
65 112
131 276
22 233
63 245
101 216
74 113
51 243
257 317
276 373
111 352
128 338
7 34
295 374
15 24
0 395
174 348
131 384
96 259
287 391
4 267
147 234
96 231
26 189
19 334
211 253
235 246
35 373
17 22
225 332
205 225
51 253
6 290
81 270
178 248
6 277
146 337
105 191
15 63
138 382
27 332
161 213
278 302
300 398
15 253
153 343
156 247
159 220
102 188
82
57
179
53
141
27
97
139
89
183
67
99
137
13
62
122
167
202
148
130
50
134
156
100
51
75
66
19
22
114
43
114
56
131
79
58
83
85
105
26
69
89
82
37
128
111
14
78
62
147
95
67
147
74
76
216
40
49
201
47
121
89
174
152
99
63
107
141
27
97
87
57
12
13
173
236
113
110
104
68
80
164
267
27
108
73
117
174
81
88
66
117
93
49
132
183
129
79
67
34
84
79
106
100
55
107
104
130
162
52
56
139
52
106
59
131
42
61
137
86
111
151
144
94
45
94
81
197
82
83
35
166
176
184
177
88
122
114
54
87
161
103
203
125
170
48
32
108
158
113
103
48
75
55
37
45
93
80
128
64
111
62
17
74
74
90
31
111
41
166
88
69
128
130
112
81
57
91
16
127
65
127
56
29
92
179
146
75
49
26
116
171
116
53
141
42
75
78
78
154
107
70
129
67
59
57
128
48
39
116
111
79
82
172
65
25
169
18
122
56
57
140
168
130
73
135
108
95
64
180
159
39
55
149
134
51
109
106
188
87
153
102
194
13
64
143
107
123
159
127
74
79
195
98
108
34
163
95
145
110
155
68
105
110
138
65
64
96
39
16
58
27
100
58
128
95
92
77
44
174
106
46
144
56
67
66
73
106
104
150
189
47
53
88
117
20
41
132
51
29
130
107
63
96
104
102
35
67
55
155
50
133
134
227
160
124
73
68
171
110
74
101
43
82
69
78
63
175
76
20
35
64
21
119
195
125
98
56
247
31
179
163
28
69
123
148
110
95
115
59
101
103
116
136
88
115
75
73
157
41
81
112
61
69
139
73
73
153
70
77
40
119
204
51
73
61
191
72
104
121
226
73
131
233
51
97
45
111
60
54
33
72
82
118
58
66
83
146
78
73
116
115
61
53
167
79
34
176
106
42
41
175
125
88
56
159
151
186
114
140
73
218
12
39
90
66
50
84
123
78
123
51
119
31
70
107
177
57
15
36
63
189
68
46
350
156
100
34
90
97
74
20
112
160
158
81
58
44
55
68
64
92
52
120
147
180
83
111
67
186
97
55
148
59
73
109
82
84
152
86
391
60
73
274
95
39
218
71
49
114
108
63
79
132
106
129
36
80
48
100
63
112
89
113
80
89
90
51
110
72
72
173
58
80
42
110
115
105
78
148
174
13
143
73
72
97
198
67
115
146
57
90
83
95
77
137
122
119
85
59
11
166
111
125
168
115
35
84
155
29
173
64
129
52
90
50
132
153
30
37
46
35
183
153
147
18
160
154
32
42
103
163
45
221
209
77
141
185
67
94
162
78
78
74
187
81
100
76
121
226
109
56
91
16
141
101
87
137
64
87
45
42
44
89
152
193
50
84
146
127
146
54
18
104
171
19
183
40
160
42
134
74
108
110
93
36
82
150
129
122
130
113
35
66
30
42
135
110
112
84
118
74
65
96
27
123
128
191
165
94
84
185
121
31
42
96
99
92
42
99
156
112
59
68
105
36
153
192
53
89
152
98
65
154
55
81
69
120
160
51
57
78
66
165
131
103
195
66
55
149
151
73
49
94
106
79
86
165
172
68
76
135
110
222
119
244
96
67
57
140
34
103
107
43
89
18
13
19
135
148
229
209
114
106
66
21
151
113
58
160
26
204
100
145
127
95
107
47
19
45
93
62
65
173
99
45
66
13
96
100
68
99
62
33
61
144
89
85
183
43
45
117
129
26
59
10
128
99
51
111
220
58
86
152
133
68
203
133
62
135
65
103
12
167
53
98
119
40
108
133
131
162
72
74
105
84
58
24
76
151
161
86
233
42
125
41
145
107
167
105
76
68
32
50
94
89
75
94
17
54
152
97
91
91
92
82
84
121
100
144
75
47
17
120
91
74
180
79
108
71
104
66
29
135
173
83
150
85
43
122
109
42
18
67
195
71
130
88
167
67
46
67
198
99
69
195
57
201
54
30
55
98
42
52
33
65
122
92
127
79
82
42
113
150
48
94
163
48
104
125
52
53
174
93
100
77
64
81
83
60
105
45
165
34
82
139
40
114
139
111
119
49
81
130
68
66
14
139
91
68
133
78
11
66
86
31
91
66
100
58
151
201
151
64
31
81
149
144
90
97
217
134
119
13
99
80
39
76
144
24
25
146
119
58
66
80
154
131
67
107
90
164
17
16
73
51
97
71
30
83
94
44
102
20
40
120
100
162
42
86
110
41
32
49
54
153
44
23
94
167
86
85
55
69
100
100
218
54
177
59
119
137
162
121
102
83
85
85
202
93
186
77
118
207
244
174
125
48
93
134
40
51
106
101
54
25
128
108
38
73
107
73
86
22
82
126
175
51
165
219
70
62
92
93
84
229
97
28
55
42
70
77
136
122
203
77
81
126
82
190
184
116
88
41
44
45
80
170
46
102
143
100
57
93
165
60
22
81
89
190
84
25
40
56
120
151
149
111
165
22
72
123
37
113
135
48
66
149
94
81
54
102
108
39
158
94
75
48
133
136
22
115
51
141
41
70
118
88
53
181
138
153
62
64
126
90
227
113
160
116
182
43
53
97
66
102
68
97
73
84
125
90
60
278
20
160
110
83
57
132
55
94
61
111
52
78
111
47
106
150
118
95
66
121
98
95
98
39
16
98
102
170
33
105
52
176
105
39
64
194
33
69
48
91
15
73
95
139
148
61
60
48
161
80
14
92
213
82
148
40
95
113
102
78
117
43
190
140
23
12
48
87
106
76
130
61
41
73
64
32
162
85
120
45
51
122
97
50
77
82
68
117
81
108
28
91
67
151
48
26
151
131
20
63
137
99
51
172
173
75
107
81
147
183
129
104
84
122
123
151
98
62
63
13
296
175
155
63
103
143
52
27
119
46
90
199
219
100
47
102
128
145
27
34
156
176
55
60
113
47
51
117
78
231
23
65
40
103
198
134
174
58
179
48
83
102
150
93
13
60
135
78
42
197
61
62
77
93
25
75
61
125
130
45
68
168
249
144
30
44
113
194
93
25
165
64
59
149
185
46
189
52
98
25
59
59
38
145
161
141
228
117
77
151
62
114
181
188
154
42
78
79
78
119
19
55
103
141
99
95
85
47
33
109
100
149
169
28
57
68
119
75
41
68
79
10
66
114
67
86
124
99
172
112
55
28
142
197
130
173
87
88
56
139
85
63
210
93
70
63
43
165
85
53
41
76
230
137
141
68
96
58
89
13
56
76
86
103
121
126
53
144
94
96
150
91
111
54
100
148
217
78
106
80
65
73
167
135
183
62
94
93
140
76
124
166
108
195
58
72
135
109
79
120
80
176
113
177
70
45
54
132
105
80
41
185
155
39
200
156
67
63
163
41
168
122
156
71
60
80
79
213
85
219
69
154
68
79
116
106
112
146
96
71
36
19
85
264
126
28
108
63
75
172
125
119
147
137
54
191
40
91
117
138
98
161
129
91
10
70
15
106
134
51
92
67
100
51
138
138
151
118
75
37
70
124
140
60
38
21
153
139
93
80
67
129
121
124
89
59
181
114
58
117
130
89
128
57
196
80
157
159
144
59
112
112
13
41
129
85
34
148
186
83
119
122
133
90
119
69
41
92
65
19
127
31
93
118
144
81
20
41
133
167
152
70
96
211
37
65
126
122
101
192
87
76
54
61
108
156
55
97
120
30
209
63
55
206
76
96
38
69
86
139
12
172
124
42
24
215
75
99
117
136
18
89
135
40
63
32
73
86
77
149
120
115
193
93
163
98
170
49
60
197
44
66
113
115
32
90
151
76
68
98
87
82
124
73
222
276
88
111
74
57
106
118
60
55
76
56
208
133
188
68
245
64
24
183
152
115
165
57
139
56
57
69
74
71
114
194
104
121
181
55
26
137
134
109
128
115
134
88
56
113
108
106
107
82
83
171
189
82
88
89
75
56
50
72
77
59
122
67
165
159
125
184
73
24
104
49
167
68
75
53
178
102
71
54
71
121
147
88
59
145
23
79
75
59
56
100
56
118
106
68
122
157
152
34
107
27
157
57
160
146
90
189
29
177
73
45
18
64
63
93
112
100
90
86
82
108
32
60
63
121
131
55
57
25
211
63
145
100
93
168
120
106
135
129
79
174
47
63
146
59
36
100
108
178
120
129
81
36
86
82
74
183
102
183
211
97
53
186
28
96
206
144
44
96
33
112
98
58
149
55
178
181
162
103
61
119
42
99
52
98
99
85
24
23
176
90
34
77
129
77
226
69
80
19
140
91
165
152
188
37
210
281
70
101
48
53
128
62
139
99
32
47
100
162
77
189
80
71
116
84
69
186
88
133
27
130
70
70
136
200
129
161
163
16
81
175
81
58
136
143
124
63
133
177
89
85
58
136
107
84
224
159
107
109
72
180
173
318
31
190
105
104
95
127
94
110
91
56
68
132
92
157
59
130
41
59
56
112
90
65
114
89
97
186
72
195
181
109
123
127
88
170
82
37
286
132
172
174
145
10
52
106
188
117
122
58
179
23
74
85
29
