105 133
611 660
675 494
581 759
364 285
154 687
222 428
408 589
234 775
569 157
11 766
23 736
411 510
81 559
3 243
627 78
609 614
262 167
386 209
721 138
496 168
188 510
493 400
127 382
692 483
417 149
379 0
640 654
475 283
215 194
199 215
345 341
207 391
420 766
336 653
539 535
130 584
469 475
287 291
67 389
493 106
339 402
424 608
614 738
267 745
514 517
613 528
688 170
45 257
333 248
667 81
646 398
51 478
781 243
704 451
271 596
102 26
174 468
440 775
731 667
285 133
693 374
676 512
277 425
744 70
388 767
309 223
598 340
397 773
792 662
4 520
707 501
619 37
530 334
603 272
170 189
202 137
246 456
9 134
266 415
6 418
481 50
14 780
266 111
202 83
544 424
693 456
132 217
508 541
554 576
596 515
627 529
341 162
450 99
517 175
12 14
523 112
381 659
184 74
62 177
3 196
324 378
489 338
467 768
607 183
621 398
624 353
347 430
691 506
102 685
631 105
636 670
408 420
479 203
187 128
2 567
187 402
672 446
495 147
486 562
349 4
722 555
155 387
272 609
518 695
88 683
465 418
409 130
436 703
730 777
313 270
511 604
736 23
303 532
603 322
564 726
687 225
281 673
19 706
757 9
635 613
300 130
8 78
645 172
61 625
290 796
237 745
671 618
354 579
621 663
655 342
256 219
261 378
753 620
502 296
279 547
189 224
242 284
584 422
258 270
17 334
384 569
736 530
44 338
284 453
575 735
686 391
100 574
214 36
355 781
249 234
594 298
27 628
160 724
282 249
422 116
515 472
609 652
1 423
22 69
670 623
2 44
755 340
134 387
409 253
324 122
301 480
40 731
709 220
444 495
711 344
800 75
106 524
750 143
8 197
128 159
329 466
781 136
326 79
450 730
535 725
585 442
374 706
90 213
266 326
164 197
124 629
62 702
661 537
77 611
433 108
108 423
283 416
334 148
335 421
542 193
508 753
48 586
555 425
341 593
127 55
666 504
139 288
93 686
259 0
293 594
784 580
246 730
316 306
407 533
43 66
545 456
472 592
113 365
630 725
412 680
756 392
462 481
110 284
728 132
673 8
721 376
519 169
467 254
346 34
88 332
411 106
630 381
796 178
327 519
159 455
138 199
652 733
505 270
466 93
222 569
483 216
696 113
710 540
506 465
411 463
58 213
167 596
283 128
114 782
74 418
179 593
368 516
202 690
592 206
297 168
252 625
224 511
58 80
45 621
356 431
645 720
421 400
224 423
473 38
528 467
749 224
598 228
369 148
400 451
223 592
88 596
679 595
543 757
757 557
107 313
5 623
256 148
235 123
444 214
413 29
206 623
607 491
479 35
687 268
285 652
696 1
328 179
350 557
60 421
147 41
292 101
484 206
570 508
25 496
306 540
651 227
659 766
681 65
459 388
260 393
29 226
87 568
244 334
91 482
554 447
705 29
257 247
189 278
309 80
374 654
107 722
493 259
447 657
56 459
38 501
792 137
372 592
190 183
308 170
161 631
651 101
176 163
76 402
319 231
187 247
705 350
510 394
27 346
385 506
60 519
561 765
318 125
664 768
584 157
335 260
600 523
645 516
627 165
475 444
685 396
530 764
56 648
84 444
556 474
740 563
614 174
356 687
246 365
47 305
13 589
616 636
79 165
136 469
224 190
269 361
741 29
461 168
419 308
747 742
718 623
534 214
676 774
500 27
762 161
633 462
56 729
659 601
335 40
497 2
116 744
333 398
741 610
740 341
409 261
561 170
257 168
88 110
115 219
430 203
217 741
681 454
23 190
692 133
324 647
102 373
17 292
215 390
108 396
295 383
346 356
221 258
76 293
0 195
165 288
227 395
115 309
261 367
98 305
139 371
143 336
46 297
165 216
74 282
115 330
47 398
9 390
111 234
259 320
314 354
229 303
32 370
247 355
84 293
195 203
244 295
13 144
202 399
117 166
117 380
298 378
34 137
17 151
12 237
208 258
336 398
149 234
155 310
113 256
288 346
215 307
260 275
18 92
2 221
268 395
52 330
122 211
144 357
30 369
243 256
51 67
152 212
3 348
309 319
257 398
139 191
140 149
203 316
15 50
190 241
122 183
283 334
276 348
258 360
84 98
254 298
1 177
189 260
269 390
123 137
106 247
353 361
147 287
110 353
103 216
94 118
1 140
69 375
231 280
213 334
193 331
40 279
75 114
94 372
101 152
326 381
93 298
33 199
292 391
87 156
208 352
176 259
181 230
62 91
137 271
114 305
255 272
85 280
78 142
271 300
143 188
140 147
84 220
380 396
37 189
37 237
75 333
161 303
220 392
296 335
41 107
58 65
145 227
15 240
105 201
88 232
280 308
279 295
173 223
125 138
7 42
11 82
236 388
198 383
97 328
52 319
157 318
318 370
6 116
47 361
98 168
348 377
216 288
89 351
92 283
175 254
113 394
141 324
149 177
348 374
308 320
112 277
7 332
93 279
15 110
21 77
18 283
14 316
21 255
67 134
21 57
39 183
261 316
189 259
207 381
84 337
72 313
111 366
159 170
4 184
308 351
175 210
45 237
39 163
32 152
50 239
75 205
74 134
91 208
36 192
204 370
176 280
80 178
99 195
183 245
205 333
50 398
55 310
109 173
93 175
166 247
191 193
113 372
80 338
134 247
74 171
216 346
144 274
193 239
38 130
31 228
173 264
127 283
37 280
260 277
239 379
155 303
222 340
109 385
148 225
172 291
203 367
83 347
132 191
147 382
307 327
224 324
54 117
79 152
75 195
23 358
25 175
24 117
157 323
62 258
19 257
17 391
89 119
318 363
172 217
107 214
240 313
131 232
29 369
183 211
317 345
82 187
287 382
360 387
90 91
105 158
107 386
89 131
46 221
17 263
75 340
133 225
60 141
30 333
121 226
124 216
46 90
9 242
44 169
73 102
88 89
123 285
107 196
152 370
156 369
127 175
9 104
121 162
53 379
124 288
49 130
277 314
66 170
148 303
196 275
239 257
222 238
6 77
15 257
48 203
115 172
144 172
139 301
74 311
97 362
78 230
46 91
274 291
103 128
190 355
102 154
222 290
187 207
110 398
256 307
50 64
220 273
140 177
76 98
86 117
152 318
193 281
116 363
107 212
1 27
54 241
33 169
24 86
129 374
12 284
269 353
330 345
51 117
146 173
185 383
100 194
324 347
35 89
218 359
234 252
192 286
212 214
269 282
270 391
277 354
238 393
1 180
49 350
358 368
35 88
179 392
10 381
0 392
298 384
123 155
241 388
62 162
55 133
64 193
226 289
367 393
367 392
239 248
266 271
66 350
219 310
199 216
361 390
165 200
319 368
75 337
49 228
43 252
221 380
191 371
81 279
85 201
54 166
241 355
62 221
159 322
190 388
3 346
150 190
284 344
3 135
5 335
45 280
157 322
349 353
75 393
210 254
90 352
13 217
278 315
16 177
30 337
389 394
94 256
329 358
124 200
92 185
22 342
26 120
43 234
148 229
277 284
265 329
109 326
110 257
295 384
14 261
127 246
75 251
167 266
204 315
162 226
130 157
322 339
292 293
146 395
109 223
79 164
183 290
256 372
18 49
274 317
257 336
122 278
57 116
208 221
122 233
37 45
4 373
98 114
215 376
116 183
109 206
153 289
22 259
276 377
66 302
87 251
188 379
319 329
264 385
197 248
2 208
201 359
316 364
67 105
71 221
150 247
337 369
255 285
132 240
206 262
58 169
158 247
23 265
20 376
30 151
13 330
54 71
176 308
52 309
37 259
27 140
66 339
70 365
34 219
35 45
148 249
319 358
67 106
84 168
266 335
5 125
162 258
45 308
52 329
24 352
23 116
13 345
149 276
78 367
313 321
195 367
8 268
150 341
16 89
144 365
143 257
26 383
20 256
24 108
148 219
256 376
369 391
98 293
352 380
283 302
123 399
155 255
40 175
192 330
234 346
140 180
38 159
132 139
20 113
6 212
215 282
151 369
205 251
5 223
202 235
176 231
374 377
154 243
366 382
116 250
67 247
215 349
131 328
297 380
2 71
223 357
245 338
64 331
71 289
184 243
189 354
15 72
99 392
73 154
5 395
147 387
54 355
36 286
333 337
51 105
9 215
206 223
327 376
100 316
244 324
2 258
45 359
162 360
41 112
223 385
9 269
34 202
206 209
48 316
381 385
222 323
47 257
50 257
293 306
60 306
209 286
109 381
158 359
164 214
32 116
110 313
118 372
61 150
190 236
128 362
215 242
144 207
2 117
205 393
90 380
226 375
258 287
244 383
260 267
165 312
265 304
104 282
315 363
378 384
268 296
250 368
38 204
267 344
63 386
260 284
251 393
95 273
4 228
7 219
84 305
81 384
135 356
211 338
10 82
34 225
95 181
6 315
49 66
19 47
42 161
8 395
12 267
294 394
170 322
187 264
329 330
43 312
60 185
68 169
165 276
128 328
33 65
59 69
291 357
70 309
80 329
151 170
189 237
307 394
324 383
23 183
1 366
142 179
89 308
37 260
55 155
133 155
153 287
178 329
23 233
76 369
22 85
78 194
242 372
227 268
51 150
125 209
28 102
195 205
70 115
304 329
297 351
47 353
262 266
56 305
87 393
153 387
65 103
27 111
39 338
204 318
14 48
297 352
7 148
78 100
35 90
315 318
81 93
280 359
172 209
17 141
34 362
303 332
18 389
218 231
294 307
71 208
147 180
64 301
136 188
142 181
10 207
102 253
52 192
55 255
329 338
51 158
80 265
113 215
141 213
281 379
306 347
176 320
6 63
159 204
17 293
209 365
47 281
299 311
25 283
142 392
41 101
22 314
256 294
41 386
349 361
136 281
349 390
8 227
64 197
61 106
39 343
38 174
4 389
240 371
237 280
11 207
243 294
73 253
58 128
99 194
21 368
66 130
114 337
287 360
284 314
141 185
233 290
245 343
137 399
126 354
66 174
85 176
61 247
166 388
157 159
108 121
44 268
143 349
48 364
121 387
330 358
43 288
133 249
112 126
6 250
97 128
145 146
167 192
69 387
332 399
141 292
218 342
206 286
128 199
20 96
141 347
59 374
179 230
201 297
2 352
192 317
78 179
59 375
101 386
46 351
93 254
19 239
92 270
84 114
9 94
20 307
219 332
121 360
265 319
50 321
111 140
253 327
265 338
71 396
338 358
36 266
187 326
212 370
21 250
51 380
130 174
39 329
126 277
2 108
45 259
207 223
213 302
253 376
167 345
86 108
2 380
89 232
255 296
209 317
342 354
59 147
154 256
116 122
230 392
376 390
177 180
52 358
288 356
235 328
150 299
201 231
182 241
251 367
46 208
35 131
156 205
51 61
114 293
43 346
48 194
229 332
14 99
7 229
309 345
38 157
129 252
207 357
294 372
200 346
17 369
176 237
91 351
195 251
257 321
20 215
170 369
121 375
144 167
181 273
26 279
42 97
29 205
312 377
30 323
265 358
53 188
264 381
282 361
203 251
252 377
367 397
24 258
217 357
99 397
39 211
36 206
75 369
16 382
205 340
93 295
24 54
183 250
19 197
57 368
92 334
111 180
63 214
10 138
225 271
179 181
168 293
329 345
270 302
85 320
287 387
289 387
16 27
85 359
28 253
7 232
331 379
70 345
35 359
87 340
118 307
223 326
244 306
92 213
52 211
211 319
177 366
40 210
206 317
38 339
143 353
231 320
125 144
88 176
73 134
58 68
39 233
18 394
25 372
42 148
113 242
259 359
184 389
32 315
79 315
7 328
183 338
125 385
74 269
29 333
285 296
269 311
150 241
55 271
47 311
62 208
24 62
294 327
43 276
210 372
263 292
229 267
233 265
260 344
111 177
158 218
161 267
33 235
16 366
172 274
267 310
104 215
306 324
242 307
259 280
279 384
93 127
301 371
203 261
209 357
66 159
16 111
112 284
12 260
48 261
86 396
154 253
68 199
250 278
155 285
163 338
237 354
217 274
123 219
32 79
164 196
87 195
160 163
86 221
107 284
30 156
136 299
243 253
294 389
41 196
135 216
189 229
105 106
4 339
362 399
5 268
165 234
161 332
94 376
113 376
3 288
11 326
126 260
42 119
164 315
125 357
1 276
18 25
123 225
154 327
46 352
267 303
120 383
268 335
154 373
132 313
148 161
51 106
104 353
219 300
14 100
55 296
176 218
119 232
200 216
325 332
126 259
180 366
223 381
117 355
200 288
23 39
246 283
157 174
138 357
77 315
55 219
152 363
29 391
203 393
263 293
2 54
65 169
118 242
65 199
129 348
36 335
12 344
215 269
108 221
73 342
302 339
19 50
40 81
201 380
125 326
13 36
18 184
9 361
320 342
57 250
37 126
6 57
161 219
33 68
168 220
295 378
285 335
146 227
64 398
134 150
150 166
58 103
8 44
221 396
17 334
69 153
11 187
115 217
234 276
34 325
214 386
115 291
101 315
83 141
26 198
104 376
226 360
360 375
54 86
174 228
55 300
47 239
3 312
234 377
27 276
22 354
38 318
240 301
186 196
60 83
20 242
257 313
130 350
25 127
173 227
23 290
34 399
45 176
136 311
172 365
47 188
87 238
99 100
190 299
36 167
103 199
135 234
99 203
78 99
3 252
245 290
219 325
28 243
81 210
271 285
218 320
1 234
28 389
67 150
201 280
51 247
167 317
341 355
29 75
51 355
53 248
64 321
286 317
85 158
135 346
188 281
239 398
62 396
245 364
263 334
19 331
150 355
292 306
148 332
263 306
32 363
189 284
121 258
137 268
51 166
121 289
33 103
243 327
206 266
61 117
233 245
122 250
252 312
127 254
313 336
138 187
50 313
234 312
323 340
107 275
254 384
43 200
33 202
60 263
112 354
35 308
220 305
97 235
159 174
156 333
145 169
5 206
31 101
79 212
24 396
163 290
147 366
105 166
306 383
302 347
3 200
213 270
211 304
71 86
135 165
2 396
338 343
178 265
88 131
133 267
197 239
19 398
320 359
121 153
353 398
219 303
124 165
26 295
161 229
263 391
217 317
182 388
108 258
192 368
75 156
286 357
39 178
11 381
172 286
193 379
224 383
77 79
321 371
66 322
107 112
177 382
231 308
141 198
45 231
139 240
130 228
6 278
229 344
12 161
155 272
101 107
144 217
81 295
58 216
96 254
234 348
117 396
336 353
66 334
208 382
38 49
289 360
205 337
57 272
198 306
198 244
209 274
45 88
260 354
140 382
60 347
311 353
249 310
282 311
273 367
152 204
65 202
144 206
95 230
221 352
78 397
112 260
256 394
12 229
78 181
159 228
81 378
180 382
47 136
248 281
167 217
92 302
77 272
97 202
38 322
109 125
43 111
125 173
48 397
16 140
28 154
180 287
12 189
3 43
312 348
132 321
191 197
82 138
209 217
188 299
123 255
274 357
199 235
152 315
316 397
61 182
56 273
71 162
19 193
252 348
185 334
210 246
193 248
140 366
46 308
49 174
248 331
211 368
62 108
67 171
113 307
4 350
10 11
315 370
34 300
218 280
206 335
83 293
215 256
39 245
163 364
45 119
262 296
164 212
212 278
6 32
51 341
194 261
63 186
52 345
40 118
64 132
77 164
16 149
303 310
110 336
85 259
40 96
83 168
91 308
91 221
100 397
29 151
27 147
36 317
42 325
23 338
263 324
319 330
36 209
192 345
44 146
113 294
29 156
104 143
314 342
13 209
225 300
249 344
6 79
25 93
42 328
216 356
37 354
148 310
253 256
53 136
201 218
184 294
64 139
144 291
171 282
249 267
246 254
262 285
125 223
120 295
236 341
65 68
269 376
141 302
61 236
272 285
93 246
95 179
64 239
186 214
41 214
63 196
196 214
141 270
19 336
61 241
334 347
43 377
293 391
5 109
258 289
136 353
38 228
213 283
129 276
41 212
32 318
211 329
108 352
55 123
123 271
75 87
94 113
7 325
1 111
255 262
43 348
71 121
115 365
232 328
219 225
304 338
305 392
11 138
173 385
243 307
212 386
67 74
55 137
56 179
1 16
55 225
183 265
20 390
56 181
251 337
0 220
193 398
333 340
83 324
137 227
102 314
30 75
163 245
166 190
64 313
214 275
39 304
18 294
79 370
325 328
25 294
0 251
124 356
235 325
48 238
237 260
208 351
230 273
69 226
160 343
143 311
312 374
251 333
270 292
120 198
292 369
61 166
254 378
261 393
194 367
225 399
50 110
309 329
94 390
163 233
25 246
60 293
196 249
207 385
167 209
114 333
311 361
5 326
194 397
212 315
44 395
16 147
204 363
113 327
111 149
175 372
2 24
158 201
149 366
41 63
5 173
81 298
236 241
130 159
56 392
207 326
271 399
92 347
91 297
98 337
63 77
282 376
82 207
304 358
21 272
303 344
30 170
14 364
172 357
243 373
274 365
127 210
104 361
60 292
115 274
363 370
43 165
149 252
111 276
301 321
27 382
186 310
307 376
60 391
225 303
43 135
146 268
133 310
4 130
217 291
259 354
47 143
10 187
63 79
31 38
239 331
47 193
166 241
76 292
63 152
47 379
66 151
205 369
97 332
48 100
94 215
185 347
302 334
185 306
14 397
35 119
87 222
333 369
304 319
93 372
94 242
93 118
143 269
203 397
127 372
156 170
148 267
103 288
77 186
7 161
243 389
196 344
180 375
52 178
91 352
173 395
108 162
36 262
297 359
290 364
8 146
83 84
104 390
8 173
123 300
266 296
22 126
143 398
254 279
67 73
0 273
2 91
292 334
158 320
105 247
17 60
155 186
13 317
124 135
252 276
27 149
40 93
281 299
266 285
56 230
62 86
27 177
59 153
72 110
264 326
153 360
156 323
175 246
33 58
157 170
213 347
100 261
136 282
81 254
2 62
33 128
101 275
156 340
128 202
125 381
196 267
31 386
90 297
109 207
98 220
61 388
151 174
249 303
192 319
19 64
201 308
0 367
23 122
63 278
14 194
20 118
168 224
85 342
184 394
18 350
83 263
185 263
6 152
23 211
96 118
83 306
325 399
144 209
117 221
56 142
1 149
208 287
9 349
78 392
63 164
71 258
135 200
40 254
139 321
87 261
186 249
263 270
48 160
62 352
49 339
76 84
225 285
59 387
153 375
123 296
142 230
141 334
2 86
106 150
50 371
262 335
22 102
17 29
61 190
255 271
164 186
211 265
85 231
182 341
70 330
142 273
15 313
25 210
195 337
34 332
132 301
283 347
307 372
64 191
287 375
28 184
135 288
121 287
38 350
187 381
13 192
53 281
112 275
326 385
72 240
104 269
95 142
56 95
35 351
242 256
166 341
176 359
155 225
28 373
30 251
120 324
9 353
261 397
28 256
90 359
144 286
202 325
182 190
39 265
355 396
83 292
13 167
217 365
168 305
7 303
29 340
200 356
204 228
85 218
30 340
269 349
279 298
56 220
185 324
90 351
339 350
313 398
241 341
24 71
87 205
141 263
50 72
58 199
26 244
78 273
60 270
193 197
63 370
375 387
191 331
27 180
159 318
113 243
29 76
155 249
77 212
165 356
82 381
202 362
111 252
30 205
190 341
106 166
351 352
17 270
42 235
103 356
280 354
125 207
40 242
4 31
291 365
34 97
141 306
94 307
40 298
243 394
120 244
183 233
39 358
8 145
133 186
176 354
170 174
54 108
137 395
101 214
99 316
50 336
4 49
184 373
185 283
147 375
237 284
151 322
76 333
129 377
165 346
120 224
242 349
110 143
151 157
132 371
156 251
173 268
11 125
32 122
19 379
179 273
15 336
193 257
138 381
126 342
44 145
13 286
217 286
109 144
174 339
50 132
12 37
275 284
42 232
59 180
25 254
137 300
124 199
68 103
68 128
197 331
29 170
133 303
301 313
152 278
372 394
265 368
341 388
138 207
63 315
153 226
79 363
151 159
118 215
39 80
52 304
55 285
145 395
113 118
246 295
163 343
106 134
270 347
143 361
119 131
242 390
102 342
263 347
174 322
54 396
313 371
3 234
76 337
27 366
169 202
68 202
104 349
99 261
237 259
88 119
300 362
156 337
238 245
93 210
101 370
240 321
140 208
157 204
128 235
80 304
211 358
94 96
9 96
101 212
231 359
357 381
52 80
105 355
201 320
199 328
57 278
97 399
221 297
160 364
375 382
136 143
125 187
185 198
87 203
61 341
3 356
126 314
300 399
203 238
61 355
217 345
52 70
187 223
96 242
39 160
166 355
97 325
99 367
195 392
270 334
134 171
248 379
194 316
231 259
79 278
29 337
20 372
129 312
185 213
256 327
34 235
3 165
77 278
271 296
226 387
174 350
50 240
60 334
73 171
71 108
20 94
197 379
76 114
211 233
273 392
309 330
24 221
109 357
198 347
151 391
224 244
167 286
40 378
81 96
137 146
189 344
199 202
167 206
44 227
235 362
106 171
182 236
238 290
242 376
0 337
130 339
373 389
209 291
140 287
255 266
269 361
44 137
64 371
118 254
173 326
289 375
23 245
278 363
126 237
108 208
31 41
238 364
319 345
279 378
280 320
295 298
112 314
225 310
228 350
130 322
60 213
222 245
211 250
92 141
188 311
334 339
116 278
90 308
276 312
144 317
63 212
20 40
219 399
160 245
274 286
196 386
35 176
42 332
88 308
158 231
0 99
161 344
297 308
175 283
25 394
29 30
343 364
198 324
195 393
52 265
178 304
64 257
62 71
37 176
162 289
233 338
167 262
275 386
379 398
212 363
28 327
41 275
186 212
104 311
308 359
32 278
137 362
316 367
325 362
220 230
149 180
203
42
62
60
222
44
135
37
72
70
55
85
116
141
44
193
86
135
52
153
97
15
89
117
116
179
196
125
107
168
163
199
204
144
51
55
98
58
72
56
79
140
54
35
29
89
117
85
39
119
73
77
42
78
90
158
128
146
114
23
236
143
116
73
77
32
89
156
88
47
151
10
129
141
163
87
36
44
72
74
95
74
171
49
60
117
187
100
133
68
115
167
50
37
121
49
22
126
123
77
133
67
113
87
127
128
81
232
72
67
20
62
75
125
96
59
70
90
155
91
142
72
73
222
174
49
91
84
72
182
84
50
47
100
127
80
15
68
100
66
87
59
93
48
170
137
47
100
123
65
163
100
72
125
49
70
201
55
95
47
188
81
59
44
70
70
28
67
73
63
148
27
66
54
77
62
27
7
106
193
32
130
85
193
33
139
212
72
210
115
37
129
46
48
38
135
207
90
71
153
97
128
110
127
98
61
100
146
210
44
86
227
71
56
154
157
94
57
131
47
41
5
88
37
109
18
125
65
30
101
146
92
52
119
58
127
99
91
110
128
153
184
39
70
82
170
52
118
148
121
125
149
64
46
52
25
98
65
85
150
80
57
71
33
69
87
48
90
121
100
106
72
171
75
51
159
26
54
128
84
120
115
39
193
23
88
78
137
84
29
72
98
85
76
67
173
186
31
44
92
154
72
62
240
243
6
86
69
117
57
172
65
64
89
101
104
101
29
158
65
154
69
29
108
176
49
87
149
153
68
172
95
132
166
50
122
155
106
107
97
73
176
64
80
191
41
102
63
119
20
31
51
51
74
125
69
114
154
68
98
94
97
56
103
91
80
69
106
144
36
87
49
24
52
48
208
164
117
61
114
128
99
71
77
109
103
191
106
188
64
44
11
55
212
130
118
187
92
135
197
33
133
100
71
95
38
70
133
130
191
122
120
42
143
84
42
95
132
107
163
66
89
46
61
56
123
117
96
68
157
162
169
198
135
97
83
64
44
13
129
61
31
67
110
61
89
112
189
63
129
36
123
179
128
146
88
98
116
174
73
98
81
85
125
114
39
20
70
50
105
120
143
131
68
215
199
126
56
51
31
46
180
107
53
76
123
52
93
220
94
86
69
53
153
87
100
52
138
126
84
203
73
176
82
159
111
91
116
146
114
39
47
132
73
173
60
99
143
116
96
156
77
68
184
114
98
106
72
86
48
156
62
42
160
65
80
40
119
116
95
123
196
69
176
106
123
152
181
183
39
187
135
15
119
67
44
149
54
104
33
180
30
66
85
56
136
174
102
69
59
36
154
57
77
37
96
166
43
128
46
26
147
72
115
92
68
168
81
32
182
78
56
76
38
41
70
127
13
31
35
139
91
76
83
132
189
25
160
61
74
162
75
81
159
60
128
86
110
84
135
28
81
41
41
219
31
18
28
98
90
115
112
76
145
75
60
71
123
70
49
72
65
48
59
13
202
47
96
218
108
172
61
122
72
204
100
43
192
40
129
98
165
112
113
195
84
113
243
52
93
117
21
52
154
50
70
150
135
174
95
114
119
122
110
73
120
159
129
107
86
39
173
94
66
137
189
138
82
105
58
84
217
42
160
193
75
80
83
123
129
32
57
197
201
122
128
178
212
124
132
123
80
127
47
119
37
104
54
104
133
109
62
33
44
19
131
117
67
79
81
56
138
85
99
45
43
153
120
129
77
166
163
164
96
82
104
23
75
35
80
188
96
129
150
239
84
73
118
131
192
72
101
111
190
50
33
118
190
73
92
105
72
109
90
104
91
165
155
178
201
166
107
118
142
67
138
54
72
82
43
92
94
132
135
159
185
70
229
124
110
38
75
70
225
197
122
63
62
162
90
162
42
117
85
97
153
155
162
84
170
115
67
51
94
61
125
61
71
228
63
79
57
124
142
143
89
37
155
56
119
105
125
170
53
140
27
158
80
34
143
128
176
55
22
150
199
76
86
151
95
69
207
129
132
18
88
30
153
153
80
189
60
36
185
138
39
104
38
74
100
47
75
89
107
128
62
60
83
128
148
34
50
98
83
63
74
29
45
135
81
44
56
164
127
35
133
59
26
53
84
112
106
100
43
62
199
113
90
124
66
95
95
28
80
80
97
142
150
157
106
114
147
71
88
56
120
116
54
218
77
106
82
112
127
100
61
76
92
79
55
172
183
94
33
118
31
162
72
93
100
71
51
170
157
113
75
118
93
167
157
145
115
147
79
26
82
64
136
81
48
41
89
143
97
41
112
47
168
79
215
117
85
100
62
83
107
193
38
136
132
83
38
160
88
175
46
97
108
71
50
128
109
57
138
27
120
23
67
28
106
134
64
264
98
103
86
20
151
159
108
174
68
193
59
130
65
43
64
35
97
58
54
139
187
22
90
53
98
99
147
137
88
45
66
134
102
88
172
40
196
88
191
123
57
169
79
62
99
69
15
55
130
63
130
78
58
94
50
92
94
126
125
85
113
122
136
59
38
92
128
43
220
96
75
63
61
113
224
72
182
81
170
141
76
40
90
42
27
236
151
184
8
87
89
36
73
91
72
138
108
88
21
59
69
129
117
196
105
146
110
116
58
16
73
205
122
138
201
80
47
65
133
194
64
76
113
70
124
116
20
87
142
80
115
155
52
107
44
141
120
101
110
154
117
125
102
132
201
77
11
101
98
99
151
58
140
183
81
111
25
111
100
83
113
54
82
174
83
130
62
46
110
40
34
174
71
62
212
83
152
174
79
46
110
86
125
38
91
110
50
68
165
97
63
38
131
137
146
16
73
172
118
58
45
67
93
76
6
86
153
74
81
159
178
86
134
31
100
83
190
76
70
108
108
66
77
35
107
54
45
55
40
113
11
78
59
93
101
132
48
84
74
109
57
91
108
45
83
42
166
66
155
58
76
90
81
131
118
29
129
92
130
108
89
52
70
121
86
192
64
104
107
69
62
72
99
105
100
120
82
158
141
102
91
141
75
36
181
74
192
50
131
114
167
78
118
169
68
15
203
193
28
149
66
193
160
73
144
139
111
21
94
96
111
204
68
90
209
146
113
101
255
74
50
126
78
125
188
72
21
44
67
136
190
63
88
101
120
73
191
68
32
116
80
121
52
73
132
87
267
114
47
73
160
266
86
92
80
153
78
108
66
39
85
88
81
57
98
112
108
101
205
160
72
127
170
75
176
50
114
41
73
137
143
94
128
125
30
178
108
165
145
79
51
122
76
60
72
114
110
70
57
73
118
35
42
138
144
94
127
37
194
54
43
29
75
55
34
41
151
252
146
174
108
129
174
112
126
104
75
83
179
110
174
40
147
45
82
19
61
127
32
108
82
64
73
125
138
108
86
198
61
169
22
86
127
46
98
61
31
186
98
181
78
101
63
163
60
134
193
109
45
9
39
86
116
104
166
91
84
170
18
122
154
117
188
128
195
138
78
56
142
94
94
116
34
89
114
69
158
174
58
159
130
258
130
89
85
95
68
145
178
154
115
43
31
65
113
30
148
41
53
50
211
110
80
111
64
82
105
167
161
156
26
26
147
51
163
187
133
26
181
131
47
109
164
166
134
73
56
102
130
57
129
125
214
199
62
32
83
53
57
151
59
122
139
63
62
149
106
96
47
132
53
151
158
14
78
15
121
50
49
69
40
129
83
95
75
189
86
54
107
92
109
99
152
43
100
121
54
214
68
69
90
46
103
59
60
94
109
105
139
160
70
63
82
53
121
128
164
62
151
38
159
87
44
73
105
72
51
138
81
192
211
135
121
53
42
147
145
177
216
158
100
121
169
40
152
86
84
85
102
41
56
155
195
122
46
71
29
85
105
18
50
46
16
54
160
89
62
112
35
141
93
132
216
66
72
168
27
158
71
174
156
128
78
162
96
166
58
97
78
17
78
67
45
205
139
123
60
156
139
36
84
46
97
170
81
37
72
103
134
65
147
94
91
167
70
81
70
88
116
118
122
199
30
106
157
86
147
73
80
72
11
148
121
216
77
58
60
72
130
50
99
125
46
57
173
65
121
146
140
71
204
156
37
157
129
239
14
79
73
196
87
67
192
107
88
44
70
102
115
98
190
82
53
141
128
141
42
53
96
47
141
82
111
60
46
24
168
132
86
89
78
138
85
69
89
59
96
71
98
26
90
113
191
84
87
70
48
120
188
129
36
186
121
70
81
176
88
164
106
84
124
89
164
86
89
58
99
68
96
124
28
156
141
138
171
157
12
17
51
152
24
77
45
43
113
67
70
97
209
47
76
110
56
117
119
148
148
162
74
136
43
60
51
42
92
109
22
78
119
109
107
260
65
215
76
139
106
226
60
42
141
146
73
77
66
123
100
57
88
69
141
108
156
102
88
81
213
109
94
66
104
61
172
124
52
76
123
107
104
72
71
56
190
106
125
86
120
108
81
112
87
24
69
105
207
82
185
86
102
119
139
177
93
109
118
159
40
58
51
107
182
145
180
73
48
73
66
198
56
85
172
41
53
175
159
91
61
224
204
47
172
152
