644 591
350 763
397 138
797 107
554 511
288 309
567 729
675 728
295 492
761 238
766 154
640 107
614 693
30 383
398 110
88 697
295 606
211 633
549 90
641 654
383 725
360 236
156 75
783 141
790 367
193 598
97 794
202 198
500 515
630 177
277 467
784 503
521 633
273 372
425 697
119 94
489 117
260 243
531 246
159 120
581 673
85 440
414 189
115 510
511 339
47 728
655 206
9 442
318 389
399 420
151 451
606 16
403 607
540 792
173 292
649 699
263 403
493 563
48 49
104 320
742 631
47 9
473 208
287 284
47 407
234 564
291 463
78 48
467 533
209 675
676 605
676 141
460 541
651 569
242 152
420 704
260 415
338 715
30 125
207 296
269 716
442 280
10 134
36 371
242 144
761 89
375 151
176 488
648 87
573 251
435 526
665 72
582 404
629 664
338 643
252 22
32 792
148 298
662 2
721 6
444 350
736 654
47 767
528 572
448 219
658 301
742 752
482 65
478 23
4 194
489 760
252 42
651 93
224 530
288 269
90 436
461 272
221 62
634 284
581 449
91 640
671 232
0 221
747 632
532 106
741 81
215 99
110 224
377 330
386 492
285 383
369 41
583 623
217 345
255 612
331 214
712 185
271 580
12 236
467 316
116 435
297 302
296 570
128 723
376 385
293 315
466 693
204 465
608 377
534 383
148 243
522 30
304 211
533 237
644 362
141 566
796 571
603 781
664 589
308 190
553 164
465 504
477 639
404 621
517 45
433 743
779 642
741 742
492 285
12 474
25 574
224 111
724 765
246 759
538 402
365 122
343 593
385 419
637 9
725 239
512 156
122 146
41 474
92 294
93 195
412 470
294 0
289 78
516 406
740 128
112 197
540 149
189 566
442 776
385 702
234 249
644 150
457 375
10 448
602 745
491 45
250 255
176 545
499 181
10 110
531 134
425 684
85 598
23 195
628 265
605 153
791 52
256 323
206 232
159 765
403 493
55 7
535 463
186 428
617 185
542 254
632 370
130 492
692 528
276 152
748 369
394 497
91 485
576 601
706 188
394 507
600 360
617 531
190 220
722 371
633 343
772 537
575 729
87 82
176 416
732 313
487 131
693 421
59 756
70 555
375 357
716 422
439 162
112 184
797 705
153 393
299 152
383 547
509 272
198 455
238 48
92 174
88 219
209 702
541 290
395 483
428 23
106 150
635 351
563 651
572 359
553 553
437 687
320 269
168 540
303 230
427 30
158 637
175 428
37 363
796 113
224 191
297 177
687 172
157 52
782 683
136 92
669 364
367 416
606 610
274 739
305 773
593 322
109 586
301 199
628 126
208 399
535 330
358 790
613 545
314 147
555 21
57 164
457 197
24 231
53 291
88 554
585 0
374 93
656 170
538 391
125 307
723 760
74 566
421 416
606 227
594 205
401 594
27 398
790 463
734 319
498 129
117 0
256 62
744 56
164 643
283 186
147 200
308 475
614 735
332 294
164 104
697 729
256 555
299 740
284 369
654 593
89 285
636 482
703 460
486 413
364 343
649 773
734 747
669 36
449 625
335 474
450 188
510 656
249 702
105 471
468 557
340 200
121 620
286 707
209 88
529 53
283 85
398 305
76 261
202 735
528 403
754 661
197 636
488 60
397 299
417 221
408 80
503 641
620 342
90 769
685 409
386 123
783 339
502 143
702 163
320 558
786 48
326 692
385 377
726 156
143 21
378 16
494 596
337 68
205 448
201 714
798 236
363 362
608 406
162 486
503 597
502 711
31 98
172 379
1 606
713 749
303 612
672 777
641 162
572 675
162 142
419 354
337 53
164 456
11 210
238 262
5 33
77 373
200 351
286 373
145 330
58 78
24 314
212 330
114 141
92 231
22 376
203 369
146 363
23 189
318 379
127 190
124 191
59 332
112 290
7 157
41 64
166 236
87 147
92 265
94 176
20 267
68 90
333 384
109 208
349 373
64 140
149 292
348 358
135 347
108 164
105 118
63 325
228 386
294 331
116 360
173 381
80 329
16 134
119 174
362 398
181 262
184 208
225 315
41 313
129 226
136 179
17 358
50 227
180 241
81 360
75 165
48 245
93 324
31 156
203 241
352 379
27 74
13 47
55 324
18 124
58 388
239 250
285 286
18 205
104 247
150 322
100 128
49 245
191 210
27 322
46 136
159 270
205 316
227 301
115 313
49 260
101 327
370 394
135 152
64 313
237 337
270 277
56 380
84 276
161 185
295 321
163 176
117 350
136 304
48 56
125 211
67 376
1 293
106 391
106 393
144 245
342 369
28 72
72 230
189 319
128 374
255 352
54 79
340 363
248 257
103 363
165 206
12 40
155 207
8 30
36 200
60 70
11 71
291 389
12 237
69 272
44 100
46 394
35 262
286 329
37 141
165 267
281 326
234 242
117 318
76 323
158 223
37 276
87 113
222 345
217 356
88 178
270 347
226 230
88 98
272 358
94 392
15 102
232 331
284 294
15 120
41 222
90 215
13 198
216 317
170 288
110 165
338 393
25 320
273 389
181 184
13 41
71 394
238 388
122 354
85 189
105 240
147 380
120 308
11 196
104 298
340 386
28 217
132 395
209 310
171 350
279 350
46 121
26 102
69 381
112 196
173 349
167 338
128 144
49 374
283 374
27 195
244 301
100 197
160 210
32 395
75 206
188 356
23 125
6 387
190 297
25 348
256 257
129 185
380 385
40 93
149 174
345 399
59 274
254 291
23 382
77 80
60 123
41 182
172 393
277 289
58 67
76 130
22 35
113 137
37 268
5 141
47 83
94 194
91 290
41 50
144 383
247 361
14 303
309 397
50 250
71 229
13 115
27 84
5 212
164 359
2 247
264 343
111 117
232 333
50 140
225 368
65 202
51 98
113 202
36 241
92 221
193 293
169 182
110 146
71 88
144 336
45 120
229 278
203 205
152 321
20 206
184 322
125 375
77 329
200 261
46 278
221 366
62 153
26 214
106 167
49 129
184 257
203 298
230 341
257 300
145 268
285 329
171 326
154 366
7 307
50 389
169 313
17 258
137 142
190 262
40 132
150 190
229 370
160 369
82 204
150 233
296 351
81 168
129 230
22 279
149 188
82 297
7 55
20 373
257 262
152 289
205 241
54 213
218 291
215 226
80 173
260 341
363 378
284 331
74 277
72 378
134 358
184 190
25 272
240 282
47 198
23 375
55 199
114 152
146 340
136 375
180 203
192 328
134 328
257 322
155 288
44 168
44 253
86 295
211 372
152 251
244 390
126 396
124 180
16 65
24 225
119 217
56 130
181 297
18 164
79 195
149 305
201 212
33 56
32 40
49 144
174 217
234 366
164 200
32 363
36 180
70 93
84 126
43 87
20 329
89 220
87 269
171 318
231 282
272 288
55 237
303 377
21 347
353 383
68 386
157 324
63 268
115 227
15 45
53 237
54 133
208 297
289 347
145 325
251 295
259 287
329 349
39 396
208 257
1 194
101 280
128 336
278 370
68 161
337 393
290 304
57 386
123 236
167 280
88 91
183 306
117 187
34 165
78 256
250 291
16 328
87 218
267 340
223 232
31 314
55 327
70 331
73 331
42 342
218 389
32 162
173 329
22 350
30 66
137 176
42 361
20 194
196 304
76 330
248 262
63 212
50 273
327 391
254 399
284 395
278 394
220 259
288 308
343 386
79 201
184 256
240 368
200 296
324 393
235 265
71 304
39 350
353 397
90 226
231 364
111 187
147 254
24 246
46 311
118 235
355 381
106 249
309 374
17 192
204 208
11 394
46 196
44 149
70 158
35 279
48 330
247 298
3 10
51 178
213 276
183 257
38 89
367 379
74 126
14 247
294 333
36 124
18 151
246 366
65 142
106 172
76 380
195 276
89 310
155 272
0 228
336 383
174 335
29 71
63 141
171 255
258 320
131 362
18 296
323 371
264 363
160 311
50 87
273 380
5 325
120 243
232 294
215 230
166 357
18 191
299 354
32 228
8 113
168 259
224 251
35 388
50 147
225 240
16 142
323 341
268 270
175 295
237 387
175 398
184 248
19 284
111 186
108 200
28 90
107 200
2 42
150 184
285 344
336 397
160 203
117 326
4 266
15 143
2 175
30 341
34 267
274 300
231 287
90 260
7 391
88 112
96 243
64 274
46 310
276 321
258 358
10 136
39 281
80 355
220 311
28 346
19 132
285 355
96 102
218 250
20 34
344 373
245 353
159 289
318 352
148 154
131 303
173 355
207 390
301 308
184 354
29 196
123 280
113 269
328 392
196 370
163 312
34 206
21 325
188 217
177 383
107 359
301 348
206 267
251 347
40 237
109 299
269 288
259 292
233 322
175 367
119 356
81 139
58 61
37 289
19 70
5 330
119 384
105 364
234 315
285 373
155 244
68 72
6 199
317 376
44 197
61 216
196 219
92 305
90 312
374 383
147 239
154 364
118 121
35 181
293 329
190 354
44 174
69 320
33 291
31 246
345 385
112 339
76 291
245 383
272 348
207 320
74 171
340 378
152 268
4 294
63 270
80 286
216 376
187 379
19 331
34 75
67 317
195 270
186 255
147 385
90 129
80 258
103 346
37 152
1 77
37 270
162 343
237 264
0 284
122 257
107 124
125 372
2 303
391 393
101 357
84 321
221 384
184 297
250 273
105 154
120 272
316 369
127 183
250 399
32 343
374 397
312 340
133 389
189 275
43 244
34 340
247 369
17 65
235 287
140 250
228 294
261 377
191 369
10 375
109 122
188 335
34 146
47 169
120 348
104 342
185 226
59 97
12 324
88 196
111 255
105 235
231 305
262 281
69 355
271 377
97 306
162 378
204 297
107 261
108 271
265 287
234 334
39 181
124 359
33 145
225 366
105 263
187 255
21 361
129 341
136 189
82 208
203 316
85 275
371 392
48 66
95 187
210 290
186 398
57 266
36 107
161 215
8 341
71 290
84 224
271 362
221 231
74 276
42 367
278 290
115 222
20 75
150 248
121 229
188 305
15 272
138 299
343 363
49 283
281 376
6 264
30 323
304 394
126 171
48 383
94 163
228 284
86 175
40 284
10 23
95 352
136 278
64 182
190 257
91 339
100 245
57 378
192 358
343 395
12 93
138 354
122 299
25 69
111 352
196 394
221 235
336 353
143 258
246 282
351 359
308 348
273 291
179 278
324 395
151 351
49 177
224 277
72 103
95 111
98 178
239 399
207 272
122 138
340 343
86 367
261 271
159 224
57 103
172 327
82 388
253 292
146 162
36 316
110 193
181 238
37 321
4 217
135 268
25 134
131 398
160 205
158 294
22 326
199 337
214 243
219 311
38 253
89 311
71 375
62 203
44 139
145 212
89 153
87 380
143 381
118 287
61 317
176 312
329 373
125 319
60 236
30 380
127 257
139 197
138 208
320 358
106 327
46 209
159 321
213 322
177 245
6 110
75 267
305 356
131 377
157 237
342 361
23 275
127 184
234 240
66 76
181 256
251 289
170 207
43 301
147 399
114 270
29 210
307 327
195 213
138 300
170 244
10 370
65 269
18 351
58 204
81 361
179 240
42 62
226 252
167 172
162 387
52 176
256 297
307 391
3 319
159 347
265 364
10 275
35 39
73 223
80 373
43 269
101 123
74 251
21 152
338 391
89 259
181 322
232 266
181 326
70 284
126 255
223 294
113 192
52 252
64 83
218 254
33 48
319 339
214 381
111 126
170 301
11 91
105 315
28 57
3 375
151 296
7 199
63 195
137 371
139 168
45 365
263 282
303 362
84 251
153 203
88 290
180 369
242 282
169 198
62 168
33 212
283 383
137 328
25 328
151 302
377 398
121 304
355 365
78 204
168 292
149 265
84 171
107 351
77 293
77 286
143 355
180 298
242 334
4 103
251 277
200 359
200 271
91 112
98 339
126 326
211 319
287 364
101 166
71 136
87 202
27 276
163 267
140 227
241 369
32 264
63 114
370 375
244 288
150 257
307 338
94 373
52 94
39 126
114 212
228 264
253 259
234 368
126 350
73 232
57 72
179 229
135 321
11 339
5 268
22 238
30 56
89 209
70 123
59 354
22 39
44 305
191 205
203 342
48 283
77 194
25 192
295 347
127 322
241 247
249 338
273 385
99 125
291 380
91 319
73 294
75 194
147 218
314 334
281 396
59 300
219 304
74 321
152 270
277 347
125 189
155 269
229 304
290 394
99 211
206 340
336 360
72 346
127 262
278 304
162 267
114 195
122 208
170 308
40 55
107 108
239 291
251 321
7 172
177 374
154 263
224 295
31 223
208 299
319 372
43 385
60 166
155 192
44 356
141 201
48 374
164 302
143 365
162 340
146 267
237 395
159 295
148 231
9 179
62 298
51 302
39 171
21 268
56 66
275 372
128 245
72 161
146 165
148 384
146 206
245 336
245 283
263 364
267 387
218 273
19 395
151 200
155 348
42 247
36 191
114 145
40 395
135 277
168 220
166 167
32 132
190 248
61 67
298 369
127 150
69 80
107 271
221 364
103 386
156 236
192 202
34 193
152 347
129 260
42 86
22 126
86 247
7 324
283 323
8 323
58 238
176 252
120 288
1 373
153 259
187 318
148 282
25 65
69 134
207 348
157 393
20 77
120 320
185 309
127 332
72 90
236 334
32 103
269 385
152 159
58 317
71 278
161 230
109 204
175 251
236 314
279 317
303 379
248 256
211 275
383 397
7 12
182 227
326 350
9 240
8 371
29 46
35 376
120 207
11 304
252 371
69 358
130 145
142 328
312 346
90 161
168 253
263 384
114 268
4 57
30 76
103 228
40 324
14 362
19 55
71 91
221 263
201 270
360 397
3 211
167 249
305 335
139 397
117 255
222 385
121 310
174 356
170 390
173 344
300 354
28 103
6 237
142 176
49 309
243 365
309 335
2 362
0 232
115 345
7 167
156 166
65 137
280 357
14 175
283 309
51 339
101 249
23 136
20 293
128 353
304 375
196 278
208 256
190 256
197 374
288 348
17 137
160 191
0 158
223 333
47 115
78 109
238 281
257 299
183 354
114 201
45 143
141 212
297 388
73 284
142 371
50 239
135 270
127 248
153 253
377 379
362 367
255 318
26 143
78 82
10 382
213 233
57 90
300 332
7 338
263 366
257 332
363 387
103 378
318 350
329 344
23 85
62 361
158 284
19 158
32 340
100 144
60 101
298 342
3 23
299 300
220 253
121 179
233 276
98 302
289 295
217 335
254 273
173 285
304 370
0 331
181 396
12 55
252 260
42 298
65 192
311 394
57 161
337 391
17 134
152 277
107 151
362 377
223 334
239 254
158 331
221 282
109 297
38 259
124 369
303 398
62 180
87 399
187 352
119 333
137 392
84 350
61 388
173 258
215 252
106 307
362 379
183 300
380 399
252 312
336 374
29 278
29 310
265 305
262 322
51 88
364 384
218 380
254 380
113 328
182 198
92 174
180 342
15 26
234 263
97 332
107 316
36 164
3 275
3 85
172 338
226 341
85 372
72 386
154 282
227 345
32 378
172 391
50 399
8 142
73 158
16 392
282 366
71 196
110 387
219 394
35 58
104 116
4 28
28 68
134 137
292 305
50 115
102 143
29 304
78 238
11 290
273 399
178 302
278 375
55 391
172 307
148 263
91 98
82 109
6 40
50 380
328 371
92 148
16 94
146 343
129 323
266 378
29 219
177 185
221 287
340 346
270 289
24 368
10 85
90 185
0 70
343 378
151 164
43 202
21 135
65 328
201 233
35 67
219 310
80 381
118 310
159 251
321 347
117 126
202 385
123 166
241 342
29 311
210 394
86 347
176 371
100 374
224 352
41 115
33 76
9 229
22 281
5 145
118 364
155 308
79 133
57 346
54 59
35 326
38 220
29 290
124 205
68 346
229 375
245 374
37 201
2 342
322 396
230 252
6 53
28 266
221 265
185 283
133 212
285 381
225 282
67 238
327 338
286 349
14 379
7 106
62 116
214 355
239 273
379 398
118 209
70 101
151 359
307 337
37 213
182 345
116 361
139 292
85 375
39 279
225 234
95 255
106 338
92 119
245 360
154 384
79 213
131 379
108 151
1 20
120 390
34 194
102 214
327 393
247 342
160 219
37 114
12 19
50 222
235 364
56 76
177 283
74 224
50 345
327 337
148 287
102 243
136 229
178 296
38 203
115 140
282 364
207 308
224 321
17 320
59 183
258 381
82 256
66 341
17 272
161 226
143 243
150 213
6 157
352 398
265 384
115 182
202 269
122 297
227 385
258 355
171 352
114 325
93 264
227 244
47 182
136 370
133 291
15 348
26 45
199 237
53 110
242 246
22 117
189 370
63 145
144 374
135 159
155 301
146 387
51 91
195 233
378 386
19 40
152 224
274 313
174 265
215 341
67 216
201 276
48 144
10 189
272 320
181 281
46 179
83 274
344 381
129 215
56 330
25 113
38 168
80 349
240 315
62 342
85 125
326 396
93 284
177 309
90 252
99 319
69 258
62 104
104 203
175 303
248 297
21 159
6 324
108 359
100 139
155 222
183 332
54 150
36 369
4 232
50 254
249 280
99 372
196 210
124 160
216 238
266 386
17 69
145 201
214 258
60 280
84 277
225 242
14 86
223 236
126 318
38 62
87 385
19 93
333 334
64 198
300 306
82 122
40 264
287 292
219 290
302 351
178 339
179 382
61 238
50 385
162 386
254 385
95 117
117 279
157 199
147 273
135 289
4 119
218 399
3 125
8 328
53 157
78 388
181 248
220 310
165 194
128 360
279 376
257 354
179 315
165 193
231 235
80 285
174 305
11 88
248 322
31 236
149 335
52 163
87 222
85 211
264 284
64 169
65 113
234 282
129 252
133 330
106 280
43 308
197 397
71 189
108 261
241 316
99 339
92 149
12 395
8 66
3 372
282 315
277 321
20 193
180 191
187 398
47 313
35 281
144 177
190 322
48 76
231 384
25 269
235 282
36 205
315 368
86 303
20 165
127 256
239 389
37 233
0 19
297 299
102 365
163 206
67 281
144 309
201 213
141 268
192 269
52 312
105 209
222 227
173 286
226 260
90 346
188 197
148 221
81 353
141 325
121 136
5 130
77 94
250 389
60 357
37 63
218 239
185 230
281 350
75 387
92 384
343 387
68 103
75 193
325 336
91 125
256 262
116 139
36 359
16 137
37 195
157 337
89 118
41 198
111 318
165 387
62 247
39 326
132 284
140 345
57 68
69 173
257 297
265 292
186 318
198 313
80 344
44 188
22 317
53 199
3 189
25 155
264 395
52 340
222 399
279 326
242 366
207 301
17 25
29 394
88 339
49 185
266 294
203 247
162 363
224 289
0 73
177 260
142 392
46 229
45 102
26 96
139 253
11 112
43 227
32 386
159 277
197 309
121 278
210 304
107 241
24 234
141 330
140 222
144 397
334 366
116 168
16 371
2 86
255 350
363 386
13 313
112 394
128 397
228 266
5 201
5 114
235 263
197 335
107 164
285 349
47 64
185 215
194 267
123 357
154 235
7 337
205 369
9 382
204 388
14 367
172 337
150 306
134 142
167 327
97 150
164 351
180 316
320 348
44 292
2 14
109 138
71 370
7 327
83 198
105 282
154 246
59 306
104 361
160 180
48 130
279 281
373 392
148 235
117 171
44 265
54 306
83 313
25 358
100 353
148 364
184 262
46 71
134 392
209 287
2 367
56 291
16 176
41 47
155 202
127 354
90 230
205 210
161 346
41 140
246 334
207 244
15 365
245 397
358 381
78 297
385 399
271 359
164 296
130 212
9 10
214 365
41 227
344 355
140 273
195 201
66 323
46 219
154 287
12 264
34 162
13 274
176 392
368 382
43 345
43 288
95 186
30 147
35 396
140 399
73 228
307 393
275 319
174 188
6 12
65 134
268 325
248 396
9 136
108 351
18 316
45 243
15 96
180 205
344 349
41 345
26 243
194 206
167 391
171 224
346 378
244 308
87 273
346 386
144 283
270 321
325 353
98 99
258 285
124 351
167 307
338 357
324 337
92 188
89 253
95 350
28 161
261 362
54 97
74 84
15 243
64 115
258 344
24 315
204 238
149 356
136 382
148 265
85 319
132 264
108 296
154 221
223 331
60 156
143 214
239 380
68 378
130 330
288 301
123 156
121 209
77 285
33 330
9 368
36 351
289 321
196 290
124 164
263 287
77 349
258 349
117 352
166 280
32 57
0 132
262 396
42 104
296 302
60 158
100 397
353 360
153 168
81 253
306 332
31 334
124 241
39 262
154 234
199 324
230 260
75 77
1 329
7 393
175 362
153 220
128 325
97 354
33 133
306 354
249 357
332 354
310 311
303 367
166 249
51 296
237 324
181 190
5 63
67 388
13 83
49 215
156 357
33 130
125 275
50 218
247 367
277 295
26 365
189 375
154 231
141 145
96 365
1 286
111 350
146 193
207 288
69 344
12 199
79 97
162 206
97 183
93 395
21 270
265 356
6 395
262 297
185 260
70 73
46 304
43 222
45 96
115 198
92 364
131 261
139 353
283 341
194 373
27 213
14 131
215 260
163 340
116 253
154 242
35 238
210 219
298 361
225 246
256 322
44 259
308 390
222 269
327 357
246 314
191 203
75 146
27 233
231 265
118 263
38 153
13 64
63 201
191 316
79 212
175 379
92 356
169 227
25 202
36 203
22 396
124 316
101 156
128 383
78 208
81 104
21 42
81 116
71 112
95 318
58 216
286 293
173 214
24 240
234 246
87 254
40 228
0 294
335 356
55 93
123 249
231 263
132 228
43 155
93 132
48 336
210 311
103 266
55 337
191 241
91 178
131 271
167 357
162 163
95
91
93
75
64
223
162
182
181
149
100
116
116
101
146
103
236
42
93
65
59
228
67
288
91
61
66
129
44
192
25
128
176
67
201
20
85
32
93
210
140
204
66
89
112
189
113
16
110
150
179
16
95
32
156
82
61
70
82
213
96
107
160
159
179
118
36
66
85
95
90
112
62
202
84
123
74
136
117
62
123
137
173
135
107
50
41
204
128
216
58
151
105
123
65
129
171
79
173
62
71
77
59
88
59
170
92
92
135
57
112
68
205
142
48
146
39
199
137
126
104
122
141
184
111
108
81
148
110
48
88
43
190
185
169
83
87
153
186
90
26
162
106
102
99
80
133
62
161
126
95
77
249
115
151
157
140
67
213
93
109
119
131
187
37
177
69
26
61
169
70
46
54
153
31
146
93
169
161
17
155
93
96
122
26
31
54
154
46
19
91
128
72
98
106
65
90
68
28
107
164
95
129
204
11
77
79
29
87
114
43
198
92
22
156
195
69
194
41
76
54
158
174
99
182
70
81
66
93
130
54
137
38
136
143
114
55
38
106
224
29
204
72
106
105
73
141
69
78
138
214
70
187
126
185
198
106
19
160
65
97
93
239
84
51
102
172
80
109
203
77
43
61
94
96
60
66
36
83
76
131
34
69
75
66
49
72
140
26
86
183
85
18
116
131
66
148
165
191
66
33
154
186
15
177
70
82
209
51
40
109
67
137
85
57
124
146
7
139
150
184
142
104
79
95
66
137
164
83
17
109
94
179
73
110
64
42
28
66
177
133
89
90
52
59
93
95
98
92
184
66
118
80
82
67
123
115
147
193
85
106
45
35
151
96
56
172
81
81
39
32
57
31
124
62
214
124
54
56
118
122
80
62
92
162
97
99
53
157
33
50
48
54
88
62
70
31
209
38
57
58
60
64
65
81
72
65
141
51
40
75
138
81
26
72
177
151
106
58
147
148
141
51
132
22
249
149
142
24
195
126
87
187
125
80
54
42
147
53
73
132
44
89
90
80
130
80
76
67
106
150
77
112
37
178
156
112
141
145
52
106
82
28
72
195
104
75
132
145
145
88
92
86
286
19
31
61
88
60
70
102
60
31
219
151
115
87
60
68
112
81
214
53
85
63
44
66
61
72
215
47
67
122
113
95
132
92
116
48
126
107
142
101
8
115
65
107
107
123
102
76
110
200
158
71
148
32
72
53
146
162
16
88
68
132
88
165
29
149
37
136
71
74
133
68
22
92
98
106
16
198
25
117
93
67
163
73
96
31
189
117
120
102
99
168
131
148
74
149
173
19
61
88
102
20
86
61
216
33
146
46
126
152
148
118
169
102
83
152
106
144
129
35
108
128
94
92
94
158
154
86
188
52
145
16
123
104
116
62
96
161
177
66
117
129
102
168
100
165
157
56
123
74
43
110
110
107
57
101
156
28
216
112
58
69
151
104
96
92
201
180
219
104
106
176
71
70
97
36
46
103
93
37
74
60
147
82
78
24
124
191
130
141
61
27
98
199
123
81
108
185
82
116
96
106
61
85
157
142
171
149
69
92
165
197
123
65
188
154
61
140
71
85
94
153
78
101
166
86
189
58
201
73
61
255
16
42
57
106
120
77
31
20
75
112
40
49
195
28
126
34
132
82
49
83
38
187
179
60
147
44
195
101
29
51
78
163
208
110
129
48
224
114
36
34
98
175
46
56
78
188
57
197
62
18
80
53
62
44
79
140
17
71
190
165
112
95
101
71
81
201
86
161
214
61
77
88
133
49
86
92
53
130
133
105
132
62
60
56
139
117
64
129
92
67
71
108
49
112
160
202
70
23
66
91
94
86
55
84
127
67
53
131
130
79
109
69
115
72
73
97
150
191
43
135
102
196
63
87
69
227
165
72
32
179
48
131
123
107
123
157
153
47
121
63
39
102
103
136
168
119
135
181
64
187
83
50
89
213
170
194
93
118
130
94
234
84
213
110
81
116
75
52
61
163
114
88
23
162
43
97
81
91
37
218
158
76
79
321
49
165
90
65
137
151
95
160
85
57
101
26
34
107
65
73
78
124
36
97
109
162
58
139
146
44
134
30
68
139
186
44
121
88
75
74
101
91
72
15
92
90
142
121
83
104
130
156
140
163
173
107
71
25
107
101
71
64
99
100
142
82
145
188
57
202
119
98
97
159
124
115
120
94
56
136
101
86
103
106
202
116
146
21
102
52
140
171
89
93
152
54
91
54
151
43
18
109
241
102
68
103
109
143
182
88
162
121
163
92
36
139
81
46
108
41
62
188
151
90
153
37
40
89
86
108
19
142
40
202
17
216
69
61
43
64
47
23
120
74
121
163
17
68
171
56
192
87
65
46
100
43
217
82
27
76
151
173
82
161
57
83
164
57
218
84
109
96
135
179
81
122
83
184
97
151
47
253
142
111
22
190
63
147
211
176
94
189
100
24
148
111
138
150
99
168
125
98
147
85
128
182
80
103
118
138
71
31
121
75
97
142
114
121
65
122
133
47
72
117
139
124
96
124
39
85
179
26
93
146
93
111
10
88
37
83
135
87
101
38
102
173
93
95
86
81
123
151
186
137
48
119
109
85
73
170
76
189
37
51
170
204
195
95
107
62
57
118
103
95
102
60
76
66
118
123
139
106
44
207
58
208
44
80
37
76
127
187
116
44
128
162
127
64
144
143
113
216
57
17
73
71
111
88
57
103
87
81
104
77
80
19
57
60
102
80
48
83
104
91
83
76
148
185
174
54
27
73
92
90
51
83
163
49
9
154
72
172
103
122
138
33
206
86
54
107
107
61
77
76
111
92
171
69
18
114
79
112
183
162
259
107
102
159
17
96
36
103
122
199
61
46
48
55
26
205
29
17
117
76
87
53
172
145
125
103
69
175
185
243
58
102
64
52
130
109
242
12
94
168
129
160
74
124
93
66
69
104
85
31
91
89
184
60
31
89
130
91
176
22
197
40
27
206
81
43
182
137
85
123
110
91
85
130
65
38
88
70
176
176
11
78
178
57
19
85
95
108
58
176
113
40
122
68
58
80
54
33
152
155
84
120
155
183
178
135
167
145
92
87
108
124
155
95
129
34
32
51
152
87
181
88
173
103
85
102
172
32
87
21
59
178
131
121
74
118
73
114
120
202
125
79
185
82
61
131
14
21
41
93
150
66
103
19
18
107
75
38
98
46
99
94
42
23
190
116
106
145
175
88
139
132
123
137
9
88
184
93
163
132
86
189
92
36
157
228
211
87
123
36
124
85
72
26
52
99
76
172
105
26
150
118
89
77
169
67
99
147
79
9
137
84
23
82
21
106
118
139
28
14
41
39
77
155
39
125
123
54
52
191
43
149
170
83
62
89
106
21
64
60
175
120
56
208
109
110
196
190
73
139
162
111
181
90
126
106
78
140
14
37
81
159
197
130
30
157
134
146
120
203
84
98
93
91
87
79
92
96
81
197
88
69
168
153
43
68
155
94
77
80
100
149
63
44
52
22
27
112
48
166
37
126
125
97
202
41
128
148
205
239
195
54
168
98
26
155
149
98
83
109
116
31
100
37
124
64
21
100
105
73
92
132
103
76
119
167
69
65
49
138
162
101
121
101
200
84
98
106
73
22
53
86
155
17
59
126
38
117
42
111
189
169
69
36
126
36
56
190
245
71
137
192
148
75
219
41
116
102
39
41
91
96
92
54
167
147
28
51
77
91
147
172
68
177
87
36
68
196
140
147
68
47
138
119
133
19
105
55
21
60
119
105
178
75
81
45
106
64
144
105
193
140
38
86
59
31
94
109
99
189
159
111
160
57
73
68
120
78
86
64
17
190
121
74
178
80
21
105
52
58
125
67
54
89
58
125
45
75
48
28
98
146
70
115
77
25
46
137
73
41
61
101
44
107
149
225
25
67
109
51
130
155
103
139
93
127
47
95
171
79
112
159
60
108
43
101
93
211
98
70
102
158
114
40
91
134
117
125
117
71
31
87
133
68
108
146
108
85
112
41
53
46
130
67
163
28
71
127
66
226
138
197
143
79
166
144
166
64
74
144
32
126
77
166
151
55
153
39
76
85
72
85
59
185
115
32
106
121
35
138
142
118
112
119
56
260
111
78
172
140
82
63
72
12
197
77
84
181
127
45
262
107
44
64
129
28
91
91
149
86
79
20
43
125
134
143
25
140
132
56
78
160
80
140
179
174
77
97
192
115
92
45
98
67
9
87
77
55
151
86
106
215
32
70
177
157
86
61
50
136
210
171
100
62
70
63
87
188
55
46
62
60
133
13
91
182
32
142
121
181
87
41
89
104
40
100
92
82
155
34
71
132
105
97
122
108
98
113
85
100
49
93
51
45
114
142
121
119
85
98
121
100
108
17
135
64
179
62
64
121
177
116
60
243
166
238
92
138
59
47
38
112
25
50
72
139
134
84
83
116
146
130
155
113
280
56
123
179
196
39
76
110
45
58
252
233
71
110
159
150
111
82
143
42
60
138
104
165
91
78
132
139
91
161
182
97
