309 683
759 198
452 76
602 458
695 470
578 160
451 460
479 100
637 32
736 650
126 613
400 220
105 463
550 156
445 715
737 300
389 659
330 51
565 388
4 405
492 260
642 165
449 124
638 23
111 507
651 723
555 9
671 792
537 6
460 623
718 353
291 409
502 602
375 792
484 469
462 393
441 490
769 680
124 87
608 729
606 662
450 775
227 623
407 476
170 576
321 797
610 375
330 565
547 633
323 215
49 187
415 177
150 153
94 602
528 171
186 93
245 351
452 9
85 149
549 92
748 719
542 77
166 793
660 600
737 89
538 476
158 746
438 319
481 338
73 796
137 32
644 42
79 346
458 778
93 243
678 582
254 71
175 800
465 590
522 461
101 716
491 296
761 564
634 523
68 692
239 51
237 501
203 651
294 4
552 292
175 704
444 611
191 572
38 589
418 650
566 7
467 736
576 165
756 606
261 504
328 46
503 555
670 629
770 189
178 390
658 75
637 5
321 28
344 179
713 187
623 165
167 543
417 578
608 64
506 296
483 444
47 586
222 416
617 96
260 53
713 154
498 719
493 452
528 468
213 147
393 781
130 108
111 666
342 131
796 622
384 732
679 281
640 703
746 429
75 15
777 484
542 764
423 741
522 604
196 409
114 707
617 234
16 326
610 168
591 186
261 102
594 743
346 544
13 278
749 449
504 246
675 469
164 495
538 415
570 477
755 179
255 725
589 333
654 274
141 702
544 413
610 750
716 304
743 509
486 302
90 335
62 733
662 81
257 62
685 558
470 258
728 201
21 620
474 294
434 449
758 530
722 780
327 23
153 446
369 387
743 638
618 586
600 162
493 633
132 545
535 595
359 239
118 25
485 212
184 152
71 105
56 164
608 4
505 373
613 581
199 101
157 405
457 450
394 257
326 760
382 700
578 84
81 548
162 536
523 252
783 60
612 603
558 230
321 347
389 625
146 251
389 735
752 168
145 300
622 570
714 555
51 148
663 144
66 36
718 381
243 473
212 670
12 99
95 477
659 572
651 368
743 631
466 117
633 648
582 310
106 600
139 454
431 60
188 798
337 434
217 163
173 349
375 736
693 142
485 200
24 210
101 386
199 498
247 692
703 544
64 124
160 513
717 207
581 563
702 251
409 549
126 600
578 576
765 354
84 106
141 270
38 158
205 738
363 423
87 196
761 765
287 267
15 122
494 120
632 709
540 558
423 298
16 640
517 546
531 551
261 612
346 12
796 264
283 672
109 579
130 689
768 177
643 172
766 422
429 592
535 236
340 194
470 188
129 221
274 187
178 220
361 441
771 298
95 147
294 495
439 632
151 224
51 778
550 345
558 26
778 315
265 764
133 364
772 269
420 766
277 412
637 258
129 120
459 572
256 610
217 559
97 441
202 463
342 555
421 323
704 296
463 379
229 464
670 348
546 18
438 506
735 731
120 721
414 432
131 788
624 125
398 83
122 627
484 712
237 282
392 497
321 39
577 381
772 231
568 81
575 733
100 540
138 170
560 268
467 445
149 619
633 733
454 631
11 218
374 359
73 550
281 259
318 611
672 622
227 320
217 533
362 687
329 670
325 231
352 197
180 511
45 710
711 51
598 626
140 161
334 713
482 409
220 364
768 720
743 716
142 112
340 311
382 129
709 199
238 410
739 21
237 551
505 152
616 280
756 68
230 458
536 578
336 282
244 567
406 789
655 562
657 86
381 297
665 721
252 669
752 139
121 248
474 612
574 245
774 391
174 70
277 484
14 354
411 526
203 586
252 151
79 483
503 592
678 96
217 154
724 453
92 704
373 476
27 133
343 266
217 238
39 378
150 333
155 380
333 383
186 377
89 229
41 73
284 348
65 154
201 329
314 329
186 399
40 264
192 314
127 159
289 312
368 383
18 160
297 387
354 360
68 114
100 107
194 214
100 271
169 214
52 394
168 326
246 350
0 379
217 376
256 398
207 333
96 323
19 387
100 119
6 36
99 242
215 375
20 173
26 329
80 166
54 97
22 362
162 295
220 345
159 275
28 314
192 294
347 355
216 398
89 383
110 320
216 245
124 235
83 375
46 293
309 377
139 307
117 220
69 317
14 73
284 394
302 385
80 159
216 240
131 249
307 350
3 18
102 343
175 215
173 204
248 269
141 368
142 387
347 379
61 329
105 106
104 196
60 316
23 95
83 151
214 252
257 296
211 346
21 143
76 326
91 183
171 380
339 377
91 209
158 313
213 297
230 340
110 118
184 331
200 346
86 305
131 141
96 121
25 39
148 240
271 321
9 358
190 245
305 366
11 51
4 395
22 232
197 334
268 371
103 155
122 123
186 361
195 385
133 384
139 297
174 356
23 192
141 144
130 237
202 274
173 309
2 321
126 288
3 160
131 368
75 102
223 306
230 335
206 224
199 211
114 173
56 344
305 373
70 134
2 61
292 351
203 345
166 351
280 333
59 263
64 393
252 265
317 396
182 320
10 184
36 250
1 212
171 212
21 277
239 367
198 348
197 356
315 325
189 360
6 334
229 301
134 187
17 88
174 315
97 144
76 195
16 337
8 106
20 89
43 258
15 310
264 336
206 353
75 194
52 124
137 200
303 392
21 110
25 264
85 385
194 206
41 323
120 155
228 353
81 114
5 13
30 225
54 280
111 389
11 198
157 368
46 327
287 298
31 208
82 215
174 286
107 326
166 317
21 97
54 188
91 94
365 369
71 113
138 382
331 340
83 224
40 353
284 390
9 226
84 140
281 284
38 385
71 118
164 309
193 327
15 219
66 396
150 280
66 257
222 245
74 259
67 170
53 251
8 113
58 354
132 146
270 379
281 399
273 355
143 320
232 263
1 328
189 285
295 298
376 393
178 246
108 186
206 214
234 258
122 334
273 342
140 166
51 362
21 320
121 323
179 234
283 285
13 143
12 246
261 348
46 160
72 236
203 305
46 313
131 310
191 256
170 204
63 244
10 127
37 226
26 95
206 252
2 57
84 166
274 340
203 350
13 144
234 318
185 382
223 231
140 319
35 68
82 244
57 314
348 372
166 396
86 220
279 388
109 363
73 137
115 153
71 352
43 318
54 239
151 163
111 242
33 199
302 354
341 348
30 313
304 342
24 111
68 293
252 371
215 244
29 290
109 276
295 384
132 264
78 250
145 195
156 273
103 109
29 91
21 182
114 280
325 388
36 315
135 149
309 311
125 237
67 309
89 204
90 257
216 222
273 304
189 195
58 254
92 345
269 371
105 320
4 135
31 56
108 284
92 111
46 225
85 195
102 180
76 107
30 162
26 314
64 167
181 252
92 350
285 381
73 299
15 30
15 298
92 335
42 221
184 202
247 363
224 244
169 375
133 163
371 392
224 375
210 255
304 379
125 211
27 336
31 386
157 225
227 232
133 395
107 119
199 296
104 297
293 327
17 107
25 336
32 78
62 233
232 362
126 385
116 340
83 169
78 279
146 378
128 281
25 40
1 298
141 383
185 268
196 297
221 273
51 282
120 363
88 100
124 189
89 114
67 198
345 350
1 109
283 332
5 320
78 337
102 224
165 297
164 204
373 389
28 61
13 97
197 315
288 360
129 180
126 302
87 243
171 328
55 302
14 323
184 350
217 277
67 339
73 374
127 335
31 258
332 381
99 386
318 334
31 179
120 380
59 294
54 367
272 328
237 346
41 299
124 354
53 274
100 326
0 355
92 373
10 274
143 144
29 382
361 399
278 395
245 256
290 382
42 379
23 106
12 178
324 357
14 121
30 253
13 263
104 236
69 319
22 51
1 276
141 207
44 274
39 336
134 254
111 345
99 220
149 384
360 385
64 352
155 363
61 113
212 247
211 299
84 351
93 267
5 143
96 137
18 157
60 358
3 154
111 152
196 306
191 240
253 295
261 341
303 388
97 320
330 336
20 280
312 350
174 318
286 325
177 271
199 237
220 364
214 248
66 275
30 287
307 370
20 170
95 314
75 343
9 102
179 339
49 108
69 80
44 184
87 335
103 212
108 348
42 87
50 240
180 358
74 283
163 215
35 115
127 230
68 173
181 228
34 36
6 115
245 288
135 163
33 211
195 394
332 354
105 365
146 161
3 65
53 331
190 218
162 219
76 88
50 74
255 285
93 230
320 393
90 317
52 288
58 398
138 183
80 275
352 365
79 154
29 279
20 164
110 141
252 269
71 192
16 200
270 304
86 289
254 302
82 163
370 386
39 228
158 310
284 341
88 168
37 129
6 174
86 312
30 310
156 199
225 313
29 78
109 212
164 193
1 272
141 143
28 294
249 310
304 305
152 345
372 399
72 165
41 125
269 392
91 337
162 313
126 354
159 396
189 235
102 264
100 177
119 145
46 229
4 163
140 322
111 184
8 71
17 128
211 237
108 128
17 168
3 83
352 369
59 113
270 366
105 113
178 297
65 123
36 115
352 393
345 373
6 356
84 267
45 199
113 201
164 170
215 224
160 327
263 282
158 162
14 299
116 202
186 198
253 278
235 284
23 105
268 392
58 256
259 283
153 160
150 164
202 340
191 245
31 117
73 125
237 347
102 206
110 217
190 216
24 306
349 362
262 398
99 370
0 200
52 302
61 263
239 280
50 256
26 294
251 274
122 197
41 137
32 382
91 290
57 321
231 391
189 394
337 382
208 372
170 266
101 138
191 398
256 338
42 270
24 203
247 328
285 324
333 368
15 272
135 395
32 303
59 329
274 322
63 228
298 310
236 344
133 253
29 183
243 257
64 120
148 387
46 157
43 174
163 395
100 321
202 230
150 173
285 291
77 257
174 334
258 286
11 399
95 106
130 200
150 204
86 366
10 322
343 375
183 290
86 386
64 238
129 175
65 122
210 381
289 308
73 121
90 243
227 367
351 396
89 280
24 184
78 303
228 264
58 216
42 389
16 91
22 227
44 335
91 382
101 269
238 393
72 213
87 221
207 280
105 118
35 311
110 143
236 297
75 224
259 332
5 97
66 80
150 207
63 206
95 113
341 372
106 113
60 260
142 338
118 393
33 374
254 288
104 364
15 295
93 116
54 144
51 108
260 378
27 176
44 111
318 397
138 252
275 317
147 289
339 372
167 393
10 335
88 107
36 397
110 144
246 345
204 333
231 306
34 174
171 249
114 164
255 283
158 301
335 389
96 299
55 385
123 154
342 347
139 196
79 197
98 226
250 308
4 83
130 299
272 295
167 217
31 364
169 215
155 171
112 388
61 201
126 195
252 353
56 208
174 197
202 391
320 329
170 188
90 159
194 353
225 327
62 90
213 236
103 363
150 239
92 184
53 93
155 276
63 169
52 354
131 158
204 239
28 57
23 71
184 340
12 391
159 257
22 263
70 126
139 178
270 273
352 376
120 171
24 391
260 359
18 293
127 322
273 379
139 357
171 276
80 292
59 201
147 250
38 70
0 243
288 332
186 372
196 357
99 373
198 372
58 245
20 150
190 398
388 397
7 61
188 239
139 364
188 204
205 369
38 218
176 316
6 318
83 214
101 392
135 175
7 22
7 59
251 322
109 217
77 233
49 399
17 177
150 188
40 336
165 255
1 155
0 273
196 241
234 300
38 302
13 367
102 228
21 238
64 380
58 126
105 393
124 390
118 167
243 296
204 383
75 375
20 239
6 34
118 329
160 356
194 248
133 149
217 320
348 399
257 379
249 301
30 133
344 357
111 246
63 375
81 170
104 357
129 226
10 251
97 207
108 281
72 241
312 364
279 382
20 81
35 356
29 32
176 358
70 218
141 333
181 224
56 117
242 350
83 181
12 152
79 123
143 217
44 92
1 363
242 366
30 295
77 90
129 358
259 288
53 172
55 126
117 312
45 296
183 392
210 259
82 169
75 214
117 357
188 367
85 88
321 362
202 331
62 257
39 136
214 375
5 182
20 114
240 259
273 347
113 320
162 310
55 394
211 355
16 355
80 317
136 161
58 332
178 231
90 233
112 279
53 335
384 395
91 303
32 371
253 384
14 137
122 356
148 338
85 168
115 356
32 185
310 313
117 139
243 273
165 213
300 357
26 28
114 293
270 342
108 349
276 380
291 332
14 130
69 292
295 310
255 381
45 125
191 262
152 307
52 332
191 338
118 320
74 381
168 177
292 319
136 330
67 311
76 168
236 255
241 306
95 294
64 365
163 175
182 277
143 182
2 22
209 347
183 382
6 122
213 291
191 259
80 319
222 262
165 241
345 366
227 263
24 152
249 298
88 119
48 371
140 351
37 260
138 371
32 337
258 397
124 394
302 360
58 288
206 248
88 326
96 211
117 364
219 225
142 165
149 163
198 349
139 236
130 137
305 345
222 398
17 100
237 374
239 282
16 346
17 271
290 337
34 65
81 150
114 150
43 315
159 317
137 374
2 232
49 341
233 319
26 61
9 37
198 309
75 215
205 380
52 189
80 396
49 372
67 81
238 363
223 331
123 334
47 308
219 253
66 159
264 330
80 84
66 90
201 294
151 395
173 266
147 388
49 284
158 249
90 140
112 250
265 371
99 345
234 286
147 308
14 96
104 231
89 150
219 313
55 168
4 133
53 116
62 77
136 323
43 286
48 185
198 399
176 260
245 254
184 246
115 197
282 367
75 169
307 312
15 131
198 361
127 396
98 175
33 130
200 299
58 191
109 155
208 377
76 85
107 271
304 389
37 180
15 328
170 280
249 363
144 182
6 43
4 151
127 275
216 256
80 351
53 202
234 397
170 173
89 333
167 369
193 311
5 110
253 287
170 239
149 151
35 197
0 347
209 342
224 343
151 244
234 289
109 380
196 231
40 206
117 300
38 288
65 79
230 274
300 364
183 337
118 217
5 144
36 388
111 305
145 168
267 351
94 279
8 23
6 315
315 388
219 384
137 237
67 68
47 342
85 145
55 124
213 255
162 253
12 223
105 352
29 392
317 351
140 159
57 232
42 373
216 254
164 266
101 185
5 54
305 389
52 283
230 331
34 334
92 305
84 127
157 229
8 118
120 247
209 279
97 182
128 321
115 334
184 251
248 371
16 94
33 299
52 235
37 316
165 236
366 373
55 76
116 274
0 156
44 305
27 260
204 207
39 264
56 300
19 72
83 194
61 314
37 98
33 237
73 323
15 253
9 180
8 167
131 301
120 238
372 377
78 183
256 288
70 385
153 154
32 138
221 243
188 282
258 318
94 337
268 269
26 192
7 367
139 370
366 389
220 300
24 202
73 96
177 326
274 331
139 312
38 126
62 66
377 399
155 238
233 296
1 247
9 129
220 242
55 189
190 222
50 288
105 376
238 277
110 182
235 390
125 199
186 348
113 329
81 164
303 382
49 281
136 146
135 278
50 191
49 349
50 259
296 355
220 307
19 306
51 239
115 122
300 386
181 353
43 325
66 319
35 193
266 309
42 304
190 254
312 370
106 192
251 331
200 355
91 279
41 121
274 335
34 197
229 293
42 243
357 364
19 142
99 312
11 108
98 180
237 299
39 330
279 290
112 303
44 345
152 178
71 393
278 384
168 195
130 346
113 376
52 126
77 319
44 389
153 193
194 224
91 112
162 287
261 324
67 266
17 321
185 265
123 153
205 352
66 77
264 378
6 197
255 291
101 265
205 365
58 259
52 360
22 282
206 343
300 370
75 244
103 276
181 214
265 268
348 349
137 299
27 161
10 44
216 288
37 359
194 252
48 353
250 279
283 354
60 180
58 190
25 132
40 102
39 146
54 263
169 175
332 360
181 248
38 187
156 243
16 209
272 298
140 275
29 337
157 333
36 334
55 195
120 217
10 53
74 255
188 207
285 332
34 123
259 354
260 358
8 376
27 316
369 380
291 354
30 219
78 112
50 245
185 248
27 378
24 231
209 290
307 364
210 213
369 393
78 382
108 362
270 373
89 368
158 229
32 392
132 228
162 249
210 283
242 312
56 324
75 98
229 333
13 182
203 246
8 192
86 345
26 113
18 153
195 235
19 241
318 325
10 230
301 368
11 281
14 211
167 352
228 343
221 257
118 201
54 207
163 244
146 264
62 319
63 181
43 197
61 294
17 119
109 247
127 140
152 242
254 360
174 325
331 391
86 370
181 343
160 293
110 277
67 173
359 378
240 338
112 209
122 174
130 355
146 336
221 379
53 340
54 282
68 309
98 215
169 244
2 227
58 302
4 244
11 348
349 399
107 177
127 351
109 238
312 386
32 183
133 278
158 368
322 335
126 190
185 392
316 359
33 137
258 339
33 45
117 196
42 305
63 353
60 359
311 334
75 206
294 329
226 343
114 229
34 315
71 376
44 322
9 359
3 151
275 322
346 355
172 230
82 135
166 292
97 367
233 257
49 186
118 376
87 379
52 58
18 46
142 148
185 252
99 366
59 61
125 299
38 190
94 290
17 326
119 177
138 392
261 372
87 90
238 380
154 160
62 317
157 293
34 115
189 354
56 236
292 396
212 276
109 171
196 307
144 207
115 311
24 340
152 350
74 148
23 113
103 171
101 371
114 170
208 361
248 265
241 297
206 375
196 236
137 323
119 326
13 54
28 192
47 289
162 298
304 373
55 360
174 397
147 342
50 58
276 328
260 316
289 386
39 161
271 326
11 186
64 369
133 135
190 302
156 257
145 394
113 192
160 193
207 383
82 98
133 219
216 259
12 241
84 396
345 389
25 27
120 212
117 370
15 162
155 328
308 342
287 310
201 314
114 333
134 190
79 160
263 367
82 175
171 363
93 202
150 282
299 374
198 377
259 381
189 332
97 143
219 395
138 265
176 359
134 218
237 355
59 118
161 336
76 145
9 316
67 377
25 146
0 346
198 266
104 117
149 219
171 247
56 357
43 334
30 384
35 334
34 79
55 85
152 203
94 346
181 194
251 335
21 144
132 161
116 267
15 249
172 267
261 399
185 269
100 168
304 366
93 340
29 303
287 295
248 252
184 274
43 388
212 363
12 231
203 331
47 147
1 171
70 187
68 81
40 132
190 262
86 99
14 41
124 284
245 398
115 174
114 204
161 264
159 322
191 216
130 374
33 125
138 269
74 213
242 370
210 291
195 390
208 339
130 199
78 290
204 280
71 106
63 214
24 246
71 365
87 389
82 129
382 392
60 176
227 282
277 320
189 390
186 281
123 160
68 193
181 375
231 246
316 378
140 317
153 327
111 203
15 287
341 344
8 105
98 129
161 330
86 242
232 321
85 326
23 167
3 123
84 275
63 224
132 336
18 193
244 375
236 357
291 381
126 360
36 197
41 96
245 262
294 314
220 289
336 378
308 388
141 158
42 92
256 259
84 159
149 175
165 387
128 362
74 291
214 224
179 258
38 55
152 231
116 172
178 306
324 344
79 153
286 397
254 398
302 332
9 60
34 356
288 302
182 217
4 149
48 138
279 337
116 230
50 398
144 277
47 270
72 148
40 48
179 286
16 290
220 386
28 329
242 345
127 317
31 300
270 389
275 396
89 293
86 350
311 356
55 70
66 233
44 251
180 359
1 380
45 237
288 354
99 289
63 194
24 331
51 349
93 172
84 172
152 184
125 374
220 312
79 115
250 325
149 395
149 278
63 75
148 165
78 392
97 110
53 230
12 24
79 334
200 347
169 343
22 321
156 379
187 218
109 249
121 136
124 195
341 399
218 254
286 318
243 379
214 353
188 280
227 321
50 338
235 285
94 209
145 390
231 307
43 397
80 127
40 228
156 296
186 349
132 330
72 297
163 169
191 288
361 372
132 378
37 358
104 139
200 211
104 178
266 377
152 246
68 164
81 173
103 328
122 153
190 191
103 380
18 327
16 347
316 358
250 315
38 360
88 271
49 261
41 211
68 311
179 318
240 256
180 343
92 203
242 246
85 119
361 377
13 59
194 375
390 394
89 207
229 383
155 212
72 142
324 341
5 277
298 328
113 118
142 241
47 250
0 342
124 145
150 170
265 392
107 168
213 381
92 389
56 364
24 223
38 134
229 327
7 227
153 356
137 211
146 330
220 370
176 378
2 263
301 383
101 303
88 177
63 102
11 349
169 224
14 200
261 344
105 167
37 176
1 103
2 362
2 7
175 244
25 330
67 164
38 254
82 226
78 91
280 383
34 122
197 318
44 246
167 376
309 339
193 356
181 206
140 396
30 278
14 94
241 387
111 350
71 105
20 204
306 391
65 153
167 320
95 192
223 391
193 293
250 388
21 217
53 322
141 301
287 328
39 40
219 278
138 185
32 101
126 187
108 399
78 101
75 181
143 277
259 338
36 325
74 210
317 319
211 374
315 334
84 317
31 234
217 393
51 227
131 313
131 162
79 122
247 249
261 361
178 307
334 356
63 343
22 239
115 123
113 294
37 60
39 132
9 343
20 188
22 367
44 203
179 208
41 374
265 269
250 303
210 285
69 166
81 204
279 303
184 203
49 348
212 380
125 130
199 355
86 307
48 183
29 94
339 361
200 237
203 242
130 211
161 378
164 173
119 168
229 368
32 48
325 397
242 307
50 216
230 251
28 95
210 332
346 347
90 275
103 247
36 43
144 383
25 161
92 366
101 268
71 167
221 304
281 348
178 196
156 221
72 387
113 167
81 89
202 251
195 360
64 205
187 254
68 266
190 288
157 327
7 232
7 263
76 119
112 290
128 349
94 200
180 226
66 140
66 317
256 262
126 254
189 302
80 140
216 262
187 385
5 21
201 320
283 291
272 287
147 325
281 349
320 376
11 49
117 307
9 98
109 120
178 223
125 137
364 370
90 221
183 185
12 306
35 318
230 322
358 359
206 228
25 378
53 127
235 394
283 381
89 157
155 247
185 371
36 174
57
134
77
99
61
186
72
17
95
90
23
77
42
149
141
128
198
69
60
346
64
85
30
41
83
188
189
157
40
149
168
41
67
69
110
102
59
115
149
106
206
78
112
75
121
133
17
36
57
55
37
139
120
76
23
87
70
75
136
109
242
158
127
134
110
100
84
125
111
17
145
155
104
131
33
158
63
162
28
44
88
199
126
122
85
95
108
108
100
82
84
198
96
102
121
43
55
144
194
102
54
174
210
143
25
47
103
98
197
17
37
51
80
189
64
107
212
106
76
58
20
96
179
93
85
73
139
126
100
58
135
184
91
59
36
120
210
193
114
84
88
179
85
97
62
124
109
86
42
62
18
92
96
97
84
120
43
101
131
61
114
69
129
112
41
77
115
63
33
31
147
81
103
61
52
46
86
27
198
51
76
40
71
124
136
62
66
81
49
61
137
80
197
20
138
139
77
87
142
52
102
34
107
73
103
44
66
129
115
124
122
90
189
175
51
124
77
105
185
67
47
81
106
133
169
77
89
87
83
151
52
28
140
153
92
33
52
162
162
150
95
31
109
137
84
111
100
94
279
164
195
30
43
79
183
69
151
27
114
83
60
117
39
142
156
162
120
221
137
132
244
147
85
59
111
13
137
105
75
124
99
197
114
98
66
136
96
109
199
136
90
42
41
133
134
15
114
83
93
166
27
92
81
41
41
126
159
139
34
139
92
157
203
105
62
57
53
92
154
133
168
88
121
95
90
208
66
24
189
46
119
125
45
121
136
93
146
120
18
144
89
193
37
23
53
127
67
87
106
165
75
53
104
182
100
135
68
38
110
36
176
158
44
173
73
163
123
126
141
82
76
91
151
140
51
87
74
103
110
70
120
62
110
97
161
121
82
54
160
50
64
75
158
36
152
57
116
54
115
79
114
73
81
126
119
78
139
192
74
143
61
97
139
63
117
36
25
100
121
54
28
38
56
62
88
85
144
21
74
182
80
54
76
46
59
67
62
102
86
46
118
67
92
126
59
89
114
68
140
55
32
82
46
57
96
26
51
100
175
126
96
18
196
112
91
145
182
51
141
66
104
161
106
149
106
83
41
64
74
146
50
121
222
100
175
53
130
62
80
187
82
143
85
96
126
117
138
84
58
66
73
90
13
246
26
84
91
104
113
89
108
78
172
127
75
98
139
60
74
109
87
107
47
82
82
54
50
5
158
106
96
139
184
106
173
91
85
22
51
161
215
47
99
54
107
159
80
65
60
192
68
22
34
82
145
54
73
65
57
79
92
37
55
164
131
154
87
24
117
19
89
89
176
62
150
73
109
94
13
86
167
77
172
101
60
45
77
134
100
211
87
143
150
47
175
79
110
75
93
92
18
161
17
115
202
148
164
91
103
111
134
87
36
106
189
73
129
141
41
19
60
65
117
87
64
187
182
40
35
190
126
90
123
155
49
66
158
251
92
101
96
117
58
142
137
118
89
150
38
146
176
139
129
95
88
185
136
123
51
189
54
22
87
95
43
21
66
29
84
146
44
169
130
62
28
88
167
78
55
136
91
68
55
82
70
47
118
26
90
61
41
140
184
55
30
99
34
16
53
56
147
6
155
100
103
138
76
132
114
220
111
32
63
140
60
23
73
101
144
151
36
97
111
68
137
97
61
42
48
95
51
141
119
88
108
80
57
127
34
105
59
40
122
68
52
109
49
127
153
149
137
71
77
80
99
149
96
148
82
198
53
159
87
131
64
113
170
228
145
84
67
148
86
38
73
33
66
188
123
42
153
48
193
123
156
57
160
116
134
118
90
135
107
41
112
53
224
80
189
57
176
84
67
209
83
170
42
30
63
103
162
13
98
106
75
178
93
69
105
106
148
87
194
30
89
19
132
79
75
101
171
37
41
90
113
60
57
77
130
116
164
48
102
85
165
121
63
74
39
61
170
57
28
124
49
225
67
240
109
49
57
118
59
72
27
160
47
96
121
52
59
39
137
132
159
160
119
178
54
169
126
22
128
24
95
156
161
230
237
64
164
167
145
67
67
215
124
57
105
99
138
124
60
133
172
92
45
107
170
138
170
22
93
87
196
43
150
69
45
190
45
133
118
42
91
107
74
77
134
21
37
35
150
76
92
150
215
42
177
88
29
95
74
178
48
144
71
99
60
143
53
85
52
59
203
210
72
90
14
161
76
62
153
53
68
12
69
191
42
77
96
72
130
27
101
73
54
140
80
73
114
192
247
33
125
160
16
21
16
84
80
216
45
70
137
126
180
108
113
65
97
6
167
22
98
119
30
143
131
77
71
75
114
38
154
80
90
110
135
102
111
36
36
105
93
107
167
90
39
85
85
75
104
107
174
156
139
146
152
70
97
61
54
67
43
16
61
218
75
139
81
193
80
12
170
127
85
154
103
74
44
57
80
43
30
117
216
100
189
95
152
33
92
90
55
45
108
107
170
93
116
60
98
21
33
29
80
143
74
100
68
184
122
117
76
68
109
136
57
133
98
190
195
155
115
140
68
84
44
35
82
57
109
80
137
68
114
79
93
26
93
69
167
110
51
136
103
136
43
181
48
67
131
142
55
118
76
102
157
97
57
30
132
162
67
56
68
51
81
74
98
31
143
37
111
99
82
115
194
77
144
26
212
148
171
124
129
107
74
183
260
139
163
188
115
193
63
41
97
93
60
84
113
61
86
118
29
90
66
145
109
30
137
149
119
71
173
151
59
46
78
94
65
143
131
214
163
47
89
113
68
108
97
17
87
57
63
131
46
69
14
111
29
74
160
46
84
76
100
66
202
112
27
116
46
44
105
62
75
43
32
7
74
68
75
34
166
57
68
104
214
82
217
111
119
50
131
78
41
103
94
50
177
81
148
95
57
119
82
44
66
90
111
145
140
74
143
88
96
84
97
44
28
74
39
168
129
64
194
130
74
114
27
39
77
49
74
134
77
75
80
53
138
138
175
138
57
29
187
49
65
85
125
101
180
82
36
28
46
23
160
104
18
133
35
108
154
192
102
157
85
123
161
157
178
37
59
79
77
196
106
105
68
107
164
46
103
62
119
210
12
105
103
75
47
138
148
139
140
38
55
80
84
62
168
100
77
52
78
179
79
70
98
194
122
103
118
75
100
118
59
153
204
20
61
86
84
111
129
78
111
139
39
44
157
35
93
98
78
84
51
120
139
146
140
52
107
86
137
155
71
9
114
146
128
91
30
71
73
174
94
51
138
66
131
77
99
164
9
82
150
56
88
171
119
118
182
108
142
169
84
114
122
120
74
132
99
91
95
116
54
142
122
53
41
62
121
29
23
90
34
126
85
177
145
200
75
38
98
105
90
24
40
183
71
199
108
59
207
141
89
41
106
115
65
71
118
173
163
177
54
125
221
68
54
121
196
140
60
138
85
20
44
67
85
68
185
64
117
81
128
120
42
51
109
68
125
48
137
140
50
46
35
103
141
93
131
164
132
118
87
97
41
138
146
46
84
68
76
54
77
128
165
68
117
185
30
92
180
140
84
122
84
126
107
31
74
73
119
115
58
134
122
195
21
83
125
78
107
63
62
146
130
113
169
101
91
51
23
47
115
119
92
160
56
87
36
99
88
62
28
176
210
76
132
78
88
139
24
82
41
65
192
113
55
145
76
110
75
48
94
68
66
97
186
176
39
74
128
129
77
119
70
120
115
131
190
17
72
23
78
105
96
97
40
95
91
95
113
113
159
55
45
144
144
110
50
14
57
78
139
18
168
72
123
104
153
85
143
103
94
78
104
102
45
166
83
109
61
69
69
90
153
123
89
105
83
91
105
61
83
118
61
112
154
240
87
158
62
37
81
47
145
27
179
60
78
71
36
93
66
69
117
62
156
140
57
149
57
144
45
183
115
24
29
52
113
30
48
70
269
96
124
20
91
72
172
184
195
151
103
92
171
84
138
152
77
52
80
62
86
104
167
79
124
135
56
87
47
66
68
74
102
155
83
55
92
47
35
76
161
98
25
77
35
111
60
131
153
35
183
74
105
34
105
149
85
121
118
101
83
95
87
38
105
66
74
98
124
181
32
95
127
110
62
42
162
227
200
107
94
62
214
74
49
95
89
162
163
36
110
82
48
50
148
178
83
115
76
39
68
77
122
193
12
199
31
263
58
152
202
113
47
172
56
116
43
103
151
13
138
46
20
42
160
107
209
102
84
63
96
84
134
123
38
57
65
47
71
85
97
94
111
22
124
150
118
79
171
45
141
144
67
91
58
87
96
100
64
184
93
51
74
79
156
147
70
67
244
71
146
48
73
84
138
188
63
173
54
21
121
100
102
119
67
42
32
44
97
124
79
57
130
94
67
92
17
76
16
16
110
81
61
90
117
53
61
215
103
51
109
63
73
94
103
30
46
136
80
67
206
96
81
114
104
128
140
225
79
126
109
156
40
23
129
188
68
20
141
77
98
58
125
41
99
144
64
112
23
53
87
15
66
161
98
109
79
122
93
55
53
171
38
79
72
58
107
31
175
15
74
120
133
32
49
