412 709
659 284
719 778
793 739
566 253
141 360
455 736
680 171
132 740
737 439
524 464
485 0
380 637
637 596
647 479
527 322
660 768
567 633
381 733
663 291
286 430
360 375
15 170
392 116
2 659
643 189
328 251
524 471
246 51
582 214
699 422
715 568
549 407
390 598
90 4
424 634
43 784
208 605
771 129
575 352
698 66
354 425
286 40
176 7
268 15
222 274
190 223
495 574
24 543
342 68
179 443
337 425
425 462
38 175
422 687
446 574
443 676
575 541
149 501
735 424
240 213
113 494
107 73
591 488
361 255
765 32
642 715
125 372
798 457
369 533
506 235
799 690
357 792
94 498
361 430
323 39
241 185
289 142
308 765
297 645
156 595
391 70
682 592
541 484
66 35
317 656
74 426
564 588
782 96
266 394
722 299
683 431
363 381
660 777
228 635
254 39
334 67
202 664
644 376
446 71
400 137
643 457
190 787
737 537
365 713
139 330
113 305
161 615
457 184
786 744
746 769
452 285
596 199
558 380
597 525
279 787
253 157
391 483
463 237
408 196
483 506
127 577
622 497
565 319
506 260
240 529
327 717
22 327
559 781
344 554
299 209
454 419
290 533
84 548
596 64
17 688
778 514
705 743
792 718
435 429
745 490
450 744
151 278
237 445
306 47
387 425
233 574
631 36
782 250
44 318
490 517
92 245
558 550
11 367
244 594
9 733
388 576
174 347
600 71
45 419
359 760
472 575
478 687
778 72
319 410
597 11
447 88
668 140
3 325
553 576
65 241
110 54
551 431
200 556
561 528
186 452
327 362
241 69
291 457
79 650
719 67
576 261
507 624
723 158
494 126
390 726
21 702
574 375
746 783
98 285
753 586
540 249
452 646
243 505
722 28
76 23
490 611
315 196
175 782
623 721
665 103
310 296
744 558
729 5
461 410
400 614
690 373
324 19
276 315
666 717
445 300
107 167
374 73
129 515
248 346
544 209
390 795
463 354
305 715
764 178
784 245
388 623
612 774
782 282
711 13
763 222
595 174
231 410
309 7
780 184
465 696
536 50
409 11
643 41
786 727
689 300
212 230
55 443
565 774
369 137
80 759
495 62
612 431
135 352
126 547
670 708
704 558
32 265
371 51
374 599
710 69
548 11
313 36
601 669
586 664
82 61
406 780
547 485
147 312
595 331
184 304
684 311
716 305
664 346
497 397
758 541
610 662
428 785
356 512
105 709
601 190
121 610
142 685
560 786
183 437
304 245
236 611
485 554
119 496
725 358
432 514
301 237
413 530
403 16
359 78
421 201
23 566
155 258
533 103
665 213
206 127
246 678
548 529
515 108
485 321
38 283
651 782
284 184
103 337
112 118
779 33
610 707
799 186
612 151
22 300
497 41
182 718
337 485
208 12
570 122
226 317
434 145
15 360
99 347
226 281
0 334
48 543
676 215
443 656
443 715
585 690
447 626
731 798
28 534
80 425
287 236
436 284
50 467
669 599
696 215
218 629
541 275
628 692
423 235
52 534
681 227
219 693
208 790
424 667
169 38
442 492
638 381
546 169
519 223
796 78
276 529
75 547
168 429
658 744
174 679
283 551
32 553
394 613
739 573
342 474
201 640
731 276
712 609
170 12
293 629
121 231
798 573
71 216
32 730
71 528
770 567
657 228
63 246
343 538
48 176
274 220
671 683
388 226
221 73
588 139
380 63
459 394
315 730
385 123
719 505
783 262
274 481
412 398
783 399
39 700
217 402
395 642
46 362
91 291
284 501
241 621
273 56
735 357
630 736
223 182
536 429
432 342
639 721
760 62
610 161
55 277
221 321
265 353
76 370
206 392
137 188
263 341
118 210
294 326
65 180
14 122
134 158
274 347
221 352
62 255
241 288
91 341
124 331
20 164
266 301
34 62
285 333
195 255
218 291
157 214
10 395
94 336
221 249
50 278
21 164
19 335
246 365
353 361
171 308
67 298
60 297
82 190
149 247
45 260
334 346
0 141
326 333
76 325
136 265
41 307
13 266
133 316
298 388
99 375
24 363
150 292
83 172
31 353
146 350
37 94
2 188
17 182
151 189
65 344
142 258
148 356
26 281
170 295
28 144
138 188
79 359
360 362
222 397
144 391
42 207
19 235
96 252
49 75
73 334
236 325
53 170
245 332
49 81
269 349
23 311
73 323
25 226
55 280
73 324
6 54
133 244
76 290
45 310
261 262
169 174
62 171
129 307
133 213
29 343
70 343
194 224
60 281
120 150
192 386
0 319
82 202
18 126
85 377
31 265
20 89
316 327
294 376
248 284
106 243
106 258
64 372
135 179
28 373
354 381
135 384
14 63
222 238
148 219
130 197
130 325
202 246
203 300
210 396
66 245
74 354
129 156
330 355
125 389
164 178
164 176
8 36
227 385
376 382
149 295
124 326
83 174
290 373
56 318
117 307
93 348
201 281
196 318
213 244
13 87
5 105
55 150
293 342
1 235
219 225
184 241
77 197
211 362
226 309
11 241
97 330
277 340
72 78
93 209
117 145
199 397
56 192
342 374
117 354
261 279
91 98
348 393
44 308
39 113
40 233
168 387
98 341
299 369
201 214
102 337
324 387
123 259
336 337
220 302
127 153
279 383
154 359
334 364
3 322
147 200
71 188
24 135
307 368
70 118
181 331
262 380
210 294
259 263
329 356
93 322
119 311
183 225
236 287
68 140
212 232
249 352
162 182
24 186
295 304
101 242
20 143
195 358
49 96
263 279
246 379
239 311
199 348
11 251
189 360
40 167
254 301
107 271
306 337
90 380
45 46
114 257
83 120
354 389
1 90
125 381
10 27
286 364
73 327
29 399
28 177
123 191
222 393
42 252
22 362
112 226
157 385
58 73
184 311
26 130
113 172
42 391
170 369
95 144
85 104
77 116
318 386
146 276
132 368
0 338
306 355
220 380
31 365
316 351
22 170
35 352
244 278
30 279
118 343
76 297
324 327
19 262
180 200
42 144
96 391
92 382
284 375
237 327
90 148
112 191
172 257
129 368
105 189
276 291
8 337
335 366
42 177
47 169
143 175
103 136
158 231
87 169
168 295
161 277
157 310
127 312
17 253
21 145
230 319
190 246
204 376
217 294
33 221
80 271
170 360
214 385
16 296
79 94
66 348
54 185
67 258
332 371
23 284
170 304
12 249
256 267
18 267
199 371
137 296
94 330
17 87
69 307
241 293
207 391
160 185
206 262
54 318
270 309
61 133
244 271
139 382
177 391
119 239
254 266
269 363
231 251
180 344
228 252
54 192
16 110
316 334
30 206
231 305
189 247
99 283
154 345
359 390
258 310
64 275
233 250
97 336
118 124
81 99
272 306
209 397
275 370
129 132
58 175
61 364
121 346
1 366
74 117
178 354
73 213
73 346
94 154
172 187
279 392
191 343
243 260
208 214
65 250
166 241
244 364
127 168
4 112
232 375
31 202
69 156
128 393
207 252
111 124
332 393
93 296
103 357
72 256
44 177
258 298
189 313
289 317
265 365
109 138
91 101
0 230
81 100
1 335
52 280
89 178
148 223
103 365
173 330
153 315
16 93
0 18
194 203
286 334
56 321
84 358
226 270
200 233
118 372
297 394
99 166
197 275
46 360
288 293
1 289
181 343
167 317
297 370
120 340
141 185
303 342
135 363
315 387
80 330
79 85
284 378
154 276
100 108
82 353
51 178
49 375
30 98
291 355
255 299
189 298
160 218
251 305
116 290
20 354
295 367
248 283
44 207
90 223
33 386
105 157
57 257
215 343
51 176
23 100
156 268
36 240
28 44
10 257
81 239
173 276
103 265
197 297
248 375
293 309
2 16
288 309
206 261
27 292
98 101
18 377
142 189
4 191
101 341
93 137
8 306
102 306
182 196
214 227
170 189
269 306
89 214
180 224
325 370
197 281
317 335
37 146
19 356
326 396
2 109
9 379
131 382
58 213
235 335
37 97
66 253
31 328
171 358
199 393
106 388
22 367
192 321
116 197
13 17
20 51
253 332
187 242
310 314
41 74
106 313
11 305
358 373
290 394
224 233
37 276
223 262
27 32
133 323
180 194
29 181
238 301
150 280
175 385
99 184
253 254
291 390
158 374
92 176
14 101
50 175
165 305
192 230
10 150
65 203
95 391
29 215
90 220
30 59
86 159
210 333
249 386
27 150
81 375
70 191
63 257
301 332
245 397
236 314
10 292
20 227
83 292
63 152
85 291
21 51
154 173
309 342
202 357
23 378
183 219
255 339
42 373
29 303
66 199
21 92
85 218
205 386
169 292
112 181
3 138
52 204
286 346
219 220
75 375
220 223
43 358
186 269
34 171
393 397
7 200
375 378
57 114
16 397
112 215
40 180
183 329
60 325
156 205
88 344
56 386
360 367
196 277
50 385
116 370
222 296
24 384
52 340
100 378
327 334
145 204
23 248
109 110
323 351
21 396
260 314
316 346
63 174
39 259
52 139
50 274
313 387
186 363
185 267
77 394
12 221
304 367
193 350
103 140
240 384
134 251
180 300
54 386
116 394
144 284
63 83
67 324
70 124
38 302
84 255
76 236
75 248
206 341
54 141
0 318
15 259
21 382
27 120
144 228
12 338
73 316
212 248
13 82
243 298
96 207
163 194
16 393
312 387
12 33
41 92
215 342
3 234
239 378
120 277
86 324
132 268
55 161
339 373
77 297
87 292
161 321
137 245
137 348
336 355
327 364
154 355
282 368
160 267
83 152
48 323
102 336
143 381
20 178
27 395
127 387
4 331
89 143
127 315
198 337
38 163
82 246
54 230
9 140
111 396
66 301
99 232
12 205
312 315
132 350
236 370
60 314
78 104
64 201
212 375
49 212
215 270
118 333
71 234
25 374
69 117
199 273
146 193
153 168
1 19
246 357
29 226
161 182
97 276
103 202
356 380
65 224
78 218
135 269
112 399
129 249
199 238
60 130
201 208
215 331
177 308
231 241
26 201
72 216
131 264
95 252
287 360
272 384
180 398
230 338
177 290
50 143
45 325
150 277
74 307
67 313
242 341
16 209
80 121
7 183
163 250
75 252
159 387
338 386
280 282
60 370
75 284
294 331
129 268
143 274
20 385
23 81
179 363
98 187
182 321
9 30
151 369
80 355
347 385
49 207
171 339
298 313
131 376
186 240
199 245
268 282
41 176
110 138
92 396
17 320
19 261
126 185
205 318
250 344
64 281
100 119
192 338
255 358
105 142
150 340
73 86
117 280
159 312
69 368
243 388
183 229
207 228
51 354
199 222
56 162
17 169
36 155
339 358
52 131
75 96
355 390
148 380
28 391
309 399
265 361
134 309
335 356
170 388
45 60
67 347
25 29
134 165
135 240
89 385
167 303
112 342
144 252
188 234
183 398
124 294
27 257
37 154
82 103
18 78
147 224
25 399
117 139
87 152
202 265
68 383
283 375
5 313
178 307
124 181
81 284
157 260
330 349
125 154
142 314
52 382
121 179
167 183
280 340
165 251
150 161
55 196
96 212
143 389
308 339
133 278
197 370
53 367
171 299
229 380
166 378
202 379
203 250
217 376
5 106
73 364
276 390
209 245
86 237
50 227
222 273
33 352
143 347
38 344
11 231
39 123
16 137
193 381
306 336
182 192
121 271
288 342
81 166
120 161
123 181
157 243
167 200
320 332
10 83
72 160
79 390
63 292
198 269
91 242
189 362
6 141
163 300
148 229
107 355
160 256
220 356
357 365
120 257
352 386
321 338
149 168
57 169
253 266
65 163
155 363
66 371
263 392
43 373
111 210
226 374
133 334
190 361
47 120
12 85
143 178
221 386
184 342
198 336
219 329
25 329
270 366
103 246
95 308
16 348
220 225
166 293
303 374
201 275
60 76
216 267
34 358
78 115
83 114
5 67
33 156
62 84
118 119
152 257
54 338
108 343
104 185
62 195
149 388
247 304
85 359
142 388
289 335
74 145
133 346
17 254
98 259
73 133
139 340
125 146
34 84
55 156
162 192
258 287
139 264
162 338
115 377
245 393
94 146
156 221
45 236
25 289
165 231
167 399
219 229
61 244
191 215
26 325
254 332
146 390
194 300
152 174
265 379
35 386
196 321
141 319
124 210
217 396
99 241
97 306
143 227
127 149
88 180
17 196
105 313
157 298
58 278
6 162
367 369
8 349
35 54
332 397
300 398
0 56
14 114
155 269
155 186
125 173
42 96
185 216
216 256
206 263
268 354
142 360
108 333
62 358
92 145
70 331
28 308
235 262
204 382
40 224
47 182
110 137
97 154
37 173
7 289
134 147
22 369
160 216
129 350
125 350
190 353
110 234
116 297
46 236
245 348
200 303
181 191
39 187
14 379
42 44
27 172
146 330
19 90
201 325
4 29
276 330
78 126
81 212
241 305
69 249
131 145
44 391
15 187
162 318
15 191
224 398
125 345
84 195
192 196
51 92
111 333
119 285
84 171
51 89
112 374
108 311
134 288
321 352
141 256
27 83
170 211
93 393
13 328
67 157
362 367
301 320
127 304
146 345
81 248
60 275
73 278
69 268
288 374
175 274
94 349
117 340
48 133
139 204
49 252
59 392
81 283
65 398
2 296
65 194
108 285
317 366
70 108
273 393
179 272
304 387
205 321
47 55
179 271
46 394
136 379
349 355
215 226
22 53
188 322
33 249
214 310
141 267
270 399
18 185
120 280
141 230
240 363
96 375
316 364
23 99
156 352
57 122
60 236
353 365
12 386
158 309
64 119
319 338
351 364
59 68
149 315
21 176
117 282
151 247
330 390
67 274
87 254
65 300
113 395
7 329
328 357
111 217
117 268
25 270
79 276
115 160
131 396
28 339
143 193
2 322
81 96
199 266
361 365
370 394
151 362
162 230
264 376
33 129
66 266
191 331
40 250
329 366
193 345
9 392
276 359
68 379
32 113
31 103
171 255
140 379
44 95
152 169
130 281
124 343
146 154
252 391
153 312
118 191
168 315
0 6
120 292
35 221
0 185
142 260
5 243
303 309
107 272
71 110
224 300
138 234
247 295
213 364
155 384
23 239
8 272
266 320
28 358
43 171
119 333
172 242
79 218
269 384
142 287
156 282
194 250
189 258
31 190
29 342
136 353
176 208
148 220
23 212
93 188
270 303
363 384
74 164
32 264
175 193
134 231
350 389
45 370
70 333
161 196
106 142
4 343
199 301
9 59
309 374
59 206
291 359
158 233
42 49
128 199
64 285
381 389
272 349
58 61
286 351
90 392
37 80
14 91
100 239
275 325
123 187
66 393
113 264
145 354
225 380
25 366
123 331
16 222
88 163
100 285
47 161
221 338
45 208
53 369
39 341
133 271
54 104
181 215
107 349
296 393
68 136
114 292
333 372
250 398
273 296
219 302
28 42
41 51
302 380
294 396
125 132
131 139
116 130
97 349
231 293
122 242
16 199
281 370
32 172
217 382
71 138
133 364
218 377
72 267
98 261
46 287
266 332
109 234
66 332
197 325
345 350
205 352
43 308
262 356
185 319
260 310
79 126
12 35
235 279
36 186
115 218
137 209
132 381
166 305
8 240
100 166
59 91
149 298
70 215
185 256
104 218
101 122
51 74
76 130
186 384
136 361
311 378
151 211
9 68
224 250
346 351
262 279
63 101
344 398
367 388
30 341
46 76
177 373
209 332
112 366
26 64
54 56
139 145
374 399
227 274
189 388
1 317
239 284
105 388
10 32
145 382
51 307
88 398
132 146
57 174
84 299
33 205
108 118
235 261
210 326
132 307
376 396
124 191
184 288
285 311
6 267
47 277
151 170
3 109
7 335
18 72
32 39
212 239
202 361
199 254
9 383
79 291
229 302
25 167
121 364
228 391
8 102
189 367
147 165
58 347
28 95
64 333
75 391
12 352
49 144
142 310
96 248
119 372
121 213
24 286
133 351
136 202
31 357
57 292
62 299
131 340
277 280
56 230
174 257
50 58
203 224
54 319
209 371
354 368
66 320
174 292
39 98
95 177
1 262
289 329
16 66
75 207
277 292
301 397
30 101
126 218
7 366
91 206
65 88
25 112
11 99
124 215
59 383
18 256
89 164
0 54
42 75
140 202
8 384
114 169
249 368
54 162
80 107
44 144
98 263
27 174
208 314
168 312
87 174
82 357
37 330
157 258
307 389
83 150
25 335
127 247
235 263
48 334
383 392
166 184
87 182
83 257
109 322
83 395
49 248
270 374
69 354
137 234
40 147
139 376
23 166
33 55
212 378
199 332
93 110
342 399
18 160
104 126
291 336
48 346
32 395
198 240
18 216
105 243
80 244
81 232
38 398
167 289
148 225
328 353
213 278
118 326
346 364
112 289
159 324
112 270
44 228
14 242
304 315
200 250
52 145
296 348
156 249
43 339
223 380
330 336
149 153
127 295
20 381
140 265
10 120
151 360
36 384
7 317
180 250
59 140
57 87
245 301
4 124
210 217
245 371
204 264
63 242
227 347
37 390
58 274
348 397
125 193
32 187
190 357
181 259
329 335
2 93
41 145
105 106
172 395
295 315
176 201
28 252
97 291
86 327
163 344
179 186
323 334
189 295
247 388
285 372
253 301
26 370
105 258
19 263
159 313
4 270
342 343
291 306
326 372
90 279
53 211
173 244
18 54
17 266
100 212
156 368
154 330
246 353
106 298
30 91
36 363
147 233
128 273
75 228
122 174
155 240
3 188
382 396
106 189
15 294
304 312
18 104
178 227
75 144
60 394
2 234
62 339
77 130
286 323
105 260
308 373
345 381
135 155
76 77
130 275
350 368
178 381
226 303
13 246
158 200
178 193
29 374
189 287
151 287
268 307
35 205
149 304
313 388
90 261
56 338
104 160
63 122
95 373
175 227
5 258
25 317
100 311
90 263
262 263
61 237
195 339
10 172
89 176
15 217
64 197
158 165
183 317
53 299
132 345
291 330
149 387
275 297
253 320
281 297
137 138
26 197
41 382
235 356
307 354
48 316
114 152
40 194
203 398
146 173
148 262
103 379
1 263
170 367
295 312
268 368
15 123
166 311
1 261
24 179
300 344
134 374
274 385
306 349
34 255
47 196
6 230
199 253
15 113
261 263
172 264
149 313
270 342
162 319
261 392
371 397
5 260
52 376
90 262
134 233
113 259
38 88
99 311
211 360
34 43
4 123
29 112
238 393
236 394
209 393
52 74
56 319
288 305
113 187
276 355
37 355
103 353
318 319
148 302
5 157
345 389
246 328
28 43
15 124
75 212
154 350
214 314
232 248
94 359
163 398
63 114
154 390
136 365
59 279
199 320
112 303
3 71
43 95
69 129
240 272
57 63
204 396
7 167
86 387
44 252
211 299
60 116
67 105
38 180
168 304
209 348
241 251
106 287
15 39
240 269
58 244
318 321
334 351
35 321
94 107
206 279
241 309
159 237
85 126
144 207
40 163
90 235
95 228
104 377
38 219
121 244
130 370
94 291
4 215
25 303
3 110
153 304
42 95
143 385
260 287
164 354
76 394
59 379
40 398
24 155
102 115
173 193
52 117
0 104
179 269
278 364
272 355
97 390
45 287
247 369
170 362
89 227
165 233
88 300
180 203
51 145
202 353
97 355
44 75
9 91
94 355
21 41
321 386
159 327
66 397
16 322
212 284
105 298
223 225
10 264
36 269
282 340
237 324
131 204
307 381
243 313
35 192
102 198
2 110
40 203
128 238
15 331
107 330
29 191
35 318
106 260
257 292
211 369
128 301
160 377
32 242
198 306
111 326
111 118
48 286
26 275
46 60
94 390
21 74
190 202
316 323
55 282
8 198
223 356
96 284
26 297
147 158
231 309
27 63
281 325
49 284
345 368
108 184
80 173
207 248
46 142
72 115
194 398
128 222
362 369
107 121
317 329
178 389
31 82
262 392
14 30
220 229
259 341
2 3
9 206
94 97
258 260
98 242
96 144
275 281
37 349
209 301
217 264
187 341
34 195
163 180
35 56
33 35
175 347
261 356
37 107
331 343
40 200
93 222
153 159
78 377
41 354
97 107
193 389
135 186
74 382
35 338
318 338
90 356
226 399
258 313
232 283
67 243
31 379
98 206
264 395
69 282
38 183
217 326
19 366
199 209
84 339
222 348
18 319
108 119
127 388
243 258
4 70
212 283
97 272
205 338
205 221
237 387
150 257
225 229
121 133
179 384
61 213
137 322
238 273
51 164
118 285
106 151
171 195
29 270
295 388
115 337
103 190
73 351
244 346
113 123
192 318
226 342
254 320
296 397
126 160
225 302
149 312
7 303
93 397
169 182
126 377
71 109
270 289
4 181
77 290
187 259
61 327
247 367
373 391
298 387
208 310
47 152
61 73
247 362
6 256
73 237
81 378
297 325
257 395
206 235
184 293
152 292
110 188
38 229
50 347
67 86
230 318
94 276
190 365
246 265
168 247
113 242
225 329
114 174
1 356
271 272
225 356
73 244
47 150
48 364
30 383
5 298
40 65
52 282
103 361
338 352
92 164
293 305
301 393
336 349
13 357
170 247
76 116
151 388
53 362
82 328
289 366
303 399
57 83
41 164
158 251
132 193
12 156
66 209
204 217
48 351
286 316
205 249
2 137
46 314
187 395
74 92
109 188
190 265
31 246
202 365
7 25
57 152
323 364
269 272
231 288
9 279
136 140
26 372
177 339
61 278
353 357
55 321
114 122
23 375
130 297
42 228
131 217
63 172
153 387
99 305
308 358
8 269
132 389
6 319
323 346
20 41
45 314
11 232
151 367
252 284
78 160
110 322
111 294
99
105
61
128
144
77
59
175
96
125
60
16
40
26
62
106
91
65
75
51
152
97
76
74
138
53
162
49
157
92
157
83
79
152
99
61
158
127
126
35
144
75
94
68
170
101
100
48
191
148
93
135
29
160
83
55
181
62
74
84
162
73
118
165
168
16
114
135
93
62
48
73
86
62
126
95
114
82
144
70
150
56
167
171
107
66
129
86
96
63
40
71
75
86
52
19
129
23
128
96
105
60
116
51
66
201
199
66
153
35
77
150
82
107
73
160
110
89
44
64
99
91
122
36
105
137
31
145
98
101
237
21
114
82
112
110
112
37
76
40
102
145
83
109
60
132
194
89
120
136
75
77
151
167
87
166
95
138
117
37
38
118
140
120
114
66
159
42
122
109
16
212
215
24
84
48
154
92
73
162
179
35
88
197
122
47
75
106
96
132
135
141
135
140
105
144
107
95
122
25
190
126
27
119
88
281
9
67
106
101
103
115
99
195
131
42
217
120
84
126
126
117
176
162
17
136
110
70
36
133
63
35
79
46
138
105
103
99
127
38
84
75
146
79
103
70
57
93
236
51
126
24
108
56
54
206
70
87
152
160
144
29
129
75
70
68
168
213
86
33
168
117
238
37
87
83
92
83
173
23
125
49
89
79
108
164
54
110
29
45
66
105
67
80
39
168
46
88
148
53
65
80
110
33
191
131
191
33
46
167
101
180
81
178
69
159
88
155
105
82
202
61
106
105
155
50
75
111
26
112
50
105
168
143
68
186
66
101
88
108
77
150
42
100
105
96
143
75
83
67
85
108
109
66
69
13
66
176
107
167
70
79
36
178
156
50
105
228
30
160
81
16
153
146
126
52
63
27
34
46
130
114
173
120
64
137
48
67
164
77
12
66
33
87
51
154
46
120
115
61
30
91
189
26
148
152
142
107
102
143
164
106
148
124
36
123
29
221
111
102
101
131
126
129
119
105
98
57
124
100
96
87
186
55
48
187
55
136
52
201
59
117
44
180
182
45
89
36
150
179
110
105
127
188
114
99
68
190
57
109
116
43
76
137
230
153
101
22
126
35
60
205
108
168
111
77
56
201
98
186
107
182
37
70
256
27
117
176
122
70
167
68
14
86
52
94
60
100
47
167
159
146
96
88
129
104
146
201
40
157
126
106
25
26
194
56
163
50
58
93
86
73
38
81
109
169
35
97
81
29
42
75
121
153
68
169
115
164
87
138
166
11
119
137
106
166
45
13
116
70
100
142
27
117
145
131
171
51
8
211
117
36
144
70
72
108
155
44
111
93
57
66
69
125
62
64
70
44
76
50
21
110
184
159
93
25
200
66
68
97
59
50
7
123
39
186
129
39
192
180
130
206
145
165
144
113
71
92
70
44
128
59
117
87
134
156
145
193
72
106
45
100
74
49
58
72
122
81
62
47
44
111
42
31
35
131
6
86
55
128
61
150
126
119
103
61
95
147
118
200
203
24
183
150
29
92
71
80
66
69
51
92
42
95
136
71
46
209
42
86
26
89
74
215
120
18
44
131
70
61
175
75
92
124
108
22
146
67
165
187
26
132
168
67
199
50
157
218
147
49
197
122
55
93
97
65
103
98
309
98
146
74
163
153
72
75
94
90
65
60
101
203
14
166
56
68
47
80
163
92
73
89
91
151
161
113
60
134
119
92
99
101
22
38
216
132
65
103
195
110
133
65
91
64
86
187
178
53
247
111
84
211
93
115
60
85
133
45
49
140
96
112
135
72
54
84
94
20
64
135
80
133
144
78
179
85
184
63
122
143
102
169
22
108
155
99
67
107
163
210
196
50
147
45
27
123
125
126
134
188
44
132
151
83
99
141
259
168
58
126
161
81
50
74
132
157
81
100
190
108
87
101
149
86
117
107
26
16
36
88
58
19
86
121
160
35
66
63
114
99
53
78
130
196
60
45
54
57
59
81
173
88
286
206
170
25
60
164
51
81
64
157
165
39
79
120
87
23
85
30
78
76
117
38
98
99
78
154
70
127
22
114
227
106
84
186
113
127
35
65
166
75
151
79
104
118
61
81
31
24
116
194
192
23
187
42
125
160
41
99
102
32
76
20
59
139
78
174
69
95
137
76
158
171
145
95
58
94
94
108
99
103
95
19
108
46
45
118
112
88
42
73
66
79
61
77
94
139
120
48
39
155
153
114
144
52
151
126
77
157
82
82
80
90
249
85
90
114
188
52
93
108
64
132
250
137
122
94
58
90
69
108
83
244
130
98
80
39
94
95
59
53
162
69
60
82
87
80
69
210
36
139
86
162
135
49
60
103
38
44
133
94
118
115
107
187
177
73
25
156
139
78
36
107
210
151
125
145
143
106
21
95
52
69
158
55
87
57
120
79
213
32
40
89
36
119
151
113
38
102
128
65
65
199
96
112
61
100
180
141
198
109
100
123
66
77
50
126
34
58
26
59
121
70
25
102
117
119
87
30
208
96
116
98
62
18
84
150
112
53
196
60
91
58
115
55
130
177
39
127
106
129
210
49
103
86
156
153
119
99
67
102
110
31
81
70
40
47
117
79
34
15
113
95
93
86
166
79
39
34
68
28
49
38
65
47
127
16
161
15
65
134
87
64
59
18
111
132
272
151
31
36
73
49
36
71
82
196
106
78
164
190
195
31
78
93
155
102
107
135
186
15
138
179
57
74
65
71
231
138
124
79
212
48
134
57
57
36
65
167
161
111
99
148
168
37
56
45
30
142
67
75
78
45
162
44
161
85
68
60
67
109
46
94
36
104
184
16
165
184
83
100
153
53
180
120
91
131
175
40
87
37
132
169
98
28
156
76
119
164
130
82
71
135
56
38
54
158
168
61
59
51
57
112
44
11
73
95
121
79
166
70
184
141
194
139
84
195
139
127
79
163
106
121
64
76
59
146
43
86
129
219
91
146
99
89
135
102
117
206
138
59
93
125
49
27
109
50
67
26
159
144
147
163
47
124
58
96
37
119
43
63
15
43
110
88
94
88
144
111
42
60
10
75
80
79
85
59
127
92
169
33
89
178
111
90
155
81
153
41
183
130
45
99
106
116
41
83
240
71
165
61
85
106
99
117
34
75
156
37
41
94
133
166
18
164
50
174
45
88
50
158
47
148
56
134
76
117
142
103
144
117
111
123
66
86
173
275
95
74
152
28
126
108
101
140
46
87
102
57
112
110
128
78
94
74
82
83
130
133
10
132
65
91
63
86
217
185
57
90
109
152
59
108
147
91
113
32
57
72
123
189
28
124
89
70
84
84
224
25
91
39
94
78
16
102
156
74
144
102
110
49
70
22
114
144
88
66
159
112
92
170
121
20
187
123
138
126
122
45
89
181
179
53
171
50
35
120
90
144
43
59
57
66
42
127
126
70
123
102
47
123
55
128
88
63
65
119
47
130
269
107
115
110
95
131
112
139
71
79
187
99
126
101
80
50
65
14
13
57
76
194
87
158
31
68
167
26
126
30
90
129
122
196
46
111
116
75
134
92
42
106
32
70
224
110
163
134
100
71
52
68
43
98
99
24
93
44
65
142
133
44
88
109
100
141
238
98
135
111
211
138
212
183
35
75
126
178
74
110
125
73
113
123
25
57
76
106
142
70
223
55
175
12
183
83
108
139
62
127
106
214
64
111
99
82
52
91
85
47
102
163
84
82
134
70
90
119
21
138
138
46
213
189
184
101
60
174
78
86
114
79
133
38
92
85
66
98
153
48
30
67
207
176
77
100
179
146
153
63
45
60
155
106
137
134
113
222
44
234
79
131
73
111
137
124
144
98
209
39
57
98
125
65
95
93
46
57
44
190
42
222
60
95
61
195
90
104
136
70
73
46
114
131
93
109
183
70
63
79
189
52
199
67
89
98
133
50
122
167
142
180
136
102
108
28
90
94
181
80
125
34
37
91
151
68
111
85
113
14
154
20
58
86
95
127
51
33
22
171
38
30
30
59
174
13
67
82
101
84
179
128
75
214
154
144
71
38
75
68
62
85
21
119
30
45
154
166
118
62
240
89
128
133
30
53
173
79
122
111
122
87
136
86
128
139
40
84
53
117
87
124
97
93
237
105
88
134
77
19
236
73
57
90
33
81
61
79
64
88
61
85
80
111
157
80
100
150
117
22
110
36
47
58
31
177
11
58
186
72
150
92
112
78
113
107
263
154
171
56
230
44
114
108
79
132
34
186
92
118
125
163
46
95
39
32
91
143
117
48
104
72
86
162
128
177
21
120
65
120
67
93
67
87
161
125
40
141
170
31
188
109
189
83
146
140
126
89
41
84
90
169
143
134
86
79
83
64
23
167
26
209
79
68
30
118
110
178
90
94
141
173
120
93
58
138
204
129
155
95
198
69
84
120
44
55
83
67
46
82
141
18
40
26
151
92
110
63
132
48
64
31
93
67
47
200
116
64
67
113
27
68
63
55
127
57
64
200
107
107
140
10
114
129
94
121
43
109
155
137
45
80
47
62
37
64
59
193
14
167
60
145
72
81
145
