95 210
251 59
267 208
322 385
395 481
192 533
719 110
406 490
785 251
197 319
772 563
66 287
286 134
709 497
399 462
350 122
496 47
771 621
767 644
502 258
634 328
302 154
291 306
50 559
281 639
674 271
342 255
11 552
512 571
16 720
695 56
4 477
693 285
159 628
626 111
269 723
272 314
262 539
616 665
396 289
591 274
466 12
87 361
555 10
256 124
50 135
138 643
551 166
439 117
534 507
29 389
361 625
155 470
763 51
41 311
305 30
184 763
391 696
794 591
783 45
209 445
574 621
633 522
297 61
330 376
113 207
307 607
682 202
529 266
347 580
718 128
654 589
395 680
350 751
744 222
595 74
491 593
480 548
492 309
690 688
606 197
45 535
83 625
754 515
230 234
312 208
292 478
159 116
513 226
484 702
197 726
216 164
774 111
58 334
233 615
446 218
757 423
35 188
171 781
771 6
729 65
340 8
413 164
569 691
552 648
207 675
246 431
511 534
175 135
280 758
219 607
289 690
704 203
554 595
328 524
429 537
445 472
492 660
745 45
796 494
632 755
684 648
4 492
700 602
611 210
727 226
19 732
161 547
29 25
214 222
503 213
386 320
342 404
253 132
633 274
687 370
527 703
163 168
44 36
619 248
609 468
12 430
307 500
356 724
429 121
234 315
322 224
344 675
542 67
393 360
761 287
31 409
464 70
395 426
547 493
441 752
205 266
702 12
220 552
693 494
599 78
121 21
451 100
20 697
59 90
84 702
587 341
29 327
373 691
498 536
414 11
102 398
626 57
686 362
561 317
338 134
308 680
185 499
496 793
731 231
788 784
792 583
0 741
0 144
44 195
492 730
586 436
339 283
733 369
105 663
139 37
391 177
14 669
483 293
256 191
748 125
384 401
445 211
112 179
363 424
700 399
630 170
53 499
427 640
742 578
475 793
757 657
794 103
768 467
11 265
675 678
267 488
697 503
421 50
323 346
529 406
1 788
479 622
433 70
526 535
558 124
74 109
561 436
187 194
327 122
208 379
653 772
224 28
758 785
677 80
451 664
432 499
343 550
650 544
477 157
617 478
405 722
434 55
676 530
90 587
708 694
68 422
773 320
349 455
108 209
188 57
49 393
98 675
20 704
702 293
539 350
659 475
7 14
489 426
222 177
688 101
242 174
767 321
21 197
79 182
583 748
345 742
653 662
764 474
489 286
790 164
546 628
307 348
81 421
375 536
495 69
302 248
123 501
581 544
495 92
668 112
330 458
266 74
186 243
296 22
166 361
214 523
234 338
376 57
87 580
79 629
271 480
531 660
113 363
331 438
429 586
97 399
326 185
648 777
626 436
55 632
67 49
379 246
624 349
174 144
697 569
95 133
183 453
2 799
577 719
459 583
421 743
719 414
276 207
256 699
265 47
467 149
753 201
552 346
390 479
280 232
73 62
583 680
481 743
53 649
337 486
91 687
329 388
322 336
625 137
636 797
397 582
773 272
338 537
742 202
693 366
654 332
573 146
489 558
301 793
773 68
68 799
616 618
555 130
420 262
268 712
251 221
799 683
40 586
172 14
113 524
545 638
740 717
103 629
793 635
654 575
497 107
338 260
665 579
312 146
65 794
195 171
328 752
346 374
567 453
771 30
447 360
653 736
696 598
741 543
332 566
764 376
558 84
588 378
490 636
116 344
677 587
280 165
66 364
632 269
444 656
302 101
705 675
392 199
455 351
606 229
705 800
683 227
28 438
498 565
224 394
58 380
782 433
257 274
441 185
211 720
125 63
414 800
147 374
9 288
497 205
311 179
584 276
238 473
63 176
117 287
121 210
240 262
113 337
29 165
11 42
78 361
14 314
47 88
208 263
76 113
180 240
139 374
100 255
270 274
112 179
171 241
87 190
120 293
88 95
254 356
18 342
221 301
58 206
166 331
243 276
141 151
292 308
378 389
117 266
268 291
307 366
57 73
28 113
92 100
64 199
267 282
39 352
152 274
16 218
133 354
20 134
53 92
83 204
217 346
46 348
174 397
163 165
160 220
337 353
314 320
204 349
37 114
16 152
248 303
246 383
85 292
63 227
136 287
173 200
41 213
224 376
59 157
370 373
64 196
155 306
48 351
266 317
198 259
285 321
48 102
144 162
166 397
250 264
3 322
227 279
25 134
212 300
61 266
152 218
12 175
90 340
88 264
284 295
60 385
142 398
78 88
54 386
84 194
328 365
312 329
111 357
192 248
104 287
12 354
166 298
133 376
259 399
258 259
200 330
27 31
66 176
19 130
95 389
247 348
265 329
135 188
102 162
320 328
79 362
280 282
25 67
24 176
88 193
159 251
134 139
87 299
74 312
258 399
228 293
100 207
111 340
42 54
75 367
201 324
114 365
124 374
266 369
248 321
188 242
270 367
183 399
26 39
132 149
137 254
114 142
35 56
55 277
52 272
140 251
155 205
37 142
255 275
89 117
81 239
253 359
13 263
84 223
10 364
149 358
100 157
104 346
45 221
87 137
4 320
109 111
234 351
79 240
264 339
65 223
8 312
164 252
18 181
131 379
179 382
162 213
200 307
77 333
9 282
10 58
102 234
65 244
308 396
212 233
301 399
83 212
216 303
62 350
126 182
107 273
93 246
165 247
332 367
36 282
179 249
47 80
220 274
71 363
25 179
43 75
91 108
142 365
132 153
57 147
292 396
85 308
307 330
42 288
50 141
224 292
249 257
13 212
135 298
261 334
121 206
103 317
82 319
274 311
175 376
146 297
40 139
9 145
74 382
62 140
41 152
161 391
62 273
6 30
263 387
262 377
31 122
148 351
57 168
182 216
222 368
190 316
90 109
182 303
50 241
29 319
126 165
107 333
136 304
4 231
49 169
6 335
241 246
269 328
154 273
148 270
123 377
107 219
322 323
67 329
96 208
117 369
195 335
82 321
218 237
203 369
32 249
210 262
4 14
232 269
161 245
183 258
64 149
46 247
164 301
143 261
132 199
139 382
21 175
57 203
86 106
143 306
173 249
78 313
32 150
139 397
68 130
87 301
172 229
162 274
71 233
35 357
217 375
173 331
385 393
26 352
156 278
146 396
63 310
198 221
35 176
46 82
274 367
112 382
370 386
166 174
227 310
58 342
113 273
117 318
231 269
44 133
143 168
188 387
41 218
55 63
93 373
194 254
282 385
136 260
129 341
84 278
28 266
25 112
28 77
138 316
117 230
34 160
79 262
5 398
7 269
27 284
97 244
148 160
122 141
144 237
214 322
219 333
213 218
271 352
79 121
104 304
32 331
40 397
101 310
67 382
296 391
49 219
95 378
17 342
33 46
0 301
175 372
194 256
211 286
241 291
244 399
48 213
42 246
88 130
244 258
35 340
50 167
206 377
157 360
159 233
50 93
369 375
153 314
280 288
234 395
19 88
45 258
225 393
114 269
301 316
82 189
276 320
149 379
48 237
57 155
281 398
52 302
161 164
242 249
34 172
186 235
282 388
176 261
373 386
142 289
350 371
193 361
143 147
164 316
10 204
21 372
126 303
103 304
310 376
302 385
163 216
1 310
196 199
171 246
308 315
176 357
262 337
104 136
14 231
54 93
230 369
118 157
228 347
164 221
30 100
197 339
2 315
188 257
212 238
18 347
18 58
79 377
210 377
73 334
61 346
134 374
40 134
78 379
26 85
75 148
115 269
9 385
52 281
128 161
109 357
5 158
104 369
103 346
74 327
183 221
47 220
67 74
73 357
89 230
29 182
82 295
120 325
69 290
114 328
54 373
383 386
16 41
25 125
147 236
98 390
1 245
190 344
180 342
40 174
176 340
46 239
140 273
186 215
293 325
215 250
0 399
132 323
14 199
31 202
188 249
94 105
160 338
61 287
23 284
7 231
208 307
29 248
287 346
49 384
138 221
35 309
115 231
114 320
197 378
25 32
73 109
131 358
337 371
8 150
44 91
256 372
220 367
86 276
89 369
132 196
199 276
180 228
103 287
11 167
87 91
178 205
93 394
42 386
20 25
306 318
45 399
192 285
83 364
20 397
128 252
90 105
82 285
142 232
132 243
171 370
96 263
252 316
24 66
344 391
166 313
32 125
12 63
51 147
169 333
51 365
206 347
106 286
83 208
21 85
308 372
117 136
22 271
173 330
305 326
310 344
140 186
217 287
36 271
342 349
59 99
35 334
285 295
64 289
189 239
170 283
87 391
55 310
237 274
324 332
220 324
122 151
84 308
281 286
287 317
22 388
118 360
72 147
49 273
331 368
69 232
17 204
91 256
179 312
0 97
62 233
68 313
151 291
218 283
229 255
93 386
68 397
75 172
108 137
260 362
84 156
108 223
298 368
286 398
26 146
39 131
73 147
173 298
70 275
85 372
190 391
168 236
8 327
69 269
59 92
40 380
135 366
337 350
85 396
194 372
284 348
91 254
238 350
18 123
12 133
45 184
100 195
39 149
304 317
262 362
20 173
4 199
71 121
16 162
44 354
10 181
136 318
311 351
21 44
200 331
99 335
72 230
195 312
117 375
174 298
2 271
2 341
137 223
295 348
67 179
275 324
175 224
107 305
73 261
98 355
52 345
144 389
7 14
129 194
215 313
146 378
205 318
175 354
288 370
59 100
184 198
249 382
208 387
247 321
259 301
316 391
193 250
84 341
95 191
30 255
65 259
203 375
184 244
278 341
350 353
133 372
285 343
182 192
122 383
104 317
39 339
3 132
83 238
260 293
1 63
226 381
271 308
203 217
72 306
76 290
152 311
3 214
276 286
22 323
374 397
21 224
38 103
14 153
131 187
203 305
19 78
222 235
57 72
329 382
60 286
77 231
152 213
35 105
52 127
148 152
154 222
238 300
33 105
46 189
141 386
99 118
2 372
147 176
67 80
130 197
177 272
219 273
363 371
30 118
240 347
130 234
92 265
194 341
266 287
111 143
232 328
137 244
151 241
207 335
173 307
2 254
136 346
31 81
181 349
246 373
8 242
48 389
107 169
3 196
96 387
242 366
94 110
42 171
84 129
233 235
149 361
199 289
243 314
202 345
75 220
333 384
49 77
38 317
80 201
317 337
277 310
165 248
28 369
102 191
75 338
239 348
23 239
69 365
109 334
42 291
25 382
23 27
41 237
227 344
126 163
80 374
51 72
35 109
105 390
79 226
18 206
255 324
195 265
100 360
177 211
86 398
246 386
120 304
15 283
142 276
129 356
171 386
222 359
191 389
229 275
83 159
80 324
51 326
81 345
55 279
73 168
104 117
226 260
207 265
289 322
220 338
53 360
204 371
127 272
51 168
331 374
45 316
86 211
2 396
65 399
16 270
187 297
175 191
155 236
119 263
120 210
101 279
60 225
3 64
124 134
3 358
311 395
226 293
170 237
86 114
12 396
190 296
5 37
184 259
34 332
67 125
6 195
44 372
111 147
165 189
82 348
63 101
5 52
187 214
15 354
125 382
152 270
185 318
162 311
148 338
155 178
134 380
16 237
66 94
204 364
361 379
29 216
177 345
22 352
192 295
60 302
53 100
35 111
27 122
239 319
42 268
50 268
76 169
86 243
197 234
92 207
59 335
271 315
12 376
150 242
153 199
38 260
123 363
172 275
150 327
268 373
113 219
250 368
12 256
256 308
267 322
18 204
128 316
211 276
301 391
171 280
154 186
204 300
278 356
233 273
59 207
107 384
338 351
284 343
244 259
142 243
66 365
216 336
40 166
128 296
165 192
176 309
248 319
91 129
33 189
138 391
189 247
40 374
280 393
239 284
4 314
138 252
175 292
295 343
232 365
235 251
336 355
211 398
4 116
88 395
154 359
27 202
159 364
300 371
6 92
359 368
277 376
315 396
4 153
2 129
204 353
129 156
134 166
49 154
70 229
300 364
106 398
26 297
55 101
25 374
86 289
32 134
74 265
158 211
61 103
105 340
271 388
100 229
53 59
1 344
146 352
211 320
0 184
19 68
233 371
85 271
214 323
315 388
145 282
30 275
128 138
168 203
131 323
309 390
276 289
240 377
125 249
9 225
136 317
36 267
165 319
227 245
171 393
315 341
70 112
2 308
106 302
21 133
28 219
21 292
142 286
120 226
114 276
123 350
142 320
241 386
113 287
146 292
0 259
265 312
19 95
217 290
168 176
66 69
79 206
279 283
103 104
350 363
67 312
89 287
269 326
1 376
152 351
148 274
73 392
20 40
267 358
95 130
146 315
254 341
219 384
224 354
26 187
93 167
49 222
83 119
204 363
295 321
152 162
319 321
354 376
77 305
69 114
124 139
32 173
31 241
111 309
167 394
196 322
2 84
0 244
6 70
11 54
20 298
288 386
8 74
28 49
220 332
112 125
123 371
170 218
29 321
11 209
102 311
21 354
163 319
214 358
300 353
291 370
97 259
50 151
90 390
63 277
63 376
1 44
57 230
30 70
69 328
21 396
370 393
96 200
32 374
39 297
125 312
303 336
18 349
154 219
268 383
98 336
172 367
4 269
124 380
225 282
113 266
28 169
89 205
133 254
29 192
121 371
180 381
125 329
10 119
46 105
38 121
243 320
163 321
116 231
59 118
31 151
276 314
97 399
71 371
91 356
241 383
109 340
10 300
84 254
188 330
165 285
67 124
42 393
99 157
61 337
114 232
3 323
160 172
86 328
235 294
380 382
209 258
306 392
228 381
141 246
8 125
128 164
218 270
48 218
82 247
182 336
96 330
189 348
120 260
64 323
132 214
346 369
144 191
91 133
231 314
81 202
232 320
232 326
61 317
160 332
100 335
143 176
54 394
24 147
238 251
230 236
256 341
8 329
257 366
297 352
96 188
293 381
131 214
272 302
17 206
4 243
228 240
81 284
106 289
62 353
182 248
53 195
154 169
244 301
23 122
146 271
19 395
14 196
167 386
48 311
195 207
72 143
45 301
256 299
93 370
223 299
99 100
317 346
223 278
137 299
166 215
194 396
34 220
30 53
164 296
180 347
108 356
9 156
149 196
186 222
3 199
15 175
34 255
179 329
36 388
50 383
138 296
215 359
100 118
71 238
132 276
127 177
70 100
62 71
78 250
173 188
174 250
109 261
76 305
2 85
24 340
44 277
6 229
23 81
119 208
215 222
50 386
132 358
13 300
91 194
13 83
32 179
126 192
129 254
84 315
16 43
256 356
217 333
347 377
19 197
223 356
60 177
59 360
17 58
57 375
246 291
2 194
63 279
3 267
121 350
109 143
129 256
260 304
279 376
171 268
126 321
224 396
109 309
218 274
45 164
123 210
162 351
77 107
38 104
226 325
51 176
206 342
17 181
184 399
127 158
243 289
47 338
188 366
5 110
140 235
77 384
99 360
125 179
195 255
134 397
24 110
291 373
164 183
49 359
193 339
123 364
115 326
105 309
169 219
22 267
82 239
84 388
131 339
187 323
171 291
268 386
7 314
247 285
323 358
150 249
95 395
40 68
63 224
22 214
66 232
13 251
72 203
240 362
214 267
51 66
28 305
53 207
75 324
280 385
126 248
177 398
210 347
30 335
245 391
37 286
138 164
131 361
212 251
21 376
76 333
238 371
89 375
202 383
28 107
124 324
269 314
149 322
151 386
47 332
103 136
74 329
254 256
89 136
120 362
308 341
150 257
68 78
225 302
106 385
330 331
189 321
16 148
236 318
181 364
115 305
13 238
160 367
225 385
254 299
61 113
203 326
29 355
342 347
108 299
22 26
43 148
155 392
12 21
135 249
85 146
28 333
95 234
233 300
151 383
115 116
234 389
76 77
292 354
221 259
97 184
89 155
298 330
270 351
223 254
49 107
1 279
171 373
293 304
249 331
0 198
151 171
187 271
145 388
5 272
297 339
25 139
151 268
135 200
17 349
4 7
198 301
215 368
52 60
96 366
16 351
42 93
68 264
91 223
233 363
65 301
170 213
54 209
206 349
101 170
127 345
230 375
119 364
148 367
156 388
144 152
178 185
319 348
135 331
194 356
293 362
23 345
202 272
141 241
277 279
80 380
205 306
83 181
210 362
22 187
366 387
162 270
65 137
290 326
86 286
326 328
281 302
234 274
200 366
29 126
102 378
73 143
42 373
96 119
242 327
92 335
58 204
82 343
188 307
25 249
70 92
374 382
104 337
62 238
362 381
102 144
104 266
221 399
123 204
61 104
10 83
7 116
175 396
30 229
62 235
24 309
305 384
150 179
213 237
134 382
80 139
134 331
322 358
187 352
285 319
27 343
250 313
111 390
213 283
144 311
80 124
267 323
15 21
57 143
43 367
132 267
189 295
292 372
56 105
106 211
262 317
196 361
97 183
241 373
147 168
190 245
319 343
126 336
258 394
48 144
332 338
95 339
161 296
162 234
159 238
121 377
70 255
19 264
117 346
151 246
309 340
51 232
88 197
72 155
71 350
309 357
264 379
136 185
38 79
117 185
97 258
186 294
239 343
47 130
5 127
279 310
94 309
210 240
135 173
62 251
335 360
48 234
11 394
36 214
35 390
72 375
30 172
0 65
294 368
193 379
68 174
296 316
95 102
235 359
302 398
48 274
253 379
6 53
130 395
288 373
339 378
178 318
32 257
167 373
87 356
106 225
20 331
20 330
118 207
261 357
81 122
53 335
389 395
269 320
68 88
74 125
113 384
76 107
191 292
138 161
189 319
313 368
160 324
57 236
34 324
79 293
57 261
300 350
87 108
139 380
221 296
236 306
6 100
74 112
6 275
27 81
143 357
92 195
77 115
76 384
126 355
131 149
298 313
16 274
2 256
171 288
151 373
153 196
50 246
288 291
56 90
17 123
14 243
177 302
300 363
75 160
290 305
201 380
55 283
56 109
292 378
121 123
129 223
305 369
216 248
198 399
76 266
78 264
76 217
119 387
41 170
64 358
227 277
28 217
64 267
36 323
91 137
222 294
5 177
149 214
174 313
67 139
46 321
129 137
193 264
76 369
299 356
152 237
237 283
68 193
246 268
217 384
215 253
26 315
321 348
212 364
144 351
233 350
167 209
112 329
221 316
164 391
189 285
42 280
162 237
112 312
222 253
130 389
83 263
132 322
64 322
82 284
111 261
221 391
253 361
37 398
147 261
334 357
247 295
78 193
60 106
35 261
45 198
152 170
62 159
0 258
23 202
115 290
190 227
233 238
6 255
188 200
354 396
55 376
199 243
118 335
169 305
113 346
239 285
203 290
90 309
37 211
19 193
245 310
53 118
226 304
11 93
5 345
58 181
165 321
159 212
48 162
24 111
87 245
183 184
245 344
89 318
163 182
126 216
13 364
46 285
18 240
197 311
238 364
140 222
325 381
203 230
74 179
158 398
20 135
179 327
191 378
15 224
47 395
45 296
289 320
217 230
149 153
1 277
60 398
197 395
34 75
223 256
374 380
195 329
3 289
56 390
74 150
226 228
28 76
191 297
239 295
284 285
145 225
77 169
12 15
291 393
101 283
143 236
96 307
192 319
216 355
289 358
340 390
37 94
102 197
23 343
45 259
191 197
102 389
287 369
324 338
198 299
17 18
85 352
9 280
32 382
166 368
280 370
20 174
22 36
260 325
36 145
330 366
6 118
33 348
202 241
146 187
311 389
201 275
161 316
40 124
338 367
111 176
73 306
31 383
104 113
47 124
155 185
326 365
194 308
124 397
141 383
304 325
28 384
234 311
34 275
140 294
13 159
186 368
298 331
53 157
105 110
166 250
266 346
295 319
238 353
198 244
242 257
86 320
186 359
185 205
290 375
4 115
174 368
177 281
211 281
9 36
140 154
56 98
196 358
286 320
120 381
285 348
145 156
110 158
206 240
29 163
10 349
45 97
158 281
22 282
78 174
64 214
165 182
34 201
341 388
168 261
294 359
354 372
209 394
18 377
305 333
13 208
33 94
41 270
144 218
284 345
121 363
236 392
12 44
263 307
53 99
263 364
65 184
85 315
57 306
201 332
181 204
86 142
184 209
58 349
44 310
10 17
168 306
68 395
121 262
158 177
12 224
247 319
161 190
194 315
153 243
52 177
325 362
133 256
340 357
185 306
31 141
137 356
69 326
91 299
58 364
79 210
33 247
103 266
135 307
169 384
157 229
272 345
144 234
92 118
77 219
217 369
199 322
269 365
199 358
124 201
148 220
62 212
51 203
71 353
21 194
154 235
163 248
260 317
54 167
130 264
38 61
129 278
212 263
11 370
77 290
29 303
38 262
225 280
123 353
297 378
72 261
90 98
5 281
45 183
15 376
303 355
48 152
125 327
67 112
156 341
39 187
220 351
137 198
226 362
351 367
71 123
241 268
8 179
37 281
33 110
7 153
24 94
38 304
133 277
23 295
274 338
6 207
35 90
372 396
127 281
271 341
103 260
33 82
251 294
135 330
312 327
132 289
353 363
380 397
155 318
146 308
237 270
95 197
161 344
291 386
353 371
20 374
184 258
116 253
117 217
38 210
274 351
81 343
20 368
71 337
199 314
34 229
252 296
239 345
163 192
233 353
70 195
26 271
20 166
14 116
37 158
144 213
89 185
217 305
182 355
12 372
162 218
8 257
115 333
65 198
72 236
122 202
43 160
51 69
236 261
107 154
44 256
196 243
33 127
123 300
73 236
142 328
142 211
38 337
67 201
44 376
80 332
25 331
79 347
178 392
140 359
93 288
116 314
7 115
288 393
315 352
94 158
12 277
205 392
64 132
37 86
307 387
9 393
14 320
197 389
50 373
257 327
36 187
42 370
233 251
121 240
109 390
30 157
71 300
2 146
72 168
22 145
1 227
1 55
4 276
115 169
111
88
126
144
181
181
98
43
202
9
94
308
74
160
47
44
71
182
36
128
66
119
45
84
86
20
48
70
114
161
35
66
190
81
104
140
165
80
50
102
88
62
113
94
112
106
129
185
178
160
149
104
161
99
156
57
33
182
117
45
132
77
241
69
161
32
104
146
70
126
78
36
147
154
20
161
82
67
73
44
82
137
98
102
53
155
224
72
66
75
16
127
38
65
45
49
83
28
141
69
193
149
99
78
56
124
92
158
54
155
75
146
91
126
102
63
59
46
79
298
134
38
97
86
52
50
66
95
81
106
72
82
179
184
157
62
120
163
53
105
144
150
24
49
182
104
74
61
80
84
170
29
90
76
156
202
129
31
161
149
68
215
109
197
107
70
68
32
51
66
102
6
109
120
68
171
16
164
42
166
86
86
177
108
159
75
92
73
78
139
120
133
155
92
39
76
76
40
85
78
91
30
196
177
193
45
69
179
116
89
86
76
102
76
68
105
93
163
108
158
25
78
27
131
87
82
109
119
54
138
97
69
146
103
100
88
97
60
141
54
102
32
136
132
67
61
100
174
18
130
18
29
50
97
194
101
85
82
167
44
52
121
96
102
172
110
193
158
119
113
65
74
75
101
134
79
59
75
169
17
50
78
92
212
151
166
168
57
98
88
91
145
164
147
127
18
72
236
67
44
78
38
160
109
63
76
121
74
78
83
115
95
124
134
103
139
127
162
88
166
75
124
68
111
46
91
92
8
221
73
91
71
87
70
54
221
144
43
14
97
167
159
102
24
130
15
155
110
79
188
133
105
95
126
93
91
170
154
91
104
127
49
97
93
125
158
92
187
116
148
68
72
121
52
148
70
106
146
70
96
52
153
66
193
121
216
47
67
118
36
211
171
147
66
77
124
155
173
37
97
153
60
119
68
231
170
60
55
190
78
12
123
127
115
85
114
119
84
189
48
63
114
172
107
172
45
150
47
130
40
33
64
241
26
111
74
75
146
161
181
118
66
276
124
91
218
186
152
63
75
106
184
52
101
192
121
147
88
97
65
153
16
78
95
116
42
104
92
161
39
161
175
73
104
143
103
76
68
138
44
55
49
85
116
161
37
106
98
131
122
98
108
64
146
75
67
17
97
72
161
62
128
60
148
104
175
187
107
54
101
184
94
131
118
116
144
78
9
172
187
45
92
189
136
72
191
66
89
198
134
100
113
155
127
85
184
116
196
82
80
35
136
99
141
37
109
41
76
147
68
238
86
76
42
98
64
49
89
119
66
95
122
47
91
67
153
128
88
62
78
52
59
89
115
103
216
101
35
49
77
17
130
147
61
109
167
177
93
184
83
178
191
160
117
62
182
90
62
182
130
67
91
63
97
99
22
92
122
66
118
26
181
14
196
113
188
87
99
142
181
117
75
39
152
197
189
74
24
74
100
137
33
176
98
77
58
167
123
15
67
88
102
146
63
68
61
112
177
107
93
90
87
77
98
85
67
97
128
138
54
152
86
157
166
87
147
44
129
150
120
97
83
145
205
131
116
163
69
128
98
104
69
152
111
95
145
62
96
87
135
137
54
43
129
31
167
89
87
185
103
121
108
124
45
115
201
22
135
40
110
41
81
30
100
73
65
71
144
158
12
196
105
49
205
67
75
166
29
140
85
120
43
93
50
88
108
129
126
97
229
165
77
132
178
40
172
150
135
152
61
32
127
188
74
92
56
29
60
64
171
85
135
93
34
83
110
138
154
51
16
42
164
111
109
126
154
34
118
155
45
86
173
102
55
205
86
84
23
79
69
103
7
130
64
84
111
175
46
110
72
92
108
141
100
54
74
189
139
130
58
88
49
156
176
110
86
86
189
94
12
92
145
72
163
52
70
88
143
167
146
105
123
116
163
66
36
66
79
88
73
132
6
92
47
102
154
66
98
139
51
185
85
102
169
131
142
118
80
154
172
85
91
126
67
153
73
189
162
112
170
99
130
117
71
164
25
94
63
12
7
48
63
144
25
111
6
73
127
72
45
133
198
80
160
186
125
86
101
139
214
122
113
43
165
88
90
70
45
45
67
84
140
214
179
211
96
127
55
228
73
93
137
69
129
122
22
69
33
97
39
174
195
147
25
33
205
173
79
123
141
58
153
37
103
13
81
59
100
66
102
63
110
106
42
127
134
41
91
76
126
170
119
75
212
109
85
76
199
95
73
106
60
143
221
98
48
162
61
64
46
38
58
36
194
81
86
147
44
98
70
111
157
86
159
129
99
79
70
96
39
25
82
57
161
127
109
70
43
72
109
93
100
128
35
83
64
66
143
100
27
43
98
77
165
107
204
65
53
43
173
170
126
42
169
54
50
77
215
215
78
39
75
86
108
134
80
150
83
251
58
88
168
138
95
197
58
102
164
140
90
63
35
127
86
190
72
110
170
186
110
175
95
83
134
49
91
123
205
141
168
60
72
140
159
77
113
116
110
220
56
137
60
105
119
162
79
90
110
68
101
150
98
46
155
39
126
123
165
136
150
143
46
167
108
101
153
88
69
209
146
108
84
94
210
96
197
180
81
125
147
103
98
73
141
125
121
85
111
206
134
132
45
87
103
192
72
48
159
86
72
120
32
168
35
121
75
53
67
52
161
33
136
126
127
92
190
164
98
86
191
54
124
142
126
141
59
48
99
59
82
144
73
131
147
172
46
50
167
47
158
63
166
72
95
23
41
131
68
44
94
70
100
190
164
74
190
79
102
80
174
179
110
89
132
67
89
41
196
99
119
71
71
52
53
44
150
25
57
44
14
120
94
114
129
158
184
134
162
92
75
50
84
114
57
74
155
8
116
46
112
91
164
152
116
185
60
189
63
123
89
47
101
151
110
172
188
53
73
178
130
150
151
93
169
114
159
98
92
153
170
55
211
150
147
108
85
61
36
36
68
49
79
77
159
140
128
126
41
112
228
124
82
134
121
43
116
58
100
115
156
25
98
142
134
28
163
45
59
97
68
61
134
52
82
83
153
26
143
134
79
105
68
124
109
226
168
35
166
136
134
103
65
160
88
41
77
26
133
159
114
85
91
44
107
81
133
99
115
80
81
127
152
18
154
45
105
164
101
98
93
138
44
126
95
108
103
44
179
201
163
118
150
153
154
34
58
183
174
117
141
25
52
55
32
90
88
118
73
144
118
43
75
101
103
119
167
70
52
106
102
87
108
84
154
77
139
155
110
65
24
83
94
125
40
60
71
47
40
193
87
78
35
34
111
113
173
116
128
135
131
62
88
91
69
77
45
103
67
233
187
24
29
153
98
82
111
72
46
76
114
59
42
215
164
126
37
134
213
103
81
72
30
119
82
139
65
69
150
58
9
153
46
61
97
174
60
152
129
18
98
189
60
20
63
66
173
87
109
218
11
79
114
102
170
74
71
70
51
91
135
59
84
36
61
89
122
29
137
120
165
225
134
103
177
78
47
277
132
51
40
66
81
28
105
79
100
102
112
86
91
29
88
48
103
104
79
45
68
42
25
107
96
159
134
124
64
14
80
188
197
113
87
80
110
69
221
119
78
57
91
93
136
36
67
171
94
95
127
195
102
153
38
135
75
208
26
54
89
85
155
157
125
95
50
101
140
82
96
80
128
81
93
108
51
186
137
53
85
186
42
35
14
55
111
198
231
156
79
93
71
50
63
222
224
203
148
158
91
139
203
51
63
115
84
118
43
44
119
123
107
88
175
65
60
131
20
235
128
152
18
32
11
39
140
72
142
48
115
118
125
93
92
194
131
80
90
148
36
36
176
101
90
34
30
184
247
112
88
86
53
84
153
67
127
140
207
148
136
70
166
46
209
122
144
92
46
91
94
125
75
106
57
121
158
148
194
91
55
98
100
71
144
136
115
26
149
61
107
81
96
212
42
179
114
143
151
154
203
173
64
202
119
96
52
23
88
72
68
119
158
159
38
168
50
256
19
26
45
56
24
82
41
93
69
131
25
39
77
82
11
50
56
182
199
74
99
48
166
217
172
32
107
146
206
72
64
128
76
56
132
155
68
128
78
83
227
77
83
160
91
50
31
85
67
109
153
119
67
128
92
160
34
113
133
166
70
81
66
149
90
74
198
72
107
148
159
116
39
110
50
156
61
123
131
118
111
54
85
116
80
45
95
131
205
38
207
194
90
39
113
68
157
73
136
29
128
97
75
78
173
95
81
36
130
202
17
178
30
154
142
46
124
206
90
133
52
68
89
142
232
138
36
57
81
64
143
113
54
88
124
154
102
63
109
106
36
172
145
172
139
114
172
85
75
94
116
191
49
159
103
84
218
68
15
180
42
65
140
84
126
69
13
67
46
20
118
40
168
118
163
36
127
142
52
153
158
127
113
61
65
45
103
100
133
76
104
85
92
201
65
73
123
120
83
87
58
148
80
178
108
143
161
214
78
113
107
70
134
118
59
163
129
130
147
68
98
123
105
70
179
187
164
149
86
151
127
170
68
39
88
74
193
64
133
152
155
52
93
58
57
63
101
150
92
117
