219 249
510 471
217 196
671 113
784 720
349 295
732 29
114 1
663 401
266 455
710 693
311 344
516 98
429 49
723 600
280 129
52 698
514 597
543 244
598 207
355 570
683 677
314 289
628 164
370 83
479 180
794 752
36 643
615 65
560 799
622 168
600 462
404 636
410 617
349 603
430 758
777 461
269 647
598 184
60 32
132 552
386 551
147 63
505 361
642 244
335 199
709 640
788 307
141 397
448 514
789 512
243 262
603 686
75 255
210 145
329 385
220 631
728 14
2 695
665 298
157 519
84 52
743 745
571 533
765 373
239 368
689 449
92 350
267 714
476 653
684 208
30 142
575 286
711 357
290 14
657 662
74 211
486 535
149 110
642 317
13 405
435 19
559 475
365 420
693 1
469 709
780 226
160 602
201 643
687 397
727 696
794 385
753 716
612 369
19 411
465 568
561 282
85 480
267 175
449 84
653 315
658 494
714 5
648 534
700 314
140 301
3 147
371 532
86 727
795 766
485 153
744 777
609 670
379 794
96 131
423 282
598 562
398 678
4 504
599 410
382 672
365 673
177 101
221 230
250 231
321 788
779 362
793 705
308 770
400 340
187 50
790 426
109 493
549 616
169 243
105 417
97 772
523 679
323 612
646 34
466 632
111 180
631 80
558 776
625 350
720 365
790 211
140 630
353 265
563 353
655 721
431 716
324 557
459 498
249 670
589 496
452 392
283 575
457 626
287 475
663 251
343 442
734 328
326 603
687 644
45 20
755 30
315 732
273 794
518 764
770 379
661 109
685 618
201 502
794 359
104 155
168 645
315 509
99 489
50 602
569 613
86 139
159 220
522 611
676 273
761 342
194 373
240 151
474 6
128 230
518 548
377 372
452 342
404 356
87 621
785 567
160 627
38 733
276 325
77 534
534 709
799 668
270 326
597 128
661 154
127 782
4 80
36 438
332 588
469 506
676 732
170 41
585 780
338 460
221 202
471 398
117 234
269 207
681 154
488 46
21 675
800 345
278 702
478 41
204 767
2 322
417 140
605 131
55 723
252 5
671 500
405 66
481 420
399 734
619 420
582 680
792 334
555 161
714 708
784 100
328 49
431 438
390 113
591 675
266 508
218 554
595 433
315 744
23 425
657 245
498 214
396 41
702 643
401 618
449 219
764 722
614 598
48 324
683 86
474 509
548 280
739 61
238 305
232 164
149 312
377 341
1 275
421 774
329 82
298 173
41 54
380 483
499 438
576 25
631 522
663 640
235 202
37 320
12 778
733 559
195 330
91 305
451 709
240 626
620 212
351 769
433 472
35 93
302 565
134 369
464 618
340 744
338 77
484 530
641 119
623 178
327 241
401 121
476 560
726 259
579 138
505 70
3 649
172 89
414 647
793 112
472 552
662 29
238 280
93 201
698 660
577 370
54 385
333 505
432 702
553 333
424 515
465 233
474 203
188 491
209 618
295 214
662 341
754 274
701 549
756 103
239 99
707 31
631 709
156 314
325 706
626 152
426 345
759 541
279 23
266 786
230 428
76 618
346 693
206 37
405 407
429 319
520 435
682 696
711 661
413 633
661 616
37 615
420 249
623 721
740 302
540 588
315 241
445 260
506 236
709 774
15 176
798 263
444 112
463 465
478 98
754 96
333 690
107 4
600 455
35 240
232 292
341 702
146 430
209 721
308 541
208 259
521 16
688 570
781 202
66 510
266 542
235 548
188 109
493 486
522 55
24 406
336 214
476 786
307 749
383 649
283 713
118 412
235 122
212 139
519 692
746 137
406 439
618 121
387 475
407 457
533 265
283 335
222 414
522 129
155 274
222 369
267 282
121 367
20 152
80 207
63 190
81 99
51 202
237 300
60 178
31 119
70 204
156 192
30 294
93 234
36 170
39 42
125 335
293 316
145 170
47 236
206 356
270 287
105 280
52 275
53 257
44 100
37 138
195 333
48 387
4 238
258 294
6 307
162 236
245 376
13 223
161 394
209 379
22 352
38 331
89 93
58 347
51 308
44 184
42 61
209 293
99 226
163 288
238 355
15 269
321 352
310 343
110 358
177 370
238 344
191 193
238 255
227 331
73 322
67 257
14 252
206 287
42 114
33 34
17 133
31 230
114 309
2 187
109 127
211 363
330 338
57 102
159 336
61 287
258 261
104 350
354 396
356 365
90 343
3 258
15 326
10 21
259 298
25 226
26 201
187 326
330 367
13 242
259 286
123 371
180 235
33 120
73 185
340 395
247 367
171 258
80 225
55 265
53 277
46 373
53 309
304 345
319 368
304 314
68 222
83 392
86 350
141 189
141 182
132 387
291 330
207 375
128 384
58 278
231 297
277 281
125 384
87 245
177 376
241 394
227 300
127 255
71 309
224 369
94 312
121 345
87 147
29 212
258 325
45 352
85 151
6 84
23 300
49 316
252 344
282 314
191 341
235 328
57 327
172 279
233 267
48 398
28 393
192 341
59 184
190 293
42 130
39 206
370 377
93 100
107 152
34 385
280 329
80 312
68 386
128 330
77 306
76 309
304 385
4 92
117 282
63 116
205 224
75 112
23 284
296 382
38 284
159 244
256 275
133 183
230 279
13 231
197 302
16 108
196 337
0 262
197 205
105 281
151 383
192 193
36 50
46 252
145 185
72 396
6 239
15 187
77 316
271 286
117 304
193 340
173 377
42 211
65 336
246 342
13 360
20 208
85 169
21 252
40 60
27 347
31 155
30 38
289 368
64 185
247 338
194 337
130 211
37 68
13 251
238 310
5 348
156 232
128 335
191 332
40 87
157 377
42 78
94 381
148 296
105 189
82 272
245 319
136 278
25 250
192 215
62 238
178 207
43 192
108 228
139 258
197 228
258 361
108 205
265 341
81 251
204 295
96 149
186 329
44 79
4 90
123 366
150 238
40 194
97 178
12 237
128 291
47 350
131 170
12 358
369 386
250 254
58 108
128 285
7 61
115 317
273 372
186 289
124 352
38 203
46 310
112 180
11 265
3 142
366 371
292 334
59 144
21 90
103 155
294 393
159 213
297 358
106 181
40 147
57 166
37 154
217 269
121 304
104 184
126 185
289 312
210 355
109 111
65 198
181 287
2 124
33 253
274 324
98 124
27 194
152 288
168 335
178 199
65 202
62 127
69 304
244 313
317 396
151 233
179 347
37 320
357 374
233 285
219 301
79 104
31 234
1 82
88 283
17 180
305 325
214 217
220 302
269 382
1 153
136 224
262 371
282 383
132 199
316 395
46 344
361 391
384 386
186 368
101 155
12 110
25 354
31 101
101 230
9 177
4 127
20 163
272 379
234 246
75 343
62 355
325 361
333 373
130 339
6 102
69 290
284 295
107 394
82 234
275 310
366 397
7 363
113 291
168 247
293 379
182 371
146 357
23 203
123 124
73 104
156 193
77 298
95 158
223 358
45 148
132 375
177 213
104 323
10 210
258 327
187 214
84 102
169 390
116 180
162 174
114 181
329 371
113 285
184 249
110 318
263 389
93 246
78 175
102 327
39 363
250 318
104 162
69 158
37 222
248 312
133 137
108 278
92 344
54 214
252 275
340 392
66 230
87 196
67 105
69 282
236 350
122 378
175 181
143 383
64 91
167 335
86 323
104 299
115 341
190 306
49 77
276 321
16 302
245 320
51 124
229 334
251 268
41 316
93 119
239 261
264 280
219 358
220 347
104 185
296 321
10 238
9 173
97 207
78 303
217 276
7 211
44 59
115 265
88 176
135 178
99 251
164 252
85 282
156 215
13 358
337 347
226 358
187 269
50 333
19 23
156 332
105 329
71 181
334 339
97 135
338 385
22 51
121 385
26 92
164 343
40 178
14 46
112 328
10 255
94 135
244 376
194 228
93 144
56 87
15 388
151 282
88 147
221 236
33 304
2 371
183 351
161 313
60 319
286 359
96 315
242 358
184 299
319 398
103 274
132 319
154 320
53 216
250 317
67 312
49 95
47 323
285 291
3 171
217 321
257 281
89 145
55 83
172 275
173 336
123 182
193 332
162 185
57 139
194 347
212 349
120 338
41 152
219 360
217 263
123 217
19 237
230 274
71 206
239 391
3 393
43 156
33 290
19 30
111 355
257 266
103 230
226 242
1 342
235 243
114 287
154 283
168 224
125 128
16 194
49 359
202 308
189 309
309 356
53 76
38 237
26 111
130 229
126 221
240 292
10 92
43 232
105 371
250 354
143 169
308 366
101 274
275 346
122 211
209 298
204 393
187 217
42 339
68 330
78 378
203 227
98 388
265 332
359 395
134 141
82 379
253 385
11 202
69 345
185 350
152 376
21 46
142 203
199 337
22 198
4 109
31 364
143 349
18 260
165 270
179 199
40 196
44 160
8 144
324 333
143 200
352 382
6 166
49 306
45 269
140 304
107 370
203 300
209 359
104 322
5 115
116 351
153 209
141 181
162 350
41 208
93 311
153 379
227 393
24 297
95 190
35 282
108 220
107 313
135 312
288 313
290 345
173 319
9 161
97 199
0 371
47 357
319 377
343 344
52 235
128 168
21 75
187 389
23 295
146 299
167 386
125 285
216 281
17 183
277 381
210 343
126 174
39 287
259 359
84 261
298 306
215 241
56 88
107 177
106 114
246 311
63 155
118 248
60 245
78 181
259 293
242 268
85 233
176 320
3 294
68 167
12 301
33 140
105 289
236 357
20 288
77 209
135 387
110 237
147 320
245 283
52 349
86 299
244 245
9 336
61 363
71 106
76 356
154 330
213 271
222 247
123 308
298 351
90 238
197 220
63 256
75 310
147 196
156 359
142 294
140 183
123 276
97 132
142 307
213 392
342 359
203 295
204 294
262 366
101 373
291 384
182 216
25 399
7 165
22 148
266 277
6 258
188 380
134 189
332 340
51 366
134 371
78 141
261 391
138 152
107 271
94 225
160 249
90 92
374 391
18 354
79 160
231 251
202 397
30 295
4 111
388 389
105 264
240 268
18 19
70 160
116 155
222 384
225 266
92 255
231 292
188 301
67 329
21 344
301 360
144 311
12 219
103 373
91 126
87 88
192 332
61 78
200 212
231 358
152 370
124 214
113 267
76 141
53 365
19 331
24 231
137 183
305 361
228 302
117 233
58 228
81 372
83 395
188 372
16 228
43 342
7 270
20 370
84 166
316 359
264 289
157 163
187 263
87 176
30 204
125 330
342 364
12 223
17 298
67 264
185 236
264 329
279 373
97 387
293 298
53 281
170 221
15 389
133 235
23 204
367 384
277 312
7 130
161 392
125 167
2 123
181 309
167 338
55 213
149 311
49 379
131 174
144 234
61 206
194 196
85 390
83 213
165 287
156 340
123 134
186 280
202 366
119 246
77 259
107 316
43 215
174 185
232 272
343 349
244 288
157 288
16 337
271 395
134 264
38 300
189 281
260 315
179 302
126 162
81 219
4 255
76 175
59 249
372 380
27 220
27 302
247 285
268 334
90 310
345 385
189 216
257 381
36 91
155 364
156 341
158 290
35 314
167 330
146 374
223 372
215 340
49 286
241 272
48 368
160 184
178 368
65 397
88 196
129 332
241 286
80 94
77 95
257 365
237 250
137 243
8 73
54 326
166 305
51 262
290 298
214 263
119 234
164 346
312 381
110 250
358 360
42 303
167 291
254 353
59 299
42 378
40 375
301 372
188 223
32 120
63 103
194 302
232 241
153 359
279 333
286 394
263 269
141 216
70 284
179 220
120 121
50 324
195 279
38 227
296 352
210 238
167 384
49 153
326 339
144 315
291 338
292 297
30 393
37 88
47 221
12 360
186 336
27 197
261 325
254 317
74 229
20 41
179 375
138 163
323 357
126 145
242 297
289 329
235 390
99 242
166 258
79 144
163 370
74 268
132 368
99 231
203 294
183 290
257 312
16 278
204 218
41 271
0 276
64 73
226 360
118 375
28 203
112 150
181 356
207 312
50 195
309 365
280 366
154 386
10 164
0 134
120 367
9 159
75 172
24 251
0 2
318 354
205 228
60 199
359 379
151 267
28 139
196 320
199 375
79 184
74 334
101 103
362 367
156 241
223 301
121 362
109 255
83 193
84 307
225 277
120 151
39 165
75 275
176 196
190 298
20 34
54 276
103 324
300 393
2 182
160 284
270 363
11 397
96 354
35 85
48 135
125 168
33 345
247 386
106 356
144 149
103 256
87 337
164 172
215 232
148 352
295 393
137 140
224 335
76 181
171 218
249 284
113 125
20 253
51 123
67 277
99 301
198 308
148 348
213 394
74 292
142 258
54 263
99 358
173 244
49 259
184 322
149 246
73 145
30 203
180 256
175 216
293 306
32 117
16 58
71 356
20 107
24 268
203 237
209 259
240 334
146 323
231 240
57 261
52 150
328 349
86 146
253 304
392 395
76 189
62 109
134 216
83 191
110 254
231 242
5 265
73 350
34 253
171 227
199 347
5 397
35 267
318 353
323 374
192 353
77 190
19 295
24 242
331 393
25 317
95 306
281 289
275 344
300 399
218 258
216 264
326 378
166 325
139 327
75 150
178 375
54 187
36 333
11 22
120 385
79 100
313 370
203 399
47 185
68 384
301 358
10 344
115 192
82 342
227 237
280 289
166 361
288 377
39 61
200 235
217 296
2 98
215 332
5 148
66 101
168 384
132 135
16 197
44 295
142 227
91 221
54 98
33 117
153 241
43 149
222 362
5 129
2 134
140 290
31 82
126 236
209 286
95 290
59 160
11 65
326 388
13 24
14 333
193 341
86 357
24 226
17 290
129 156
185 323
368 398
55 191
95 293
129 192
338 367
260 354
70 299
60 375
116 256
247 384
135 289
162 170
128 386
150 343
75 252
327 361
330 362
186 398
72 315
164 310
137 390
353 354
157 245
30 218
156 272
232 342
51 198
335 384
51 276
117 151
26 127
51 217
338 362
76 114
70 218
96 260
120 253
34 138
321 382
26 109
147 176
47 126
129 340
380 399
112 275
132 178
21 172
317 354
110 226
174 221
243 390
12 99
64 236
68 224
71 114
378 389
214 276
103 116
147 337
299 323
3 391
87 194
121 330
127 201
362 386
209 316
254 318
90 201
27 228
2 276
13 81
29 143
167 222
82 364
64 162
73 162
57 84
152 163
187 378
120 304
102 166
346 373
35 285
5 11
220 228
213 395
348 353
17 190
315 396
152 208
5 22
56 283
254 348
303 339
312 387
45 382
141 309
225 257
119 144
86 374
120 362
263 326
23 331
99 219
133 180
176 194
295 331
16 136
18 250
23 218
259 379
89 144
80 381
17 351
17 140
98 269
43 315
110 399
151 314
78 211
171 294
222 330
122 326
156 392
161 213
190 351
182 189
392 394
54 78
78 130
148 382
179 194
88 154
128 167
272 359
261 327
90 210
27 179
288 376
72 79
50 279
14 164
250 396
28 171
266 281
308 371
154 222
63 351
36 64
20 138
175 189
136 205
320 377
25 254
282 390
21 310
157 208
70 184
342 379
85 314
219 372
26 62
376 377
230 324
142 273
313 394
232 359
236 323
59 79
158 253
229 339
18 96
135 207
203 331
108 136
155 234
9 244
88 369
299 357
197 278
263 276
178 387
200 243
126 170
129 265
185 221
279 324
228 278
98 214
145 162
68 369
52 75
64 131
6 261
17 95
92 201
10 62
169 200
4 26
324 373
330 386
100 249
35 383
157 370
251 292
105 134
167 285
49 298
224 386
59 104
198 202
60 97
82 155
162 323
40 132
57 307
11 198
46 346
125 247
95 209
163 208
72 96
69 151
180 243
60 132
112 256
219 380
135 248
217 382
74 339
16 347
30 331
225 365
302 337
35 113
214 371
116 274
92 111
72 149
134 182
32 253
261 361
24 292
106 206
82 119
286 316
0 366
170 236
102 139
61 165
184 350
285 330
152 313
7 39
176 369
7 42
234 311
41 107
152 177
94 207
114 141
72 260
207 248
28 307
188 219
64 174
28 294
274 364
98 321
71 175
150 349
0 123
207 381
111 255
153 259
158 304
49 293
210 349
15 98
115 332
139 142
75 164
167 168
323 350
245 377
115 148
145 322
76 365
139 307
78 389
144 322
38 295
137 235
67 289
90 344
222 386
301 380
0 308
21 275
85 137
260 396
359 392
73 89
173 245
193 265
198 366
62 111
161 271
130 303
25 110
194 220
202 262
129 193
9 213
310 346
10 252
317 353
8 89
48 67
271 392
92 127
82 246
58 220
13 99
242 251
101 364
145 350
305 391
69 137
2 217
93 149
34 208
35 233
22 202
54 389
5 296
108 197
34 288
286 395
367 386
14 373
216 365
239 305
75 243
98 276
257 277
67 387
6 327
311 315
75 346
24 240
317 348
54 303
129 341
53 105
223 231
61 270
241 340
27 337
235 349
154 369
241 395
259 316
172 252
113 233
301 399
2 389
122 339
1 359
233 291
22 382
30 284
9 398
52 200
18 38
140 345
234 364
247 330
180 351
80 257
164 275
227 294
88 320
122 388
69 85
125 291
10 343
303 388
47 162
61 114
218 391
102 307
2 54
98 187
332 341
1 272
130 363
133 256
76 182
242 292
142 171
56 154
326 389
12 399
263 388
99 360
28 142
92 109
261 305
16 220
96 396
21 210
48 289
34 152
191 392
271 313
43 311
201 255
0 217
84 139
71 270
174 236
128 247
176 283
267 383
116 133
75 328
110 360
23 38
124 217
93 322
66 234
217 352
45 296
119 311
129 191
34 41
105 216
112 349
65 186
47 86
256 351
117 367
244 377
22 397
264 371
64 126
306 316
8 234
140 158
299 350
56 196
170 174
155 246
98 217
285 384
177 244
56 320
25 318
147 194
85 200
287 356
120 345
213 313
83 161
100 144
124 321
87 320
8 246
218 331
135 381
3 204
66 89
171 393
254 354
100 184
81 301
262 308
172 373
36 131
167 367
240 251
316 394
360 399
211 303
81 231
190 259
211 229
328 343
157 244
90 255
115 348
218 294
162 221
191 340
171 331
136 197
5 352
226 231
23 294
267 285
14 324
46 279
60 87
93 315
10 90
138 385
158 345
71 76
172 324
52 328
6 361
77 293
65 398
1 379
238 343
204 331
24 99
341 353
17 158
64 145
290 304
6 325
117 345
58 302
215 272
142 393
187 388
36 66
32 140
139 171
48 186
179 337
106 287
141 175
0 51
118 199
99 223
122 130
71 287
223 380
52 243
37 283
31 246
32 385
248 381
18 317
10 46
336 398
23 30
219 223
45 217
233 314
253 345
123 214
12 380
252 346
262 280
17 306
8 66
325 391
84 258
115 129
14 172
32 345
198 397
252 310
265 340
211 339
117 385
182 309
99 297
258 307
115 254
350 357
216 309
239 325
246 364
112 243
117 253
271 394
59 100
136 228
117 314
378 388
172 344
98 263
22 296
122 389
30 300
226 297
273 380
11 191
47 174
211 378
42 122
63 274
92 355
48 329
52 112
117 121
317 318
143 212
33 158
16 27
153 316
164 344
243 349
2 263
286 392
170 185
214 389
1 209
161 395
208 288
368 387
241 359
13 188
153 306
281 329
121 338
44 70
186 264
225 312
244 370
95 298
117 120
126 131
149 315
80 277
8 119
68 154
45 321
91 236
237 399
173 376
28 273
6 57
55 397
138 157
210 328
101 324
107 208
172 346
62 92
100 104
67 281
130 378
269 321
83 394
97 375
122 303
0 214
69 183
77 153
283 320
134 214
91 185
100 322
187 276
294 331
83 271
262 397
23 393
289 387
169 383
302 347
175 309
27 58
104 145
191 265
157 376
29 349
150 328
120 314
85 383
277 365
56 245
229 240
31 274
166 239
55 161
29 200
243 328
225 381
250 260
29 169
133 351
13 219
51 371
247 291
1 259
341 348
64 221
166 261
177 313
100 160
18 72
114 175
19 96
14 344
4 201
159 161
227 295
102 261
159 177
209 306
23 227
288 370
203 393
21 343
155 230
65 262
65 280
152 157
53 266
46 172
300 331
153 293
159 313
171 204
271 316
269 296
153 286
250 353
45 98
18 396
77 379
146 391
230 373
247 335
35 151
83 340
60 173
3 218
78 114
19 38
14 195
291 362
4 62
91 170
89 234
200 390
8 93
310 344
80 248
233 282
63 82
124 371
54 122
19 249
99 110
69 314
124 308
360 380
46 164
58 197
31 63
165 363
12 372
46 275
61 181
167 247
115 353
319 336
69 390
223 360
19 44
119 364
1 232
256 346
180 183
13 297
3 331
239 361
68 247
50 131
370 376
318 348
0 124
94 248
280 308
208 370
330 384
307 327
268 292
76 216
91 131
8 322
97 368
215 342
64 170
81 188
56 176
81 223
272 342
21 150
112 235
204 227
15 268
79 322
160 299
25 358
19 284
195 324
69 140
143 390
259 306
92 238
74 240
44 284
137 200
15 263
67 135
134 329
44 249
212 328
32 158
54 378
32 33
172 310
94 257
159 376
18 318
21 164
79 93
39 270
166 327
135 368
198 262
40 199
32 121
53 189
53 141
10 310
138 288
73 170
97 118
34 163
32 304
118 207
151 304
62 255
215 359
264 281
56 147
21 238
78 122
169 212
157 283
59 322
195 373
167 362
91 174
231 268
30 227
162 299
49 209
303 378
177 288
165 206
26 255
241 392
139 273
29 383
124 276
14 279
43 272
62 90
33 385
27 108
220 337
394 395
252 343
2 214
149 260
249 299
291 367
70 249
266 365
117 338
84 327
37 56
303 389
89 322
138 208
119 149
11 55
47 64
150 210
206 270
42 363
54 388
71
126
93
51
40
110
112
175
78
67
191
96
173
109
76
104
236
260
91
77
117
47
241
98
64
113
87
88
139
65
37
113
105
183
136
79
129
149
52
91
124
227
224
40
133
141
29
97
50
87
50
94
64
131
88
48
66
74
59
99
116
94
46
146
89
68
138
209
146
159
104
53
18
101
184
152
94
100
102
54
74
131
44
123
136
207
64
28
178
98
39
73
147
136
98
72
78
232
140
202
155
162
29
127
135
35
116
184
100
157
188
109
125
37
104
158
83
76
197
158
93
66
58
245
82
87
147
48
48
196
106
71
59
72
69
40
59
111
153
38
111
119
200
168
35
43
67
95
152
79
137
108
91
95
65
26
115
59
57
75
37
144
103
92
79
75
70
38
51
70
52
213
36
123
120
245
82
153
128
199
127
121
11
97
141
263
108
101
103
81
130
129
44
86
95
108
53
88
117
106
60
56
61
129
87
60
33
51
68
88
104
166
94
103
152
113
106
82
20
85
143
123
110
118
94
107
87
167
109
92
156
38
154
203
82
82
133
205
90
105
185
155
108
168
49
180
64
126
107
172
216
84
110
70
79
69
107
113
129
58
59
93
111
151
60
106
164
67
84
42
94
66
161
96
73
74
85
134
127
33
212
78
70
60
78
86
23
134
83
139
39
31
127
76
141
119
98
131
101
51
131
108
63
75
154
66
69
117
122
86
109
67
62
150
198
137
147
52
155
30
47
106
111
124
143
146
145
25
171
25
99
84
76
56
89
19
119
68
33
55
86
147
193
98
99
23
138
67
51
127
120
95
59
51
130
81
134
234
101
124
131
70
132
136
66
55
82
150
179
19
203
50
80
117
47
143
171
63
78
51
48
86
57
134
74
222
99
102
79
83
70
33
169
90
175
31
28
141
79
126
126
114
102
53
129
175
178
191
64
91
167
128
86
82
51
203
97
83
43
20
125
160
71
88
186
105
111
77
213
88
25
39
45
113
73
48
168
91
121
88
60
152
167
90
85
138
34
164
75
98
97
128
123
231
50
317
53
178
77
38
96
38
57
68
32
188
109
81
87
159
152
84
52
233
158
48
51
117
59
50
34
15
73
61
63
125
69
199
137
56
40
188
148
206
121
181
77
144
62
165
137
94
60
88
129
87
85
103
177
95
82
51
24
202
46
117
23
121
133
144
91
207
83
147
56
152
57
60
113
111
238
58
68
28
40
40
169
68
120
63
161
142
88
13
149
81
79
235
126
47
59
71
100
149
52
139
241
77
109
21
87
90
41
161
85
44
96
119
181
35
44
108
117
63
139
29
65
141
86
106
18
117
45
145
90
54
18
55
57
130
90
88
140
177
93
26
223
74
37
109
75
71
26
47
38
76
44
181
78
38
139
41
166
105
44
115
48
196
10
67
27
92
158
98
90
237
189
78
35
118
99
120
84
67
84
148
190
147
96
56
36
100
182
174
100
93
188
119
152
66
151
240
65
59
54
201
26
82
183
86
41
167
119
127
47
39
112
101
82
136
63
39
134
63
49
74
179
56
159
78
111
73
78
78
84
186
146
99
75
189
10
76
106
70
86
28
40
30
131
55
22
62
126
142
135
101
112
36
191
193
127
38
93
62
157
78
66
80
57
238
121
109
44
101
82
75
43
97
115
180
70
270
63
122
238
109
54
59
213
243
75
81
84
72
105
20
115
74
137
188
93
142
172
36
12
53
139
65
76
72
154
149
92
95
100
194
88
156
84
79
80
205
34
76
75
96
197
92
121
103
170
132
88
93
56
69
55
82
137
101
61
73
163
63
176
41
108
62
190
143
113
138
156
58
149
108
54
64
49
57
110
53
73
26
102
216
55
166
27
154
79
29
101
184
80
177
40
70
156
72
96
61
71
19
82
87
79
84
98
57
238
122
96
45
27
73
51
158
80
105
75
67
151
174
125
74
92
49
140
182
156
97
73
112
81
138
115
100
26
101
74
118
23
134
50
26
177
180
131
210
82
159
64
41
77
113
123
53
78
92
153
17
110
144
16
114
186
177
96
38
100
92
77
120
109
107
132
136
28
101
130
97
177
66
112
93
223
77
156
196
138
66
125
87
58
55
87
71
141
91
192
202
92
152
84
51
73
67
29
77
28
129
89
66
80
155
55
58
104
48
55
44
75
77
93
155
96
79
93
202
35
164
150
112
72
18
67
81
77
138
101
27
54
123
96
87
111
88
138
123
78
147
102
94
172
85
131
138
222
108
33
57
168
75
205
245
35
83
136
193
50
108
57
49
120
47
130
15
161
133
139
129
154
19
24
64
28
71
164
81
100
146
49
142
102
151
116
230
130
38
172
171
200
67
90
94
71
75
26
224
101
87
157
112
74
131
152
83
76
37
240
98
32
25
61
96
96
116
125
39
139
153
62
204
99
198
69
107
120
87
146
39
150
99
113
105
178
109
58
131
179
159
112
155
188
126
25
87
69
99
60
133
174
63
196
153
60
72
199
113
97
113
167
87
125
88
29
133
116
252
69
15
103
183
157
59
121
161
48
136
114
42
25
90
180
136
167
108
207
107
182
73
77
145
37
176
138
31
139
70
65
31
35
114
181
215
170
16
129
54
91
30
157
120
112
206
190
45
36
120
144
76
223
202
63
74
159
129
76
208
168
51
47
41
78
55
57
77
100
110
100
108
123
127
185
140
118
169
39
99
81
73
79
52
42
99
201
33
35
125
79
52
120
80
24
150
39
214
75
118
58
114
71
169
19
68
107
43
68
132
14
74
25
83
158
176
52
69
90
104
130
206
143
100
143
45
99
55
66
98
107
219
86
120
102
68
230
85
124
79
193
81
237
79
179
103
138
48
79
132
68
89
125
58
59
133
95
113
126
94
45
91
163
67
198
65
73
174
67
79
169
85
59
97
177
20
25
45
74
89
126
49
174
94
158
93
129
133
123
147
75
59
124
174
137
118
84
168
156
144
265
97
13
178
49
137
159
100
95
154
114
128
24
37
219
167
99
155
58
86
87
201
186
31
93
184
105
77
152
121
195
35
42
54
92
109
135
124
61
67
127
148
124
110
122
159
135
156
67
64
142
92
99
72
53
150
51
68
150
215
122
131
95
21
57
78
56
55
93
65
127
106
130
86
144
49
20
113
151
141
27
164
77
49
134
89
83
28
23
41
52
150
52
134
80
125
51
125
79
158
59
58
171
103
19
194
145
76
83
37
108
123
117
98
40
80
159
106
164
155
60
155
149
36
41
116
11
156
106
178
61
133
110
179
28
171
109
32
124
65
123
66
109
55
92
59
197
84
65
64
84
164
114
87
146
55
169
140
112
152
107
68
142
48
177
85
179
88
52
59
53
172
41
52
36
165
57
140
58
162
116
117
164
63
129
51
59
86
222
126
96
78
78
90
90
73
119
88
64
89
90
49
99
139
57
126
88
133
115
128
66
125
200
62
79
135
113
192
138
68
76
34
130
121
105
59
83
63
75
203
123
82
228
115
136
59
113
135
39
61
84
29
55
136
51
96
83
101
65
18
60
115
162
121
87
110
43
79
135
69
122
156
82
115
101
88
136
91
164
66
59
51
42
70
71
54
125
124
159
204
71
138
107
59
100
136
82
103
93
114
215
97
164
115
167
143
181
27
113
121
150
100
40
209
6
63
52
70
78
133
163
91
85
102
177
101
83
127
86
55
162
135
150
73
68
125
48
76
213
56
82
133
48
46
62
64
48
52
126
137
16
16
24
141
62
31
39
87
113
106
168
119
39
226
110
83
12
32
33
184
105
46
199
115
62
128
172
81
46
36
46
108
32
59
104
84
83
98
96
70
79
57
60
184
131
88
129
65
166
185
147
27
40
31
50
107
75
72
70
59
49
129
87
172
86
191
93
77
46
175
122
197
35
150
95
222
144
38
29
143
37
163
160
137
117
112
77
189
61
31
203
156
106
79
85
61
47
72
133
127
117
147
88
21
108
154
79
60
119
155
76
54
50
142
153
79
122
104
111
96
175
80
60
45
296
48
100
212
224
90
102
75
214
121
187
137
214
205
128
46
73
83
56
66
169
105
67
29
179
104
46
110
174
112
106
101
155
111
54
94
64
30
56
218
65
153
62
199
65
144
44
76
107
116
144
102
83
93
59
60
183
102
152
65
94
127
110
121
60
158
142
89
61
194
59
80
23
33
60
112
141
68
141
233
141
81
74
42
89
108
138
87
97
91
32
54
130
157
136
78
103
163
144
138
180
104
77
151
197
77
167
58
29
155
57
59
69
24
71
82
78
115
147
19
62
108
116
44
54
82
102
181
83
118
121
36
176
69
160
103
73
85
103
89
168
137
203
35
103
96
114
33
126
149
164
195
89
73
32
140
57
60
67
93
75
100
75
135
92
245
51
44
178
112
68
131
97
203
66
80
190
196
73
273
73
36
150
45
178
45
53
163
122
101
25
192
184
62
120
142
156
70
272
123
79
168
9
138
137
112
73
88
55
87
57
154
64
35
179
109
141
64
133
181
85
