355 316
609 353
110 695
434 291
501 671
40 560
357 446
63 465
484 143
289 71
390 434
636 327
700 456
198 171
401 235
144 377
178 4
258 236
89 793
630 650
650 617
353 575
496 220
368 496
179 406
549 83
331 533
242 725
378 141
18 64
10 665
334 370
81 69
255 92
289 490
557 538
254 713
98 35
276 339
141 455
311 376
4 451
387 417
433 198
98 564
531 796
240 402
140 96
140 135
573 326
724 314
25 514
687 600
442 719
106 259
404 380
286 166
556 265
42 521
794 480
228 233
511 191
676 615
232 397
730 703
743 40
749 478
475 191
449 522
109 446
336 602
405 723
547 358
756 26
786 538
361 213
261 365
45 480
778 405
46 370
673 159
709 154
531 89
589 572
662 273
743 347
568 548
49 562
103 717
616 293
115 366
770 204
163 492
528 151
312 410
73 799
514 709
47 496
222 132
793 130
243 449
42 355
776 508
85 490
135 291
254 655
378 324
227 761
1 604
499 621
558 319
287 139
642 28
44 546
66 215
631 667
131 642
699 328
239 486
349 368
18 129
256 382
100 69
745 45
766 255
506 366
250 239
274 649
743 444
164 572
167 12
85 449
385 293
215 290
37 206
60 215
356 477
376 665
157 405
536 251
20 547
538 68
176 558
457 478
779 591
202 386
687 581
329 485
510 209
349 344
140 401
110 62
56 524
685 747
265 89
432 600
216 580
611 475
339 445
572 366
579 733
685 486
699 605
78 384
621 225
287 92
290 353
444 464
380 336
462 18
402 556
477 340
189 746
234 309
430 697
413 527
606 398
140 718
508 514
167 777
402 167
327 323
97 306
430 435
725 33
618 784
736 362
492 36
511 759
775 538
532 238
542 63
405 661
736 289
685 32
608 766
14 719
45 328
30 709
685 429
734 596
71 303
794 626
199 489
786 311
548 625
84 501
734 102
251 180
610 793
446 483
655 478
431 692
772 492
301 505
341 665
629 507
49 60
375 509
219 513
61 43
346 672
473 274
50 756
668 687
149 132
585 498
757 126
328 27
272 574
287 399
222 347
612 271
493 534
796 231
564 477
159 89
307 78
18 257
397 624
354 81
385 794
633 101
781 704
745 315
457 328
286 615
654 361
672 756
195 192
589 143
304 186
403 465
301 36
494 209
655 65
565 675
766 748
259 277
119 93
467 736
561 260
596 293
29 555
103 32
171 297
775 453
197 200
607 320
183 478
122 38
593 373
444 644
19 739
501 208
780 279
252 703
668 140
277 281
85 153
534 618
557 168
704 29
444 668
3 376
491 68
497 766
493 584
333 86
522 543
47 384
108 172
492 122
196 325
671 465
729 565
778 713
718 393
524 229
618 518
203 416
417 178
536 765
703 381
58 268
24 551
318 755
571 553
152 330
81 343
209 499
125 229
672 41
106 407
251 360
575 125
319 240
2 304
706 610
312 602
554 295
527 180
657 166
23 625
160 81
543 266
761 573
340 538
528 488
745 360
542 783
485 397
203 243
275 97
58 561
748 324
624 767
126 779
68 285
780 225
181 550
548 258
80 98
188 386
674 729
517 126
715 341
178 499
23 731
560 782
396 506
517 746
567 12
737 250
25 294
762 619
414 91
652 325
777 116
477 403
133 123
221 317
585 733
571 774
215 751
674 788
119 627
679 372
509 639
795 309
492 73
794 215
76 642
91 654
181 418
73 631
460 607
654 605
23 765
741 232
363 777
163 541
180 172
187 63
556 346
770 758
203 582
468 623
490 705
525 499
262 294
775 566
139 25
494 358
671 50
140 343
321 775
172 253
773 379
108 483
237 333
211 235
60 208
50 186
261 325
101 290
36 276
244 369
15 308
25 315
110 393
124 353
30 273
65 227
159 320
117 335
79 90
33 333
225 236
25 285
8 180
39 313
165 288
28 356
126 251
87 152
23 218
17 56
22 321
77 113
63 230
154 237
6 350
58 140
13 249
195 336
34 327
75 180
317 354
279 342
201 317
92 269
160 362
40 181
183 331
60 267
179 337
205 287
88 366
85 117
56 333
12 297
65 194
234 371
103 206
319 327
107 364
39 374
43 254
6 183
215 319
50 193
55 119
124 371
156 381
219 310
88 373
165 228
160 195
309 338
24 343
97 152
35 226
80 164
71 192
20 62
172 364
48 382
96 256
95 223
11 367
134 135
66 102
209 365
0 168
53 380
91 227
285 292
336 365
22 43
81 99
55 359
177 366
63 145
90 138
195 349
74 102
3 168
248 344
180 356
219 381
226 389
302 363
107 179
191 370
129 366
35 216
39 103
351 363
33 111
23 327
249 267
138 374
192 283
346 367
106 168
113 140
110 325
78 398
86 299
148 254
173 314
282 312
97 399
202 355
51 140
91 275
63 76
91 358
172 276
21 319
31 230
199 367
81 277
162 295
125 359
77 399
49 268
376 387
233 389
286 302
130 270
118 219
70 327
23 147
55 245
142 386
83 377
64 296
25 370
225 324
63 374
191 315
97 206
7 206
105 319
14 43
27 107
63 314
47 236
32 264
242 322
164 322
60 133
59 266
190 321
186 329
151 217
111 154
196 198
169 187
142 219
55 168
167 350
111 288
158 218
64 355
33 288
58 334
31 94
258 278
197 304
95 378
241 260
42 158
58 305
76 121
289 328
67 148
31 149
269 347
109 387
11 49
61 321
53 260
15 343
144 200
22 254
321 345
129 340
94 230
58 103
119 166
76 173
50 353
121 300
133 278
125 393
67 180
169 370
26 218
104 311
287 289
57 232
88 116
153 224
197 284
20 318
159 384
114 279
43 67
113 152
190 298
136 158
108 323
28 251
330 351
3 14
100 230
88 273
17 208
105 276
46 343
22 274
88 372
154 333
162 200
191 352
174 260
222 245
199 303
18 273
45 351
170 327
28 75
320 384
125 245
147 218
275 369
79 101
37 217
106 149
195 344
285 370
263 323
26 327
187 191
329 335
15 90
133 258
187 285
197 201
12 211
1 49
149 181
50 329
336 344
278 390
293 395
275 339
10 136
14 301
9 111
209 248
144 391
241 396
85 297
272 283
139 222
25 187
156 246
60 249
123 394
94 166
71 306
4 205
373 375
91 99
169 356
8 292
362 363
86 307
52 355
248 365
165 240
56 251
27 306
196 378
47 383
240 356
93 345
124 369
104 182
204 369
62 224
73 312
116 129
10 158
109 280
228 253
204 398
71 260
9 288
296 355
90 101
166 314
7 103
98 165
53 212
12 303
121 230
64 153
259 360
209 349
107 172
98 249
185 248
223 273
368 387
85 346
83 86
84 89
143 328
193 346
24 150
21 327
27 105
199 297
51 206
79 163
171 222
183 252
111 208
0 106
318 355
170 218
152 334
95 273
188 330
43 301
153 248
126 390
82 93
140 334
143 183
38 181
88 198
5 152
87 334
151 392
265 361
32 342
247 303
69 399
168 181
22 139
49 262
283 376
188 351
47 324
254 298
118 310
4 368
331 359
335 369
269 300
65 312
69 131
332 382
80 81
40 121
50 204
15 145
178 233
247 367
209 362
217 264
160 330
273 348
137 212
20 377
66 74
280 287
138 145
184 282
185 362
5 323
310 381
156 219
36 172
74 200
104 265
124 234
9 98
62 115
8 61
136 350
92 340
25 345
104 338
92 381
343 374
96 286
201 304
77 103
109 155
15 24
97 140
218 327
302 362
63 300
203 219
129 142
12 66
11 271
315 345
62 318
76 230
79 313
97 113
229 386
18 348
74 326
75 301
268 271
61 298
37 264
274 298
6 147
262 268
44 152
26 214
41 284
114 238
188 363
31 181
188 286
276 364
15 395
6 23
8 43
12 294
160 351
195 362
114 291
260 283
46 231
33 253
172 337
75 316
232 261
157 226
167 359
9 240
224 344
124 275
198 223
93 292
5 51
218 252
1 89
190 261
89 232
187 352
14 222
4 280
26 70
6 136
61 67
325 341
230 314
178 289
30 373
281 315
75 251
51 113
139 298
269 374
44 87
137 272
255 312
92 203
266 398
81 379
167 175
195 365
116 366
381 386
204 244
176 271
148 274
42 136
11 232
98 382
200 391
153 385
298 325
57 325
59 213
17 316
268 357
139 148
113 263
293 361
250 345
151 270
265 293
296 385
13 98
29 217
197 290
173 361
19 62
110 159
123 358
53 71
60 258
195 330
265 332
7 41
189 326
156 229
236 259
35 307
158 252
11 268
194 312
186 346
27 364
244 346
234 353
259 342
8 93
188 388
52 295
30 372
38 258
73 207
12 213
155 376
142 381
99 358
243 257
36 306
278 316
74 213
338 354
81 91
96 160
292 370
54 104
9 228
62 146
202 326
32 259
147 350
187 370
78 85
197 317
94 158
24 300
177 373
0 181
242 277
85 329
90 150
42 183
73 194
91 339
82 345
131 399
107 306
18 337
63 121
155 192
3 222
122 360
87 305
150 343
99 227
210 233
153 344
117 247
179 364
72 320
10 183
145 314
270 383
137 283
100 118
164 232
210 350
126 258
86 216
37 151
48 324
340 347
83 226
23 26
146 326
137 192
183 210
11 89
241 306
49 159
83 299
221 380
141 191
231 390
31 168
10 252
0 132
90 395
357 367
260 286
23 136
286 388
95 348
267 397
194 255
70 229
53 388
44 334
37 220
128 398
144 355
89 357
17 278
160 209
291 360
261 341
2 373
2 88
71 283
2 366
308 343
74 391
55 149
74 144
146 295
115 224
275 371
305 334
277 322
238 338
244 329
200 202
87 263
83 289
135 279
61 93
31 40
173 231
89 164
160 188
275 353
205 280
72 125
221 306
165 237
120 279
156 386
271 384
204 329
115 344
272 368
207 255
173 258
110 320
41 77
309 395
164 261
226 328
218 350
327 350
46 300
238 354
360 382
368 388
27 36
101 197
84 232
104 395
44 129
66 213
5 263
9 333
116 372
61 345
64 243
198 348
258 361
326 391
105 127
8 67
203 340
103 131
146 200
111 251
66 128
303 367
176 247
48 225
192 212
173 278
125 171
54 265
88 223
38 278
11 247
54 182
226 299
243 355
287 376
235 328
27 276
35 328
112 255
233 289
16 270
330 363
9 253
6 252
55 183
265 308
263 334
339 379
11 117
109 272
56 208
71 137
225 291
6 218
147 327
339 353
144 202
194 207
303 346
200 318
140 305
142 340
34 100
264 270
250 281
223 337
25 250
225 259
237 288
193 204
118 214
96 302
54 135
81 358
302 351
174 272
292 321
216 299
155 387
194 282
207 282
150 374
145 374
46 314
30 375
51 58
286 351
86 389
242 315
143 252
36 364
53 192
253 288
161 216
124 193
153 336
77 131
61 281
38 230
25 242
140 263
234 369
139 254
216 226
85 244
254 321
261 298
255 282
112 282
178 287
16 383
88 177
351 388
132 168
309 354
100 310
189 295
157 294
238 317
103 152
290 313
238 304
324 383
109 205
10 55
324 360
58 113
116 373
217 220
29 120
337 364
5 140
274 281
44 116
40 166
27 127
72 331
143 210
269 381
182 197
38 40
62 162
127 319
35 389
117 346
48 291
22 67
22 148
58 97
101 201
141 169
57 139
235 299
216 235
13 208
173 390
372 373
32 220
117 367
1 176
155 170
71 174
215 246
151 324
68 167
59 128
189 200
54 311
22 190
85 303
47 151
24 39
236 324
11 84
293 308
174 283
107 396
366 375
65 184
44 372
101 284
88 337
96 368
139 190
287 368
318 391
320 341
7 97
197 309
247 357
289 389
31 166
49 89
23 170
18 179
45 160
151 259
54 114
117 357
76 145
25 292
50 275
120 342
92 118
7 77
61 254
139 261
182 304
6 158
110 262
197 354
88 196
132 149
56 237
280 368
104 308
85 193
58 152
186 398
172 177
100 203
282 394
69 138
10 42
72 110
49 57
259 264
2 223
4 174
307 389
25 352
77 152
118 347
52 200
108 263
205 368
188 260
152 263
70 239
61 274
73 184
94 121
90 182
72 159
51 97
148 298
28 240
184 227
47 122
198 373
260 388
264 392
25 82
14 316
186 367
19 377
90 163
109 376
212 388
213 266
142 310
104 201
60 332
196 348
213 391
102 266
113 334
186 303
70 319
147 158
25 141
262 357
82 187
93 274
184 194
302 349
68 350
145 300
35 235
42 252
121 145
8 301
182 308
23 158
61 190
144 189
35 289
173 293
249 397
143 350
286 330
198 273
88 179
22 298
336 362
146 318
64 248
84 164
185 363
345 370
207 312
47 342
223 378
22 61
195 248
347 381
40 314
366 372
58 206
190 320
36 107
101 309
77 206
223 348
6 10
114 338
162 355
234 339
203 381
93 250
85 398
120 134
18 88
136 147
240 253
219 386
172 179
80 277
158 214
311 397
335 346
246 276
201 338
78 128
92 310
9 33
29 32
59 102
81 227
57 262
102 128
29 342
380 396
141 352
261 262
1 268
43 180
184 255
310 347
31 38
356 370
14 180
4 96
196 273
315 322
226 307
32 47
19 20
288 333
193 244
64 224
134 279
199 247
207 358
185 365
39 150
204 335
140 152
310 340
90 308
342 360
39 131
123 184
148 281
314 361
270 324
183 359
8 370
128 266
295 326
177 223
83 280
153 257
249 382
102 189
237 240
47 259
174 212
50 244
39 69
168 245
224 248
49 384
108 140
82 141
171 331
340 381
72 176
239 387
177 337
206 399
12 266
160 336
5 108
110 261
123 227
137 239
1 110
155 287
78 266
27 172
21 170
115 377
141 187
36 127
68 289
257 385
48 360
232 268
155 239
297 329
154 165
109 368
111 237
164 262
247 346
14 132
83 205
2 116
256 368
49 110
32 217
64 385
23 175
185 195
155 283
112 184
289 307
182 338
76 94
177 364
29 122
107 177
56 111
259 279
67 254
135 304
292 345
143 167
151 220
52 62
66 266
67 274
119 181
306 380
52 377
151 264
53 241
8 321
295 355
98 333
56 165
160 302
228 288
62 295
300 374
229 246
160 256
122 264
117 193
348 378
40 149
283 368
193 353
22 222
1 11
39 269
51 152
46 230
294 299
88 378
166 230
52 162
202 243
207 227
50 335
132 181
122 259
371 379
123 194
81 207
217 342
110 125
45 330
290 309
114 311
34 214
3 245
260 351
312 394
349 363
192 221
35 233
26 147
297 303
185 336
366 373
159 393
10 23
52 146
139 325
35 83
225 382
33 165
19 256
45 363
108 305
355 391
283 388
189 391
46 63
203 310
272 387
129 156
262 325
5 334
26 229
279 291
116 177
211 294
320 325
128 297
287 387
45 349
119 149
38 361
89 268
198 372
143 389
21 26
141 345
122 220
69 150
69 313
78 329
248 257
101 354
208 267
131 206
65 73
80 322
203 269
167 210
34 136
34 147
145 343
18 378
368 376
165 333
138 313
48 236
252 350
101 317
9 237
193 275
6 94
202 391
240 288
211 299
344 365
112 194
9 165
68 175
26 350
153 296
215 239
17 60
166 181
24 63
67 321
185 209
86 289
93 315
92 347
144 326
323 373
323 375
19 52
267 311
82 352
47 360
2 337
285 356
99 371
68 143
247 271
85 186
304 354
44 366
160 185
68 170
259 324
118 269
41 51
31 106
101 163
182 309
80 250
138 150
56 98
284 317
261 320
39 399
79 284
26 319
148 321
188 302
86 235
324 392
248 336
215 221
135 238
309 313
45 188
88 172
123 282
38 231
49 271
129 381
112 352
13 48
159 271
68 210
250 315
37 392
152 206
110 384
4 388
54 201
270 392
92 219
302 330
45 286
124 379
97 103
57 341
234 379
12 199
153 185
37 342
268 320
161 211
50 85
146 162
219 340
135 311
115 256
8 285
50 346
65 207
329 346
171 393
72 271
41 97
134 304
174 388
46 145
4 212
142 347
117 244
137 221
111 165
317 338
281 345
150 163
14 75
144 318
43 75
15 150
104 293
17 133
159 176
8 82
38 76
85 204
57 261
115 362
175 252
89 262
76 361
122 270
178 210
80 207
326 355
293 343
136 252
124 339
191 345
110 341
60 126
258 390
28 43
145 150
33 383
42 167
35 86
62 377
205 307
91 124
87 113
276 306
166 390
194 242
126 133
50 117
89 320
82 191
66 78
3 171
105 229
186 297
114 134
24 374
128 213
163 309
73 123
127 246
167 252
39 138
100 300
66 161
102 326
82 315
175 210
138 343
242 312
186 335
259 270
96 351
96 188
231 314
247 268
280 387
3 106
79 290
65 123
244 335
249 332
42 119
145 231
150 313
34 118
114 135
78 297
122 392
145 293
143 233
2 372
20 224
130 264
17 126
133 397
190 274
51 305
58 263
231 343
65 394
110 268
54 397
221 239
44 375
184 394
279 360
197 338
297 398
2 198
331 393
184 207
103 399
136 214
228 237
201 354
211 216
36 396
275 379
178 235
86 178
124 244
340 386
152 305
118 203
225 279
98 154
125 159
49 320
117 297
248 385
193 335
295 318
225 360
123 312
343 395
165 253
38 314
70 137
131 313
136 327
18 95
231 361
192 387
122 236
68 233
39 92
359 393
255 277
96 260
185 349
36 215
40 230
161 294
239 283
88 95
52 318
157 176
291 311
195 302
147 214
21 246
120 217
117 303
112 312
339 369
35 178
306 396
76 166
188 349
173 265
239 376
46 121
64 344
6 42
195 363
16 392
255 394
25 191
45 302
19 115
347 399
94 119
274 321
4 283
68 178
60 397
228 240
262 320
70 215
144 295
70 221
76 231
91 371
195 209
13 60
93 321
17 332
54 338
135 338
62 200
24 46
286 349
332 397
291 382
38 121
18 177
33 98
111 333
23 350
157 216
117 186
48 279
57 190
70 127
13 225
125 331
109 287
35 299
133 265
46 76
142 366
148 341
349 351
78 186
226 235
250 322
84 117
297 367
182 395
16 130
129 386
8 345
193 339
284 290
31 55
15 313
246 319
300 343
236 383
281 321
211 226
199 211
163 290
159 268
13 382
72 393
102 213
192 239
77 97
250 321
262 384
170 175
151 236
130 383
170 239
87 140
126 278
3 132
7 399
82 292
231 293
4 387
87 323
0 119
169 285
5 305
28 301
383 392
48 259
5 58
114 304
92 399
127 215
4 272
209 336
37 259
2 177
244 275
33 237
47 225
133 332
51 263
220 264
336 363
82 370
160 363
85 335
275 335
204 275
32 37
53 174
59 78
59 74
133 293
297 346
153 365
71 212
123 207
63 231
149 168
90 290
20 52
60 278
66 189
175 350
101 182
82 285
154 288
126 316
127 276
196 323
96 388
178 328
71 380
219 269
135 291
71 241
190 325
19 224
7 131
142 156
203 347
150 395
304 317
273 378
139 341
102 295
1 159
24 138
201 309
182 354
318 326
40 94
10 167
125 384
91 234
20 162
49 72
1 247
98 111
84 357
93 148
171 359
256 280
32 151
11 357
212 260
127 229
177 179
73 282
208 382
63 100
126 332
199 294
54 304
69 206
130 392
29 220
121 166
256 362
5 87
33 154
303 329
57 320
69 103
43 274
92 142
40 119
330 349
83 307
148 190
18 223
328 389
126 208
212 283
262 341
178 389
251 316
42 55
44 113
36 105
98 208
31 119
180 301
133 361
138 300
149 166
139 274
26 136
207 394
175 218
23 214
156 340
181 278
74 295
106 132
318 377
219 347
133 173
26 34
30 348
79 309
28 288
129 347
7 69
265 397
384 393
208 249
128 161
0 40
113 305
13 267
70 246
23 252
17 251
208 251
163 313
161 299
133 390
7 152
37 122
98 267
1 72
263 305
349 362
130 324
17 258
157 235
91 353
30 198
267 332
245 331
99 207
220 270
361 390
192 215
308 395
102 391
198 378
353 379
28 180
30 323
72 384
51 77
134 238
12 128
38 173
27 179
222 254
245 393
20 115
116 375
106 181
119 168
74 189
81 322
137 174
285 345
122 217
86 226
117 329
253 333
139 320
106 119
64 257
272 376
299 307
86 328
192 272
40 76
200 295
143 175
162 318
16 324
63 343
12 161
121 231
11 262
32 270
269 310
105 246
160 349
329 398
55 106
34 158
138 395
205 256
76 314
243 385
68 252
154 253
157 299
254 301
27 396
46 100
137 215
38 390
141 370
298 321
220 342
190 254
7 58
38 166
122 342
151 342
57 110
17 390
80 242
232 262
335 398
112 394
200 355
242 394
59 66
65 282
141 285
131 163
323 372
372 375
339 371
182 201
21 239
229 319
157 161
161 199
250 277
58 87
336 349
104 397
190 341
233 287
214 327
153 195
61 148
0 149
163 197
184 312
121 314
194 394
196 223
265 395
191 285
72 171
30 196
124 204
47 270
57 298
5 44
236 360
241 380
109 283
21 218
128 294
202 296
1 357
30 108
127 221
212 272
20 146
239 272
162 326
128 199
254 274
209 363
32 122
141 315
4 109
113 206
146 377
107 276
133 231
330 362
235 389
174 380
298 341
93 281
1 271
227 358
242 250
233 328
47 48
15 374
334 375
189 213
0 31
53 286
234 275
210 252
155 272
153 243
88 348
157 211
143 178
242 255
200 326
37 270
9 154
126 267
267 382
112 242
79 197
90 313
1 384
171 245
2 375
91 379
90 309
58 77
167 183
136 218
24 145
53 283
39 347
170 350
95 337
174 192
193 379
65 358
5 113
15 138
304 338
207 277
237 253
193 369
186 244
268 384
122 151
162 377
216 294
283 387
257 296
59 189
201 238
151 360
295 391
243 296
21 70
4 256
67 301
80
273
124
110
53
58
26
125
58
90
177
33
169
219
205
77
170
57
48
89
155
146
57
72
123
87
31
111
54
67
159
75
211
49
43
21
188
104
54
120
83
51
15
112
126
64
65
183
251
130
166
89
155
34
31
130
36
67
135
136
122
45
151
143
116
33
106
100
64
118
29
35
114
163
149
64
68
83
159
68
145
52
43
165
90
102
125
134
85
96
206
223
253
48
122
64
86
161
54
80
163
159
45
132
73
72
182
71
92
91
145
8
71
80
50
33
35
111
55
115
39
70
84
72
76
46
148
116
256
178
123
92
106
68
82
72
169
92
39
65
45
91
71
165
57
209
39
133
131
122
147
55
190
102
95
119
96
73
67
42
45
100
71
67
91
123
13
101
78
46
75
122
61
170
207
120
269
168
46
111
40
110
171
222
58
89
42
63
114
31
62
74
95
34
70
121
50
27
102
35
50
79
111
75
135
147
185
30
117
165
116
105
72
68
82
182
189
167
59
123
113
36
27
41
78
95
97
140
151
128
85
67
142
39
83
37
44
167
77
156
66
226
116
115
175
137
165
150
92
27
73
80
223
15
202
11
143
98
45
93
59
86
91
74
83
129
155
28
60
107
162
108
123
132
38
84
117
52
92
126
226
152
192
158
224
105
37
184
204
61
100
6
85
57
201
74
245
106
102
144
59
141
107
24
111
85
130
75
72
36
112
64
74
198
159
107
49
116
53
81
50
129
56
54
61
130
165
88
97
43
66
129
180
82
50
46
138
87
119
95
91
114
93
66
162
154
94
152
50
72
18
87
128
101
124
66
143
67
13
64
94
64
135
54
165
76
44
155
17
36
63
39
68
27
87
141
199
43
118
41
109
86
92
29
51
183
108
85
10
101
15
161
127
118
36
118
173
97
126
155
211
83
43
175
187
104
91
126
62
188
133
44
172
91
107
203
67
92
107
172
71
72
20
103
180
115
62
72
206
72
123
272
50
111
82
85
14
90
124
43
118
121
193
165
87
130
42
170
37
152
216
75
102
66
172
74
145
97
105
122
81
56
84
86
99
84
118
122
130
140
76
51
47
171
205
165
85
87
57
24
68
64
132
80
71
84
51
160
116
115
56
77
101
190
132
199
25
80
61
39
20
103
90
98
138
102
54
36
61
176
96
57
38
71
118
56
72
68
110
54
136
28
92
134
138
102
111
169
84
118
71
95
88
45
173
57
47
85
94
76
155
60
102
149
164
197
175
106
129
65
21
31
82
219
71
143
76
95
170
55
104
150
42
95
118
168
82
150
130
56
69
193
36
109
31
46
47
121
47
98
85
118
75
49
123
95
85
59
80
74
174
46
160
72
104
54
98
124
169
41
103
79
99
96
53
108
139
116
107
188
58
136
69
145
46
96
216
13
70
150
79
53
71
88
61
65
93
193
80
67
125
131
99
67
94
75
59
89
131
112
24
84
38
111
98
105
62
101
95
51
98
163
86
83
57
93
192
22
114
140
88
48
60
81
116
115
24
118
239
31
184
28
63
176
101
133
241
102
54
110
105
81
65
23
151
78
74
98
104
51
67
143
78
106
81
22
62
91
186
118
30
138
27
57
72
139
60
120
56
84
59
150
12
102
140
70
138
105
117
55
56
39
90
109
65
47
66
52
57
82
73
99
101
169
47
85
62
148
96
97
68
137
163
70
66
110
175
108
53
17
14
151
48
106
94
157
56
74
96
178
161
159
202
30
116
98
21
108
27
227
96
49
58
185
29
70
99
178
132
154
82
95
172
93
118
139
86
89
223
30
176
117
45
38
44
92
148
64
207
93
78
146
73
187
124
110
106
58
83
131
57
67
68
134
52
27
65
34
155
231
41
78
213
52
220
169
25
96
164
141
34
103
143
27
73
46
41
40
93
121
27
156
108
118
66
37
86
127
125
114
56
79
127
119
67
76
89
45
155
48
146
8
95
83
84
192
129
28
172
130
198
203
41
150
220
103
66
47
94
56
77
121
145
147
135
96
90
61
105
121
187
115
199
43
33
44
103
26
50
98
192
149
166
97
120
119
16
77
129
134
39
168
46
59
183
127
224
203
202
172
116
106
53
151
119
86
118
97
26
35
161
107
77
29
70
142
161
88
218
67
81
31
109
76
149
50
89
111
89
182
152
80
38
157
85
55
44
33
54
26
99
187
96
80
60
77
40
94
67
160
216
78
175
80
60
52
91
104
132
76
40
181
48
116
71
229
100
63
129
213
104
53
94
89
105
73
117
51
142
111
97
65
100
80
119
192
41
142
147
67
120
90
49
158
184
60
44
208
150
98
220
41
80
90
45
159
57
101
96
205
99
105
149
83
45
100
159
59
198
183
83
43
53
166
127
140
48
66
65
142
170
129
88
86
121
48
88
63
138
130
104
26
167
126
132
106
175
51
67
217
125
191
60
38
89
25
8
42
94
111
88
34
80
42
153
37
75
150
182
86
161
98
162
157
144
114
70
130
98
118
91
98
119
123
133
30
34
127
100
107
65
35
132
86
160
84
195
130
165
34
37
139
105
38
133
104
139
46
184
162
198
105
52
185
33
99
55
47
132
27
54
48
111
128
39
75
136
114
104
162
179
68
79
91
38
69
169
44
113
95
58
87
67
136
101
52
96
102
163
277
47
23
95
59
53
131
88
130
121
108
138
148
30
98
85
23
85
126
23
28
155
148
80
36
34
112
78
67
24
35
82
86
52
104
108
143
113
61
47
22
30
48
120
82
18
109
87
212
45
54
75
58
73
67
164
51
212
210
48
77
73
65
105
154
123
173
65
146
35
28
33
28
197
118
20
194
172
25
99
120
70
182
25
78
88
171
38
143
175
102
39
56
185
204
94
67
81
109
143
35
107
90
43
58
188
131
223
234
93
37
169
113
196
135
79
19
106
181
181
143
70
93
72
109
94
105
189
27
194
123
95
102
98
96
82
36
124
142
75
10
155
176
83
209
100
77
116
79
153
171
30
76
68
62
106
62
43
158
62
135
54
110
97
88
33
86
39
223
149
140
78
108
33
122
80
154
140
54
66
49
47
118
170
124
134
110
174
59
71
37
139
195
161
172
97
101
120
72
126
189
51
180
70
143
19
226
134
43
85
68
83
169
80
115
83
80
89
122
30
51
186
86
163
131
20
36
126
137
32
87
137
192
161
66
68
80
95
192
137
95
73
22
95
123
22
38
84
123
124
89
185
171
164
44
112
81
89
70
56
47
105
111
162
35
7
25
66
174
109
72
128
10
156
159
180
159
74
134
77
17
113
95
109
70
65
175
93
158
121
213
83
80
117
72
88
74
108
28
133
129
88
105
211
117
98
195
149
49
91
88
128
130
193
40
126
149
93
93
51
125
117
68
37
137
91
153
41
63
163
104
81
120
130
84
69
148
199
47
31
134
167
44
123
77
209
89
214
78
110
33
108
66
32
59
55
120
79
28
89
77
39
117
37
55
67
46
75
58
65
169
131
148
114
122
145
122
74
80
69
70
114
85
144
88
161
124
160
187
69
90
80
148
124
108
33
82
77
94
53
176
90
59
38
183
58
97
235
100
108
149
39
139
79
104
133
41
96
98
170
74
201
108
38
90
40
94
133
65
69
93
39
62
42
90
39
87
160
50
82
149
98
61
79
117
80
130
56
128
99
145
66
29
86
158
135
57
117
89
144
104
33
161
71
135
112
52
52
66
111
85
99
81
69
103
62
96
71
89
144
62
115
116
88
162
95
36
202
101
121
114
34
122
111
161
131
91
147
53
62
116
105
97
99
34
55
29
124
61
161
114
42
40
128
39
61
88
216
114
92
146
128
75
100
68
103
156
64
165
117
100
49
48
69
131
160
143
198
150
95
112
143
145
37
100
90
148
26
23
72
53
58
171
185
102
25
70
73
86
27
123
37
61
66
132
106
119
165
154
21
43
57
134
172
154
168
165
85
120
72
124
99
60
84
125
59
142
141
90
115
113
119
128
114
63
187
154
40
64
75
133
88
115
79
191
61
101
48
88
72
15
156
91
60
51
171
78
79
205
177
76
71
66
49
58
78
38
45
72
21
61
110
99
117
228
100
95
142
61
88
106
22
103
124
160
88
151
83
129
124
105
83
52
160
75
97
90
55
110
21
106
119
50
54
81
61
41
93
90
98
165
164
129
72
21
115
97
161
96
107
101
62
68
72
120
63
144
89
98
42
47
122
57
135
150
79
131
73
90
164
92
97
103
70
161
12
28
29
133
131
134
71
127
97
141
111
46
135
64
100
29
48
126
71
69
48
86
113
88
143
121
119
86
61
126
82
35
75
80
206
165
98
178
185
137
78
132
92
140
7
91
27
84
54
140
109
86
97
97
95
169
94
54
68
54
147
119
105
106
169
123
117
154
91
47
138
201
104
72
91
50
73
57
84
156
85
80
48
58
87
50
206
86
97
43
63
97
31
55
82
108
87
127
163
163
34
78
55
81
122
123
112
156
36
88
155
80
77
162
207
71
92
14
33
148
159
