41 255
201 786
151 227
289 224
417 498
796 328
405 250
565 138
714 420
451 392
382 254
607 366
306 250
468 584
311 136
187 494
328 78
106 409
312 747
606 347
771 178
728 281
583 76
146 264
188 455
415 679
499 201
446 755
634 262
84 177
254 26
296 196
729 386
785 163
549 53
63 447
53 162
429 258
170 536
325 445
550 196
373 104
520 178
121 600
767 766
2 351
553 273
421 468
367 451
774 709
386 283
702 31
144 255
177 773
775 285
403 745
25 712
730 253
305 717
109 648
685 634
650 705
632 452
177 262
371 754
305 505
522 344
229 354
548 419
105 755
99 752
437 182
257 534
557 427
273 460
565 429
180 768
132 220
471 1
633 101
215 438
458 560
200 772
670 446
26 315
499 390
683 750
668 748
656 729
141 215
62 48
138 643
262 752
619 39
616 746
756 326
434 478
178 616
623 686
427 54
732 372
434 525
5 181
427 539
283 143
359 667
11 115
334 129
792 300
94 495
694 588
358 591
186 233
271 573
323 473
531 217
303 523
249 513
324 790
49 490
230 526
337 102
4 42
349 663
479 348
25 406
60 151
436 609
390 125
363 595
251 161
401 415
231 542
365 80
678 666
101 759
297 166
271 554
657 49
172 605
750 738
686 105
485 499
383 220
329 720
329 64
760 160
561 699
537 414
431 796
23 5
70 702
86 762
723 61
450 769
563 732
598 312
373 59
647 713
632 408
454 38
764 535
215 231
662 361
21 321
137 99
796 355
490 203
311 226
557 582
466 437
424 714
772 551
622 33
687 686
627 660
298 79
371 745
466 668
523 373
134 66
38 490
594 394
282 68
482 626
35 747
601 320
530 132
580 276
182 183
61 485
236 307
723 696
39 242
234 469
726 448
214 646
741 497
557 481
259 129
339 666
518 556
293 420
92 451
786 595
251 170
26 61
438 754
434 495
312 336
297 407
134 771
698 611
752 598
792 539
679 239
512 226
466 411
501 500
363 287
558 565
251 579
563 402
69 427
746 223
165 233
38 207
240 5
701 510
753 560
368 235
444 289
194 630
455 370
728 44
618 110
158 419
207 742
275 538
135 502
49 342
179 311
658 12
772 774
384 317
619 526
700 117
456 789
552 227
96 540
296 447
538 664
110 775
539 474
484 216
393 666
557 99
537 796
22 585
790 325
510 292
440 272
618 400
399 109
500 793
319 343
618 475
641 0
433 410
347 541
516 275
117 320
148 498
196 453
681 580
288 141
317 734
203 746
259 238
40 180
91 19
746 516
414 125
392 160
502 187
12 578
777 399
366 401
104 496
10 458
546 161
17 756
154 698
157 129
343 455
467 91
512 166
707 280
569 556
52 617
509 101
673 398
119 476
448 59
701 285
12 699
144 172
221 271
138 575
64 480
224 380
266 325
383 705
412 525
46 276
351 54
45 685
247 46
503 218
333 233
544 769
585 103
377 362
395 674
364 615
182 342
45 56
212 733
317 296
289 548
308 732
766 343
750 230
29 39
569 349
719 661
270 535
128 578
286 736
334 290
559 513
762 662
265 648
131 676
240 377
83 603
31 151
326 572
181 414
238 720
313 565
141 420
599 196
617 732
103 619
572 547
517 21
571 484
477 146
18 453
210 366
540 307
497 66
531 692
126 661
190 561
261 561
765 777
611 167
147 461
308 688
372 687
718 652
666 647
389 439
515 380
235 463
188 677
204 489
10 80
283 518
44 101
472 478
487 197
543 734
746 162
283 698
738 184
529 325
673 381
795 451
491 493
322 524
382 239
131 587
301 734
221 574
26 470
243 461
609 282
120 365
121 275
307 311
100 195
253 382
191 307
50 230
110 373
41 157
247 264
41 128
38 378
95 331
144 371
182 222
1 277
46 216
124 231
89 293
86 192
192 243
42 358
212 274
121 157
35 309
47 131
123 323
20 146
26 318
88 192
311 360
197 228
135 211
43 308
245 298
31 136
25 55
104 275
71 143
84 164
200 324
76 252
109 203
247 320
292 327
159 182
9 170
57 95
27 207
187 321
255 312
184 251
289 359
370 395
150 280
75 182
170 233
320 353
216 248
21 259
118 330
213 274
169 245
152 211
236 369
144 395
122 280
94 158
85 124
223 240
123 312
73 75
209 322
226 279
8 83
52 225
120 132
100 301
31 275
36 226
66 260
148 179
280 333
254 318
4 47
121 133
63 271
39 374
259 286
120 238
131 170
24 351
41 282
111 324
8 32
185 291
191 325
263 282
97 365
191 344
232 365
149 207
163 186
35 190
20 332
136 275
83 301
41 133
118 177
347 392
141 385
21 331
59 91
11 334
62 75
258 285
137 329
271 325
48 287
249 394
187 290
89 162
302 309
93 321
77 89
67 360
151 185
139 354
65 269
123 200
239 249
59 364
170 208
86 367
107 275
12 219
14 41
129 347
14 275
154 257
378 398
273 398
202 398
212 213
285 299
52 112
16 145
234 242
133 282
154 264
140 243
169 298
94 384
12 339
71 254
47 48
86 88
138 234
64 312
192 372
32 95
347 350
4 208
321 368
128 283
325 348
190 309
334 388
219 339
53 82
196 377
70 211
329 380
104 130
18 386
298 340
273 376
12 319
43 59
329 347
115 216
319 328
327 377
21 304
16 157
36 126
206 381
170 391
144 330
224 387
125 223
171 312
57 387
9 217
23 52
36 346
11 156
253 391
25 178
239 369
49 174
116 238
125 359
151 152
5 331
55 247
75 253
88 98
187 300
40 42
31 104
216 270
130 189
68 182
170 268
36 106
300 358
269 313
43 337
81 208
73 357
134 373
334 361
345 354
115 352
131 322
42 296
220 340
7 22
86 158
167 318
168 319
158 353
70 152
340 357
214 229
109 119
173 235
21 332
29 306
22 138
164 240
144 370
50 244
38 394
276 395
82 211
109 190
182 334
335 372
219 393
211 277
233 268
298 357
102 226
65 329
220 245
24 369
91 292
185 252
39 114
167 296
16 30
228 281
67 310
148 375
312 371
195 281
290 368
79 235
129 350
29 193
110 212
186 361
87 94
19 159
58 370
266 340
79 138
15 272
158 175
200 312
7 300
174 341
7 40
137 366
56 70
280 326
25 105
69 152
98 134
40 248
119 190
107 133
69 151
61 175
225 306
11 262
42 167
268 374
10 244
2 225
33 146
213 214
84 125
47 208
102 106
64 276
33 387
64 118
333 379
130 136
250 398
102 346
68 148
119 289
114 202
372 373
332 387
97 139
5 259
284 383
183 317
189 293
40 216
95 259
16 176
257 320
69 185
255 323
243 367
84 193
23 77
61 174
28 297
226 314
124 260
159 222
212 335
5 21
131 287
209 210
241 360
88 175
93 242
135 252
236 348
156 361
15 369
203 359
147 320
326 379
55 371
62 83
23 63
290 296
43 345
273 378
188 388
123 144
46 361
168 328
71 358
300 356
200 371
215 224
126 226
104 121
3 205
12 278
300 362
289 309
27 64
200 323
59 316
232 342
66 85
137 221
103 127
1 92
248 318
137 380
121 263
179 182
288 309
53 76
20 57
60 134
169 201
219 322
60 212
119 181
75 159
49 243
54 57
40 296
276 370
156 399
241 325
126 306
105 123
237 349
241 271
44 192
152 185
324 347
56 291
247 257
49 335
9 85
107 128
69 135
94 147
265 339
75 148
105 371
76 82
29 102
2 89
113 350
142 201
3 319
106 333
88 134
40 368
85 170
200 255
127 184
105 312
40 284
61 86
292 364
6 50
190 289
22 321
26 296
25 323
13 103
171 371
98 147
73 85
171 207
11 19
102 279
330 338
144 338
291 305
97 394
42 216
29 226
84 240
191 278
47 103
49 341
10 339
156 188
276 386
56 316
43 249
126 379
223 397
218 391
326 333
101 103
201 220
108 166
269 350
86 243
79 246
9 179
77 189
57 304
99 362
106 279
66 124
327 349
87 174
8 163
97 308
159 266
206 326
14 130
110 172
54 259
78 362
44 367
101 382
58 330
95 304
48 131
68 253
90 106
63 225
203 288
204 341
237 277
119 359
68 73
386 395
45 359
44 243
287 294
277 349
91 377
195 390
277 292
83 159
88 94
174 335
239 302
289 397
85 233
19 182
263 295
18 177
30 227
152 291
193 346
98 155
230 339
222 262
361 388
4 103
222 375
144 312
10 319
78 160
61 373
128 157
57 215
217 375
86 94
16 121
26 167
132 366
60 192
145 317
31 205
42 383
9 268
84 271
100 259
36 193
270 388
163 301
160 356
13 81
92 330
53 327
336 380
28 215
123 370
17 369
48 250
262 389
11 389
167 383
134 372
67 307
101 142
43 91
105 323
166 259
104 107
197 281
72 329
355 357
7 256
70 292
79 321
89 112
61 98
91 364
197 229
106 326
214 281
284 290
257 384
193 226
56 185
0 84
14 31
47 96
165 306
59 345
188 399
159 301
323 324
260 270
93 138
26 248
184 201
106 122
114 116
2 52
65 294
242 267
52 89
67 348
145 227
80 378
53 277
22 300
259 331
262 301
153 234
31 278
18 64
142 208
128 263
297 304
178 184
1 327
285 345
34 173
74 80
18 395
203 223
37 231
22 256
99 303
54 108
12 31
62 262
311 328
281 390
4 96
111 269
251 384
312 323
178 251
176 317
74 202
162 278
7 79
46 270
145 157
54 331
203 239
36 102
46 248
116 380
60 174
23 89
117 376
18 370
25 171
264 320
272 378
10 261
51 267
53 252
74 117
181 258
78 295
22 173
90 165
179 222
55 171
145 315
22 34
344 348
96 142
122 150
77 306
87 353
17 351
124 233
310 360
251 363
111 129
20 387
26 40
136 168
209 311
351 369
38 120
110 213
197 214
29 89
65 114
68 375
299 354
37 143
363 384
4 313
70 151
230 393
82 327
88 174
56 152
94 98
98 353
254 383
337 354
329 392
7 187
335 341
34 362
39 74
157 160
96 268
71 383
287 374
111 350
32 163
43 354
80 376
18 92
97 377
26 358
272 288
38 139
224 332
273 351
29 381
11 182
204 213
39 287
309 359
62 266
123 129
28 186
284 358
274 373
152 305
128 133
65 74
196 342
45 164
198 266
245 274
320 363
194 378
66 361
81 127
155 363
263 283
366 396
160 362
71 282
297 332
94 155
110 228
81 101
39 250
161 214
147 353
115 290
75 222
176 275
97 196
82 277
209 328
47 170
154 207
219 265
66 179
209 339
34 300
93 267
10 219
61 88
177 207
5 54
137 238
113 396
139 365
278 307
36 381
72 366
57 108
15 273
5 108
28 399
138 173
250 376
164 193
238 329
21 54
173 242
13 201
82 92
117 380
112 278
167 254
77 225
40 352
348 360
155 353
308 337
282 303
196 232
47 101
159 389
35 181
8 286
151 316
26 115
17 35
126 326
181 285
268 287
249 258
10 143
16 315
67 191
66 388
80 310
79 368
114 294
210 250
49 192
43 364
117 132
16 275
119 397
116 137
215 387
55 207
79 256
60 372
115 254
346 379
210 344
23 241
2 77
79 267
126 165
206 379
14 16
11 163
332 385
176 227
85 222
231 261
171 255
205 275
110 229
65 250
113 137
153 242
230 319
270 318
11 159
76 327
209 219
52 77
132 221
156 388
329 350
131 217
193 314
231 260
71 128
95 108
245 266
117 378
29 279
256 362
17 203
9 233
124 388
74 376
26 216
354 364
63 112
101 208
161 281
28 156
134 212
16 107
104 199
51 234
184 363
127 178
6 261
265 311
142 218
73 262
178 363
330 386
134 174
15 239
127 324
309 397
249 337
57 297
295 362
304 332
19 186
136 205
213 229
132 336
186 388
141 234
143 319
64 177
187 256
120 380
328 339
122 381
211 252
171 247
24 348
189 205
218 253
177 276
244 322
15 376
113 336
235 321
14 176
191 360
121 145
34 356
38 272
32 166
207 264
336 366
244 265
42 115
222 334
119 288
26 284
59 354
87 88
179 334
215 332
7 368
96 170
178 323
143 393
117 366
173 267
124 375
107 136
67 241
114 380
129 324
65 116
50 319
253 340
361 399
342 370
131 268
216 383
370 386
232 396
25 312
35 125
67 344
80 398
72 120
30 183
18 58
24 378
2 306
213 372
108 332
66 375
26 42
96 374
221 365
49 367
146 385
167 284
238 350
7 290
75 262
151 305
22 187
115 248
29 293
223 309
120 366
0 226
102 126
6 231
190 203
212 229
61 192
146 387
155 320
131 374
310 348
220 355
125 289
130 275
375 388
149 154
85 179
186 399
72 336
202 250
40 290
52 241
185 316
19 262
27 149
337 345
109 369
83 262
11 301
229 281
5 166
313 382
330 395
85 217
6 393
16 317
98 158
97 364
39 294
51 138
97 396
22 79
36 279
334 375
90 381
181 397
279 381
178 255
108 331
269 392
25 184
46 156
143 283
96 103
6 230
194 273
4 142
6 143
47 374
100 166
61 158
46 399
157 263
3 168
379 381
133 315
139 394
58 395
35 359
18 338
356 362
18 330
171 323
258 354
21 95
44 140
195 228
66 334
139 308
296 318
50 143
190 249
60 335
144 386
191 311
83 266
43 394
14 121
132 137
176 315
264 384
112 189
58 386
53 135
202 294
0 279
141 235
40 318
138 153
219 230
2 189
81 201
287 322
78 99
187 284
284 318
92 237
0 314
209 265
172 214
3 12
147 155
110 274
73 222
219 244
376 398
22 267
210 294
0 164
16 133
62 159
50 393
208 391
27 177
21 108
168 339
190 359
171 178
57 332
215 304
225 307
79 242
240 314
133 176
192 335
4 101
163 262
92 327
61 134
1 237
113 329
118 395
195 286
140 174
75 266
263 315
258 345
35 223
95 297
142 382
48 294
109 249
34 256
203 351
183 227
190 302
14 205
201 298
161 197
95 166
69 211
308 365
7 296
72 117
181 309
42 290
142 170
179 217
117 336
174 373
52 63
82 349
181 359
236 351
74 210
83 228
17 236
79 93
114 250
239 272
45 125
343 364
74 194
80 194
96 391
158 174
180 326
113 221
216 260
1 76
97 232
110 335
59 299
65 336
68 75
187 296
258 299
81 313
2 63
27 264
235 368
41 263
91 232
229 274
110 161
187 362
85 375
115 318
69 252
68 222
92 276
64 149
311 344
20 246
113 238
124 217
42 187
112 307
56 151
155 251
20 224
201 391
23 112
164 314
76 211
165 180
310 311
68 85
44 49
280 381
10 37
72 132
139 337
48 114
76 292
127 255
115 284
106 379
21 57
325 344
100 331
296 358
161 172
181 289
41 145
221 366
91 97
221 336
116 269
186 334
46 260
56 135
89 225
146 246
73 179
110 372
153 246
376 378
196 396
369 378
55 64
16 183
10 230
167 216
60 110
109 302
269 347
269 329
204 212
61 353
151 343
81 103
217 268
135 185
299 305
257 264
12 168
137 350
166 286
256 290
14 104
6 10
19 163
183 315
158 373
180 280
145 183
338 370
107 263
105 111
134 175
12 230
340 355
210 265
151 291
284 296
224 297
50 261
109 288
142 391
109 272
32 331
343 377
38 239
282 283
58 92
54 304
8 301
162 205
112 225
90 206
92 277
59 394
116 347
126 346
248 352
76 237
177 330
232 377
21 224
80 344
163 389
121 136
15 120
162 225
39 392
177 371
246 385
121 315
335 373
58 276
77 112
338 386
90 150
272 302
169 184
90 379
103 208
2 29
288 369
146 224
228 229
72 221
150 326
7 235
233 375
173 321
100 389
244 339
64 144
105 200
32 286
15 38
33 224
133 157
122 206
42 254
27 171
45 240
333 381
161 228
308 394
179 375
238 336
84 314
254 284
19 156
271 314
51 153
24 376
118 276
90 280
274 372
299 316
51 242
221 396
6 244
115 167
132 396
69 292
37 261
293 306
96 382
359 397
195 197
16 41
62 357
177 312
14 107
231 244
245 357
3 278
74 114
63 241
86 174
12 328
109 309
91 354
148 182
74 398
51 246
106 381
121 183
65 238
217 233
129 269
204 214
61 94
15 24
25 123
344 360
35 203
92 395
149 264
202 210
74 250
32 195
341 372
176 183
172 213
198 298
8 197
27 55
125 397
354 394
191 310
382 391
220 298
189 225
24 194
161 390
108 259
67 325
174 372
154 171
21 297
349 395
122 333
56 305
152 316
198 340
91 343
203 369
218 382
74 294
112 162
221 329
253 357
35 288
141 246
107 283
80 236
320 384
157 315
207 247
107 145
37 50
90 333
217 382
237 327
20 385
162 307
51 141
2 112
7 42
42 284
134 192
179 388
68 357
86 353
329 366
24 398
193 279
260 361
206 333
29 346
70 135
11 222
172 281
15 378
39 202
31 168
226 346
95 286
210 287
348 351
52 162
149 247
0 193
133 145
213 335
120 396
266 357
117 194
88 353
203 302
170 217
63 77
116 350
8 390
66 270
50 328
37 393
107 176
161 204
45 314
41 283
75 357
107 121
165 293
50 231
41 121
198 253
212 372
5 95
55 149
79 173
319 339
82 292
37 254
99 263
87 158
299 337
249 345
14 136
228 274
117 398
109 181
261 393
213 341
87 192
241 307
216 284
169 355
9 124
50 339
57 224
34 93
14 145
39 48
24 236
48 374
277 327
19 399
8 195
290 352
59 151
39 65
296 383
6 219
198 218
139 396
7 352
263 303
95 100
78 356
60 274
79 141
30 176
53 69
150 333
75 198
122 379
78 303
72 113
298 355
140 367
172 229
138 141
154 247
25 371
43 139
216 254
172 204
73 198
26 383
201 355
338 395
82 237
221 342
120 336
116 392
190 288
39 210
225 241
77 226
35 397
54 166
200 386
117 137
238 392
65 392
55 177
302 369
203 397
8 100
111 347
213 281
255 371
155 158
199 275
121 128
150 206
181 190
109 239
96 101
44 86
119 309
208 313
68 198
168 230
156 334
10 50
105 255
143 230
199 317
329 336
240 271
24 80
326 381
303 356
91 394
128 282
96 208
165 280
205 278
136 199
23 225
123 324
123 255
31 130
170 382
45 223
31 107
160 300
88 158
38 337
33 332
249 288
145 176
161 213
101 391
106 346
35 109
70 252
201 340
125 240
168 278
100 286
53 70
104 136
90 122
46 186
199 205
54 224
189 306
364 377
18 118
162 189
99 160
38 365
99 295
98 373
55 323
57 385
330 370
147 251
180 293
64 207
169 340
97 343
70 185
9 131
132 365
105 144
98 175
96 313
270 361
25 255
79 153
348 369
218 340
40 115
49 140
276 338
43 97
24 272
183 199
73 148
358 383
49 372
237 292
152 252
4 374
216 318
116 336
185 305
215 297
71 283
63 89
345 394
265 328
385 387
80 360
339 393
72 137
46 188
103 142
11 186
46 388
99 133
17 223
156 186
66 222
174 175
10 393
194 376
101 313
310 344
260 388
13 313
92 349
273 369
192 373
143 219
35 302
144 177
21 215
323 371
192 341
286 390
139 232
119 223
63 162
234 246
81 184
141 153
94 353
186 188
239 288
238 366
58 200
67 311
63 307
206 280
106 206
29 77
23 271
249 285
47 268
0 102
160 303
250 294
179 361
30 317
342 386
3 31
41 315
93 173
302 351
68 179
292 377
31 319
99 157
201 218
91 139
7 321
123 371
4 382
45 84
133 263
148 253
115 270
114 392
2 23
142 253
85 268
282 295
47 313
255 324
0 240
32 389
38 308
4 48
319 393
60 175
256 300
296 300
27 154
175 373
187 358
80 348
32 301
188 270
138 246
83 195
122 326
81 142
292 343
159 262
365 396
338 349
62 182
190 223
42 318
24 273
117 120
35 119
155 257
30 145
46 115
90 180
234 267
134 158
54 95
1 82
53 237
34 321
51 93
50 219
244 328
22 235
349 386
116 329
349 377
86 87
245 355
160 295
1 211
3 136
203 309
15 194
33 385
95 332
223 359
2 162
325 360
19 389
69 70
197 390
198 355
14 199
188 248
125 164
134 335
235 256
310 325
172 228
113 366
20 33
300 303
32 100
13 101
343 354
212 373
83 389
138 267
73 375
62 301
299 345
265 322
120 378
130 205
346 381
198 357
200 370
176 199
279 346
29 36
208 382
100 163
191 241
86 140
236 273
27 247
272 369
28 188
282 358
76 277
1 53
198 391
159 163
161 229
172 197
286 331
61 87
43 299
182 262
91 196
308 354
115 383
174 192
71 167
23 307
80 273
208 218
155 384
350 392
254 261
111 123
192 367
146 332
204 229
140 192
126 381
59 343
308 345
18 276
245 340
18 144
13 127
28 304
105 370
55 312
89 189
151 252
169 220
35 289
140 341
89 306
121 176
147 363
6 37
106 126
53 211
194 398
138 235
180 381
72 116
256 321
94 320
103 313
227 317
166 331
85 148
219 319
73 182
41 107
206 346
93 235
144 276
112 241
295 300
54 332
224 385
303 362
98 174
139 196
58 338
238 380
105 324
26 254
29 126
22 93
318 383
65 380
58 144
5 286
147 384
167 358
5 100
117 238
59 292
137 336
47 382
52 271
8 389
64 154
195 301
92 338
112 306
273 348
288 302
219 328
130 199
13 184
51 173
132 238
301 389
104 176
124 179
276 330
294 374
135 151
91 337
179 233
90 326
91 308
352 368
54 297
366 380
337 394
72 238
72 380
135 152
60 373
268 322
190 397
126 279
138 242
188 361
295 358
181 288
55 154
220 357
246 387
169 251
19 334
102 193
9 375
144 200
150 379
305 316
380 392
295 303
249 308
37 230
104 205
73 253
148 222
55
138
90
128
176
98
115
89
130
131
32
78
56
63
85
46
154
182
122
185
114
63
51
66
45
74
63
34
40
130
139
69
63
77
108
42
186
11
78
17
75
83
110
175
83
45
64
96
23
158
109
167
10
91
124
66
84
98
97
149
158
180
101
139
65
43
150
80
138
97
68
19
191
60
120
80
32
87
154
73
140
80
71
23
51
57
106
90
129
62
166
139
113
44
37
32
84
44
91
91
178
93
212
46
125
28
73
44
72
107
192
125
37
112
101
22
49
118
103
97
68
139
164
179
21
46
127
151
58
24
122
42
143
220
136
189
184
130
35
127
143
130
75
100
102
73
20
93
105
82
44
51
215
109
81
99
80
184
88
113
183
37
30
109
43
92
8
62
81
63
79
109
49
53
64
47
89
52
66
78
53
186
110
74
132
23
92
91
24
47
128
98
155
54
12
42
69
77
143
94
172
47
106
113
75
120
130
58
60
50
138
129
130
145
116
133
118
193
38
162
162
49
121
68
81
138
30
150
97
123
30
38
38
39
49
113
50
118
125
148
233
38
58
36
79
23
154
93
56
11
146
94
85
98
110
113
193
83
107
171
52
102
173
75
56
50
62
191
190
26
90
222
30
172
154
136
33
84
92
57
72
155
149
161
67
13
250
127
148
25
142
91
34
91
64
91
174
90
84
108
145
26
58
96
122
30
174
118
66
153
104
82
56
113
29
85
174
144
120
34
19
19
122
114
68
71
86
78
73
16
19
139
67
56
125
142
125
112
121
99
98
92
168
116
110
32
69
60
91
208
163
84
92
102
87
101
93
52
84
111
88
92
151
169
41
176
166
126
153
122
90
93
168
124
203
168
138
63
120
188
96
56
159
175
61
10
133
58
52
130
60
27
104
95
121
140
79
50
62
175
23
109
146
111
60
87
112
153
120
103
96
17
192
67
35
29
26
234
42
89
70
90
177
154
129
59
55
108
83
76
145
71
54
109
45
82
50
138
152
143
134
65
28
57
25
76
141
96
144
72
56
109
120
126
68
58
80
61
100
190
107
29
53
40
43
96
113
238
149
188
127
101
96
189
60
83
170
198
130
142
34
190
102
116
183
27
108
23
189
68
119
237
68
69
203
11
74
23
97
221
27
161
89
69
90
206
86
59
48
60
24
57
130
153
61
67
167
242
226
127
67
44
125
116
136
95
58
63
146
96
152
89
65
26
64
117
93
119
101
63
209
79
221
99
48
157
35
53
75
45
118
58
197
157
106
73
16
103
248
92
108
93
46
146
53
51
71
54
209
58
136
84
39
151
185
109
111
69
42
59
149
82
40
164
94
75
83
169
24
93
142
135
157
148
50
134
38
71
167
311
75
58
195
78
153
22
143
131
102
48
18
55
82
110
109
101
29
43
90
59
43
37
64
104
166
141
63
63
96
99
185
149
131
77
194
94
59
102
71
116
130
36
114
112
66
77
49
113
152
62
118
121
164
128
253
65
263
59
48
41
81
150
98
43
102
147
57
57
26
74
7
39
87
152
99
123
177
79
80
189
85
74
120
178
94
60
76
26
101
148
181
107
100
43
56
83
37
96
75
142
121
170
103
131
156
187
76
49
107
145
100
102
96
13
155
258
80
69
119
110
80
134
111
60
70
129
113
86
135
84
88
143
181
56
62
85
87
72
92
120
183
190
123
213
76
38
78
133
172
49
139
87
50
97
86
51
71
76
118
69
76
65
72
106
121
47
89
129
101
119
73
167
101
35
93
101
104
166
47
135
47
143
123
73
128
17
66
71
61
142
10
220
44
168
93
110
83
69
53
149
115
159
107
196
40
53
66
21
94
143
30
115
158
65
39
127
78
59
217
51
123
88
114
113
160
72
32
297
268
35
141
62
178
106
148
33
58
102
164
79
19
128
102
150
78
97
197
70
66
95
87
173
71
66
132
122
150
58
107
109
79
39
99
50
78
69
36
62
32
62
107
94
74
71
233
133
49
94
36
97
154
97
47
159
185
47
74
51
117
86
53
112
91
61
207
166
93
11
51
86
29
137
35
84
79
135
125
97
136
139
82
86
132
67
69
80
77
221
175
38
189
88
135
81
20
83
27
127
192
137
147
71
31
69
48
108
71
121
98
22
23
217
124
190
113
70
65
51
77
76
74
34
56
37
76
51
75
156
90
201
74
47
145
172
144
18
30
114
79
74
116
107
40
99
54
88
95
93
162
67
95
126
37
93
73
158
54
116
119
90
95
86
69
29
32
39
147
93
79
93
118
144
133
217
129
41
108
10
47
59
118
64
158
33
83
161
67
65
85
117
43
178
103
133
34
210
136
102
170
47
106
135
44
112
103
13
141
65
25
91
38
127
39
108
34
100
29
112
125
149
58
97
74
66
92
185
133
115
100
49
168
31
72
84
79
107
53
77
123
145
98
158
63
134
119
118
131
48
177
154
73
78
28
22
47
55
68
29
47
40
24
244
84
134
103
88
66
66
117
185
73
121
155
31
108
116
176
167
133
72
96
132
143
64
80
43
111
207
206
115
181
173
41
194
51
40
67
65
75
120
155
76
69
47
132
69
150
63
60
72
67
120
124
61
60
88
83
79
36
136
163
152
119
72
30
180
16
84
78
81
58
125
27
191
64
45
128
77
46
44
65
127
154
119
100
83
59
165
138
106
95
28
63
33
69
150
152
159
256
75
184
73
59
92
81
73
147
140
152
46
70
165
125
157
258
119
46
85
134
181
136
44
99
30
185
48
91
23
118
148
41
139
55
115
105
97
155
33
109
192
145
104
107
106
99
78
131
42
58
114
34
37
121
179
71
85
53
54
112
208
101
38
123
61
185
42
37
137
120
197
175
57
134
94
142
149
171
55
163
208
26
138
86
14
8
133
85
110
83
100
121
142
69
87
30
93
77
138
71
77
155
40
66
100
164
184
55
154
112
50
209
96
102
135
96
46
63
52
148
36
236
159
68
189
145
115
191
108
83
147
74
152
121
106
75
37
57
114
89
44
84
71
109
116
114
174
21
14
9
49
38
95
102
57
127
137
42
234
89
136
69
119
128
94
106
24
109
93
57
138
152
133
80
53
81
76
63
52
141
145
118
34
104
113
88
139
60
164
106
114
161
70
61
109
180
54
81
65
207
35
46
121
58
43
116
208
98
65
164
65
107
39
25
129
123
206
43
70
102
91
26
187
51
30
256
71
51
87
78
140
50
51
99
148
42
186
123
92
62
65
112
79
97
125
16
62
63
228
76
98
30
60
105
140
151
82
68
146
61
25
174
7
142
116
49
118
38
105
176
170
74
171
58
24
64
137
92
50
121
112
77
33
168
81
212
114
190
56
113
84
227
129
161
75
107
98
66
57
123
81
115
121
65
173
206
131
118
112
159
35
153
72
130
142
166
84
165
77
56
92
154
38
199
148
104
48
41
22
145
60
143
153
166
97
124
144
77
146
206
137
72
67
78
116
77
83
104
47
106
76
16
79
43
158
51
52
113
30
106
67
15
82
28
87
159
45
38
117
137
175
253
73
178
136
124
55
44
72
51
202
84
93
232
89
225
69
78
93
27
109
99
169
48
81
163
136
100
83
96
54
248
34
80
94
84
208
163
65
27
153
83
85
94
146
53
171
120
139
175
247
44
121
226
71
72
166
131
106
128
29
88
129
112
104
172
66
163
131
64
141
98
116
117
98
61
47
75
159
108
211
52
61
73
201
129
116
161
138
51
90
34
92
52
45
186
76
109
59
100
73
166
91
170
44
104
125
182
43
133
15
77
115
61
115
64
95
96
53
156
102
63
65
145
112
149
82
120
16
90
172
44
7
65
21
66
146
44
149
81
194
105
110
165
62
114
152
88
76
64
188
190
73
28
85
33
38
94
70
47
151
101
172
171
176
149
124
38
110
93
43
132
35
114
15
113
134
67
146
160
78
142
54
76
170
92
74
146
147
128
77
148
195
97
146
133
130
116
148
103
103
161
80
92
28
63
116
119
87
129
166
160
83
119
94
44
51
66
161
147
121
17
48
71
71
192
115
78
235
92
81
20
47
95
180
57
110
59
107
75
143
29
128
133
178
115
97
104
106
258
166
148
50
203
13
134
86
137
134
96
93
94
127
161
40
43
137
30
92
88
101
73
70
148
71
70
99
122
23
101
39
54
117
81
43
115
132
129
85
74
35
71
72
120
59
39
111
84
31
79
90
77
84
52
210
140
98
93
57
220
67
175
57
119
142
80
216
207
64
128
98
69
78
21
113
32
80
97
124
62
86
230
24
127
154
88
73
57
72
91
64
16
144
134
86
51
178
40
53
88
110
150
67
93
253
114
30
136
64
90
133
63
169
95
67
43
62
51
65
57
40
28
72
191
73
86
94
40
82
46
81
153
138
201
174
45
133
106
46
132
72
99
128
61
48
112
141
15
71
115
118
133
23
200
88
142
79
14
54
45
29
38
160
39
67
88
153
163
171
154
129
189
147
86
130
185
92
224
70
69
98
128
128
107
82
78
