742 322
631 569
43 254
344 335
238 492
558 615
642 610
586 614
351 195
77 101
174 640
482 705
509 610
742 624
732 403
451 787
71 17
47 123
736 470
145 361
670 709
753 142
64 629
255 651
489 16
657 681
286 414
236 456
17 35
452 335
58 272
245 609
252 656
258 67
591 399
188 73
479 671
379 380
264 396
667 570
726 2
451 480
167 96
582 718
358 512
164 629
126 389
430 189
237 230
695 73
640 640
458 612
206 519
183 549
772 574
327 376
185 565
643 201
528 10
277 755
220 236
316 483
159 667
390 790
428 747
163 415
402 167
545 385
613 305
515 233
160 109
762 216
624 119
302 351
417 457
206 656
388 239
220 227
12 45
664 307
560 493
127 38
515 311
753 37
46 137
674 370
58 399
214 199
245 684
556 81
696 611
285 275
112 306
503 690
232 650
247 550
137 723
99 341
718 383
386 532
699 505
781 343
588 390
271 356
96 34
405 662
170 30
54 84
519 197
90 726
757 315
317 371
361 218
645 399
619 25
654 194
553 677
30 268
442 589
36 204
568 128
698 762
205 78
278 331
627 352
730 235
334 508
655 729
642 291
180 438
211 178
441 800
431 449
748 78
215 309
421 115
188 717
615 218
625 245
453 780
51 565
550 380
558 302
36 301
169 744
196 213
618 55
574 149
669 557
125 228
466 292
715 397
129 784
467 674
109 756
680 41
607 550
577 696
658 90
9 173
475 549
249 575
184 91
34 740
671 415
117 162
575 397
769 777
155 724
319 94
537 64
337 519
257 780
492 460
32 195
119 712
373 619
120 591
553 245
617 769
616 686
166 408
487 0
248 328
644 748
596 182
21 256
33 360
116 717
104 133
417 650
786 756
672 125
757 347
502 190
514 704
676 670
148 740
96 601
171 114
422 29
382 616
176 565
591 26
678 715
660 48
528 616
118 533
726 657
128 45
484 306
483 777
373 85
756 376
128 340
247 123
174 11
481 83
273 412
631 491
177 418
396 386
563 28
714 694
1 717
185 583
88 752
334 776
300 8
465 86
85 718
790 564
669 618
636 105
733 737
169 1
669 262
22 525
57 624
238 677
684 652
565 496
465 191
409 69
120 624
124 76
262 5
722 283
11 232
482 549
362 52
186 422
344 644
54 521
656 217
359 338
127 162
500 418
318 503
462 434
68 379
641 70
80 7
27 518
256 690
95 264
398 249
114 458
252 8
64 53
118 288
37 508
503 677
665 465
280 396
272 31
477 233
353 798
233 592
448 379
494 513
493 294
218 783
192 313
100 606
794 142
617 543
308 306
85 436
681 307
615 507
395 470
734 141
31 460
662 28
334 610
329 454
202 543
424 641
379 477
357 673
779 646
520 521
294 54
267 378
91 544
220 421
427 225
460 309
435 118
39 412
414 201
772 282
503 624
107 246
126 584
369 287
693 436
390 764
773 203
746 759
123 796
752 744
466 207
272 154
119 68
360 738
693 209
498 687
761 431
376 71
367 496
291 161
250 264
255 591
608 257
626 704
778 372
38 161
577 533
317 381
687 272
294 205
370 62
692 140
61 699
795 153
512 284
408 22
696 549
569 714
597 665
748 243
492 644
117 355
234 186
235 755
395 392
732 427
690 796
33 581
511 81
531 224
771 614
602 269
217 81
715 215
348 591
791 346
19 793
131 318
161 156
700 220
349 312
641 654
282 476
728 372
720 468
788 739
413 254
735 788
529 506
4 686
613 311
305 46
582 156
279 189
513 740
244 727
700 473
188 264
516 534
149 351
276 133
571 579
396 452
385 0
161 5
726 536
213 513
169 250
152 321
202 297
99 367
46 392
236 247
51 201
317 389
8 76
56 161
59 172
43 184
234 380
42 365
244 305
125 319
69 323
26 73
219 286
296 395
330 396
133 285
64 277
236 254
44 258
8 112
145 149
176 252
68 364
227 277
61 171
20 25
292 344
189 325
11 211
96 152
30 314
6 240
12 272
224 369
84 189
24 222
109 163
122 365
59 88
35 235
71 366
132 257
87 324
118 176
4 129
58 361
139 318
85 213
271 360
46 288
125 247
140 284
115 327
202 399
112 342
82 178
250 303
56 225
107 269
81 216
276 362
87 130
31 225
262 325
53 202
79 364
95 334
111 340
3 373
97 354
244 284
4 95
165 371
19 65
86 293
322 378
77 342
70 199
47 135
123 340
65 306
225 278
144 356
153 190
121 184
181 214
28 269
89 361
80 173
364 383
341 372
148 398
104 209
144 282
30 143
246 303
76 307
140 177
146 261
126 171
216 246
58 203
99 299
214 260
200 229
97 214
89 217
26 61
25 240
176 295
243 396
74 331
352 372
87 386
46 86
210 281
44 61
175 345
118 249
48 60
228 275
136 282
24 58
276 323
295 367
237 305
144 168
43 116
93 328
14 213
201 298
33 228
27 38
250 343
154 175
45 56
4 297
93 116
38 103
97 310
197 226
77 333
28 104
238 284
214 354
196 204
74 395
24 182
136 239
92 270
41 160
71 372
289 383
292 319
203 294
210 308
323 379
189 338
196 374
218 375
46 97
6 196
50 180
200 243
118 313
83 155
73 111
15 318
304 306
72 158
86 260
19 260
67 82
67 257
169 330
27 375
178 364
156 394
30 186
165 256
76 316
201 300
54 90
152 226
216 325
42 245
23 32
6 50
140 305
125 341
8 311
77 130
177 202
40 49
10 244
212 243
319 346
55 111
70 365
151 213
131 139
271 293
115 138
21 346
44 171
272 328
6 232
103 340
30 270
119 338
79 236
120 361
138 364
47 379
167 378
73 183
156 241
251 306
295 334
71 319
280 302
54 301
283 392
160 391
42 371
130 215
250 348
267 293
127 196
149 265
30 265
25 351
224 345
35 81
93 153
307 379
160 280
116 350
292 346
72 261
287 316
33 268
75 264
109 230
76 373
282 356
236 366
217 309
299 395
285 319
72 385
126 299
89 170
106 235
97 265
330 343
47 266
13 223
200 330
23 161
17 189
178 347
108 242
254 366
96 109
47 76
247 366
287 373
177 284
98 337
82 141
193 213
218 340
281 347
175 230
113 166
46 260
166 257
149 256
249 391
142 364
13 54
31 239
1 339
140 263
0 289
293 310
304 340
319 372
271 305
273 377
259 291
75 239
121 223
17 269
115 192
108 120
78 107
55 73
25 184
12 36
135 229
8 342
216 235
59 356
199 371
14 18
161 297
23 75
196 232
104 269
13 240
172 388
33 275
26 218
176 300
14 164
90 232
53 315
74 173
199 365
33 393
216 268
49 83
308 379
327 344
172 264
156 339
189 371
122 215
20 180
74 299
46 220
259 279
3 37
111 218
4 399
162 199
68 79
329 376
246 275
89 261
137 254
192 261
22 345
348 396
101 312
237 293
268 384
2 270
202 207
44 395
241 302
110 337
291 395
297 334
223 320
21 319
74 132
22 198
15 139
48 134
343 384
332 342
115 254
45 315
18 273
0 376
38 111
29 221
7 50
79 128
39 100
149 390
35 122
255 357
102 124
212 250
180 374
140 238
133 292
277 326
52 202
65 181
98 358
335 383
27 251
52 53
242 323
83 133
37 111
25 223
151 317
168 175
91 287
57 138
154 369
47 242
105 201
274 304
39 148
232 349
296 299
56 177
36 298
328 353
64 131
209 235
191 378
2 314
224 226
192 292
149 165
80 391
120 385
14 358
76 112
149 314
25 336
123 274
25 180
9 245
25 196
199 325
228 250
104 397
225 315
41 291
29 281
69 362
16 78
46 251
5 116
129 267
188 230
106 122
48 145
55 103
157 195
220 251
137 178
96 175
195 387
145 371
63 139
67 142
66 76
179 350
355 371
23 31
94 264
200 212
82 150
33 384
295 300
212 330
146 294
215 386
100 273
73 340
120 233
14 151
18 100
41 132
80 290
59 264
87 355
131 318
195 272
109 369
63 326
262 269
50 351
15 64
132 173
51 153
136 175
103 287
153 313
199 245
56 278
168 197
34 113
56 315
120 147
45 244
209 216
4 27
73 103
80 302
214 283
279 357
33 365
222 361
88 264
37 55
354 370
156 290
175 226
0 101
103 111
378 380
53 207
137 385
316 379
4 52
177 305
48 91
0 110
116 180
55 340
103 134
221 357
36 190
34 102
173 280
330 384
23 388
36 51
47 323
123 304
352 366
122 162
68 236
171 331
178 362
358 376
80 339
57 185
178 194
65 251
40 205
18 317
5 206
22 177
50 232
125 372
236 289
9 104
111 255
377 389
240 363
183 333
287 333
90 196
9 107
275 303
268 303
97 370
117 265
10 62
273 389
27 129
278 297
193 337
146 155
147 185
186 248
150 276
180 336
124 289
35 397
106 162
154 321
231 398
54 231
227 318
292 366
26 340
184 204
82 142
107 325
170 203
217 361
85 113
24 217
9 165
90 240
200 250
68 335
94 239
250 384
43 195
85 151
47 66
148 232
27 218
98 213
263 360
150 347
247 341
247 289
0 337
93 350
144 154
60 130
95 278
17 159
210 347
57 372
22 140
19 283
144 197
139 211
332 355
30 119
138 254
81 106
148 290
151 193
148 156
32 88
19 181
104 107
11 272
254 335
143 248
67 166
57 236
72 192
132 357
60 333
70 371
65 392
124 383
12 391
117 174
81 209
190 298
16 28
43 351
177 198
18 329
116 206
126 258
147 385
13 301
236 372
112 379
37 340
73 274
59 326
17 165
270 392
54 363
154 188
206 353
255 340
29 210
160 302
134 283
208 223
52 95
41 74
69 210
100 148
236 327
72 120
341 352
238 360
187 310
200 348
38 306
151 329
56 95
3 111
238 382
350 387
181 220
164 389
169 343
42 209
242 311
168 188
213 368
58 89
85 124
96 226
96 230
23 239
247 352
274 306
192 205
268 275
45 75
198 244
193 376
112 307
144 152
219 389
226 321
55 274
0 213
160 249
327 352
345 382
127 179
92 370
154 163
39 156
72 344
73 255
134 333
198 360
282 388
29 347
370 392
264 356
11 64
123 287
327 372
173 257
13 363
37 255
206 394
51 353
81 397
35 245
45 177
227 326
79 341
125 327
21 366
62 175
169 332
128 383
13 90
112 311
5 351
14 193
7 351
43 157
100 377
246 384
161 225
71 352
108 323
9 17
109 168
21 285
198 305
106 245
169 384
101 213
90 148
212 309
110 312
128 335
36 153
49 261
50 196
137 335
163 224
259 395
3 55
169 215
1 394
218 274
114 155
39 286
212 348
103 274
20 196
148 349
124 128
187 354
276 379
102 383
100 317
122 216
128 289
81 269
110 213
96 168
46 310
101 110
74 357
20 223
44 126
115 344
76 266
85 289
51 298
231 301
218 306
0 193
52 56
244 315
152 197
266 379
167 234
46 370
35 106
114 158
253 267
2 174
317 329
23 278
152 168
95 399
82 281
198 207
63 211
264 388
3 255
55 304
11 195
301 363
92 354
22 360
46 354
152 188
66 307
313 353
288 293
96 188
42 256
239 264
366 372
77 87
192 344
64 227
43 179
48 333
123 183
240 374
169 303
266 316
137 138
2 30
20 240
250 330
37 221
313 328
33 215
258 299
155 233
155 294
62 188
68 138
223 240
30 117
245 269
343 348
17 338
253 293
16 209
55 357
3 316
9 269
53 161
113 124
127 223
219 241
265 270
87 390
14 329
191 380
12 160
204 234
5 12
153 353
207 305
29 82
195 211
50 240
241 286
150 281
22 238
91 373
204 240
289 341
137 147
105 298
17 107
189 245
58 222
136 388
120 185
87 371
75 136
206 272
34 141
135 330
187 260
2 186
15 387
68 383
37 357
253 271
46 129
81 245
186 265
175 197
156 219
12 51
115 366
84 165
9 325
108 276
116 157
1 156
103 218
0 312
183 283
176 298
130 371
197 321
217 229
228 396
127 180
127 336
81 325
0 247
163 382
38 218
69 82
68 142
31 95
261 294
158 233
220 392
126 291
171 296
190 300
92 314
228 384
78 262
168 230
82 210
342 386
312 368
202 225
42 199
48 77
174 186
16 325
128 364
333 390
286 394
11 36
117 248
63 131
33 246
228 246
229 243
204 380
115 137
92 392
267 288
48 390
146 203
196 336
298 300
109 154
153 298
286 339
53 399
149 270
52 399
19 46
130 145
66 242
85 98
169 324
202 315
6 156
15 63
391 394
63 227
20 121
221 255
332 386
22 382
247 312
272 313
59 282
70 165
114 261
99 171
389 398
355 393
27 306
18 358
79 383
324 355
6 7
24 361
157 180
70 122
65 220
35 70
359 380
35 42
194 362
80 241
100 349
121 167
223 301
185 254
109 175
3 340
36 313
58 170
38 274
337 368
164 317
245 325
213 358
36 93
154 226
65 267
45 202
96 197
13 231
221 279
152 154
291 299
201 252
59 388
199 256
144 188
16 262
26 55
139 387
151 358
61 126
157 351
254 372
169 243
92 97
252 367
114 205
43 180
51 313
229 361
89 222
135 243
347 362
174 248
3 73
235 397
106 325
158 205
8 332
32 264
84 107
37 279
225 334
39 90
59 227
14 85
194 323
177 207
6 39
128 254
132 279
1 148
56 399
32 388
357 395
263 305
41 299
351 374
203 222
243 330
77 145
191 322
241 339
67 141
322 380
18 377
336 351
84 159
280 391
28 262
218 304
35 216
68 124
108 362
164 273
150 210
10 45
236 335
300 326
19 214
29 279
60 87
13 232
93 272
2 143
23 264
209 245
26 111
104 325
1 7
358 389
142 178
12 313
69 276
188 345
196 240
177 238
201 367
134 390
121 322
72 233
142 347
95 297
129 220
69 242
195 353
73 373
123 134
111 304
113 164
129 181
19 370
241 290
70 245
25 204
79 247
36 195
202 278
44 296
122 199
32 75
216 397
157 336
117 314
165 189
68 289
35 209
127 184
320 359
71 346
134 183
35 365
62 168
104 245
85 317
1 39
195 328
215 365
312 352
153 328
207 315
2 117
273 290
220 306
31 32
250 396
70 325
51 176
272 353
68 128
171 299
140 360
209 262
73 304
180 351
24 229
200 343
33 35
26 38
225 244
255 316
89 146
38 304
320 378
154 168
161 278
154 230
339 381
126 296
49 294
106 209
223 234
48 87
93 387
234 322
48 355
237 263
230 345
48 130
136 197
172 227
283 333
147 233
99 258
174 338
167 380
266 307
234 320
135 309
57 385
105 300
116 351
232 374
2 248
69 150
102 166
114 233
28 107
86 354
162 245
97 260
86 288
84 119
50 336
93 353
26 27
99 126
208 363
233 261
35 199
145 390
274 340
180 204
145 355
257 279
205 233
93 195
10 75
209 325
106 397
112 266
155 158
95 161
9 84
72 185
298 353
73 287
331 395
179 336
242 309
136 172
237 360
84 338
21 71
10 225
125 312
109 188
20 127
133 155
49 146
336 374
16 107
28 78
158 261
121 204
69 178
77 390
323 362
57 115
59 63
158 192
252 295
98 151
46 65
15 131
311 323
14 377
253 263
232 240
308 347
176 190
105 153
171 367
162 371
20 374
157 350
51 190
247 372
77 355
53 278
37 395
4 306
61 258
12 394
191 320
69 108
41 280
115 185
121 320
71 125
62 75
98 101
55 255
281 308
2 159
109 345
167 320
12 249
1 286
64 318
193 312
241 391
32 278
25 374
205 294
66 311
291 296
39 398
8 66
27 220
69 194
98 376
124 166
7 206
181 267
26 103
173 302
219 339
221 395
162 325
173 259
180 184
290 339
94 278
156 286
175 188
120 170
7 394
233 385
33 122
91 183
249 381
103 183
229 309
36 272
86 187
141 166
226 230
163 369
33 303
170 182
258 296
207 263
215 324
320 322
164 358
76 311
82 347
60 77
36 328
143 265
98 164
90 363
48 386
270 354
21 133
85 376
296 375
122 275
88 94
204 320
31 278
132 331
303 393
190 252
146 233
194 276
167 359
22 244
44 99
198 315
54 398
7 156
184 336
138 335
11 387
170 217
377 398
228 268
132 259
47 112
119 186
190 353
79 289
49 205
219 290
62 96
249 280
117 119
31 334
47 276
72 89
246 268
324 393
31 75
143 186
355 386
62 136
144 175
101 376
53 297
69 347
136 144
11 93
328 387
138 236
34 124
42 70
89 147
228 303
52 161
115 236
75 278
31 161
116 328
19 92
113 273
27 52
51 206
55 221
52 297
32 239
79 124
140 271
48 342
118 160
40 83
70 162
66 309
114 294
91 333
212 343
135 212
248 338
170 229
225 297
324 342
172 356
85 164
91 342
55 373
32 94
6 148
319 366
113 151
285 292
159 186
208 240
49 344
100 219
346 366
180 196
21 344
138 185
118 190
110 193
121 191
83 205
25 50
63 64
16 269
47 309
381 391
29 308
111 373
153 195
100 389
162 215
185 385
286 290
24 348
204 336
80 280
44 291
224 230
23 88
109 224
214 370
3 287
183 304
276 281
278 334
44 299
45 94
1 349
270 370
25 232
349 398
284 315
20 204
161 334
196 208
299 331
1 290
177 315
99 118
108 385
30 92
52 225
181 392
242 362
176 201
2 119
17 84
81 104
343 396
153 272
99 331
132 395
46 181
203 261
58 182
6 90
96 136
114 146
178 281
233 344
27 399
11 116
121 234
192 233
100 398
205 261
275 384
127 204
108 147
60 390
327 341
2 265
119 248
231 363
60 134
21 292
84 174
96 144
260 288
110 368
98 317
51 160
135 217
89 203
211 318
272 387
9 189
23 94
207 267
17 119
226 345
277 318
176 367
237 271
11 328
136 168
140 198
5 7
86 310
102 164
198 238
79 85
255 287
41 259
49 158
14 337
36 353
138 383
296 331
90 208
279 308
66 112
46 214
129 251
35 162
125 366
38 55
109 197
80 381
237 253
107 189
50 374
65 129
18 398
258 331
103 123
57 254
239 388
169 212
285 346
146 222
291 331
335 364
39 349
135 343
238 244
307 323
167 322
163 345
61 299
314 370
288 310
169 393
17 174
20 336
140 237
44 331
243 250
45 62
252 300
150 308
57 137
128 138
1 232
34 85
110 247
110 376
3 123
305 315
24 200
151 337
74 291
128 236
213 337
356 388
329 358
302 339
130 386
154 197
140 253
131 211
337 376
42 325
213 329
111 274
75 88
38 340
327 366
198 284
254 364
92 265
80 219
148 286
72 146
143 187
7 374
49 192
53 56
242 276
63 277
0 368
324 386
255 373
96 321
61 331
252 298
51 105
56 202
1 6
220 267
109 226
178 335
8 266
40 294
12 353
181 306
20 184
146 205
241 280
324 332
18 389
133 346
64 211
11 353
88 136
130 355
19 251
32 334
102 141
269 325
320 380
270 314
309 330
16 81
46 267
69 281
138 341
194 242
234 378
254 327
238 345
159 248
265 370
182 361
45 225
182 222
142 281
297 399
283 370
329 337
177 244
302 381
66 135
15 211
113 317
89 120
49 233
209 397
363 398
275 365
16 104
307 311
280 381
284 360
181 354
93 157
105 252
203 205
137 364
51 249
47 307
197 230
190 201
188 226
263 293
54 349
34 164
102 113
243 343
151 376
169 275
303 343
45 284
56 297
253 360
211 387
103 304
62 244
20 234
81 262
24 170
151 164
101 193
26 304
341 366
97 143
191 234
38 73
41 395
204 223
92 214
106 216
23 334
57 327
276 311
317 377
64 153
241 381
12 118
125 352
193 368
64 326
47 194
71 312
125 236
73 123
82 308
29 150
142 335
209 269
339 394
182 200
42 106
13 208
121 380
19 354
61 375
10 177
195 350
137 236
150 379
72 147
142 210
128 341
265 314
60 145
336 350
42 122
26 274
107 338
276 347
65 288
119 159
219 273
167 191
214 392
260 310
126 375
5 394
263 271
39 232
77 386
196 223
98 193
11 153
170 361
207 253
317 358
80 156
64 139
57 335
141 257
94 334
171 375
97 270
171 258
43 350
227 356
67 102
273 317
117 143
223 322
170 222
6 374
155 261
215 332
319 352
42 162
118 201
256 371
329 377
184 359
87 145
31 88
236 341
214 270
51 118
19 392
105 176
150 307
34 67
386 393
206 313
90 301
158 344
31 94
132 221
137 185
74 259
180 350
101 337
78 269
14 317
60 355
75 94
61 296
99 291
172 282
114 203
354 392
19 97
88 388
30 248
5 313
70 189
242 307
201 295
189 256
350 351
177 225
88 239
63 318
88 356
226 369
118 298
22 284
136 356
114 222
121 359
86 97
224 382
115 372
181 251
358 377
26 375
257 259
108 194
183 287
276 307
165 199
121 127
254 341
236 364
342 393
119 174
215 393
144 321
318 326
116 195
117 186
173 381
132 291
188 197
50 90
87 333
43 336
160 381
111 123
258 375
131 277
116 272
47 311
40 155
93 313
158 294
19 220
253 305
40 133
83 294
71 327
81 235
305 360
12 206
97 187
41 173
9 338
97 392
159 338
90 349
53 95
108 178
8 386
25 127
339 391
26 296
213 376
316 373
215 355
159 174
260 354
96 154
131 387
243 348
303 384
163 226
76 379
208 301
112 316
132 299
302 394
146 158
243 309
104 262
59 277
223 378
267 310
49 155
144 172
210 276
4 375
200 396
129 306
212 384
332 393
330 348
33 169
249 302
34 166
105 190
14 376
163 230
70 256
234 359
311 379
101 368
283 390
14 98
71 285
91 123
11 139
342 355
49 133
217 243
179 184
208 232
155 205
10 94
284 305
162 365
130 324
106 365
302 391
266 311
142 383
53 225
126 331
100
31
61
162
129
97
83
83
78
149
83
140
132
52
224
107
63
110
82
107
124
98
164
57
62
61
115
108
66
73
59
72
49
115
74
160
108
79
81
187
128
169
164
36
177
126
50
100
141
113
88
184
153
140
84
156
65
66
119
75
86
101
171
45
44
119
105
33
113
147
18
98
118
11
25
64
66
72
95
127
177
50
198
30
94
128
116
79
141
105
102
169
118
77
137
75
76
149
71
95
45
146
123
99
30
11
90
176
104
194
200
47
167
151
91
67
98
178
113
160
91
25
105
85
109
27
74
106
53
84
58
96
65
96
10
55
105
94
151
21
73
197
77
129
74
173
120
78
211
139
52
86
32
17
180
57
166
154
188
95
119
50
80
211
108
173
114
70
63
74
129
154
39
154
100
46
32
188
139
154
83
122
139
114
81
25
142
178
110
126
189
111
6
71
115
124
104
119
136
95
95
111
148
30
173
92
63
96
168
98
36
17
80
84
109
76
129
173
80
123
95
95
159
90
167
30
40
169
152
119
74
146
66
152
73
118
68
92
140
179
87
81
117
97
161
91
95
127
98
14
155
88
141
153
76
137
124
68
26
79
105
13
100
130
66
85
72
167
106
128
84
174
104
59
49
175
81
30
116
57
89
201
118
173
97
96
84
79
176
133
128
137
57
102
99
120
132
152
40
88
97
198
188
99
40
120
191
126
103
14
87
45
196
109
127
61
53
157
101
59
32
83
110
58
154
155
145
168
125
167
132
75
160
76
108
144
149
47
131
142
134
141
52
57
108
72
54
140
47
131
124
65
140
175
81
121
100
205
85
90
39
102
161
181
26
47
13
162
124
84
48
66
168
94
169
195
138
60
193
110
36
146
85
94
61
156
99
81
163
16
52
83
75
88
30
51
75
112
89
63
65
53
273
81
92
22
15
140
156
118
78
104
147
122
21
75
183
99
193
111
37
68
96
35
95
89
41
137
58
159
216
142
69
139
133
40
180
180
102
205
86
113
124
99
77
28
85
38
105
86
91
186
100
117
233
119
109
97
83
147
125
38
92
165
101
88
102
27
125
40
58
113
51
148
33
125
72
49
150
106
74
135
136
133
166
149
134
34
160
68
65
132
98
61
34
97
201
76
63
217
13
64
102
58
100
50
101
92
87
178
155
96
71
125
35
186
27
202
6
71
23
152
168
228
141
104
66
97
48
200
95
33
123
88
94
81
56
115
56
64
114
106
53
62
182
75
28
253
72
103
76
63
75
135
51
115
74
69
145
133
59
169
87
31
107
30
188
202
127
113
158
51
85
120
75
56
91
111
115
40
41
77
205
49
142
101
74
158
81
71
100
160
92
67
98
85
111
108
106
208
143
111
73
71
38
146
109
72
47
81
119
164
53
55
199
190
181
76
91
111
95
93
190
68
117
59
201
42
114
134
88
162
124
11
27
88
152
30
110
176
19
14
102
61
111
161
112
248
216
194
104
71
83
88
45
154
35
93
148
73
146
84
102
89
85
136
58
35
133
158
120
110
202
182
41
97
78
140
75
107
128
141
66
163
97
91
87
134
98
41
106
39
94
152
85
78
123
97
56
9
149
155
64
35
172
123
85
166
92
108
91
227
44
196
86
79
30
51
62
86
91
65
140
76
123
135
69
65
147
120
155
48
120
111
113
123
143
24
47
143
169
75
137
94
76
102
164
145
83
122
105
153
80
79
33
134
134
44
47
189
112
139
171
19
172
100
193
45
85
49
81
208
172
180
111
136
56
179
153
19
240
85
184
89
36
136
30
161
83
117
145
61
119
70
66
33
75
209
131
113
106
160
200
169
146
110
29
131
203
89
45
61
45
47
59
136
64
124
87
55
139
52
222
46
37
74
54
247
74
87
49
88
72
97
31
48
133
41
21
165
150
169
191
47
191
85
119
83
73
61
42
104
72
84
80
57
207
66
130
149
62
84
116
135
210
75
75
88
39
136
236
53
208
28
13
172
125
48
89
31
43
178
62
95
145
112
141
102
107
104
46
55
114
17
50
51
193
59
121
63
171
80
168
213
87
63
54
43
164
95
60
58
107
63
20
167
160
68
42
67
111
38
199
122
64
126
34
158
74
185
137
91
114
173
74
59
35
74
29
41
46
84
80
117
72
99
88
84
142
85
109
132
257
123
100
56
125
112
120
136
46
89
71
65
175
19
70
55
120
68
195
61
206
63
141
87
91
105
65
190
117
107
115
104
80
130
203
123
65
89
149
68
128
85
57
155
21
84
66
66
107
7
114
218
146
149
50
152
134
159
46
37
63
25
77
42
53
141
166
44
220
130
46
40
135
124
169
162
23
163
123
50
59
95
88
105
64
82
106
76
63
122
110
82
108
54
89
15
189
48
137
47
159
144
193
144
172
81
48
162
140
92
138
66
94
130
170
87
142
88
32
84
59
75
85
20
88
34
74
55
40
80
83
177
137
55
53
39
17
157
68
29
77
50
181
29
118
75
47
106
65
119
62
60
28
84
137
48
194
83
104
83
35
126
123
24
80
165
146
67
130
51
43
46
109
142
95
125
114
110
76
92
46
22
118
212
38
158
82
37
145
169
56
86
118
145
142
100
69
138
73
64
131
32
117
117
112
83
126
130
101
95
152
25
69
61
71
144
93
82
67
116
53
85
53
106
154
40
116
61
143
92
125
97
91
142
36
130
22
56
125
62
143
150
80
194
66
59
38
31
22
105
75
84
115
78
198
26
226
111
135
181
84
113
185
83
131
105
118
144
53
49
62
91
96
104
177
185
45
89
56
28
92
54
74
93
174
87
122
77
169
89
166
157
30
108
168
146
38
39
184
170
70
155
15
77
111
83
106
158
36
158
105
35
22
68
23
132
174
42
75
164
113
178
91
146
155
53
148
102
114
146
203
203
23
145
66
59
159
168
97
64
63
143
119
56
242
56
60
119
53
78
78
104
143
36
24
104
87
92
118
126
75
25
100
63
199
180
69
179
184
190
93
167
79
106
36
18
95
80
146
85
68
134
41
47
61
70
78
68
150
88
176
83
110
64
40
68
105
53
22
36
82
110
199
176
183
109
141
130
99
42
108
42
121
144
165
151
63
87
76
50
92
163
181
53
39
141
68
185
80
59
123
87
157
47
57
55
173
114
146
51
164
225
25
61
183
89
121
59
62
148
36
94
54
61
55
110
146
45
124
113
93
199
87
51
133
131
116
132
207
110
60
73
101
150
174
68
106
60
167
49
103
46
89
222
91
101
159
81
50
82
126
44
174
97
134
65
128
61
178
100
222
120
90
89
105
93
105
247
102
159
50
84
68
49
140
91
65
185
80
72
169
144
127
122
130
35
150
28
138
126
123
57
44
121
195
54
112
52
84
24
34
111
34
106
19
196
97
190
133
127
142
20
79
19
46
151
97
103
38
126
173
124
114
150
80
117
186
127
103
50
81
117
36
107
28
183
45
147
106
55
155
181
19
141
52
108
54
95
165
118
140
107
121
115
45
99
159
143
108
53
27
54
43
142
40
33
174
110
191
91
52
118
165
31
155
155
65
78
147
92
19
26
36
169
140
50
96
95
18
56
133
135
37
43
135
147
32
168
41
24
66
120
106
59
41
70
82
214
137
158
80
105
77
20
85
81
77
28
37
115
168
210
106
88
133
117
93
175
67
103
66
77
83
101
100
101
75
117
129
100
61
74
98
88
35
17
174
125
126
117
160
69
105
107
32
110
45
161
60
66
154
86
83
169
27
84
103
47
73
103
195
83
105
102
64
149
49
65
106
72
99
92
34
171
69
89
159
38
108
159
158
185
84
151
85
158
111
100
125
119
142
137
187
71
83
85
131
47
18
112
56
76
55
130
72
146
161
68
76
37
80
89
77
138
156
100
183
42
102
79
120
100
212
225
109
57
41
172
213
121
34
94
86
54
77
73
124
183
75
44
112
153
131
81
155
112
77
73
24
71
119
189
108
94
109
72
25
58
83
78
160
124
43
108
77
72
104
129
160
107
106
131
58
46
150
140
87
110
163
101
52
59
61
160
106
31
109
105
150
74
128
72
58
76
67
77
17
100
191
127
84
39
34
175
74
184
70
150
146
187
180
111
71
18
293
46
109
61
141
127
56
85
123
66
51
197
100
113
129
59
183
48
106
46
20
60
190
97
103
78
241
115
78
177
67
131
137
72
109
102
125
77
61
86
44
35
73
97
93
78
103
151
51
122
71
120
187
23
77
214
180
164
122
91
153
85
153
50
103
58
118
153
41
44
87
101
201
55
118
189
132
13
44
190
119
129
18
170
66
69
128
136
136
158
152
113
170
70
22
139
107
144
172
128
103
163
104
114
72
52
186
93
197
101
74
67
127
81
202
83
174
126
68
55
89
58
151
53
256
112
18
161
36
56
201
63
165
89
61
65
126
101
214
77
130
87
79
50
116
216
36
130
137
114
33
48
53
96
185
75
64
30
87
33
186
73
239
138
68
100
71
164
43
157
158
98
66
155
19
149
154
44
69
