234 361
561 278
330 369
625 519
80 18
689 475
145 729
256 762
257 386
56 258
759 166
754 229
392 71
736 112
91 564
358 13
445 622
49 719
742 512
484 52
398 657
417 170
298 386
450 621
332 724
13 502
564 449
33 610
643 136
258 333
318 583
543 401
97 612
35 677
322 554
652 501
252 317
283 63
18 362
560 508
621 93
245 293
386 780
164 257
254 633
495 443
69 186
1 699
765 699
227 789
481 447
693 251
382 490
278 800
747 760
443 284
393 183
407 716
685 454
168 703
284 669
415 91
201 91
465 555
297 433
193 678
510 395
571 294
179 309
221 214
690 309
200 600
708 6
69 767
418 630
604 226
763 543
715 36
114 93
577 331
662 420
133 58
411 31
586 792
235 786
260 170
555 613
431 247
560 106
556 337
600 762
769 370
471 556
357 540
503 13
503 488
396 9
406 529
722 524
293 244
559 715
232 452
65 50
83 593
599 772
551 744
622 591
506 281
286 794
134 382
318 654
531 507
288 20
32 211
525 132
711 523
429 207
647 735
375 410
592 163
275 668
672 98
756 632
107 276
435 364
684 514
570 463
671 349
716 650
163 0
732 83
696 666
566 656
21 85
108 72
694 680
471 128
125 323
491 704
87 710
99 25
791 642
401 201
39 347
40 151
557 3
333 299
450 785
585 38
66 694
775 363
145 453
645 777
518 275
526 272
122 559
124 123
473 715
322 117
95 486
195 224
246 344
106 315
733 19
257 440
451 525
328 288
659 120
424 397
782 278
528 731
4 53
593 248
272 673
331 13
789 652
102 108
438 533
795 482
604 14
747 453
206 18
220 200
647 210
438 444
238 338
663 381
322 453
515 254
613 537
759 380
789 379
326 756
769 264
35 67
491 624
194 794
114 700
87 678
238 277
20 671
79 123
522 176
160 58
60 218
205 708
602 792
756 714
103 571
501 219
140 208
131 726
127 219
682 70
429 557
545 607
539 282
290 96
219 79
424 421
189 305
360 636
549 570
398 383
66 243
337 433
720 293
430 549
486 448
193 380
142 19
409 240
215 264
574 190
780 566
154 642
710 796
361 94
56 507
374 521
598 648
355 281
368 49
150 470
214 347
744 189
794 374
716 562
745 38
735 574
363 99
468 767
457 373
226 756
222 369
615 576
599 389
732 276
54 570
7 172
213 337
595 577
282 337
220 344
546 102
136 551
335 133
798 601
658 160
675 400
679 190
751 301
537 44
158 650
295 120
696 518
582 255
789 357
210 549
57 697
308 666
192 200
455 166
374 535
649 67
357 227
510 720
633 624
440 426
267 641
543 178
480 61
421 413
536 11
273 451
493 731
22 591
497 632
339 551
535 682
106 379
359 197
746 91
562 490
96 44
597 784
178 14
439 189
74 62
625 537
12 497
349 356
273 624
480 256
16 293
298 482
330 430
4 590
375 112
640 594
413 748
244 22
443 604
407 725
712 114
346 219
148 273
178 623
396 206
349 83
279 386
508 205
579 144
334 690
339 724
262 476
493 192
622 282
404 347
562 725
785 519
758 286
373 492
553 565
428 706
301 61
683 534
717 187
429 194
172 793
204 199
331 744
603 630
348 117
646 331
224 88
438 639
465 90
771 760
506 567
285 184
405 175
410 782
15 766
618 245
689 782
27 259
484 464
315 511
203 584
221 332
797 301
34 774
284 381
120 23
413 419
638 666
679 339
432 637
186 434
383 728
369 404
566 683
62 770
551 703
72 547
799 62
288 734
115 334
331 799
572 311
356 672
107 56
193 117
689 617
610 728
170 352
335 257
244 104
98 761
186 256
351 389
103 296
86 255
154 390
323 344
170 295
260 370
17 33
206 236
98 178
48 358
23 74
249 275
233 276
149 383
362 380
90 117
148 264
102 374
109 162
209 331
203 306
160 210
23 322
84 108
55 231
144 204
189 303
6 349
76 249
145 293
37 217
125 275
214 239
129 374
92 359
182 232
23 214
34 298
342 368
43 220
24 192
60 312
217 266
41 199
290 331
0 262
79 354
97 165
175 207
104 339
344 380
103 198
176 304
30 34
42 323
76 115
116 348
247 346
173 280
4 374
62 218
272 291
102 392
114 336
187 316
56 116
160 182
158 345
170 382
239 283
254 379
54 207
237 242
265 369
307 328
22 64
169 226
71 278
304 308
76 98
67 276
268 332
129 230
145 272
64 164
122 267
5 275
211 273
0 8
149 211
155 385
126 303
80 256
1 209
1 154
166 325
69 350
51 364
72 77
41 370
52 283
42 320
120 173
48 175
240 319
51 270
62 203
66 252
197 279
255 261
83 305
11 371
287 352
337 354
49 53
155 265
102 134
33 198
122 234
44 110
71 273
137 300
123 210
79 256
333 387
320 344
139 149
3 309
232 326
1 107
223 311
119 332
44 60
41 232
4 140
137 143
128 249
67 390
136 282
254 263
244 254
264 272
56 307
5 80
290 336
34 315
25 238
6 205
70 337
178 234
315 335
111 222
327 369
12 15
201 308
217 345
209 313
315 316
329 353
29 36
225 316
81 374
141 267
22 225
283 368
291 293
282 307
78 81
205 211
13 302
56 285
220 326
148 179
85 360
5 35
339 395
250 318
185 262
5 18
302 324
344 362
134 308
74 195
227 239
187 315
113 144
43 350
70 226
195 359
116 328
69 232
51 347
134 201
352 382
262 373
87 231
152 395
115 247
0 229
356 378
59 235
156 201
0 373
62 355
221 333
232 281
219 228
48 141
184 292
17 139
251 320
155 208
231 307
103 265
92 227
123 137
68 326
13 167
193 341
288 292
32 155
16 92
91 246
95 126
164 187
229 263
3 189
105 382
230 374
56 325
320 380
153 313
173 387
71 312
161 185
90 206
24 110
119 167
27 385
2 225
222 261
210 224
198 200
105 339
232 350
273 327
100 295
12 357
30 110
149 198
119 233
9 224
15 112
214 227
83 206
220 232
71 235
130 386
67 107
95 303
190 191
12 82
103 385
19 145
41 161
272 293
40 332
192 380
2 118
108 192
0 370
158 274
8 161
64 101
46 210
105 295
325 328
70 271
146 166
160 232
145 179
24 280
305 395
133 144
34 283
149 197
152 339
93 283
13 248
266 318
20 378
35 125
69 281
118 184
95 165
285 328
67 172
1 276
77 248
33 197
6 198
246 277
245 347
88 272
229 379
7 205
206 395
97 214
128 135
223 381
18 125
162 326
78 304
68 162
261 319
124 292
35 58
234 340
92 97
320 362
85 182
201 259
261 343
313 331
44 120
20 333
183 270
118 168
16 74
79 337
155 258
214 322
219 252
19 291
208 385
189 309
122 249
382 384
311 338
52 368
160 220
34 368
271 377
294 330
44 312
112 217
212 326
188 216
115 249
168 381
60 387
169 257
119 290
52 177
25 258
237 274
120 333
32 273
81 230
252 338
88 332
29 254
382 395
34 239
97 177
19 148
237 345
138 251
333 334
5 346
317 385
334 380
228 367
77 121
121 167
249 394
188 331
15 329
176 392
5 98
125 247
17 372
239 368
98 275
78 308
152 305
73 197
97 298
3 39
272 357
60 120
154 216
60 173
277 341
116 231
131 394
150 341
26 31
116 313
47 363
87 328
17 399
117 395
169 193
100 395
32 103
151 300
196 253
11 257
68 388
109 137
134 140
320 334
105 299
114 119
115 346
129 140
200 317
181 321
138 344
275 346
300 396
197 273
132 299
142 301
323 362
161 263
266 360
17 383
240 352
316 381
69 182
348 361
42 57
225 294
150 246
64 316
47 149
223 375
181 306
276 364
165 367
19 293
189 319
90 105
255 352
199 220
192 333
203 355
101 151
40 121
242 318
195 297
121 268
4 171
122 175
110 289
169 371
40 148
44 173
255 309
282 336
3 125
343 359
137 326
75 337
288 375
148 293
31 45
282 357
297 299
17 47
161 370
124 288
81 203
142 307
345 398
50 219
158 353
100 299
57 391
62 181
161 254
297 359
45 50
3 346
81 129
351 387
142 231
2 373
12 329
91 277
55 87
150 271
32 327
28 40
148 284
325 397
147 251
248 302
172 337
99 199
157 344
256 354
78 392
43 210
13 213
120 280
220 396
98 234
233 331
154 313
118 219
223 292
51 341
68 137
21 361
173 205
138 384
269 354
153 209
111 303
2 311
254 370
18 76
12 318
268 347
36 263
49 349
39 189
124 223
36 161
146 241
29 263
291 357
180 191
246 371
209 336
198 273
42 380
309 319
93 239
242 353
115 340
72 284
51 183
98 125
91 191
116 142
204 212
50 228
67 364
204 314
64 294
154 209
179 213
228 288
50 184
355 393
297 322
0 161
54 236
127 256
300 388
226 377
280 391
161 330
268 270
383 399
108 253
177 227
119 268
26 256
105 170
330 373
35 275
10 11
58 275
172 390
318 329
58 98
134 176
99 397
61 242
64 225
7 84
250 274
0 263
243 265
274 329
41 260
16 195
24 334
37 398
93 97
40 179
202 332
139 197
11 169
157 323
153 276
47 279
45 367
2 146
142 325
30 221
155 327
140 392
67 337
1 172
194 201
26 111
81 140
12 237
166 285
81 308
267 340
266 353
208 238
64 187
9 162
287 394
241 397
10 245
16 20
48 267
193 271
28 167
274 360
57 157
261 287
279 372
56 142
194 392
197 198
35 309
114 290
43 212
167 270
218 398
37 355
109 396
245 270
55 153
59 273
4 308
229 396
104 105
158 237
147 157
13 324
40 119
202 282
60 391
215 343
38 314
119 264
130 324
40 268
354 377
276 337
270 364
50 367
49 84
132 352
121 270
258 317
174 345
13 245
59 205
186 377
143 388
301 348
1 364
199 232
20 322
204 210
32 265
110 280
14 385
44 65
320 323
43 232
37 345
116 307
187 368
85 350
6 197
60 289
271 341
43 69
46 204
231 285
333 351
123 212
50 292
157 251
341 371
21 56
67 154
190 271
61 96
75 364
113 314
1 216
70 193
195 215
43 123
174 242
113 224
138 170
218 306
32 258
132 240
215 240
164 373
268 324
231 348
58 125
73 149
132 384
109 229
219 292
264 290
202 336
61 357
280 289
88 148
9 113
131 376
122 135
37 174
307 348
253 349
237 266
5 125
326 388
65 211
304 392
12 353
57 380
65 235
252 288
46 366
128 394
190 246
139 279
135 376
282 361
148 272
164 294
86 132
140 304
189 343
363 372
63 165
81 306
177 283
2 22
68 260
160 350
94 145
121 302
100 138
134 374
110 312
26 95
17 279
167 213
52 342
250 266
18 247
2 262
90 384
127 226
193 245
334 351
28 121
322 356
11 271
264 332
162 396
295 384
83 90
42 351
131 207
233 332
103 258
49 387
22 311
242 329
87 142
144 176
36 41
102 140
211 349
235 369
19 357
134 156
298 342
177 214
75 119
46 113
87 307
80 186
238 310
35 115
219 375
75 183
31 89
65 71
6 139
21 348
86 352
112 181
289 312
189 346
70 269
157 170
301 397
1 67
231 397
48 128
49 196
274 345
233 290
149 399
35 80
73 383
121 130
89 256
142 361
150 191
13 121
156 392
175 267
282 348
202 209
139 399
63 359
98 180
144 201
33 47
169 277
149 279
74 214
171 308
98 115
54 358
82 96
45 219
191 246
44 327
131 287
97 342
29 370
117 376
8 254
97 227
280 334
159 265
213 324
117 365
260 396
99 325
258 310
40 264
203 374
17 198
151 159
73 372
203 393
230 304
209 290
217 355
239 298
197 399
36 262
218 393
187 225
128 207
12 250
6 399
328 397
101 379
150 169
224 314
194 304
195 322
58 115
105 384
104 206
26 45
14 208
95 367
315 368
247 275
17 73
60 333
73 279
194 308
7 49
237 250
37 274
168 292
68 370
388 396
170 286
258 385
6 211
45 288
140 203
344 356
29 262
52 97
225 381
229 244
281 350
114 332
181 230
221 391
25 310
124 219
179 293
118 375
236 358
218 321
205 273
213 284
67 79
311 381
59 139
257 371
113 212
292 338
282 328
150 190
147 295
15 345
67 89
77 163
143 300
253 387
179 272
36 199
16 63
153 390
215 352
143 162
178 180
200 296
36 260
115 125
57 344
108 387
95 111
71 327
124 168
106 352
63 214
297 356
234 247
179 284
0 330
142 285
23 356
118 292
264 291
279 383
19 136
101 335
313 336
11 226
93 227
109 243
11 341
14 27
370 396
53 192
257 377
55 313
106 287
100 170
168 219
167 324
188 313
261 352
355 398
132 339
113 366
275 309
308 392
53 253
94 148
40 284
274 398
21 307
49 205
299 382
202 331
141 207
59 65
37 218
51 271
161 262
134 304
12 242
154 188
349 399
3 275
98 346
122 394
66 89
207 236
319 394
106 255
113 204
363 383
29 199
182 199
79 276
49 253
112 345
240 287
99 285
323 334
282 331
5 269
219 223
25 385
118 381
136 291
120 387
161 373
266 329
37 329
14 155
257 271
9 204
248 386
220 370
19 82
155 238
14 317
91 150
7 196
5 115
22 29
136 357
337 377
155 159
159 243
107 209
292 381
138 286
140 374
226 371
71 369
181 203
158 329
83 105
334 391
130 163
199 370
36 185
61 291
23 92
65 173
8 101
53 387
0 185
271 371
75 172
263 370
13 347
20 323
86 222
53 389
92 95
82 242
74 322
58 80
321 345
48 135
63 97
8 29
104 395
205 253
206 305
31 228
86 297
172 364
63 322
25 159
170 299
24 351
9 46
197 235
318 361
208 296
139 200
105 286
187 294
40 88
116 336
111 343
165 227
372 399
147 320
10 324
285 397
122 141
285 301
23 63
158 398
75 233
8 294
328 361
16 214
15 82
116 282
28 183
69 85
152 365
250 329
87 348
64 315
221 280
102 171
251 286
298 368
61 250
295 344
256 269
108 351
258 296
61 82
65 205
80 269
98 247
0 260
13 386
164 335
7 351
240 261
1 153
294 315
115 275
114 357
107 188
123 366
295 339
22 373
136 336
81 134
251 295
92 322
86 343
237 353
181 355
42 389
18 115
234 267
111 126
162 300
189 255
10 13
102 133
7 192
133 171
76 275
63 177
299 384
51 245
8 330
337 390
239 342
137 396
59 253
279 363
230 306
27 317
78 156
113 259
222 255
107 313
217 353
231 301
2 316
87 313
60 110
222 359
335 368
3 255
226 354
170 339
216 390
333 380
63 92
10 347
99 166
102 194
283 298
217 237
4 304
204 259
78 203
251 362
20 391
125 309
13 77
280 387
226 257
265 385
222 343
181 218
132 382
39 95
51 70
55 107
21 282
168 338
9 366
59 327
158 360
145 291
184 367
86 261
66 228
241 325
116 361
122 128
76 178
225 342
92 165
83 104
27 103
125 346
100 132
88 114
46 259
69 360
59 197
325 360
321 355
121 213
217 329
202 290
73 211
184 288
167 268
56 361
65 327
210 281
171 194
27 258
247 249
4 194
57 362
188 336
100 382
168 184
58 269
226 271
123 314
6 59
27 33
58 186
7 387
88 119
380 391
128 175
38 300
210 212
84 196
169 271
307 336
166 241
41 185
110 333
339 382
39 343
31 126
109 388
135 358
110 221
28 268
89 154
37 321
114 202
0 244
16 23
226 341
132 215
172 183
45 184
127 186
306 374
159 238
190 277
372 383
1 337
8 373
323 380
163 213
318 353
18 249
146 262
47 200
30 298
24 333
184 219
374 392
18 346
6 273
124 375
237 329
375 381
1 188
77 324
142 348
168 375
339 384
36 370
200 279
92 214
287 376
193 226
288 367
88 264
264 293
24 391
27 32
20 344
18 275
74 378
64 335
23 195
1 75
16 297
121 324
96 174
5 180
151 243
61 318
134 392
110 173
215 297
54 135
266 301
121 284
39 222
149 200
31 256
299 339
122 131
178 340
106 343
247 394
168 288
105 305
14 103
31 66
172 216
203 230
67 75
277 371
207 358
18 340
59 211
73 363
77 213
308 374
176 308
93 298
286 295
240 382
187 381
234 249
241 285
52 239
21 136
157 320
250 353
271 277
109 300
95 228
11 51
104 305
211 399
237 318
69 160
216 276
29 161
70 186
235 327
295 299
30 283
172 233
240 299
68 396
162 388
249 346
219 381
168 223
319 352
183 364
124 252
103 317
393 398
106 309
185 244
80 127
62 81
244 370
57 323
17 363
25 317
198 211
133 308
91 371
161 244
309 346
212 224
195 356
358 365
68 232
24 389
36 232
192 351
158 318
54 365
69 199
46 144
48 54
52 93
55 338
77 130
297 378
35 346
135 394
54 117
8 185
170 251
112 321
0 29
213 302
74 356
101 164
152 236
130 213
88 290
28 284
210 350
8 64
106 189
77 284
184 375
152 206
286 339
62 398
28 324
117 135
82 94
90 104
26 39
265 278
118 225
322 378
144 259
61 329
94 357
337 364
118 316
182 350
208 258
18 234
71 265
75 276
4 134
19 272
384 395
159 310
97 283
15 174
90 152
133 194
217 398
48 207
2 64
44 369
29 185
17 149
161 260
100 105
70 257
98 249
76 346
203 218
188 276
108 389
296 317
238 258
165 214
30 93
22 316
141 234
173 289
278 369
73 139
123 224
208 265
324 347
307 361
38 388
140 230
229 300
173 333
83 152
9 314
50 288
76 247
246 271
81 176
212 281
46 201
28 270
192 320
276 390
33 139
48 131
81 156
14 265
35 189
4 230
182 360
137 220
35 98
50 168
50 66
43 326
44 289
61 237
12 96
296 385
280 333
5 58
21 301
18 180
301 328
158 266
231 328
153 188
3 303
156 393
105 206
198 235
89 390
28 119
7 53
164 330
70 354
102 304
32 385
87 116
3 261
34 93
290 332
85 398
227 283
45 228
185 254
90 365
292 375
32 296
77 302
101 243
110 120
336 348
168 252
185 370
166 397
29 260
184 228
129 181
243 379
119 183
141 175
40 167
17 197
329 345
124 338
127 269
94 291
8 22
56 301
91 190
11 193
302 386
82 291
13 163
46 212
39 126
51 193
90 305
27 296
79 390
2 330
56 328
235 273
220 244
240 376
223 288
185 263
160 326
139 198
78 134
28 332
78 102
2 381
41 99
118 311
63 227
252 292
177 239
30 289
83 395
65 273
24 387
123 388
287 319
70 127
249 340
40 213
90 100
19 94
72 130
74 221
131 135
197 211
254 260
249 267
151 379
175 234
90 395
21 142
280 312
143 314
92 195
185 260
94 293
99 360
163 248
123 326
156 176
334 387
117 305
14 159
60 280
100 339
76 234
27 200
215 261
20 380
132 287
233 364
15 96
11 245
107 154
139 383
137 388
301 325
284 324
21 328
23 378
166 262
72 163
172 276
244 260
3 35
64 373
157 286
223 338
104 152
79 216
133 201
331 336
164 379
47 372
26 126
86 240
16 356
72 248
112 174
81 304
376 395
68 220
12 61
51 226
202 233
127 354
140 308
72 213
93 368
117 152
177 322
212 350
118 187
255 287
135 207
176 201
182 281
78 176
170 384
3 106
6 196
1 89
24 380
20 23
44 280
242 250
53 108
76 340
206 365
260 263
48 122
39 309
90 339
127 377
33 200
44 71
107 216
242 345
180 190
94 272
352 376
45 95
93 214
7 253
138 295
236 365
106 319
269 377
128 131
257 341
62 393
92 177
186 354
6 65
76 267
173 312
252 375
351 380
204 224
187 342
213 248
244 396
106 261
86 195
84 253
163 386
203 392
111 367
43 281
32 235
0 36
262 330
16 378
32 208
133 176
157 295
67 216
160 199
67 153
160 212
150 277
169 341
286 384
114 136
51 257
286 299
117 236
30 312
150 371
15 242
270 347
158 250
195 378
304 374
215 359
167 284
376 394
100 384
294 316
42 362
85 274
119 202
107 153
158 217
123 162
68 263
255 319
214 283
26 303
99 146
192 334
98 340
37 112
9 123
160 281
4 102
78 201
175 358
33 149
21 116
8 164
89 216
210 326
155 278
118 223
18 178
104 117
120 312
344 378
43 160
136 307
301 361
10 302
163 302
157 299
106 240
86 106
56 282
14 258
14 296
93 342
220 260
56 348
101 294
96 242
129 306
231 241
20 221
17 200
23 297
37 158
286 382
165 359
223 252
204 366
18 98
73 399
50 95
137 162
53 84
57 320
1 79
120 289
66 367
58 180
230 392
46 224
28 213
105 395
139 211
191 277
192 389
261 309
306 321
45 66
1 390
164 315
103 155
4 392
314 366
64 330
258 265
91 271
255 343
192 387
274 353
220 263
0 254
196 349
70 341
166 311
102 308
45 111
154 276
27 208
198 279
231 325
84 387
22 330
225 315
68 244
20 356
42 147
147 362
103 208
29 244
217 274
11 347
283 342
20 74
244 263
138 299
130 302
100 286
146 311
224 366
130 248
67 188
191 371
227 322
97 239
16 322
193 371
218 355
20 57
79 89
61 136
110 391
129 203
123 204
188 209
43 68
142 328
29 41
229 260
238 385
278 327
84 205
33 279
22 262
215 222
14 238
159 385
266 274
153 154
229 254
145 148
217 218
193 257
165 177
81 392
84 349
216 313
130 167
183 347
328 348
39 111
263 396
85 281
189 261
14 32
219 288
7 108
86 359
186 269
62 306
109 151
57 334
10 270
52 184
310 385
136 202
114 264
187 335
38 162
333 391
146 397
285 325
52 187
162 224
134 203
32 198
111 359
39 303
49 108
70 377
153 216
38 143
128 141
68 123
109 379
86 215
13 130
183 268
42 192
294 335
118 288
138 157
153
127
81
104
104
52
77
16
125
161
197
124
34
124
161
127
67
69
143
107
175
18
136
144
42
82
153
134
132
97
44
61
80
37
107
64
57
170
135
43
105
144
76
54
138
29
118
160
103
71
118
142
112
175
190
84
100
58
33
78
81
74
60
103
79
75
72
95
84
81
163
36
86
130
87
133
90
117
170
135
39
113
89
243
65
106
55
154
56
110
88
96
136
76
190
100
90
118
37
120
65
63
94
86
17
88
132
72
90
80
100
50
17
221
50
103
71
34
98
86
153
201
141
115
88
63
127
123
31
18
91
109
108
61
81
42
21
198
185
31
62
42
54
122
48
96
156
109
111
92
189
234
38
69
121
70
64
71
128
66
94
28
14
39
95
166
157
125
51
84
78
58
125
72
66
56
77
120
51
73
135
55
104
99
167
106
76
62
157
71
167
54
113
93
133
139
119
68
68
50
47
16
75
51
124
61
104
159
113
160
84
52
96
60
94
107
76
74
97
206
71
66
128
149
54
149
197
74
53
181
47
71
104
47
86
137
22
89
110
220
87
73
91
141
74
35
128
53
191
171
86
76
82
31
136
14
23
59
110
155
139
102
62
72
131
158
94
85
175
81
67
130
89
59
129
186
104
102
134
62
36
47
61
139
133
146
122
49
196
19
174
49
45
95
74
136
172
76
99
83
50
124
79
42
75
124
136
100
135
41
49
64
159
94
140
123
90
75
169
99
179
52
82
256
50
159
95
183
51
123
48
106
94
71
76
19
97
22
182
71
162
134
156
48
173
184
31
146
118
61
63
159
124
102
104
84
198
93
169
94
95
120
107
139
125
112
62
231
136
188
35
100
111
53
27
194
31
126
86
171
69
123
164
148
122
30
147
139
201
172
100
164
26
35
33
216
45
87
158
94
123
123
85
80
55
52
125
27
158
141
137
159
101
93
209
114
76
38
166
239
45
63
50
168
102
100
57
102
40
168
94
24
128
18
44
201
183
61
59
73
115
53
42
70
111
142
128
136
101
81
139
199
137
100
25
167
122
117
130
32
106
65
114
59
102
130
163
176
34
155
66
160
151
55
35
181
38
54
75
110
33
77
126
211
93
69
36
133
91
119
47
70
122
64
97
71
161
96
159
62
42
83
49
151
67
154
57
67
111
69
124
139
98
134
105
101
110
138
23
117
125
84
82
104
23
95
43
71
180
53
128
74
54
46
64
77
92
178
90
55
103
57
104
44
141
134
107
175
86
36
86
112
14
87
148
48
176
141
70
129
81
112
63
137
119
79
180
68
72
42
111
127
36
164
206
41
20
126
154
96
95
109
224
38
78
119
65
92
85
50
139
129
144
80
7
152
70
137
148
45
68
143
112
147
64
158
84
193
133
92
94
64
100
158
111
109
197
116
237
54
163
38
99
138
32
74
88
150
108
28
75
137
83
114
40
128
83
61
144
75
158
62
122
65
107
95
134
72
108
66
93
101
31
200
137
193
105
113
183
81
123
50
140
113
41
14
108
145
97
117
95
66
94
151
186
177
29
71
220
97
22
50
111
70
82
34
34
133
178
60
36
45
197
45
133
84
124
95
125
101
49
104
94
232
54
247
23
154
87
164
67
52
129
231
103
44
153
96
105
126
126
121
125
99
25
120
77
50
108
176
138
143
100
95
24
108
100
60
87
227
19
178
48
148
164
155
120
102
73
111
103
101
48
103
30
68
36
79
106
151
83
80
49
94
102
88
74
139
110
26
158
24
92
163
95
144
106
120
66
114
69
112
103
109
190
55
165
203
128
76
225
103
52
72
96
45
47
183
175
104
147
94
56
191
122
146
102
112
170
32
95
107
135
68
75
81
151
51
105
221
86
156
50
117
124
63
82
61
190
124
24
74
154
31
60
114
200
129
108
123
146
110
122
120
109
103
27
196
204
19
41
63
205
20
118
196
108
80
209
70
32
151
122
141
145
122
125
142
224
74
97
179
59
112
138
83
170
76
94
80
85
64
198
72
153
216
140
122
205
133
146
191
73
54
72
40
60
73
73
83
59
72
57
54
5
118
19
65
103
37
43
33
142
174
170
70
116
126
61
29
82
112
81
5
89
159
53
136
115
193
73
94
87
96
79
137
137
81
59
127
206
49
25
84
168
156
51
184
88
153
172
62
214
67
42
60
108
94
93
84
113
100
66
188
101
51
56
43
61
129
140
162
107
107
166
111
238
154
138
71
173
160
108
43
63
58
120
61
62
54
181
63
209
93
115
126
84
118
60
133
72
80
96
56
143
164
41
67
35
62
143
204
117
72
102
272
88
41
66
80
113
116
190
78
123
68
72
184
79
115
73
111
19
195
116
72
69
155
63
56
44
175
97
105
205
116
26
99
111
107
98
222
82
165
101
103
63
26
104
40
176
102
149
132
104
112
35
168
109
105
197
67
33
100
47
32
100
203
52
97
211
68
97
41
198
169
110
113
90
78
24
216
160
50
88
249
87
58
197
147
178
244
139
67
81
102
105
168
59
97
73
85
98
38
51
164
129
60
152
91
84
94
101
149
148
89
34
121
52
60
76
97
64
141
186
139
88
55
92
77
68
60
73
238
90
170
124
92
47
46
87
35
215
75
34
121
82
57
107
102
41
169
148
57
100
63
138
104
80
73
150
76
97
53
45
214
35
135
52
136
236
92
41
80
85
132
185
102
75
156
182
110
71
59
112
72
193
102
48
75
13
98
141
58
110
202
76
194
109
172
66
187
175
141
43
65
7
88
37
69
69
141
85
122
41
126
90
149
134
149
156
118
99
69
96
134
86
36
80
54
65
94
109
97
145
105
96
70
75
23
192
35
46
25
103
84
56
70
64
170
158
159
39
113
161
36
106
35
168
176
67
185
122
98
254
43
54
66
101
81
109
81
96
64
123
131
318
60
54
76
171
57
51
8
58
57
171
135
78
123
75
97
56
80
33
34
125
79
136
85
92
110
74
54
62
149
192
108
46
111
113
91
76
63
29
98
66
99
67
129
121
28
136
60
190
113
129
32
95
95
79
73
94
157
68
34
77
35
88
136
251
166
77
99
62
170
151
73
49
114
110
79
134
46
90
101
47
107
80
127
57
100
152
95
147
142
26
41
74
85
94
69
61
175
114
35
142
69
56
133
26
110
63
29
87
25
184
73
93
197
128
111
116
38
81
70
45
144
63
36
163
147
70
73
92
188
42
9
64
235
74
70
77
95
142
173
110
96
165
99
148
29
100
137
72
45
190
141
187
57
107
56
187
251
128
167
96
95
100
23
43
116
102
121
189
144
99
57
78
86
46
141
134
125
209
120
26
156
144
127
54
113
195
238
89
134
42
78
178
164
95
177
115
99
101
68
68
60
28
64
29
186
127
53
35
45
31
158
64
116
110
82
95
50
162
63
139
114
206
64
44
69
134
39
122
76
177
79
113
179
102
133
76
79
179
156
161
160
102
162
156
124
146
66
55
122
176
172
167
172
169
171
69
27
71
126
81
78
36
149
148
46
42
72
26
201
145
109
180
84
75
44
61
99
78
147
44
87
107
81
197
79
14
99
160
20
115
107
226
54
189
96
29
40
81
90
109
92
196
12
96
201
99
100
141
69
59
47
27
84
74
212
236
152
63
137
56
35
55
57
32
19
94
78
102
28
79
81
22
96
110
90
125
153
100
114
194
225
128
45
112
111
71
126
186
79
178
103
217
144
32
69
52
81
96
167
87
60
132
157
211
26
49
129
35
95
70
53
167
223
54
17
50
152
119
133
175
169
75
104
48
74
38
29
193
73
66
93
80
37
13
37
74
40
86
91
172
90
42
126
157
18
155
52
61
107
46
167
19
43
118
60
71
130
84
68
94
118
103
188
68
106
68
31
51
47
153
209
77
121
129
112
79
13
70
173
10
168
88
56
15
30
169
52
184
76
121
106
91
115
83
47
43
32
79
52
66
69
111
95
112
148
143
70
126
76
154
201
120
84
187
44
213
85
114
103
87
114
137
29
80
176
27
76
104
65
101
25
31
76
71
57
81
218
90
176
107
39
92
123
59
95
125
127
38
126
27
88
92
20
91
87
84
57
137
62
94
74
82
93
76
34
102
74
174
37
86
95
123
90
258
37
143
90
44
191
132
147
108
101
156
120
111
158
115
75
106
73
52
41
72
66
21
107
86
59
118
183
100
204
87
76
46
90
69
51
119
84
96
30
162
71
64
111
217
132
139
45
58
82
192
96
100
162
66
99
96
61
189
203
89
70
82
100
27
41
79
112
22
108
92
169
40
135
206
49
126
55
55
84
68
70
133
40
96
118
84
9
56
27
98
156
87
72
71
87
101
66
38
100
14
91
43
151
46
140
88
73
120
15
66
120
84
233
220
41
84
77
173
73
96
15
31
115
175
97
45
76
134
86
190
176
105
31
96
156
52
132
38
88
169
52
183
92
108
250
196
134
184
108
164
244
54
77
35
126
244
117
195
113
27
111
78
36
35
113
82
188
26
51
100
92
65
120
42
