754 370
413 582
194 398
154 185
778 574
671 360
15 738
760 51
96 540
307 376
639 343
609 776
23 282
713 81
629 43
97 393
101 705
243 55
276 383
193 354
94 568
157 35
565 82
146 662
569 681
527 767
647 368
268 399
513 565
342 382
133 290
696 666
750 661
715 201
349 323
705 86
117 195
193 659
131 246
542 724
19 476
446 49
694 366
439 509
192 171
687 647
482 372
421 393
109 118
192 217
634 264
658 448
16 34
258 427
398 471
676 439
357 345
59 647
275 459
389 520
226 667
353 495
425 661
408 339
624 192
585 593
595 693
711 189
425 558
325 396
22 194
749 41
403 788
755 284
50 310
649 438
594 584
113 583
426 465
344 26
66 450
702 379
784 589
265 647
414 173
714 449
512 305
584 262
583 70
576 375
227 381
122 62
605 739
264 422
201 128
55 14
38 30
333 308
195 40
67 135
180 176
521 624
742 784
146 283
519 463
608 207
206 321
218 562
34 521
292 799
611 450
734 503
573 522
734 124
300 544
434 702
678 269
506 791
84 311
732 2
55 268
484 746
641 545
265 661
393 662
342 210
318 644
619 40
491 32
449 416
19 313
384 246
82 705
660 376
67 564
225 737
196 674
159 343
669 430
359 546
394 391
603 266
162 692
197 650
735 307
352 523
626 62
542 132
492 286
425 420
739 23
431 317
161 528
668 80
528 655
323 156
3 789
789 706
378 502
291 596
501 275
229 251
767 438
303 110
296 603
247 190
761 59
392 452
459 1
319 86
389 210
399 708
673 633
614 386
589 41
35 135
167 445
4 570
257 471
701 62
611 500
655 332
709 795
722 551
539 352
262 325
65 102
746 103
645 384
640 598
323 218
657 325
319 727
537 205
252 1
145 289
614 140
63 415
478 565
560 486
147 193
265 123
673 277
414 495
479 165
538 461
657 432
169 265
442 576
540 200
314 266
795 783
320 22
443 206
376 630
497 112
40 744
154 574
215 755
735 536
548 706
471 588
764 540
780 727
81 580
532 552
632 679
197 440
169 24
414 533
65 788
95 172
435 398
761 549
409 303
398 574
510 736
364 627
22 62
72 436
87 551
797 727
596 795
369 122
74 724
165 353
724 337
402 716
86 34
282 12
598 242
30 724
14 196
298 735
324 250
580 575
119 486
77 296
85 92
207 364
572 85
780 164
447 495
448 126
433 290
615 504
715 458
453 679
300 95
536 71
533 186
476 145
713 703
342 699
460 729
704 629
512 16
56 475
301 69
121 354
660 118
497 746
228 103
1 293
681 800
99 421
266 446
41 346
794 82
215 777
481 2
121 157
253 301
559 344
415 377
557 357
29 696
96 251
773 266
240 656
553 632
767 229
209 200
643 706
290 588
251 510
292 354
74 387
204 567
483 142
441 500
418 350
277 751
197 121
410 254
572 98
140 660
625 54
367 414
388 7
51 506
368 204
474 421
19 548
762 762
49 38
592 526
538 181
435 556
741 717
364 614
392 29
565 32
241 634
586 607
195 312
484 572
88 320
497 627
338 53
663 85
95 550
206 137
63 247
711 197
572 42
21 694
456 51
270 763
728 93
18 107
694 608
588 617
359 263
319 135
329 420
479 536
442 110
236 128
214 147
173 167
606 427
97 269
207 481
667 467
460 71
30 103
689 78
64 436
31 648
277 627
309 334
52 764
89 40
294 748
793 172
186 341
45 134
345 262
781 474
547 279
379 107
615 256
231 28
353 617
45 474
203 222
193 6
724 344
730 169
539 522
353 67
136 589
732 455
168 460
13 10
466 241
780 267
591 532
408 709
230 251
1 221
208 336
135 142
15 287
30 38
242 284
26 206
24 226
2 53
325 373
89 173
159 333
44 200
6 132
315 345
55 188
118 337
240 392
32 82
48 291
132 142
54 59
273 312
153 280
82 219
27 93
160 193
68 203
163 339
63 151
140 311
8 77
1 235
342 358
61 167
270 271
107 152
209 250
75 110
22 147
129 167
272 324
98 228
116 344
225 255
77 341
17 228
239 385
186 258
171 267
173 188
74 120
146 260
118 120
172 351
167 203
194 383
22 146
126 214
78 158
78 232
190 353
40 320
195 297
318 355
10 26
305 308
35 71
255 390
262 328
13 71
174 269
51 206
100 291
108 277
19 335
231 291
212 331
243 268
134 341
280 367
279 307
154 352
46 47
34 56
317 345
122 183
284 324
170 190
108 323
3 360
164 304
85 266
85 379
341 392
50 87
180 265
45 303
65 300
169 268
176 227
99 366
88 345
249 387
253 273
321 378
153 179
296 369
193 250
185 335
100 165
269 290
173 295
6 230
90 106
265 364
99 350
292 306
3 302
23 316
174 345
14 345
92 242
308 392
60 143
349 389
33 389
146 280
92 284
84 125
2 90
130 283
84 321
16 372
296 346
154 334
161 207
182 223
92 236
127 146
313 358
48 377
270 327
152 394
75 173
23 132
27 58
122 265
70 231
51 364
218 348
149 311
105 193
17 194
70 175
54 158
198 328
76 334
73 144
109 348
188 191
197 287
294 322
128 168
126 330
65 101
211 223
77 217
86 295
110 206
165 386
347 357
75 85
157 223
50 141
211 329
111 219
119 166
14 88
9 371
125 190
24 303
271 309
68 336
9 306
55 206
80 277
248 258
43 203
39 121
24 154
60 83
185 306
11 66
217 224
147 193
41 263
268 278
86 148
78 322
301 344
103 335
24 39
260 269
223 329
120 283
5 10
81 388
154 220
334 398
189 255
176 363
188 361
36 100
42 191
169 278
50 382
151 294
248 325
1 336
151 160
5 181
126 159
113 344
0 162
149 167
358 359
94 100
76 300
12 74
39 92
45 329
4 222
177 320
187 367
33 113
127 340
66 154
44 302
92 303
102 182
57 132
88 146
157 272
195 279
237 273
55 393
27 355
164 237
14 332
109 374
75 133
390 398
135 348
266 364
32 241
90 245
129 294
87 193
83 304
230 244
245 279
206 266
38 343
186 248
20 392
50 64
181 188
32 324
168 319
41 347
67 344
217 240
113 166
17 201
58 355
224 392
33 261
69 318
27 178
37 333
196 260
25 242
304 333
236 267
107 305
269 345
139 235
81 138
97 306
192 374
46 295
6 251
189 351
302 342
47 129
45 226
244 251
262 310
9 27
43 356
212 319
319 331
301 375
254 378
278 383
189 334
114 304
50 202
142 143
200 291
43 158
3 49
181 388
163 391
49 386
88 317
107 308
264 314
221 356
96 325
125 131
124 237
271 357
31 329
60 370
75 138
253 312
45 351
22 332
103 137
5 133
123 126
40 197
10 202
7 288
47 318
228 383
74 343
47 311
201 278
70 377
123 304
199 205
349 367
224 240
53 93
132 316
51 266
28 101
136 316
80 368
100 359
73 397
148 264
41 357
114 164
121 399
172 303
297 362
171 192
145 235
48 175
208 235
110 180
144 397
213 396
163 169
49 100
255 352
171 273
193 209
99 258
155 201
11 25
57 244
168 290
62 214
383 387
38 120
52 238
191 246
182 284
74 362
132 251
47 167
2 19
97 371
32 157
101 300
20 240
158 167
168 365
183 233
132 369
209 270
232 311
282 342
112 205
271 327
0 246
22 260
80 239
62 237
46 184
127 260
121 220
144 388
48 186
35 153
172 275
33 397
220 236
194 278
57 346
46 151
1 68
135 312
104 322
93 355
241 324
59 68
155 243
43 328
275 329
113 187
41 276
289 348
153 317
126 192
102 329
28 255
134 392
200 360
56 306
115 267
238 350
254 353
172 272
93 178
210 371
51 138
79 212
247 267
118 287
133 191
39 281
106 259
198 225
44 94
286 355
41 290
302 360
53 227
288 349
344 389
61 158
105 196
263 347
246 388
119 150
56 371
192 348
195 335
140 318
102 272
114 139
49 302
388 397
70 252
110 265
91 228
157 211
227 363
9 53
0 81
59 229
6 296
185 371
65 225
55 364
13 153
139 145
72 171
208 356
271 365
46 322
43 310
186 325
122 351
48 231
155 169
159 164
147 269
64 382
91 373
44 100
54 318
113 389
84 271
136 142
21 91
175 258
82 233
205 390
267 281
306 371
276 290
86 293
109 218
178 305
54 229
21 98
169 212
23 392
83 123
25 281
268 391
197 385
2 394
32 45
56 140
370 384
25 92
120 343
138 206
8 134
18 259
320 368
277 285
91 95
165 359
238 258
127 345
136 333
59 61
43 59
147 315
173 184
107 333
5 246
42 133
68 198
326 398
155 163
136 143
5 42
70 99
89 293
198 338
321 353
140 167
192 273
285 394
254 321
86 184
190 378
220 281
247 273
116 181
141 382
42 138
22 269
348 374
155 268
93 227
137 245
89 295
138 361
110 361
178 227
41 331
29 355
278 339
282 358
56 311
124 267
158 310
135 136
39 274
279 285
12 283
139 229
8 108
197 277
37 299
239 277
170 213
201 354
40 368
304 384
29 318
30 279
248 373
251 346
37 136
11 242
82 183
36 297
222 266
215 365
101 221
228 373
118 362
183 222
219 266
31 172
79 278
20 77
120 297
72 247
123 374
310 328
65 255
164 330
23 37
50 116
260 315
2 376
148 380
147 271
203 310
38 195
145 229
263 271
77 392
199 398
10 133
34 306
354 391
14 153
364 393
0 5
90 376
258 350
117 121
87 141
277 320
258 325
286 363
85 206
4 32
96 366
251 372
153 349
219 379
11 303
88 269
5 81
130 257
19 137
124 384
83 333
213 314
337 362
132 296
203 229
111 379
183 275
61 203
133 138
117 274
19 90
243 391
187 261
46 232
121 236
163 201
305 363
257 283
91 248
55 81
24 66
49 360
301 397
47 149
81 188
198 336
94 282
21 383
14 127
236 274
163 354
149 322
100 313
102 241
166 187
10 89
267 274
98 282
80 197
86 380
235 330
317 340
124 399
87 380
52 325
48 91
238 248
212 268
127 153
13 340
103 362
131 170
59 235
283 287
62 399
162 266
325 366
135 374
79 339
115 247
375 389
192 312
279 337
133 173
112 398
219 222
300 352
178 363
62 267
4 233
74 297
118 343
137 279
30 362
235 384
38 207
261 375
128 365
112 326
40 323
99 377
198 221
18 27
197 307
241 329
79 391
332 345
11 284
119 179
269 365
226 352
256 285
302 386
177 224
287 337
129 232
309 357
201 282
257 362
368 385
316 392
131 378
151 264
106 376
200 386
46 129
200 231
63 311
180 364
256 385
91 98
64 250
8 256
103 118
160 380
10 50
115 121
121 267
204 396
6 244
241 272
223 241
16 251
147 215
44 360
97 210
30 335
237 384
245 335
69 371
212 249
290 365
7 35
4 111
91 258
152 308
215 347
15 80
21 373
22 174
28 356
123 164
299 333
245 376
26 81
182 329
128 290
154 300
52 95
137 376
260 345
135 289
130 287
52 366
64 105
195 245
37 60
20 224
62 247
248 395
354 381
23 60
239 320
40 277
229 328
161 386
134 320
274 399
122 255
71 187
62 171
189 226
175 377
186 366
110 173
205 322
9 18
16 316
28 300
326 390
15 197
373 395
57 224
171 247
51 361
291 360
54 310
275 351
106 292
312 348
96 238
35 367
304 370
342 359
85 138
250 382
292 335
19 245
149 318
58 178
269 332
4 82
60 142
153 367
40 239
210 378
76 352
66 226
13 113
270 309
69 93
88 315
9 56
23 136
97 353
99 186
32 351
103 297
301 389
185 259
51 110
106 207
15 279
314 378
117 242
165 302
33 67
293 380
41 168
268 282
125 378
5 173
179 349
240 320
33 116
8 224
123 253
197 368
53 286
164 333
103 207
81 133
154 338
35 166
101 334
29 69
66 300
35 349
77 224
108 320
234 311
148 396
32 272
215 263
3 231
95 395
186 377
151 234
102 284
34 353
83 126
266 393
56 294
39 117
314 353
59 145
211 324
168 331
111 266
256 277
28 221
16 230
140 232
118 130
122 180
152 341
104 390
207 386
170 321
138 188
65 398
187 349
163 243
37 142
249 278
63 234
0 388
46 311
95 238
151 314
55 85
259 376
214 384
115 281
263 357
124 330
237 330
47 322
50 250
132 346
76 189
194 212
82 222
36 360
36 231
53 58
134 224
53 178
83 299
46 86
28 390
23 142
48 258
190 321
204 309
18 371
1 214
54 167
193 270
215 269
45 189
129 322
336 356
182 211
50 181
59 158
1 198
123 312
141 250
56 318
75 364
143 333
34 97
162 379
19 279
73 301
47 63
30 103
31 226
31 157
167 318
226 303
75 206
26 89
76 112
27 259
308 333
73 246
84 213
314 396
141 380
105 250
52 373
39 66
227 286
19 185
261 344
350 366
43 262
36 291
93 286
191 388
211 272
118 307
160 264
25 117
120 362
72 399
76 122
59 203
181 191
191 382
221 338
201 359
243 354
91 186
169 201
10 42
218 312
34 371
183 219
186 373
187 389
61 139
259 335
280 340
100 200
80 256
335 376
62 115
140 149
182 272
156 216
159 304
26 133
127 174
228 387
5 388
222 233
317 332
79 169
78 149
69 355
216 296
101 336
64 196
7 349
35 280
105 382
330 384
279 376
51 75
3 38
75 361
197 285
239 307
172 189
43 229
138 266
41 319
195 362
179 187
157 324
331 347
131 210
217 341
229 262
264 311
294 311
87 105
44 386
324 329
85 364
44 313
252 377
181 202
55 138
149 232
54 262
191 202
21 248
258 291
57 369
169 354
20 341
274 281
131 213
15 285
198 356
164 370
184 380
296 372
123 348
77 152
292 371
137 195
88 127
175 252
238 366
27 286
76 225
13 150
238 377
109 253
124 247
166 349
8 341
25 39
260 332
199 225
148 184
359 360
156 230
76 255
30 337
88 260
234 264
234 314
193 380
31 272
282 313
78 167
151 311
155 190
186 238
72 274
116 144
357 365
161 292
8 152
64 141
201 268
18 286
197 239
63 140
331 391
113 261
133 206
18 53
30 257
260 317
47 294
251 296
204 263
47 140
246 397
125 321
134 177
74 287
297 343
108 341
126 237
26 188
59 139
27 53
282 359
13 187
58 286
58 363
123 159
131 314
62 274
184 295
144 301
6 346
147 209
176 256
277 385
250 380
68 235
104 262
127 332
3 359
10 173
13 35
24 101
71 349
29 306
204 215
2 245
125 353
171 274
340 367
39 154
363 394
217 308
139 330
229 310
2 259
88 147
94 358
214 237
43 54
379 393
54 61
239 285
24 300
336 338
293 295
87 209
175 350
38 200
347 365
136 299
51 188
12 257
54 203
328 356
169 381
174 315
128 276
155 381
74 130
9 34
30 207
244 372
166 179
199 265
66 352
194 387
48 99
208 328
146 340
12 120
346 369
198 208
320 323
313 342
76 398
87 382
278 354
83 164
85 393
156 251
102 223
65 334
17 98
86 160
74 118
206 361
3 386
217 392
24 236
57 316
36 200
16 57
13 349
108 385
59 167
320 385
258 377
112 180
92 226
235 328
263 309
65 189
85 111
58 93
26 42
84 263
49 207
7 179
180 199
27 306
12 118
112 199
98 387
213 309
253 374
204 209
112 265
95 248
153 340
59 310
212 339
276 365
12 343
71 119
120 257
249 383
60 123
26 191
152 176
313 359
214 330
149 294
107 217
137 259
66 303
135 218
255 334
180 326
23 143
85 162
65 112
33 344
177 323
17 21
268 339
144 202
298 397
226 272
68 328
96 373
193 204
39 236
232 294
247 274
106 185
32 329
35 340
16 142
52 96
57 296
56 234
84 243
113 367
78 310
20 217
69 306
77 240
180 390
123 136
261 288
173 361
251 369
125 254
90 259
5 191
220 300
121 281
147 327
125 155
176 394
35 187
87 250
223 272
265 326
44 359
44 291
113 349
41 365
20 320
239 256
31 351
173 293
163 278
0 42
244 296
58 305
187 288
267 399
28 338
276 345
109 192
15 307
90 93
81 246
206 364
60 135
175 186
60 299
246 298
15 368
110 364
174 260
105 141
111 364
8 320
32 172
268 354
152 256
225 356
152 363
128 347
229 235
170 314
39 220
38 49
3 200
78 203
18 29
24 220
50 105
56 97
267 338
215 357
16 216
105 327
13 166
102 157
204 213
128 332
21 228
102 324
164 299
19 376
126 299
66 220
156 372
319 339
157 241
28 225
243 381
294 318
178 286
263 381
8 240
8 20
42 188
104 205
300 338
34 378
17 282
142 316
147 204
30 118
356 390
39 242
179 340
115 274
196 340
50 191
104 199
61 114
213 271
99 291
273 399
134 240
272 275
16 296
290 347
131 190
175 238
38 297
231 377
94 313
115 399
113 375
36 99
25 236
100 386
14 340
17 249
133 188
106 137
125 354
245 259
126 304
196 315
40 108
35 179
44 342
157 329
59 78
207 362
216 346
132 216
1 237
68 221
268 358
96 248
40 80
161 165
285 368
6 156
174 332
233 351
236 281
33 375
61 145
216 251
204 327
160 396
5 188
256 341
129 140
94 360
342 360
42 181
277 368
74 283
264 396
276 332
310 356
110 199
18 90
158 229
43 68
52 248
110 138
142 218
96 186
285 307
92 220
42 388
232 322
30 297
63 232
165 358
1 328
32 223
218 374
234 353
42 144
161 302
289 312
150 166
8 392
116 191
3 44
7 166
148 160
227 394
357 381
7 71
266 379
100 342
204 357
13 280
125 210
137 335
106 195
333 370
189 275
70 343
67 261
54 78
26 181
51 55
17 278
101 154
29 34
192 247
7 13
86 264
238 373
124 214
19 259
116 202
49 165
118 257
273 348
221 336
169 243
77 134
10 181
155 354
66 92
16 132
79 268
125 170
131 254
286 305
177 369
115 236
276 347
112 255
52 395
106 335
215 309
366 377
123 143
138 393
222 393
123 299
81 162
135 253
123 333
29 56
272 329
225 398
13 179
193 327
21 387
1 139
29 63
17 268
9 97
132 244
162 393
257 297
164 384
155 321
73 116
34 63
84 170
190 210
282 383
80 307
108 134
215 271
325 350
159 384
173 206
67 113
3 100
45 275
9 355
180 398
24 352
258 373
18 355
72 115
202 382
210 254
174 317
74 257
94 359
132 372
34 234
11 92
239 368
37 316
112 390
295 380
95 96
106 245
126 370
133 181
244 346
99 252
15 239
102 211
51 180
126 384
60 136
99 231
192 253
233 379
60 333
175 366
45 272
129 149
182 324
307 368
263 365
253 348
88 332
71 150
79 319
44 165
156 244
262 356
74 337
71 166
7 150
38 103
140 294
179 280
122 326
339 381
200 302
12 287
146 317
89 361
90 227
98 383
325 395
118 297
146 153
73 298
94 342
257 343
42 246
195 207
84 357
210 353
99 175
79 249
29 140
199 326
115 171
204 271
223 324
1 330
88 174
163 358
145 158
219 233
6 372
54 149
51 265
17 383
381 391
230 372
31 275
247 399
243 357
10 191
24 92
131 321
67 375
169 391
146 315
208 221
298 388
201 342
86 396
265 398
255 300
28 198
43 78
1 208
27 69
20 134
186 350
289 374
170 378
287 307
14 146
1 384
14 317
124 171
131 234
122 398
84 204
33 301
172 226
313 360
13 367
350 377
331 339
126 164
68 229
314 321
22 315
105 209
31 189
124 126
30 137
212 391
25 274
25 121
68 310
6 216
175 231
83 159
38 362
89 188
159 330
147 260
117 281
53 90
148 151
298 301
100 302
7 187
22 215
111 183
144 298
18 93
170 353
169 339
208 229
203 262
9 185
225 326
45 172
0 144
302 359
299 370
10 188
269 276
309 365
9 29
261 301
31 32
127 317
224 323
211 241
334 352
10 293
111 233
343 362
52 350
16 23
95 373
255 398
166 288
97 378
225 336
111 393
163 268
114 159
111 162
121 274
44 49
9 69
26 173
146 345
216 372
147 270
33 298
73 388
46 294
2 176
55 266
75 188
18 185
319 347
12 130
112 225
80 285
56 69
171 399
159 370
114 305
83 370
18 69
195 376
131 264
118 279
109 312
199 390
380 382
29 371
96 395
2 227
307 337
150 349
225 390
189 352
134 323
31 45
67 389
144 246
353 378
62 124
94 201
143 316
126 333
184 293
176 285
240 341
139 158
273 374
35 113
71 179
27 90
17 387
255 326
339 391
20 108
124 273
249 339
90 185
5 138
65 352
7 119
71 288
261 389
100 360
212 278
238 395
115 124
114 145
179 367
328 336
76 326
44 358
141 202
101 338
185 292
120 337
32 275
221 328
25 220
103 195
116 141
116 382
36 38
300 334
34 210
24 334
201 358
65 76
111 222
57 251
41 128
146 367
309 327
8 217
108 240
14 174
196 280
40 385
51 85
188 206
80 385
257 287
360 386
1 229
123 370
218 289
110 205
56 63
256 394
68 356
67 301
320 341
147 309
131 353
95 325
37 143
150 179
312 374
183 351
224 341
101 352
319 391
272 303
194 249
42 81
49 200
19 106
22 88
28 336
346 372
80 320
49 161
257 337
138 364
152 217
37 123
190 254
63 264
47 232
216 244
269 315
117 236
222 379
146 174
209 327
68 208
89 184
22 345
214 235
3 36
128 269
4 219
78 262
168 347
147 196
109 289
122 189
16 244
143 299
97 254
98 194
79 331
235 237
168 276
4 183
63 294
238 325
240 323
31 303
120 130
207 335
145 203
18 306
55 75
5 26
69 140
83 143
108 177
195 337
126 273
2 137
30 195
252 343
78 129
258 366
216 230
278 391
204 270
9 93
3 291
152 392
201 313
158 203
138
65
57
218
97
57
176
131
95
197
51
109
73
124
216
112
149
26
140
215
59
96
133
201
104
152
30
142
91
201
80
85
69
31
75
142
204
96
188
96
102
153
223
78
89
146
48
84
88
34
125
93
110
139
106
85
57
97
105
75
159
191
73
129
170
113
43
119
100
162
113
105
68
20
141
122
122
83
102
141
70
111
165
213
162
48
90
243
252
163
52
51
42
17
210
141
138
16
168
96
35
55
108
67
138
146
129
61
130
154
182
189
122
69
123
134
117
139
77
136
17
20
83
125
179
70
135
100
74
125
167
89
30
60
223
12
217
112
222
230
34
111
124
14
116
121
154
61
140
207
24
129
179
152
56
164
66
83
46
51
92
170
103
80
120
111
171
174
66
188
141
74
163
98
44
55
204
99
116
132
96
28
144
19
182
50
26
58
59
34
85
58
53
78
171
206
76
78
68
39
83
115
109
95
79
57
128
59
79
140
110
174
138
116
102
73
57
38
110
88
174
102
66
156
79
188
102
29
105
164
47
87
148
93
87
91
201
128
204
60
150
60
115
131
208
164
137
99
99
169
171
77
178
109
127
136
206
185
122
210
165
72
47
111
185
80
63
198
67
176
191
20
12
132
148
103
105
157
168
55
219
161
146
98
160
243
127
47
96
140
127
83
157
27
164
115
69
68
94
8
132
129
202
45
86
35
156
120
59
73
150
117
128
64
165
89
32
110
38
103
91
42
149
59
106
119
101
44
65
114
68
132
19
129
154
138
119
171
162
186
79
135
123
177
87
88
38
15
214
140
164
76
18
53
90
123
66
73
170
186
26
118
133
198
57
129
61
59
40
97
77
153
15
55
104
95
142
26
100
113
152
33
74
59
127
133
90
115
78
98
80
36
139
144
49
131
34
148
80
203
117
59
21
42
190
142
120
179
79
86
89
81
137
63
229
178
106
58
141
72
181
62
156
58
135
281
36
132
89
138
114
164
172
78
82
121
88
80
91
126
130
71
53
52
100
63
81
81
97
129
98
168
130
93
105
82
83
33
129
183
15
32
56
175
140
99
165
160
55
186
14
114
153
198
54
79
92
59
72
93
94
40
100
41
110
135
84
132
19
129
92
102
143
19
106
74
95
17
91
52
200
79
50
158
51
183
209
40
81
66
209
68
66
99
118
78
35
46
140
164
184
193
86
158
198
49
12
46
111
203
79
189
97
153
65
92
47
80
78
120
211
98
68
127
8
89
37
51
190
57
128
163
139
104
138
158
125
58
191
142
171
37
88
91
73
87
193
33
39
116
40
200
82
79
102
29
158
66
121
111
110
149
62
155
86
162
112
111
158
73
156
187
70
162
8
89
31
44
175
124
198
143
129
89
56
98
96
100
162
65
64
98
111
69
27
80
82
121
35
156
63
123
54
55
141
81
54
157
111
158
172
126
195
199
116
178
74
24
58
193
184
116
227
163
72
66
195
91
87
102
147
85
89
40
117
57
67
52
117
140
63
96
221
102
90
139
58
74
113
59
105
80
143
32
53
78
28
72
22
101
190
20
55
78
95
119
113
73
174
65
72
89
69
73
89
70
98
56
82
170
141
175
71
123
86
101
174
111
106
172
82
56
64
129
85
130
80
30
72
38
116
98
86
194
189
68
66
75
52
19
142
39
182
22
39
50
77
78
88
17
95
94
150
145
175
62
138
85
45
53
62
54
120
119
45
28
51
157
161
155
28
174
193
210
67
89
73
46
195
135
121
110
70
154
49
141
50
41
72
102
44
141
85
56
82
156
169
98
100
131
67
113
120
87
134
57
41
69
115
47
57
69
30
91
92
108
155
65
134
68
22
87
168
83
157
103
45
64
94
123
93
117
124
126
169
20
96
154
222
60
106
184
61
69
112
129
18
73
157
148
66
117
31
74
30
105
32
107
48
82
79
139
49
66
47
149
38
141
57
55
83
72
72
110
31
105
92
115
57
123
75
106
110
90
140
135
68
118
75
26
179
103
152
100
125
77
167
108
122
84
60
44
157
48
102
118
104
153
42
197
64
49
26
144
78
155
130
76
90
102
45
124
103
106
20
140
180
72
83
65
104
63
144
70
178
67
188
154
141
142
164
29
71
108
47
70
115
144
57
64
71
157
125
87
93
70
151
32
111
30
70
50
146
104
208
73
175
47
71
52
118
53
177
147
74
66
122
27
60
106
45
39
70
122
75
43
116
116
30
91
99
45
72
53
124
61
105
98
103
128
32
180
215
82
62
18
104
180
202
202
157
85
84
93
102
126
79
87
137
205
30
26
41
29
164
202
186
107
88
109
142
74
53
10
132
133
73
129
153
69
163
173
84
37
92
68
142
101
52
47
173
53
108
99
93
153
10
42
70
73
147
24
182
74
73
24
116
78
75
87
126
116
24
156
15
175
75
93
141
102
99
64
106
109
108
72
195
131
148
103
142
78
142
125
114
117
62
147
85
28
64
155
151
79
119
33
91
21
122
167
55
87
54
171
72
103
122
145
87
113
76
92
117
155
104
208
107
113
110
21
68
53
149
220
89
82
39
104
25
51
132
205
73
105
95
79
88
176
144
167
117
118
118
189
128
137
35
155
71
102
124
82
134
183
25
77
148
43
219
78
155
41
43
112
96
35
77
80
65
112
47
142
85
62
221
51
250
111
83
182
31
98
75
121
157
173
139
24
180
73
106
91
130
79
148
76
114
91
102
166
119
90
186
41
18
72
97
138
45
71
82
35
183
87
146
44
52
124
145
30
126
65
99
60
134
39
85
46
95
74
167
76
103
72
22
127
82
106
98
155
19
122
84
177
147
55
210
137
21
121
69
66
133
125
52
153
223
52
133
25
64
85
52
104
124
129
73
48
140
172
110
81
63
145
98
121
137
130
108
43
220
37
202
129
102
16
150
36
220
132
127
94
101
39
60
194
46
21
86
76
75
125
36
38
74
153
107
183
15
38
182
95
199
7
90
22
152
207
65
81
146
124
84
96
174
24
97
180
191
146
114
74
98
120
95
182
158
45
90
72
48
100
174
20
87
83
38
68
32
189
58
56
198
40
31
108
154
129
72
94
70
136
102
122
79
121
189
182
30
64
98
108
99
66
21
235
60
173
77
151
126
123
198
105
111
158
155
81
89
53
53
130
21
38
135
37
94
130
122
148
169
194
64
251
55
156
20
58
210
32
210
53
58
71
62
66
28
161
30
173
40
55
155
44
151
68
87
88
136
62
86
207
73
109
131
69
141
163
73
93
95
65
129
123
103
76
199
68
111
18
30
87
215
79
92
122
154
21
70
231
115
139
71
115
70
96
131
69
187
91
156
118
123
87
120
157
101
98
81
51
233
34
233
83
39
127
79
67
79
122
95
72
99
108
125
74
127
74
106
79
141
68
98
141
129
194
87
73
74
114
90
136
166
59
182
98
147
116
58
142
63
166
101
41
22
29
61
105
43
113
98
192
175
110
63
171
85
84
132
186
36
44
23
143
83
155
108
130
149
101
83
34
19
134
20
151
42
105
106
33
36
70
45
153
47
159
105
208
157
143
113
62
21
57
36
121
160
271
72
170
122
36
106
91
89
41
63
50
180
186
183
91
28
96
53
83
96
129
73
50
138
211
168
136
48
127
115
138
76
49
39
118
57
128
119
68
215
107
27
74
62
36
151
125
75
24
108
56
85
51
69
74
105
155
83
128
140
123
56
75
116
56
138
87
51
63
29
170
129
139
78
76
22
133
86
127
59
68
30
95
55
68
153
81
196
97
143
13
107
156
38
116
149
112
31
25
105
111
53
148
121
50
154
113
93
90
29
97
169
83
102
69
31
76
136
84
60
89
46
51
13
188
26
188
128
113
64
159
42
267
174
80
107
67
54
52
71
158
54
57
241
104
95
22
110
36
134
176
151
141
87
81
52
41
79
115
123
68
185
36
157
214
178
86
69
188
97
133
45
167
59
44
112
221
95
108
88
195
102
40
157
201
69
98
96
153
103
96
37
139
179
58
154
109
137
87
71
192
83
116
154
38
196
62
21
84
92
96
192
165
122
78
50
64
102
50
32
151
76
30
83
67
70
60
58
94
209
196
132
133
63
135
64
83
85
70
105
148
17
78
64
66
65
81
154
74
58
49
128
96
52
93
70
87
82
83
77
26
83
37
29
96
74
164
138
26
196
23
50
81
50
75
61
109
91
57
199
106
98
154
142
43
99
89
71
26
135
88
64
159
41
106
135
107
111
69
59
178
146
132
174
14
105
130
130
43
142
134
31
21
51
143
73
121
132
166
180
48
63
62
59
146
65
88
100
143
79
49
196
93
164
79
116
166
157
70
29
22
158
35
153
83
176
86
178
44
45
118
94
55
65
215
65
90
61
40
122
80
35
155
42
96
47
96
161
105
53
75
90
82
84
44
105
100
66
148
122
214
96
77
89
153
162
64
137
119
61
52
42
141
100
169
83
176
97
46
69
163
94
71
97
171
143
31
172
57
75
118
56
74
178
116
119
97
73
