303 25
405 57
663 396
20 209
209 486
300 248
105 380
697 145
307 353
455 251
787 660
458 781
549 570
137 311
528 10
439 199
117 580
441 104
349 101
6 536
282 8
346 479
436 74
15 219
510 637
16 280
571 686
500 358
422 256
153 721
771 448
264 322
343 8
51 291
799 222
634 110
392 474
28 611
454 444
729 530
799 133
631 534
17 788
55 409
501 612
271 784
628 216
552 277
19 174
186 693
485 764
617 246
196 659
681 422
542 232
284 621
59 23
188 365
394 134
721 768
527 445
579 368
427 597
16 737
207 480
63 748
699 11
499 741
329 200
360 696
745 511
483 291
437 122
393 124
606 93
45 160
635 688
691 453
795 105
719 20
312 301
270 261
501 99
609 653
463 176
194 769
669 619
385 16
702 737
373 120
139 389
460 476
558 665
123 504
219 431
580 134
246 429
733 271
317 511
580 572
38 600
130 19
779 683
474 164
98 572
702 651
750 607
233 579
629 406
714 511
538 641
231 794
680 75
7 496
132 35
240 283
8 373
140 699
544 394
696 652
124 305
43 647
516 334
564 72
514 502
796 654
222 552
132 164
565 238
11 102
132 91
37 310
655 386
538 390
697 350
540 168
436 279
137 756
764 88
594 448
179 604
44 143
333 371
64 483
341 259
329 571
647 533
62 299
44 72
62 307
552 726
783 295
619 443
122 764
458 687
621 712
630 87
338 637
448 118
415 614
227 586
633 233
467 164
22 102
766 395
591 633
644 518
644 456
93 359
562 694
389 248
409 204
199 385
763 26
730 430
679 85
442 80
377 406
24 220
479 70
623 526
408 98
87 425
640 296
714 521
548 37
341 88
437 776
77 711
273 797
77 795
162 173
494 146
753 291
17 764
244 340
295 573
556 248
108 396
61 191
184 304
17 607
253 372
748 219
702 315
21 283
383 357
304 558
470 348
613 626
549 67
231 2
630 629
202 602
799 573
596 280
714 286
323 87
438 711
129 66
715 491
228 735
247 697
725 553
103 311
734 218
760 338
479 51
348 61
294 681
518 481
330 714
395 253
10 502
652 195
29 288
277 714
367 782
797 643
633 761
392 591
133 344
146 137
111 617
767 460
19 168
117 784
469 632
168 13
43 364
689 569
305 117
161 768
564 134
789 202
353 216
211 725
425 136
403 337
168 169
399 242
449 623
247 465
502 151
527 573
276 306
386 679
367 535
43 418
249 648
505 588
433 519
464 257
234 136
743 584
482 402
436 180
764 200
417 3
693 462
780 746
322 275
715 661
677 54
20 192
531 654
287 416
79 700
286 611
442 87
207 370
778 308
552 235
506 172
309 678
539 200
390 368
146 618
345 383
652 110
797 360
372 73
559 465
535 498
663 55
226 636
260 109
557 671
703 398
10 480
150 774
745 149
583 24
565 765
93 574
90 62
218 213
534 406
208 576
373 400
746 31
399 287
502 105
393 563
698 517
468 537
158 242
216 491
409 477
439 641
116 108
357 231
242 460
372 175
784 245
613 66
453 307
676 401
421 731
80 725
390 310
542 512
728 437
385 296
366 792
589 258
486 284
624 694
466 431
308 7
743 247
144 720
621 184
777 704
371 546
512 529
286 35
746 283
637 637
499 65
219 347
499 173
17 514
105 451
630 717
331 314
46 340
607 598
469 353
502 658
220 237
244 679
125 396
654 228
433 387
198 729
520 441
150 425
494 684
610 643
350 534
697 710
772 378
164 713
320 390
179 289
536 429
627 710
248 145
683 211
90 6
503 158
389 158
437 547
348 517
609 631
141 800
272 36
625 584
568 35
86 395
323 380
93 377
177 384
55 207
90 172
222 269
296 374
160 213
20 32
106 223
230 341
9 71
123 253
293 322
327 332
153 190
28 272
144 281
255 331
73 217
319 384
97 203
225 277
92 395
206 343
110 165
9 15
97 204
62 159
67 150
159 329
222 305
95 123
122 346
63 194
100 121
80 343
64 94
7 234
28 343
269 288
110 285
287 351
117 243
279 308
51 128
124 376
17 179
361 391
25 149
134 216
312 335
214 274
140 213
172 360
225 389
173 283
56 148
25 131
236 269
101 114
54 197
23 235
317 348
43 249
328 394
91 348
183 216
69 266
92 369
263 322
297 314
25 366
44 247
88 280
6 198
25 33
147 366
8 286
106 274
84 263
100 314
279 324
183 215
23 25
0 397
222 229
158 257
218 266
3 205
48 141
142 286
141 284
144 343
49 221
171 276
213 305
71 272
347 364
24 247
106 214
300 382
341 355
39 184
252 256
139 386
48 75
350 357
149 366
30 220
109 244
146 250
159 261
105 119
40 138
127 259
2 134
231 236
210 322
173 320
8 298
137 383
184 220
82 179
53 279
15 171
186 217
260 321
39 70
53 167
89 257
113 143
262 332
14 227
296 298
51 292
14 185
240 354
21 354
188 339
2 174
59 381
355 393
264 355
181 186
95 352
293 361
46 215
38 328
130 242
295 345
156 304
289 359
298 365
203 389
28 346
67 187
159 393
175 335
50 338
171 255
6 43
147 249
109 324
336 368
261 369
170 321
172 372
265 365
99 341
212 358
80 281
219 315
87 228
85 189
124 341
283 299
198 268
245 284
56 163
10 105
92 307
35 74
174 279
141 163
39 324
39 274
131 205
197 345
11 218
56 101
181 301
306 388
71 346
281 365
43 268
302 303
3 75
117 188
6 90
72 392
96 332
6 363
122 336
141 148
212 398
121 243
209 395
67 378
12 99
28 170
105 106
157 266
44 369
137 375
11 338
5 255
138 320
189 236
44 285
111 256
7 299
16 297
166 184
348 376
26 364
74 156
165 398
29 351
100 104
129 245
26 285
42 339
15 28
63 287
252 375
39 220
84 361
76 381
53 134
198 249
125 214
70 274
93 143
267 354
157 159
127 199
5 115
51 215
117 287
76 395
34 350
22 278
114 248
244 342
54 295
242 315
31 202
380 394
45 189
309 362
223 274
283 320
286 298
191 242
208 374
153 339
36 328
118 139
89 251
216 225
132 337
47 345
269 371
260 272
21 328
147 149
12 44
214 223
56 390
16 93
157 240
185 359
110 270
329 369
132 134
29 49
102 353
239 364
292 295
192 322
195 200
136 272
61 122
130 315
190 246
107 288
151 334
131 235
99 367
17 162
43 113
55 157
358 367
23 199
17 72
202 290
0 349
9 346
174 308
13 168
74 210
58 392
153 246
108 308
57 372
4 262
75 199
13 385
83 379
336 346
120 200
191 273
129 148
82 359
153 310
177 319
52 222
89 301
82 210
20 349
83 212
294 371
183 345
93 314
64 327
89 392
168 249
217 251
43 198
162 361
127 330
200 326
49 256
258 368
276 392
193 225
37 100
89 217
233 309
83 367
6 241
8 80
74 299
79 175
62 323
155 169
204 216
267 393
31 265
187 338
111 221
175 320
106 119
179 359
236 256
185 399
104 243
80 115
37 104
164 382
23 245
55 213
6 249
33 131
153 396
76 358
62 247
230 302
224 241
39 279
130 219
73 89
99 165
46 389
88 239
128 292
227 289
43 363
89 333
151 226
240 323
5 68
75 284
164 300
207 288
251 388
206 340
165 285
118 376
90 363
151 193
136 260
217 356
58 73
69 229
297 318
219 248
112 304
22 289
255 333
60 348
118 275
208 346
123 312
45 256
95 156
5 265
4 94
25 147
115 195
161 389
84 276
4 64
146 324
156 299
277 311
369 378
127 191
136 321
145 323
119 358
275 317
113 362
117 137
23 48
136 170
142 365
32 301
52 371
53 337
198 241
28 232
174 220
216 291
19 314
84 162
111 375
57 90
2 108
93 363
176 227
140 243
16 140
188 194
85 256
123 399
55 288
26 307
144 232
339 351
55 269
209 212
316 326
250 324
326 370
305 371
259 326
87 278
170 171
193 204
86 119
50 150
334 357
53 77
98 267
72 162
271 325
65 137
70 109
37 201
302 376
188 287
127 242
152 167
316 388
24 378
28 71
89 228
280 353
266 338
26 169
62 240
54 345
116 366
182 372
159 247
0 228
323 394
23 75
17 181
243 314
83 364
135 295
65 153
220 223
6 372
190 339
255 260
64 332
102 105
120 149
4 96
41 146
151 300
169 387
29 375
35 112
83 155
60 139
229 371
187 344
65 188
254 334
36 38
246 310
186 356
144 170
193 226
117 297
303 376
101 219
136 258
358 379
22 179
116 268
251 273
87 301
28 136
51 161
97 334
119 212
57 202
147 224
210 359
140 305
26 150
144 255
93 104
273 316
161 234
303 341
65 246
190 396
236 371
50 187
279 337
123 156
32 87
72 158
75 127
60 118
41 166
195 360
101 390
0 32
154 338
288 294
39 223
86 105
92 285
288 305
145 380
76 119
292 345
111 252
60 386
230 386
275 376
227 278
38 91
190 194
196 288
109 220
41 324
48 245
240 267
218 338
42 194
103 162
11 67
141 245
164 342
316 370
118 133
185 210
33 149
367 398
263 293
13 149
53 220
145 207
268 309
60 230
19 143
88 364
3 48
13 241
352 389
72 181
229 294
130 330
61 133
89 181
209 367
291 350
90 198
136 343
94 96
157 229
90 241
54 215
178 199
128 295
281 343
155 313
164 244
202 332
135 293
83 358
49 371
32 278
52 140
17 58
20 228
31 365
79 173
85 137
36 271
269 294
108 152
96 262
2 53
38 275
84 103
158 322
212 395
53 152
205 235
158 162
102 280
1 87
24 110
83 307
202 265
234 373
69 157
81 370
233 362
167 279
187 378
106 238
9 170
192 391
39 214
42 188
122 133
84 293
256 375
206 258
8 206
231 294
172 195
145 288
126 140
86 358
162 391
56 114
77 342
225 334
212 367
260 331
149 235
269 305
171 260
38 348
149 224
3 284
302 386
113 268
62 325
60 275
174 337
232 331
98 394
131 249
114 315
0 20
323 354
69 231
98 196
189 344
29 137
275 386
49 52
375 383
75 129
52 305
86 282
15 103
131 147
231 344
14 359
206 374
155 387
135 263
347 358
306 356
137 190
82 158
63 188
351 375
202 286
48 178
216 350
63 65
106 125
246 396
307 378
103 263
222 294
220 324
83 347
60 133
76 347
48 199
272 346
191 388
128 345
60 376
70 279
224 366
329 378
246 252
193 216
317 386
76 209
229 288
109 166
45 111
57 290
303 355
197 292
23 178
36 177
285 369
304 335
168 241
164 226
210 253
199 284
32 397
35 283
172 332
94 286
220 342
16 213
62 329
193 334
9 28
198 372
17 82
126 318
142 177
131 168
172 377
95 210
208 275
158 289
54 292
322 391
174 244
124 355
347 379
169 347
45 85
352 373
13 224
162 257
3 245
95 299
29 396
44 110
191 316
158 192
73 301
75 163
211 356
256 383
2 77
66 112
170 340
172 290
121 314
240 329
263 361
60 303
59 353
71 368
239 347
291 300
207 354
26 155
120 385
102 125
60 341
274 282
178 235
261 329
132 308
119 282
76 387
69 294
128 197
103 192
267 271
166 324
74 399
4 332
81 144
232 321
1 176
304 312
162 263
66 138
26 165
22 72
364 381
175 299
305 318
150 169
220 244
12 341
230 303
210 312
145 394
249 268
215 292
114 148
22 181
10 125
17 22
273 388
165 209
112 320
138 311
123 335
269 318
135 361
151 357
134 337
138 173
170 331
193 291
36 98
124 230
10 353
83 387
74 95
253 263
234 352
70 220
356 397
169 285
94 262
334 350
167 180
202 360
114 390
176 181
255 281
5 144
47 346
248 390
74 112
44 329
211 349
247 285
59 88
38 374
35 253
219 390
21 98
108 132
150 155
220 279
5 81
267 394
143 268
65 190
77 152
231 237
100 201
206 296
257 392
156 312
168 182
112 299
153 188
107 126
132 152
74 175
18 217
28 321
49 375
343 365
26 387
24 264
18 186
75 245
219 330
299 304
203 311
68 333
41 180
1 32
5 80
2 132
298 384
179 322
116 249
171 333
297 305
221 371
47 215
45 221
47 128
178 245
43 182
43 372
71 122
68 255
252 310
142 296
99 395
44 261
130 390
9 336
370 385
81 316
19 201
15 276
27 317
203 277
120 224
192 361
239 313
199 245
145 267
167 337
49 351
165 358
134 226
76 83
65 339
33 178
101 248
162 192
30 174
28 336
124 303
59 280
66 320
202 384
73 257
120 168
29 383
21 380
219 242
22 158
55 222
98 262
251 306
112 173
135 292
115 200
111 189
246 339
3 25
16 100
156 283
21 267
222 256
15 260
182 377
43 233
85 221
257 276
187 218
9 260
24 307
206 319
55 145
84 192
25 178
121 201
6 224
358 395
306 397
209 379
239 387
10 238
18 301
68 392
226 291
170 260
254 311
103 391
151 291
133 386
52 256
74 253
74 123
61 317
78 138
282 353
291 357
43 168
25 235
130 248
60 317
148 330
161 373
126 327
78 173
73 186
10 280
351 383
232 260
92 150
60 124
315 390
91 271
80 81
35 156
90 290
0 356
99 180
70 324
118 122
135 253
102 282
230 376
97 226
49 117
3 199
323 325
57 385
238 274
61 118
222 236
72 276
46 234
26 110
258 340
204 226
168 224
33 366
232 343
310 396
54 135
99 209
157 231
8 202
150 313
119 381
12 355
260 343
353 381
11 237
175 304
46 51
1 181
1 228
131 366
287 339
149 168
318 327
163 284
162 293
270 355
91 230
197 295
181 289
54 128
148 315
36 394
97 350
154 247
254 277
131 149
85 111
22 176
296 319
247 369
139 152
94 327
206 384
142 319
257 289
114 219
168 372
100 233
35 299
41 367
86 398
73 289
201 314
2 279
48 163
96 327
125 353
225 254
8 265
38 376
36 267
107 269
135 192
229 236
33 147
354 393
12 270
55 160
295 361
293 295
118 386
55 371
133 376
73 158
302 317
197 215
92 110
164 308
216 226
371 375
104 201
12 264
5 370
133 302
33 249
307 379
115 316
5 281
27 374
151 350
296 340
229 269
127 130
67 169
48 284
1 22
77 324
221 256
141 330
256 371
335 399
187 237
86 250
49 222
15 272
322 359
76 212
195 265
299 335
90 182
276 361
12 303
133 317
184 279
345 373
360 385
290 360
82 391
88 353
145 240
98 380
174 382
97 216
32 228
34 254
10 282
46 373
161 183
186 228
144 321
80 265
9 232
221 222
101 148
123 359
182 363
58 257
186 251
112 156
29 287
92 165
217 306
73 333
228 301
77 220
99 264
74 304
11 187
44 270
47 54
31 195
226 300
104 314
259 316
6 168
171 331
222 375
198 377
65 194
45 236
29 85
103 361
29 153
291 382
250 274
194 339
192 263
354 394
83 165
107 196
310 351
118 302
275 368
195 202
210 335
95 253
85 252
160 269
97 291
312 399
51 197
36 91
213 297
77 279
83 395
76 239
72 73
193 203
308 382
181 257
41 99
37 121
124 325
319 374
161 352
24 270
144 365
331 333
77 174
67 154
14 210
25 205
177 298
175 283
242 259
9 272
267 328
17 158
82 263
40 254
201 362
70 223
340 365
79 304
106 250
171 392
24 261
59 102
148 219
40 311
46 345
193 357
91 355
115 265
58 181
272 336
0 186
286 332
143 233
328 348
31 80
47 197
264 270
94 377
145 157
37 243
19 37
143 362
137 351
107 213
193 300
205 366
132 167
35 175
101 315
136 232
90 372
203 357
27 122
28 260
158 176
176 179
57 172
3 178
65 287
176 257
159 266
241 385
105 381
241 372
57 360
209 398
102 106
27 275
240 261
165 379
53 342
86 212
120 326
124 302
62 393
109 146
363 372
204 357
52 383
164 174
277 334
242 273
179 289
91 328
108 167
211 248
105 282
147 205
28 340
117 339
333 392
254 350
283 335
166 180
118 317
32 356
162 276
92 379
226 382
180 398
153 351
283 304
207 267
34 277
165 212
226 357
206 298
16 37
18 181
258 374
184 223
129 284
191 259
110 307
42 190
94 332
31 115
128 215
35 335
128 161
264 325
74 335
34 40
166 250
27 118
55 294
66 304
90 377
126 196
46 352
79 283
20 211
228 356
85 396
145 196
376 386
252 396
109 184
381 387
231 266
64 262
41 250
82 192
91 325
78 311
258 319
53 132
146 166
192 293
379 395
212 379
177 296
112 283
109 250
31 81
275 374
247 270
157 294
81 115
308 342
117 375
185 335
39 109
112 335
30 70
107 318
285 378
267 323
157 288
60 302
271 393
221 236
77 308
163 315
79 138
16 104
84 391
121 339
265 360
200 385
51 234
169 313
191 370
168 198
267 380
103 276
258 336
184 324
75 141
141 199
203 334
208 368
19 309
12 367
33 205
228 349
20 356
91 124
53 174
217 349
207 394
66 283
338 344
18 73
94 172
16 243
14 399
6 182
130 259
265 281
146 398
70 244
2 337
17 289
78 254
108 337
348 386
295 391
233 268
253 391
125 238
73 181
200 370
92 169
129 315
98 145
364 387
113 309
129 163
110 378
133 275
69 218
149 249
142 206
155 239
137 246
71 336
77 184
4 126
218 329
13 57
46 128
110 169
47 292
165 367
183 204
26 379
77 109
90 168
17 257
18 228
49 305
21 36
246 351
26 83
154 329
154 261
258 321
10 102
16 314
262 286
4 327
317 376
67 218
62 261
134 308
115 370
53 108
8 142
35 304
262 327
61 108
27 208
17 176
217 397
139 302
122 368
185 227
303 386
373 389
105 358
98 207
348 374
152 337
8 384
155 364
8 365
225 350
258 343
26 347
57 241
97 193
146 184
7 175
33 235
281 331
137 252
35 352
52 269
170 232
13 326
114 330
184 250
161 197
140 160
198 363
125 282
0 211
79 112
160 288
56 315
3 23
19 113
47 122
325 393
43 366
140 318
259 330
270 325
66 173
43 116
367 379
97 254
225 234
6 377
249 366
191 326
363 377
75 148
22 87
354 380
24 44
76 364
25 284
85 375
218 369
165 395
221 383
207 380
148 163
43 143
104 140
18 89
88 282
225 311
18 58
189 221
277 389
216 357
43 309
12 110
86 367
34 225
150 307
146 180
247 261
156 175
51 345
71 208
29 117
256 351
144 260
14 312
208 336
103 158
98 354
242 330
126 213
71 136
103 293
66 175
259 273
44 62
237 344
161 345
232 340
137 396
33 224
258 296
308 337
55 305
120 241
169 307
268 363
97 277
15 84
70 184
88 387
83 169
154 187
273 306
142 384
372 377
232 255
117 383
178 205
56 219
27 133
30 382
27 71
97 357
367 395
196 380
264 341
20 397
34 334
259 370
112 175
8 31
321 340
1 289
126 262
142 298
26 76
214 238
27 368
10 106
261 270
166 220
213 269
83 92
170 343
29 256
103 257
30 164
101 130
49 383
35 95
44 264
9 136
80 142
106 282
152 302
147 168
252 383
223 250
188 351
77 167
263 295
266 329
27 336
72 89
53 308
107 305
19 233
18 251
176 359
81 281
52 297
238 353
67 313
89 186
114 130
144 331
82 123
210 399
126 160
11 50
72 257
139 167
158 179
165 307
84 257
172 202
76 379
58 333
340 343
96 286
7 311
177 206
82 322
129 141
203 254
238 282
55 107
271 328
121 287
134 204
248 315
282 381
97 225
104 297
100 243
81 265
66 79
234 389
181 392
68 331
321 343
271 354
64 126
96 202
159 323
108 139
1 301
350 389
54 293
280 381
208 258
41 398
50 67
222 371
160 318
153 252
57 195
50 218
156 335
102 238
112 138
109 279
310 375
15 257
8 195
326 385
137 339
228 251
221 375
20 217
151 216
2 308
13 200
46 161
154 378
178 284
193 350
259 388
82 227
158 181
15 361
94 202
184 274
58 158
39 250
217 301
323 393
203 225
59 239
30 244
0 217
230 355
7 35
86 209
7 389
76 155
19 362
115 360
58 72
163 245
154 369
347 387
171 232
243 297
85 310
337 342
124 264
196 207
174 342
252 351
195 290
250 398
302 341
137 310
42 63
51 373
359 399
80 144
123 210
285 307
143 309
236 294
63 339
97 151
40 78
279 342
160 196
247 329
349 397
218 378
185 312
286 384
160 305
31 281
235 366
225 357
96 172
179 227
21 394
73 392
213 318
209 358
1 17
107 160
140 297
182 198
315 330
84 171
143 363
85 383
127 326
123 185
168 366
72 176
321 336
55 196
5 331
23 284
29 310
204 291
293 391
11 344
240 393
368 374
230 348
99 398
22 227
24 285
67 338
68 144
2 152
42 65
346 368
182 268
121 188
135 391
24 92
395 398
223 324
237 338
28 171
200 360
137 153
37 314
69 338
3 141
277 350
147 235
78 320
57 377
148 390
117 351
153 383
215 345
161 215
24 369
75 178
314 362
74 312
23 205
307 369
13 120
170 255
325 355
200 241
166 167
48 129
154 218
136 340
57 200
17 73
176 289
141 178
34 203
64 96
2 167
113 233
88 381
105 212
79 320
31 360
77 337
116 131
247 378
298 319
30 342
240 380
186 301
143 182
217 228
110 369
96 290
200 290
203 350
21 177
131 224
83 209
310 383
349 356
26 92
183 373
19 100
95 135
155 347
51 352
1 278
145 354
107 140
72 289
40 277
115 385
136 336
72 103
191 330
211 397
154 266
100 362
275 348
177 374
122 208
110 264
271 323
291 334
15 162
149 205
136 346
263 391
94 290
51 183
80 365
109 223
87 349
159 240
69 237
120 147
55 229
229 231
101 330
358 398
227 359
58 89
48 148
52 213
29 252
32 349
70
140
160
123
73
70
76
136
63
157
78
64
66
80
86
83
91
117
42
44
191
80
59
35
178
158
142
158
152
50
158
101
121
169
158
68
72
147
58
83
87
146
35
138
204
174
103
118
119
40
138
158
96
126
61
103
120
118
92
71
121
39
30
140
147
102
102
117
92
66
135
53
151
199
103
212
21
103
81
147
68
108
127
149
60
117
96
139
61
92
159
86
76
106
169
122
55
50
78
47
69
147
82
54
42
86
181
79
95
92
76
94
108
59
13
99
95
84
86
163
37
90
73
62
88
83
44
42
74
43
120
135
156
20
93
116
67
52
127
119
17
138
180
158
101
121
173
7
110
129
86
141
97
165
152
122
163
172
188
175
205
139
62
100
43
117
192
72
216
128
116
18
59
87
110
238
83
140
148
27
225
148
14
82
119
141
72
167
34
66
109
131
128
45
14
114
20
62
142
153
105
61
86
113
172
189
82
197
15
162
66
58
127
134
66
174
77
115
139
221
102
74
161
89
76
79
146
73
61
9
166
129
110
95
75
78
77
93
55
89
91
207
172
176
109
24
84
131
178
60
66
164
135
201
55
109
91
221
116
29
30
80
100
199
77
57
75
133
31
209
123
144
61
94
40
113
90
22
80
81
37
118
201
60
114
70
138
89
28
61
96
72
88
74
112
103
52
99
92
60
79
79
226
133
79
59
50
50
41
52
87
167
143
64
21
205
131
62
98
129
18
68
167
243
71
53
61
13
80
120
153
58
38
151
89
181
36
96
124
45
115
46
143
145
74
200
131
155
25
158
66
90
128
94
112
212
63
179
87
131
56
69
112
224
165
30
127
59
78
115
96
40
74
117
74
43
48
73
55
92
99
110
64
50
79
112
184
25
70
159
105
146
35
164
84
73
61
165
119
119
133
138
58
126
79
23
121
161
155
43
21
69
101
90
186
140
114
180
76
100
105
168
121
65
13
55
34
83
37
66
100
99
164
136
53
160
100
157
99
108
136
44
120
45
167
194
237
32
155
130
71
102
99
77
180
203
115
70
15
60
110
104
54
28
188
72
66
48
115
51
69
156
59
212
125
49
96
111
116
166
85
31
49
17
60
28
82
71
186
154
124
120
33
40
74
100
135
65
104
68
176
69
57
98
78
162
85
55
189
118
108
203
184
194
46
109
149
61
77
67
113
127
85
86
90
147
61
194
61
77
161
72
131
153
45
122
62
134
151
79
37
80
78
86
118
122
67
60
82
109
224
45
37
178
153
127
112
136
76
74
25
114
57
50
42
121
70
73
149
50
98
81
79
82
85
119
78
53
155
147
194
98
165
108
36
120
12
111
57
46
8
88
41
125
63
12
74
51
55
34
188
210
51
190
93
123
113
98
80
159
47
43
30
137
57
86
173
78
65
42
136
48
120
118
95
95
214
115
135
55
43
75
137
168
133
132
118
54
156
90
72
63
48
85
62
40
125
57
84
19
65
131
133
63
141
168
83
167
145
41
111
225
170
105
38
158
249
172
46
38
44
186
80
181
133
176
75
94
215
108
80
105
72
59
43
78
27
49
17
54
150
218
62
113
112
96
155
73
69
58
55
158
134
54
83
104
46
83
98
98
60
27
113
98
145
14
63
160
159
162
134
186
131
163
71
110
127
107
32
131
86
74
35
97
157
29
64
47
212
67
17
122
98
148
117
59
62
132
95
151
76
25
102
22
24
77
61
64
51
130
199
75
104
161
254
81
101
196
86
116
60
36
83
34
110
107
139
201
60
48
15
55
129
58
159
137
105
117
49
52
87
223
211
127
117
111
155
124
168
119
176
152
72
33
112
69
31
70
159
166
178
100
129
90
84
84
193
160
86
60
81
46
61
92
14
40
178
118
110
63
100
69
62
247
57
137
63
75
127
84
101
84
99
168
71
91
73
108
147
202
104
24
47
43
53
105
138
72
111
96
61
138
125
108
60
199
28
98
145
68
96
80
55
41
111
83
56
185
95
103
47
100
122
127
194
106
176
145
94
46
141
166
127
49
57
129
77
34
49
143
144
207
158
22
19
103
219
77
119
176
35
111
128
66
76
92
131
159
78
38
55
127
89
89
74
25
180
94
21
35
58
57
56
118
159
108
129
68
148
77
109
71
56
20
136
76
125
216
76
70
86
102
29
155
27
42
35
184
113
74
82
77
105
71
111
57
161
80
81
110
148
54
96
74
107
40
156
28
69
124
80
108
187
136
143
119
112
76
104
189
160
101
73
88
81
106
132
75
46
82
168
83
63
175
79
142
141
107
63
133
51
85
40
55
140
84
24
207
89
24
45
175
106
50
133
35
98
63
73
41
86
90
206
55
137
180
97
206
33
16
72
109
138
132
173
30
155
39
157
60
75
71
149
104
157
81
46
166
192
165
84
98
148
86
151
71
128
75
147
45
58
132
66
229
67
74
123
92
57
84
233
96
81
56
157
70
44
115
167
250
64
94
133
99
83
46
67
141
53
109
33
37
116
10
101
88
53
136
108
108
142
75
100
137
37
86
103
162
240
195
165
146
89
58
78
68
155
199
51
42
27
160
139
184
64
95
78
156
111
107
129
99
67
118
95
120
126
37
172
85
98
176
176
51
210
161
75
99
149
179
41
91
99
50
233
111
108
188
136
61
133
48
66
133
96
151
79
164
27
79
209
171
42
64
149
168
49
197
47
74
55
139
77
135
39
161
52
82
93
297
174
73
74
54
90
151
134
107
74
36
109
79
93
64
25
64
27
68
12
168
26
110
113
78
124
187
119
47
108
141
138
171
22
90
68
139
80
201
131
53
140
29
73
125
143
20
158
194
81
18
38
188
126
110
213
71
171
70
108
77
81
63
127
84
125
150
140
13
65
74
54
19
187
40
108
164
224
139
103
177
187
113
68
156
180
80
66
25
218
75
80
116
167
145
170
204
53
77
69
86
126
173
203
112
53
111
129
148
103
132
98
79
26
64
86
67
62
48
36
25
66
141
114
80
135
147
50
79
207
108
132
61
147
113
85
118
74
145
135
133
165
135
101
132
107
116
106
85
40
72
106
97
29
110
134
47
17
188
45
69
114
65
58
29
108
88
80
92
57
168
95
90
78
215
8
59
72
90
76
106
74
177
206
82
232
155
57
73
152
93
179
35
78
98
101
160
76
34
75
28
154
193
96
162
124
126
159
210
69
34
44
14
55
93
47
79
87
139
73
69
40
85
171
110
55
139
160
54
107
107
158
55
69
74
128
165
136
41
90
197
149
27
168
159
161
100
26
99
61
34
34
105
121
5
163
145
72
106
81
88
59
191
151
144
229
94
136
105
72
88
148
65
105
112
32
21
188
100
78
126
243
107
21
69
208
75
174
88
20
40
24
86
147
156
85
53
56
89
75
114
123
106
99
123
101
122
58
133
87
107
159
92
71
129
95
74
94
101
121
86
38
55
139
12
86
144
64
140
91
59
72
85
57
144
49
68
108
103
144
109
101
95
124
71
164
96
77
27
105
78
47
133
123
72
137
161
41
75
33
75
57
19
194
187
105
146
101
132
129
139
98
96
97
24
47
83
87
92
79
162
151
149
65
130
146
212
80
48
105
103
232
168
69
35
80
91
53
162
37
107
128
57
126
163
75
201
130
56
202
130
87
167
204
73
112
102
40
56
97
72
107
62
133
176
114
131
107
143
68
129
119
56
166
193
97
16
137
104
79
91
77
31
153
80
50
100
140
72
82
96
132
114
89
36
96
147
53
90
92
130
197
86
43
66
174
73
62
38
158
10
94
75
94
96
24
84
79
79
69
103
168
107
77
85
96
77
133
88
45
170
125
63
186
146
177
72
133
101
99
75
129
163
138
102
58
134
99
132
170
106
94
146
142
80
86
65
184
52
84
89
44
94
67
86
152
104
100
117
31
116
111
49
9
152
51
139
194
75
106
99
139
86
136
152
165
61
27
79
161
89
34
125
139
60
136
126
71
148
200
195
183
122
66
28
48
54
133
85
75
105
249
104
192
101
136
68
182
118
33
229
195
89
103
44
103
53
108
91
130
62
153
180
207
163
81
108
59
18
157
38
126
99
83
75
196
64
41
152
111
192
141
31
137
73
108
142
182
38
17
150
98
80
105
41
107
121
209
144
37
68
149
101
124
67
48
122
184
55
89
120
45
52
70
160
57
110
180
55
46
87
48
61
102
19
71
87
111
166
91
66
230
109
105
116
96
55
97
55
137
186
26
234
175
83
204
125
87
53
211
104
184
148
140
118
180
70
90
103
80
153
74
69
51
141
122
181
91
64
155
182
115
55
132
52
76
37
123
123
196
157
97
42
128
119
159
157
213
58
67
164
59
8
150
119
161
133
12
45
101
42
52
158
182
96
38
96
131
74
185
97
53
184
168
48
94
84
61
168
96
43
177
88
114
35
96
82
118
71
90
131
131
92
97
176
137
198
197
37
157
79
198
136
122
119
107
92
8
121
92
68
76
207
98
191
126
157
132
135
160
64
45
173
101
65
74
