645 289
391 204
115 710
439 680
388 700
26 750
19 568
543 722
637 235
797 162
491 517
261 454
63 517
561 195
587 663
383 424
705 32
291 143
411 784
258 502
174 270
379 394
89 482
665 755
298 216
48 559
666 499
545 561
557 712
252 676
365 493
601 332
346 325
151 341
337 333
767 500
223 483
0 145
501 356
450 246
368 13
356 798
516 797
316 429
542 742
583 109
548 94
794 516
748 795
706 569
627 192
9 337
163 702
369 369
424 148
437 217
606 194
743 407
490 257
607 373
16 501
49 737
125 243
557 521
731 456
702 79
248 692
331 102
551 312
535 690
600 35
295 297
147 714
364 53
167 789
532 647
606 294
716 642
375 181
613 64
707 25
396 104
651 77
761 242
645 383
711 406
316 128
189 21
692 529
480 292
703 356
386 231
608 49
798 212
584 97
343 421
295 734
515 732
142 704
709 115
531 590
85 295
216 443
285 517
68 729
224 181
625 134
368 767
612 388
84 306
531 658
480 313
679 664
798 748
367 415
459 28
395 59
361 765
159 755
26 572
112 104
294 66
548 791
449 49
727 395
617 663
0 264
756 288
730 732
577 798
579 690
367 628
414 585
393 765
407 145
754 680
782 206
16 219
66 440
679 291
498 700
106 195
209 112
289 407
299 40
524 506
538 27
325 421
499 522
604 406
627 210
776 209
509 108
172 514
469 13
676 606
5 765
238 205
47 24
594 64
339 5
15 401
229 722
680 120
304 512
505 178
499 159
495 296
569 792
687 522
758 494
647 797
771 653
538 317
188 687
15 455
202 296
713 231
439 647
76 429
318 158
371 616
525 722
6 603
476 402
368 514
501 799
329 494
481 766
738 107
2 121
663 155
9 568
500 412
89 558
314 302
375 771
567 460
81 447
134 420
377 655
98 359
733 713
692 640
261 390
259 725
423 430
620 634
417 305
303 701
588 29
679 246
508 656
5 520
379 543
113 537
90 596
471 31
511 302
57 426
378 748
303 198
516 748
273 290
141 722
661 15
386 180
265 497
216 623
592 670
515 357
99 777
379 381
551 58
597 438
142 672
563 622
550 141
182 451
159 169
109 578
685 503
556 210
88 643
548 39
780 674
669 623
725 595
684 574
386 765
725 680
445 132
80 362
574 291
672 204
277 7
482 625
454 522
169 174
32 774
340 743
246 162
541 784
175 241
173 722
6 750
675 175
616 560
422 68
606 326
399 416
435 357
207 672
380 87
783 274
800 500
745 635
491 460
388 490
699 224
591 139
287 195
125 320
248 219
454 665
506 739
83 689
94 24
95 715
119 486
256 78
704 19
672 113
156 550
491 744
712 263
674 154
274 128
722 287
586 36
231 174
694 789
557 475
496 88
37 46
392 145
503 454
429 256
262 719
789 125
229 136
11 707
761 162
114 382
236 553
178 649
235 491
84 709
251 414
714 87
455 67
90 663
26 163
376 195
624 630
341 78
669 651
221 92
536 700
393 10
711 5
436 490
294 274
796 389
428 120
649 519
64 188
586 462
209 531
347 346
466 132
676 396
379 758
681 140
489 192
244 578
395 183
151 485
287 451
205 162
451 371
84 732
232 573
348 617
526 44
614 212
50 15
316 333
225 728
517 573
400 652
449 448
351 752
531 425
53 781
798 546
222 399
503 384
45 786
63 548
30 374
510 140
277 556
694 246
61 412
570 723
362 192
253 400
418 548
515 763
162 386
110 542
388 39
410 359
309 496
397 304
626 107
51 320
430 2
421 175
13 115
423 249
666 481
408 585
549 66
103 797
669 72
643 367
614 671
353 384
351 364
8 76
357 399
73 121
109 252
18 188
91 307
133 196
83 136
110 256
103 384
268 334
99 319
63 145
30 164
173 269
165 344
67 297
221 261
116 334
175 179
186 379
97 188
261 297
154 320
290 297
310 349
17 221
266 373
292 296
12 240
4 360
259 368
42 222
2 243
6 25
257 277
233 299
179 198
141 336
295 298
53 399
189 343
238 380
49 88
220 249
119 192
80 225
81 134
113 301
112 324
212 328
121 325
153 347
344 371
157 281
135 172
78 389
165 371
73 329
30 185
222 262
52 72
85 90
40 116
77 326
89 167
97 379
138 219
96 209
303 340
292 396
206 331
287 390
67 121
90 333
98 235
58 391
351 395
125 246
20 141
148 306
18 220
161 219
334 389
153 215
84 269
207 229
339 399
239 349
231 259
61 364
192 213
291 319
27 100
185 187
21 147
65 80
202 245
219 374
44 222
90 298
130 375
39 58
5 311
117 133
20 62
197 363
189 312
38 173
238 289
317 321
266 296
279 373
54 81
329 382
228 314
84 149
148 359
30 187
34 399
12 289
83 151
98 286
2 321
53 357
157 349
52 272
14 236
306 363
244 299
190 356
178 393
216 243
98 224
145 337
14 110
50 106
160 382
52 264
77 202
157 221
120 356
247 276
332 357
129 168
6 192
105 349
53 271
350 383
53 147
59 341
15 95
280 386
3 212
98 321
119 183
240 381
255 290
292 386
10 257
16 225
39 91
248 267
65 189
66 209
64 241
56 242
308 358
197 337
18 133
73 144
99 189
318 366
84 85
235 264
191 343
174 264
34 53
162 272
97 285
22 198
45 394
18 107
0 31
370 387
15 30
93 312
87 290
6 369
293 352
148 331
269 397
258 349
4 131
174 308
190 304
39 218
230 350
184 350
136 177
20 33
43 204
170 275
49 203
67 144
18 196
329 388
71 339
125 207
2 118
157 300
237 280
77 112
218 230
44 294
207 326
111 307
28 130
111 230
153 238
28 328
180 323
243 321
153 381
21 114
227 384
382 388
62 101
204 377
128 250
132 393
224 288
201 313
19 314
214 257
133 220
10 148
107 220
49 247
305 334
195 385
66 308
184 363
214 393
226 346
252 370
24 283
360 393
94 106
354 394
47 170
40 160
12 192
208 383
83 279
120 239
53 114
203 247
35 47
28 375
12 215
68 218
57 124
184 271
47 365
37 304
53 95
9 312
5 368
42 129
22 179
39 391
152 165
278 331
62 109
61 265
287 356
111 208
39 55
232 270
7 28
115 217
82 386
193 350
235 315
164 372
24 180
54 134
293 338
173 218
59 269
99 312
52 118
165 340
52 224
130 398
65 291
109 282
138 179
11 366
217 268
138 161
107 196
122 262
233 394
43 377
169 392
184 230
71 195
152 233
84 397
24 221
4 284
37 141
304 390
177 211
133 249
27 148
116 273
33 101
109 201
147 348
111 271
1 91
46 354
76 269
140 256
292 343
83 298
174 358
21 271
127 298
82 163
67 73
144 255
89 111
116 123
261 349
246 250
229 324
79 299
93 127
32 232
230 363
32 399
239 263
46 159
15 147
314 372
46 237
56 150
141 322
166 371
2 52
314 338
146 154
317 351
340 371
100 256
145 302
216 240
68 76
94 394
88 170
78 91
27 267
33 109
190 287
291 396
34 357
2 264
146 394
137 387
222 294
252 374
92 94
28 44
209 362
14 398
152 371
200 353
306 367
203 276
142 349
103 316
268 329
31 59
75 212
171 301
266 279
66 205
167 253
132 181
0 211
75 328
34 339
145 197
24 157
162 205
135 245
79 92
234 337
17 300
120 258
112 326
103 227
54 226
224 264
1 323
160 329
94 237
149 363
134 334
2 288
44 285
120 287
198 313
43 95
74 231
174 228
125 326
184 193
292 319
291 330
55 391
231 368
80 396
66 272
77 246
179 199
167 230
153 293
108 269
71 223
50 355
211 266
115 123
1 389
261 281
11 103
77 203
277 306
383 385
111 173
205 272
231 351
34 232
274 295
15 21
3 360
179 313
250 276
185 384
225 396
43 114
107 133
11 227
163 296
53 270
32 332
32 357
61 288
239 300
17 86
3 200
0 373
108 341
17 261
40 329
81 116
28 229
187 384
114 232
117 260
36 102
222 379
7 140
2 235
143 147
196 249
49 246
254 355
143 377
305 323
235 243
91 226
159 394
20 282
169 241
87 255
36 348
35 365
131 353
353 360
130 328
145 257
119 216
165 242
342 362
88 241
188 379
88 335
99 296
131 393
7 44
10 27
93 274
203 326
105 310
383 399
106 266
37 322
4 362
189 319
74 264
58 307
215 240
264 358
134 226
19 36
193 363
48 301
50 150
160 325
12 213
60 369
199 238
33 252
137 322
202 250
229 375
38 89
59 149
38 68
200 360
21 95
23 171
36 347
100 212
257 393
251 305
7 379
5 104
115 268
42 285
228 345
73 81
158 287
261 300
56 106
179 370
63 267
95 232
12 369
111 167
24 332
16 319
220 362
35 64
132 257
273 305
14 28
196 342
243 317
1 305
249 342
196 220
52 235
84 108
21 232
19 372
299 354
146 244
26 267
0 8
169 170
151 177
96 205
174 224
305 376
19 338
164 348
101 137
8 254
123 217
124 333
297 349
337 363
199 374
74 118
120 336
52 358
216 321
29 205
76 139
140 182
197 277
30 214
49 170
45 233
156 265
97 222
70 233
93 136
82 92
151 279
53 232
166 344
251 371
169 335
45 280
8 139
11 204
32 339
211 279
154 217
41 133
303 394
284 360
86 221
13 237
6 119
226 389
96 117
142 310
178 212
88 247
127 177
155 247
195 339
72 264
15 278
143 399
67 180
194 215
11 318
140 294
40 73
53 339
83 93
193 206
37 120
21 399
222 328
241 335
270 361
38 230
92 386
346 389
187 348
293 347
46 371
227 316
120 158
176 282
265 311
42 168
330 396
177 298
223 357
64 392
198 374
352 372
60 119
22 289
325 382
156 364
67 86
77 248
77 135
17 180
250 301
43 187
188 222
12 60
31 397
69 130
41 220
5 317
28 97
194 216
198 219
299 394
266 355
331 378
16 82
210 233
109 387
29 174
224 235
95 114
135 202
250 326
44 328
47 88
22 369
26 335
174 205
256 360
92 299
74 395
124 397
149 337
50 280
140 285
289 293
65 343
119 369
90 341
122 186
16 396
247 326
14 69
353 393
99 309
30 384
180 281
36 103
201 380
190 390
152 166
233 354
268 382
11 19
103 187
143 204
87 287
246 326
112 207
54 305
46 303
232 383
55 226
197 302
50 296
8 355
14 229
18 249
83 274
55 346
134 346
172 250
293 381
115 354
194 381
4 342
335 392
252 313
157 310
55 307
63 302
254 266
36 227
386 396
278 378
172 245
227 348
102 366
340 344
118 264
37 336
104 265
44 168
116 382
53 383
11 164
94 233
121 290
220 342
158 356
115 154
21 270
89 208
168 171
297 327
110 236
30 278
283 332
139 373
25 119
282 387
196 260
52 315
270 271
30 331
91 391
232 339
267 335
237 242
16 65
297 300
88 392
44 122
66 174
15 43
155 203
48 202
94 280
159 244
57 333
197 306
110 328
9 151
22 347
87 142
102 377
82 292
193 277
256 284
260 362
32 53
314 316
107 260
69 110
57 85
155 246
3 140
196 362
14 324
243 286
281 300
64 341
265 364
77 276
16 330
99 292
82 106
31 269
40 255
102 348
96 308
368 395
70 79
68 173
3 4
9 93
19 384
103 314
49 365
45 94
139 295
119 194
95 399
63 100
11 316
15 270
249 362
113 128
209 308
182 379
225 291
210 394
231 364
339 357
34 223
138 175
172 276
0 269
211 254
215 216
320 334
234 392
92 233
323 346
86 180
98 315
132 178
49 169
104 156
116 388
90 124
116 320
282 313
195 223
12 381
112 246
27 236
58 218
26 392
129 379
180 261
131 132
139 211
65 319
244 354
117 342
172 202
106 280
39 307
140 212
95 270
9 83
376 389
146 354
135 250
3 256
242 355
10 331
13 280
29 308
188 285
26 88
156 368
201 252
203 324
86 297
61 286
27 63
111 218
164 185
19 316
131 178
168 262
157 263
43 143
246 398
186 262
320 340
73 160
85 333
75 236
114 206
63 197
93 177
16 189
73 325
324 326
206 278
17 281
319 396
143 318
70 146
112 202
61 231
7 182
160 255
122 129
120 390
167 218
2 286
122 379
75 359
133 342
89 173
69 182
110 130
24 195
194 369
94 299
142 258
46 152
270 350
11 36
189 292
228 352
270 383
334 340
223 283
185 278
238 347
94 386
120 142
295 373
49 248
13 355
101 387
107 362
174 315
78 305
241 392
178 200
20 176
62 282
178 360
2 224
181 393
84 90
152 303
217 388
296 386
96 362
50 266
282 380
85 341
39 208
51 101
264 272
146 233
305 389
117 249
246 247
121 297
77 172
104 368
203 245
83 177
253 269
102 238
232 271
14 207
17 310
29 228
159 233
5 259
208 271
12 198
252 282
122 171
152 394
187 278
38 350
106 386
29 66
136 309
226 305
85 397
115 320
33 380
5 364
173 230
83 373
289 347
177 279
218 253
86 325
338 352
273 325
224 317
48 135
322 390
191 296
64 124
108 234
161 374
76 253
231 288
45 79
313 380
296 343
190 322
106 343
102 380
242 344
128 135
39 89
175 374
44 97
25 215
105 142
29 272
159 386
127 373
230 367
25 381
51 387
141 258
155 207
54 251
182 222
10 302
290 310
6 183
198 199
44 379
31 253
76 173
163 266
126 322
9 309
65 396
2 98
72 174
158 304
163 396
14 125
162 209
290 327
204 318
240 293
120 322
38 218
87 327
309 319
221 283
110 212
51 109
70 159
90 139
254 373
277 361
219 370
107 249
233 244
149 341
134 323
22 138
51 370
262 285
181 353
72 224
272 308
134 305
215 369
54 346
166 340
116 268
246 248
50 254
306 361
24 281
46 233
78 376
108 149
215 347
229 398
64 85
97 182
210 244
57 64
197 234
279 295
42 186
22 60
35 88
7 97
143 366
144 325
104 364
71 332
142 261
238 316
149 197
0 253
72 118
217 354
183 192
113 202
225 330
247 248
147 399
97 294
63 337
182 294
64 275
207 236
378 393
59 234
29 209
112 250
150 211
80 330
89 391
252 387
35 169
15 114
232 399
81 268
106 163
266 292
345 352
186 222
94 159
7 69
134 389
50 56
30 378
199 347
88 155
35 275
268 388
103 345
44 129
60 175
279 298
179 219
206 232
59 84
58 111
347 381
286 321
62 263
89 307
294 379
259 351
155 326
45 159
89 218
314 345
105 258
37 137
318 348
23 48
28 222
271 385
95 147
0 295
114 270
39 167
129 262
55 344
281 283
139 298
34 71
99 191
210 299
36 338
48 128
31 173
2 72
33 282
6 213
238 366
139 279
187 227
58 344
184 206
77 247
177 254
35 170
302 337
1 78
64 333
70 210
331 361
17 24
28 69
251 389
0 397
112 135
221 376
275 365
181 378
52 98
61 156
114 147
49 335
98 264
164 384
148 257
123 154
193 306
25 183
288 317
68 230
356 390
25 213
244 394
200 284
181 360
92 244
8 211
15 53
170 241
95 348
201 282
258 263
103 164
85 392
42 379
117 196
240 369
19 187
256 359
81 251
12 25
163 191
313 374
162 174
66 96
211 298
38 184
1 376
201 370
208 391
46 280
18 117
158 390
31 84
38 367
152 237
304 322
166 251
47 49
219 313
9 136
152 340
144 290
201 374
167 173
3 178
45 237
105 300
271 383
251 303
49 77
81 382
202 301
34 385
145 277
83 312
21 53
2 351
277 302
82 159
140 222
126 387
45 386
125 324
254 343
136 151
313 387
69 97
34 195
104 231
221 281
239 258
79 396
263 283
7 285
246 324
137 141
75 100
178 181
122 168
235 286
12 175
307 385
49 241
51 161
19 352
340 389
40 382
120 141
226 376
69 212
20 263
105 239
43 399
286 317
302 363
285 379
37 190
111 350
188 294
236 359
37 390
11 384
287 304
120 327
12 22
182 375
170 365
39 344
161 370
23 112
239 336
201 387
106 296
108 337
43 348
103 372
180 376
42 262
206 361
164 187
236 324
227 338
177 295
153 316
190 336
119 213
148 302
288 321
215 381
273 334
108 397
59 108
69 75
268 320
25 240
25 192
17 67
179 289
300 310
84 124
73 268
131 181
251 320
224 351
36 238
257 331
117 362
11 348
150 266
150 355
72 235
10 63
29 162
55 389
41 249
6 12
26 241
136 274
307 391
115 388
31 76
1 346
118 395
162 358
148 277
54 78
36 316
102 204
66 358
98 351
131 360
2 317
101 282
70 92
28 182
84 341
199 289
57 341
8 373
179 252
32 34
61 104
146 210
68 269
133 362
112 128
199 313
102 318
13 165
127 295
19 164
106 191
203 250
161 252
123 303
271 367
65 82
5 351
73 273
150 254
6 194
8 279
364 368
65 163
199 201
227 314
136 312
93 151
88 169
105 283
286 288
229 236
69 375
289 381
43 318
69 140
103 352
139 177
58 167
272 315
27 359
228 272
123 320
14 130
215 293
129 171
127 274
83 127
132 214
7 328
211 373
92 159
68 167
123 388
150 191
138 198
228 315
73 116
42 122
78 134
123 268
193 361
205 209
61 317
9 189
254 296
75 256
281 297
179 374
162 308
149 397
128 202
207 398
54 389
116 325
97 375
46 244
18 342
12 194
7 130
38 193
36 153
193 230
304 356
43 147
194 240
157 261
1 391
257 378
55 91
78 346
345 372
22 381
113 135
11 143
249 260
26 169
81 325
17 290
3 294
24 376
80 291
237 371
257 278
153 289
52 288
62 141
346 376
45 46
23 128
207 324
137 190
105 281
258 300
191 292
158 190
22 219
112 203
156 259
3 284
82 319
8 56
12 119
44 262
316 338
164 227
234 363
182 328
155 248
10 306
83 295
61 351
70 244
259 265
125 229
363 367
227 372
21 339
273 382
199 380
104 288
68 253
104 259
177 266
153 338
241 248
115 329
140 284
41 107
81 305
58 89
191 254
88 248
48 171
31 68
277 331
40 388
60 192
146 299
350 367
184 270
212 256
75 140
125 398
240 243
184 361
32 195
4 200
137 336
166 237
191 386
43 384
33 199
157 283
261 327
216 381
185 378
366 380
326 398
21 383
102 316
71 357
177 373
120 190
183 213
300 349
105 261
166 303
40 144
101 201
208 385
336 390
123 329
59 76
187 214
13 56
203 246
265 368
11 377
121 144
328 375
217 303
217 320
67 325
251 340
348 377
168 379
33 201
50 191
141 263
259 364
175 219
155 324
51 126
181 200
142 297
42 188
247 365
163 189
91 346
147 232
75 110
144 160
85 124
173 253
341 397
194 293
78 323
79 94
303 354
222 285
82 396
117 220
96 260
25 60
67 81
303 371
234 302
138 289
8 150
213 369
198 289
261 310
21 206
109 126
180 297
112 155
5 61
107 342
40 325
1 54
25 194
258 310
186 188
366 377
27 145
248 335
192 369
143 348
267 324
218 367
45 106
272 358
96 162
184 306
52 162
118 224
233 303
62 336
132 353
364 395
169 248
223 332
174 235
70 299
7 375
159 299
72 288
165 166
25 369
303 320
82 225
161 175
176 223
154 388
13 242
6 60
214 378
38 167
297 310
116 329
72 317
10 359
212 236
100 359
271 350
32 385
151 312
19 348
44 375
54 334
44 182
174 272
248 326
61 311
319 343
134 251
16 80
142 300
38 111
339 385
46 94
351 368
63 148
11 43
44 69
112 125
41 196
135 203
323 389
13 50
178 256
159 210
142 327
35 241
275 333
305 346
204 348
104 317
103 348
195 357
208 307
316 348
214 278
91 323
66 162
86 121
84 234
99 343
15 399
26 248
19 103
79 159
47 275
10 145
204 366
251 334
318 377
283 349
302 306
87 144
23 250
370 374
46 394
154 354
219 252
95 143
81 334
254 279
185 214
181 214
245 276
261 283
254 295
162 264
175 213
0 76
105 157
51 252
78 180
106 292
226 323
31 108
327 349
121 255
41 362
64 170
47 64
101 109
23 202
101 126
1 307
79 386
74 224
140 328
11 102
314 352
14 75
76 397
298 373
369 381
141 239
98 317
266 343
235 321
5 156
324 398
114 399
163 292
69 328
98 288
77 250
0 139
112 398
126 336
98 174
215 289
231 395
49 155
77 155
195 332
107 117
338 345
211 295
145 148
100 236
1 134
212 284
33 176
4 220
101 252
125 130
60 213
19 227
10 277
41 117
206 350
182 285
385 391
183 369
7 222
1 226
163 319
124 341
114 383
175 198
274 298
56 355
104 286
80 319
52 174
178 284
61 368
288 351
262 379
22 215
8 50
73 382
135 276
189 309
104 311
97 328
138 374
16 291
134 340
132 378
4 260
67 273
348 384
100 110
109 313
128 245
260 342
163 343
137 390
206 270
113 245
245 250
19 345
92 210
176 263
283 300
156 311
64 169
209 260
79 210
25 216
220 260
65 292
110 140
15 206
36 314
15 232
142 290
205 358
205 308
54 340
200 393
59 397
91 376
1 55
270 399
15 361
203 248
62 239
193 367
33 313
142 239
29 358
323 376
339 383
65 99
86 281
57 170
118 231
151 274
17 297
98 118
4 178
130 229
41 342
61 259
38 271
184 367
123 382
322 336
90 397
277 363
31 149
68 111
48 113
216 369
121 160
286 351
65 330
191 266
5 265
78 226
2 104
145 359
126 137
165 237
32 71
184 277
285 294
268 273
56 280
145 306
57 90
309 312
0 298
128 301
120 304
22 25
161 179
79 82
20 283
81 273
310 327
285 328
112 276
57 275
99 163
163 386
26 64
97 140
172 247
63 359
207 246
77 245
65 225
99 396
131 200
23 301
104 351
132 360
72 98
180 221
149 234
122
76
69
149
79
186
128
51
126
92
55
77
31
108
144
89
45
181
163
97
193
117
134
126
161
152
73
97
96
117
179
146
29
115
205
73
111
97
23
78
34
41
187
106
49
23
26
119
59
168
90
76
63
97
89
66
51
134
92
84
62
63
40
139
56
64
41
46
32
92
59
62
148
362
106
203
47
127
91
194
130
137
143
115
68
87
102
106
92
80
113
123
139
73
48
117
107
81
113
39
40
173
94
120
130
53
95
150
163
126
124
104
50
69
156
42
137
88
117
70
154
164
48
126
142
139
115
89
65
103
59
305
162
52
51
140
63
135
67
57
165
109
243
58
182
14
21
61
176
62
185
208
79
56
150
66
75
58
171
124
110
51
158
177
66
161
152
136
50
49
29
198
80
46
193
110
49
105
91
118
26
91
142
117
79
88
174
87
184
49
197
167
97
86
224
241
189
196
74
117
84
146
175
86
82
82
58
102
126
30
84
45
91
100
65
110
130
118
32
139
147
38
190
49
136
57
102
107
173
17
154
15
74
44
135
90
43
11
60
59
110
188
46
97
123
10
77
121
112
100
50
83
34
77
57
122
101
102
154
84
50
157
71
21
178
79
223
139
104
42
146
66
39
111
99
126
133
79
165
33
103
25
14
103
99
91
53
136
39
76
93
111
125
71
112
56
66
77
83
32
143
142
120
16
11
10
204
138
174
31
112
38
51
149
172
143
96
8
165
55
154
157
138
154
69
146
54
139
39
165
119
142
45
141
67
117
32
157
68
171
78
110
124
71
198
74
148
125
79
84
64
40
254
40
61
98
185
46
88
169
94
28
156
79
75
99
165
170
309
111
53
73
118
192
56
146
54
52
116
78
67
52
159
80
100
98
127
46
35
118
113
56
170
139
144
101
17
183
86
69
39
38
48
100
208
20
75
81
40
19
100
62
123
82
60
40
240
185
78
71
186
128
77
51
29
41
84
127
69
144
130
172
91
106
59
36
72
62
125
102
152
29
18
87
124
94
79
191
207
81
130
150
93
168
106
76
56
80
79
82
209
60
139
153
67
105
74
159
94
47
134
72
25
78
57
86
30
137
47
73
36
177
134
61
99
93
136
59
91
47
234
200
61
35
124
68
135
177
180
76
62
53
55
125
101
47
112
150
46
116
140
129
42
122
89
154
120
100
137
101
119
45
132
18
197
123
180
126
218
143
89
122
184
43
152
63
105
78
131
122
218
119
150
106
142
166
157
148
90
26
76
202
113
62
57
68
90
72
36
85
167
146
118
15
133
91
19
23
77
49
28
146
123
20
109
147
96
119
99
177
97
110
69
203
137
59
130
183
180
86
78
256
76
195
113
201
78
202
135
257
170
30
33
112
23
140
98
44
45
80
102
56
174
87
58
43
53
144
119
109
116
153
21
36
118
50
89
102
173
50
118
68
177
110
58
81
74
120
95
46
121
154
306
78
146
67
105
16
66
62
140
183
61
86
292
120
107
139
87
70
161
199
61
63
186
82
161
145
45
178
162
35
176
134
96
86
90
130
141
134
59
52
65
50
90
63
167
114
80
172
86
44
96
172
57
207
207
56
196
150
44
121
92
68
100
99
105
71
98
62
98
124
219
156
145
222
93
135
174
89
26
116
74
120
129
84
49
153
45
116
64
118
75
93
51
64
43
26
91
70
115
56
60
139
137
33
163
100
73
154
75
106
86
103
152
111
49
81
81
72
45
164
69
130
33
75
96
126
61
14
26
35
84
170
208
109
66
44
194
129
77
195
64
135
129
209
90
139
140
130
68
118
71
79
142
135
79
241
118
86
85
69
90
131
160
154
86
42
81
119
23
141
136
54
77
59
52
178
91
113
78
157
234
80
54
42
60
159
9
220
190
89
115
57
16
104
103
117
158
245
12
56
152
64
209
115
31
96
115
102
122
67
140
49
41
177
114
48
115
121
94
162
105
151
30
90
197
128
59
105
182
58
88
84
90
129
59
78
115
20
191
94
102
48
23
23
54
132
35
36
56
162
221
140
52
46
151
163
181
75
64
39
41
115
18
123
66
68
65
49
166
38
146
63
138
44
169
43
120
158
117
107
129
95
152
179
80
147
77
78
115
45
69
131
188
18
174
52
200
25
86
125
139
45
68
42
76
157
83
150
96
113
146
57
119
149
93
94
169
70
94
58
139
40
36
158
110
37
47
75
62
149
38
133
91
56
102
151
57
140
193
68
104
185
86
76
130
95
91
95
33
149
75
151
137
141
139
110
80
178
44
181
136
44
75
61
110
124
229
160
121
111
37
30
111
83
192
54
133
87
126
67
35
42
186
71
95
91
104
283
71
20
166
87
122
47
157
60
115
31
70
70
93
197
114
138
126
50
142
78
84
76
120
55
128
87
126
97
43
62
186
84
77
63
90
91
203
117
257
96
74
72
63
41
113
49
114
55
64
103
200
82
153
179
96
34
241
33
154
134
55
151
21
24
161
61
89
111
98
57
13
163
22
104
82
57
47
91
82
108
38
87
36
50
158
41
112
32
86
52
42
103
17
88
93
88
81
60
79
54
153
147
72
136
78
154
43
75
73
49
114
65
196
53
147
168
51
102
159
142
86
28
179
133
112
28
66
99
156
162
25
120
101
89
47
52
162
117
105
51
198
79
91
87
119
25
67
49
58
83
78
104
177
71
105
109
121
37
34
56
131
136
249
82
181
33
178
43
129
57
79
61
117
120
165
14
109
190
164
53
95
134
112
114
65
107
121
80
140
23
46
34
220
31
103
122
58
128
208
138
104
125
144
46
117
73
103
101
43
125
73
69
175
30
105
297
105
31
88
78
159
81
86
214
87
91
78
26
236
98
25
88
135
83
111
129
94
88
143
102
139
74
60
100
147
146
83
284
191
84
131
201
62
224
88
113
97
166
152
77
52
49
18
41
104
161
165
147
127
151
150
35
56
175
174
55
102
122
47
121
14
255
91
111
62
21
14
92
166
57
117
95
120
218
50
103
176
139
206
82
221
155
92
244
80
58
86
66
163
50
85
31
71
149
42
116
48
133
134
316
48
93
75
171
49
202
264
136
102
209
38
119
146
43
96
70
127
151
91
164
267
152
108
141
16
145
98
30
97
67
147
72
79
84
61
231
167
35
161
142
103
96
20
32
99
27
51
94
86
99
79
191
21
191
10
46
46
35
184
10
130
104
40
151
67
97
90
35
80
48
58
54
167
188
162
94
15
29
69
140
77
177
44
93
61
63
48
75
123
190
65
175
61
100
81
110
166
145
10
74
189
149
146
50
27
106
78
139
125
81
188
76
102
101
94
89
37
113
24
62
66
142
82
134
134
44
16
26
107
74
104
17
121
49
77
84
53
162
53
115
197
83
155
149
37
96
161
29
37
44
92
112
131
46
133
120
122
155
144
92
13
28
76
77
68
76
24
76
65
128
118
78
87
146
151
98
141
21
82
163
151
105
153
39
83
179
18
238
119
122
47
179
169
33
46
60
74
133
150
93
116
112
112
50
61
163
153
39
155
83
33
114
67
71
97
86
54
36
155
75
118
167
131
87
41
79
97
142
133
292
63
89
145
108
109
116
94
48
82
18
171
102
76
80
119
105
103
67
195
26
129
92
121
166
68
56
96
74
32
241
173
44
74
169
90
123
31
199
69
220
172
121
64
149
80
47
48
66
83
44
35
93
174
140
67
154
50
112
168
169
110
187
101
90
67
49
190
18
66
20
72
51
162
20
107
157
36
48
24
113
159
148
157
63
152
68
168
148
37
136
172
147
156
65
20
173
143
106
88
100
90
143
111
138
107
169
131
142
82
179
88
105
93
179
173
146
87
147
51
119
36
32
45
130
53
33
89
117
151
77
113
22
189
102
66
112
53
119
76
125
59
43
68
74
124
99
36
52
70
165
69
99
49
11
180
114
100
100
159
112
144
113
127
87
154
112
164
122
54
36
123
306
40
187
61
111
73
54
157
138
99
99
92
202
52
64
87
62
19
31
93
63
31
27
202
96
116
197
60
30
194
157
86
93
59
42
144
90
144
178
126
191
68
32
112
171
51
35
144
209
168
55
99
152
32
158
141
188
99
148
41
56
31
152
222
150
106
95
125
39
117
62
59
84
29
19
143
77
54
142
253
77
51
54
122
122
62
16
94
110
64
132
151
66
202
65
155
93
32
19
135
42
170
64
110
158
58
63
109
109
189
188
171
22
76
99
62
47
99
27
45
169
91
41
119
81
138
75
48
30
65
67
114
125
129
104
111
113
105
58
186
63
88
70
131
31
126
70
94
176
103
45
131
39
72
67
119
151
107
167
41
19
66
199
99
130
96
131
158
171
116
83
106
80
136
29
132
64
107
167
127
89
64
159
177
36
101
96
106
74
160
69
100
78
177
112
171
120
129
124
178
35
23
15
137
124
56
133
139
63
29
113
74
147
175
80
79
140
152
112
187
93
115
24
76
74
211
153
78
118
208
76
181
118
77
107
161
67
32
87
38
160
18
55
50
