526 725
682 381
127 179
430 711
86 82
667 119
421 441
423 210
418 250
600 723
318 390
365 775
345 602
150 147
306 750
298 469
773 436
632 533
499 622
77 379
445 429
227 97
631 374
121 165
223 143
622 204
105 139
97 8
393 580
376 730
726 418
420 515
105 229
621 553
403 548
331 351
183 203
743 620
380 198
310 26
794 336
713 649
719 241
442 469
570 418
59 615
717 344
621 80
373 275
365 115
297 725
358 765
90 701
215 242
68 548
146 390
365 327
405 320
586 654
218 627
647 688
31 666
711 513
209 78
72 798
429 121
597 283
45 390
208 406
693 88
702 40
7 185
53 248
523 285
558 8
429 693
70 150
23 80
20 240
789 497
235 759
265 91
24 6
537 380
544 341
774 365
119 790
209 538
516 513
258 446
768 377
516 544
548 572
379 423
748 644
111 547
720 799
142 779
118 18
799 280
252 419
694 640
106 652
389 366
653 90
374 287
152 795
627 499
401 456
100 456
528 18
322 299
142 408
443 418
710 594
193 359
477 785
140 354
264 790
636 595
413 85
406 217
272 270
174 673
16 405
512 484
229 736
474 467
306 407
569 47
395 267
45 571
471 728
176 263
283 432
692 505
383 184
133 216
558 767
537 230
91 26
416 221
308 641
150 526
239 615
226 529
122 782
344 103
548 497
185 64
325 272
664 698
636 529
451 410
747 235
65 333
753 711
768 167
174 309
468 600
265 277
780 323
196 533
625 19
125 158
353 243
40 149
656 607
420 84
199 521
375 341
138 614
7 134
100 113
651 133
555 286
484 336
707 741
40 516
388 250
88 708
74 5
535 793
441 236
345 132
754 481
421 583
699 401
356 339
209 612
723 367
669 427
733 478
591 374
24 381
31 15
457 220
261 553
46 87
503 488
344 713
715 669
302 163
674 433
664 511
259 799
765 233
141 126
532 705
309 335
672 357
626 260
730 594
573 191
88 492
223 292
345 216
396 544
467 652
39 575
539 593
190 344
152 371
93 460
118 293
10 360
254 688
719 142
242 45
122 417
517 656
358 665
47 552
182 596
577 156
628 602
410 384
659 798
587 276
415 199
744 257
457 686
638 498
587 672
574 267
689 433
607 785
129 119
659 504
468 92
659 198
350 56
360 81
559 144
513 447
548 207
476 419
198 416
370 519
380 633
514 429
634 609
635 338
9 732
431 173
480 545
208 72
645 59
671 482
31 464
552 407
21 399
407 378
60 253
94 135
671 278
463 695
134 152
273 421
610 350
646 516
82 385
299 54
27 88
729 23
185 96
664 175
749 525
40 84
774 718
788 770
195 486
749 129
408 432
536 488
786 444
172 172
94 798
594 518
520 58
201 635
91 746
727 758
483 406
85 282
461 612
203 717
3 514
785 413
554 715
318 762
59 157
316 278
333 330
233 25
47 457
114 186
426 514
466 769
670 157
346 770
35 404
265 267
528 146
252 104
721 617
43 472
146 795
532 754
529 315
748 696
776 328
462 287
668 473
539 75
271 744
237 652
283 58
544 407
437 200
772 279
324 729
731 33
534 672
456 741
426 620
409 484
68 631
326 541
16 368
351 517
298 516
529 733
222 485
508 136
110 313
470 614
39 198
43 327
190 286
546 56
778 43
672 502
723 486
332 619
795 432
169 348
550 703
5 725
74 622
63 143
105 295
177 124
280 579
35 378
205 166
225 383
426 578
8 600
507 415
717 496
144 158
763 347
29 176
795 106
59 344
582 583
158 653
464 3
559 152
202 58
354 127
677 470
113 59
606 399
711 180
799 311
483 12
716 72
407 58
211 275
258 346
270 338
204 392
117 281
99 154
273 371
162 291
172 311
193 279
180 347
143 233
194 321
18 218
126 306
287 380
239 264
101 330
154 206
67 194
124 315
289 302
20 236
170 272
112 281
88 254
48 179
59 336
32 72
159 218
103 188
366 376
111 160
192 363
101 261
152 362
44 379
32 137
202 324
7 196
28 259
29 200
14 51
136 339
14 335
213 234
68 112
191 392
115 158
173 207
107 333
135 287
61 219
108 258
17 235
97 301
167 212
102 369
196 264
201 302
192 245
105 150
80 310
50 51
187 210
138 367
200 310
338 379
185 365
143 291
359 366
273 304
224 304
253 334
212 287
86 146
38 239
66 211
1 262
96 302
260 294
188 209
27 195
54 178
15 100
131 378
255 323
41 156
6 153
149 266
185 363
26 381
204 242
268 392
112 115
356 377
228 285
54 214
17 248
12 348
50 310
125 265
17 362
142 226
14 80
351 373
128 209
30 192
19 385
87 189
71 172
77 198
18 305
19 124
207 277
135 248
0 328
197 351
123 306
310 335
89 353
3 241
256 303
304 371
194 358
22 394
139 196
58 230
255 389
242 268
269 271
282 314
334 397
162 169
201 330
103 293
152 242
62 248
120 391
142 336
122 150
9 352
312 322
194 281
171 300
13 207
347 369
31 346
25 238
347 378
9 58
214 223
75 259
194 271
94 156
147 202
147 251
297 327
12 28
45 131
71 78
177 201
67 385
166 311
30 245
65 399
3 29
266 285
305 356
101 114
54 131
178 232
115 222
68 376
143 169
152 235
30 191
141 239
56 103
10 209
92 265
64 327
147 399
50 335
235 386
133 215
234 255
251 391
194 374
35 56
334 360
188 272
116 182
118 205
68 100
104 319
124 374
41 94
18 159
262 279
307 315
231 364
185 308
254 338
217 350
97 306
124 349
52 102
245 268
52 263
59 144
100 257
95 219
95 232
129 334
20 346
199 294
69 104
228 266
252 282
63 149
0 138
66 244
37 330
206 395
260 379
265 377
46 85
266 324
166 198
0 208
114 119
119 167
55 281
148 199
113 293
136 239
39 252
258 348
230 276
3 218
26 173
44 83
260 338
4 26
299 397
296 375
124 326
79 185
194 385
280 362
155 349
9 138
35 312
34 345
227 250
43 153
160 322
329 332
93 113
132 367
3 231
63 81
18 345
145 162
19 358
85 331
148 294
62 268
274 311
203 362
346 350
149 390
50 320
168 252
36 381
113 236
180 263
286 319
370 383
38 216
354 389
228 314
191 333
25 234
203 268
214 326
9 246
107 242
273 357
50 126
140 181
144 336
258 317
60 201
75 344
270 394
4 181
218 276
49 184
209 312
276 343
37 201
28 364
90 190
245 392
16 308
177 302
149 314
2 164
138 182
121 141
226 341
283 288
230 243
141 183
170 313
172 370
21 266
85 190
187 245
41 167
102 347
192 380
269 321
160 359
34 265
113 303
256 379
192 392
10 313
268 333
38 165
41 325
104 342
264 339
237 302
271 374
110 334
42 99
103 272
14 205
100 134
25 286
15 89
153 379
87 162
55 222
116 344
382 396
316 381
176 303
36 53
230 367
277 381
83 193
33 235
99 161
221 366
111 165
217 258
5 319
218 356
10 134
68 221
161 331
2 13
43 108
31 108
65 252
178 223
254 270
355 366
321 326
1 187
28 34
174 319
150 216
77 195
227 395
62 185
127 260
36 137
185 295
303 338
79 295
24 372
8 239
71 166
26 277
18 92
169 197
191 210
292 384
331 396
69 286
45 171
62 135
202 216
136 141
62 380
189 387
254 294
230 305
241 345
150 313
124 194
318 344
250 395
77 82
105 313
5 292
308 382
186 218
320 335
2 277
42 240
49 147
162 233
271 321
94 212
26 76
42 340
49 65
73 332
73 175
55 112
67 155
181 288
132 318
239 339
226 335
349 374
8 339
157 227
73 238
141 339
130 179
318 352
135 380
87 291
92 386
173 277
20 293
22 191
282 337
33 280
20 108
159 345
153 236
282 324
362 380
78 304
205 335
48 105
66 275
28 217
88 91
15 278
168 399
29 75
120 252
89 376
21 337
74 388
23 137
171 233
0 309
42 157
75 241
27 98
189 336
204 362
11 50
98 149
193 394
105 312
312 313
91 159
324 390
193 270
223 281
203 392
129 163
95 178
25 174
58 235
152 248
41 114
125 199
4 247
104 286
10 188
331 382
124 269
348 364
214 232
40 46
17 33
138 246
47 334
178 214
94 101
33 167
202 391
123 336
43 293
292 319
86 327
142 364
29 341
174 234
74 129
48 130
212 325
0 182
303 379
109 281
358 374
43 346
74 334
173 311
357 383
102 171
355 371
362 363
119 235
56 111
17 152
34 217
21 390
277 296
161 190
242 248
169 291
189 233
6 43
280 298
59 373
214 269
66 262
0 343
9 243
236 293
76 166
266 314
169 233
158 359
27 181
159 220
119 152
144 233
13 375
190 245
177 237
80 205
94 289
34 186
78 273
35 170
220 386
333 362
154 340
323 389
263 301
83 338
113 379
131 347
93 272
4 288
299 354
100 278
99 331
132 352
249 399
217 346
301 368
67 271
112 257
54 378
55 221
160 215
20 113
268 280
137 164
306 335
34 346
17 280
69 174
35 103
82 140
73 139
71 370
114 212
253 389
213 354
100 115
311 383
63 285
23 26
80 226
84 244
204 248
115 215
184 202
230 343
90 365
111 322
39 282
18 356
46 161
69 227
321 349
88 127
171 369
297 301
210 279
70 284
73 329
360 397
38 121
21 314
50 341
97 146
30 203
350 351
28 186
68 134
357 370
100 128
5 395
122 215
84 338
171 189
51 320
218 345
384 398
23 381
7 183
168 251
25 253
266 372
189 300
49 252
66 84
131 178
28 258
154 157
115 117
104 174
31 317
149 228
240 275
203 210
52 86
117 158
176 332
79 192
96 177
62 287
19 229
35 128
112 366
207 372
304 355
95 214
254 303
84 279
213 244
293 346
25 250
249 323
227 398
98 140
104 284
309 352
62 192
187 190
232 369
260 303
3 75
91 220
15 128
348 373
83 84
22 210
174 286
260 270
41 201
121 165
121 196
52 301
251 399
53 160
170 236
204 280
125 260
162 189
135 185
73 84
258 351
76 311
361 398
5 47
40 85
183 239
9 208
69 70
49 168
281 321
200 335
146 180
161 240
139 238
34 317
43 256
158 215
167 261
127 199
46 340
134 353
57 236
127 303
125 148
321 374
87 143
83 303
186 259
139 234
53 322
51 341
219 378
220 356
37 325
44 394
191 203
36 133
184 252
149 285
89 134
191 245
144 226
123 171
132 344
185 380
43 317
343 367
369 378
61 378
30 295
193 210
197 348
225 385
54 232
137 296
218 343
111 312
105 188
2 23
50 80
17 298
148 254
94 201
139 255
277 316
259 364
23 207
130 183
207 274
145 373
16 185
58 261
46 187
310 341
48 150
188 236
124 271
226 306
302 330
20 272
102 123
136 184
225 374
323 354
38 136
19 271
249 388
228 390
247 393
4 77
121 136
290 330
10 35
16 90
106 327
120 184
142 144
105 179
292 398
70 104
100 353
77 288
62 204
16 295
160 312
249 360
131 369
48 56
289 330
338 394
266 390
158 221
175 211
257 291
292 361
24 324
211 250
111 150
8 130
132 328
243 367
226 336
159 377
207 381
271 315
20 43
162 353
16 79
261 325
4 198
38 391
174 227
150 209
15 350
252 399
2 296
112 229
74 163
173 274
12 259
23 32
175 238
158 355
129 360
291 353
48 57
59 300
194 225
11 14
155 355
240 396
62 362
374 385
183 332
67 349
328 352
139 175
17 107
247 285
211 262
23 296
156 289
250 286
143 145
90 308
45 378
102 180
4 140
19 194
188 313
88 298
11 29
179 183
8 196
28 31
228 324
57 188
274 370
124 225
159 230
19 155
196 239
140 195
15 348
68 278
44 260
107 204
236 272
67 281
241 276
265 356
67 225
145 169
187 203
83 270
281 374
61 263
96 290
223 326
242 280
109 269
31 350
75 132
33 386
0 230
12 186
88 265
115 366
299 360
164 277
88 148
108 113
76 274
2 36
9 367
15 134
186 317
32 316
109 214
52 180
278 376
219 369
34 350
21 24
262 394
230 241
65 168
248 333
242 298
69 398
99 382
256 260
92 220
296 381
147 391
57 103
116 318
64 146
48 111
218 241
174 395
177 290
54 307
218 230
109 112
29 231
34 258
268 363
101 119
244 329
44 193
209 313
311 370
166 383
58 243
284 361
251 252
215 359
150 160
2 207
279 394
259 345
102 387
157 206
355 358
122 322
276 344
139 213
135 204
363 380
157 292
55 229
160 209
186 345
252 391
388 399
65 391
94 114
83 260
35 209
81 324
164 173
261 386
48 165
224 371
58 309
238 279
372 375
328 367
29 310
23 277
21 285
60 261
115 376
67 321
113 153
190 331
44 270
24 296
101 212
287 363
52 387
290 302
164 316
149 393
123 387
37 212
172 198
269 315
335 341
110 360
125 294
364 373
362 392
114 201
30 190
31 265
24 81
286 395
174 398
299 388
131 307
41 60
83 379
40 90
301 327
179 216
233 387
21 372
315 321
151 201
56 188
248 268
157 384
14 341
238 244
13 277
3 344
84 176
156 201
114 167
121 179
146 297
22 262
87 353
76 370
28 377
13 23
11 200
25 211
83 329
135 192
141 196
20 379
270 303
63 324
213 253
75 218
172 383
152 298
45 102
135 333
42 250
6 108
55 115
95 171
178 219
199 265
30 187
110 129
58 60
129 267
4 173
110 163
152 280
116 352
306 387
55 68
223 269
48 312
33 261
139 323
133 158
57 105
27 140
183 196
186 377
125 127
99 206
27 393
244 255
40 99
113 127
69 284
84 193
372 381
104 398
186 356
111 188
59 387
319 395
177 330
64 106
71 311
116 132
284 398
11 51
371 385
72 273
249 299
41 289
166 357
49 202
38 339
50 200
43 199
320 341
135 280
40 331
304 385
7 121
145 353
214 315
251 337
101 167
186 217
3 132
38 141
198 283
208 343
91 265
224 355
22 193
147 337
57 130
315 326
93 236
99 396
41 101
86 180
26 316
178 326
20 256
4 283
199 254
21 63
149 372
311 357
227 384
158 222
182 352
142 200
95 131
141 179
204 333
305 377
26 311
31 258
153 293
375 381
220 230
56 105
136 391
245 333
12 217
122 160
191 394
40 396
45 54
52 369
254 256
185 287
1 279
349 385
85 161
89 100
3 318
111 122
2 32
41 330
189 373
115 257
258 350
105 165
121 183
16 365
164 381
177 289
107 152
7 264
52 347
298 386
14 226
142 231
208 309
325 330
26 247
136 216
241 344
46 210
237 246
120 168
299 334
66 279
119 386
292 395
114 325
233 336
120 147
17 119
345 377
63 266
98 181
31 186
16 192
138 309
73 176
80 126
6 293
166 370
8 48
87 169
44 254
131 232
31 34
133 359
129 299
222 229
89 291
103 236
91 125
104 227
3 276
163 267
198 370
156 290
94 325
64 97
127 254
31 377
118 310
8 183
331 340
18 230
141 264
118 320
225 358
119 261
77 166
86 97
81 282
127 256
153 256
23 316
117 221
0 367
14 320
124 321
168 249
142 373
154 395
333 392
166 288
144 300
138 328
26 370
349 358
215 221
355 385
283 370
49 120
259 377
146 301
26 164
33 119
67 124
308 365
173 370
9 309
242 333
192 295
68 222
253 323
136 264
19 55
265 317
167 235
273 358
4 274
208 352
181 195
232 378
161 340
250 275
8 121
151 177
76 173
5 69
6 346
72 383
110 249
36 296
74 397
2 316
1 190
79 365
75 345
45 347
221 257
110 299
66 238
135 392
126 226
45 61
60 243
115 221
143 214
300 387
7 141
180 297
73 255
28 345
196 339
63 228
50 118
150 312
162 197
251 282
164 247
33 298
7 8
310 320
117 229
231 341
108 317
116 328
126 205
88 294
32 273
153 272
314 337
32 371
151 156
78 357
45 369
35 188
76 357
71 357
213 389
155 281
53 359
334 389
47 104
219 307
189 197
22 187
127 379
1 210
13 26
144 373
70 163
201 325
242 362
30 308
53 122
268 380
55 366
94 330
164 296
182 328
106 301
155 385
43 127
29 50
241 356
84 175
42 154
40 161
84 270
56 170
45 219
9 60
132 208
90 161
171 347
47 69
324 337
64 297
172 288
256 338
42 206
95 169
4 98
1 22
118 126
254 260
194 349
199 260
274 383
263 368
120 251
234 389
206 240
158 366
75 276
117 366
26 274
23 247
221 359
1 30
81 390
131 214
54 219
58 386
40 382
30 90
215 322
1 203
97 297
76 383
130 165
91 294
89 351
37 167
200 341
6 20
54 369
66 139
47 163
158 224
61 102
55 117
358 385
42 395
89 257
81 228
19 321
111 313
7 179
12 373
155 304
47 129
89 278
48 188
126 335
68 257
270 379
152 204
17 261
63 390
101 325
25 255
151 302
59 123
307 326
20 153
228 282
352 367
7 239
173 393
52 61
257 353
230 356
61 347
8 179
109 326
173 247
240 340
85 396
5 70
50 226
105 130
49 136
231 259
6 93
90 331
253 354
318 328
21 324
47 174
174 250
155 374
91 92
269 326
123 300
60 101
11 341
109 223
8 105
348 351
144 189
40 340
285 324
218 305
170 188
23 164
29 320
72 304
224 273
33 107
27 82
17 204
133 371
285 372
299 323
143 162
207 285
2 137
46 331
165 312
56 57
262 275
24 375
93 108
6 127
140 288
42 286
105 170
228 337
19 67
99 340
18 220
74 299
129 397
85 308
159 186
246 328
59 189
80 335
85 382
23 370
191 268
147 184
53 375
82 288
254 379
165 216
217 377
109 229
21 375
176 329
121 130
340 382
39 337
180 368
309 328
74 110
166 283
33 152
334 354
65 354
45 232
222 366
345 356
159 305
49 399
1 46
60 177
41 151
269 307
25 213
112 223
39 314
81 266
249 397
80 118
213 323
272 293
363 392
88 92
164 274
21 228
58 343
38 179
134 278
131 219
17 242
87 197
72 357
2 26
37 41
89 128
128 278
52 146
49 391
66 73
95 143
167 325
9 151
64 301
217 317
175 244
103 170
108 293
213 255
19 374
21 149
247 372
173 198
7 136
66 175
56 313
225 349
70 398
19 281
96 156
64 86
120 399
171 387
73 244
104 267
238 255
140 198
257 278
85 90
157 395
72 371
6 113
25 319
146 327
4 393
221 222
197 373
8 332
156 177
232 307
55 257
31 217
208 243
52 368
211 244
133 224
51 200
267 284
26 166
35 313
61 369
8 141
300 336
380 392
117 355
22 279
137 316
123 233
317 346
97 327
11 310
187 392
41 212
233 300
92 298
135 363
20 303
90 396
226 300
229 281
155 224
96 289
86 301
5 227
172 283
91 148
85 365
130 141
1 191
145 197
242 392
5 286
166 172
23 76
229 257
159 265
284 342
180 369
24 63
121 264
70 267
68 89
82 195
107 298
342 398
195 283
184 251
37 94
48 170
296 372
59 233
265 305
58 367
128 134
10 100
5 267
113 256
53 215
96 237
35 111
133 137
268 362
145 291
243 343
86 297
248 362
97 106
107 280
243 309
107 248
198 288
53 133
72 78
249 334
60 151
14 126
285 390
267 342
117 224
227 286
6 236
105 111
71 383
16 30
34 377
14 50
306 336
342 361
5 104
98 393
340 396
210 262
88 125
39 228
221 376
247 277
192 287
13 247
288 370
118 335
82 181
154 240
208 328
113 272
101 151
12 142
24 285
183 339
182 246
104 163
150 322
76 164
388 397
14 310
62 363
195 288
36 375
20 127
222 376
12 231
49 251
63 314
87 233
150 165
70 361
112 117
295 308
65 120
13 381
180 301
7 339
281 385
135 268
13 164
247 381
154 275
42 275
120 249
39 251
106 297
185 192
169 353
64 368
165 179
174 267
70 342
56 209
29 51
61 368
156 330
13 285
135 362
289 290
248 392
83 176
225 271
43 113
217 348
14 118
247 274
46 90
57 332
103 313
219 347
190 210
240 395
249 354
147 282
161 396
175 255
305 345
61 180
47 267
80 106
161 382
250 319
156 302
19 349
125 254
146 306
86 106
196 332
267 398
21 81
155 358
148 298
110 388
69 292
204 268
69 267
37 114
6 256
0 352
203 333
38 184
0 132
323 334
37 101
184 391
193 262
5 398
107 268
140 393
25 244
155 371
219 232
32 304
117 222
139 389
224 359
0 276
9 237
26 207
87 145
68 366
31 43
77 283
190 382
59 226
200 231
1 245
238 329
181 393
208 230
138 352
5 174
69 342
225 321
153 303
66 329
78 383
122 312
179 239
93 103
274 277
14 200
201 289
186 305
309 367
108 346
121 339
110 397
144 197
93 293
234 253
361 384
32 224
90 382
27 198
139 244
203 245
14 29
208 367
166 274
309 343
84 329
54 95
56 272
178 269
29 344
75 231
7 38
9 328
164 207
67 374
175 329
132 276
207 247
12 364
223 229
23 274
222 257
230 309
178 307
17 386
46 382
88 199
99 240
246 309
142 259
205 310
57 170
182 318
271 349
13 372
5 250
197 353
106 146
112 222
343 352
15 351
51 310
234 323
13 296
11 320
10 278
46 190
132 218
300 306
234 354
147 252
314 390
248 280
57 272
211 238
187 191
109 315
79 287
121 216
240 331
18 343
81 337
74 360
79 363
121 239
206 396
107 362
200 320
123 189
65 249
227 292
223 315
80 306
227 319
294 298
101 201
65 264
92 148
159 356
235 261
91 199
257 376
0 344
134 376
138 208
69 319
147 168
47 360
304 358
132 241
2 381
10 128
100 376
193 338
63 372
64 263
295 365
44 338
4 27
253 255
122 209
348 350
77 172
102 301
145 351
206 340
68 115
178 315
111 209
90
66
9
72
144
182
103
94
78
66
117
208
66
99
96
76
77
168
52
48
76
100
108
139
172
142
38
89
114
101
44
192
112
22
115
132
90
48
130
57
124
94
96
162
38
86
107
86
155
81
74
122
238
184
77
137
197
126
157
227
111
85
146
136
101
162
61
107
75
83
166
87
44
156
79
22
94
77
127
87
80
114
107
90
175
127
179
132
64
63
33
48
59
16
77
130
116
59
87
84
52
205
92
122
138
193
153
94
70
165
106
31
78
168
51
36
80
60
75
104
124
44
40
50
84
91
163
131
104
42
102
186
225
23
69
109
90
75
198
160
116
167
86
169
76
44
33
84
167
158
75
84
149
40
112
154
132
144
60
61
90
151
127
39
42
108
164
84
15
133
41
109
122
81
125
143
151
27
65
75
205
91
159
33
67
119
101
131
31
51
35
88
160
25
121
77
95
64
70
75
143
81
225
75
84
245
50
75
112
200
25
128
78
187
44
125
92
102
122
110
47
142
35
167
188
28
83
128
104
157
59
107
32
138
97
51
99
99
130
184
208
68
55
103
86
172
54
99
81
101
84
92
152
131
144
157
126
12
142
131
172
213
98
146
37
144
83
20
90
61
193
157
29
183
164
123
51
223
38
64
63
81
30
77
172
49
146
156
11
113
99
27
71
130
161
59
109
172
43
36
109
80
115
89
115
45
76
48
94
33
81
19
221
38
115
65
58
72
91
63
66
74
105
51
142
163
184
105
91
136
132
19
146
69
132
48
165
44
147
229
57
139
37
146
88
161
19
25
137
141
117
105
80
155
25
129
140
101
49
166
57
47
83
152
161
18
89
104
183
186
119
119
104
155
67
84
63
64
83
70
116
100
138
98
150
91
92
88
79
92
156
86
205
55
74
121
190
60
90
55
49
173
114
79
100
70
27
49
61
183
106
125
189
136
104
43
54
71
166
24
96
76
161
181
180
52
50
100
205
44
22
87
56
91
94
142
56
48
116
71
78
90
60
54
182
28
74
73
109
133
71
101
120
92
30
121
41
56
65
66
192
157
173
141
281
148
100
72
164
76
32
55
30
156
218
61
151
140
130
164
110
150
61
113
77
190
148
35
87
16
69
174
108
68
113
227
219
215
54
124
224
71
138
118
187
100
130
159
80
62
121
179
56
34
50
199
50
94
121
68
78
175
53
125
20
150
11
146
7
14
85
103
92
34
91
74
63
87
232
191
126
149
107
56
90
151
126
72
47
183
119
90
122
220
136
60
234
103
44
104
64
64
55
66
141
30
136
136
64
86
190
58
158
135
127
94
166
56
116
171
186
85
28
85
121
136
136
35
106
119
92
116
170
27
9
130
185
68
36
71
139
80
26
210
95
28
113
124
34
75
93
151
53
122
130
155
98
73
64
206
93
157
81
22
134
77
45
237
117
72
193
102
76
172
24
114
126
62
78
160
115
157
56
51
225
103
182
75
94
97
18
130
224
124
260
85
73
65
126
104
142
181
174
95
99
63
136
130
187
102
69
119
92
83
229
40
116
69
191
58
36
99
100
180
75
81
71
81
50
144
134
119
153
145
152
53
81
167
74
138
100
27
70
168
104
80
92
127
101
115
140
193
179
154
109
75
105
47
37
119
81
181
184
99
44
91
91
112
204
72
54
74
133
57
114
14
159
115
33
40
53
88
144
22
95
143
86
166
108
156
175
171
144
46
130
127
53
158
22
196
114
170
54
72
68
75
104
121
79
85
66
120
66
75
132
173
22
149
116
167
130
69
42
57
14
151
169
80
74
69
86
217
43
139
13
112
213
62
100
188
106
29
63
25
123
188
107
116
83
189
20
113
116
91
144
147
86
59
69
86
139
112
67
40
185
113
71
184
115
79
93
97
124
160
63
76
61
167
62
94
177
56
88
58
31
140
36
75
79
125
150
113
118
108
81
22
90
92
105
209
61
55
61
79
110
158
84
62
129
51
230
46
70
135
174
135
98
79
119
114
107
60
162
171
145
90
63
7
50
23
152
98
40
67
72
62
118
196
108
45
84
77
89
126
102
89
114
37
56
27
60
85
35
98
63
118
85
101
76
17
123
153
127
108
130
195
105
52
138
32
157
68
64
65
78
53
19
93
140
101
105
245
82
114
114
196
95
64
99
111
114
51
20
70
43
113
50
78
109
106
80
64
68
131
102
11
92
57
60
13
60
65
169
68
104
159
113
78
152
48
18
128
129
40
30
102
86
126
117
97
18
99
156
84
31
22
190
34
133
80
95
96
74
47
101
78
86
154
42
111
55
37
89
74
215
84
92
169
67
125
98
146
143
57
51
190
76
76
81
56
174
22
74
80
58
33
46
80
109
105
108
83
39
100
82
14
92
72
164
61
126
77
74
166
157
77
134
128
71
91
178
115
75
74
140
105
128
88
70
96
181
201
75
163
23
184
119
160
66
153
146
245
123
135
19
52
20
99
122
95
165
111
133
136
75
125
103
153
52
149
57
79
199
133
112
111
25
90
12
66
153
141
182
136
95
122
79
111
48
95
31
99
62
97
98
47
98
89
33
99
53
66
75
178
78
38
65
68
41
142
120
83
38
76
67
48
181
110
240
131
71
167
117
87
100
67
51
51
80
63
189
51
180
133
169
30
104
66
146
106
69
91
210
84
69
35
197
141
139
172
122
59
28
90
65
55
52
105
46
83
80
191
127
84
44
205
73
124
77
127
110
19
32
157
138
114
70
193
196
180
123
10
86
130
64
126
174
42
29
56
129
49
152
50
91
81
126
133
129
70
159
132
97
129
78
162
43
184
121
107
121
57
98
100
108
217
117
21
172
53
97
59
68
23
94
92
103
50
69
183
73
21
175
97
58
77
93
103
125
68
111
210
113
41
102
57
57
124
120
66
132
115
89
86
97
122
54
95
115
71
60
104
68
215
64
149
140
62
116
176
111
49
123
44
45
122
203
53
126
68
31
73
105
121
150
41
148
65
25
221
160
155
70
106
177
29
108
126
44
116
79
36
192
78
158
183
191
35
91
161
69
125
138
73
38
76
105
69
104
77
131
145
45
119
100
114
90
74
61
156
158
66
95
109
99
88
65
120
100
78
144
31
74
196
188
150
81
35
127
20
53
93
148
150
196
95
136
57
179
79
130
238
169
93
163
37
31
93
105
23
112
18
58
105
36
89
27
141
82
162
153
177
58
84
96
108
142
71
98
94
60
145
177
180
38
65
168
124
82
110
214
86
64
120
112
136
114
99
68
126
140
76
55
118
85
37
138
91
167
40
67
190
206
103
75
41
122
76
36
93
205
126
66
118
66
108
84
98
141
173
63
71
113
95
64
106
82
84
31
119
111
147
112
42
80
118
145
8
103
98
35
117
132
44
44
10
97
114
93
76
168
59
202
32
153
111
77
59
119
81
75
116
55
58
170
126
115
60
47
49
56
133
182
154
91
117
239
45
39
63
157
74
55
87
152
97
65
126
60
141
56
141
180
48
126
122
45
64
57
146
144
144
80
74
33
131
55
136
153
135
113
139
93
104
135
96
135
99
104
184
83
142
71
150
31
8
51
75
104
86
83
115
55
140
48
196
101
162
92
107
104
43
44
46
52
119
68
48
168
56
100
70
28
65
10
222
97
41
53
101
38
174
202
208
27
100
189
32
157
59
40
113
34
62
69
100
86
49
145
255
148
107
161
114
108
47
62
61
102
128
119
41
69
219
95
30
65
121
168
117
78
75
109
132
202
142
168
121
104
139
92
149
199
103
130
57
108
70
43
137
164
86
18
204
147
104
144
132
32
61
61
119
149
60
189
130
131
133
158
58
193
73
40
118
63
107
142
34
130
83
67
39
21
70
57
42
11
130
101
166
38
159
47
247
154
187
155
56
39
98
56
54
193
78
55
59
64
75
47
72
66
62
62
57
144
129
64
29
72
145
117
96
165
81
189
208
125
118
47
21
85
94
113
118
117
141
68
99
155
45
143
140
70
51
16
84
51
84
78
54
74
90
152
69
120
106
50
104
232
93
189
41
111
64
96
22
143
56
62
84
173
112
79
94
120
44
100
189
168
162
140
227
127
93
53
85
45
99
82
155
47
56
149
98
108
139
33
201
210
96
59
83
156
163
31
128
100
119
13
52
127
140
145
157
29
170
159
64
46
175
106
60
108
59
178
187
113
229
99
40
169
114
13
117
195
117
106
162
120
137
106
44
76
94
93
136
121
110
171
166
55
99
150
75
28
64
90
85
178
79
33
114
151
48
101
87
43
201
19
64
141
74
73
100
159
102
217
126
209
83
47
61
79
16
36
74
61
170
187
58
156
73
38
60
209
148
109
59
98
74
43
83
107
82
67
182
83
77
142
91
41
117
63
217
187
127
58
105
48
133
115
94
115
136
88
231
125
39
105
193
34
132
62
103
209
62
42
73
88
140
134
96
78
122
20
20
66
90
108
101
118
176
136
171
71
48
81
63
51
117
92
99
23
53
110
165
212
90
136
153
202
80
110
65
107
