376 524
490 23
170 529
509 446
710 446
109 36
596 367
110 465
585 622
762 239
570 544
403 526
311 452
733 727
285 474
614 625
87 199
432 658
305 621
243 161
81 445
447 679
650 512
477 238
598 455
260 350
84 478
411 124
64 693
223 314
145 194
490 784
441 756
730 63
432 96
565 396
13 561
582 92
666 284
545 754
57 392
314 790
9 338
635 570
497 671
117 725
717 599
290 536
743 269
689 46
710 612
104 706
242 682
616 102
217 449
58 650
11 198
488 700
79 551
616 407
580 779
430 375
23 653
62 170
722 506
595 665
279 521
339 303
758 638
310 665
535 617
121 537
637 400
89 365
105 735
45 202
281 765
498 796
694 225
539 606
464 182
85 724
508 700
158 155
126 104
320 290
739 233
609 800
569 358
677 247
248 683
264 373
604 228
388 149
784 615
241 671
643 63
44 780
501 630
600 763
114 74
632 515
275 362
116 232
229 332
486 279
87 601
222 11
152 373
789 574
148 573
685 565
642 601
305 354
749 519
706 289
87 334
697 275
425 508
552 252
490 665
686 523
637 314
156 182
756 766
703 118
130 777
786 442
728 25
150 542
556 51
252 38
359 482
149 703
366 538
187 587
407 113
128 327
414 754
366 293
261 663
161 33
218 476
539 57
667 163
337 467
138 666
523 779
342 637
413 498
567 31
558 43
559 603
410 181
234 197
762 331
724 225
595 347
196 423
684 28
160 275
744 736
406 204
417 25
485 606
27 584
536 657
554 467
424 777
689 679
456 638
23 609
101 342
237 568
57 743
7 515
440 138
690 390
534 435
263 266
150 493
166 300
568 669
748 491
202 200
312 434
104 143
638 104
34 177
623 532
399 721
603 681
229 306
349 202
341 780
271 489
278 134
338 366
505 42
148 767
696 57
315 177
547 97
771 529
330 301
104 518
316 6
777 280
706 598
28 777
663 342
793 797
64 472
55 549
508 688
154 666
262 166
161 148
60 92
480 160
643 252
306 747
642 417
160 593
156 12
665 58
352 417
308 249
747 755
500 365
350 731
335 136
71 205
158 467
337 587
575 738
3 642
179 229
138 216
491 206
75 479
212 302
518 712
645 187
9 660
796 431
272 647
747 428
634 120
778 545
190 573
644 43
510 731
774 516
338 605
649 773
548 705
605 398
569 779
752 723
271 771
692 86
629 392
686 151
150 24
549 689
449 201
204 238
171 759
150 144
569 695
788 9
421 563
740 699
141 437
556 292
727 124
483 503
196 609
65 515
356 26
151 150
73 537
735 38
578 426
513 607
206 432
616 126
766 746
605 68
450 674
299 332
153 330
604 754
224 291
543 523
461 646
554 617
153 40
195 12
697 446
448 568
245 737
618 740
529 685
143 773
208 732
137 246
196 493
220 222
305 269
791 351
39 65
148 728
197 531
242 502
638 393
283 641
187 6
32 389
253 69
395 785
181 505
511 641
359 762
64 269
216 48
499 58
580 666
50 492
721 707
427 434
166 708
18 621
743 513
680 406
746 178
195 542
756 400
139 585
676 795
110 317
142 541
181 453
178 657
229 91
785 421
335 453
410 340
145 504
232 134
345 181
410 346
360 567
484 191
596 89
144 601
313 50
550 365
754 30
13 541
157 206
277 667
291 673
172 777
764 305
586 774
216 549
25 483
476 381
454 123
232 295
321 600
528 771
272 131
1 424
238 659
172 746
377 220
45 46
501 697
388 366
261 586
662 797
178 476
448 489
349 685
511 778
735 645
122 649
101 624
495 380
420 137
659 678
664 397
74 567
631 375
174 432
77 120
129 487
157 358
293 366
260 302
101 111
1 198
213 279
107 345
264 318
330 393
2 367
224 298
7 240
384 399
71 282
1 150
119 220
186 217
332 344
22 189
250 337
94 388
53 151
32 190
187 287
194 260
51 146
214 323
216 350
79 164
200 261
235 256
254 317
233 399
300 335
151 289
88 229
58 342
82 256
12 315
306 377
300 394
135 250
73 292
2 308
67 291
367 382
102 192
4 222
45 305
116 325
175 360
348 352
162 176
70 152
56 75
48 78
118 385
116 137
142 322
147 258
16 56
39 293
47 173
32 168
250 339
239 266
128 283
106 171
144 243
119 239
152 285
151 327
149 272
126 377
222 396
127 245
129 342
169 259
80 162
160 361
143 327
230 324
136 231
48 86
27 93
120 296
39 77
77 147
70 98
205 329
88 391
133 332
189 295
22 43
364 377
250 367
124 330
176 370
83 184
85 291
197 348
18 234
118 277
89 92
110 356
333 395
124 228
144 263
199 364
68 259
287 355
74 81
242 265
212 279
114 183
71 180
68 94
135 339
16 232
51 133
19 374
153 266
152 297
151 202
64 121
91 102
29 179
255 366
116 292
58 279
17 296
137 341
41 194
274 397
16 238
221 363
39 256
158 343
56 188
56 325
65 328
137 181
4 177
305 364
257 358
26 282
66 315
173 382
41 221
185 226
72 222
163 327
173 250
192 371
138 194
122 220
6 122
164 301
10 79
156 336
221 260
134 149
332 377
18 317
5 218
65 265
12 145
273 330
120 304
213 395
7 399
61 369
52 317
203 249
11 353
159 261
69 317
106 389
37 202
42 73
200 271
183 247
41 260
142 195
144 276
369 391
326 345
30 184
111 121
59 262
136 370
279 282
14 66
73 341
152 166
17 57
148 372
74 313
144 287
265 270
104 179
337 342
56 232
200 276
49 96
21 190
32 321
185 347
72 396
394 396
16 307
177 300
86 365
16 188
363 376
56 63
236 244
316 335
282 329
194 230
262 284
20 73
43 101
102 291
52 376
32 77
84 281
2 110
10 152
111 334
79 285
63 232
2 250
82 252
259 273
154 179
261 263
48 336
20 329
25 113
89 115
88 358
194 324
285 297
264 299
101 121
107 320
169 388
87 383
47 66
193 227
12 14
178 277
309 361
27 80
317 382
39 258
126 313
184 309
306 332
50 393
40 212
43 112
153 219
118 353
178 391
2 342
18 140
107 299
21 138
15 112
205 399
193 378
388 393
11 277
260 324
33 276
18 148
240 279
30 281
49 261
250 356
120 214
35 59
27 136
109 114
180 343
183 338
108 116
145 347
5 298
100 186
226 381
366 373
184 216
38 122
45 332
52 306
225 251
88 157
18 372
201 374
243 263
162 351
103 160
162 378
80 266
307 361
131 299
31 77
71 395
22 24
313 332
146 313
324 386
124 161
125 261
177 247
71 349
86 336
180 349
87 366
11 149
39 373
5 141
100 264
78 336
50 94
179 204
46 121
68 273
63 103
81 97
38 89
57 380
118 132
31 252
181 237
4 127
0 145
317 372
79 166
110 223
153 162
114 121
32 138
257 316
177 210
159 251
239 354
69 90
107 318
35 88
165 213
28 244
24 257
117 207
100 141
272 301
64 183
29 294
13 124
317 362
320 357
63 218
233 343
17 190
133 146
237 238
91 113
214 265
69 362
60 303
238 281
310 371
173 367
368 375
34 136
8 182
339 390
6 394
140 317
83 361
181 192
256 328
228 273
162 193
41 321
139 348
298 299
52 140
332 364
3 284
161 259
29 102
157 316
370 392
111 114
227 378
268 364
360 368
286 384
331 385
61 229
153 239
16 325
389 390
89 117
141 299
59 316
44 290
219 370
15 297
70 297
94 109
205 342
1 143
158 286
121 183
274 343
4 338
5 312
84 217
230 386
130 289
40 73
69 246
154 374
83 123
52 95
204 310
60 235
190 230
50 208
96 261
95 362
179 241
170 296
90 317
80 239
76 221
80 370
2 314
134 254
87 99
154 309
39 235
53 144
74 209
196 374
278 356
86 89
19 216
21 296
78 115
208 388
2 129
253 334
118 331
92 275
98 296
149 301
304 380
226 347
30 361
210 262
54 142
145 185
123 217
314 337
18 254
72 335
44 82
70 79
110 337
166 297
133 377
186 398
142 286
15 152
322 367
41 324
53 96
352 369
164 323
18 69
69 230
192 241
322 337
171 333
106 390
60 373
246 372
188 232
101 112
160 294
7 26
85 310
147 373
372 382
268 305
175 329
196 320
57 214
222 394
205 282
308 343
93 136
379 398
95 376
249 334
20 212
35 157
27 392
96 200
152 295
37 187
238 361
84 269
245 247
190 290
348 369
91 291
91 104
218 379
190 324
28 51
59 396
55 333
48 115
222 316
95 363
109 249
100 269
224 326
206 280
72 257
261 283
178 358
180 322
93 176
133 344
40 319
10 101
234 254
179 267
221 386
145 195
176 354
107 141
305 377
84 218
117 156
55 236
166 328
227 351
113 204
135 173
151 355
303 383
18 353
129 349
320 345
133 215
216 374
65 270
44 380
79 297
37 289
275 358
8 328
87 293
35 178
43 152
269 281
247 338
138 168
75 325
308 314
93 392
96 355
256 380
139 378
63 398
13 228
58 395
34 327
172 181
67 85
300 338
123 238
85 139
290 296
39 147
132 134
51 215
118 301
141 326
11 132
4 245
173 337
199 268
10 43
28 236
113 226
107 224
142 314
66 382
244 333
212 368
175 279
38 210
73 319
33 49
155 338
22 111
180 308
146 332
351 378
85 113
31 387
111 189
40 375
78 144
144 187
221 302
7 20
2 71
6 396
30 269
3 167
37 96
229 358
153 370
28 97
356 390
84 312
223 339
84 298
64 300
259 288
24 167
25 371
78 117
117 220
142 343
149 277
124 288
29 160
72 210
92 243
53 251
255 293
200 225
227 310
31 168
170 301
47 315
248 355
118 149
153 193
344 376
179 371
316 396
172 292
4 394
305 313
18 363
92 119
18 246
90 95
191 303
93 378
62 236
121 189
115 207
112 208
138 190
215 356
82 214
107 298
58 205
117 122
6 316
22 64
252 380
139 227
349 399
224 318
65 191
48 156
22 101
19 196
84 186
340 383
176 219
74 174
113 197
106 333
136 176
181 371
128 159
20 319
49 159
245 338
143 355
10 167
150 355
193 310
228 259
87 340
97 209
108 158
354 370
217 361
8 70
93 162
24 222
148 234
261 276
12 347
98 170
67 348
48 365
314 322
68 330
147 387
292 341
257 262
59 72
314 315
34 280
52 363
180 233
120 242
96 187
318 320
123 184
195 347
67 227
100 224
157 275
17 44
235 303
205 395
48 155
104 181
105 275
87 303
207 365
109 203
6 88
138 321
36 165
8 79
211 259
45 74
146 389
345 350
32 57
51 389
250 278
8 65
157 262
192 267
215 344
43 208
24 59
35 167
135 223
155 207
187 355
67 310
28 62
148 362
57 120
225 261
242 270
291 310
124 211
33 125
30 217
143 289
143 198
184 350
311 365
246 317
23 266
146 390
10 297
77 252
46 112
214 256
331 381
307 325
61 391
55 390
154 196
168 321
47 195
342 349
140 363
124 273
40 116
335 396
36 395
196 357
35 257
274 399
26 399
29 104
21 120
123 307
267 309
312 379
3 391
44 120
90 302
255 383
384 397
66 195
7 180
219 266
269 361
211 288
69 386
268 306
76 324
82 380
51 74
232 238
60 87
12 185
180 274
0 272
110 342
77 373
136 163
351 374
258 373
67 139
54 343
120 166
311 338
240 399
0 385
322 342
44 57
49 200
196 350
13 161
24 189
159 283
128 261
5 299
69 140
86 156
217 269
65 182
118 134
51 332
135 367
210 396
349 384
44 214
83 217
39 387
28 209
138 230
105 229
245 311
145 226
42 116
16 398
54 308
228 288
125 187
236 333
80 176
115 155
265 328
21 170
358 369
0 353
55 244
11 301
190 386
166 214
183 203
251 289
257 284
282 395
179 310
293 303
90 363
262 396
100 298
77 387
279 360
267 294
154 237
86 115
214 242
54 315
300 334
33 359
90 246
280 357
110 339
116 172
150 289
183 334
233 322
53 225
153 378
160 241
58 106
133 389
184 361
37 130
55 62
38 78
249 253
8 15
262 316
4 183
59 157
362 363
94 208
8 112
187 248
24 284
135 314
62 171
99 293
216 309
252 387
226 331
54 384
279 329
83 281
201 216
17 170
187 200
82 120
235 270
89 220
114 334
52 362
128 200
296 323
73 137
204 227
26 329
200 359
213 360
240 329
38 156
104 294
72 316
41 76
205 240
154 184
20 40
123 186
53 248
242 304
49 251
61 381
33 159
23 239
43 189
115 220
187 263
186 232
302 377
213 282
267 361
241 371
45 81
237 307
100 398
10 295
19 309
136 392
46 109
126 305
3 277
67 381
255 340
223 278
135 356
51 81
186 188
16 186
108 286
64 114
71 342
117 365
37 151
82 166
108 341
166 380
44 98
48 207
132 331
37 355
118 272
257 396
222 257
142 384
64 111
121 203
197 381
75 232
177 338
131 320
95 140
53 187
99 383
30 123
44 242
221 230
303 366
198 327
9 156
3 35
259 330
23 105
281 361
78 243
36 213
108 137
4 335
321 324
23 162
180 399
15 43
104 192
65 112
172 325
271 283
80 392
69 254
103 307
44 323
289 355
76 260
274 384
49 128
14 315
12 132
219 392
24 101
169 208
30 83
116 341
151 198
216 231
141 264
166 270
55 106
99 366
131 345
29 241
231 357
57 252
62 165
80 153
103 123
15 328
235 265
161 211
130 202
233 286
45 133
6 72
109 334
49 225
96 251
142 397
2 349
129 314
38 115
38 92
157 257
287 289
187 289
266 378
37 143
9 365
70 323
70 285
54 158
165 171
174 209
96 225
272 353
297 323
76 230
133 313
212 329
166 182
24 178
17 120
52 246
82 304
35 229
39 366
220 243
238 269
59 394
92 220
15 191
205 212
100 379
183 245
30 238
110 250
36 282
126 364
343 397
45 51
109 253
343 384
131 326
168 324
237 309
231 351
47 234
154 267
134 234
228 330
233 308
122 157
84 398
41 230
105 239
175 368
81 174
172 341
140 246
257 394
352 381
6 358
303 393
79 323
4 346
141 298
362 376
299 320
8 297
104 371
242 252
181 341
35 391
14 185
99 340
71 110
9 78
186 218
88 275
150 151
319 375
215 389
265 380
51 174
133 268
125 144
141 318
191 270
45 174
246 362
278 344
268 377
93 153
186 269
7 274
62 244
130 198
46 388
273 288
40 172
74 199
197 352
84 141
258 366
73 116
35 358
93 201
158 274
212 375
131 206
168 194
279 368
146 215
33 261
286 397
290 380
53 355
30 237
187 225
16 103
54 397
121 208
128 271
166 265
98 164
46 68
87 258
0 234
5 379
106 282
69 148
322 343
81 313
97 126
331 369
268 313
65 393
37 53
93 231
316 394
339 356
248 289
80 219
5 318
311 346
60 147
160 238
214 252
58 71
71 339
194 221
161 340
120 290
243 287
141 224
103 325
242 373
169 393
61 348
5 100
14 347
59 222
128 359
154 350
72 177
83 269
125 276
23 354
183 249
52 302
167 277
230 321
139 381
219 239
270 304
154 216
5 224
96 248
258 293
115 210
11 385
112 189
34 392
68 388
106 339
60 99
139 310
294 371
6 157
6 257
317 376
135 337
184 267
195 308
60 293
180 342
96 289
27 153
161 169
203 334
34 176
102 197
3 178
144 248
21 57
178 229
19 184
140 362
163 280
230 363
222 262
140 376
129 322
106 213
286 343
58 165
137 307
88 257
2 180
201 231
179 227
59 88
159 225
0 347
330 388
18 362
356 389
34 163
271 359
132 145
125 336
308 384
41 302
63 75
50 169
28 55
353 372
148 363
60 258
202 355
320 350
205 349
68 109
115 117
242 387
191 265
44 296
90 140
12 226
157 396
4 334
78 86
36 175
38 48
217 281
136 280
64 253
129 337
132 185
82 265
13 169
44 304
12 66
57 242
170 290
6 262
5 84
256 270
320 326
39 252
278 382
83 186
130 151
16 30
7 349
231 374
120 285
188 398
69 372
55 171
19 154
237 361
165 360
126 268
306 313
139 352
43 111
29 91
11 134
197 204
232 325
114 203
89 243
29 181
46 94
67 204
120 380
148 353
242 256
130 355
179 192
36 360
25 241
80 354
153 351
308 349
44 166
214 304
210 394
246 363
116 319
160 181
363 386
103 238
348 381
26 368
21 44
223 356
6 59
108 292
213 329
25 91
50 112
33 200
128 225
34 93
299 345
130 143
37 248
240 282
164 296
37 287
122 275
277 385
123 361
82 242
228 340
70 166
270 328
3 369
143 150
163 206
25 291
187 251
224 264
373 387
97 174
312 398
102 113
202 327
258 303
337 367
136 153
90 376
327 370
33 128
61 226
248 287
0 132
164 272
48 117
284 358
53 287
29 292
160 307
177 316
250 314
190 321
181 241
69 363
127 338
187 261
178 284
45 377
158 233
101 189
285 301
29 371
186 281
8 43
113 291
0 134
25 102
153 392
68 169
235 258
306 364
45 199
325 341
234 353
89 156
123 281
248 263
149 385
130 327
206 357
78 156
168 190
313 377
138 324
131 141
99 258
251 261
256 265
329 360
233 349
50 388
4 64
98 166
99 255
212 240
133 199
277 295
181 307
72 394
150 198
125 200
254 372
183 253
100 218
182 328
63 188
30 307
299 318
106 165
38 220
45 313
14 145
11 272
205 213
169 330
88 396
13 259
42 375
173 278
165 333
58 213
320 374
63 186
9 86
162 239
233 274
16 63
247 300
108 181
202 289
315 367
161 228
55 389
122 210
86 117
176 266
318 326
59 257
150 202
85 227
54 286
269 398
75 188
193 231
121 300
165 395
338 346
26 212
74 133
66 367
26 279
255 303
85 197
9 336
193 351
263 276
234 372
199 332
81 209
64 249
167 178
288 330
19 201
0 149
206 320
78 89
181 294
115 156
26 240
200 251
293 383
155 365
99 235
72 284
76 302
167 284
317 363
27 176
100 312
0 118
115 365
131 280
87 255
357 374
160 292
59 284
46 50
127 346
10 189
6 284
215 332
72 262
105 266
233 397
71 399
181 292
246 376
106 356
20 375
9 115
125 263
25 294
20 240
277 301
25 29
48 89
314 367
96 159
162 266
28 74
45 146
99 373
308 315
133 306
132 149
111 112
203 253
191 328
191 256
50 68
201 351
93 351
241 267
17 21
161 330
31 147
219 354
4 300
238 307
39 99
142 158
95 302
33 283
0 11
235 373
3 385
91 197
108 397
77 168
85 204
39 242
148 386
266 370
184 237
205 279
177 222
172 319
47 134
107 206
107 326
7 212
237 267
5 264
117 210
23 80
22 121
201 227
64 334
171 236
197 226
155 311
86 207
39 60
265 304
94 249
146 356
27 370
52 90
196 201
35 284
75 103
99 303
50 111
137 292
294 309
21 290
110 129
182 191
254 353
339 342
95 317
158 384
46 208
166 285
214 380
132 347
20 399
161 273
139 204
49 283
153 176
180 384
104 241
19 345
167 295
298 318
134 353
200 283
11 118
165 236
308 322
13 388
71 129
111 208
322 384
68 208
193 201
344 389
218 312
51 313
83 238
38 86
299 326
89 122
123 269
102 104
196 345
57 82
19 350
251 355
76 194
198 202
115 122
34 370
329 368
121 253
90 306
46 111
302 306
183 346
122 396
210 316
273 388
247 311
53 289
345 374
149 331
119 275
146 344
14 195
98 323
28 45
23 219
264 298
276 336
159 200
177 394
129 250
103 361
9 207
207 311
8 152
84 100
61 197
130 150
67 352
166 304
57 304
182 304
267 307
98 285
62 106
61 331
74 97
57 290
121 334
164 170
162 392
298 326
108 274
137 160
199 305
313 364
283 359
160 341
273 393
66 173
350 374
139 197
96 287
199 377
131 318
182 265
322 349
31 373
108 172
171 244
18 382
143 151
248 261
129 180
179 291
127 253
235 293
195 315
137 172
222 300
176 392
90 362
223 342
177 335
26 205
64 203
14 142
103 232
129 223
31 32
178 369
142 315
51 126
222 335
225 289
2 337
16 75
160 267
224 299
67 197
13 288
147 252
160 237
194 321
123 237
266 354
107 131
196 231
33 271
91 192
98 120
127 247
28 81
240 368
67 113
37 150
1 327
93 193
120 170
266 392
159 359
229 369
262 335
13 273
196 216
182 256
104 291
303 340
15 393
85 179
223 250
47 382
229 391
107 264
221 324
268 332
40 42
28 174
211 228
15 65
17 290
70 164
9 48
74 126
252 373
260 306
74 305
58 282
6 35
105 119
29 192
166 323
199 313
390 395
126 199
362 386
9 117
25 192
30 103
73 172
20 26
129 339
36 333
241 294
242 380
183 300
246 382
79 152
71 205
114 253
12 195
95 246
1 130
129 356
335 394
132 226
65 166
27 231
61 352
307 341
38 117
36 171
49 359
247 346
27 34
64 247
182 270
245 346
42 319
161 288
131 357
308 337
83 84
233 384
2 384
215 313
45 268
204 291
285 323
43 121
106 395
14 47
134 272
78 263
46 249
81 126
31 321
20 274
164 285
256 304
129 205
104 113
114 249
110 135
60 366
267 371
2 322
263 336
235 366
185 197
191 393
124 259
241 292
1 163
258 387
16 361
143 202
197 291
262 394
179 309
165 244
192 294
148 317
158 397
62 333
45 126
175 213
148 254
81 133
272 385
259 388
120 323
7 233
314 342
201 378
73 108
79 98
218 398
13 330
142 308
134 145
103 237
71 279
358 391
304 323
135 278
179 294
279 395
23 119
54 195
33 225
243 248
185 195
127 183
4 247
156 207
14 132
31 39
78 220
1 151
184 217
264 326
30 186
282 360
173 314
93 370
25 104
181 267
169 273
83
77
72
138
45
67
131
72
145
110
30
114
81
127
165
144
59
156
41
59
149
187
140
85
148
75
133
96
86
37
55
109
89
78
73
145
171
100
231
117
89
24
144
75
63
109
141
101
97
157
56
14
172
36
78
141
36
101
79
58
176
92
71
39
149
102
41
133
84
100
77
180
136
85
111
36
11
105
180
170
42
58
206
92
100
74
173
41
41
118
97
43
148
123
50
78
93
45
88
94
109
87
73
168
32
95
24
54
28
231
55
62
59
54
60
156
40
133
29
79
51
102
36
134
70
23
71
83
69
99
78
40
39
64
98
126
115
68
54
261
45
128
62
74
86
178
71
32
109
63
38
204
116
26
146
165
126
77
152
101
88
101
89
30
111
53
87
42
63
27
51
71
108
39
160
121
57
107
45
180
135
188
110
145
127
46
111
66
100
26
135
56
95
131
175
72
81
61
77
54
135
67
159
166
121
97
66
39
73
63
106
62
174
119
109
105
37
98
63
117
64
195
117
78
26
106
60
81
103
204
31
50
128
92
60
187
138
262
99
57
123
20
59
80
86
115
120
141
85
45
104
97
174
144
144
173
68
58
74
69
118
230
36
124
228
190
42
85
41
219
60
47
81
182
151
261
91
93
63
118
103
156
85
56
19
88
138
225
215
26
77
136
84
60
161
89
98
132
57
83
35
186
92
67
121
37
37
103
86
37
132
83
50
164
229
75
59
97
88
92
29
51
68
60
131
160
144
109
108
151
91
118
84
41
38
181
74
94
127
88
132
82
48
68
149
37
42
116
64
21
116
56
105
49
137
164
204
83
65
79
32
88
42
89
131
62
180
110
54
72
55
96
68
115
211
54
159
67
122
131
160
47
109
107
51
67
82
94
102
127
35
136
161
44
194
165
105
80
195
54
120
95
176
79
151
134
45
71
105
40
66
106
70
33
48
117
125
36
82
64
66
166
94
106
97
57
79
95
76
11
54
104
77
28
135
97
161
14
98
81
73
98
73
124
40
29
86
108
217
19
92
109
20
84
136
76
61
73
116
94
76
206
32
98
33
111
49
49
94
28
93
47
44
18
161
78
82
70
55
119
115
70
77
167
47
46
177
38
64
24
38
110
77
117
212
196
72
42
16
86
48
80
87
38
81
71
129
90
125
20
121
40
71
34
73
127
144
29
83
76
138
132
97
93
87
105
104
57
81
89
55
119
61
197
164
73
56
126
197
95
69
105
35
187
40
159
207
131
94
112
97
171
96
110
121
86
174
90
178
163
123
85
96
55
106
91
77
42
98
154
57
132
101
126
13
38
60
101
49
50
155
144
190
122
90
30
201
228
49
90
92
70
70
58
112
95
95
98
70
164
64
70
205
184
210
169
116
160
108
101
154
153
131
65
74
159
86
136
51
125
30
100
134
160
195
104
37
136
48
108
93
170
61
149
207
135
250
24
146
163
35
81
146
107
121
125
117
58
191
191
90
133
49
54
25
190
182
153
135
41
129
163
74
23
79
128
124
62
170
84
28
145
154
57
176
160
136
104
182
16
181
65
106
52
154
40
150
64
90
30
89
20
93
100
24
87
59
75
158
44
80
104
206
20
125
168
126
130
239
48
173
35
119
150
173
90
158
131
128
140
51
110
153
88
85
88
17
73
49
63
104
274
71
60
155
95
221
125
115
67
105
179
75
48
88
182
203
131
73
46
65
68
66
31
96
237
35
30
126
176
103
105
76
157
89
27
174
129
73
71
135
53
126
160
181
66
44
108
165
72
81
121
149
47
119
61
20
87
67
136
157
190
81
100
141
105
53
132
51
107
44
51
187
129
129
107
165
103
60
76
30
108
118
53
46
108
16
126
48
79
93
118
149
143
167
130
121
117
10
58
107
79
19
124
93
87
41
117
139
79
71
43
57
139
101
143
155
58
29
79
20
109
77
92
197
103
22
36
54
114
105
88
102
61
36
16
65
200
156
234
226
63
97
163
68
25
194
68
122
209
115
75
170
106
82
109
94
70
116
92
78
78
71
42
73
46
126
28
108
128
72
147
35
130
197
74
66
80
25
33
54
53
98
187
108
69
108
80
62
116
95
179
40
71
22
173
172
45
196
182
27
65
123
90
25
119
95
111
47
47
21
90
39
92
82
126
43
21
90
93
104
121
94
75
107
48
71
99
88
12
70
86
73
105
144
61
79
68
129
101
58
43
216
88
88
189
39
91
61
76
86
155
65
80
61
172
34
68
207
42
77
96
56
189
157
170
79
56
80
155
68
189
85
67
108
128
38
152
44
82
62
205
255
54
67
73
90
37
60
134
40
120
63
69
51
106
209
78
118
103
174
117
95
124
66
152
61
78
62
224
87
73
151
110
33
52
39
18
66
115
71
87
142
156
203
110
38
141
155
28
84
164
32
66
45
195
102
207
118
66
84
101
97
123
151
93
142
85
51
55
122
99
48
82
141
140
172
66
81
78
189
72
59
33
50
56
46
97
79
203
41
42
93
109
169
132
68
209
108
190
89
53
90
79
163
164
149
52
105
116
114
38
54
118
41
91
187
66
126
203
134
88
85
110
132
81
175
118
72
45
31
35
174
49
131
218
49
105
23
106
243
81
70
50
120
193
117
162
135
190
131
175
43
112
67
54
90
146
119
57
46
94
30
109
26
97
77
84
35
102
135
95
91
113
94
112
27
37
52
78
148
167
101
118
91
34
96
49
93
41
118
55
103
133
202
163
39
87
87
62
137
187
89
92
113
88
179
199
56
147
51
125
34
41
147
80
95
161
143
87
105
72
129
115
260
115
188
32
138
142
53
102
103
92
54
35
188
98
40
54
68
161
112
224
193
159
58
101
102
94
155
121
162
170
160
111
72
77
36
95
15
27
95
86
48
92
87
47
57
52
146
104
48
97
179
32
107
110
86
119
23
139
108
70
49
122
127
81
175
108
100
69
108
48
190
106
217
188
80
72
126
86
63
124
26
210
41
116
118
153
106
22
132
181
58
108
44
152
151
59
46
87
70
171
67
69
163
12
219
111
113
93
100
115
102
110
85
72
89
145
31
125
54
206
63
12
84
144
96
90
137
103
161
46
83
89
102
84
115
125
92
116
66
168
38
95
145
99
22
79
169
41
91
136
26
198
54
129
66
43
41
120
63
189
29
127
46
89
69
127
33
105
116
148
29
75
71
193
128
138
25
108
107
74
53
142
101
71
22
128
95
66
100
40
269
127
142
20
21
39
197
38
96
147
25
132
53
102
80
135
47
96
184
98
173
53
78
40
142
111
148
117
46
144
168
74
157
170
51
80
55
76
95
25
36
49
54
164
84
141
130
72
66
56
77
148
88
135
101
90
61
54
129
201
105
164
44
71
50
44
155
87
82
31
187
123
100
78
124
83
24
98
169
28
53
145
19
148
102
54
120
58
91
60
190
20
147
137
83
72
142
55
44
254
37
67
56
123
97
84
24
89
79
174
149
147
33
97
103
23
191
67
145
209
66
85
33
110
172
89
98
172
159
51
108
56
96
220
136
84
103
218
130
220
32
64
89
13
82
120
42
99
181
129
60
47
92
148
104
124
164
125
113
162
102
33
47
153
176
113
18
222
51
117
48
98
153
113
127
51
166
73
82
115
151
61
121
121
69
83
204
122
196
126
119
18
64
106
62
69
80
129
34
87
51
44
35
69
96
129
121
26
73
112
204
85
183
173
20
103
117
81
45
57
99
210
224
160
100
59
68
100
156
168
112
110
52
100
142
76
157
66
36
111
99
110
14
102
98
121
33
66
48
152
9
50
102
53
132
84
73
15
106
15
99
129
84
103
61
92
86
39
96
98
59
88
93
60
180
46
144
82
42
33
161
109
147
89
110
135
126
81
83
55
156
80
37
42
186
89
114
195
44
55
112
72
96
44
209
92
156
103
265
86
148
100
103
51
31
40
132
217
21
116
54
30
143
56
108
124
64
84
101
68
213
30
115
123
101
51
177
69
201
108
94
67
185
102
156
88
8
156
32
79
103
109
117
146
103
93
114
79
40
72
108
141
152
46
161
134
109
139
85
48
44
109
42
73
93
19
45
109
130
68
63
132
199
46
178
116
91
61
60
156
76
129
72
95
53
119
147
63
80
123
224
90
41
109
72
101
140
119
107
181
96
171
116
40
95
87
67
42
124
208
154
181
89
136
23
124
128
73
165
56
110
89
52
56
79
97
52
188
122
31
102
147
23
50
72
125
51
183
135
128
121
44
82
125
60
28
52
180
98
24
58
60
95
64
154
163
43
186
94
147
90
142
36
99
171
104
75
149
32
25
137
60
104
78
134
37
90
160
135
86
88
156
42
153
91
139
85
177
152
129
39
44
128
222
50
86
18
181
29
96
57
216
86
87
140
123
100
122
86
140
85
142
89
34
93
54
38
115
172
93
184
202
221
65
115
115
214
136
108
35
44
39
100
122
118
153
79
47
72
124
110
112
181
152
189
154
66
128
83
106
99
78
183
124
112
62
116
164
87
129
162
