750 659
769 752
372 119
52 414
608 420
54 349
142 33
236 51
365 392
709 95
605 48
800 624
190 463
735 547
610 541
602 669
12 662
488 185
320 485
444 287
517 218
739 563
60 475
362 692
547 300
773 312
674 334
670 116
271 396
788 356
86 551
18 63
365 345
120 659
719 702
313 468
492 727
66 613
685 584
179 235
419 213
4 532
737 328
120 28
622 146
651 33
268 520
94 613
321 797
457 291
387 103
437 230
4 762
748 149
99 40
629 152
195 626
766 168
710 8
380 303
709 20
189 433
327 437
157 474
607 372
373 508
649 784
529 289
682 121
137 188
738 124
6 500
556 247
111 28
734 573
436 224
301 548
155 337
88 505
665 65
229 618
263 169
497 154
699 594
40 355
153 771
262 696
81 312
46 589
231 511
512 107
693 398
200 494
712 719
420 387
187 712
24 82
14 791
302 637
167 496
413 396
264 775
765 84
338 40
336 649
589 116
712 440
622 788
434 189
197 19
363 424
541 413
200 607
462 228
170 487
196 188
722 516
133 567
498 415
738 753
632 504
789 417
434 251
738 581
121 798
459 8
510 418
43 180
9 734
203 60
251 483
441 111
54 671
533 573
13 484
518 418
774 133
314 139
392 483
366 677
576 461
707 536
265 209
537 793
137 54
235 336
787 720
28 536
322 67
128 159
415 344
722 22
556 576
637 384
283 363
613 556
551 624
308 250
159 487
29 67
596 513
570 384
742 676
166 743
747 522
544 455
201 276
61 112
421 338
635 113
776 422
356 373
718 639
288 792
353 25
215 482
50 372
208 323
127 255
290 674
370 366
578 554
504 492
433 636
675 395
462 569
305 690
458 334
454 215
675 751
478 655
26 102
516 740
124 244
677 535
560 30
368 232
607 115
168 544
50 488
99 164
280 414
202 729
616 576
630 256
387 315
37 699
455 261
77 595
55 747
80 693
430 155
681 97
788 236
410 758
285 384
627 301
447 610
569 636
663 84
466 509
207 47
584 100
444 367
479 44
419 706
697 331
590 778
279 266
641 474
304 241
757 291
138 117
777 526
550 311
792 68
252 640
261 371
208 374
73 377
71 499
237 569
296 772
157 508
29 126
154 68
386 796
666 590
675 777
769 659
577 400
371 53
551 794
591 677
800 11
468 138
92 621
614 308
559 410
660 121
359 330
545 597
585 130
44 244
645 256
395 425
493 760
38 442
545 495
618 386
611 134
515 252
787 215
780 285
713 737
48 709
626 339
652 600
403 703
798 451
554 342
430 511
107 428
45 762
11 668
73 480
89 627
697 587
109 710
348 162
375 595
139 327
176 281
167 199
287 765
516 699
757 351
29 235
122 469
515 47
628 164
443 100
166 245
725 612
623 488
167 582
573 189
719 236
297 597
179 519
9 524
447 623
67 759
46 362
463 653
302 565
9 274
359 106
532 52
398 259
150 410
607 481
140 694
589 657
288 251
589 578
760 112
795 796
422 505
560 720
668 422
183 388
35 496
621 19
651 563
163 400
777 620
260 174
400 487
737 16
558 313
465 681
367 626
388 495
308 235
513 757
92 194
581 485
557 437
778 305
519 9
422 32
560 665
32 409
414 777
60 105
410 69
125 4
217 252
382 200
327 124
4 668
178 379
43 321
596 166
686 432
264 350
481 541
600 546
105 507
452 747
678 309
397 168
316 34
411 234
728 68
699 59
492 384
664 671
313 535
542 7
533 373
752 279
246 229
129 734
393 529
741 459
229 372
21 274
421 496
48 782
391 611
763 635
11 179
705 167
254 564
452 772
630 72
99 344
603 456
328 385
135 258
72 306
96 159
89 241
22 267
65 338
210 322
177 237
122 319
67 234
238 366
64 269
88 286
3 5
35 62
38 141
161 250
5 353
65 379
99 175
32 94
173 294
75 374
160 268
61 320
106 365
88 310
66 119
1 34
9 136
143 252
214 370
44 364
316 388
10 397
56 80
87 176
143 329
140 347
11 392
304 399
329 352
68 259
73 159
168 223
39 193
291 292
80 236
192 252
157 196
145 237
297 388
6 129
22 134
251 356
170 279
41 332
31 159
38 287
132 275
2 360
185 220
151 254
235 326
84 87
61 114
140 250
152 203
324 358
53 272
102 151
3 282
84 353
338 385
295 329
153 365
162 303
226 276
69 178
182 348
197 364
261 323
216 371
13 287
259 270
250 399
177 331
280 340
279 386
134 285
296 349
118 135
18 35
149 193
144 232
13 194
228 344
2 148
21 83
31 244
169 197
91 184
228 358
48 294
157 344
46 315
114 243
133 325
200 232
139 225
27 259
222 299
349 382
328 343
45 333
45 58
143 192
28 201
324 383
266 329
59 319
97 312
123 303
227 252
317 360
51 319
52 312
30 47
202 384
217 290
32 171
287 334
150 260
14 155
12 61
251 373
231 296
262 364
343 385
193 200
234 340
29 296
34 93
148 356
16 284
159 244
99 198
38 83
2 356
94 168
249 303
38 74
54 144
229 347
159 167
195 222
184 226
28 237
367 389
87 193
60 339
334 368
32 168
166 302
114 298
169 300
88 208
257 264
17 255
42 296
17 75
85 163
179 236
52 128
250 269
178 293
168 187
247 287
192 227
84 388
50 211
79 376
127 393
71 310
41 88
54 357
85 95
157 230
137 148
188 211
63 92
23 391
220 281
6 357
136 326
217 341
151 375
263 363
49 122
86 294
6 43
63 243
162 249
288 322
190 314
194 247
102 254
66 274
203 277
28 62
87 313
75 122
99 309
9 219
73 357
55 197
39 293
130 395
101 294
61 331
359 372
23 139
115 358
168 205
304 321
44 300
0 392
71 240
39 115
68 70
32 100
145 366
10 222
69 302
158 369
231 371
22 353
183 341
109 144
32 260
293 302
238 335
52 206
26 91
14 334
217 367
8 265
246 354
26 216
185 367
118 258
77 177
256 286
162 392
299 318
205 260
30 369
305 309
25 42
55 306
115 293
27 219
39 383
258 381
199 240
83 123
155 181
9 151
61 92
105 262
145 292
4 258
82 131
213 272
48 214
190 225
49 113
15 156
284 361
174 251
177 362
77 398
230 324
131 356
15 277
59 205
11 249
153 276
23 186
24 280
42 91
134 240
177 366
65 343
211 255
236 308
323 352
229 330
79 397
92 158
140 165
199 369
311 342
75 359
50 137
35 46
128 390
74 164
93 327
124 163
142 324
19 49
225 341
3 313
311 341
146 249
129 221
94 180
163 322
21 287
127 149
142 344
103 148
179 294
32 150
183 311
176 353
203 334
141 194
145 215
4 140
16 128
252 266
75 113
27 68
106 121
209 384
91 365
1 93
90 301
72 271
140 258
87 263
213 231
354 370
137 142
64 258
60 376
152 181
136 235
84 363
161 269
195 350
274 378
43 144
297 346
162 336
237 387
156 352
341 345
214 278
91 330
132 284
22 147
21 233
158 298
53 213
95 322
273 307
281 343
113 122
60 79
169 397
220 338
181 325
342 391
112 395
20 67
91 269
258 269
120 194
61 335
37 132
40 207
278 354
348 399
19 374
273 349
18 76
8 32
45 151
55 169
43 54
72 204
21 38
7 109
99 298
29 273
116 386
24 67
125 380
168 180
289 360
143 227
27 169
186 294
19 319
157 383
104 179
289 372
19 168
41 134
65 138
295 370
128 284
22 285
109 357
198 305
63 158
180 223
57 102
126 377
3 176
2 137
40 211
82 255
211 372
63 309
137 337
116 194
70 212
179 186
86 236
6 232
251 360
175 243
18 138
197 270
257 276
221 245
254 339
10 195
100 223
58 151
100 168
344 383
135 161
206 283
169 270
131 211
15 352
230 383
121 170
189 274
133 152
133 261
14 203
212 375
157 324
53 57
114 175
224 301
183 185
94 110
325 368
224 356
154 366
337 383
173 246
304 347
190 311
14 325
103 356
203 261
0 11
135 381
20 113
238 320
302 383
89 395
102 339
1 327
209 210
64 153
288 312
28 145
86 242
300 306
295 345
247 303
147 332
370 396
180 205
311 314
117 309
40 359
59 168
134 332
14 304
41 310
186 242
181 368
101 173
19 150
13 233
171 265
86 179
69 115
120 160
92 198
17 20
0 93
55 364
265 343
104 186
176 267
76 379
224 380
217 391
263 346
326 394
194 287
87 388
97 209
63 175
54 355
78 147
83 172
71 147
197 222
108 188
47 256
183 314
21 303
290 315
150 205
335 387
306 364
85 202
90 299
199 267
108 359
251 317
104 290
216 264
220 328
15 378
156 323
47 286
13 164
13 116
5 239
55 262
308 395
249 392
24 340
227 329
129 232
101 186
33 322
313 363
93 274
27 397
96 167
40 319
199 285
172 287
51 113
167 232
321 347
111 258
328 367
299 301
235 375
297 363
106 170
156 190
207 271
86 186
98 139
191 393
191 244
298 320
75 108
160 325
73 245
196 230
226 371
90 318
36 143
8 62
47 117
94 100
303 392
169 262
216 276
50 289
185 391
108 113
202 322
149 355
152 156
130 175
108 211
320 398
3 285
102 136
54 245
61 175
282 320
93 249
169 212
250 258
300 364
51 75
81 137
126 348
196 319
213 273
94 377
81 115
52 390
216 226
74 83
201 237
96 393
83 277
23 225
174 351
142 228
258 280
317 372
38 247
13 38
197 300
366 387
359 374
147 310
190 295
12 320
182 281
34 162
4 64
23 214
181 261
43 129
290 342
56 241
68 394
111 118
100 110
189 248
190 217
32 59
247 334
115 302
113 271
198 241
38 334
85 312
9 68
51 374
219 333
161 280
161 340
313 398
339 375
146 327
111 135
228 366
208 286
347 399
138 343
42 371
9 102
98 236
87 178
121 296
266 354
320 362
77 331
25 231
277 334
100 265
8 94
49 271
98 342
44 270
57 307
51 122
120 304
297 316
33 256
68 169
331 362
118 126
89 130
146 274
97 128
33 288
278 341
338 389
238 387
74 287
38 194
239 398
358 383
49 168
232 293
196 289
5 316
324 337
13 123
176 363
6 144
187 223
196 374
234 280
66 248
262 306
197 219
159 191
155 334
241 308
76 308
25 29
215 237
97 283
167 244
147 240
330 365
139 278
138 338
79 333
44 169
214 354
203 325
20 271
10 318
81 344
127 244
112 305
50 356
210 284
78 369
187 377
209 288
99 114
263 316
243 298
348 381
178 292
132 210
11 123
83 287
99 243
343 389
224 299
139 183
83 334
157 228
207 374
71 332
58 339
24 257
28 154
161 276
85 288
193 292
267 353
74 141
145 362
138 265
100 150
83 141
188 255
169 219
275 283
4 161
12 158
213 349
129 245
338 343
328 389
42 349
89 175
210 288
45 219
37 88
144 221
100 171
67 280
132 286
14 347
261 325
265 389
216 257
23 278
53 136
231 273
196 359
172 392
326 375
138 389
14 181
193 346
282 298
148 373
54 96
0 146
209 390
104 236
121 386
163 384
105 197
10 79
267 332
264 371
33 47
105 270
125 299
87 297
155 277
82 90
56 112
36 345
197 259
363 398
250 348
275 390
255 301
235 339
105 364
275 361
207 319
153 161
54 159
213 307
214 266
63 298
277 287
126 165
182 367
151 339
385 389
170 296
53 70
18 379
226 296
155 203
8 150
156 261
192 295
82 108
172 303
152 261
46 175
36 396
115 142
87 398
95 288
95 202
92 243
335 362
77 238
7 373
171 180
212 259
126 161
28 238
20 72
124 209
205 319
268 347
332 369
0 172
278 314
336 392
12 63
104 342
14 152
33 56
240 298
148 317
125 356
153 250
39 178
371 382
269 330
144 357
7 245
43 109
379 395
303 336
150 187
372 374
12 114
30 78
91 226
165 258
210 361
293 358
110 338
206 361
124 312
141 164
56 236
115 149
81 337
76 395
26 153
29 42
16 361
192 341
27 394
54 191
104 139
22 78
133 181
70 136
299 350
125 351
241 395
92 114
80 241
301 356
2 251
185 328
96 244
9 212
43 357
100 180
33 384
187 205
107 227
215 366
25 349
183 290
117 208
313 353
53 102
37 286
104 391
155 325
301 351
22 71
123 141
33 286
27 270
46 76
67 271
274 327
237 331
181 268
218 325
21 164
64 280
75 196
29 349
5 398
160 203
68 212
103 373
172 249
190 352
80 112
142 358
33 37
87 239
266 341
27 44
114 309
242 246
116 233
90 222
120 229
226 382
123 336
7 221
318 380
2 50
58 254
134 310
281 385
174 356
204 276
118 165
62 110
65 385
12 243
30 256
15 329
114 198
127 200
328 338
2 131
272 307
51 188
113 374
69 200
119 274
7 148
66 227
48 354
217 311
221 357
153 330
340 381
229 304
135 348
158 243
315 379
44 197
5 87
3 353
24 234
10 380
308 342
322 384
74 336
129 144
11 336
80 395
45 376
128 275
33 210
127 346
52 209
247 277
140 160
235 254
85 322
365 386
74 233
80 98
206 275
83 247
42 273
145 238
134 267
86 98
19 59
177 387
22 298
19 205
145 387
50 351
6 221
193 263
111 161
111 126
115 383
36 314
149 200
45 397
225 370
31 355
30 199
26 276
289 317
110 171
180 265
351 356
74 303
345 396
55 300
47 208
156 253
18 46
127 263
282 285
249 336
92 309
46 89
251 351
59 260
80 308
67 340
133 367
267 313
36 370
290 385
40 75
239 353
244 393
238 362
51 359
341 370
111 165
150 180
155 368
25 296
246 370
204 371
106 229
110 180
8 100
60 375
22 282
28 366
197 262
295 352
12 309
35 379
228 383
183 342
46 241
21 141
163 288
108 374
169 222
127 355
120 347
15 323
21 74
19 207
124 390
94 187
69 127
76 315
30 147
36 252
139 391
78 285
240 310
73 355
93 146
120 155
93 378
71 134
230 344
283 312
161 258
29 121
240 332
127 191
30 37
50 301
0 336
184 330
72 340
64 184
281 328
201 215
259 397
199 332
331 335
42 231
22 332
222 270
65 328
42 226
65 389
41 71
275 288
8 260
137 360
113 207
354 396
241 315
149 167
183 225
109 129
148 174
225 354
125 224
165 347
45 60
329 345
76 89
172 378
289 359
94 150
102 326
321 399
153 269
280 381
204 257
27 79
89 99
47 88
346 393
126 381
178 291
234 381
102 235
162 274
14 120
5 313
199 310
28 387
140 399
117 256
216 340
78 199
117 243
209 312
77 166
52 275
61 130
111 381
105 222
92 99
117 305
164 233
223 265
331 387
19 113
167 393
2 211
293 383
46 130
55 105
193 293
229 399
101 202
33 163
195 224
210 286
158 198
243 369
133 218
186 236
87 291
173 242
101 242
285 332
225 314
176 398
18 62
108 122
12 175
20 306
253 352
307 394
210 312
312 384
64 257
2 289
40 374
138 281
21 123
17 113
281 389
292 302
243 305
345 370
132 256
317 356
171 260
36 192
27 376
255 372
40 51
12 92
299 380
220 385
18 343
160 399
165 268
160 368
36 266
210 384
65 281
196 324
151 376
127 297
194 334
220 367
80 305
278 396
252 329
73 109
183 391
2 372
31 96
252 345
96 355
61 238
61 362
275 284
261 352
0 162
325 334
91 153
276 371
49 187
116 123
0 249
37 47
23 179
40 188
70 326
34 172
20 82
347 368
118 381
53 394
4 365
64 276
102 376
316 363
26 226
141 287
127 167
13 74
323 329
218 253
9 27
293 346
222 262
236 241
5 363
239 363
224 351
268 348
270 300
238 331
242 294
23 104
315 395
133 185
112 241
132 209
180 260
208 256
362 387
111 140
92 130
200 293
15 253
36 341
287 303
105 169
39 166
142 157
82 188
112 236
210 256
236 395
43 221
98 179
48 173
30 240
320 331
124 384
78 298
70 102
57 136
229 321
277 378
177 358
295 341
163 202
12 335
50 317
69 149
291 398
330 399
57 326
323 378
17 211
25 382
204 264
4 229
119 327
125 350
47 132
273 296
6 73
74 392
75 188
49 207
103 317
167 191
231 307
181 203
188 207
37 208
177 292
290 311
48 246
179 308
89 114
131 351
44 105
206 209
222 318
228 230
60 151
38 123
68 326
154 387
111 348
283 390
17 108
17 82
16 37
144 355
61 63
9 259
140 304
240 285
79 212
56 305
10 45
122 188
160 321
58 375
6 54
51 207
40 196
45 79
266 295
310 332
119 248
167 200
350 351
138 220
90 131
104 308
75 319
230 337
87 316
150 171
360 372
123 164
173 186
132 361
79 151
118 377
8 171
308 379
232 245
34 249
69 346
29 382
144 245
26 264
81 360
16 275
317 373
107 252
45 212
135 250
166 383
161 348
2 317
39 292
148 251
26 184
212 397
318 350
90 255
154 215
206 284
285 298
64 216
19 187
174 373
86 202
85 384
133 368
64 250
126 182
54 232
211 301
34 189
190 341
117 286
130 201
288 384
290 391
275 312
200 355
119 162
25 213
111 377
152 155
191 355
196 344
266 345
55 259
177 291
128 283
108 255
49 67
308 315
40 108
177 238
44 262
98 308
16 206
213 382
139 342
135 182
16 210
192 329
8 110
160 229
198 309
31 191
1 146
170 386
339 376
50 103
257 371
272 273
81 383
6 7
29 231
149 232
203 368
131 224
164 386
257 340
218 352
4 399
77 291
168 260
122 207
219 376
219 259
337 344
233 279
139 186
134 199
118 223
22 240
158 309
50 360
80 86
154 201
201 387
76 241
57 272
79 259
226 231
264 307
50 372
10 350
375 376
154 237
201 366
240 369
43 245
54 73
33 208
156 218
93 248
110 265
148 360
25 273
89 92
211 359
107 189
26 42
94 265
152 368
48 101
36 295
225 278
35 110
46 92
58 60
232 355
206 312
259 394
193 302
40 113
155 247
234 257
87 363
29 170
160 347
184 269
145 166
53 68
128 361
2 301
34 378
149 293
44 306
186 342
63 99
283 288
253 323
139 179
203 247
12 130
117 198
149 245
68 219
229 365
73 144
169 259
245 357
266 396
165 182
206 210
171 215
241 305
131 301
121 279
103 174
257 280
292 358
220 389
50 251
231 382
32 205
19 122
51 108
90 224
17 188
84 267
95 384
31 167
27 55
243 309
169 364
52 97
198 243
62 201
214 225
114 158
160 181
106 279
138 385
224 350
119 189
55 270
34 146
183 217
333 380
35 65
35 138
244 355
185 217
3 84
192 345
224 318
90 350
4 111
153 184
136 394
10 333
286 322
6 245
273 382
227 248
41 147
126 258
26 257
74 116
61 158
36 329
185 281
4 269
74 123
282 335
166 177
21 116
149 346
246 396
64 161
123 392
14 321
296 382
22 199
210 275
5 84
298 369
109 245
278 370
123 287
106 330
34 119
70 394
158 175
314 341
106 184
215 387
126 135
250 381
176 239
18 65
46 379
59 157
226 349
184 365
96 191
9 394
128 312
92 175
95 163
32 180
93 162
77 335
276 340
227 345
195 380
44 259
72 234
119 146
1 119
54 167
26 371
111 250
206 288
67 72
34 392
137 317
160 304
143 266
228 324
20 188
71 267
140 321
85 124
320 335
59 180
69 293
69 232
253 295
90 262
120 368
5 388
39 142
166 292
0 303
24 72
36 225
131 255
84 176
223 377
3 239
146 162
106 116
122 196
311 391
27 212
3 22
319 374
246 278
281 367
35 201
53 326
147 199
159 355
156 325
116 164
81 142
195 299
192 370
21 392
183 190
38 303
219 397
106 386
84 313
24 381
46 395
152 218
333 397
41 199
178 346
263 297
134 147
290 308
204 216
162 172
285 369
178 193
195 333
57 213
39 302
69 193
66 189
13 303
192 396
200 244
266 370
44 55
88 147
68 79
265 338
14 160
57 70
237 238
231 349
143 345
347 348
222 397
9 375
62 265
77 292
13 83
239 313
138 328
7 129
18 130
239 282
30 117
9 376
97 275
115 337
142 230
1 274
13 141
122 374
142 337
156 181
22 369
237 366
258 377
36 190
4 153
5 176
214 246
23 98
63 114
291 362
94 171
3 267
4 348
4 184
253 378
150 223
40 372
132 288
178 302
88 256
110 138
150 168
75 207
113 188
164 279
182 268
123 172
78 240
210 283
20 207
99 158
91 106
8 180
39 358
12 99
63 320
145 154
62 215
107 143
4 321
24 271
297 393
155 160
377 381
176 313
35 130
140 348
133 156
270 364
212 219
57 394
15 218
250 280
98 186
137 289
234 271
154 171
9 79
38 277
23 342
248 274
12 89
30 88
152 325
307 382
218 323
161 381
70 375
4 330
102 375
77 362
6 109
218 261
192 266
37 256
112 198
188 374
135 377
98 104
62 171
195 318
209 275
86 95
50 148
165 348
324 344
107 248
263 393
48 242
304 368
99 369
40 122
93 119
145 177
197 397
9 53
50 131
225 396
79 219
135 165
86 101
269 276
43 73
33 132
128 209
258 348
302 358
142 383
272 382
174 317
253 329
165 399
28 215
214 396
52 283
34 274
262 300
312 390
83 303
66 93
72 257
13 21
16 132
218 329
9 70
262 270
0 123
233 386
84 239
200 346
93 189
166 358
89 309
189 378
217 314
78 332
182 220
30 208
10 197
98 315
267 285
128 206
19 51
350 380
175 309
281 338
118 348
1 162
103 251
58 376
209 283
71 199
4 250
140 268
363 388
14 368
183 278
212 376
39 69
120 321
132 206
295 314
66 107
25 226
131 372
84 398
109 221
108 372
116 141
185 311
59 150
86 173
42 382
0 34
167 355
9 326
263 388
94 223
120 399
82 211
97 390
106
45
118
23
121
44
93
68
97
48
51
117
28
67
194
96
97
17
103
151
83
179
78
32
59
83
64
138
100
93
78
26
97
70
32
76
90
163
90
65
79
114
86
43
107
61
122
94
94
179
123
96
112
136
77
51
106
61
24
17
61
122
113
135
84
138
159
166
159
131
132
106
156
62
62
120
118
172
212
146
197
127
153
75
105
146
74
209
47
99
114
79
55
29
126
133
159
56
95
54
105
54
19
91
60
18
79
25
140
61
122
33
146
77
54
76
164
94
42
50
231
133
168
35
96
80
98
172
94
212
171
38
103
63
22
34
147
99
58
71
129
10
52
53
263
16
113
135
42
135
145
65
109
61
162
121
89
86
60
163
167
41
94
93
116
110
153
50
79
131
82
141
35
147
71
69
156
108
54
180
173
96
39
81
25
165
132
130
17
88
146
67
107
76
45
61
212
58
155
60
168
26
79
73
91
38
62
103
146
105
205
88
37
42
66
58
64
49
104
64
100
49
47
171
54
37
31
47
124
104
152
134
49
107
146
106
223
216
78
161
44
67
139
117
138
124
97
56
63
78
90
142
57
13
61
21
58
134
189
44
107
68
41
142
49
56
104
50
141
149
25
235
143
173
33
99
146
92
190
18
56
169
78
56
86
255
33
72
59
92
84
105
171
106
58
60
168
57
172
39
97
74
102
155
66
133
129
139
113
275
116
69
35
53
83
73
100
16
137
115
85
177
74
63
224
145
56
70
71
67
140
57
141
150
66
37
85
77
62
149
170
80
122
98
101
137
173
160
93
65
167
81
60
75
103
38
170
114
94
93
212
136
104
95
103
120
118
166
90
223
77
43
66
100
157
47
38
72
172
203
101
90
57
70
90
184
89
94
29
180
95
130
117
65
178
59
133
71
151
166
38
192
163
64
55
66
164
107
69
112
49
102
129
70
145
180
16
179
54
24
194
201
43
116
178
162
89
64
93
182
95
128
37
74
130
174
133
181
36
72
73
182
65
55
51
135
124
91
188
71
127
90
141
14
70
40
71
51
117
25
59
53
180
116
151
88
215
40
62
252
88
121
112
103
104
110
67
94
170
242
169
187
83
64
43
139
193
188
159
86
188
115
71
96
78
171
64
78
66
110
15
175
60
34
153
114
102
69
66
92
87
108
181
40
88
73
91
24
167
134
190
203
94
204
174
140
144
176
62
110
39
69
20
58
93
123
108
139
51
110
162
83
148
155
133
144
98
71
143
40
83
93
57
78
77
64
34
192
252
219
93
77
51
95
78
107
57
111
56
138
42
30
151
251
138
92
158
227
101
78
214
113
55
159
79
140
79
193
76
129
199
162
105
26
86
90
93
194
156
80
74
102
95
107
64
190
206
123
179
56
53
129
76
29
59
9
97
144
112
63
188
176
84
153
111
124
118
131
76
84
149
154
176
48
107
114
50
80
57
98
131
137
58
108
115
157
138
94
154
140
117
93
49
106
85
87
80
93
151
112
149
65
31
214
118
205
78
66
187
72
197
58
48
27
111
82
66
170
161
86
69
149
54
48
58
165
198
126
32
90
29
30
123
92
142
23
17
48
224
105
105
119
24
36
65
55
107
102
137
218
138
93
188
56
92
47
39
85
91
39
98
87
68
59
193
122
82
72
121
58
115
62
70
23
182
92
45
33
48
138
190
158
121
119
209
35
125
78
10
52
76
135
126
95
206
11
23
33
100
190
79
65
129
68
40
92
75
142
103
130
67
80
76
150
133
132
144
42
84
147
72
189
109
15
26
58
41
69
118
66
203
76
177
130
68
119
160
19
113
90
69
100
64
147
91
59
88
79
34
109
73
47
181
152
102
41
66
147
124
149
34
94
157
132
123
20
83
142
91
46
120
98
113
87
73
99
187
151
124
244
95
55
133
57
42
47
187
41
83
82
37
114
79
77
211
38
36
68
116
116
110
173
41
80
30
104
159
18
45
92
188
91
181
83
107
196
78
134
39
66
100
121
202
82
71
176
79
160
238
103
85
109
114
192
153
130
96
56
132
76
97
152
215
215
104
150
86
75
126
18
70
98
78
15
122
74
164
113
88
136
88
112
46
46
66
116
71
179
209
50
42
55
154
145
164
76
100
23
125
73
128
85
51
164
77
92
86
99
131
87
105
60
118
152
182
167
116
139
194
65
126
99
69
38
150
152
53
121
187
124
196
61
66
246
117
109
91
119
110
44
66
55
234
72
56
100
168
125
73
69
95
132
192
140
99
76
188
144
55
55
55
60
109
73
201
33
244
146
137
40
123
47
57
98
134
58
25
90
93
78
121
72
41
74
88
65
112
149
98
26
67
63
194
159
104
221
32
38
108
104
91
98
159
151
73
164
98
190
165
95
93
65
128
108
84
65
127
109
150
97
123
119
136
117
91
184
20
62
76
125
122
133
89
40
47
134
84
160
77
111
204
121
194
47
107
143
50
169
183
121
130
40
102
173
195
216
151
70
60
96
95
53
93
61
185
138
124
106
53
108
79
146
175
157
27
32
55
201
142
105
44
142
93
133
58
150
226
219
96
83
25
10
53
37
139
78
129
87
70
71
31
169
174
14
66
113
39
45
123
45
128
75
42
103
88
127
124
27
73
54
145
122
152
111
149
168
73
101
93
134
230
174
78
94
45
52
48
94
110
135
159
160
239
71
163
90
32
152
112
32
106
135
47
90
96
44
189
39
178
146
224
106
20
42
103
35
203
78
174
125
130
250
106
156
120
111
124
283
133
76
82
117
121
169
160
57
32
74
110
102
52
106
60
173
51
190
122
77
80
140
44
80
43
60
43
59
178
148
168
80
80
49
77
123
74
43
101
80
175
170
94
65
71
147
73
233
89
153
102
62
183
232
192
109
80
134
41
154
74
80
82
76
139
47
65
99
173
50
185
57
60
107
98
45
139
75
170
101
60
172
45
117
115
53
56
100
72
136
106
59
146
90
203
64
75
125
168
50
84
32
87
71
161
96
85
59
73
52
93
130
123
40
86
93
54
97
75
161
87
179
149
129
92
46
84
109
77
82
98
66
75
171
81
127
103
147
68
90
80
191
70
148
148
83
16
75
139
126
138
83
34
145
30
31
122
45
137
118
119
37
148
131
159
162
196
209
57
78
98
73
19
55
138
135
57
57
56
45
163
261
97
129
63
35
46
81
56
86
64
158
88
36
100
96
163
79
193
86
170
176
169
121
88
173
151
162
201
106
283
133
205
60
55
151
86
198
77
190
52
125
223
157
190
196
170
135
190
139
42
129
90
157
63
74
108
27
52
147
77
79
106
180
86
210
109
89
165
69
81
84
213
109
52
24
117
127
173
221
128
84
94
135
41
105
111
54
112
204
46
55
61
93
60
100
144
124
208
125
81
80
99
67
79
84
101
106
234
95
159
121
250
98
54
76
210
102
78
50
42
29
148
37
100
62
152
123
126
90
146
76
79
143
148
97
185
115
132
129
101
210
102
153
77
54
186
70
99
49
220
34
184
41
135
52
93
192
188
99
55
72
172
100
32
73
167
26
136
73
91
50
121
118
153
70
175
89
126
160
153
181
110
115
158
98
258
57
215
58
134
92
117
88
150
126
149
107
69
196
105
154
126
161
195
26
72
32
119
141
103
132
22
65
53
55
158
52
172
85
92
102
33
157
51
87
114
115
18
99
244
113
104
63
62
72
57
239
136
115
101
127
136
48
86
157
188
57
120
70
220
60
67
245
30
87
77
169
120
127
123
58
22
100
121
143
62
194
73
139
73
121
40
94
17
74
116
172
118
88
65
60
161
68
169
73
18
78
64
84
87
182
200
93
44
123
167
21
104
39
64
188
185
127
80
91
75
162
34
141
27
59
204
62
146
144
85
77
49
90
127
37
110
31
183
64
177
94
208
140
226
196
59
123
146
165
64
34
67
123
183
143
163
144
59
155
84
276
131
189
112
54
59
134
37
67
141
110
226
88
54
41
59
14
216
129
98
81
100
193
36
99
139
47
48
78
12
134
161
31
171
108
93
113
112
87
23
119
96
123
79
131
157
36
52
138
135
65
204
73
107
82
81
38
182
128
65
88
228
142
139
71
54
42
85
124
74
61
97
173
117
25
58
207
37
112
183
34
162
99
172
82
127
104
82
61
122
22
70
43
94
54
109
30
190
213
24
99
69
63
93
147
93
127
241
132
120
62
69
58
25
167
42
145
61
66
154
109
116
103
47
153
189
71
47
147
101
82
157
40
110
45
90
90
120
47
70
151
130
47
69
156
89
89
43
177
79
39
198
90
52
41
59
161
44
167
141
84
102
90
58
174
140
184
32
109
194
129
19
138
77
28
120
49
118
192
152
162
46
107
79
63
71
36
43
142
131
32
104
229
53
54
132
212
49
86
63
65
70
129
47
115
56
86
97
207
79
122
83
30
139
100
158
190
102
78
20
129
71
69
127
21
98
108
144
46
61
78
38
134
176
78
38
116
70
116
117
186
141
72
9
89
80
46
99
72
75
