571 327
335 567
308 50
198 272
416 35
590 372
162 230
564 188
343 356
573 501
663 680
593 467
653 204
141 506
790 151
325 759
520 615
704 361
72 56
173 479
608 625
618 431
767 487
794 445
412 270
521 580
376 588
471 509
314 501
694 28
381 386
642 167
280 643
274 606
616 87
639 702
688 615
57 747
445 233
263 226
17 530
180 207
781 698
413 687
639 15
169 265
171 42
667 167
27 13
415 211
270 435
351 655
238 621
684 771
497 340
79 164
82 782
453 334
611 739
528 95
674 698
298 745
586 466
651 338
537 229
457 361
190 736
443 53
523 764
418 533
148 714
88 51
702 141
584 207
522 259
394 34
36 80
440 549
38 71
327 21
686 58
219 711
591 355
798 740
437 210
411 195
130 394
180 428
655 614
386 651
291 495
489 484
47 261
501 98
102 693
556 451
657 479
279 462
95 413
638 613
667 740
719 372
315 114
129 770
544 786
486 796
763 620
655 327
729 343
414 159
762 3
708 611
499 175
151 368
8 314
206 107
558 301
547 305
210 580
633 261
257 364
122 79
623 394
137 67
437 784
601 388
710 721
207 551
680 639
482 472
99 481
660 658
15 408
170 224
734 592
249 179
363 643
602 330
122 156
754 370
464 186
31 466
259 470
355 345
726 210
659 406
467 782
28 502
349 340
407 146
728 157
232 318
564 477
42 582
672 306
705 712
177 278
437 765
235 746
419 342
634 0
45 40
423 241
156 249
321 231
514 747
210 38
774 184
609 368
574 492
275 721
613 713
246 672
466 52
294 30
255 198
232 732
264 29
150 316
716 729
594 640
184 370
568 549
343 688
303 698
401 72
272 512
399 405
799 689
751 108
533 520
698 393
83 353
696 461
114 346
93 669
213 244
98 721
577 634
510 108
722 303
595 161
130 17
19 60
711 124
100 170
404 162
584 688
800 66
438 607
94 112
640 210
161 200
178 618
239 79
60 206
193 424
266 193
246 705
229 398
545 502
620 272
75 671
545 310
771 231
760 683
200 277
586 488
299 518
605 180
264 629
273 142
793 125
130 473
684 761
621 571
119 391
430 231
439 14
607 359
220 643
331 178
201 497
491 684
611 548
694 242
384 44
773 65
727 227
753 422
178 748
467 669
25 735
767 697
690 21
515 506
738 612
672 69
103 398
470 401
38 148
593 654
259 51
467 165
24 635
780 122
282 666
453 755
630 440
664 515
349 3
122 795
518 184
437 624
735 555
433 522
101 128
728 12
213 254
129 226
755 70
191 293
444 85
253 461
351 478
735 505
40 634
486 759
12 631
799 497
570 522
708 461
800 633
95 53
498 359
291 45
289 265
615 440
530 766
533 329
582 406
267 753
578 463
5 36
511 627
186 144
417 459
418 41
784 212
587 287
515 753
670 534
687 301
642 186
259 775
386 772
448 355
147 336
171 36
365 94
1 799
739 307
435 430
16 505
623 89
486 724
772 499
231 487
272 359
194 376
149 764
4 494
185 432
147 544
441 691
68 259
598 657
343 40
95 194
568 18
476 197
228 438
552 685
254 687
198 83
348 588
245 369
251 429
784 236
9 700
777 511
156 151
772 653
78 307
104 564
326 520
19 728
156 375
721 538
186 604
477 268
129 170
497 256
424 59
752 407
153 742
16 460
639 60
220 350
513 390
271 757
157 572
700 403
246 788
461 41
665 631
455 693
236 615
532 372
324 621
216 82
561 558
651 572
210 272
135 18
417 104
180 334
300 540
704 306
399 548
105 346
584 451
770 9
734 514
664 133
327 481
668 455
356 616
403 60
348 56
122 297
31 72
129 255
255 275
19 87
244 311
96 291
3 6
287 376
100 171
300 391
95 391
195 288
123 293
122 125
100 126
270 295
16 25
155 234
101 145
73 119
210 361
274 358
124 325
265 280
321 388
13 333
71 161
190 227
157 267
15 184
340 362
287 310
253 292
24 237
222 264
204 280
20 88
106 225
134 352
28 90
54 378
8 187
77 389
306 322
117 309
0 116
103 271
181 368
246 363
182 244
5 21
302 391
176 370
111 375
38 84
10 171
62 268
119 211
238 307
154 200
141 331
99 128
75 398
358 393
32 377
370 373
246 337
16 251
198 304
185 307
108 321
345 355
18 303
88 235
93 374
13 233
223 309
222 252
35 171
132 147
197 330
152 227
92 215
97 341
178 181
171 261
112 140
156 281
21 145
65 316
18 48
242 371
26 209
3 151
71 202
52 213
56 365
97 395
91 95
0 5
83 188
18 384
150 189
138 212
10 100
170 370
130 354
50 283
34 324
181 216
138 361
41 196
389 397
15 301
115 305
71 384
269 382
31 324
301 343
18 293
125 145
73 229
81 176
75 337
398 399
22 23
285 393
190 381
136 379
211 245
40 130
242 283
67 282
17 108
85 237
165 298
281 383
148 159
154 312
90 97
29 44
13 127
194 357
324 394
68 267
49 84
121 161
298 310
22 393
118 371
131 171
132 192
17 312
350 393
86 87
82 309
333 359
218 240
14 189
176 373
15 315
175 241
238 374
239 300
195 222
101 249
94 264
264 356
7 64
154 388
75 185
82 239
95 302
59 339
31 211
12 221
249 364
140 206
192 390
90 284
221 309
113 258
172 184
173 199
193 396
107 388
155 225
6 226
67 75
4 246
189 247
52 118
81 250
51 397
18 161
42 188
126 225
336 342
82 300
46 202
57 294
4 67
14 150
192 236
68 287
44 254
57 159
54 57
215 260
32 240
269 311
35 261
103 250
258 390
2 177
33 172
79 399
20 336
116 299
1 389
59 173
259 322
41 135
291 396
11 268
66 103
329 357
38 162
274 311
179 225
247 280
110 208
118 213
10 128
22 289
220 255
274 393
243 325
80 324
87 332
212 279
36 99
178 194
163 226
125 239
144 248
26 136
256 375
364 372
21 391
37 94
21 122
205 351
11 227
19 216
2 270
125 297
142 395
37 252
152 255
142 186
164 296
194 353
117 294
175 217
24 38
32 33
64 73
25 304
232 280
176 365
267 325
39 383
188 352
357 368
22 358
172 240
106 111
34 201
39 135
88 382
139 321
84 162
152 169
3 226
205 279
208 265
21 396
41 351
23 289
72 144
121 202
188 225
79 174
40 147
0 137
20 261
97 347
46 293
4 173
160 367
276 361
256 292
145 168
224 321
71 210
96 193
45 196
172 176
219 346
152 302
305 380
180 342
95 169
281 368
15 314
217 241
130 147
64 362
51 184
295 399
75 399
197 356
123 202
131 180
357 386
209 251
156 278
225 352
143 328
41 45
128 256
137 221
34 394
47 211
266 379
105 298
219 283
20 99
174 177
187 259
112 199
102 295
252 349
109 237
7 201
167 265
119 154
94 286
98 236
10 60
50 97
182 381
84 206
68 146
6 361
171 207
205 338
21 302
191 249
232 247
351 361
283 347
127 242
157 334
198 342
198 261
5 239
106 256
92 335
122 145
279 361
28 395
193 372
81 301
5 82
71 293
350 358
97 283
45 281
218 266
55 361
230 240
235 269
213 240
63 137
6 279
163 212
71 121
157 315
371 377
264 288
118 230
34 80
73 272
71 78
29 257
58 171
47 72
250 330
108 191
252 320
179 188
140 149
74 116
214 344
106 134
235 244
242 327
153 286
205 361
19 233
299 309
65 378
39 278
49 162
172 377
11 152
104 298
78 210
228 283
12 229
152 290
2 399
129 306
63 168
122 168
237 340
138 305
230 379
194 390
144 150
244 382
1 387
120 219
202 384
220 381
62 297
33 118
246 307
198 207
355 387
176 218
0 82
162 340
176 343
185 363
78 161
38 85
341 347
86 258
4 75
142 283
20 128
101 139
11 297
259 378
158 301
120 347
98 141
79 246
275 306
100 234
11 62
205 210
212 351
49 85
205 276
110 247
208 392
147 323
6 212
262 380
144 224
33 52
90 186
70 271
26 345
287 325
43 273
12 119
236 357
75 246
75 270
80 160
70 222
9 95
104 105
120 368
43 136
231 380
165 342
226 278
125 300
9 169
54 299
279 338
93 282
149 282
107 119
263 272
18 203
200 321
124 267
100 155
208 232
180 207
307 374
240 359
91 255
10 36
121 384
0 223
339 367
58 100
10 131
297 391
56 197
284 355
7 229
142 347
93 263
78 293
81 158
17 388
38 237
17 63
256 274
103 197
301 370
48 71
200 245
79 262
105 267
53 179
177 214
235 311
23 350
96 396
29 280
219 347
66 218
42 225
181 346
52 377
21 300
65 322
28 142
177 295
128 131
329 332
63 239
145 297
337 399
107 312
23 249
5 378
27 190
285 311
130 323
69 77
207 261
1 28
331 366
44 324
101 388
214 295
86 192
216 341
51 89
77 275
125 137
294 316
8 30
127 377
61 218
195 349
94 103
26 389
44 80
67 385
274 350
119 245
161 303
114 353
345 379
1 33
162 237
179 234
46 115
74 360
105 310
262 295
51 136
38 263
148 328
141 147
120 329
41 361
324 367
144 308
52 240
297 300
3 163
146 315
62 227
270 399
47 229
40 323
60 171
9 190
96 311
93 112
10 88
216 332
236 390
246 270
26 69
220 302
135 305
236 317
86 98
75 307
0 299
50 90
15 61
58 60
97 327
26 273
219 328
223 299
146 267
285 291
10 99
14 224
105 146
114 132
95 220
172 230
109 149
156 196
0 309
71 123
53 234
80 367
65 159
4 398
6 41
109 385
89 209
70 81
84 149
82 125
112 340
177 262
354 371
22 326
189 265
70 330
88 128
84 237
29 392
215 335
98 132
14 204
31 229
89 136
123 210
19 332
87 341
182 190
191 396
170 176
283 327
251 376
32 343
48 303
169 220
154 245
113 357
144 348
22 350
33 240
210 260
44 277
5 137
48 76
387 395
166 384
64 74
254 392
191 364
18 123
194 317
53 155
17 364
95 227
177 380
223 378
88 375
79 337
173 282
333 354
111 382
11 96
145 372
28 97
64 112
217 278
50 219
58 207
251 325
260 276
90 228
68 298
67 374
222 356
54 369
96 269
47 144
326 358
113 194
61 373
74 362
107 154
291 393
178 390
85 263
11 302
78 203
61 158
103 365
63 82
49 206
45 278
20 207
126 253
318 380
61 176
94 365
85 140
74 299
89 334
65 369
1 136
153 354
192 258
99 244
66 250
42 292
183 184
158 370
68 104
216 219
151 383
238 246
359 377
242 332
244 290
261 342
165 325
115 351
175 278
49 340
41 279
47 201
277 392
264 286
149 319
52 172
162 360
185 337
115 231
157 376
38 49
71 76
22 285
305 344
85 109
46 214
35 58
243 304
310 325
230 377
59 112
344 380
118 359
137 168
266 343
26 397
121 210
99 336
67 93
89 379
7 112
111 128
379 397
83 179
329 386
254 257
244 269
92 114
38 112
242 333
220 227
219 341
134 358
184 343
42 179
7 313
37 197
24 84
246 399
238 363
1 228
66 70
270 337
140 340
142 341
9 290
66 81
2 295
188 292
100 179
134 274
82 299
26 379
73 211
107 168
256 352
333 371
183 397
227 297
124 146
76 303
164 241
166 318
77 273
213 377
174 262
185 319
334 376
338 361
50 341
231 241
135 164
60 234
196 383
54 294
102 319
29 247
71 203
50 142
171 336
124 315
291 350
289 326
17 321
101 108
129 275
210 276
36 256
9 381
6 196
217 296
191 291
257 280
86 236
175 296
105 287
2 174
232 308
197 250
191 372
54 316
299 369
325 376
290 381
295 337
16 243
305 351
140 272
307 363
65 294
10 155
172 266
229 394
146 310
167 248
275 389
6 156
249 291
360 362
141 366
30 65
113 181
106 292
135 231
98 192
74 117
287 298
181 357
222 349
167 232
225 292
161 293
45 383
108 154
330 365
278 281
24 49
130 366
134 256
311 382
140 263
139 249
28 284
147 153
9 182
42 253
49 237
108 200
67 246
60 126
102 231
320 349
108 364
179 253
98 258
21 62
98 233
16 381
105 157
138 276
176 250
55 205
31 73
168 300
216 329
133 163
35 155
91 220
186 395
201 324
110 254
346 347
46 380
274 326
101 364
93 173
95 152
113 178
137 309
65 259
123 276
98 366
215 279
186 283
116 309
129 190
299 378
32 52
62 302
7 73
99 261
96 268
63 154
14 232
260 338
25 381
89 345
243 334
124 157
142 242
159 316
353 390
152 220
20 375
152 391
73 201
4 307
255 290
314 373
21 125
251 273
159 187
15 370
80 280
20 180
121 293
87 219
150 204
3 156
46 384
160 339
143 187
91 322
86 181
9 11
52 266
108 139
17 139
115 344
67 398
118 240
129 220
101 191
246 319
18 76
55 215
273 304
14 348
41 278
3 45
110 280
45 226
86 357
200 388
233 333
156 178
26 89
40 354
293 384
276 351
282 398
213 371
115 166
81 170
64 340
209 304
263 340
204 247
146 325
133 278
20 198
230 343
12 73
12 245
210 293
46 344
190 290
149 263
90 142
57 65
28 387
226 383
160 254
219 368
37 271
195 197
10 126
218 343
138 338
119 221
319 398
57 360
53 126
90 387
55 338
250 271
368 386
283 341
161 210
346 368
215 338
23 364
97 142
198 336
203 303
158 343
167 189
323 331
29 254
48 161
170 218
197 365
200 312
5 122
41 163
0 125
109 340
266 377
13 19
317 353
30 148
88 111
79 270
139 364
47 150
32 266
97 186
47 313
363 385
294 378
243 251
107 137
40 141
198 235
34 339
104 146
14 308
37 103
36 131
257 277
143 148
66 330
33 230
167 224
243 287
65 187
66 176
375 382
279 335
136 273
178 281
146 165
243 342
105 165
61 170
5 168
269 396
288 349
174 270
45 279
45 156
253 352
34 257
40 331
31 47
144 167
29 367
223 294
282 374
70 197
147 366
281 317
14 208
204 394
52 230
224 248
84 109
13 354
144 245
175 231
123 344
158 314
72 313
35 207
277 280
194 236
46 123
40 153
51 183
62 95
131 375
72 150
110 277
39 226
18 202
12 313
19 242
19 341
16 304
189 280
185 246
114 192
7 272
136 345
262 344
38 140
22 291
161 203
12 47
128 375
24 159
9 227
317 386
257 394
3 133
31 313
66 158
245 312
64 360
214 262
117 223
247 265
104 310
84 85
1 379
205 260
185 398
116 221
47 204
93 199
56 356
115 214
46 318
304 342
216 347
314 370
130 141
311 358
329 346
335 353
35 234
55 276
274 285
139 372
312 321
80 277
88 131
37 356
208 247
12 211
124 287
11 169
108 372
29 80
225 253
165 267
31 201
325 334
43 251
355 395
250 365
39 175
289 393
155 253
193 269
176 314
158 170
197 252
27 255
67 173
27 91
67 185
305 361
62 152
243 310
169 302
90 395
3 196
184 266
32 172
201 211
122 268
259 294
225 256
72 189
170 314
25 290
111 352
202 318
294 299
116 223
195 264
50 347
271 330
136 397
26 51
21 96
35 336
230 266
111 274
59 199
132 323
34 367
107 221
268 396
188 253
146 157
178 226
123 384
62 290
157 325
132 258
236 258
165 243
257 367
116 137
372 396
54 223
66 373
229 313
219 329
273 376
122 300
16 342
108 388
5 300
319 385
313 394
284 306
157 287
319 399
49 140
246 398
385 398
259 369
5 125
115 262
104 165
151 296
235 381
127 371
235 382
2 319
205 215
61 301
201 394
6 133
9 391
264 349
27 69
163 335
163 383
191 193
219 332
137 299
199 263
269 358
32 184
151 281
244 381
176 301
126 155
72 257
316 322
293 318
128 134
170 343
81 218
217 231
69 275
267 315
10 35
41 305
68 165
24 360
206 385
142 228
103 195
285 350
36 111
27 77
328 368
81 365
55 210
271 365
192 194
67 238
111 256
197 271
251 334
45 178
237 362
37 56
138 351
23 285
118 127
174 214
70 365
129 322
130 331
12 394
16 198
240 377
120 346
14 167
197 222
180 198
56 103
228 387
122 239
127 327
77 209
1 26
89 397
267 287
80 189
170 172
286 288
247 392
226 281
91 306
28 355
20 131
61 184
28 228
354 359
224 245
56 271
149 385
133 212
80 110
17 101
51 345
44 339
2 262
319 337
47 394
134 292
117 299
70 250
76 293
248 308
272 340
308 348
185 399
190 255
172 343
145 191
207 336
151 346
169 227
156 383
109 206
51 266
40 366
213 359
242 341
282 307
186 355
251 304
49 109
131 261
112 263
99 198
44 367
87 357
216 357
202 293
243 376
99 111
278 296
92 338
286 354
45 163
224 348
6 45
56 252
85 206
185 282
321 348
0 239
43 89
252 356
55 138
80 204
115 380
108 312
91 129
99 375
37 195
10 375
184 218
178 357
43 51
298 325
60 128
268 391
120 151
254 277
87 329
218 370
167 348
335 338
135 175
192 353
88 99
54 65
55 260
99 180
64 272
87 233
130 333
180 261
35 60
86 113
187 322
94 195
196 217
151 386
119 312
101 321
43 334
29 110
151 226
212 305
76 260
193 393
46 121
3 39
14 265
194 258
80 257
155 179
2 79
105 124
114 335
132 141
96 297
193 285
89 273
116 117
4 363
45 212
37 349
135 217
24 162
204 257
30 143
238 398
132 331
240 343
156 386
199 282
79 177
133 156
83 225
201 313
23 326
80 254
99 235
232 265
85 340
222 286
182 220
83 253
204 265
50 327
184 301
174 295
13 130
92 279
2 337
18 78
175 196
211 221
215 361
151 328
72 265
99 131
329 368
214 380
282 385
154 321
193 291
126 234
182 290
17 154
259 316
153 222
317 357
89 183
109 140
7 211
118 377
119 313
206 241
36 128
150 308
18 71
29 277
9 244
181 317
55 279
60 131
326 393
180 336
254 280
68 310
10 179
70 195
369 378
138 205
81 343
117 137
106 274
11 95
248 348
49 149
156 163
138 210
204 367
59 282
3 278
42 83
140 237
152 190
292 352
105 325
30 159
27 220
25 190
90 283
39 196
9 152
37 222
33 379
37 320
137 223
85 149
267 334
268 297
307 398
222 288
121 276
148 187
0 168
170 266
131 336
240 266
158 250
113 390
359 371
90 327
126 179
145 396
318 384
21 297
11 391
211 229
147 331
63 107
284 395
166 262
15 170
62 169
98 130
54 159
54 116
170 301
125 168
363 374
316 369
150 167
104 287
326 350
145 193
20 382
74 223
27 275
280 392
130 233
76 203
121 344
39 217
294 369
4 238
85 162
41 212
52 359
1 345
3 383
190 220
2 214
54 259
25 255
145 239
332 357
99 382
56 320
30 187
94 222
286 349
32 230
183 266
210 351
31 394
143 159
345 387
43 183
38 360
17 107
166 380
19 130
181 386
110 392
9 302
169 290
227 290
194 386
178 317
42 352
30 316
345 397
84 263
189 232
169 391
113 236
285 358
88 336
216 283
53 60
173 307
69 306
102 399
19 333
82 137
164 217
95 300
35 131
187 306
261 336
328 346
82 168
170 373
285 326
20 235
212 338
86 194
269 291
72 394
163 279
133 279
164 175
133 196
84 140
218 301
189 204
66 365
224 308
186 228
63 122
139 191
88 180
203 293
289 350
3 281
207 342
67 363
278 383
301 373
48 203
227 391
53 100
206 263
150 394
113 317
61 370
54 117
41 133
43 376
200 248
183 379
245 248
21 268
227 302
153 288
48 78
6 163
24 57
267 376
245 388
181 219
257 324
121 318
150 232
103 330
36 375
319 363
141 233
18 210
30 322
97 355
146 287
60 375
274 289
56 330
153 264
141 323
196 281
209 273
27 129
178 386
173 374
165 310
181 329
208 280
168 239
254 367
36 382
7 31
201 229
73 313
9 220
121 123
120 328
197 349
193 249
82 117
35 126
38 340
59 93
60 179
178 353
189 208
318 344
75 238
87 216
18 121
117 362
151 368
4 374
367 394
170 184
17 200
317 329
237 360
61 314
51 379
78 303
8 328
137 239
106 352
74 272
142 327
94 330
323 366
33 377
195 286
25 182
107 239
363 398
13 242
81 330
12 201
154 221
109 263
102 241
76 210
1 397
357 390
166 344
173 363
33 266
327 347
43 243
163 281
113 386
211 313
174 337
158 373
172 218
94 197
118 333
82 122
46 166
181 236
35 100
132 366
98 390
249 372
113 329
0 378
57 316
228 395
111 131
76 78
12 144
214 231
92 353
69 209
8 148
75 79
44 160
22 249
84 340
69 389
127 333
186 327
150 265
28 186
169 182
12 31
145 268
140 162
84 112
60 155
186 387
169 190
297 396
174 399
86 390
187 316
149 206
312 388
79 295
158 176
285 289
101 372
82 116
171 342
196 226
209 389
67 307
282 363
310 342
77 91
38 362
17 191
258 357
281 386
68 105
273 334
36 88
86 317
123 318
9 62
136 183
87 181
192 317
181 332
127 359
70 94
267 310
297 302
166 214
106 188
33 387
57 259
327 341
349 356
180 375
13 332
317 390
150 248
166 177
111 134
220 290
81 172
10 336
90 355
91 190
119 309
19 327
11 21
8 143
2 102
9 255
300 378
17 372
173 238
44 257
0 117
156 226
55 351
34 44
228 284
153 323
32 379
320 356
91 275
70 103
63 388
45 133
158 218
39 296
41 175
196 278
27 306
63 312
247 277
26 77
8 159
112 272
76 161
301 314
212 361
13 371
4 185
97 228
1 355
345 389
68 325
167 308
36 134
300 369
276 338
291 372
185 385
28 283
182 235
332 341
233 332
75 363
39 164
72 204
165 287
60 100
62 391
228 355
29 160
126
67
126
160
96
90
115
145
215
106
51
76
182
83
45
74
75
37
142
129
176
109
64
98
172
64
107
91
68
52
179
178
40
160
73
74
157
83
93
169
30
94
138
41
97
109
38
66
56
62
126
93
23
130
92
36
156
86
113
55
55
108
53
77
37
114
66
72
178
133
38
94
161
190
95
119
83
80
197
69
131
143
71
72
85
148
117
65
45
140
18
79
207
108
157
131
113
134
61
104
143
88
183
129
98
139
101
166
50
12
106
40
99
191
70
115
86
103
191
189
34
103
74
54
98
113
89
12
68
80
133
284
86
46
43
65
50
40
199
25
35
124
116
128
172
118
41
176
56
89
74
167
240
175
76
102
103
206
100
92
107
94
208
50
109
45
134
220
227
73
91
79
47
33
130
49
134
15
149
39
155
87
128
135
138
41
105
110
123
132
87
69
51
79
81
60
45
95
96
107
74
75
49
109
109
90
97
68
52
178
119
22
66
153
124
136
83
123
71
60
118
146
91
221
87
75
180
50
46
90
158
45
172
99
47
69
55
88
75
112
11
88
111
98
83
50
21
65
92
118
111
115
111
108
62
165
95
133
167
83
163
121
140
154
171
28
114
63
67
117
146
155
75
86
107
86
113
112
134
113
80
105
127
36
36
6
144
71
93
165
111
128
150
91
66
75
34
69
96
109
145
83
113
146
79
171
73
109
124
146
53
26
75
71
55
130
166
68
112
81
64
154
66
204
66
199
68
183
54
44
167
113
134
69
127
80
116
53
184
74
59
81
188
91
72
189
116
181
94
105
80
28
76
30
123
114
154
45
62
125
148
87
42
43
160
146
162
62
41
38
41
97
83
29
83
162
29
14
72
65
104
67
106
83
71
86
122
38
110
95
113
257
30
104
84
127
62
79
42
109
91
85
115
132
130
117
115
57
28
39
102
33
78
120
210
66
81
155
91
71
94
126
162
63
89
98
116
71
134
124
79
25
98
52
120
108
5
156
82
174
87
97
89
64
44
201
97
42
32
75
33
39
47
30
144
81
92
167
81
119
237
101
175
68
10
135
63
33
70
158
74
35
31
81
60
45
45
140
63
80
82
170
81
27
66
162
124
106
156
91
120
174
122
31
47
20
72
92
69
153
95
131
152
41
38
93
70
98
110
66
87
93
97
40
178
160
63
59
64
75
118
117
178
125
101
112
30
82
161
105
13
193
161
75
121
84
92
173
131
29
107
59
117
49
150
16
68
196
92
64
44
146
146
80
23
120
70
168
127
171
105
47
80
121
97
224
133
107
131
97
59
67
102
126
81
138
89
111
143
99
172
119
121
140
75
101
91
103
34
63
205
61
126
88
24
165
182
57
104
127
33
101
81
95
143
162
30
99
150
32
130
114
124
110
190
15
98
153
138
96
181
88
71
45
55
65
56
220
117
143
149
35
74
133
92
212
41
230
114
122
20
149
123
109
19
79
58
66
66
120
128
132
169
94
79
28
74
37
78
109
65
27
166
161
226
116
56
63
125
93
87
120
183
129
83
42
88
53
57
122
14
151
31
114
115
113
96
137
123
210
91
189
100
164
59
179
133
137
120
80
49
52
45
90
168
143
74
90
82
137
66
109
80
157
48
8
60
88
112
64
76
150
103
143
36
64
88
153
148
47
64
135
46
140
64
65
161
140
145
89
79
118
161
112
121
103
71
56
84
24
149
95
77
89
89
55
174
100
136
82
71
69
79
174
77
87
96
108
34
80
118
158
121
218
113
81
65
64
138
75
131
83
66
115
39
171
44
100
109
57
35
116
158
192
128
91
50
66
217
103
123
185
151
179
108
128
62
62
131
147
126
86
179
43
128
113
90
64
29
51
36
90
43
161
79
86
92
152
140
184
69
83
114
125
74
124
100
101
196
106
63
89
35
125
89
72
98
158
40
48
82
171
107
106
172
142
100
36
91
88
84
21
109
84
134
192
76
112
28
112
81
53
151
167
30
105
72
131
57
55
148
36
146
31
77
138
95
120
150
159
106
90
102
63
32
206
81
86
64
64
99
48
59
91
138
128
125
86
194
29
100
122
121
37
64
40
71
108
161
116
19
62
96
80
48
122
223
162
80
45
51
72
99
110
88
61
61
207
109
89
29
92
115
85
213
132
131
92
90
88
132
27
67
95
52
186
97
140
55
33
107
79
132
15
79
183
132
105
61
80
53
171
107
27
120
91
130
33
98
96
81
6
146
37
70
131
129
120
90
32
47
103
37
50
93
120
212
225
77
41
140
86
56
53
108
171
123
64
118
90
83
149
101
83
47
96
51
48
46
219
78
166
250
142
132
72
94
195
142
185
76
58
107
87
72
87
148
194
110
115
57
96
113
111
64
49
19
63
76
197
143
175
57
82
46
97
189
60
129
66
82
108
72
132
75
64
146
22
66
65
99
149
22
23
92
50
73
85
105
99
155
82
181
53
184
98
157
54
108
84
64
69
68
124
37
37
63
161
91
88
159
89
88
66
211
12
112
32
85
189
183
99
109
175
125
127
86
100
138
64
48
133
114
183
57
31
75
152
61
52
122
84
74
50
61
101
100
161
78
63
112
122
78
85
122
151
54
203
108
95
88
119
105
71
48
49
93
68
95
153
43
45
117
20
76
90
212
113
65
137
98
156
62
75
23
196
22
80
147
65
37
53
150
170
81
15
140
89
82
120
95
34
203
140
22
243
101
10
151
95
48
148
84
52
58
155
44
66
74
135
137
67
118
34
36
152
91
147
77
23
156
123
141
70
44
51
57
121
86
105
144
75
91
63
37
62
128
89
55
187
81
100
64
74
102
106
119
99
123
170
166
167
182
124
75
41
96
42
80
40
141
107
145
61
107
51
152
38
145
93
34
73
181
55
88
129
249
44
82
68
133
135
110
174
103
122
212
55
205
111
35
64
107
73
110
55
116
51
80
61
20
153
93
186
126
101
34
114
104
67
186
30
104
123
70
205
123
126
135
153
105
78
152
102
87
62
29
127
134
87
97
67
73
91
54
203
61
70
23
138
158
139
299
70
33
94
109
87
85
157
79
48
40
184
50
128
215
82
55
87
41
90
63
116
196
192
103
92
22
47
61
25
84
65
62
127
67
72
118
93
108
75
75
93
36
211
22
183
50
23
234
225
91
127
73
265
23
141
200
62
124
93
80
36
83
177
121
45
51
159
27
40
81
34
59
17
79
25
129
145
23
174
86
131
122
114
123
72
172
103
85
70
77
106
140
153
138
114
50
16
103
137
89
109
96
114
81
15
51
112
57
90
28
51
124
81
68
164
105
121
69
69
74
82
123
151
65
154
27
53
40
49
128
71
142
78
157
21
102
55
88
57
109
101
151
150
38
113
133
88
141
164
177
157
87
79
30
30
50
96
171
96
83
169
92
22
74
154
115
50
35
195
92
141
133
110
72
140
123
95
146
143
82
55
59
25
102
111
107
152
115
141
79
29
76
248
89
95
154
71
197
94
173
59
73
47
54
161
29
85
61
185
87
246
59
106
88
216
49
118
166
48
175
20
44
152
102
139
71
98
49
141
17
95
130
77
27
117
160
83
82
95
124
67
97
191
212
54
97
62
122
39
146
77
157
163
114
129
58
230
143
168
134
126
131
30
29
88
90
144
154
138
174
114
118
127
90
163
15
82
111
26
50
90
25
15
55
117
101
40
74
184
215
98
42
48
133
128
68
16
114
166
91
84
125
79
35
144
67
61
73
142
35
138
27
12
24
178
138
101
147
165
109
102
78
103
143
25
148
203
103
90
105
111
61
65
101
118
67
30
96
45
61
73
43
102
215
80
108
53
69
111
80
155
183
103
100
154
68
140
28
105
111
126
169
10
30
29
106
99
56
120
143
78
47
91
87
104
103
65
72
43
58
42
77
167
65
96
104
59
45
90
51
47
73
53
105
65
183
156
68
39
179
59
104
90
132
68
44
51
141
168
37
164
176
78
72
100
102
132
58
74
131
125
138
201
203
37
184
133
164
120
113
133
34
83
70
28
13
28
132
26
181
97
209
22
76
80
39
28
180
176
193
181
53
63
138
169
178
86
59
18
127
76
53
82
179
44
147
157
74
128
92
86
208
79
40
220
77
228
117
105
191
151
72
45
138
213
193
129
62
179
147
144
120
71
63
128
142
78
69
51
63
126
122
81
76
145
133
62
183
63
115
139
151
97
180
35
57
95
13
130
213
159
78
24
158
33
114
99
40
129
141
107
112
79
94
76
115
175
88
82
106
146
118
78
203
29
18
73
26
86
103
122
128
48
156
46
73
162
198
82
75
77
45
143
134
64
99
50
50
52
166
121
114
68
118
143
86
55
231
96
74
124
85
215
194
103
127
135
40
85
96
180
79
73
90
136
44
39
146
78
172
92
93
160
56
36
96
93
198
196
81
176
107
149
153
44
125
97
120
22
185
106
123
194
84
51
63
43
120
133
113
167
124
140
96
45
107
138
153
103
57
193
152
115
133
49
91
55
80
84
45
43
72
