631 717
113 46
384 338
445 649
22 79
779 437
564 202
216 746
482 555
795 232
421 606
270 355
588 164
195 339
668 226
203 64
533 630
473 312
170 250
778 8
408 84
727 519
791 227
609 448
299 227
121 555
565 89
483 698
256 164
734 414
738 673
267 577
130 655
484 497
113 698
88 675
33 658
731 232
308 242
485 343
697 569
124 524
220 700
440 52
109 346
157 147
150 799
618 247
8 611
85 546
304 389
231 712
106 458
79 17
193 235
739 457
183 413
559 596
275 777
663 448
722 260
11 705
518 68
142 366
255 278
683 502
694 318
683 198
237 702
709 200
522 129
394 720
129 635
70 714
2 624
663 751
182 370
219 384
673 283
524 526
245 642
300 373
295 764
433 693
82 150
413 741
183 175
54 147
133 26
275 463
523 123
431 649
622 289
604 310
15 605
673 32
580 29
528 506
182 356
799 63
210 782
530 782
374 314
357 552
659 146
48 58
706 618
396 283
177 605
53 606
751 345
576 721
660 230
687 452
159 563
582 650
72 547
705 97
104 657
47 398
146 121
275 447
123 476
633 561
99 315
436 303
659 51
235 561
56 470
418 791
301 105
682 391
282 661
25 657
525 230
641 181
267 671
378 18
705 104
129 309
294 21
328 423
656 207
644 359
36 355
10 756
391 669
361 439
797 185
212 581
573 470
748 222
40 609
464 646
562 150
172 176
306 750
281 568
793 452
755 637
211 497
223 425
415 755
291 304
530 746
613 383
678 420
173 307
563 189
419 368
495 376
108 395
226 507
445 191
419 555
582 441
109 693
585 616
604 245
485 268
36 39
770 795
796 759
422 75
484 522
20 126
216 544
219 116
690 162
592 530
343 592
559 315
747 533
118 410
42 560
306 645
695 377
584 172
386 431
541 250
396 130
426 128
776 237
21 487
527 159
144 674
462 219
628 102
313 640
176 66
96 757
681 670
259 190
489 5
322 458
286 573
16 665
777 612
258 547
427 767
308 529
572 624
238 73
678 449
410 645
200 257
315 415
462 476
722 511
382 473
122 496
463 232
720 212
221 156
440 185
389 176
574 14
330 654
274 249
486 703
472 525
699 745
141 359
5 411
546 632
1 95
701 361
620 300
210 238
149 36
614 674
584 546
488 573
7 485
649 721
501 20
461 696
630 775
136 747
657 413
629 367
188 224
397 487
44 355
517 370
528 462
475 7
427 114
520 705
252 631
123 45
498 64
363 198
221 82
410 712
716 26
420 125
89 506
722 478
99 331
755 20
577 103
565 305
319 429
719 183
586 675
659 425
701 423
619 657
579 548
154 408
535 430
393 277
474 148
206 161
164 480
364 647
307 96
360 395
441 671
701 498
334 63
151 456
477 756
725 442
87 607
266 316
699 633
38 793
646 544
465 667
120 469
673 381
750 271
598 136
613 760
522 346
594 22
535 502
389 592
690 390
175 443
493 486
637 636
625 361
449 227
730 50
176 383
56 164
702 777
124 67
797 538
499 477
295 243
310 433
671 773
398 730
204 405
292 405
774 377
312 675
188 160
220 374
486 732
565 674
434 681
530 177
470 738
174 349
210 797
382 728
783 76
523 541
41 392
484 326
433 593
338 610
551 339
173 745
0 299
619 389
237 778
100 296
479 250
460 740
527 204
48 240
393 40
600 527
355 711
325 652
546 93
465 660
366 153
165 83
713 759
128 123
427 300
352 579
416 782
103 730
11 250
703 354
695 496
113 408
576 229
323 110
466 767
55 496
395 568
566 233
576 68
233 244
740 728
800 677
237 601
714 682
526 760
98 77
651 667
3 91
219 336
146 224
209 330
221 244
303 364
81 141
102 292
93 282
157 186
44 124
160 321
336 350
184 322
270 374
54 261
25 114
251 318
124 366
188 284
106 217
264 354
212 238
21 228
15 222
82 156
78 92
139 279
231 292
233 341
17 169
11 163
194 203
160 186
214 226
63 279
346 365
119 193
187 233
15 330
193 302
288 307
211 399
37 112
209 222
355 389
16 153
127 269
231 325
13 225
55 304
17 316
228 278
192 228
307 399
328 398
94 305
147 214
154 314
219 303
33 318
214 338
98 348
333 392
16 115
71 369
245 328
237 296
197 346
311 384
49 277
75 335
97 318
8 97
71 162
215 269
80 269
176 210
168 390
0 285
35 72
242 348
85 336
115 250
121 141
39 264
127 172
285 288
241 375
281 391
125 363
339 382
342 348
176 358
17 39
160 161
127 186
167 242
174 319
19 280
183 271
18 392
128 253
83 345
19 117
123 177
70 281
165 324
218 395
206 363
136 195
98 342
56 321
98 337
214 229
211 250
125 169
69 202
131 143
80 132
68 80
42 269
165 260
16 344
72 205
32 205
35 176
358 361
144 263
143 247
11 338
14 178
132 195
80 195
150 318
211 307
66 312
39 377
226 338
122 128
161 321
25 305
198 298
63 242
51 136
90 281
4 53
34 118
190 215
334 338
225 261
257 329
223 300
128 311
66 382
296 340
9 313
21 331
34 358
48 133
55 113
260 312
168 365
218 269
136 237
108 395
259 320
198 262
271 371
4 185
129 162
120 376
296 319
19 351
171 242
219 387
29 246
171 384
26 96
328 376
1 53
88 249
24 272
219 379
6 385
301 386
31 220
218 220
154 281
78 112
148 284
63 327
3 310
21 278
60 112
18 54
1 374
146 296
261 341
27 303
144 353
259 260
67 188
167 225
183 301
159 396
62 70
131 320
86 341
46 358
52 302
131 287
259 286
60 151
176 205
5 55
6 204
104 135
93 260
203 243
125 354
200 235
191 264
74 109
135 197
131 286
303 347
17 354
6 199
51 68
44 171
274 345
17 107
275 326
173 206
21 65
222 374
65 309
8 33
84 398
32 118
93 178
274 350
190 319
24 333
173 234
40 309
177 285
215 356
79 189
179 206
204 371
79 265
221 285
236 391
70 271
75 329
200 276
177 289
197 385
52 128
290 337
16 244
292 377
35 133
72 108
74 216
234 267
196 287
14 135
55 278
67 142
3 153
249 270
259 360
183 200
72 118
97 265
199 363
43 276
20 301
178 385
71 274
120 209
254 335
89 283
46 210
99 275
65 300
81 306
132 269
233 273
134 168
35 73
66 110
164 343
37 69
134 346
147 298
111 268
254 288
310 345
57 289
7 361
295 311
34 176
135 142
116 152
143 196
58 82
237 356
7 100
55 228
341 376
140 222
58 68
374 398
91 355
18 248
64 163
79 332
181 393
45 233
311 321
113 383
33 184
105 245
164 239
13 167
169 298
131 196
2 17
106 399
162 336
250 288
11 81
83 146
297 301
164 315
147 226
282 357
211 393
24 64
131 260
340 370
239 256
6 346
35 380
132 208
279 362
52 230
49 109
243 263
81 334
30 211
182 329
40 65
59 223
10 389
99 326
134 204
231 365
116 388
85 219
296 356
98 290
173 325
124 381
91 299
33 97
68 361
80 395
128 277
115 285
3 10
79 240
201 267
76 242
54 248
50 226
241 257
76 337
278 304
230 302
277 311
54 341
147 334
204 365
59 259
356 378
91 146
187 273
95 117
37 60
63 348
68 269
172 295
53 105
73 380
219 364
43 213
7 349
213 271
183 276
124 144
44 279
37 232
26 70
326 351
278 383
155 248
84 245
14 78
193 242
224 296
93 324
181 335
106 323
4 84
3 256
227 262
270 398
155 376
93 143
119 171
208 269
356 389
56 98
39 354
92 112
27 299
53 180
35 216
175 360
180 245
265 291
230 311
170 354
171 327
173 231
258 358
170 316
164 397
5 287
60 66
299 372
45 374
36 94
72 114
247 282
135 314
229 283
246 320
50 338
69 151
34 380
50 147
69 284
119 353
16 57
109 116
8 352
97 289
318 352
8 79
197 204
151 284
80 149
101 397
38 392
7 358
89 334
115 323
187 374
310 343
285 344
217 307
43 201
327 342
115 177
240 252
157 218
319 355
289 368
89 338
237 369
26 317
221 250
239 347
365 385
124 362
63 193
44 362
159 307
37 284
226 334
162 364
212 233
51 82
96 391
194 388
179 231
160 218
95 326
155 261
93 357
90 346
153 224
147 229
153 256
289 309
134 179
37 313
120 398
168 385
100 349
202 232
275 280
40 106
47 390
44 242
4 245
97 322
126 138
347 397
291 332
224 345
299 310
60 313
166 320
154 204
110 246
340 356
64 392
44 193
101 164
19 275
95 207
2 102
17 264
45 187
300 304
120 294
73 133
236 255
134 390
87 398
240 352
59 286
184 318
184 227
315 335
36 61
379 387
285 399
152 216
138 275
211 396
62 271
46 380
366 381
182 375
109 133
3 355
162 347
79 322
23 291
130 373
117 126
298 334
235 272
139 348
301 367
47 112
179 199
97 150
97 184
223 287
130 222
15 187
266 367
26 314
24 28
345 372
74 94
146 274
111 257
208 356
61 133
150 291
187 209
24 392
77 161
198 229
234 235
306 342
177 244
178 199
26 236
1 376
161 327
10 91
14 284
89 214
115 288
312 324
4 328
44 63
173 267
58 156
102 125
224 389
116 305
2 169
142 232
230 277
117 207
166 304
123 289
172 186
92 282
233 294
32 305
247 324
185 328
34 73
1 180
44 144
165 175
9 148
76 342
385 390
307 323
235 267
213 236
142 178
89 172
318 322
230 295
62 90
201 234
374 376
190 237
103 356
83 85
163 238
239 310
172 218
76 348
273 297
280 351
122 295
67 104
178 282
254 396
79 352
34 210
111 254
26 281
5 339
63 98
225 238
136 269
182 393
255 266
97 240
123 368
256 364
190 208
171 290
230 388
30 393
48 94
336 369
168 199
251 368
18 155
131 312
13 306
101 111
373 386
20 43
358 380
206 325
112 135
138 351
56 302
242 279
212 294
92 247
183 367
15 88
23 59
196 320
162 274
66 196
30 307
39 125
68 132
169 377
173 200
250 285
241 396
149 157
137 140
126 391
211 288
244 285
129 219
159 211
201 276
276 293
283 298
265 318
277 388
42 68
54 86
191 199
307 396
148 151
121 334
306 333
134 365
0 250
111 164
109 152
146 299
229 262
393 396
193 384
38 333
70 154
256 299
110 196
105 180
195 269
117 280
256 310
61 308
44 263
79 184
117 326
179 354
319 378
112 142
23 360
17 363
6 12
86 155
76 290
98 242
205 358
141 147
149 186
264 291
83 274
371 391
98 167
124 359
288 344
239 303
56 161
64 238
52 388
104 117
91 310
151 232
74 152
154 197
17 125
200 234
29 304
356 370
195 370
170 291
124 139
71 146
246 382
72 305
131 382
222 233
48 305
105 270
183 267
78 247
223 304
268 347
129 379
272 373
16 177
160 295
152 305
29 320
363 365
48 74
259 312
8 184
274 336
35 118
122 311
161 337
107 377
61 73
256 343
77 348
57 177
117 275
215 218
76 98
36 216
226 283
121 161
141 338
43 267
124 167
142 188
53 249
192 300
143 324
77 342
146 336
190 356
173 363
195 296
278 300
64 225
6 365
29 196
99 280
50 121
303 397
62 96
49 305
168 346
13 77
76 167
83 256
24 238
41 49
179 377
28 187
95 317
39 316
89 160
173 235
224 355
119 144
199 365
162 219
273 374
365 390
213 266
136 340
83 336
103 378
259 324
111 115
175 291
137 183
70 346
54 392
234 276
48 109
157 190
103 190
249 398
178 390
343 364
139 362
37 67
30 217
47 247
286 287
130 301
49 388
45 376
192 383
118 305
166 246
57 251
194 305
127 157
166 312
251 289
168 178
248 261
125 377
33 227
281 314
133 216
7 82
103 220
100 361
43 255
201 235
125 292
300 383
82 369
232 284
28 233
91 224
201 293
378 389
67 151
29 55
228 383
324 360
47 385
162 379
189 368
190 370
93 247
156 340
127 149
231 363
86 248
107 292
90 293
195 356
0 75
209 249
63 76
24 163
314 391
224 319
179 316
149 269
30 241
52 290
394 396
4 87
267 367
2 125
200 386
191 282
144 381
1 398
209 374
70 90
376 398
159 394
193 290
206 365
48 216
26 371
65 383
12 197
75 375
46 258
146 369
20 201
158 278
62 391
13 348
244 268
49 230
105 185
53 88
204 346
6 197
226 298
84 185
13 76
11 50
22 313
311 388
26 90
25 41
310 372
42 80
18 167
86 187
214 220
157 215
117 138
90 204
67 112
194 253
65 223
84 120
282 316
349 358
203 253
165 312
196 312
37 202
347 387
12 207
52 311
45 155
281 371
100 258
189 289
119 263
11 77
36 73
166 259
52 171
10 153
34 72
31 215
171 353
158 304
330 398
69 112
92 324
163 306
3 345
95 280
122 193
167 362
145 210
212 333
0 241
285 323
17 377
62 236
86 120
246 312
303 343
186 395
319 389
40 159
210 308
105 330
86 233
189 318
295 321
259 287
240 318
48 152
149 395
33 322
102 107
185 245
6 390
31 80
57 244
53 398
55 158
26 62
147 283
150 189
28 294
20 373
121 214
106 307
170 264
59 383
211 254
2 377
328 366
113 166
34 35
120 330
52 295
62 281
96 126
217 394
122 302
89 161
33 332
234 325
61 145
215 395
70 293
329 393
286 312
3 299
104 138
41 295
117 351
242 327
21 55
59 287
143 165
42 51
101 387
227 322
38 163
159 217
119 128
110 382
273 294
81 338
83 91
14 232
27 268
201 373
94 109
140 297
1 105
288 399
22 148
155 233
60 67
127 215
316 354
166 286
75 257
343 397
117 188
68 136
140 301
92 93
168 204
238 392
28 341
1 249
235 373
242 362
38 272
176 380
13 327
109 118
67 135
270 330
164 268
169 170
134 206
39 170
50 81
5 158
239 268
141 298
2 107
321 337
20 183
322 332
132 340
112 232
283 338
11 342
283 334
254 375
40 192
254 329
141 229
104 188
256 372
69 188
138 326
124 279
196 382
250 323
158 331
168 314
54 294
225 248
21 300
354 377
26 391
142 284
199 385
124 263
257 335
208 340
241 329
363 377
167 348
265 322
141 226
119 243
44 384
222 297
244 344
80 136
116 194
52 384
20 200
113 223
288 323
51 80
33 79
267 373
207 326
55 287
323 399
27 239
249 374
120 155
6 47
66 78
7 42
171 263
127 218
14 37
109 194
64 248
325 363
115 344
50 298
68 358
151 313
290 384
165 259
171 279
96 371
34 258
181 241
29 110
241 254
103 319
29 166
79 251
242 290
66 246
210 380
190 296
299 345
149 218
53 330
13 342
287 320
20 137
10 224
193 311
104 142
88 398
286 320
14 188
97 352
162 387
18 139
35 205
79 252
38 64
14 142
145 216
69 135
250 344
240 322
290 327
143 260
189 309
56 337
79 150
276 373
156 350
132 370
22 37
290 302
191 354
20 276
40 228
29 158
191 316
64 306
166 196
83 299
19 326
146 237
257 315
14 151
57 189
155 341
5 278
6 134
191 357
238 333
146 345
278 287
83 224
192 331
39 357
263 359
84 376
71 219
111 344
103 174
41 116
263 279
6 154
335 393
17 170
13 63
90 314
15 249
192 278
231 234
163 333
94 216
94 194
234 363
63 171
17 179
124 242
61 74
343 387
46 100
87 376
59 166
99 117
212 261
204 293
9 60
227 240
138 207
200 201
79 318
320 382
19 95
73 258
200 373
37 151
114 186
48 194
41 230
219 347
74 133
71 350
206 231
240 332
127 160
118 380
58 349
56 327
74 194
237 340
36 152
227 332
141 283
150 265
173 276
0 254
71 336
72 176
196 246
328 381
274 369
27 310
15 374
156 369
27 364
254 399
197 390
337 342
43 183
56 342
180 270
143 246
267 276
60 232
268 343
12 385
8 174
146 350
260 360
134 325
31 218
36 48
212 248
104 207
122 277
88 374
60 202
63 290
203 277
254 257
396 399
66 143
207 281
135 188
50 283
69 232
2 81
118 205
242 384
111 250
73 308
9 37
217 331
0 399
113 300
2 292
131 166
114 127
83 343
97 368
264 316
161 342
88 209
47 142
234 293
30 394
31 186
45 84
123 251
182 241
80 208
97 189
54 64
122 321
41 311
126 317
174 389
29 339
51 361
0 335
290 321
138 284
8 240
184 240
12 281
157 220
103 389
33 352
209 273
266 271
327 337
157 269
56 76
177 288
67 232
291 322
208 237
221 344
237 370
28 386
83 310
23 175
52 122
228 331
16 221
28 212
22 151
25 108
90 371
260 324
249 330
93 191
160 172
122 230
65 228
215 220
180 185
10 319
150 368
8 252
169 198
73 216
52 277
186 218
200 272
33 265
20 367
187 222
393 394
45 341
275 351
211 323
12 154
164 303
39 179
132 136
152 194
5 304
268 397
102 169
247 260
21 192
177 221
221 288
155 294
347 364
302 311
232 313
294 341
174 378
213 255
49 194
75 211
1 330
113 304
238 248
32 34
118 176
10 174
50 334
264 357
84 328
25 277
252 355
76 77
303 387
31 127
134 385
148 351
46 349
340 369
123 309
23 259
256 345
224 310
197 365
8 355
73 145
58 100
194 277
205 258
85 129
121 283
67 284
109 216
137 301
120 341
25 230
32 35
131 223
12 314
359 381
179 363
120 187
10 355
35 305
94 152
32 72
239 343
69 142
107 231
143 312
241 393
176 258
6 168
14 47
11 13
100 358
256 274
182 394
147 198
22 232
95 138
2 298
177 250
116 277
233 261
85 162
85 350
95 126
202 313
27 347
113 287
92 178
200 267
4 180
256 347
162 350
81 226
54 238
166 223
157 395
173 201
36 74
47 93
96 317
261 294
104 314
225 392
27 372
223 278
126 326
60 69
43 62
307 394
128 243
89 141
298 338
110 339
112 178
53 270
207 391
292 325
174 262
63 384
329 335
32 176
90 154
154 168
364 387
85 364
205 380
147 262
165 357
107 325
164 347
15 209
101 303
89 121
51 58
47 78
35 36
42 136
101 343
309 368
375 393
86 212
128 203
190 220
243 253
129 387
42 132
121 226
148 202
289 352
104 326
96 255
1 270
114 149
92 191
228 300
179 325
150 175
330 376
51 358
280 326
14 69
7 46
5 29
41 277
31 149
108 149
59 65
96 236
87 185
50 141
131 324
274 299
181 329
40 307
41 52
317 391
208 370
13 242
126 207
79 97
49 116
375 396
224 299
9 151
108 186
56 77
75 254
91 153
104 284
140 386
268 344
291 316
4 398
24 212
57 221
86 261
6 178
90 271
23 150
70 204
106 211
174 240
312 360
106 396
154 371
359 362
42 358
261 392
76 327
253 388
27 83
143 360
223 259
54 155
206 234
177 344
16 285
12 204
86 294
132 237
319 356
109 305
222 273
239 364
56 295
31 395
32 380
165 360
111 397
131 259
144 359
156 361
248 392
134 199
71 85
212 392
27 345
196 259
181 375
7 58
181 182
207 314
113 259
58 361
153 345
238 306
329 375
336 379
235 276
256 268
210 358
43 137
312 382
128 388
3 224
143 320
27 343
145 308
220 378
107 125
15 273
45 86
177 323
13 98
183 201
214 334
316 357
116 230
36 133
250 399
25 49
99 351
113 278
36 118
18 261
83 372
322 352
108 114
23 165
171 193
0 111
4 105
251 309
343 347
251 352
11 226
145 380
12 346
45 294
243 353
120 249
73 210
41 114
208 296
62 255
14 112
21 40
180 398
14 67
254 315
136 208
139 242
221 323
184 352
113 286
144 243
318 332
125 179
26 207
189 251
81 283
130 297
62 371
79 289
50 214
91 345
59 113
73 176
19 99
18 225
199 282
36 109
85 347
258 380
137 367
134 363
170 357
111 285
54 225
56 290
91 372
20 386
267 293
184 332
47 135
126 275
346 390
359 366
190 389
62 213
210 258
30 106
354 357
286 360
43 266
178 247
28 86
102 377
22 202
270 376
71 83
190 378
330 374
47 178
31 157
173 293
353 384
43 271
250 254
123 189
28 130
111 315
60 78
184 252
153 310
174 355
75 241
105 398
191 247
89 226
95 275
197 314
198 283
119 384
0 315
27 256
354 363
253 277
34 205
97 332
75 393
133 152
94 133
9 22
9 202
128 353
187 294
327 348
63 124
63 167
38 212
255 271
141 214
65 278
115 399
153 372
98 327
82 361
23 286
314 371
287 304
335 375
70 371
141 334
49 114
3 83
24 38
302 321
38 238
88 270
81 163
106 159
88 330
143 382
57 352
108 205
151 202
54 167
43 367
139 167
0 257
32 108
168 197
297 373
41 122
57 115
115 221
321 327
73 118
241 335
21 383
127 395
7 258
1 88
153 299
7 51
227 265
29 113
85 274
85 379
296 378
187 341
29 131
14 60
215 378
61 216
362 381
87 328
287 312
132 395
20 267
120 374
131 246
263 353
30 159
295 302
289 318
28 297
236 317
141 198
64 333
144 279
12 135
296 370
154 365
56 63
96 281
0 288
130 140
77 337
293 346
318 368
349 361
214 283
55 383
31 269
55 300
87 366
29 287
115 244
195 340
39 169
223 383
161 338
308 380
312 320
195 237
30 396
223 286
195 208
362 366
269 395
51 100
62 266
209 270
265 332
134 231
154 346
11 306
47 92
87 245
198 214
138 188
52 193
199 390
12 168
33 240
203 388
45 120
40 123
65 113
75 315
51 132
84 87
121 338
67 69
136 370
309 383
3 372
7 68
175 265
246 339
44 139
51 349
91 256
26 154
297 386
77 98
130 386
77 327
1 209
239 372
25 116
63 139
350 369
234 373
188 232
85 387
252 352
166 287
16
90
38
131
74
66
79
58
75
153
93
184
33
53
153
26
83
133
202
61
131
78
165
17
103
53
104
110
124
61
106
146
153
73
130
65
37
186
100
193
120
105
30
83
185
97
123
116
40
243
46
61
67
54
107
122
91
63
75
68
135
88
31
186
137
47
196
37
127
106
106
24
9
175
92
161
28
76
127
103
148
96
49
58
93
88
65
40
46
62
142
224
104
244
90
75
43
70
61
76
148
119
54
15
226
107
161
73
139
100
127
48
31
106
99
133
120
206
99
112
96
193
65
102
43
53
50
142
23
159
101
131
38
119
118
59
149
155
32
72
84
113
112
20
101
169
217
49
116
61
105
135
71
103
80
59
153
124
124
52
68
106
39
122
142
85
108
146
87
125
50
27
74
125
64
57
154
27
133
178
96
43
93
53
49
141
144
58
132
96
86
71
57
76
131
80
114
83
142
87
66
92
61
61
206
183
169
8
44
102
46
43
24
63
73
48
110
98
111
142
95
107
97
155
95
87
54
37
110
32
49
104
156
78
37
138
193
165
65
89
40
91
80
123
17
11
126
101
76
120
152
178
103
64
133
155
64
37
192
58
132
109
31
115
137
153
54
105
112
124
50
59
46
34
58
126
48
120
162
199
116
87
24
102
152
57
182
181
29
173
46
93
75
96
119
108
67
123
92
140
168
82
156
98
132
9
58
130
162
70
57
70
141
168
124
103
198
114
67
120
96
87
121
71
46
49
134
143
98
155
34
208
151
83
45
78
80
83
109
131
87
134
157
59
77
73
106
88
53
49
104
153
166
88
66
241
194
34
128
157
183
151
84
39
135
62
43
196
32
125
120
105
75
33
73
58
31
104
17
52
137
67
101
73
79
170
102
90
86
93
131
55
112
30
38
204
178
88
57
52
167
140
115
55
114
35
32
97
156
50
190
247
124
166
56
127
112
113
170
51
175
115
84
167
171
68
192
74
42
193
76
139
80
104
141
47
43
91
82
135
101
77
28
215
175
77
110
140
218
142
92
131
39
57
99
98
194
49
18
113
80
119
94
76
145
90
109
84
31
148
53
51
130
118
126
47
84
138
119
92
139
88
59
72
101
156
151
126
49
165
27
78
54
146
90
20
133
130
156
72
119
87
202
145
102
94
115
72
117
108
190
100
87
81
122
23
124
92
110
112
80
26
94
154
85
159
95
32
75
50
87
107
185
101
132
87
107
87
39
174
204
113
206
161
178
55
186
84
29
126
86
108
104
121
125
99
192
89
49
119
102
174
103
132
86
112
146
145
112
150
84
145
79
81
162
95
103
83
136
82
195
134
209
101
36
120
201
66
133
131
169
143
86
112
148
182
125
108
216
209
68
50
73
114
79
68
188
66
134
106
187
194
185
67
87
84
103
101
92
41
150
24
78
93
74
57
172
134
131
100
86
19
181
143
231
86
81
112
88
61
126
116
180
124
95
86
106
124
66
101
131
116
99
199
190
24
63
159
44
154
110
149
123
171
70
138
110
126
57
136
178
84
23
74
119
66
76
26
184
80
139
50
180
45
155
153
110
144
117
30
112
213
103
27
125
139
121
102
77
178
87
33
79
90
136
171
136
158
33
196
20
80
112
93
101
32
135
161
97
116
82
196
54
79
59
19
119
57
145
7
20
120
96
136
30
132
257
29
173
74
66
93
135
42
40
79
117
78
33
62
48
177
97
45
156
50
117
77
155
94
110
55
47
126
115
77
35
48
59
43
83
59
118
60
194
45
89
20
70
63
147
190
215
58
108
58
135
27
79
139
58
49
145
94
24
85
64
52
29
21
78
60
119
45
151
33
160
86
19
42
18
141
85
136
133
89
88
146
57
16
183
36
127
142
62
145
37
92
182
77
104
168
182
54
119
106
80
69
95
175
161
92
109
93
73
71
77
83
26
94
73
20
127
74
47
178
78
123
114
95
53
73
89
176
63
159
42
56
48
60
184
106
45
117
174
109
138
87
99
59
91
129
64
10
203
71
14
63
99
27
189
112
37
111
78
74
17
120
73
40
40
74
71
161
61
80
29
81
64
15
64
28
145
66
62
72
18
113
131
52
98
86
174
109
82
183
91
164
192
234
119
162
158
144
15
252
60
60
9
77
71
107
103
124
38
38
14
116
119
100
87
190
98
65
152
95
76
111
30
90
147
109
39
84
110
201
158
52
13
184
130
152
107
9
21
57
72
150
147
207
115
158
39
151
43
126
43
143
46
78
44
115
25
94
136
197
36
84
64
124
33
197
191
39
148
140
50
79
157
98
137
208
152
92
182
55
149
177
85
78
178
44
184
118
148
90
139
46
75
171
49
88
40
80
87
52
207
61
177
138
65
94
171
78
206
110
35
30
153
126
134
200
48
101
121
141
161
167
120
67
82
70
87
139
153
146
159
87
26
170
136
203
123
159
75
117
34
93
89
169
69
99
56
230
39
101
119
105
127
55
84
114
60
63
117
195
130
123
34
117
91
71
100
102
55
69
108
79
72
97
164
108
65
49
171
100
24
124
118
109
91
41
40
86
112
120
107
18
33
41
95
49
107
23
210
161
106
222
101
60
61
83
33
24
99
190
152
128
48
42
160
69
161
56
102
90
92
45
81
74
67
44
61
110
216
50
101
51
133
144
14
83
177
104
148
307
144
87
15
145
132
153
101
84
135
40
163
115
94
51
45
145
227
135
90
117
124
165
162
191
115
123
53
164
69
115
59
50
98
17
166
72
45
100
193
66
100
175
157
52
94
37
123
206
78
169
186
45
219
185
73
62
42
45
62
62
82
144
106
83
82
139
107
110
120
79
80
79
57
55
159
137
48
193
175
65
141
115
35
46
51
112
93
96
78
210
133
152
103
73
146
79
102
233
148
73
193
112
132
142
135
64
104
206
65
131
138
216
112
136
96
87
125
143
120
186
90
104
63
71
42
137
151
91
45
118
159
61
137
68
26
34
55
193
147
84
80
147
77
136
55
30
92
207
21
24
121
34
221
135
40
114
164
92
143
151
41
82
54
230
117
21
97
125
155
148
118
25
76
93
61
112
88
128
161
92
124
173
147
192
99
133
108
66
42
262
55
68
100
187
93
81
154
99
178
66
91
137
215
49
63
60
126
79
99
87
173
134
191
188
127
142
133
92
165
46
56
197
94
82
114
51
30
64
118
61
82
50
86
43
203
83
100
77
137
32
51
14
184
104
48
42
224
61
55
115
154
60
18
105
50
40
58
117
83
189
69
110
32
170
93
74
122
200
75
119
73
117
43
235
165
86
84
85
43
73
102
81
139
171
29
36
65
73
23
95
81
46
93
43
124
96
61
74
177
85
58
121
104
113
83
106
129
45
23
77
77
149
83
89
25
143
47
119
187
137
173
152
106
135
150
142
96
199
117
145
96
122
96
85
70
31
75
43
143
65
29
37
96
177
39
95
136
35
90
103
56
104
161
39
175
233
170
101
80
126
27
53
25
62
95
94
79
35
99
79
85
121
99
82
126
191
116
112
31
77
169
46
58
89
149
98
224
182
234
81
90
73
164
53
150
95
164
118
87
88
50
95
76
116
204
149
117
159
151
66
66
20
211
131
67
145
100
68
86
138
40
91
147
107
187
59
92
166
152
214
29
159
151
43
129
30
117
163
70
140
201
94
67
146
98
69
40
78
72
129
79
205
155
111
109
25
76
137
55
30
202
81
123
95
98
72
70
96
130
125
109
203
146
62
52
69
168
96
83
68
173
77
83
141
300
115
131
24
94
90
80
48
120
52
147
175
150
39
54
59
96
47
102
210
48
116
13
153
38
136
134
62
43
49
87
72
154
173
77
74
121
80
101
136
201
25
122
139
166
188
200
46
48
36
72
52
106
178
111
27
73
56
50
67
83
54
110
8
83
100
26
84
168
54
52
73
96
148
29
76
76
121
37
92
206
101
73
136
47
142
125
151
119
82
23
142
164
80
143
87
102
115
86
67
164
118
122
95
54
147
19
53
82
89
34
47
91
89
31
62
57
111
98
66
58
160
92
61
31
89
242
120
63
149
66
153
83
150
77
76
187
183
65
68
103
80
58
48
219
112
23
121
25
49
61
77
63
113
127
155
132
65
85
49
57
91
122
63
69
103
110
123
80
69
23
84
179
67
70
180
149
113
12
33
205
127
65
139
136
186
72
93
117
182
33
76
84
124
165
79
62
94
33
113
114
26
56
77
39
207
72
110
103
127
219
75
218
99
48
148
175
35
140
112
127
35
142
129
47
110
42
206
44
40
61
186
71
81
111
96
141
97
171
114
113
178
49
144
158
61
123
43
96
90
38
94
89
64
165
111
146
85
87
178
185
166
63
126
71
133
161
36
48
68
130
82
267
40
100
74
136
149
100
272
32
57
38
33
10
177
84
150
163
139
65
156
64
94
88
111
173
106
72
63
38
76
100
55
90
115
93
139
73
120
64
127
106
44
82
116
194
75
126
113
68
34
108
40
49
117
64
73
97
57
93
161
70
79
40
