461 713
763 10
305 654
596 35
596 564
778 536
649 373
510 437
763 197
730 641
574 648
776 577
80 148
46 253
435 538
143 274
416 431
642 720
300 363
510 461
429 575
221 632
650 776
633 727
668 725
150 682
373 713
137 449
78 348
337 591
125 500
106 697
721 68
763 154
629 502
93 586
590 449
222 446
49 652
404 304
723 172
608 539
2 705
38 359
201 708
294 268
771 797
459 460
295 676
150 726
176 362
398 147
62 387
241 601
332 711
168 95
634 368
211 180
380 601
184 756
261 559
128 660
448 556
80 80
414 275
162 357
562 339
150 329
703 668
552 664
460 690
299 289
105 492
158 0
1 2
561 567
444 140
299 778
323 429
258 367
527 291
61 661
94 28
713 588
451 686
135 312
269 792
46 67
425 30
598 43
10 80
256 439
715 715
13 354
229 652
331 103
477 585
463 446
556 444
58 417
637 91
395 129
604 330
782 638
255 404
36 71
734 14
689 548
681 375
384 241
291 645
717 776
469 757
538 588
496 283
50 435
770 345
428 722
86 280
738 520
264 596
281 633
769 587
11 326
590 598
405 474
356 705
254 273
59 47
786 269
272 311
352 37
405 789
29 772
416 638
714 8
599 600
605 401
36 770
719 155
759 346
453 717
369 86
359 475
551 70
156 8
31 149
282 657
261 726
63 613
87 479
417 345
621 341
526 539
484 207
277 647
104 302
199 129
53 634
785 528
80 245
389 214
139 389
794 60
602 356
773 670
506 512
436 245
267 662
215 164
648 249
642 59
777 279
90 669
624 657
320 289
560 76
227 139
572 320
220 326
281 363
488 499
634 537
226 80
404 529
519 439
257 432
391 477
360 791
745 243
738 500
427 711
448 99
571 157
482 484
726 89
164 197
451 272
22 54
116 460
667 683
452 798
561 66
645 380
451 220
234 537
370 171
197 246
656 459
113 676
9 800
548 755
363 51
521 341
71 234
5 404
665 382
395 766
423 792
421 726
720 770
386 532
106 176
483 758
750 598
111 571
404 436
408 418
716 344
772 543
502 159
69 492
608 730
8 261
176 634
170 494
410 288
180 283
712 227
109 52
678 274
680 287
197 254
683 409
419 49
223 362
271 736
44 93
30 18
387 555
220 471
250 634
649 316
329 694
198 421
598 547
224 481
351 529
784 707
71 83
418 458
318 425
113 110
209 562
267 717
673 105
656 438
710 776
4 482
626 268
168 510
650 36
271 200
294 345
751 219
88 782
71 715
200 112
443 114
98 117
767 593
257 484
444 796
575 559
294 464
796 270
538 101
757 550
577 19
291 334
393 166
577 480
6 171
798 70
192 478
715 15
681 267
681 560
769 359
91 304
688 157
577 50
305 639
799 255
215 444
691 301
193 33
654 53
250 555
294 318
62 192
685 495
531 49
784 582
291 754
39 437
724 692
645 783
418 108
267 182
133 758
419 238
731 246
775 216
703 38
596 534
242 696
161 84
258 286
192 332
365 683
421 696
93 768
36 541
666 746
762 472
103 475
220 418
648 754
566 93
292 471
796 237
635 720
523 614
449 340
221 750
693 357
436 406
787 762
277 369
37 233
135 530
14 685
285 468
478 157
682 189
449 155
761 438
711 494
282 91
289 168
579 134
464 669
775 422
397 339
88 685
585 462
137 584
72 441
288 215
124 791
520 640
343 566
748 661
623 187
612 682
73 392
316 523
297 310
408 713
545 288
645 538
145 685
371 739
28 329
252 694
553 677
764 289
740 463
157 693
239 316
680 230
287 455
259 410
762 514
401 419
245 369
346 375
552 502
31 636
105 128
22 342
176 286
44 326
46 220
40 265
70 117
20 58
0 191
247 292
18 309
51 290
0 112
129 322
237 242
203 346
273 397
264 326
58 134
5 280
189 341
144 288
213 380
19 185
130 180
137 164
20 62
9 316
136 283
148 168
317 338
57 177
90 105
278 290
172 341
64 236
161 167
76 192
76 101
27 254
89 271
53 121
249 372
46 92
79 390
205 281
169 177
24 316
69 124
11 287
281 294
0 141
192 356
24 68
11 280
93 376
29 249
187 226
141 191
196 242
197 321
38 365
35 225
337 396
48 126
127 237
85 118
9 224
268 333
168 251
270 351
13 299
244 278
216 252
199 351
281 304
90 128
187 227
77 148
240 269
259 279
368 376
88 318
39 151
117 223
26 379
21 168
36 98
213 344
12 259
43 123
63 105
100 202
189 285
286 339
201 218
84 117
69 174
2 251
33 274
224 229
50 85
117 218
4 283
191 219
177 359
65 162
120 155
91 186
6 56
98 366
142 318
49 209
97 226
76 290
8 139
51 192
63 82
1 135
261 397
67 156
66 178
94 234
56 137
196 222
275 370
109 197
85 162
177 277
112 117
175 289
212 318
250 256
232 342
73 327
51 206
196 207
84 141
88 244
73 239
271 295
269 374
145 306
71 175
275 276
20 372
55 145
311 388
208 358
14 125
281 284
217 282
55 177
122 313
11 159
138 276
225 333
6 164
214 350
273 378
110 121
17 338
126 383
5 313
78 261
192 318
135 307
28 93
179 237
12 63
192 244
198 259
91 256
142 359
240 241
91 254
295 307
22 220
284 392
143 261
179 329
260 347
88 192
70 84
250 281
7 19
144 286
123 215
139 238
277 306
133 210
15 118
61 382
296 391
48 385
349 393
71 130
133 352
8 33
38 276
66 102
144 361
261 392
306 327
78 143
273 349
298 387
62 166
188 383
192 354
37 186
115 215
76 278
139 265
112 219
366 398
95 101
253 302
100 324
11 229
11 394
172 274
209 365
63 279
31 173
91 353
372 377
137 266
70 371
278 356
172 303
97 227
235 270
119 287
53 263
41 255
24 267
128 198
138 332
84 331
287 313
37 304
0 379
5 229
47 194
363 388
26 330
280 313
230 286
143 226
135 295
169 360
337 393
17 92
143 340
136 255
85 329
169 207
151 347
256 353
120 205
65 245
5 335
22 24
29 377
43 215
201 219
164 252
185 194
322 341
82 239
141 217
157 183
130 179
58 221
7 97
90 198
28 376
34 41
31 276
288 301
192 278
150 315
96 153
87 247
318 354
170 374
201 282
131 212
25 59
21 251
180 396
80 178
239 259
72 150
168 326
107 287
32 163
98 137
19 97
99 315
98 185
108 266
296 322
95 212
33 195
240 391
112 201
109 161
286 361
31 320
26 126
3 144
39 321
6 137
149 173
84 191
82 259
271 288
78 397
195 265
49 275
76 318
32 195
100 271
198 247
66 164
92 111
79 273
119 311
18 349
82 105
94 326
159 313
151 236
97 181
237 329
130 289
57 272
108 346
305 322
184 187
54 253
87 248
199 336
247 262
222 279
291 366
44 49
176 312
79 130
269 391
47 166
116 387
148 345
18 396
304 393
265 307
271 324
49 59
28 52
250 254
303 322
150 336
311 358
95 131
310 350
8 303
277 359
195 324
16 260
226 347
130 328
271 301
134 362
227 395
111 334
159 394
129 285
91 304
120 263
247 259
322 391
86 148
4 325
57 207
227 347
32 293
44 264
137 366
340 392
79 179
33 323
328 378
35 351
12 247
15 156
115 231
56 164
119 388
186 254
179 390
3 339
121 302
104 245
61 365
209 389
339 361
5 190
335 357
3 171
78 340
77 86
241 252
71 328
6 346
235 294
225 351
131 142
157 196
95 360
147 264
141 362
155 168
335 363
146 350
55 183
153 343
224 373
66 380
343 371
127 378
203 243
48 264
0 117
101 212
112 218
42 81
185 366
330 383
85 237
12 146
118 160
6 228
221 249
37 256
2 48
0 331
22 338
75 113
139 195
286 301
265 300
109 321
148 326
28 384
27 294
328 369
2 110
40 300
37 104
69 343
227 364
161 290
182 255
245 390
182 283
241 391
99 215
256 270
101 290
44 345
185 291
30 294
39 344
25 173
89 176
80 380
245 329
309 390
299 384
295 324
116 363
71 273
233 310
220 334
9 280
25 365
55 169
57 157
280 287
78 392
78 353
107 311
93 215
103 258
75 136
64 167
43 52
147 326
270 294
30 199
18 273
95 206
361 374
319 360
206 290
34 311
13 118
323 341
140 228
29 58
5 11
45 127
279 327
75 255
53 60
34 381
179 396
176 361
307 324
23 24
183 277
195 307
53 120
51 76
41 381
262 327
28 43
182 381
190 335
342 375
328 390
125 257
241 322
8 341
32 271
40 139
127 130
82 145
193 230
284 353
355 391
160 310
234 389
130 175
166 181
137 203
132 217
197 204
58 249
80 213
120 302
13 214
46 111
110 251
129 323
53 308
140 346
218 223
181 194
79 245
61 389
171 307
183 306
64 344
224 280
125 187
17 232
145 239
153 181
190 311
68 316
54 383
2 147
151 364
253 383
118 350
112 282
28 85
81 365
290 321
94 121
26 253
70 191
107 190
43 99
87 259
232 338
317 342
250 337
108 243
127 390
80 197
193 374
114 154
24 232
224 287
87 279
0 223
69 375
246 314
89 339
11 103
326 385
64 197
97 260
56 152
353 392
40 238
39 64
44 94
126 379
331 362
11 119
260 395
63 239
89 301
56 108
18 397
288 312
132 218
10 174
147 155
298 363
143 221
87 90
42 276
272 360
177 183
56 346
281 353
154 204
246 264
217 219
153 194
14 20
58 372
114 204
104 393
105 247
89 144
231 333
347 395
32 135
214 310
26 383
25 389
9 83
68 200
8 322
36 208
300 355
17 342
170 269
243 266
208 266
117 379
68 165
157 277
256 294
84 134
100 361
278 318
160 233
219 282
344 364
74 198
371 386
143 257
49 365
53 205
188 218
23 232
91 284
71 289
126 330
101 206
99 368
224 313
11 313
151 227
96 371
48 155
96 113
240 305
55 327
312 339
87 128
184 372
164 213
242 390
26 219
113 136
161 236
163 295
52 162
139 300
56 203
27 162
292 350
15 299
35 158
209 276
264 314
190 358
105 259
36 137
44 382
109 206
15 242
238 322
61 81
33 40
226 395
78 284
38 81
125 260
335 388
40 355
172 285
376 384
80 102
21 53
32 171
110 302
179 245
180 309
132 383
94 385
140 172
29 302
22 23
211 386
362 371
365 389
157 319
24 220
180 378
100 171
336 351
256 281
138 370
68 92
65 329
341 387
305 346
107 358
3 288
238 240
120 121
28 156
17 23
67 85
151 344
17 375
290 356
17 334
92 316
343 386
91 281
281 340
221 372
61 367
102 203
216 266
25 61
289 390
186 261
7 98
247 248
86 314
24 317
153 325
28 99
36 366
45 319
84 379
0 70
51 101
200 316
62 249
168 264
101 244
338 342
31 61
16 47
39 236
320 389
103 313
217 218
130 390
218 282
255 283
31 38
125 227
67 329
147 168
122 224
230 356
17 317
116 129
254 337
254 294
45 71
111 338
190 229
177 327
289 349
37 393
274 391
34 182
297 358
206 360
232 317
123 233
205 263
50 329
19 398
180 273
125 221
75 343
258 373
97 194
81 149
187 260
26 54
170 252
257 372
30 72
48 148
85 299
354 356
118 384
172 189
199 368
12 292
240 296
21 94
4 75
72 336
347 364
154 197
236 321
17 200
146 310
162 376
43 376
171 271
35 81
118 299
272 319
45 130
17 68
300 391
263 270
173 365
223 282
203 266
71 378
147 253
217 383
94 155
227 260
152 216
70 379
229 287
60 308
98 166
241 296
47 181
25 31
206 356
382 389
211 232
155 302
246 326
99 376
58 184
41 291
57 169
60 263
176 339
8 274
238 391
240 322
36 398
119 190
21 234
36 266
119 159
172 322
75 153
62 96
206 318
120 251
187 257
37 250
297 381
178 380
6 203
214 233
115 199
71 309
47 97
252 296
238 274
168 385
92 348
159 335
62 184
79 349
360 369
6 102
3 176
137 152
149 333
114 380
106 271
91 340
26 331
143 260
3 301
125 184
116 228
144 176
154 321
365 399
243 346
119 358
155 251
207 328
141 219
301 339
109 290
7 181
93 123
49 61
117 383
102 380
119 394
77 264
108 228
292 310
101 192
117 219
126 331
69 386
211 223
128 259
71 369
20 221
86 246
167 197
285 387
118 214
62 181
43 299
173 399
173 209
92 165
210 275
124 255
175 378
330 379
314 345
232 375
230 354
231 336
83 224
3 89
120 308
63 90
127 369
0 84
85 156
114 344
195 295
122 280
319 369
332 370
29 257
183 327
76 354
357 358
91 392
21 155
91 393
209 382
241 346
72 368
1 163
275 332
178 269
197 236
158 399
86 345
94 147
6 108
37 254
129 189
156 160
140 298
3 307
117 217
256 304
10 69
97 395
164 203
51 356
264 385
143 395
156 299
111 267
131 359
106 293
104 254
15 196
38 352
172 387
34 366
60 377
238 300
191 331
176 193
27 72
9 68
235 256
32 324
100 307
29 121
56 243
23 375
102 152
64 109
44 385
31 275
115 368
59 320
32 106
169 277
142 212
81 352
10 343
52 93
176 301
42 138
121 251
42 352
5 287
117 331
48 251
31 382
113 153
112 191
244 318
51 161
274 323
274 341
193 286
137 216
38 158
216 243
48 168
52 115
226 227
92 334
89 202
164 216
272 369
263 367
180 289
291 398
52 368
238 323
180 393
107 297
92 200
140 363
165 258
236 364
15 67
113 371
50 65
6 266
30 235
45 272
32 295
82 128
303 341
115 315
304 337
93 99
15 237
77 188
42 399
52 315
30 150
261 340
23 342
125 347
51 142
70 219
34 208
138 352
249 377
132 282
271 307
57 319
148 314
149 399
48 147
143 377
202 288
20 134
146 292
89 307
13 160
89 288
1 324
111 348
202 361
47 125
83 122
165 316
234 382
6 152
123 384
375 386
2 54
329 396
79 396
50 162
106 324
34 255
133 275
146 259
143 187
32 307
6 252
14 184
170 241
60 205
45 369
393 396
104 396
14 96
101 356
205 256
262 279
10 136
150 333
57 360
170 238
56 266
81 399
329 390
374 391
144 312
173 389
388 394
161 206
17 174
296 305
78 226
1 293
70 362
18 378
178 252
9 373
119 229
191 362
22 317
47 227
103 224
325 381
14 221
218 219
4 182
104 349
181 185
32 265
121 168
274 285
83 107
13 310
77 246
197 344
4 124
24 338
40 274
166 398
202 301
173 276
47 260
108 216
66 152
144 339
2 302
6 243
39 364
212 359
322 323
13 233
18 289
221 257
4 136
202 286
148 246
42 210
113 283
112 141
139 355
187 249
89 100
205 250
35 149
250 304
254 304
238 241
316 373
232 334
228 305
261 284
207 242
258 348
290 318
13 156
199 231
102 178
14 62
142 244
87 105
146 279
275 320
34 291
189 296
10 375
15 85
54 330
122 287
284 377
95 142
50 245
229 280
23 200
255 381
141 223
82 198
250 270
64 151
81 158
127 328
231 268
125 143
208 311
16 143
52 376
10 113
186 256
41 75
107 182
91 250
72 270
71 127
63 198
90 248
49 389
291 325
109 204
174 342
109 175
31 365
191 379
61 234
107 381
229 394
63 262
289 378
357 363
35 38
56 252
64 321
3 271
76 230
67 237
46 267
1 295
219 331
4 381
158 173
118 233
35 367
94 168
142 278
23 317
13 350
116 298
159 190
180 397
269 380
207 237
101 318
79 180
91 337
99 115
74 128
201 217
200 375
103 280
138 275
198 248
70 331
141 379
134 331
62 221
75 283
27 150
102 269
287 394
268 315
70 141
231 368
30 351
90 259
132 201
263 308
80 114
311 381
159 287
320 332
49 332
188 314
66 80
170 305
2 253
67 299
315 368
24 334
106 163
160 214
34 325
308 377
33 300
135 271
150 231
128 279
15 207
19 194
97 347
195 293
257 377
25 44
115 376
152 164
39 175
25 234
16 395
97 125
23 334
124 174
39 109
145 327
7 194
301 312
41 124
87 239
64 364
109 236
9 165
127 272
45 378
149 225
320 382
112 223
59 370
177 360
129 172
150 351
182 297
238 355
220 316
37 281
18 79
203 216
48 110
235 351
322 387
30 270
53 234
287 358
278 354
121 147
184 257
65 179
19 98
35 333
186 393
55 277
158 352
184 249
129 387
12 279
94 251
189 391
242 328
284 340
13 384
104 304
12 262
169 272
245 393
131 244
193 361
184 221
277 327
202 339
11 224
268 368
181 398
154 230
128 247
182 325
48 54
111 220
91 104
56 216
74 105
285 303
236 344
82 87
54 264
31 209
251 385
61 173
28 118
253 330
88 212
201 223
41 136
147 302
228 346
235 336
183 359
26 117
186 284
5 122
8 238
161 204
27 199
114 167
187 395
154 167
98 398
153 283
45 175
9 103
1 106
167 236
4 41
115 268
133 332
300 374
228 298
59 382
130 378
334 342
105 239
167 204
216 346
162 254
64 161
50 179
84 362
2 121
103 165
215 268
52 384
330 331
30 231
48 253
334 338
61 209
176 202
55 306
25 49
10 75
169 319
73 306
72 225
100 301
41 325
129 274
17 24
130 273
22 111
351 367
34 36
57 242
41 182
281 392
110 168
129 341
392 393
47 185
216 228
125 226
168 302
158 209
27 30
56 102
8 189
315 336
16 187
217 379
252 305
157 327
108 152
142 192
358 394
72 231
57 196
177 272
104 180
235 304
106 135
149 158
283 325
171 324
55 262
36 291
65 85
349 396
159 229
87 198
144 301
309 378
38 173
390 396
20 96
215 315
229 313
63 327
157 262
92 373
146 222
70 134
29 372
83 297
104 186
325 398
177 319
55 157
25 209
105 248
59 389
40 323
3 312
5 119
225 367
164 178
1 32
234 367
336 368
7 185
132 188
174 375
138 210
163 195
283 398
146 247
132 219
92 258
96 343
4 113
148 264
147 385
208 243
14 181
113 343
27 235
108 203
149 365
34 107
160 222
99 150
105 279
50 254
154 354
2 168
74 248
22 334
265 271
103 122
165 373
231 315
1 195
60 120
110 147
16 125
320 370
148 385
63 247
186 304
154 356
175 273
8 40
79 393
75 325
54 126
122 159
239 306
219 383
189 274
228 252
171 288
178 213
189 323
239 327
11 122
28 299
11 83
26 191
245 349
24 375
89 171
121 155
37 294
99 199
79 289
44 389
107 119
63 259
10 124
285 341
31 81
16 226
179 328
273 289
63 87
81 209
27 336
102 164
136 182
246 345
156 214
200 334
172 323
114 213
76 154
60 281
0 362
309 349
269 296
357 394
359 360
103 373
315 376
170 240
15 160
15 329
44 59
340 353
215 368
38 399
90 146
344 347
157 169
20 249
7 166
174 386
68 373
301 307
73 82
46 258
5 394
47 347
22 267
9 92
265 324
186 337
186 340
240 252
190 287
170 391
200 342
77 314
190 388
53 251
69 371
195 300
294 304
19 291
239 262
27 368
48 326
226 260
5 159
286 312
66 213
267 338
30 225
30 336
92 267
17 22
276 352
215 376
28 123
180 349
170 355
10 386
88 142
57 277
46 348
118 156
24 92
153 398
51 95
276 332
59 345
101 142
340 377
31 49
357 388
21 263
188 217
286 354
203 252
267 317
4 34
166 194
48 302
245 396
365 382
3 202
204 356
318 356
76 356
16 347
298 346
45 328
37 337
43 384
186 281
238 296
115 336
220 267
152 178
53 155
358 388
187 221
160 299
190 357
279 310
177 196
258 316
49 370
101 161
352 399
241 305
21 121
43 93
52 215
303 387
204 354
274 355
44 148
150 368
22 232
23 211
259 262
176 288
331 379
39 167
51 318
175 309
79 104
274 303
40 391
67 162
102 252
3 100
136 174
51 278
110 120
169 196
98 291
233 384
267 334
353 377
49 382
81 276
202 312
117 191
204 236
171 301
171 265
303 323
261 353
189 322
55 239
72 351
241 269
219 379
251 302
84 219
237 390
193 339
161 321
317 334
182 311
41 398
52 99
8 323
20 184
48 246
74 87
335 394
24 200
115 150
41 283
82 248
235 250
25 382
208 366
246 385
274 322
167 290
141 331
194 260
131 318
117 141
16 227
289 309
119 297
186 353
250 294
90 247
150 199
95 359
167 321
222 310
335 358
152 203
127 242
147 251
214 299
163 293
186 392
38 149
114 197
222 350
33 139
247 279
64 204
135 324
133 276
158 365
109 167
153 166
152 252
81 173
19 47
23 338
165 224
67 179
273 309
204 321
104 392
245 337
88 131
143 184
297 311
2 330
100 265
45 309
31 332
210 332
125 395
364 397
249 257
283 343
21 120
128 248
34 266
83 280
14 249
0 219
140 387
12 310
127 207
38 42
214 222
160 350
309 328
72 199
19 181
133 138
48 121
255 325
19 166
106 295
170 296
252 346
93 384
355 374
228 241
105 198
72 235
220 348
113 124
45 289
116 172
9 122
6 216
189 387
37 91
276 365
124 325
12 222
112 211
122 229
157 177
284 393
47 226
264 345
73 145
75 398
42 133
50 67
101 278
4 255
273 396
130 309
7 47
326 345
255 398
212 244
49 320
189 303
53 94
116 140
39 197
184 260
124 343
124 283
281 308
266 311
110 155
169 183
18 180
96 166
26 217
267 348
54 314
155 385
129 303
205 308
108 252
55 279
222 262
31 389
173 382
252 269
128 239
190 394
379 383
233 350
92 220
186 250
119 335
104 337
283 381
75 124
174 200
124 136
10 371
16 97
49 345
189 238
199 235
280 373
126 253
230 278
2 155
144 202
97 185
66 137
63 128
285 323
65 67
24 342
106 195
239 279
83 287
60
65
58
65
148
90
67
59
59
94
51
57
114
60
43
152
72
41
132
100
143
59
70
54
115
134
69
101
71
144
42
125
30
154
124
28
113
55
77
107
104
122
108
164
99
112
58
166
165
53
127
17
102
76
33
141
147
92
39
101
74
143
65
55
96
158
157
80
81
85
79
92
169
122
185
166
144
84
81
60
128
58
191
56
195
69
144
37
136
186
91
102
240
113
33
76
119
198
121
197
79
125
98
40
22
86
98
84
20
17
85
76
109
105
156
151
89
124
112
109
132
34
108
132
91
72
213
90
103
135
132
115
22
40
90
73
151
51
59
108
103
200
95
31
90
233
156
138
90
76
110
131
135
48
51
83
81
105
38
76
24
104
72
128
11
83
202
164
94
158
90
96
128
245
17
179
197
74
21
128
75
150
80
17
114
72
102
116
178
129
86
153
42
41
76
66
40
108
100
115
44
152
98
71
138
87
94
215
65
110
74
164
69
79
69
82
104
159
250
93
176
179
40
107
80
94
142
151
129
57
93
69
22
100
102
36
150
78
116
76
74
10
84
21
39
131
39
43
125
126
13
122
106
187
80
103
152
137
140
138
98
89
141
147
204
139
124
78
146
68
68
108
143
58
93
100
75
106
82
99
39
44
124
143
63
127
145
12
43
209
68
50
154
74
47
69
89
111
168
147
60
43
98
101
76
136
92
106
37
149
126
57
107
114
64
106
82
128
125
78
152
229
109
22
102
63
107
95
69
118
58
75
122
65
59
81
126
83
145
39
165
57
47
128
32
212
143
48
120
114
109
75
194
86
80
65
87
68
67
72
63
151
129
31
34
136
111
162
156
80
66
54
54
106
148
21
124
29
19
113
130
37
98
149
47
111
69
106
94
180
51
71
140
53
193
120
96
164
101
91
107
38
87
33
56
126
108
49
70
64
97
142
81
124
53
129
80
67
153
216
91
130
54
26
129
181
74
140
142
144
57
101
67
55
52
119
99
122
161
63
86
108
45
219
36
69
62
67
66
50
125
82
73
74
100
105
110
83
44
56
76
58
206
48
44
77
144
79
117
65
39
98
151
209
88
115
97
35
54
61
171
29
222
65
199
101
174
88
96
95
96
85
141
53
74
130
122
83
61
138
108
85
51
91
119
50
37
98
80
54
122
67
73
40
205
69
140
81
107
108
143
96
80
190
46
136
93
140
44
21
54
115
81
173
116
65
161
45
73
97
165
21
67
110
122
120
49
109
42
151
98
128
129
88
152
85
94
81
99
204
33
77
92
32
123
159
34
23
52
85
94
138
70
99
63
43
157
172
80
167
106
191
151
107
95
184
98
73
88
182
134
97
132
117
115
88
167
145
200
123
175
33
80
151
10
105
128
36
14
61
91
106
117
71
70
111
44
24
111
50
71
18
128
27
93
152
65
161
62
137
102
74
92
26
136
114
81
133
169
16
53
158
126
77
83
81
56
23
132
109
59
198
75
14
72
102
62
48
154
35
74
175
153
70
214
125
53
111
145
107
114
154
113
58
131
88
55
97
58
60
25
124
169
46
83
75
18
134
40
94
90
205
121
167
219
181
140
44
25
149
133
160
71
86
127
43
65
110
66
110
164
30
109
87
46
112
24
45
67
69
57
154
125
76
174
32
62
141
103
109
109
58
64
227
98
87
175
81
148
39
73
50
128
50
89
121
114
107
39
136
63
65
23
26
92
48
150
51
55
107
80
41
158
216
126
160
37
88
75
54
129
103
104
92
209
26
163
86
55
49
159
65
155
193
49
119
67
36
178
87
72
55
40
72
131
104
105
46
50
120
121
179
47
77
52
206
160
120
114
98
132
94
193
159
149
169
88
69
107
35
86
140
123
103
52
74
46
169
73
26
111
105
76
158
143
106
156
8
54
89
36
116
150
97
134
112
145
106
47
105
59
50
78
103
93
184
32
82
104
46
90
96
133
93
93
116
26
32
224
48
59
74
107
33
78
83
134
67
186
97
23
61
36
44
34
166
126
28
62
116
110
59
52
42
100
55
123
27
48
68
21
152
208
66
45
92
62
49
223
80
142
40
101
144
131
121
164
68
214
112
122
119
43
107
111
27
142
111
61
51
86
175
76
66
213
112
48
162
111
177
47
82
134
145
160
20
197
17
125
47
92
147
137
80
64
109
96
78
192
44
112
231
131
48
63
117
137
28
107
79
23
86
136
184
36
97
174
120
14
103
69
75
144
47
210
60
137
30
87
71
166
92
22
222
47
27
67
104
60
42
56
149
16
167
69
100
44
181
113
120
56
91
37
20
122
222
66
143
82
29
132
181
138
25
154
149
88
94
95
82
151
86
131
52
70
55
165
63
58
137
60
82
131
118
175
74
87
34
49
51
77
113
83
101
185
89
184
51
51
133
145
18
43
90
112
34
126
66
194
50
156
84
89
148
154
117
19
85
103
94
85
62
105
25
153
45
185
158
99
42
15
27
103
110
140
208
114
104
54
21
129
190
127
144
221
134
50
42
56
86
107
35
185
59
183
95
71
61
86
115
97
201
61
128
63
127
68
50
106
176
141
26
111
77
106
140
78
82
93
115
79
83
65
136
123
48
104
160
135
50
74
151
211
145
190
60
134
81
62
179
103
109
104
52
213
163
53
69
185
49
44
71
26
150
123
125
106
109
101
114
183
63
47
94
79
155
81
87
62
104
146
112
65
96
59
36
85
37
28
122
90
179
141
78
85
97
99
66
37
180
112
123
95
166
80
148
68
65
39
182
76
92
109
65
10
139
116
155
166
61
46
121
30
107
139
82
141
114
44
97
78
172
93
64
80
114
141
120
137
79
194
40
17
187
57
58
87
27
129
93
113
148
92
118
75
166
120
50
87
142
85
220
53
56
91
109
92
128
46
45
133
78
109
147
146
155
73
137
63
150
71
176
109
49
104
70
24
24
70
113
156
49
40
59
81
60
98
180
103
105
100
53
52
50
89
77
33
115
82
69
129
58
132
75
176
65
75
34
132
68
72
167
83
134
69
98
137
66
34
83
39
54
122
97
118
29
85
104
45
56
189
95
84
141
44
215
163
50
76
112
160
137
216
73
129
75
125
197
148
149
174
105
133
75
30
145
148
39
101
154
132
102
148
85
35
51
72
147
93
161
165
98
33
159
176
123
130
37
105
139
32
40
79
40
154
171
20
212
60
76
139
106
106
56
21
73
35
83
205
176
63
119
87
99
9
75
79
98
41
128
115
91
27
135
57
157
91
124
72
159
83
75
197
116
112
114
63
155
138
70
87
126
85
81
55
63
92
37
136
53
77
114
125
122
180
30
57
172
70
52
81
170
68
57
32
81
180
78
118
148
103
40
24
22
156
131
230
92
67
172
123
39
66
68
61
104
158
198
151
52
89
75
89
77
141
182
88
90
118
127
59
99
138
81
91
81
160
136
141
135
61
94
121
65
163
40
39
88
111
159
51
66
94
38
44
71
26
83
95
146
49
50
97
238
80
213
160
33
56
35
144
135
127
51
145
198
99
161
86
41
50
112
135
89
11
102
74
70
103
109
87
165
102
58
118
12
137
119
112
85
84
49
122
129
75
182
152
117
103
110
68
64
117
53
58
115
92
68
27
103
102
76
100
118
138
151
141
89
143
71
114
189
120
26
177
83
162
63
126
19
86
110
125
142
113
107
25
72
118
99
84
107
15
79
45
136
25
116
28
97
122
115
58
72
143
90
101
108
68
207
162
54
67
139
98
189
51
70
70
185
79
128
24
196
52
182
93
72
49
183
155
63
173
210
201
48
66
150
136
97
51
137
96
72
56
143
53
42
71
45
147
77
195
154
176
88
53
11
122
105
71
192
41
162
135
133
93
124
10
117
80
158
178
50
76
59
47
166
112
103
143
86
131
55
153
59
181
135
156
154
100
47
54
164
101
136
81
16
60
172
87
44
50
132
66
192
35
87
133
91
107
88
181
119
142
91
100
158
96
21
162
66
112
70
156
139
71
117
170
122
145
154
28
114
56
89
74
146
167
74
120
82
83
116
89
70
60
187
150
145
123
110
50
21
173
184
146
89
125
33
184
67
161
38
153
92
92
116
65
113
138
152
84
65
58
120
151
96
49
64
117
160
122
12
185
99
40
246
44
87
197
27
40
20
146
57
46
45
40
74
23
88
105
105
161
51
137
12
113
119
102
111
120
97
185
62
81
146
142
42
38
37
135
48
212
161
49
66
162
132
190
115
167
81
50
137
155
237
160
184
119
136
73
73
116
79
115
92
87
86
183
109
105
78
132
94
84
18
77
25
132
34
70
92
34
139
149
50
90
161
89
133
100
195
54
81
77
51
155
89
193
81
33
105
125
63
19
164
100
53
86
51
64
27
100
138
111
152
64
112
155
29
156
92
81
106
123
143
14
101
39
122
153
232
149
156
27
71
188
92
68
65
87
93
135
30
81
113
118
158
151
72
198
52
145
10
124
92
101
70
105
168
75
213
60
21
125
132
73
103
45
41
178
121
91
