128 112
222 780
754 468
246 370
522 68
101 770
646 449
311 185
101 666
48 131
563 328
252 719
535 329
394 306
676 104
115 788
195 584
500 557
96 587
98 230
199 336
412 594
260 242
111 768
602 244
71 317
670 158
233 466
171 107
695 161
189 291
695 230
642 108
168 155
196 698
67 592
692 314
526 323
695 528
206 450
450 213
244 645
7 424
16 530
744 230
314 582
554 123
461 697
197 350
563 490
7 762
158 576
493 656
392 172
155 238
286 509
88 481
501 768
119 495
168 691
275 536
702 178
690 252
145 625
368 583
756 632
425 258
706 697
98 793
468 565
656 530
793 609
493 111
175 415
728 307
227 173
283 429
439 490
457 409
208 667
549 668
373 457
237 722
69 384
749 41
561 180
417 706
568 674
451 572
558 271
393 505
25 151
17 657
27 355
562 341
545 720
149 154
479 185
120 390
433 230
725 326
743 485
538 754
531 687
169 9
616 87
124 524
74 468
112 517
757 554
724 459
360 111
415 137
230 316
433 545
543 329
90 74
126 317
449 750
641 578
501 99
695 141
155 769
700 222
608 563
587 600
778 420
758 318
717 242
315 405
690 396
28 278
799 272
538 191
255 142
541 696
355 782
676 351
583 649
29 228
279 135
371 768
757 423
109 57
47 193
555 319
231 217
449 703
126 375
654 700
488 77
153 707
321 473
313 492
566 83
102 122
48 223
488 730
371 175
143 761
670 403
462 97
599 148
522 398
509 159
463 400
160 779
587 62
664 379
499 112
404 591
460 83
56 67
497 52
566 95
112 710
532 363
528 405
440 234
164 20
587 574
12 702
27 739
97 10
733 71
162 383
496 95
135 157
334 253
20 479
618 405
229 382
741 320
248 169
158 7
116 469
232 328
593 321
241 630
414 653
96 40
707 721
778 167
723 345
642 525
605 427
386 776
176 7
518 423
429 364
281 560
618 238
205 714
297 736
520 231
422 592
45 653
18 507
282 687
777 646
232 777
773 245
597 389
387 291
428 220
796 215
430 459
346 189
393 635
72 483
525 703
40 204
457 603
473 42
359 278
792 702
634 16
722 363
410 476
214 467
499 720
12 741
657 709
651 59
291 170
242 571
714 473
627 423
78 334
16 26
683 626
287 563
264 341
466 748
72 307
553 601
260 177
262 706
558 493
743 644
644 497
643 795
29 605
543 391
747 450
661 776
726 150
350 791
578 284
112 684
331 711
374 75
294 101
56 214
428 566
57 514
683 702
749 642
54 6
8 278
130 609
207 160
145 369
630 75
383 38
557 70
379 359
207 378
760 377
48 331
470 522
84 104
304 277
103 153
123 690
87 294
138 140
663 560
586 532
360 65
54 524
321 753
373 338
474 762
84 84
578 722
791 413
794 464
101 144
610 73
603 218
683 60
756 64
264 321
747 431
42 736
234 579
646 441
295 364
184 657
420 203
346 321
386 130
77 569
95 375
228 493
663 264
685 566
688 573
285 457
339 55
163 711
184 68
787 772
324 623
311 726
183 583
186 777
492 629
157 571
232 40
437 524
527 188
516 384
363 198
484 381
553 294
160 37
678 252
745 723
781 686
774 716
231 103
591 689
421 766
636 640
317 627
206 279
213 112
422 385
138 445
416 160
754 93
347 286
227 450
587 769
748 477
279 744
706 595
297 32
286 219
507 506
487 433
690 453
284 209
735 46
312 756
464 28
546 582
289 357
455 611
351 449
798 267
251 84
736 745
52 511
269 462
12 443
528 605
506 790
406 719
381 162
49 319
254 790
425 273
508 371
117 616
586 567
334 482
2 672
235 384
198 319
76 398
256 352
31 44
29 61
2 246
24 89
148 185
128 225
170 215
116 155
248 324
334 356
160 373
127 192
41 319
124 297
8 175
188 344
96 187
330 369
147 157
329 386
17 388
119 298
323 396
90 381
100 130
87 138
46 164
4 186
6 190
15 337
223 363
141 354
32 162
88 232
13 286
29 121
90 274
253 390
128 348
187 296
80 255
107 189
18 280
179 183
156 279
165 359
14 283
235 333
23 175
112 158
152 153
9 116
102 230
281 358
104 347
208 263
91 291
302 318
192 237
110 373
71 219
40 66
143 172
0 187
6 373
229 385
18 396
147 354
213 257
34 151
322 391
25 131
0 96
282 360
45 60
67 349
259 351
146 193
172 200
293 308
66 99
82 220
191 196
18 51
32 283
62 128
66 320
19 54
116 143
232 380
26 31
116 291
17 232
209 302
16 316
46 120
81 226
0 332
44 225
211 268
220 367
63 396
15 122
43 189
138 355
22 374
286 359
80 338
216 269
327 328
57 157
89 214
20 191
81 129
98 148
66 224
134 244
11 335
32 243
183 200
78 359
41 257
10 115
259 368
98 185
58 300
239 325
187 308
202 225
17 274
130 160
177 263
114 290
302 363
130 317
20 117
325 329
313 318
107 217
205 263
267 301
141 206
188 370
52 230
269 331
170 380
53 111
251 334
130 314
247 373
156 273
140 358
385 387
57 118
73 287
254 279
299 369
26 123
40 342
307 366
117 248
16 245
332 347
106 275
150 173
81 398
76 318
177 372
104 332
142 237
198 336
201 265
53 99
73 282
89 211
25 117
331 337
67 242
73 185
26 61
52 135
115 268
174 309
93 392
42 93
309 311
179 347
40 320
288 306
110 142
48 287
214 346
128 326
212 220
183 278
24 348
201 351
7 227
124 180
186 233
100 127
259 349
6 246
11 34
105 167
159 294
4 233
22 193
34 79
92 182
248 282
80 138
20 252
216 396
51 63
192 382
14 121
194 347
71 350
222 247
218 335
141 301
150 285
272 369
219 235
1 367
49 397
9 308
349 351
69 215
100 137
74 348
254 289
99 178
289 295
40 394
129 329
144 273
271 284
129 381
7 140
367 376
271 299
353 365
6 160
98 248
38 297
204 297
56 385
168 317
215 274
153 386
129 386
27 386
3 113
298 378
163 372
256 374
13 223
22 146
155 296
303 354
206 354
261 305
266 362
52 240
178 320
41 316
161 169
28 96
10 12
92 216
102 157
34 257
95 157
204 298
13 321
79 82
65 350
118 303
291 293
170 274
158 227
12 37
241 315
20 113
127 203
97 361
160 222
170 232
26 29
134 193
291 296
47 157
2 126
221 382
176 343
17 290
195 275
9 144
91 139
17 88
181 182
120 154
227 320
75 256
215 341
148 360
159 337
61 121
193 358
137 160
124 298
69 341
69 380
132 221
161 173
27 55
98 360
87 230
96 293
297 327
23 151
10 346
126 306
211 326
21 232
279 289
89 197
316 336
268 346
89 346
46 186
129 152
219 277
303 389
174 283
135 353
174 285
196 287
272 352
34 331
297 368
282 324
21 199
28 352
172 291
91 156
292 363
3 129
20 357
151 212
155 308
246 373
74 192
364 386
50 182
269 294
291 304
220 337
130 237
8 399
48 282
11 257
136 213
0 291
345 359
83 93
126 307
218 356
73 98
89 115
9 231
79 212
3 48
192 203
305 365
223 394
149 353
25 93
124 260
119 124
24 326
104 340
157 240
166 331
160 317
106 323
0 33
28 347
227 322
338 388
49 205
71 277
41 79
68 122
115 197
18 106
121 123
129 379
194 200
38 328
47 230
33 358
340 352
94 145
97 178
149 201
120 161
36 128
113 287
101 307
80 87
102 240
13 188
245 251
242 276
172 304
49 371
381 398
118 206
190 222
236 243
89 268
216 262
8 269
198 218
140 352
201 259
261 365
25 295
335 376
131 279
29 202
284 377
18 262
207 340
157 253
148 324
126 288
163 395
36 100
244 272
114 238
64 274
112 361
3 379
10 145
62 211
175 331
177 208
99 224
138 180
45 210
65 277
110 307
67 250
64 228
376 393
92 241
188 292
44 348
25 83
280 336
81 90
182 315
159 331
321 363
17 378
188 374
33 296
23 159
58 229
219 350
76 152
7 344
178 394
42 83
126 366
332 383
57 389
59 294
25 254
118 147
26 162
343 395
97 214
343 345
112 271
362 375
116 304
118 157
115 145
105 283
276 349
320 361
143 304
306 307
335 367
46 167
102 365
2 373
94 115
185 360
78 165
244 374
70 119
6 168
184 375
361 391
92 262
101 246
150 233
224 391
107 300
110 126
82 218
125 397
123 348
191 287
101 314
5 122
298 397
37 89
9 155
125 255
147 199
19 139
202 362
59 175
1 11
129 286
230 305
147 390
13 209
47 390
240 253
36 62
47 118
119 397
156 295
39 360
27 73
336 339
366 373
155 304
108 339
169 186
8 216
73 191
66 394
126 314
21 69
142 264
10 94
33 96
263 343
10 197
197 268
168 222
340 347
77 238
112 171
36 326
5 159
16 339
223 234
43 262
248 289
84 184
116 249
206 301
175 269
269 396
61 123
122 331
131 273
96 358
322 330
96 281
56 108
201 261
183 194
21 88
24 310
154 186
1 82
105 162
45 55
56 106
165 372
131 254
164 186
86 206
43 217
100 288
24 211
306 314
65 219
322 344
173 233
176 177
319 331
119 368
145 346
243 311
37 145
267 354
115 343
167 174
114 215
70 298
4 285
212 319
159 175
60 210
33 308
170 199
116 200
261 265
185 282
52 147
7 244
227 370
107 385
142 366
74 326
290 371
85 164
350 384
71 109
124 204
2 306
59 79
15 166
3 20
42 387
172 278
207 347
204 328
213 301
201 350
226 238
82 257
235 259
58 107
199 215
199 390
111 112
214 342
89 310
123 225
20 185
29 31
70 327
113 196
345 372
284 330
135 157
83 248
289 392
25 279
282 287
105 174
58 108
118 240
122 159
224 361
16 280
56 360
35 396
255 397
33 75
57 102
52 103
302 321
19 231
5 315
103 135
125 355
264 366
229 300
311 362
292 313
190 205
165 343
227 244
161 171
34 59
100 203
118 389
180 397
191 364
55 398
134 358
111 284
127 132
239 364
117 148
329 364
50 399
2 142
199 228
204 260
69 338
111 158
284 369
250 355
98 324
48 252
24 268
53 320
47 52
152 381
97 320
228 380
169 173
97 133
7 374
53 224
55 152
149 276
14 105
107 387
370 374
245 325
112 320
51 280
180 255
62 123
156 231
67 277
75 134
264 373
93 324
28 33
104 183
318 321
167 236
196 313
80 305
14 309
137 237
353 355
120 169
149 250
200 304
193 374
275 323
135 138
48 196
17 114
227 374
294 319
25 248
201 349
60 386
281 352
126 264
74 221
234 344
38 101
315 399
28 155
0 116
115 395
14 311
5 241
142 314
224 320
2 307
34 41
55 210
47 199
352 358
363 394
131 156
111 271
75 358
31 221
50 315
67 276
143 332
189 217
52 380
151 331
275 300
22 292
213 393
184 311
228 334
38 119
61 202
13 302
98 117
80 353
138 255
324 392
139 144
25 324
158 391
123 326
13 363
27 329
9 172
294 396
43 300
15 175
155 187
84 311
163 343
140 272
61 128
301 367
46 162
338 380
112 161
271 330
29 32
69 274
21 114
113 191
5 182
177 345
153 398
349 384
151 159
44 128
191 252
333 384
250 259
242 353
216 399
339 396
2 264
72 171
108 195
35 280
56 217
369 383
218 270
120 174
73 364
14 26
34 82
79 257
57 253
192 288
10 176
184 362
213 218
69 114
170 228
103 240
325 386
45 334
52 338
47 253
88 380
333 349
46 174
299 322
213 367
26 32
183 249
134 256
153 329
51 396
123 266
145 268
0 296
6 260
106 195
55 325
20 48
258 371
238 381
162 310
239 329
33 293
14 32
30 357
176 263
163 208
73 148
78 343
48 73
179 207
180 298
176 345
63 269
236 309
250 327
212 337
0 304
105 154
139 156
104 194
291 308
27 39
83 148
126 142
120 150
144 231
190 247
0 308
163 345
141 267
20 282
46 285
15 68
333 351
78 372
349 350
11 218
113 313
143 278
160 237
56 195
53 361
124 378
271 322
72 173
1 337
119 327
42 189
103 157
223 286
97 342
270 301
329 381
39 325
12 346
77 226
161 186
117 254
60 251
120 164
193 256
133 310
143 183
215 232
281 296
66 223
242 355
12 395
107 229
158 322
213 335
142 246
173 377
340 383
31 326
208 343
86 390
56 275
337 393
117 289
153 381
189 229
11 82
94 176
131 289
81 153
181 315
203 237
87 353
58 195
81 152
60 153
187 291
137 192
51 106
53 178
44 61
79 319
49 258
59 331
88 170
112 391
274 341
246 366
30 196
18 35
146 281
302 359
13 394
132 192
111 299
41 356
4 167
320 344
105 285
136 206
65 71
250 297
108 275
312 375
101 373
11 79
40 53
146 256
3 287
85 133
38 70
217 275
59 269
16 198
185 324
21 380
314 373
145 176
181 262
41 198
236 311
12 115
46 169
177 343
117 282
50 181
155 293
259 277
38 327
36 74
117 295
102 305
79 198
62 348
113 357
242 261
169 342
167 309
255 388
59 212
272 330
251 356
40 224
55 245
208 345
48 357
43 229
160 168
120 171
18 63
183 207
256 370
20 287
8 181
86 118
40 361
107 195
171 377
69 88
4 72
54 187
171 186
95 103
7 370
152 329
40 97
69 371
113 252
77 81
62 326
19 273
77 341
6 247
344 391
74 237
30 117
44 62
313 379
23 122
2 110
24 346
79 331
115 346
52 80
225 382
44 132
58 106
154 162
134 140
193 281
141 390
244 370
100 192
137 168
175 315
274 290
189 387
38 366
234 394
160 247
27 325
80 388
300 385
219 259
46 154
88 274
164 169
17 255
46 133
87 305
20 30
36 137
36 348
119 328
38 368
386 398
218 334
236 283
31 123
53 158
109 366
65 250
103 230
96 296
130 373
30 48
2 101
226 341
188 363
154 174
205 222
159 166
32 311
11 212
226 359
16 63
77 372
21 228
200 347
136 335
248 254
79 151
31 62
3 318
103 353
4 120
157 230
272 299
340 369
160 190
181 399
103 138
127 237
72 161
151 294
67 201
265 384
294 331
38 204
48 191
86 147
78 226
10 37
263 395
69 290
252 287
22 370
58 360
273 293
292 321
91 144
184 266
188 227
6 130
208 395
86 354
157 389
158 224
9 304
144 156
167 283
193 352
36 127
22 256
201 242
180 204
165 177
322 361
59 159
254 295
19 144
55 60
220 393
111 391
352 383
217 387
260 298
61 266
88 338
39 364
14 375
173 186
6 205
332 340
211 310
354 390
234 302
130 190
122 175
130 247
154 167
57 240
115 176
48 185
122 337
13 234
84 312
59 63
196 379
290 341
103 305
3 313
149 242
5 15
150 154
171 173
75 244
141 376
44 221
63 319
107 275
222 263
77 114
242 305
121 184
10 263
47 86
141 270
146 370
227 391
162 174
46 72
95 365
76 364
54 146
311 375
117 185
118 390
54 357
60 152
83 324
209 286
320 394
15 159
48 113
51 108
288 314
21 170
80 103
200 249
268 310
280 396
167 285
217 385
136 141
165 345
107 360
254 324
234 321
204 327
151 269
124 255
358 383
285 309
146 244
223 302
171 271
311 312
75 374
120 186
11 220
56 300
210 356
244 256
327 368
127 288
241 399
9 91
105 236
124 125
158 344
51 336
44 382
243 309
9 293
14 84
39 329
75 140
3 76
325 364
105 243
5 151
28 383
131 231
47 147
108 229
72 164
143 155
222 317
116 172
146 374
134 352
27 364
328 368
13 66
38 109
97 164
119 180
127 382
264 314
72 150
99 320
133 214
196 252
92 181
256 281
67 384
252 313
295 392
250 276
167 243
218 257
136 301
258 397
90 114
124 327
317 373
296 308
100 237
57 303
82 367
272 383
305 353
94 263
165 209
85 310
307 314
110 314
101 109
111 322
180 378
323 385
5 50
44 202
10 89
101 366
253 354
135 230
45 251
80 230
28 187
7 193
70 368
123 221
23 166
233 377
10 268
3 252
34 212
180 388
48 148
388 397
46 342
245 336
142 306
68 166
218 367
136 376
55 251
64 334
140 193
150 171
42 107
90 238
211 348
98 282
143 200
57 230
257 376
14 312
85 162
80 135
33 281
47 240
8 280
116 278
71 259
217 229
102 135
18 323
146 357
76 381
37 395
121 362
207 332
8 294
45 64
144 293
77 290
243 283
153 210
8 396
149 265
200 291
333 350
180 297
108 385
22 357
176 395
83 289
203 288
210 316
12 94
109 327
158 361
125 138
259 350
90 153
206 390
235 351
69 170
138 353
32 105
110 366
234 292
201 384
17 371
205 247
314 366
168 237
321 379
253 389
141 335
6 317
219 349
188 234
31 348
95 353
190 317
283 311
240 303
270 367
197 222
32 309
280 319
123 128
53 391
39 239
92 399
27 239
20 196
227 344
53 344
127 221
5 23
119 250
286 321
15 23
151 319
171 233
94 197
76 153
130 288
53 322
195 229
76 129
196 318
52 388
82 212
164 214
74 100
147 303
99 223
289 324
292 374
120 285
164 342
312 362
38 260
250 368
95 230
234 363
150 169
93 289
332 352
161 233
73 239
85 214
179 200
78 163
72 120
66 234
63 280
150 186
70 328
263 345
154 283
147 240
157 303
235 277
43 323
277 368
230 240
246 264
124 397
112 322
88 215
114 341
198 245
116 183
304 308
182 216
5 68
142 307
4 154
78 209
253 303
155 291
168 190
250 277
114 274
131 295
299 330
286 302
213 376
351 384
145 197
27 76
111 330
147 253
226 372
151 175
0 293
58 385
217 300
210 334
136 354
246 314
51 316
3 191
19 156
160 205
194 207
84 375
111 272
21 215
96 155
184 243
75 281
136 267
86 253
143 347
260 317
91 273
198 316
152 398
70 124
60 245
40 178
5 166
23 68
88 290
188 321
37 346
129 318
97 99
35 216
101 110
318 379
11 367
67 259
11 393
168 203
232 338
210 245
65 259
94 222
134 272
19 293
101 264
21 274
181 216
91 308
125 298
137 203
11 376
209 395
248 392
12 145
94 346
20 313
41 218
87 103
28 281
78 208
274 380
90 341
257 270
102 389
251 316
166 337
118 253
2 314
179 340
158 320
184 312
64 114
75 193
21 64
64 356
75 146
106 229
64 170
31 61
35 300
102 303
119 355
121 266
133 164
179 332
43 275
5 175
74 137
63 336
34 319
130 203
29 266
187 293
202 266
135 305
270 335
264 307
19 295
229 387
95 102
271 272
26 121
7 158
85 342
39 191
213 267
37 94
270 390
273 279
7 256
150 161
301 335
37 115
161 377
143 291
8 63
88 341
110 246
11 213
197 346
16 51
73 360
191 318
36 168
44 123
150 377
14 184
89 145
84 362
132 225
30 113
69 232
0 143
28 296
149 355
131 248
46 105
119 125
209 345
105 309
46 85
223 321
165 395
0 155
45 245
200 278
204 397
18 339
39 386
8 59
191 313
343 372
237 288
77 90
185 287
163 263
195 360
2 366
99 394
297 328
283 309
114 170
1 220
202 221
82 393
31 211
350 351
188 223
43 385
56 229
254 392
239 386
248 295
128 221
122 151
67 219
163 176
152 386
109 328
310 326
292 370
378 388
277 350
45 356
105 311
28 332
1 166
109 368
90 226
224 394
319 336
28 358
16 336
265 276
35 323
40 99
24 85
154 285
36 237
177 395
148 248
36 203
87 255
97 224
189 300
148 282
257 301
55 153
67 350
8 151
57 95
17 69
338 378
238 341
133 342
260 297
187 281
242 265
95 135
189 275
93 254
12 197
280 339
81 238
134 281
196 357
119 297
110 264
53 227
301 376
229 275
279 392
340 358
25 392
50 241
4 173
262 323
35 262
59 319
66 178
215 228
32 121
95 305
139 231
165 226
266 312
99 361
224 344
252 379
182 399
172 249
83 392
258 298
143 194
235 349
108 300
140 256
235 350
215 380
329 398
53 112
0 28
210 251
135 240
108 323
262 399
213 270
39 73
219 351
245 316
212 331
212 257
14 29
55 329
38 246
125 378
163 177
169 171
332 358
226 290
41 245
104 207
61 62
93 248
87 135
76 386
32 167
114 232
131 392
12 343
194 332
326 348
70 297
267 376
60 325
52 232
209 359
70 204
247 317
153 251
90 398
4 169
3 196
276 384
74 128
70 260
1 393
286 363
4 46
56 189
179 194
34 294
122 166
143 179
183 347
117 324
14 61
172 183
37 176
252 318
47 303
185 191
232 274
64 215
65 109
76 379
173 285
140 383
67 351
56 58
25 289
181 241
125 180
250 328
178 224
116 308
26 266
139 279
205 317
193 370
243 375
277 349
284 299
201 276
59 151
132 382
91 231
74 127
293 296
95 240
280 323
240 389
139 273
275 385
191 379
205 258
49 298
96 308
106 108
7 134
40 214
255 338
74 203
33 187
9 291
102 103
270 376
231 273
56 107
30 54
118 354
345 395
182 241
260 373
265 365
72 186
23 315
104 179
92 315
36 192
12 176
320 391
300 323
115 263
344 361
257 335
165 208
175 294
67 149
1 212
206 267
119 204
51 339
257 367
154 309
14 243
94 268
4 174
134 383
83 98
63 339
341 371
168 247
249 278
29 123
65 368
86 199
149 261
163 165
82 213
120 173
1 122
35 92
130 168
71 368
55 386
106 339
60 316
87 95
7 391
255 378
80 95
14 266
277 351
31 128
264 306
125 388
193 244
58 275
208 372
131 139
78 345
63 294
81 381
62 74
130 137
199 380
140 244
76 191
88 114
134 374
49 208
77 371
189 385
367 393
221 225
76 329
68 159
4 150
72 169
142 288
378 397
100
132
154
195
94
52
85
98
78
185
49
51
107
23
128
20
114
160
132
99
35
103
71
26
91
202
138
122
137
54
128
55
117
119
73
54
83
66
139
38
102
139
51
41
181
139
47
186
122
76
62
78
117
136
55
119
66
67
43
87
162
190
131
87
95
56
157
131
65
55
53
73
126
119
35
71
55
190
172
116
101
93
125
26
46
71
66
106
60
78
84
144
26
15
105
41
159
81
109
64
123
116
112
85
128
82
120
99
156
50
137
75
117
21
68
62
124
196
46
78
65
149
141
54
42
141
59
94
127
114
88
104
105
203
36
29
62
144
167
179
72
136
76
82
141
17
101
146
82
91
84
74
79
132
30
202
149
122
106
143
134
161
221
96
54
56
42
162
53
138
112
125
91
144
182
195
155
115
118
129
109
80
105
72
112
118
97
48
134
220
38
80
67
85
43
109
126
189
92
186
84
69
30
161
83
136
122
128
108
117
115
127
90
144
91
60
123
178
84
202
51
34
181
97
55
136
197
163
120
128
148
115
67
97
72
109
69
22
120
168
115
39
40
97
101
98
33
177
79
193
54
108
105
177
49
61
94
87
83
108
61
73
24
84
78
62
99
230
124
109
101
128
48
85
61
39
120
93
144
118
66
138
102
28
137
81
55
30
33
49
98
150
214
70
39
31
123
57
121
55
60
76
208
165
116
62
83
149
127
81
192
202
116
54
114
120
100
117
74
104
170
170
69
119
93
32
177
37
45
139
96
170
76
101
58
24
131
171
59
85
162
101
70
59
148
74
128
141
75
111
103
128
106
230
121
116
56
87
51
60
38
34
36
83
132
237
134
33
144
75
144
78
114
76
86
136
75
64
124
41
60
82
138
97
130
41
65
207
32
129
108
160
106
192
207
119
145
74
61
147
145
152
194
79
87
83
127
65
170
27
185
81
116
151
130
116
22
99
85
69
51
59
92
105
199
54
72
38
58
50
89
76
196
177
32
85
42
90
235
69
88
70
60
96
49
63
163
131
128
26
79
30
119
51
53
19
132
52
16
201
75
116
67
214
83
185
105
173
117
16
76
100
109
164
67
98
89
99
123
88
86
156
125
184
56
135
18
129
190
34
114
67
177
142
13
100
32
25
118
114
105
62
50
153
78
181
31
115
15
61
87
133
40
58
135
64
96
119
113
87
98
62
77
46
102
86
48
119
144
85
166
140
233
166
194
155
106
69
82
117
63
171
101
73
150
75
92
84
72
75
70
32
165
72
39
33
186
85
14
44
28
46
49
167
158
35
115
111
60
113
69
228
71
65
158
120
39
148
56
145
125
123
224
166
69
137
178
62
44
209
166
128
136
131
89
134
166
159
67
180
51
137
32
104
26
113
68
199
35
74
68
212
101
42
68
155
81
103
150
44
92
136
96
28
56
110
56
132
123
89
187
95
162
196
130
73
156
138
115
142
57
174
93
79
76
197
44
54
208
117
102
188
93
48
92
212
149
183
87
24
104
116
131
91
26
173
179
101
61
141
35
151
162
154
97
71
125
80
100
85
98
192
27
183
72
110
227
135
71
159
101
37
75
34
192
7
167
165
118
105
116
54
80
68
264
76
54
46
109
135
171
58
52
177
96
119
72
89
120
195
63
176
60
147
50
47
68
136
27
221
161
74
105
93
47
152
75
146
145
110
167
179
112
50
89
129
127
184
36
209
95
132
89
93
71
74
181
181
26
44
137
159
84
104
164
66
133
136
128
149
110
201
29
19
73
195
53
91
51
229
114
96
185
139
107
68
176
61
122
28
22
163
153
99
188
106
81
48
87
70
67
86
90
170
43
89
112
144
175
123
67
221
59
185
45
106
193
48
84
97
144
58
203
105
65
126
134
52
65
47
79
67
154
77
137
206
72
149
30
90
54
190
129
70
101
195
129
69
122
71
106
139
91
65
128
118
135
122
96
98
60
147
73
137
63
192
60
71
164
95
89
165
107
92
77
106
133
103
38
109
158
101
132
132
94
36
54
69
67
143
179
54
106
100
92
184
111
107
66
84
60
33
95
72
159
52
47
25
56
74
44
82
186
129
41
124
57
64
132
34
168
197
76
70
188
84
99
61
105
67
144
183
139
120
190
104
110
88
56
145
67
113
41
137
66
100
85
84
160
143
30
55
21
190
114
93
72
107
43
52
71
203
84
62
23
67
166
81
108
40
75
54
58
109
92
119
117
154
105
39
12
21
151
120
113
102
58
30
142
73
113
209
127
200
85
127
118
86
74
124
76
58
70
147
201
105
119
58
101
108
72
195
181
111
161
81
221
44
110
22
111
59
99
141
76
16
109
86
120
53
122
35
49
197
191
37
37
84
84
72
31
113
156
191
75
27
58
76
134
124
51
187
155
91
71
74
43
144
150
114
88
54
63
107
191
116
207
71
67
78
43
103
103
189
63
108
82
71
185
96
41
64
131
131
39
141
60
85
146
53
47
82
209
117
41
142
137
113
57
174
14
78
43
39
135
190
108
93
49
85
144
123
193
91
84
72
18
37
119
83
26
39
89
79
41
80
62
25
88
66
133
57
200
92
186
135
65
185
29
94
46
74
75
77
88
184
153
68
37
191
70
69
53
54
151
107
138
107
84
171
63
53
97
154
68
74
84
170
103
99
106
90
70
153
124
135
76
48
76
172
81
192
51
95
145
113
184
56
123
78
59
156
61
75
179
93
94
27
161
124
92
100
31
147
153
185
162
104
35
93
104
138
32
124
52
130
75
39
79
83
11
43
105
123
178
93
51
53
65
95
105
118
110
74
51
127
92
67
105
169
101
134
172
97
201
109
174
121
36
89
122
67
132
84
161
12
54
147
149
27
75
87
48
81
89
204
93
59
125
135
131
89
174
79
120
168
177
10
89
131
170
67
42
149
162
77
145
89
70
67
121
102
160
191
105
192
164
70
113
99
190
212
24
98
52
150
206
99
118
136
30
60
132
77
87
129
142
34
34
80
122
87
106
56
145
24
95
120
125
28
55
152
124
106
69
54
102
32
60
102
102
119
95
113
96
70
158
90
48
157
171
117
102
12
122
45
73
76
111
100
225
92
149
31
128
39
54
85
170
118
194
116
55
183
85
62
134
129
80
29
127
70
166
68
48
97
101
260
54
32
47
64
130
132
102
85
60
47
81
154
57
105
142
44
81
126
62
54
138
87
114
144
227
84
87
101
66
60
83
88
61
132
75
95
131
138
78
58
83
116
46
70
114
38
72
35
58
79
181
152
147
10
104
59
28
163
110
74
134
185
106
125
78
63
35
28
38
53
95
41
48
160
29
98
69
50
85
92
51
160
128
83
64
111
155
79
95
103
54
79
123
145
168
168
70
48
144
83
58
39
65
37
71
157
145
167
167
192
32
97
38
43
111
73
174
80
95
168
181
88
40
40
50
75
58
24
94
107
139
208
29
116
69
75
28
56
125
179
63
100
36
45
69
66
104
65
145
95
117
85
88
150
92
84
168
68
165
28
77
87
25
34
188
22
143
97
33
13
186
156
166
171
107
40
61
111
41
115
40
53
189
111
87
64
86
62
27
61
123
71
149
66
120
42
92
114
89
63
93
167
153
186
105
101
80
84
55
124
200
87
48
171
162
105
50
116
112
154
44
26
54
107
97
32
86
34
123
118
97
111
47
77
157
189
78
84
87
52
95
127
117
136
65
135
46
82
152
93
45
134
193
194
104
198
73
105
86
90
128
87
203
153
90
48
71
54
170
109
165
120
36
93
114
87
92
120
178
105
92
198
116
102
162
101
42
66
102
134
86
140
111
147
17
114
93
138
84
159
147
85
71
168
149
91
98
110
99
57
23
40
21
47
71
35
154
25
114
128
103
69
112
117
43
43
98
90
82
77
252
55
159
199
112
103
41
156
117
134
99
92
142
99
66
153
86
16
225
28
39
219
26
159
106
188
121
141
110
133
40
115
50
197
151
95
75
186
112
17
153
85
153
31
103
92
105
119
47
75
125
56
43
58
22
40
112
90
57
60
38
136
43
39
32
143
164
34
55
166
138
177
84
67
171
102
123
107
92
129
136
117
25
56
163
45
101
11
79
66
119
87
84
135
33
56
106
158
134
81
133
12
113
113
224
104
12
166
93
40
53
142
129
112
68
104
35
79
133
139
191
50
39
31
206
82
116
48
115
102
54
55
129
119
174
35
203
32
97
157
80
175
99
105
82
102
137
63
98
96
119
88
107
208
34
59
70
58
114
48
208
143
107
86
132
168
169
64
72
25
7
116
40
45
52
113
169
88
13
176
94
127
127
42
87
102
152
62
73
131
154
87
32
43
99
80
35
37
145
149
30
226
27
182
103
97
116
79
65
96
89
179
60
150
83
51
154
11
109
119
121
124
73
149
60
104
81
115
88
179
87
111
239
105
184
100
190
246
80
130
148
59
133
119
136
60
119
193
97
51
88
118
126
151
58
78
59
72
50
76
99
102
63
162
39
123
209
124
121
60
51
82
94
42
7
129
94
