657 435
116 84
515 280
166 789
568 720
167 87
163 333
493 621
510 496
432 325
792 482
655 480
772 513
741 10
507 788
372 226
362 425
192 404
204 786
92 781
756 9
327 750
177 669
711 98
140 585
497 272
84 99
204 183
356 393
496 60
537 475
190 759
73 233
631 152
335 433
28 371
301 143
103 68
445 121
792 352
671 179
191 456
731 589
433 764
677 718
578 746
413 35
184 589
90 787
270 398
514 74
512 724
146 466
327 200
157 481
277 176
570 408
397 115
763 154
252 711
673 407
735 428
249 44
421 214
47 221
573 336
343 621
142 106
363 551
84 296
51 331
524 537
430 698
322 707
162 214
310 87
73 708
523 444
49 285
624 692
569 471
432 616
622 496
790 447
359 167
384 479
663 602
681 19
443 388
615 607
426 253
660 680
221 393
752 459
19 8
633 313
279 485
636 369
710 223
536 747
610 234
340 470
412 755
480 239
118 171
675 629
347 221
661 769
251 208
0 526
662 543
402 490
281 123
600 24
416 330
709 8
650 647
515 735
269 735
484 364
162 470
187 84
69 222
560 647
222 366
544 239
307 715
153 154
480 292
699 479
478 218
43 760
70 365
13 299
12 345
299 271
617 311
633 78
128 304
472 592
61 549
36 611
677 394
102 422
466 533
765 63
723 137
515 405
614 654
201 759
47 118
440 79
349 789
391 136
217 530
25 311
604 64
478 189
705 254
738 385
586 190
102 333
52 787
456 333
141 674
572 465
509 678
204 82
728 202
355 683
49 660
19 391
609 606
40 636
771 558
611 678
42 319
581 109
167 376
613 25
85 287
312 372
543 459
270 111
379 758
147 678
159 536
386 96
690 109
494 90
793 31
762 186
111 63
571 355
496 267
133 405
796 445
283 708
388 255
245 518
740 476
793 411
588 212
407 310
250 473
460 684
405 779
77 201
693 500
422 269
260 239
349 660
694 700
205 310
121 483
212 258
227 209
102 415
466 556
457 699
668 443
348 616
220 295
307 395
735 440
666 759
797 720
403 549
668 340
641 40
128 4
524 363
167 553
703 644
657 798
308 650
104 122
85 165
9 472
730 599
311 501
587 554
502 674
458 638
190 724
650 443
748 199
783 630
260 454
789 396
318 317
201 443
774 322
441 380
554 494
470 493
18 639
679 732
506 555
304 240
367 794
134 13
198 695
715 569
138 785
451 373
402 481
198 764
62 690
122 308
214 582
706 488
331 706
440 799
331 422
53 213
703 13
301 560
218 539
199 291
179 105
200 165
530 310
561 302
488 18
128 24
115 611
76 663
303 44
299 526
19 631
604 644
681 116
238 745
262 397
366 398
304 725
110 340
330 607
385 218
656 659
654 246
461 73
712 274
203 117
413 761
468 206
688 630
509 355
249 7
686 421
109 305
658 366
465 54
155 206
684 712
748 585
528 623
155 282
240 738
136 468
361 222
782 29
649 278
545 436
773 197
574 444
644 720
167 352
409 118
343 685
179 662
119 9
23 746
616 500
209 14
631 530
789 286
296 460
765 302
604 766
582 489
364 296
551 656
779 707
285 78
646 422
756 256
202 399
252 143
220 34
116 196
318 765
666 770
499 489
564 685
527 532
123 655
5 258
339 147
755 593
514 593
305 789
1 73
496 348
449 98
441 316
148 598
149 306
404 332
396 360
411 731
322 540
133 296
174 198
1 720
375 597
337 696
720 498
758 641
350 493
611 363
458 718
437 371
68 423
800 793
10 625
524 158
608 267
650 594
549 382
359 766
47 132
678 183
744 123
443 694
316 429
259 320
475 733
554 78
114 366
47 278
146 191
165 182
43 206
231 390
58 188
65 381
189 284
284 313
292 393
5 236
98 146
96 289
5 37
149 267
19 48
312 381
127 280
257 385
207 275
78 358
91 315
140 238
12 83
192 363
205 371
168 325
62 112
190 276
62 309
71 361
183 345
158 393
170 256
13 322
96 154
167 183
195 328
129 245
249 252
58 325
106 359
123 172
51 166
4 51
93 200
173 386
52 217
313 365
44 79
13 23
88 119
84 187
166 343
82 110
3 18
166 243
186 232
144 227
127 236
124 294
43 371
124 397
138 318
5 121
1 150
114 203
205 243
205 242
13 20
221 277
40 100
40 168
260 352
171 384
46 151
209 366
141 386
262 319
52 54
62 121
286 357
68 227
254 341
21 197
311 368
240 396
77 326
115 179
118 319
81 139
126 169
198 299
128 282
153 187
100 125
95 97
43 305
180 373
167 304
173 286
28 396
60 245
161 269
340 353
38 329
58 347
324 326
31 149
30 182
202 388
232 286
139 243
24 331
71 354
35 70
56 165
42 263
161 176
180 297
219 371
28 223
54 186
2 194
86 233
204 248
79 148
53 84
50 399
184 391
336 389
282 283
121 167
119 265
182 354
192 285
90 203
17 41
168 246
28 181
27 108
67 167
27 215
145 190
6 318
89 116
236 237
33 177
28 34
34 295
119 253
303 339
64 122
237 275
69 161
24 47
228 312
136 301
200 378
42 233
44 257
163 308
136 193
60 61
311 318
258 354
98 301
306 387
277 289
309 345
98 191
83 196
113 399
90 366
233 316
344 385
295 396
79 315
72 382
260 362
95 381
297 328
279 368
17 120
274 294
192 230
208 220
185 357
139 258
174 263
222 279
123 291
127 237
15 63
268 386
218 255
242 355
76 268
15 259
93 196
256 290
20 190
219 398
1 121
2 283
110 208
62 75
192 332
35 384
26 150
228 323
60 310
69 373
124 222
213 373
74 351
86 116
67 236
186 270
136 388
91 116
145 322
267 293
32 207
96 372
53 55
0 129
43 72
65 283
197 330
20 23
60 142
301 393
258 361
116 300
17 178
21 260
232 270
9 114
161 368
122 207
98 158
200 310
3 293
73 126
111 227
152 352
331 357
86 239
181 223
256 287
22 331
17 348
39 196
154 232
117 398
44 300
71 254
152 362
74 318
170 357
1 5
364 383
182 254
110 389
25 130
16 28
39 339
57 365
272 352
163 369
104 236
41 120
51 99
12 93
300 315
186 278
252 337
37 363
194 209
57 153
54 320
2 125
82 336
24 357
77 80
70 132
218 227
187 302
159 201
234 257
25 125
138 373
13 229
112 359
191 394
102 273
138 161
46 187
8 354
87 113
86 307
102 371
111 380
247 316
114 369
136 283
288 350
149 264
259 321
233 360
26 37
56 80
54 154
233 300
242 382
56 390
23 394
10 196
133 358
317 343
188 292
268 375
34 338
84 321
205 398
91 212
187 329
119 383
41 92
62 350
185 286
42 307
228 381
42 360
114 265
61 271
196 201
141 256
287 290
291 389
296 362
57 187
63 198
36 55
224 249
239 316
68 380
25 283
158 337
242 395
112 304
68 277
226 247
83 93
73 169
300 327
59 149
117 382
82 165
52 214
164 331
22 244
206 391
0 97
257 353
103 209
119 163
106 321
152 305
80 82
79 257
166 382
138 368
48 76
371 395
69 311
305 391
118 293
151 302
223 274
43 184
138 328
84 299
45 99
41 214
51 355
195 348
170 386
366 369
7 242
3 19
65 390
106 135
18 244
57 84
129 200
0 346
169 235
38 302
71 258
115 322
175 355
172 389
168 393
61 224
285 335
257 327
159 249
174 239
342 369
225 353
229 276
165 324
59 319
101 380
154 270
295 370
91 327
21 362
302 313
16 85
170 286
208 336
29 399
15 84
100 388
50 365
49 396
93 201
254 354
0 60
326 341
339 347
109 386
53 321
216 374
222 318
41 248
98 347
221 376
303 347
90 194
66 298
2 128
371 398
8 356
27 127
208 271
29 38
99 117
135 342
21 391
7 166
364 390
77 324
268 333
50 151
108 210
38 365
207 392
86 263
41 54
30 341
161 311
104 351
9 369
110 334
47 367
151 329
67 280
269 373
15 106
92 124
239 360
101 289
225 234
153 359
85 111
88 370
23 87
184 273
114 370
74 279
79 291
105 389
0 142
102 395
63 90
103 306
23 58
148 291
74 374
76 164
51 398
225 340
112 349
134 155
159 339
53 210
9 253
199 289
121 335
60 312
233 344
38 50
119 366
70 133
63 106
190 322
212 233
4 355
274 396
37 94
137 179
20 115
27 281
235 298
334 336
47 232
98 323
78 155
204 240
60 228
109 238
64 78
132 176
15 209
100 160
256 386
232 278
197 272
258 317
68 221
46 302
11 110
105 307
139 218
37 150
55 210
43 102
130 387
143 217
75 112
5 167
226 385
96 240
9 203
283 388
89 172
7 258
297 311
18 319
253 364
148 355
219 382
126 235
72 371
55 349
45 51
128 364
86 300
156 399
171 176
104 127
56 381
137 177
211 330
50 189
88 383
142 159
1 127
241 334
104 122
395 398
53 108
246 325
13 276
41 320
66 330
8 144
125 283
89 389
193 283
169 377
99 355
337 339
175 327
122 275
82 334
27 55
103 125
39 159
10 174
141 287
98 168
369 370
298 330
328 368
144 354
63 321
290 386
8 258
257 300
79 327
95 228
45 340
30 326
205 382
88 253
78 311
181 274
246 393
166 219
150 237
164 244
19 131
33 202
244 319
345 349
31 293
292 394
28 370
168 303
159 252
263 360
91 233
32 237
305 382
29 313
333 375
5 350
148 343
66 376
21 152
161 180
254 324
94 363
381 390
41 52
21 126
63 130
48 264
78 176
107 257
141 170
189 302
124 348
67 121
150 392
162 375
316 379
175 300
326 390
214 320
151 187
101 372
241 336
53 106
244 331
131 170
96 338
40 98
298 376
137 156
73 296
147 231
235 377
268 290
178 348
204 251
195 384
78 275
73 352
84 153
148 300
107 327
323 388
147 308
344 379
62 288
1 261
231 364
145 188
12 378
201 224
197 293
254 334
16 34
203 369
113 177
13 190
146 168
74 314
87 156
160 177
221 235
41 204
307 316
146 246
139 144
4 343
156 177
153 329
26 192
95 388
49 294
73 377
45 117
63 157
109 141
146 393
42 316
179 276
6 222
296 377
66 221
102 382
315 344
62 335
48 333
199 204
131 162
167 345
169 211
15 299
169 330
258 356
147 326
124 213
181 396
237 392
70 176
80 326
211 298
188 394
29 302
126 296
57 151
28 274
56 193
27 374
268 357
181 295
229 292
117 242
123 361
161 373
16 295
181 294
232 367
82 341
104 314
10 12
75 183
305 371
281 304
38 57
160 202
126 377
346 381
174 247
294 338
116 233
176 180
173 268
14 43
152 260
77 147
11 336
75 359
58 98
138 311
308 390
362 391
76 333
61 93
44 225
100 202
199 240
127 304
18 293
216 314
61 201
244 262
213 328
117 219
93 271
328 373
193 282
116 172
262 331
102 184
273 305
73 330
52 251
182 326
48 162
382 395
224 378
268 287
96 396
78 180
72 398
81 227
99 398
235 330
6 161
100 136
101 240
135 250
11 220
5 127
15 321
33 160
110 336
52 320
11 271
33 100
168 394
146 394
25 194
77 354
26 104
23 292
108 216
239 379
132 384
103 157
30 80
197 377
127 351
109 256
6 213
220 245
28 295
51 242
168 347
76 287
61 83
48 131
70 155
72 205
152 391
29 50
119 147
79 300
223 338
91 148
67 127
49 248
33 40
200 271
254 326
165 334
206 273
98 393
25 128
49 223
156 229
3 48
173 287
10 201
23 115
213 222
82 245
91 175
256 375
136 323
198 203
343 355
215 374
294 348
69 78
289 338
271 378
193 390
300 389
165 326
336 341
128 209
170 173
72 219
191 347
121 192
125 202
211 376
89 148
360 379
31 244
165 254
32 275
121 350
225 385
59 244
223 295
86 172
60 97
66 68
25 306
13 145
255 354
33 188
50 156
225 257
49 274
230 332
163 366
193 231
40 292
158 168
352 391
118 352
143 214
128 194
8 182
87 115
93 224
175 291
214 217
186 367
265 369
64 351
90 306
37 236
118 197
142 346
177 399
73 211
76 375
29 365
37 332
233 379
182 324
215 216
151 153
125 130
281 349
69 155
132 297
324 390
98 246
59 126
76 173
22 367
250 342
199 270
296 330
167 335
24 270
264 267
37 230
203 342
338 396
240 372
185 331
40 246
91 307
291 300
266 380
177 179
76 162
10 83
82 241
105 239
38 153
185 244
178 328
37 192
17 92
169 221
274 338
20 276
220 271
51 205
178 297
163 203
110 263
163 383
81 243
371 382
36 75
83 201
106 259
166 398
70 171
59 267
34 181
280 281
6 138
236 351
37 261
120 251
282 308
255 266
71 241
24 367
59 118
54 214
236 280
33 137
204 289
251 320
16 181
66 211
56 326
127 281
2 364
125 194
74 104
49 124
163 253
149 262
65 282
147 364
180 269
123 343
170 333
133 134
34 240
116 389
134 176
356 361
119 308
307 389
36 345
0 312
9 383
230 285
181 250
246 394
4 175
120 320
23 146
116 148
289 380
54 195
91 257
129 220
260 391
1 280
245 310
192 261
198 321
338 380
44 107
220 224
281 374
203 366
140 141
9 265
95 283
303 323
144 356
118 126
93 378
16 223
25 366
72 305
165 341
22 262
108 215
286 367
253 383
173 290
90 198
14 99
59 293
203 383
130 194
56 182
132 171
143 384
366 383
59 197
14 117
14 398
57 359
28 369
200 224
97 346
370 383
63 299
243 395
9 88
31 319
206 305
71 144
90 321
55 112
127 374
86 105
1 236
12 271
9 366
60 220
126 352
4 79
166 205
281 314
83 224
382 398
221 298
41 251
31 59
231 282
34 396
152 206
12 174
121 304
265 366
174 316
218 361
69 132
276 322
231 308
105 148
272 377
287 375
27 74
61 129
216 349
231 283
92 251
129 271
40 393
13 87
135 397
22 47
98 325
248 396
164 287
269 297
327 353
303 337
272 296
131 264
127 314
1 285
92 328
21 377
120 232
20 322
60 346
32 351
207 237
35 134
151 189
117 166
120 143
34 101
35 238
195 320
163 370
46 365
10 93
35 132
46 57
52 186
186 214
318 373
62 183
3 149
160 387
293 319
215 222
20 145
7 81
58 394
212 257
126 272
55 216
80 341
42 239
4 45
68 298
212 226
91 105
68 376
32 69
36 53
87 179
163 265
69 269
58 292
169 296
5 67
248 294
252 339
140 286
7 218
168 191
6 311
43 382
57 302
5 192
22 164
345 350
17 328
1 230
102 391
38 313
78 122
107 225
178 195
80 324
208 378
23 276
159 310
310 312
2 130
16 274
262 267
47 154
27 349
148 172
212 307
116 307
32 64
35 155
369 383
253 369
123 242
196 249
79 116
102 260
56 324
330 377
30 324
103 194
0 310
213 368
22 357
206 382
144 258
247 344
0 11
6 368
152 184
187 365
101 396
56 77
212 315
296 319
17 124
126 330
215 279
63 306
227 266
68 240
27 216
171 238
202 301
155 358
245 346
75 345
160 388
325 394
180 318
24 186
120 186
170 268
235 272
162 264
120 214
213 279
244 267
66 235
191 246
184 305
113 137
46 313
32 122
164 367
96 204
56 147
184 206
78 161
172 291
59 262
21 272
107 340
133 176
97 193
91 291
7 139
62 345
183 349
149 244
101 274
10 200
354 356
314 374
19 162
244 264
100 323
145 276
101 111
31 262
113 229
212 327
74 281
83 200
180 311
270 278
10 224
81 376
372 380
16 370
260 305
195 217
299 321
26 363
122 351
151 284
137 229
120 195
76 170
105 300
76 131
95 301
35 171
293 296
44 315
3 264
44 212
19 264
55 259
52 120
254 356
18 31
11 334
87 276
335 350
29 151
206 260
279 397
269 318
173 357
8 71
34 274
94 332
129 208
297 368
269 328
90 130
149 293
92 348
280 304
65 136
138 297
92 178
129 224
104 237
318 368
103 128
54 232
80 182
149 319
23 145
272 330
58 146
300 307
291 355
119 282
51 382
29 284
193 381
49 338
175 343
85 227
210 216
70 134
288 345
17 294
16 266
123 317
69 180
25 282
163 364
39 249
146 325
204 278
49 181
207 314
101 338
286 287
211 221
309 350
261 332
102 206
113 156
220 310
97 381
158 323
113 179
107 315
257 315
86 389
189 399
61 249
15 53
65 95
325 337
296 352
234 340
115 190
157 306
7 361
27 314
138 180
239 247
219 243
317 361
108 349
161 297
237 351
265 364
239 263
35 133
265 308
39 201
253 265
2 282
9 209
73 197
0 220
217 384
188 393
55 108
111 255
88 163
194 282
4 340
43 398
147 390
74 127
73 272
63 209
4 99
21 296
24 286
77 165
265 370
11 129
101 266
193 308
30 356
141 286
65 388
252 347
137 399
206 371
23 322
89 300
189 365
67 104
351 374
96 199
114 342
36 349
261 335
68 111
58 191
106 299
172 241
147 182
199 277
217 320
107 234
90 103
372 376
131 375
50 284
219 395
130 157
44 327
136 381
3 267
119 364
34 380
83 249
49 348
66 169
204 338
69 70
60 159
357 367
287 386
77 182
213 397
142 228
167 309
94 230
247 360
80 165
387 399
115 276
94 192
164 286
40 188
22 185
64 207
371 391
104 207
272 391
30 254
205 395
211 272
238 384
158 301
183 304
87 229
154 278
285 332
68 289
1 26
70 180
198 209
197 296
118 296
114 253
185 287
207 351
133 155
112 183
64 358
16 396
184 352
49 92
173 256
166 242
174 360
111 266
5 280
69 138
16 380
17 195
65 308
84 106
27 304
240 338
224 310
311 373
80 334
76 357
226 315
1 67
247 379
100 301
72 102
337 347
277 372
139 317
181 397
240 248
95 323
250 397
167 349
106 198
312 346
233 307
99 340
11 208
71 356
89 241
129 310
31 267
122 237
8 254
151 365
39 337
47 270
289 372
74 215
186 320
155 176
211 235
167 350
85 380
3 31
14 273
35 176
70 78
50 313
248 251
119 390
352 362
9 163
8 80
85 266
87 137
132 143
6 373
154 204
123 166
43 219
216 281
294 396
269 311
183 288
189 313
25 103
64 275
121 280
302 329
151 313
81 218
213 318
116 175
167 280
72 395
11 378
226 344
277 298
126 197
169 272
95 136
103 130
197 319
114 163
125 388
140 214
55 183
21 352
34 85
115 145
158 347
123 148
256 268
136 228
26 237
54 251
209 342
42 247
30 77
14 51
115 229
218 356
192 236
2 103
244 293
131 333
6 279
93 249
112 345
124 178
96 380
203 209
26 392
251 348
96 248
106 342
128 366
212 225
51 117
201 249
126 211
39 252
11 346
42 174
141 173
36 112
242 343
108 281
176 358
310 346
308 364
142 312
301 303
37 285
77 390
253 370
73 118
86 89
143 195
8 255
90 299
263 316
128 163
159 224
86 110
1 332
65 193
122 180
19 333
183 359
43 273
9 128
219 242
187 359
179 399
21 118
8 165
70 161
239 307
233 239
162 333
46 284
363 392
89 123
59 296
153 365
144 255
265 383
291 343
114 383
309 335
146 292
274 295
40 301
11 245
245 334
114 209
61 310
314 318
134 171
199 278
71 218
78 133
146 188
88 265
18 149
314 351
0 245
102 305
42 379
132 161
8 77
6 297
203 370
334 341
287 357
92 294
5 285
53 359
24 140
44 91
313 329
298 372
30 165
97 312
61 200
32 180
62 167
164 268
144 218
262 293
130 306
38 151
104 374
275 351
246 347
242 317
6 269
74 216
47 331
154 186
156 179
215 318
38 187
1 37
53 135
222 397
304 349
95 312
3 244
200 208
78 134
157 194
170 290
2 25
196 224
21 73
73 235
33 292
218 258
12 200
207 236
7 317
188 229
263 307
131 268
189 387
79 175
199 248
89 105
240 277
279 373
104 392
301 388
328 348
145 394
7 343
164 262
252 303
213 215
91 300
44 353
139 361
109 290
30 255
140 173
325 347
61 142
47 286
6 328
50 177
248 338
301 323
69 133
137 292
24 232
241 356
50 302
194 306
157 387
67 304
148 175
71 139
150 236
240 289
210 259
84 359
61 159
137 188
210 215
191 393
227 376
196 200
75 288
198 342
209 299
223 396
32 78
142 310
30 354
116 291
234 353
21 184
67 192
41 348
224 271
150 363
47 186
36 183
297 373
135 210
279 318
353 385
107 353
124 328
58 168
132 134
105 233
191 325
166 317
84 329
45 355
26 67
315 327
23 137
185 262
212 300
225 315
331 367
19 76
316 360
38 157
58 246
284 302
205 219
368 373
141 290
6 178
177 387
53 259
147 324
18 267
56 231
158 303
164 357
23 188
119 231
36 84
184 260
51 219
123 175
123 355
154 199
64 237
15 198
68 372
236 392
275 358
142 245
290 375
36 359
241 341
93 129
158 339
212 344
329 359
129 378
307 360
34 223
109 140
57 329
4 117
182 341
11 82
1 192
79 355
220 346
61 220
250 259
198 369
31 264
112 288
210 222
125 160
97 228
302 365
52 143
40 146
69 176
166 355
18 264
16 101
5 304
96 101
223 294
179 229
242 243
225 327
211 377
158 246
37 67
105 116
97 142
38 189
8 30
135 259
77 254
63 103
6 124
143 320
90 209
26 236
288 309
230 261
65 231
85 101
178 368
269 368
327 340
54 120
132 217
52 195
267 319
282 364
55 359
61 196
324 341
170 375
261 285
240 380
184 371
315 353
97 136
170 287
270 367
108 259
226 379
20 87
98 303
7 243
29 189
75 187
142 220
79 91
138 269
9 370
15 90
164 185
53 299
329 365
17 251
80 254
89 291
33 393
145 146
13 115
69 297
70
172
153
58
61
51
211
94
185
58
103
122
220
122
143
7
8
85
140
391
80
103
86
120
135
235
198
78
236
262
74
81
61
209
51
104
159
112
89
171
201
129
146
89
70
89
61
51
158
47
148
191
68
97
102
157
84
66
21
70
172
137
107
63
87
60
125
47
111
73
26
161
121
131
137
122
134
133
61
127
49
173
57
113
71
151
89
143
81
261
78
88
129
104
118
61
80
73
25
116
74
162
71
76
50
184
44
297
72
29
27
76
135
110
186
91
61
116
51
107
130
101
92
117
66
98
24
41
121
97
46
120
72
38
92
53
97
69
123
38
121
59
90
109
68
145
83
47
112
127
135
134
104
45
101
109
59
77
128
86
132
41
142
146
67
105
90
85
187
83
137
101
18
117
101
176
262
136
171
82
166
143
165
140
120
207
175
87
57
52
132
46
95
184
90
198
126
112
32
119
90
20
112
79
109
58
65
202
147
166
86
187
29
97
120
162
73
89
118
185
116
47
63
84
85
142
63
145
186
70
151
259
25
83
70
19
41
107
101
45
85
42
44
128
91
17
92
79
117
126
44
105
18
13
155
155
104
168
120
102
77
189
148
69
65
92
123
34
132
129
89
116
61
44
92
96
108
175
88
116
207
59
41
127
102
192
140
48
87
132
80
130
72
15
114
66
137
59
101
183
39
86
98
32
77
152
33
157
248
149
166
183
69
90
231
70
86
40
88
43
58
72
24
91
132
126
140
64
61
54
169
93
172
160
66
30
142
100
37
70
106
136
175
45
89
89
169
32
96
75
157
88
157
71
259
87
122
72
193
160
108
61
46
129
126
106
81
139
58
39
113
127
152
69
24
135
99
66
89
72
52
74
146
65
89
65
222
124
121
126
105
73
124
74
77
70
137
51
31
100
120
36
80
92
62
121
33
161
95
82
62
137
11
150
114
71
38
128
89
87
99
56
153
184
94
79
129
33
154
147
181
116
39
79
130
169
53
149
107
133
92
36
107
164
44
51
67
88
140
50
176
55
184
104
121
93
43
184
78
95
31
122
172
126
74
35
68
52
156
107
146
50
47
66
51
75
193
106
145
21
82
231
170
74
255
156
66
71
171
107
92
135
27
34
112
91
108
97
107
196
84
138
85
87
92
229
165
163
82
216
32
100
58
51
133
82
72
53
141
68
61
177
90
84
183
92
106
59
132
62
26
86
136
99
187
123
145
33
83
128
95
68
99
19
127
74
133
74
65
92
11
177
55
123
171
111
21
79
91
98
95
155
110
113
136
44
109
163
52
34
18
77
234
104
151
108
92
71
72
59
127
145
77
87
81
47
129
35
60
51
17
211
125
138
154
193
74
40
182
84
97
106
16
73
182
46
118
73
89
80
12
69
107
100
74
80
149
110
112
111
132
98
185
146
204
211
104
140
186
141
56
74
184
182
83
93
56
174
186
129
50
85
149
58
102
89
146
107
48
95
27
189
81
132
80
25
162
105
117
62
132
119
86
176
79
77
52
84
159
80
114
137
111
77
110
70
110
143
86
120
78
157
87
37
160
98
150
124
168
48
42
102
64
68
17
93
98
59
128
100
154
149
169
98
39
131
111
21
45
157
153
253
139
49
181
154
131
15
135
131
106
87
58
60
115
50
25
23
92
189
157
58
149
20
62
114
159
44
10
134
80
107
58
82
114
184
156
146
144
35
65
114
115
93
58
115
65
51
53
37
63
123
203
198
73
74
156
195
41
71
134
72
97
25
57
134
78
61
47
87
197
107
128
77
150
31
136
140
143
186
176
172
84
41
111
43
160
88
92
35
122
60
133
63
164
163
67
128
140
101
110
145
76
70
22
164
44
18
60
96
161
58
12
149
151
43
69
141
105
61
78
143
139
292
63
34
30
150
120
96
132
130
67
69
31
45
59
132
149
159
58
70
63
95
87
78
40
151
29
54
74
200
106
113
212
52
124
111
175
130
134
33
88
164
99
180
28
65
145
32
177
130
63
47
140
167
119
125
110
132
99
70
55
144
217
172
127
151
98
200
155
172
74
112
206
79
90
23
59
125
125
110
86
85
93
74
135
63
60
35
130
111
183
107
96
56
82
118
98
76
204
144
111
150
37
127
153
119
100
172
89
161
55
77
175
136
68
155
126
106
115
111
149
50
80
68
69
135
167
94
145
133
160
95
100
106
83
189
38
15
85
131
61
71
138
186
159
160
115
50
43
130
69
43
100
92
112
185
95
187
77
104
171
111
150
183
178
16
81
105
83
125
208
200
192
57
90
135
203
70
120
83
108
182
130
112
109
38
139
59
116
144
41
171
80
139
90
134
83
27
75
187
172
27
104
58
165
86
67
104
46
90
68
133
70
93
125
107
123
53
80
90
122
144
91
87
81
116
141
120
38
39
67
101
21
38
53
89
44
147
154
167
132
64
150
56
121
96
139
105
57
101
109
53
64
186
85
48
123
91
149
79
30
54
208
27
58
153
87
102
118
103
36
24
20
171
53
37
160
127
38
140
38
158
93
151
27
174
32
139
71
72
92
156
140
19
18
150
72
91
100
134
101
73
90
118
98
217
152
65
160
146
218
34
44
96
110
65
151
103
97
49
260
113
191
213
130
125
172
167
125
69
77
120
129
11
52
58
153
56
37
57
179
46
12
37
127
194
143
131
138
83
77
80
55
265
80
58
115
57
190
171
85
172
69
108
158
108
185
85
107
147
102
102
27
88
105
47
237
106
172
128
49
164
193
124
143
106
92
82
93
120
145
140
137
54
152
99
22
46
80
42
114
116
103
80
215
117
75
48
94
100
93
28
94
72
112
65
84
77
123
100
100
214
146
53
43
158
100
99
80
112
48
180
144
123
26
119
62
55
85
166
123
20
224
34
89
99
185
70
156
95
151
68
151
75
51
90
50
96
126
74
93
53
71
150
166
108
110
106
126
89
177
131
31
56
103
122
141
169
73
78
62
180
74
145
60
185
68
100
61
113
25
168
26
77
44
61
200
35
139
39
66
36
35
92
56
135
56
221
88
34
276
39
113
172
118
119
37
46
108
106
82
97
34
56
60
212
45
121
157
70
53
46
128
203
56
129
84
84
120
176
106
62
97
106
78
73
23
112
61
132
102
103
97
234
95
134
66
70
37
26
48
63
67
143
32
72
43
40
82
168
105
178
232
88
84
196
53
94
132
91
81
101
54
69
29
69
92
81
116
65
128
23
47
76
115
16
73
179
121
89
109
122
163
156
88
68
9
67
72
67
83
95
84
103
120
105
110
87
224
193
178
130
251
116
74
131
92
75
167
102
159
186
59
91
142
148
90
111
34
152
220
146
139
38
37
98
52
102
31
93
107
151
162
96
69
130
95
190
41
137
160
104
191
118
19
185
24
314
167
214
47
53
184
143
179
61
25
139
144
104
177
77
23
26
117
93
114
85
77
58
101
74
86
26
48
56
79
99
141
42
16
46
27
23
81
198
64
135
86
143
89
151
50
56
190
234
37
46
51
91
78
30
64
113
156
114
102
101
116
157
45
174
85
14
76
71
14
113
110
24
190
39
35
77
210
19
88
102
93
88
191
101
62
68
155
84
62
42
145
54
209
88
62
109
115
77
70
162
31
109
98
53
16
59
77
68
120
169
122
77
41
81
26
98
35
61
23
52
72
113
207
158
72
49
127
166
105
130
132
100
70
85
65
132
70
168
217
153
143
70
110
62
86
109
47
131
104
119
127
77
82
145
126
186
15
46
171
82
107
150
25
63
93
184
93
82
31
36
106
95
183
119
128
133
58
46
84
104
136
63
73
187
27
95
228
181
83
63
95
153
165
70
157
110
150
57
138
177
88
97
88
168
103
25
54
127
120
74
46
170
43
155
143
79
179
89
37
138
89
99
46
64
95
24
9
166
52
73
109
98
45
61
80
115
115
208
77
160
141
37
43
93
81
146
112
50
145
25
79
144
122
99
109
103
122
88
68
112
147
175
35
123
107
154
66
155
128
180
119
81
51
93
114
72
83
89
69
240
46
104
171
205
156
35
66
101
65
180
239
67
148
140
75
86
124
132
32
120
93
222
87
168
119
148
161
57
134
77
81
146
183
124
188
138
195
159
132
24
84
152
37
83
55
117
184
129
129
153
174
104
71
137
58
104
34
110
47
62
97
82
58
145
99
102
114
104
111
46
250
9
64
155
66
54
45
163
130
100
130
81
122
136
130
120
95
118
12
168
105
177
26
21
61
80
207
87
122
35
152
28
52
38
87
117
70
143
129
54
56
126
41
67
173
115
127
152
44
141
94
78
125
118
53
193
69
167
14
165
82
89
38
172
83
132
125
120
87
86
74
121
126
71
147
193
61
102
76
94
133
101
126
90
73
106
54
157
62
32
112
77
47
81
63
175
108
114
28
78
166
27
161
108
194
35
105
36
100
125
130
61
142
139
91
80
38
100
105
79
98
51
73
101
180
194
137
78
37
210
100
54
13
82
72
13
163
93
115
31
110
166
201
50
138
