322 256
757 735
641 512
123 369
30 373
350 509
154 569
455 409
48 591
413 353
308 553
201 243
301 651
789 510
308 142
529 755
619 426
504 481
289 330
702 368
437 267
50 394
178 16
537 188
148 485
153 341
229 369
274 237
57 543
202 270
644 7
531 474
260 390
649 40
285 383
283 143
371 46
18 489
670 519
195 555
487 253
100 152
596 640
239 677
652 627
519 615
562 489
730 77
428 108
281 621
582 244
529 603
704 508
480 195
719 360
137 617
41 368
213 436
8 594
235 560
430 506
664 618
246 73
132 459
540 388
390 213
485 489
9 164
431 615
344 261
562 463
485 601
511 476
476 577
772 520
526 178
50 463
585 344
610 296
214 785
582 325
545 186
141 377
786 696
127 411
691 699
3 631
126 212
269 769
130 432
278 516
272 54
588 134
262 605
102 264
587 61
145 632
325 81
335 678
651 635
218 218
98 677
612 727
329 755
774 759
463 130
288 717
430 88
375 570
197 423
403 651
455 126
152 302
279 572
786 15
793 404
598 668
25 685
495 155
181 677
507 379
524 373
250 454
630 783
143 141
317 177
784 722
639 786
720 404
465 671
613 700
648 455
458 362
115 316
357 215
768 499
139 213
788 474
731 330
38 520
521 655
516 333
375 93
160 54
396 572
379 419
533 52
717 587
281 99
119 444
76 212
578 440
407 719
559 35
296 730
190 724
479 472
489 28
315 672
56 554
120 163
393 79
12 113
376 589
351 486
266 70
769 740
113 327
561 343
775 334
612 687
69 697
684 299
273 157
116 726
730 162
360 627
38 353
394 199
568 286
424 190
222 311
456 777
757 21
505 306
142 5
427 57
57 78
744 705
548 577
567 641
532 202
34 765
80 217
159 690
6 786
511 370
776 305
280 348
441 471
497 334
228 599
640 605
725 785
468 746
524 157
782 207
474 715
700 626
784 100
268 557
619 199
51 264
647 506
264 525
43 93
710 643
690 207
42 715
95 188
622 664
781 93
788 357
193 452
145 266
707 199
646 542
458 208
87 206
610 319
572 741
386 727
669 389
730 627
213 595
73 539
770 684
183 213
325 180
10 441
508 438
80 463
214 514
672 162
189 57
391 546
111 483
225 301
272 551
547 255
695 161
560 8
794 542
586 96
193 386
76 82
638 627
153 474
188 112
664 490
709 781
80 78
409 633
576 94
756 378
6 574
299 566
37 665
258 754
45 262
225 53
539 43
725 613
140 790
21 246
540 517
193 192
488 524
362 249
9 294
452 630
722 687
796 468
619 230
735 593
549 34
681 32
441 704
216 300
603 674
634 492
443 10
18 747
785 521
473 43
163 493
705 725
759 497
40 623
446 681
163 402
441 146
705 81
290 354
95 350
714 259
748 64
485 711
725 201
93 405
200 182
415 80
235 16
74 242
766 439
733 421
245 703
497 228
436 71
591 307
768 538
393 262
601 748
2 182
271 117
684 760
337 333
499 344
18 178
753 777
117 85
77 198
282 523
67 47
502 679
525 170
453 600
355 410
277 4
40 689
544 799
167 216
141 27
529 48
432 302
612 619
644 187
450 592
350 47
723 710
449 254
131 8
42 267
15 387
553 470
730 685
666 729
630 326
443 91
798 522
338 727
37 752
92 302
206 713
73 670
267 432
743 51
773 241
73 450
796 799
155 739
415 395
191 740
96 257
612 705
592 459
682 569
166 16
301 522
138 14
525 214
28 405
679 235
611 776
731 576
778 626
519 608
181 737
645 412
610 111
315 58
36 196
772 35
498 313
583 695
165 381
409 111
588 491
691 518
578 563
333 342
185 351
154 316
45 347
100 276
183 221
91 270
168 196
10 214
92 335
102 394
53 317
63 84
211 217
155 316
10 90
214 332
11 247
27 29
267 339
281 296
138 169
241 368
311 358
185 379
14 173
135 282
57 223
228 391
349 355
53 75
11 341
53 301
79 268
37 159
92 346
108 144
223 295
356 383
168 327
17 277
11 136
57 300
220 394
109 254
195 218
34 326
111 318
93 234
329 369
15 340
215 330
261 330
17 66
326 337
210 266
2 38
202 345
217 225
142 348
120 327
193 391
135 359
128 314
267 292
213 398
209 366
115 315
29 247
253 271
87 331
150 331
253 343
63 300
87 276
35 324
257 295
237 341
219 228
68 71
165 338
43 194
86 267
34 337
311 318
9 132
94 362
188 355
62 312
77 319
3 82
124 136
143 244
130 374
171 192
318 358
268 363
321 350
233 355
110 129
139 265
26 395
347 386
208 376
188 281
274 391
51 140
75 227
4 21
168 229
61 202
35 238
11 237
174 361
58 267
40 53
13 137
97 142
185 342
139 241
131 388
38 259
116 170
223 242
89 241
21 56
320 384
157 343
266 378
243 382
12 43
126 236
22 244
22 62
89 149
147 233
119 316
47 286
7 156
27 100
75 81
54 128
324 390
134 278
175 221
116 374
62 338
67 215
186 311
196 327
45 189
273 387
144 347
2 290
190 345
278 321
244 377
51 189
209 221
15 307
43 158
55 96
185 377
30 153
317 380
162 323
119 372
5 90
84 304
91 348
265 298
354 397
217 243
292 361
204 299
79 370
137 314
289 394
166 349
1 349
35 97
138 305
137 315
264 314
142 161
293 320
31 277
225 367
48 111
125 238
125 148
62 390
183 366
170 394
244 379
150 212
226 290
155 174
142 396
161 348
47 302
100 136
98 154
116 394
170 230
68 108
299 334
40 249
146 251
147 272
82 167
73 347
188 349
298 364
73 277
198 326
72 275
90 122
164 332
244 351
254 300
79 273
0 278
368 381
82 133
2 213
136 219
28 159
246 257
117 171
121 196
56 239
44 202
247 288
40 380
235 241
281 355
34 198
85 325
61 220
342 351
286 302
171 292
44 216
29 288
55 364
95 271
87 341
31 70
80 141
48 161
104 369
138 232
352 373
102 116
179 319
45 140
7 120
217 308
97 161
193 228
7 199
331 391
376 384
75 380
15 204
344 371
129 280
42 44
204 307
213 290
220 256
243 302
143 342
19 54
170 374
375 388
53 227
358 396
323 331
316 387
69 326
269 313
109 395
42 374
282 297
224 341
13 320
70 354
110 299
127 325
26 34
98 231
8 86
157 294
187 215
24 89
280 299
47 221
50 249
86 117
280 386
69 134
213 397
206 305
118 301
160 331
233 385
215 255
102 230
256 289
55 194
100 341
0 69
140 386
14 97
48 396
93 248
172 229
253 263
84 89
210 214
225 243
110 163
111 180
209 302
344 350
104 188
201 248
26 303
121 132
280 334
140 334
53 205
59 90
0 125
260 356
84 395
348 390
12 49
226 376
1 166
291 294
36 348
100 310
48 105
310 341
38 52
263 285
356 374
32 303
287 299
212 279
104 329
117 292
59 248
86 339
65 227
71 386
81 205
97 348
153 251
175 382
144 245
178 301
14 35
55 234
117 267
41 124
28 235
122 242
252 293
102 123
8 265
142 390
96 194
68 245
74 137
31 275
54 315
216 284
65 350
125 134
116 345
143 377
190 386
30 286
41 261
183 306
140 207
374 383
137 359
189 190
150 269
20 344
75 335
64 327
173 238
85 356
92 263
232 315
259 397
119 363
26 57
204 287
192 218
92 389
62 270
296 356
63 149
11 276
98 110
150 219
29 341
129 334
7 196
112 224
191 249
1 355
272 385
58 86
149 246
281 349
308 382
179 229
169 197
328 391
16 151
276 310
28 265
34 122
76 353
1 203
112 247
191 205
67 328
45 280
200 327
33 95
113 234
145 164
230 340
44 208
34 303
166 355
203 329
7 327
78 168
63 257
138 264
206 225
31 46
84 257
137 252
144 336
114 306
70 151
194 372
243 389
89 109
118 205
205 380
213 226
51 399
339 364
256 345
49 210
274 313
232 264
126 349
68 144
147 284
53 350
3 133
222 264
262 347
101 174
57 109
218 361
12 176
146 271
255 330
4 177
93 113
74 297
149 300
135 137
90 332
64 168
114 183
168 184
363 372
22 270
129 152
50 319
84 246
140 307
144 262
82 300
149 368
130 394
4 239
193 313
228 373
153 343
272 384
36 161
159 235
38 131
129 204
56 309
90 248
11 27
312 377
59 201
57 254
10 210
205 263
109 122
99 116
1 126
233 384
210 234
90 113
9 344
65 69
53 335
66 156
251 343
204 207
52 297
130 220
222 315
57 257
123 383
7 9
235 265
178 238
23 53
284 376
52 376
121 393
50 283
308 367
110 262
108 245
79 387
258 330
317 350
26 288
65 178
163 262
141 196
370 372
22 377
175 250
120 200
177 353
25 82
351 377
131 151
165 270
47 114
242 332
224 373
80 357
62 165
35 165
244 312
27 238
98 176
282 314
135 293
105 301
22 143
182 287
2 52
236 385
24 246
232 388
146 153
68 280
79 155
137 293
42 99
259 290
53 191
279 352
59 242
7 145
322 394
87 160
20 393
24 257
42 116
173 324
135 314
289 345
143 351
90 214
54 264
1 296
31 72
46 70
150 228
68 73
85 281
119 155
48 142
164 378
206 217
82 84
155 387
89 300
289 374
75 205
51 71
103 360
31 66
136 373
152 287
21 381
49 248
63 246
218 292
43 316
76 246
189 386
93 201
206 367
81 335
313 362
287 307
154 268
230 383
236 349
141 200
172 382
205 335
102 170
37 241
48 294
9 337
84 241
82 304
316 363
15 182
238 278
144 163
188 216
23 81
73 189
169 264
20 278
46 275
37 76
313 331
94 313
18 303
338 390
131 290
147 208
271 294
124 310
25 112
226 259
208 272
2 375
131 232
124 160
146 294
48 311
124 258
148 390
32 122
206 308
175 209
327 393
121 240
132 393
115 314
43 106
46 290
21 309
292 339
12 106
107 111
263 389
175 306
36 390
61 99
1 236
323 391
211 283
95 389
88 316
208 284
366 392
212 269
90 210
38 376
319 357
287 334
21 353
134 178
262 299
193 219
15 230
302 392
103 106
12 98
258 310
129 307
305 308
4 381
275 399
225 346
57 395
94 269
181 247
137 297
166 188
192 195
89 223
95 146
141 184
63 89
227 350
208 233
303 326
71 347
197 222
143 185
106 316
21 177
183 209
17 275
67 391
180 321
39 295
26 109
296 349
107 291
384 385
8 235
33 47
87 193
209 306
62 91
121 200
143 330
120 121
12 316
116 190
262 280
85 349
113 332
12 154
168 179
78 172
107 186
179 357
87 94
147 384
26 198
25 300
178 227
57 365
217 346
306 392
290 397
46 375
45 336
180 227
119 387
211 382
29 100
267 298
280 336
275 397
89 246
151 397
203 260
133 373
339 361
140 190
54 172
193 212
71 336
16 375
172 305
88 154
48 301
282 359
8 298
42 190
193 328
174 194
21 304
16 388
197 367
189 399
16 232
74 314
129 287
105 118
346 382
323 328
127 322
233 281
105 358
91 312
32 57
56 304
25 362
311 396
108 163
207 334
112 362
377 379
136 310
259 388
286 306
260 296
209 392
162 261
103 231
248 266
29 276
150 313
21 239
95 251
23 75
49 176
249 317
53 105
118 335
61 256
104 203
232 357
160 228
113 201
186 396
216 355
111 396
1 281
124 330
49 266
142 186
68 110
113 214
213 259
37 239
39 234
174 387
45 386
3 395
194 387
155 268
37 139
80 168
87 150
239 381
322 374
5 378
309 368
263 343
141 327
225 382
56 353
212 352
33 286
97 148
188 296
313 352
107 301
61 147
155 372
171 218
208 384
87 373
190 394
192 292
72 156
95 263
168 319
59 234
41 160
8 28
69 178
137 282
102 289
194 370
83 104
3 89
198 288
177 304
174 273
220 289
142 311
14 324
46 354
88 268
165 324
148 270
158 360
75 191
82 395
84 368
158 316
110 336
217 283
217 382
68 129
33 389
126 188
28 139
56 381
269 362
211 243
13 293
101 194
179 283
77 229
330 379
74 320
199 371
74 135
148 173
345 399
68 336
66 199
13 74
78 80
61 345
106 268
102 127
126 355
273 372
29 112
81 249
78 283
181 303
216 272
58 298
136 276
231 287
97 324
55 101
105 318
138 197
101 117
298 339
221 306
54 115
90 164
156 199
40 393
45 73
59 332
55 119
32 254
42 202
271 285
106 154
243 283
261 342
20 227
20 317
354 375
245 336
336 347
94 167
203 296
363 387
50 380
117 192
210 332
117 361
129 336
197 305
175 225
141 393
162 215
170 220
143 379
200 393
180 301
246 295
336 386
115 137
33 366
35 173
353 381
19 232
175 367
275 277
226 399
106 158
252 297
56 177
153 263
239 353
294 318
138 222
128 315
41 219
150 328
283 346
39 201
6 96
122 223
171 339
230 322
321 344
166 369
228 331
6 55
17 31
14 125
3 300
92 95
184 393
145 199
7 132
249 380
186 358
178 278
241 309
129 140
58 265
145 371
221 366
18 326
91 148
71 189
32 198
111 301
43 49
71 280
9 145
16 397
96 119
10 332
241 246
197 264
120 371
171 174
299 307
58 159
61 216
45 334
36 318
81 317
226 398
91 324
178 321
64 77
50 191
316 372
174 218
19 172
43 119
5 164
7 371
95 343
48 186
211 346
0 27
150 373
23 191
7 240
111 118
218 267
67 331
157 285
40 350
76 239
61 284
13 314
156 277
49 158
268 316
146 253
121 327
69 278
77 121
53 118
193 373
87 136
325 349
150 391
1 260
42 256
136 237
11 181
217 305
182 207
84 300
36 311
81 92
244 258
311 348
71 129
114 392
24 223
151 375
149 241
243 250
210 248
268 387
42 220
211 250
175 308
26 181
117 195
109 300
91 390
219 313
235 246
294 358
18 32
320 359
94 150
25 167
111 311
331 373
64 196
54 169
51 73
94 352
309 353
196 393
183 302
6 295
75 118
93 210
171 361
274 352
152 299
192 361
297 359
195 292
23 317
179 184
123 356
168 200
196 200
208 256
168 357
43 372
229 319
214 378
14 238
250 346
300 395
97 390
18 181
198 247
108 262
82 309
335 380
61 376
28 58
1 83
43 93
6 201
269 279
212 362
19 138
4 309
135 398
91 338
81 191
210 378
72 199
286 392
32 109
4 56
266 332
291 318
40 191
60 199
130 230
64 151
211 225
190 289
77 357
85 296
170 289
57 122
182 307
118 380
294 343
53 180
95 253
187 333
81 380
305 367
68 347
227 301
47 306
114 221
163 245
80 121
227 317
0 326
130 322
135 320
189 345
129 299
76 139
143 261
80 179
48 107
163 347
285 343
112 167
22 185
276 341
132 141
214 242
53 81
32 34
132 371
333 351
231 360
344 393
17 199
86 298
4 304
105 311
24 242
63 241
81 211
72 354
44 99
110 152
19 264
99 208
64 141
18 34
84 149
31 397
114 366
184 327
65 321
63 223
8 58
31 156
22 342
94 373
89 295
132 200
130 289
33 302
60 245
13 359
313 373
92 253
77 179
78 357
80 229
117 339
158 176
187 330
96 101
217 250
83 385
74 384
29 181
229 357
8 159
88 372
304 309
82 89
157 271
64 121
21 368
2 259
328 331
233 284
66 277
62 324
252 359
103 154
65 238
272 284
351 379
242 295
177 279
225 308
41 255
284 320
255 261
119 370
28 246
24 149
51 336
68 299
122 365
39 210
86 265
62 244
132 327
193 331
72 277
43 155
294 311
49 113
72 240
140 394
184 249
274 323
173 310
17 70
26 254
115 222
63 295
194 363
85 355
154 360
13 252
13 135
244 342
78 319
174 339
30 302
134 180
143 312
221 392
153 285
322 340
269 274
94 133
330 333
346 389
50 78
110 287
123 325
215 333
99 256
79 372
120 141
101 218
48 358
70 375
98 360
107 311
25 254
272 376
163 176
309 381
52 398
143 258
88 360
94 212
116 289
67 323
113 210
11 288
12 93
77 141
110 280
28 298
273 370
230 394
208 216
20 350
22 330
150 160
185 244
36 186
11 310
112 133
64 240
131 259
333 379
186 318
68 262
127 383
152 307
135 297
25 133
210 242
3 167
75 317
161 311
180 350
184 350
30 33
94 112
191 335
31 151
98 103
38 226
251 271
154 158
233 272
30 95
362 373
269 373
98 158
77 80
44 61
41 215
83 126
41 187
83 166
115 264
89 309
128 264
106 360
23 335
189 275
202 226
155 273
151 354
37 235
134 321
202 376
166 329
240 354
93 266
224 237
11 29
150 274
135 252
35 148
6 39
79 363
107 318
91 97
332 378
71 73
260 329
3 304
146 263
88 106
317 335
95 285
89 257
74 282
183 392
40 317
13 297
133 304
83 188
228 313
68 176
38 213
296 329
207 307
70 397
270 377
244 330
120 132
99 202
140 280
161 318
22 379
146 157
81 118
259 398
85 216
32 365
38 147
43 363
52 135
105 107
41 330
8 267
52 259
296 325
167 304
53 380
196 240
160 341
263 271
29 224
236 281
136 193
250 308
251 285
40 344
76 241
150 193
243 346
61 233
27 125
42 289
62 258
223 257
14 142
187 255
223 254
126 166
29 237
107 161
147 376
252 320
107 358
61 272
26 32
69 321
270 338
66 354
16 70
117 364
370 387
201 210
42 130
342 377
19 169
18 198
9 326
301 358
82 149
147 216
11 224
250 382
157 318
153 271
363 370
249 319
92 211
77 168
87 219
270 312
42 170
64 120
31 375
131 213
212 274
151 388
203 325
181 198
98 106
107 396
96 234
50 179
152 204
172 357
83 355
121 141
152 207
3 309
115 169
87 237
280 347
254 395
126 329
89 395
20 40
47 392
374 394
286 366
60 66
5 245
171 364
65 278
68 163
208 281
162 187
157 186
141 168
10 108
114 209
161 358
107 294
175 243
30 251
160 330
1 369
59 93
128 138
26 247
349 356
28 76
218 364
255 342
160 219
47 175
216 281
136 341
40 184
58 139
100 237
219 331
36 142
43 268
70 240
231 299
5 108
17 240
42 394
60 156
202 220
92 205
207 287
95 153
174 370
170 190
219 391
149 295
99 220
31 240
139 368
225 305
49 98
0 238
148 165
103 268
175 217
322 383
325 329
2 226
117 298
193 269
9 371
262 336
63 309
89 368
212 373
99 216
248 332
134 238
136 228
155 370
20 65
70 72
175 206
19 388
19 315
182 204
284 385
112 288
8 364
109 365
243 308
258 270
94 193
123 127
74 293
307 334
132 196
155 363
1 104
27 69
303 365
213 375
17 156
102 383
46 151
45 190
51 386
33 253
159 298
146 285
139 159
161 186
78 179
60 277
76 368
61 208
133 167
79 88
162 333
297 320
6 234
284 384
105 396
237 310
207 299
275 354
99 345
15 207
143 270
22 351
128 388
109 257
77 78
41 331
31 354
60 144
131 375
22 312
225 250
113 248
116 256
119 194
264 315
255 333
116 220
151 240
293 297
74 359
152 360
239 368
165 312
102 220
191 317
73 336
166 236
48 318
123 340
19 357
5 10
169 305
59 113
36 97
65 180
186 291
70 275
179 249
199 277
129 262
38 290
133 362
96 364
214 266
291 311
73 386
174 372
166 203
274 279
330 342
139 235
90 378
3 25
297 314
54 232
18 247
52 226
113 266
23 118
304 362
221 302
123 322
16 290
10 248
178 180
342 379
130 356
246 368
177 362
306 366
110 176
71 140
54 138
171 298
214 248
120 393
84 309
46 72
10 113
130 170
136 224
142 358
59 210
78 229
115 128
165 390
261 333
138 172
85 208
203 369
192 339
35 125
223 300
49 93
11 100
283 382
42 345
157 291
2 398
5 332
28 37
104 126
102 322
162 328
177 381
242 257
1 188
237 276
153 157
109 223
41 228
215 261
15 322
162 255
149 309
10 93
54 197
115 282
220 345
121 168
164 337
120 196
47 366
46 397
2 397
86 364
118 191
25 304
174 364
43 154
146 389
21 76
308 346
124 276
66 240
274 328
44 256
76 381
184 200
1 329
12 158
41 87
186 294
132 344
88 103
73 280
376 398
102 374
85 188
105 111
3 84
148 324
155 194
0 321
23 205
47 183
184 196
27 134
190 220
10 266
38 398
120 240
302 306
66 275
19 128
108 176
152 231
187 261
94 224
314 315
269 352
260 325
23 249
244 270
4 353
14 148
66 72
117 218
195 361
167 224
39 59
67 187
128 222
302 366
24 295
282 293
10 378
51 190
375 397
127 356
2 131
80 319
145 337
290 398
146 343
101 364
83 236
104 166
16 131
167 362
198 303
101 171
52 74
250 302
94 228
318 396
305 382
33 153
290 375
25 395
54 222
153 253
17 46
230 374
125 324
83 281
337 371
90 266
120 168
102 130
129 207
87 228
45 71
45 51
39 242
161 396
372 387
24 63
101 339
62 148
20 321
216 233
239 241
13 282
101 267
175 302
87 224
90 242
49 201
212 313
170 322
65 134
144 176
201 234
149 257
136 160
106 363
83 349
340 383
268 372
47 209
8 139
159 265
191 380
40 227
82 254
296 355
91 165
59 214
35 62
384 398
253 389
67 162
267 364
133 224
202 256
164 245
181 288
34 365
171 267
220 374
183 286
137 320
18 26
44 220
156 240
218 339
116 130
165 244
101 298
271 343
312 338
169 222
188 236
325 356
113 378
17 354
88 363
125 173
63 368
248 378
253 285
195 339
50 211
111 358
44 345
23 380
301 396
176 262
97 165
107 142
52 213
0 134
131 397
236 355
37 368
128 232
118 227
124 219
245 347
74 252
102 356
293 359
313 391
26 365
17 72
87 313
352 362
228
19
131
134
55
171
83
126
55
125
51
54
51
164
145
110
19
114
219
68
66
64
20
43
23
38
97
72
145
27
65
71
151
59
76
173
35
57
203
162
132
149
132
119
94
221
164
84
88
70
93
137
105
23
225
55
67
69
51
156
55
110
105
68
154
136
176
69
110
92
142
16
83
174
187
85
32
48
57
94
74
188
96
111
29
77
110
54
105
84
41
177
86
15
174
32
93
74
108
109
82
124
86
138
52
152
98
194
35
73
39
159
57
119
149
63
51
57
54
141
126
60
32
139
135
61
108
84
117
98
127
77
117
114
43
65
101
121
71
166
25
65
150
70
253
46
138
156
46
58
77
189
77
31
99
85
62
96
10
167
162
38
36
178
55
117
67
141
81
165
128
62
114
57
181
193
92
51
103
79
91
107
79
67
61
53
96
202
64
19
190
103
77
46
180
87
105
184
105
61
62
178
101
60
93
136
122
75
133
59
74
52
29
130
155
136
95
187
222
182
59
189
100
141
96
21
98
25
100
56
14
110
63
17
68
186
10
103
153
94
57
89
105
115
97
114
62
105
65
103
111
60
242
142
89
80
82
80
66
181
24
153
104
124
74
118
99
52
158
109
52
116
103
67
23
49
85
26
99
230
195
141
68
63
165
53
124
65
11
113
148
65
176
148
36
34
150
54
66
65
64
118
108
151
182
68
99
95
85
61
163
219
91
56
72
77
42
95
104
24
38
75
105
78
166
216
141
145
106
90
144
99
54
76
109
100
130
69
111
74
96
25
135
51
59
123
95
95
150
111
138
67
141
52
142
48
183
142
46
68
70
69
131
52
193
32
151
57
58
24
140
32
139
98
88
72
104
105
47
156
103
203
134
114
52
67
72
172
58
220
132
96
139
164
83
24
172
145
108
52
145
181
102
164
103
70
74
84
41
49
111
152
39
186
85
86
53
66
157
95
37
95
63
148
152
74
27
102
13
125
171
102
80
108
116
17
85
19
137
135
86
94
80
59
161
47
112
192
52
92
112
97
119
149
171
92
78
154
236
75
48
76
104
178
59
67
115
56
139
76
119
56
130
101
73
174
66
63
102
78
25
75
60
52
73
95
73
18
141
62
108
68
141
215
132
190
75
176
87
110
68
87
48
106
94
98
62
44
128
212
107
64
192
82
80
59
73
129
96
155
70
94
92
117
150
95
132
20
69
41
120
47
179
167
32
137
131
113
145
108
172
138
68
115
32
71
98
179
105
127
30
130
63
106
23
42
89
87
62
46
103
115
93
203
129
123
41
216
94
209
132
53
66
35
88
138
186
65
109
98
51
43
186
100
85
67
128
88
84
109
161
68
212
24
34
40
169
161
79
34
98
92
21
62
20
61
79
49
142
115
275
37
26
124
94
41
83
70
141
143
111
48
155
87
100
62
69
108
48
72
34
70
131
85
119
106
30
89
36
51
200
154
199
208
129
65
95
116
53
88
22
188
117
104
108
99
118
45
28
177
112
71
112
132
76
128
66
99
103
65
119
79
131
121
175
109
189
38
177
183
104
167
137
64
108
79
70
60
207
123
37
71
107
46
148
147
50
50
12
74
126
101
121
79
87
130
83
51
200
154
57
177
132
124
82
174
153
89
160
30
56
101
66
187
64
46
33
81
69
139
82
105
87
49
109
223
114
108
86
97
91
30
212
163
65
240
91
72
51
49
82
42
99
93
45
57
145
157
115
118
62
96
106
20
56
127
69
102
145
90
96
53
82
79
159
142
106
116
86
159
97
114
26
127
92
92
106
149
81
87
56
83
72
91
99
65
152
64
130
40
123
41
142
183
106
93
69
47
127
177
54
58
152
152
186
95
34
113
107
43
69
236
74
122
158
189
71
89
117
74
178
89
37
191
117
195
53
58
135
203
90
126
160
116
130
65
144
168
93
106
141
24
124
93
150
15
110
133
87
43
35
120
44
68
92
135
97
60
135
50
15
58
105
76
46
135
161
32
75
78
63
155
27
61
73
70
91
69
124
138
17
158
113
145
83
132
100
142
23
105
58
27
36
111
152
106
67
62
191
136
141
212
60
120
236
109
75
105
174
140
18
70
154
57
166
29
87
32
172
165
70
74
22
116
126
133
188
100
107
169
153
158
118
86
123
138
172
102
144
79
112
96
158
57
204
155
100
120
73
113
118
148
143
19
42
202
126
167
150
63
122
12
183
174
79
175
87
83
120
149
148
44
52
109
50
68
50
47
83
115
137
240
45
54
43
111
86
148
103
102
19
96
94
109
110
63
49
130
118
81
167
147
59
33
96
140
23
98
80
82
129
99
29
200
100
118
114
108
126
110
54
125
116
92
138
131
52
72
194
63
115
204
62
43
96
155
161
133
124
186
62
173
209
190
91
162
146
136
173
160
193
128
131
23
93
70
51
81
77
112
21
134
94
110
92
64
95
97
87
219
97
120
92
127
90
23
84
59
117
23
173
107
66
125
126
180
155
128
43
58
163
142
102
151
40
155
31
66
42
18
161
45
189
70
73
131
111
58
76
194
85
126
49
102
58
143
178
70
150
140
64
214
156
200
213
109
136
178
70
131
39
67
76
171
155
99
140
43
119
177
200
48
108
80
160
62
54
193
173
130
155
72
147
179
65
201
148
91
92
143
177
130
81
49
142
194
224
157
35
127
130
99
39
86
67
96
133
122
60
31
46
157
98
60
138
55
61
66
86
69
141
37
167
68
122
49
178
133
82
153
40
81
132
108
24
138
32
78
67
84
137
135
158
38
90
218
133
152
123
85
77
105
160
121
90
112
16
151
101
95
99
106
96
109
100
82
54
150
67
75
111
14
69
61
56
102
145
25
65
80
82
106
30
29
161
144
66
113
135
175
108
59
87
195
68
149
153
41
79
87
75
39
103
96
28
82
195
29
12
59
188
34
127
141
15
191
158
68
96
87
57
115
118
70
82
46
146
110
85
111
77
106
174
172
110
115
79
102
72
77
115
107
73
26
92
35
133
190
146
138
157
28
175
55
102
173
248
172
112
153
53
45
87
105
83
32
74
51
23
84
128
42
154
21
180
239
101
13
47
25
149
108
184
92
100
154
48
53
23
157
132
193
79
61
58
66
48
172
45
57
31
119
25
103
117
96
151
27
169
225
41
124
64
78
221
75
108
87
45
199
104
141
36
56
41
88
44
152
61
127
118
95
142
38
148
120
96
71
177
81
109
76
76
132
190
48
68
79
52
54
80
31
152
25
75
55
62
82
157
110
78
97
139
26
59
39
63
59
73
133
68
120
14
80
199
173
99
67
149
96
99
104
63
79
135
45
107
75
93
130
202
91
88
88
84
58
88
120
165
106
141
88
130
50
181
38
15
103
104
107
40
93
53
198
34
98
28
89
93
80
66
15
90
73
108
197
91
71
58
67
127
143
30
136
27
128
123
209
154
128
138
166
25
168
134
150
34
40
68
125
97
162
98
37
111
61
69
176
70
167
88
143
128
131
62
156
63
128
104
48
42
162
90
69
120
74
110
140
141
71
120
111
183
157
162
79
168
88
99
73
157
149
96
166
117
158
186
146
177
156
132
99
242
123
33
84
152
89
48
91
229
161
102
138
71
154
101
143
158
75
83
86
79
127
140
69
126
124
66
101
115
47
108
101
55
186
44
78
118
83
66
95
114
97
69
32
92
133
61
208
85
105
109
151
45
97
79
225
142
184
161
66
18
15
37
101
37
77
182
90
141
55
97
59
93
23
128
159
42
89
110
87
97
59
79
23
121
151
72
94
51
143
100
52
102
115
198
135
49
132
97
58
122
25
219
57
137
43
24
103
45
136
65
33
199
57
71
98
88
183
158
101
35
158
52
99
112
77
168
69
90
52
91
103
107
90
76
55
70
180
105
125
74
131
165
52
154
56
65
96
122
158
113
184
42
118
82
147
71
132
47
57
26
92
136
173
17
92
190
47
169
55
134
74
89
38
34
102
179
81
24
218
135
38
148
206
152
199
98
155
67
55
157
76
110
112
128
163
66
50
139
60
96
84
69
184
81
100
50
109
103
61
123
161
115
120
54
123
24
50
30
83
101
69
165
113
91
172
76
199
147
82
178
14
134
74
87
32
162
110
93
84
147
69
43
79
27
68
23
73
176
96
186
108
258
129
34
32
150
80
118
119
157
54
53
54
58
6
52
179
84
51
86
53
102
75
132
44
255
164
107
45
93
80
125
45
154
159
38
37
67
13
78
30
32
94
74
17
44
82
149
92
64
124
206
112
78
176
103
139
146
116
79
100
131
138
50
122
71
77
46
70
61
14
82
94
126
65
32
213
74
87
175
130
155
133
69
174
98
111
18
49
71
118
119
174
185
114
134
149
30
55
136
58
50
134
225
153
58
118
77
160
30
204
24
92
88
112
164
160
100
68
47
74
87
99
173
14
62
26
88
99
57
126
162
48
169
91
115
157
100
88
98
54
67
72
116
66
168
105
107
65
147
66
111
126
175
47
161
39
70
172
14
112
121
