340 346
549 249
59 255
443 793
269 219
197 719
172 385
297 577
118 293
18 86
604 511
218 171
437 410
12 229
415 715
120 359
654 513
310 752
268 376
242 211
149 583
406 114
192 453
288 421
751 280
362 650
212 295
182 224
51 541
351 662
425 706
220 243
451 106
407 524
88 143
365 750
704 514
147 26
76 585
117 131
710 35
105 59
466 789
444 96
304 132
363 690
508 389
449 578
75 182
151 686
608 761
758 398
519 397
113 256
185 586
750 483
178 417
349 561
211 448
228 535
741 213
79 363
156 416
577 6
378 523
612 127
539 16
524 794
125 348
375 154
346 480
334 386
435 633
447 355
182 188
106 331
56 561
142 257
573 752
328 650
42 758
250 141
700 323
558 556
650 350
709 310
756 576
362 578
496 539
543 763
34 306
177 788
719 88
39 338
156 361
623 744
706 585
542 103
772 476
233 529
642 409
638 257
419 568
40 10
724 267
647 576
66 529
673 161
703 674
502 768
85 702
650 70
3 466
636 542
309 321
383 81
682 216
562 184
15 717
79 67
614 336
264 463
779 779
56 711
522 128
683 540
558 283
10 163
526 211
308 569
525 327
154 588
775 312
167 17
89 664
678 616
274 634
745 272
125 304
102 567
492 335
376 412
533 328
633 295
94 531
555 57
491 444
570 738
399 613
638 490
608 598
75 250
583 115
496 578
155 717
11 92
348 648
778 600
693 607
487 262
729 553
50 554
570 571
686 330
123 389
657 88
252 751
727 525
190 660
357 572
776 655
27 681
237 610
594 373
186 530
443 691
116 269
733 191
599 216
59 455
125 39
623 3
336 740
602 221
273 27
792 236
690 623
138 71
756 566
77 762
301 715
469 623
526 409
485 3
403 621
303 461
471 669
280 81
464 370
464 645
295 96
162 510
427 340
655 624
440 767
605 738
60 295
789 760
444 13
364 102
342 484
115 360
177 382
557 369
117 501
651 633
34 657
478 503
539 485
302 357
196 220
719 52
309 725
281 655
48 701
265 386
94 729
328 383
218 492
611 269
341 354
135 236
191 384
376 748
775 484
17 250
142 530
216 354
750 126
354 592
190 592
470 251
91 585
378 444
704 527
342 682
582 187
348 249
194 776
641 770
274 551
704 75
169 168
127 799
183 382
71 786
492 361
633 728
108 306
120 225
381 777
648 787
197 240
332 714
133 606
165 574
796 156
304 482
318 82
769 205
390 352
638 531
650 737
329 703
534 463
347 723
562 627
772 72
196 212
469 382
54 31
455 794
121 56
38 53
439 163
589 459
39 485
123 679
486 500
605 75
503 290
435 300
536 437
608 544
349 55
611 143
298 583
399 285
133 354
109 249
114 163
656 728
428 263
254 253
405 241
215 629
33 332
178 204
239 283
448 481
604 504
68 103
732 579
249 423
562 110
797 431
182 261
23 664
207 773
308 647
418 636
368 351
406 179
661 702
107 747
220 713
469 653
657 231
314 119
421 408
627 312
221 166
51 66
399 518
238 388
547 418
778 396
502 114
300 31
230 503
568 429
689 127
717 76
215 502
476 683
426 383
758 208
402 724
595 55
404 758
261 198
353 373
633 40
681 2
86 447
614 3
27 751
786 432
82 181
477 23
131 444
689 639
318 193
556 338
476 664
554 757
123 473
793 104
481 143
47 404
713 150
345 206
274 379
481 777
70 61
1 751
242 380
48 115
711 283
244 745
619 452
722 353
259 352
401 597
500 701
793 599
222 501
77 226
184 30
46 210
175 516
650 677
306 544
665 537
198 176
30 40
341 764
580 451
258 387
409 495
225 382
159 291
69 284
126 229
154 226
170 312
54 305
54 265
69 322
138 258
88 153
127 389
199 364
354 369
68 164
96 135
320 364
30 196
31 262
54 59
244 312
95 272
97 348
72 148
94 237
179 360
180 282
136 305
63 181
285 292
181 353
132 185
2 90
15 68
197 200
21 328
4 308
169 296
21 43
18 23
225 376
232 237
27 74
12 329
53 77
20 139
9 283
39 187
146 274
306 369
108 301
87 102
139 242
304 322
49 168
25 156
64 102
74 331
79 273
37 180
89 147
220 252
148 169
3 42
190 245
65 152
13 235
270 291
18 372
203 391
181 355
0 230
270 321
99 343
114 247
166 379
152 289
173 363
54 131
67 78
155 311
342 367
190 222
123 189
3 281
48 259
94 212
177 238
273 396
191 196
228 339
268 294
268 328
224 356
71 243
277 367
16 293
7 136
331 350
56 360
264 287
6 232
17 35
145 352
10 83
144 286
193 359
322 371
273 275
186 312
46 130
2 13
53 151
67 373
49 110
166 222
283 311
195 210
212 298
247 297
20 265
8 151
231 299
91 379
10 293
29 275
52 292
66 145
110 134
60 104
2 299
221 367
91 318
16 113
104 269
74 252
51 55
58 313
119 283
270 345
75 138
180 280
155 377
257 365
82 378
247 362
19 220
166 318
120 363
63 145
1 159
6 62
121 343
52 198
251 342
26 237
87 129
285 335
71 270
346 370
290 302
93 206
133 388
116 177
96 188
329 345
109 365
152 165
247 302
11 394
70 210
146 309
136 223
349 396
25 383
172 296
46 213
105 203
5 168
121 386
28 112
70 267
43 337
71 195
128 178
331 394
270 329
14 35
18 334
114 230
60 370
160 312
63 355
283 377
189 226
50 78
131 174
364 384
7 57
60 346
252 394
87 169
39 377
129 136
83 150
58 343
158 312
219 382
79 245
299 387
71 219
333 399
339 390
374 395
187 282
174 236
14 233
152 337
38 106
143 163
61 369
62 366
194 320
33 399
171 224
85 137
50 249
6 212
196 364
8 231
92 221
173 330
12 146
21 294
28 286
374 377
114 351
122 301
84 163
32 208
118 189
341 342
356 375
56 164
130 213
14 30
28 139
5 287
10 285
236 366
157 188
29 273
214 360
147 205
219 372
96 393
68 211
164 354
29 45
266 346
50 301
262 307
94 298
256 290
50 323
174 386
199 344
23 121
41 180
116 346
146 217
148 194
367 370
61 68
22 56
22 390
297 321
343 390
42 67
34 48
105 150
229 330
103 283
315 381
225 334
13 127
13 48
283 374
6 298
82 381
58 121
9 374
124 368
44 328
145 193
54 174
52 130
63 352
75 306
30 364
177 185
15 258
22 313
56 254
352 355
323 391
64 210
115 209
101 330
58 62
28 106
311 395
42 349
21 209
109 384
110 123
218 288
129 239
212 237
43 115
224 226
62 254
58 386
8 299
88 309
134 216
36 167
3 204
65 289
84 173
128 246
11 331
42 89
194 199
117 124
110 224
23 225
55 167
197 294
101 229
37 388
27 220
257 261
29 263
232 334
110 154
50 205
271 393
1 117
265 390
26 262
23 195
125 393
99 228
57 169
63 111
33 47
207 301
184 338
256 363
281 373
113 393
78 272
165 289
91 248
73 256
162 276
50 261
215 323
243 399
16 393
241 304
274 288
86 167
99 390
108 323
248 253
117 128
72 196
85 378
182 273
140 256
241 290
25 194
173 335
123 356
64 169
55 188
157 385
141 270
4 362
189 324
32 124
174 265
132 378
279 329
285 310
65 295
108 215
93 306
180 187
18 398
101 327
282 311
8 53
251 277
72 326
70 195
99 386
19 394
82 143
71 141
83 293
253 255
151 387
228 390
307 316
157 170
186 361
204 349
125 312
360 366
315 336
270 297
58 228
202 270
259 300
71 230
69 209
16 271
1 290
7 250
171 356
213 292
308 382
236 390
214 354
250 392
17 182
114 227
41 187
65 97
72 194
231 307
307 331
168 172
102 194
41 311
254 334
105 158
53 176
257 391
289 352
9 280
14 349
196 199
105 215
341 370
332 374
79 319
186 203
87 392
263 396
139 236
111 342
196 344
286 354
43 284
109 204
140 363
119 282
204 347
30 175
83 153
123 224
18 227
107 177
20 240
53 259
123 287
73 198
57 383
54 168
31 74
21 284
117 152
59 228
47 102
21 322
144 242
148 239
50 95
92 341
372 376
348 352
45 233
213 340
36 393
40 92
151 176
150 215
141 329
10 16
174 228
65 341
100 173
103 395
340 397
63 348
31 307
303 350
121 267
73 140
47 153
285 397
238 266
209 294
78 257
23 372
189 224
62 232
25 79
92 107
8 258
82 85
142 290
62 212
65 111
27 307
111 221
145 348
291 297
103 332
56 94
140 198
81 331
232 254
146 279
68 138
61 164
151 231
121 339
274 335
37 41
323 361
26 316
80 110
241 291
75 258
12 73
199 326
284 337
135 203
226 356
83 162
145 289
13 151
40 111
19 331
63 289
182 233
267 392
2 235
35 273
15 94
228 386
36 125
32 337
92 251
46 146
310 397
248 325
38 139
86 385
34 127
187 388
321 345
50 147
78 205
63 66
91 154
33 169
131 242
335 340
248 379
40 352
96 186
138 299
2 206
92 165
19 303
51 357
32 284
60 137
214 390
191 344
21 32
182 396
123 216
192 335
168 287
43 124
33 57
39 311
313 376
55 357
344 364
274 340
159 304
135 361
238 341
272 323
258 299
301 323
57 296
135 158
61 298
65 117
213 363
239 383
299 389
38 264
197 268
220 278
65 165
79 156
134 226
189 375
175 320
201 265
275 347
9 377
141 230
174 390
210 243
145 359
84 85
7 239
27 278
46 73
142 363
284 368
187 374
161 214
17 273
238 342
285 340
74 307
17 396
123 317
54 240
174 343
210 267
158 215
76 286
60 378
138 176
67 281
146 335
200 294
290 291
96 203
347 349
152 246
46 52
1 178
118 216
60 266
112 354
49 287
119 377
78 95
155 395
121 195
188 244
220 307
135 215
119 280
113 125
77 138
78 89
76 242
280 283
78 147
184 200
149 293
13 387
167 234
4 350
101 120
292 397
43 368
120 173
14 204
201 386
170 207
89 109
196 384
46 142
128 241
75 164
115 208
302 322
71 372
7 296
350 362
2 151
64 333
81 268
126 128
318 379
8 176
165 352
52 213
30 349
36 55
75 211
11 252
66 97
53 258
31 308
84 143
184 294
48 389
311 377
46 335
71 321
214 236
118 171
44 81
109 281
191 326
16 105
31 303
97 337
24 137
123 226
27 316
229 246
108 207
6 56
148 383
22 62
387 389
227 351
95 301
230 270
188 385
105 393
172 305
21 115
348 355
247 304
227 321
376 398
29 194
49 154
335 397
219 351
309 399
42 204
313 372
182 245
232 376
238 277
155 374
108 391
201 228
55 234
15 164
354 366
140 291
110 287
125 160
66 355
22 228
17 275
231 387
353 355
93 258
131 264
19 362
307 394
94 232
46 256
34 389
177 370
80 189
266 269
160 385
76 214
294 338
334 398
90 151
37 282
126 143
49 325
3 109
154 248
140 290
56 58
139 214
88 288
144 236
148 156
201 236
194 239
156 239
144 201
73 345
262 316
100 285
96 361
70 141
162 293
41 133
22 58
83 88
41 283
82 104
73 202
109 147
27 252
70 243
135 391
293 310
155 332
279 345
195 243
141 227
139 161
123 171
321 351
113 271
26 31
39 358
25 319
14 347
136 156
273 319
117 295
69 268
82 84
146 292
13 389
79 223
134 317
40 251
115 268
320 383
263 273
288 309
89 373
83 310
46 279
309 333
69 328
80 356
195 313
41 280
9 155
12 141
179 286
44 200
180 374
20 264
53 299
80 324
198 279
184 197
45 275
54 264
295 314
102 169
40 353
254 376
58 339
108 170
119 395
28 76
23 398
192 340
117 183
262 278
252 307
250 296
0 321
217 309
198 345
178 229
154 324
48 151
15 75
73 270
52 146
245 275
65 348
233 347
278 316
234 357
143 229
130 142
72 320
1 229
126 330
222 275
27 231
97 289
188 312
18 313
45 245
60 177
167 393
175 196
95 249
198 256
132 381
237 382
110 216
47 383
201 343
127 155
151 259
35 347
6 237
2 176
252 331
17 222
224 317
191 320
116 327
238 251
131 240
114 382
225 372
253 318
145 152
340 380
24 381
35 233
75 206
320 326
57 333
111 165
246 295
27 259
9 119
173 340
77 299
117 178
220 262
227 372
111 348
296 392
101 116
41 282
282 374
186 215
99 339
280 332
72 102
85 143
19 262
111 353
97 368
46 140
19 81
59 343
132 137
249 261
96 105
156 194
66 348
96 125
45 263
152 348
56 232
88 218
12 345
183 246
18 376
119 180
372 398
15 138
272 301
92 342
202 297
233 396
118 123
334 382
200 328
47 72
4 331
104 163
380 397
53 231
85 132
65 107
83 276
110 118
192 397
138 211
25 245
25 320
85 381
153 199
157 160
190 273
113 162
185 269
43 208
52 142
31 278
141 351
59 339
24 82
274 292
205 257
53 206
378 381
182 260
48 387
300 358
131 305
327 378
123 375
10 149
192 213
164 369
178 327
146 218
271 293
12 309
129 296
120 143
250 386
200 209
153 191
82 163
32 368
43 359
179 354
209 328
108 135
195 267
98 357
45 79
95 261
91 166
4 11
237 334
11 74
124 314
129 250
181 289
51 381
159 302
259 389
34 311
65 314
166 248
36 98
225 313
109 373
158 186
133 180
11 307
61 306
4 31
34 300
245 263
221 277
226 287
39 48
357 381
92 367
167 244
159 290
82 330
86 157
289 295
30 326
123 255
26 303
4 371
44 268
106 286
233 260
282 332
328 338
96 158
24 85
106 179
140 159
131 236
115 200
96 312
116 378
202 256
192 256
225 237
35 396
67 365
101 183
105 271
5 49
268 338
62 164
174 240
105 186
131 139
224 324
156 273
5 154
190 379
200 338
197 209
103 374
111 352
169 239
148 320
10 397
45 156
9 395
219 225
10 380
25 273
218 397
231 259
77 176
135 312
198 329
189 253
182 263
48 300
85 163
25 148
182 190
31 316
166 325
167 188
78 365
337 368
52 335
278 394
139 264
86 244
45 273
230 351
27 262
86 96
110 189
26 308
182 275
312 385
98 167
128 368
30 347
97 124
42 373
27 77
165 342
90 306
86 312
213 256
241 302
55 315
218 310
5 379
245 273
169 383
207 323
115 328
2 53
274 397
220 316
106 214
85 104
283 395
262 308
108 122
106 139
244 393
123 134
76 106
35 45
118 224
241 297
161 242
296 319
82 132
112 369
20 174
274 285
89 205
288 399
192 274
200 268
326 344
0 351
40 165
59 174
122 170
228 313
222 245
111 341
93 369
339 343
56 212
46 198
278 307
250 339
179 366
64 70
80 224
24 269
52 140
24 378
23 267
244 271
176 387
151 358
119 332
218 274
81 350
130 256
145 314
77 316
258 306
37 187
103 280
209 338
193 208
178 295
176 231
51 336
266 367
67 89
73 329
75 94
74 300
41 388
61 75
137 185
133 282
172 250
92 370
121 228
114 219
176 299
104 185
45 182
74 220
259 358
303 308
285 380
190 223
362 371
36 149
51 315
190 275
16 125
161 286
149 310
129 392
275 396
44 69
7 87
71 351
5 91
12 243
112 179
261 272
77 231
17 166
49 134
33 64
122 261
143 330
57 129
12 198
164 254
165 348
289 355
120 126
257 301
7 129
27 31
302 304
141 243
139 265
136 172
16 149
281 349
205 272
56 62
155 283
257 272
227 230
55 244
132 336
2 387
48 127
74 262
248 318
38 161
131 265
160 234
113 310
202 291
219 227
182 222
240 264
74 394
5 318
289 314
174 201
166 190
113 149
181 352
104 132
110 324
6 68
17 379
24 346
236 265
5 325
206 306
142 256
32 322
46 192
95 147
328 362
24 185
326 364
90 206
211 298
231 316
116 370
105 113
194 383
198 202
191 364
87 148
79 239
332 377
271 310
66 181
221 238
210 333
229 327
104 327
59 390
117 246
44 294
138 298
126 178
189 356
157 312
1 126
137 269
168 305
217 399
101 178
107 295
101 143
111 251
10 271
40 342
16 310
205 365
171 375
354 360
17 263
179 369
68 298
77 262
101 378
205 261
223 305
247 371
38 144
68 258
133 187
29 319
163 378
28 144
125 244
284 322
249 257
192 285
32 209
0 71
196 326
183 229
125 271
8 206
213 335
260 349
6 94
32 359
115 294
97 152
149 285
134 224
217 218
154 325
136 319
260 347
118 375
110 171
202 302
0 141
336 357
167 357
315 357
20 131
119 187
87 239
126 142
136 296
50 89
144 366
35 275
215 361
24 60
205 301
201 214
52 256
264 265
35 182
67 109
253 324
272 391
59 250
175 384
47 148
325 379
202 321
96 157
1 246
117 314
178 246
334 376
86 160
197 328
54 172
164 212
151 299
28 161
310 380
190 263
232 298
28 38
107 327
206 235
10 162
121 313
14 175
102 148
71 227
208 359
258 298
79 136
76 144
76 139
105 293
111 355
55 160
107 370
222 396
23 313
0 372
134 171
47 191
203 215
15 211
60 185
216 317
344 384
96 160
52 340
146 288
19 31
217 274
110 317
175 347
108 186
150 293
365 373
156 223
210 392
214 366
141 321
130 290
153 276
314 337
144 161
32 43
207 272
269 346
18 382
163 330
36 271
87 296
73 291
49 324
92 238
259 299
165 251
160 244
124 337
283 332
219 230
72 383
95 205
100 380
175 364
151 206
92 111
287 324
90 93
126 183
30 344
140 142
64 399
102 333
185 346
280 395
20 54
37 133
119 374
292 335
19 27
51 98
145 337
196 320
168 240
87 194
205 249
313 334
129 169
343 386
94 254
35 263
255 324
211 258
94 211
31 350
105 125
106 144
36 234
78 249
44 209
192 292
15 298
222 273
68 75
68 94
106 242
62 94
224 375
44 362
8 68
10 310
297 304
167 312
4 19
238 367
2 389
41 374
382 398
159 241
90 235
151 235
151 389
130 159
48 377
80 375
113 150
21 368
176 206
294 328
72 344
88 217
165 341
191 194
113 244
11 220
233 349
3 349
164 211
153 162
318 325
53 138
245 319
1 241
128 183
361 391
38 76
216 224
165 295
72 364
164 360
107 341
263 275
107 165
7 172
172 223
108 158
28 242
239 296
204 260
7 169
66 208
84 330
158 160
8 77
301 391
11 350
186 391
256 279
59 386
69 115
84 120
15 61
25 239
61 211
37 374
124 145
297 302
177 346
252 300
262 303
230 372
206 258
103 119
37 119
175 344
147 257
160 167
178 183
42 281
257 323
84 100
5 248
215 391
314 348
77 258
94 164
80 118
259 387
183 295
140 202
221 353
97 145
240 265
10 113
204 373
134 287
22 343
280 282
81 328
118 317
277 342
120 213
191 199
255 356
25 29
215 276
84 381
160 393
70 333
143 378
10 393
25 45
232 313
16 380
36 160
125 167
23 71
84 229
120 330
57 239
158 361
80 123
114 321
104 116
342 370
34 119
81 394
29 79
205 323
43 209
169 392
8 75
243 329
73 279
125 149
87 383
143 327
164 298
249 272
92 277
124 152
113 293
149 271
99 174
147 365
33 102
146 192
168 325
81 200
154 287
95 391
221 251
311 374
376 382
237 398
332 395
124 128
33 333
104 346
251 353
308 316
149 380
177 269
74 278
31 220
3 260
184 388
126 130
156 319
228 343
108 361
7 392
98 234
59 240
35 260
222 263
18 219
249 323
16 244
89 365
5 305
150 203
173 213
181 348
352 353
98 244
98 336
201 366
39 300
86 158
154 318
81 197
5 166
34 377
72 199
218 285
278 350
34 39
3 373
99 250
291 304
41 332
134 264
22 339
27 394
57 87
69 371
20 242
238 370
19 74
57 64
9 311
202 329
130 140
231 262
242 264
53 387
20 236
82 137
35 349
16 36
144 214
38 242
18 225
225 398
140 279
100 397
202 345
233 263
47 88
209 268
59 99
293 393
86 170
120 229
95 365
236 264
44 197
72 175
192 279
221 342
240 305
60 269
358 387
202 279
386 390
220 394
282 388
0 114
41 119
102 383
21 69
106 161
160 188
246 314
130 363
372 382
77 259
9 332
135 186
11 19
158 203
261 301
46 292
19 350
0 270
98 315
57 392
67 147
170 385
96 244
311 332
22 386
212 254
163 381
204 281
292 340
64 87
142 213
122 207
72 191
49 226
189 255
199 320
218 335
45 347
52 192
203 361
226 253
12 279
1 183
137 346
176 259
154 168
34 358
233 275
165 221
112 286
169 333
126 363
150 162
6 15
75 298
61 93
217 288
66 193
17 190
105 135
252 278
128 159
69 362
260 396
123 324
326 384
6 164
48 358
111 181
251 352
42 109
336 381
150 276
237 376
91 253
223 319
218 340
260 275
29 245
250 267
254 298
50 257
46 363
20 38
219 398
50 365
14 45
8 138
0 219
22 360
24 132
36 244
334 372
176 258
52 279
251 341
126 290
339 386
171 317
39 252
104 137
210 399
177 266
30 204
127 377
70 399
44 350
184 268
24 104
218 292
141 345
1 128
50 272
180 388
234 315
86 188
76 161
11 81
230 321
118 356
104 378
29 156
75 93
280 374
32 115
289 348
55 98
171 216
19 278
95 323
156 245
6 254
126 159
137 378
40 277
33 309
63 193
226 324
270 351
235 389
97 314
152 295
52 274
149 393
80 255
23 227
66 359
291 302
358 389
313 398
11 278
107 116
152 314
175 199
18 237
237 254
212 232
110 226
249 301
322 368
139 144
43 193
174 339
197 338
40 221
226 255
304 371
172 240
62 360
80 226
251 370
142 173
60 116
119 311
120 163
175 326
95 257
111 289
201 390
0 227
4 303
65 246
183 327
77
122
159
68
76
261
112
65
115
17
92
124
36
165
53
119
89
94
55
112
109
81
112
55
119
173
42
107
114
58
116
145
124
35
38
206
169
104
52
133
47
109
83
46
58
128
80
155
113
179
144
105
46
94
95
27
87
52
96
70
83
162
171
55
53
62
55
78
9
158
27
12
35
62
220
11
60
130
45
134
132
146
25
96
25
123
68
182
100
88
39
83
38
152
109
100
65
183
89
129
138
29
90
240
129
193
31
169
67
78
127
160
51
67
183
67
77
62
105
119
51
74
87
138
52
146
76
74
52
125
75
183
86
36
209
56
97
84
46
76
54
191
112
188
57
116
82
60
154
108
85
85
152
74
28
65
153
99
126
144
190
102
59
164
150
58
102
188
104
29
15
148
45
88
154
112
65
49
64
115
117
109
175
220
181
30
121
144
86
137
127
67
78
115
47
83
183
55
146
42
87
10
121
122
75
107
109
74
101
113
123
27
153
88
30
61
132
96
143
164
52
118
38
37
73
113
61
11
13
121
55
178
115
156
159
71
140
370
79
187
104
133
30
137
114
21
133
167
61
115
76
106
155
75
76
131
21
109
43
134
132
41
55
207
144
130
120
63
63
163
154
15
272
72
80
71
177
48
160
122
76
108
124
298
78
123
140
85
86
37
95
148
100
30
96
162
185
117
130
86
89
86
124
75
77
80
113
56
107
108
41
140
202
55
100
71
158
84
55
163
140
49
99
48
79
138
28
45
52
172
132
7
222
78
120
85
116
67
90
48
55
29
86
56
134
189
47
49
189
159
146
50
31
75
14
189
85
185
39
101
52
45
103
65
56
119
67
64
177
113
42
175
134
176
120
131
71
45
99
32
98
33
65
105
167
77
81
103
43
65
119
77
162
75
121
150
103
38
98
14
41
25
80
93
100
73
103
126
34
82
86
102
70
116
35
125
111
88
21
56
176
87
117
84
54
115
138
35
106
30
108
51
111
98
108
95
108
50
71
87
46
90
58
118
147
194
143
159
91
99
26
78
126
179
45
47
127
36
47
55
104
131
151
118
148
26
70
157
114
87
128
85
40
163
28
60
127
61
76
179
62
173
221
128
61
82
55
63
153
134
52
41
88
43
90
109
104
65
121
97
94
131
95
126
202
77
46
75
68
164
116
50
109
49
30
140
89
120
127
98
74
52
233
24
45
144
65
105
47
152
106
106
110
153
100
55
18
72
109
82
175
113
98
116
161
134
164
87
63
82
25
170
70
77
44
131
66
99
59
213
72
157
82
173
93
20
77
100
58
66
105
170
67
95
181
76
68
82
50
86
174
173
126
65
139
147
89
97
41
148
120
119
105
77
136
100
137
28
145
58
168
176
137
114
54
105
35
105
228
62
161
76
145
36
70
50
138
189
61
59
89
156
69
18
160
31
85
179
165
154
71
109
143
39
136
112
201
79
26
198
70
117
159
110
88
166
67
34
74
77
11
48
40
79
108
147
101
157
68
146
198
93
91
185
38
140
154
226
105
70
140
129
67
42
101
69
49
126
91
100
79
74
63
26
109
157
149
172
58
108
101
135
126
106
161
225
75
98
124
136
117
206
124
170
12
70
46
58
93
211
107
31
86
91
151
141
54
108
131
57
121
113
202
76
42
120
108
63
38
107
107
57
64
86
63
17
62
87
143
256
95
39
122
96
70
102
137
110
76
79
79
92
136
108
27
183
33
137
76
53
54
66
67
113
134
96
124
63
45
30
101
167
89
85
181
68
124
148
89
219
58
176
59
90
89
161
61
86
114
182
147
91
20
84
58
156
219
152
134
71
81
164
97
48
105
83
80
128
208
59
38
219
113
142
68
123
47
174
138
70
57
107
134
114
193
81
103
56
202
82
79
116
52
14
156
71
70
41
193
170
88
243
123
106
113
107
188
107
106
111
11
107
73
121
92
107
100
30
95
163
20
153
107
48
98
65
18
152
17
94
69
111
130
124
125
115
146
155
123
48
70
122
62
71
78
82
80
89
57
68
84
181
85
131
100
93
76
90
124
69
73
11
25
169
131
114
73
125
44
97
48
37
158
73
64
81
96
77
157
83
150
114
95
94
66
88
151
36
110
56
38
155
104
94
11
108
115
102
164
21
127
152
72
20
62
116
111
114
72
100
40
140
74
107
144
19
137
47
41
98
90
172
114
132
184
107
87
59
93
46
157
183
162
65
47
160
90
203
46
96
36
84
28
92
12
29
82
66
75
108
39
72
124
97
81
30
158
99
126
204
94
73
44
70
95
193
152
36
196
102
161
180
102
49
36
128
66
46
99
141
65
123
43
202
101
96
100
107
131
127
183
40
161
38
106
92
122
141
32
127
190
41
70
118
22
52
133
126
235
197
44
49
125
91
187
112
146
182
100
92
179
103
103
32
40
68
77
114
111
70
86
104
91
179
151
179
55
32
176
96
128
123
120
130
101
138
126
85
196
188
39
153
84
206
63
171
36
216
163
70
127
66
130
69
73
96
133
113
75
165
65
93
149
100
83
66
228
68
53
22
67
168
130
52
95
157
172
104
46
64
108
70
157
67
66
77
119
112
46
54
100
22
93
47
92
67
189
93
51
65
57
128
36
29
109
87
170
60
33
26
139
67
57
36
190
48
155
185
74
67
70
273
225
65
127
108
112
104
17
106
256
115
63
89
94
112
39
180
53
167
136
97
73
138
79
118
127
48
71
76
147
78
212
206
146
73
118
31
99
92
51
114
153
122
96
156
81
104
142
94
131
133
61
44
139
129
54
95
144
84
55
238
104
195
39
35
126
46
151
77
116
176
81
137
161
198
179
130
52
49
112
58
100
110
95
64
120
50
136
127
132
103
192
66
65
93
218
125
62
156
88
96
57
32
169
75
49
145
38
106
96
116
194
88
91
57
26
99
38
66
119
53
75
149
98
51
131
27
84
146
135
88
175
141
21
52
24
201
92
48
72
36
90
43
104
131
44
105
124
93
139
133
67
196
181
86
70
73
127
127
28
86
158
79
22
53
56
61
195
56
60
142
48
113
147
115
75
176
116
134
146
190
108
51
102
72
86
127
75
52
175
91
108
58
152
53
137
63
57
131
116
171
125
56
73
30
132
139
90
117
122
68
83
164
58
104
93
65
51
101
147
206
66
23
111
121
81
137
86
29
220
53
101
105
100
137
114
89
148
103
72
154
202
60
267
26
9
145
43
93
88
88
139
64
91
94
150
85
53
109
82
100
113
72
87
124
111
91
170
143
107
168
91
21
67
107
70
162
54
20
101
54
115
56
133
172
150
56
54
142
7
82
117
130
76
90
134
196
102
80
68
72
124
106
125
21
5
92
30
51
86
68
142
62
170
181
154
125
104
156
126
153
70
74
107
168
107
112
25
347
28
69
138
160
83
79
136
66
77
94
37
44
48
60
64
20
144
63
120
165
180
39
192
63
99
107
129
86
61
102
39
33
40
167
95
150
101
75
78
104
97
61
16
43
91
85
65
99
71
103
28
225
184
175
77
38
86
50
45
155
87
179
109
106
21
94
108
33
50
122
103
78
29
69
141
49
125
208
79
141
209
84
108
72
40
109
115
73
146
48
138
79
220
61
70
113
173
210
137
74
65
182
90
133
84
46
152
198
107
105
67
80
121
61
223
86
170
91
100
65
110
40
69
102
48
45
175
82
210
221
103
31
152
91
183
104
158
164
65
101
29
12
17
104
65
95
53
153
161
90
130
77
227
137
149
91
76
132
81
103
140
73
150
72
90
176
48
131
20
185
158
146
143
187
135
80
131
155
66
48
112
236
74
49
81
139
90
150
132
165
124
64
109
104
80
64
165
83
112
81
201
73
78
164
91
73
101
50
50
63
82
176
157
68
82
28
56
43
153
85
241
18
139
118
179
98
41
41
48
115
265
97
115
10
72
79
12
164
75
45
116
164
89
19
116
54
99
172
106
162
209
104
32
184
193
149
70
111
62
159
114
74
92
64
182
67
181
65
112
30
170
94
86
133
117
158
146
49
133
131
76
130
168
92
76
95
19
19
8
152
205
84
60
73
87
17
167
216
74
119
93
136
134
63
52
105
62
52
75
58
83
74
59
66
37
151
86
60
196
98
48
87
88
14
93
64
102
139
59
150
62
94
108
85
158
78
83
10
75
65
79
109
71
37
96
163
39
137
110
74
38
75
81
98
123
79
94
128
52
82
196
110
116
164
139
95
90
52
10
83
47
91
73
112
73
126
115
165
78
11
98
86
65
113
55
72
129
71
72
142
54
223
96
113
114
88
58
82
124
29
55
62
83
19
87
112
124
119
75
18
43
67
28
100
148
86
119
160
179
154
68
96
112
89
64
87
90
30
19
64
40
78
44
38
179
46
196
66
42
75
125
113
91
23
124
65
214
88
117
49
91
98
35
94
99
122
120
72
167
84
69
43
86
104
44
70
128
46
16
41
128
244
59
117
91
69
43
97
110
80
106
83
198
208
91
49
135
82
28
72
40
40
38
193
168
