540 378
707 708
754 242
13 800
302 469
760 728
508 282
258 378
719 751
406 257
277 1
441 574
82 735
200 385
754 421
182 144
657 126
207 497
646 66
530 742
188 656
622 639
706 622
487 516
695 299
410 627
271 115
448 261
525 400
641 753
267 401
229 428
137 100
177 559
691 761
675 796
133 28
214 653
521 666
357 786
552 623
187 453
608 83
235 758
187 59
578 127
539 49
361 188
436 299
162 351
63 65
159 429
329 408
793 453
254 123
151 511
417 271
43 248
175 529
766 744
351 38
320 285
118 120
792 643
392 479
154 137
605 28
634 344
322 735
785 740
770 561
492 680
684 693
504 67
753 359
673 499
48 211
354 386
754 389
436 307
717 252
767 72
288 370
498 590
348 442
565 220
648 404
641 243
799 264
368 330
92 193
668 139
132 499
280 685
331 745
319 608
71 626
286 119
139 720
328 265
319 343
344 281
728 296
243 741
383 425
627 583
446 497
69 303
563 136
418 735
22 239
220 436
692 455
662 155
446 251
143 304
250 133
128 590
317 351
13 265
222 96
144 654
99 240
267 444
264 479
76 76
365 114
223 347
356 335
256 244
157 12
129 40
762 320
721 22
716 66
770 324
537 362
73 106
606 323
75 255
380 231
199 162
125 228
604 599
12 211
485 569
621 447
579 223
761 82
167 260
303 479
259 100
624 686
471 519
742 753
164 558
10 649
777 324
397 318
697 75
331 757
408 151
558 405
341 661
363 484
536 389
290 137
701 121
771 392
637 511
555 513
191 682
118 4
31 207
107 276
259 413
158 773
110 195
638 169
587 374
631 165
623 723
236 700
36 459
219 224
417 657
186 583
768 349
395 532
395 547
189 550
765 260
408 636
370 274
541 684
213 218
764 621
447 364
41 124
454 313
348 186
143 580
643 447
506 120
165 58
619 416
476 543
111 690
201 431
460 379
732 103
53 159
513 504
277 166
125 202
303 489
757 679
614 591
444 743
179 367
478 148
54 428
40 50
169 107
442 796
522 425
650 380
716 702
158 104
171 122
355 374
265 774
362 589
534 308
209 82
563 483
554 661
370 598
148 105
675 9
78 168
35 757
484 455
563 426
170 369
492 327
596 105
779 248
486 87
550 222
298 787
571 458
641 253
535 14
601 286
136 766
692 339
507 227
245 722
394 565
348 64
167 150
35 256
744 366
394 175
580 704
204 46
197 704
351 322
729 449
784 280
642 205
752 225
494 780
466 38
730 253
645 426
404 484
508 95
508 371
583 622
639 193
747 334
346 650
201 306
319 741
712 718
703 575
54 198
735 444
398 347
284 728
276 453
293 197
77 479
117 54
692 561
685 576
307 562
218 426
497 204
648 387
102 353
629 265
640 116
539 524
50 135
652 710
516 381
54 357
769 409
134 493
52 35
467 286
561 585
450 217
589 357
455 680
592 21
607 589
650 420
571 32
395 90
755 237
275 18
388 717
512 48
789 335
611 456
782 762
240 275
519 307
153 681
668 753
527 113
85 50
70 417
799 607
225 154
195 634
496 606
264 631
227 45
168 138
787 239
212 648
184 135
647 459
344 730
793 757
660 169
352 200
630 225
131 210
563 102
416 104
730 205
439 539
559 722
43 689
554 32
753 99
99 651
77 442
708 233
133 290
675 704
700 467
129 88
779 669
22 218
726 479
336 312
544 73
50 685
129 1
312 423
244 429
353 614
387 221
615 367
90 429
512 613
514 711
584 80
652 48
588 183
711 435
679 687
656 340
233 18
562 648
270 212
772 485
678 524
736 309
316 771
77 137
556 630
39 83
2 80
137 306
14 387
108 373
222 312
109 348
76 262
2 270
32 65
141 195
59 227
112 347
371 393
237 259
18 384
294 311
39 94
72 227
104 230
103 396
103 171
382 398
43 103
86 380
2 364
123 299
197 279
55 294
34 35
4 123
15 195
236 391
223 346
54 213
148 210
11 192
18 239
51 244
8 333
56 379
101 193
311 363
94 231
153 212
153 242
319 398
230 290
221 363
304 350
142 353
22 287
135 263
163 192
45 304
184 330
5 369
95 237
58 311
79 158
231 291
183 336
168 310
208 377
189 232
122 288
99 379
16 246
196 337
270 344
93 341
27 79
51 208
234 342
11 23
138 389
391 398
25 192
8 154
16 178
50 125
249 257
133 385
17 155
21 143
75 296
8 69
39 325
291 396
7 175
72 286
198 397
24 256
91 180
21 319
27 48
97 120
302 381
24 80
335 375
110 288
53 393
112 320
280 398
137 368
137 335
172 204
309 336
28 165
46 321
165 243
192 237
16 281
306 397
206 212
160 396
142 240
292 377
86 301
32 204
14 78
86 276
20 171
314 382
75 112
97 338
20 98
23 206
57 174
271 386
32 229
121 267
74 168
55 155
181 366
63 216
144 211
123 376
1 307
160 291
193 372
143 398
87 281
273 358
68 325
141 229
173 370
65 223
186 190
318 321
28 279
64 277
207 359
18 304
93 291
168 282
54 116
206 340
114 313
126 260
186 345
81 159
11 145
52 150
12 207
84 376
131 204
223 266
16 113
55 92
40 398
278 326
135 282
119 262
195 330
352 386
161 355
182 267
113 304
267 332
53 168
57 139
22 297
56 79
146 251
69 329
44 228
28 243
183 294
324 342
62 229
95 259
272 275
47 264
56 140
21 152
49 244
50 295
130 295
42 45
19 265
85 300
45 384
198 399
131 172
18 246
2 344
229 234
203 248
171 182
199 290
33 58
252 303
30 82
59 216
146 169
46 384
33 155
168 289
9 140
80 323
38 340
172 312
158 268
74 263
225 251
200 293
84 150
11 259
21 398
170 235
10 266
45 354
45 334
133 239
5 154
43 231
102 132
252 352
189 277
73 354
17 124
23 106
72 388
159 361
29 333
40 217
339 341
300 315
20 182
165 308
33 92
158 290
139 262
105 143
125 335
37 171
216 227
3 374
48 199
336 381
62 65
343 346
182 291
44 204
205 347
194 236
28 242
236 358
100 101
180 271
86 205
115 244
92 155
174 365
105 169
204 342
108 334
228 343
45 108
305 314
39 250
107 119
59 349
121 374
16 159
257 315
38 236
164 215
279 308
160 348
260 324
58 201
70 296
243 308
27 199
78 269
54 97
183 363
194 358
207 374
21 105
55 311
65 229
62 397
78 387
108 203
206 382
96 359
252 281
9 158
198 240
134 239
9 193
37 341
137 397
267 339
161 351
192 378
91 304
175 292
3 359
278 373
205 251
138 226
115 365
81 167
280 382
180 352
13 127
145 305
43 176
4 376
83 382
262 370
112 269
131 375
112 276
140 200
329 349
36 335
103 285
128 290
123 215
42 246
21 280
324 390
111 292
143 217
53 269
57 370
1 34
7 118
57 122
41 92
75 367
107 174
36 131
263 310
51 381
152 388
320 380
77 230
158 193
171 207
180 386
170 251
218 383
42 385
139 142
272 344
178 281
110 173
286 366
141 343
2 272
99 372
33 186
147 254
91 148
211 288
81 133
92 311
260 355
136 233
37 258
112 394
250 285
88 272
123 175
204 234
106 153
38 358
185 283
153 206
90 177
29 34
49 284
218 224
164 189
276 328
0 165
75 287
205 380
89 290
116 234
82 118
26 151
167 350
150 376
294 363
76 370
66 360
132 282
223 261
204 223
41 55
207 332
272 323
162 225
114 300
6 245
89 158
51 219
94 325
196 369
122 142
142 177
85 352
179 316
43 258
159 239
221 294
90 214
313 331
108 246
270 395
40 83
93 163
253 326
126 200
9 47
87 254
206 357
116 338
229 343
228 346
6 199
73 248
122 365
68 250
30 376
287 297
68 291
8 349
154 227
124 292
84 215
132 327
132 187
31 208
198 306
4 292
83 145
376 377
166 213
96 156
160 250
160 325
94 160
62 240
139 288
65 343
85 249
93 345
191 270
93 95
153 305
96 117
192 259
78 282
107 262
335 399
205 243
328 347
191 356
338 392
171 332
41 208
180 281
82 230
16 167
149 330
84 104
19 383
294 336
203 220
121 362
157 270
11 188
235 305
132 191
4 215
228 238
272 356
221 302
5 8
5 286
90 122
87 303
186 339
110 144
155 201
146 243
293 351
22 337
21 391
17 190
208 244
104 277
212 305
271 350
37 339
18 159
299 377
90 240
121 171
23 145
232 283
165 225
43 182
12 255
6 249
99 293
120 234
20 121
332 345
143 391
39 68
247 270
14 371
213 392
136 316
130 266
128 193
44 234
23 242
152 236
229 346
187 327
85 386
276 380
51 336
252 254
88 191
147 352
102 187
8 227
7 13
116 166
8 329
240 306
13 208
45 386
173 288
19 38
337 369
138 316
238 295
109 224
10 390
159 385
49 302
219 244
260 322
303 352
59 154
205 328
39 285
74 132
113 350
37 182
135 327
151 166
16 304
147 281
42 66
149 284
79 245
83 398
225 308
132 270
189 237
226 256
189 259
123 208
207 255
121 201
47 161
233 331
117 186
42 318
236 398
125 198
108 384
106 357
113 167
112 367
122 177
41 58
241 255
24 282
77 84
207 362
15 223
158 372
22 63
138 380
46 278
71 317
119 370
265 307
359 374
62 368
238 261
253 318
57 144
21 236
12 362
275 364
321 384
73 253
0 243
244 284
213 338
2 88
31 111
61 372
165 279
159 304
236 382
250 396
72 366
264 379
133 159
204 295
9 27
167 304
120 342
115 149
217 280
46 73
106 277
178 352
113 178
66 318
95 378
253 321
88 344
52 100
347 367
73 334
39 224
27 313
178 304
124 175
215 376
241 374
191 323
152 181
117 362
195 392
92 190
149 174
20 186
318 360
6 233
34 333
157 263
276 347
17 55
156 207
125 368
154 329
134 361
27 56
126 161
222 399
12 332
307 366
123 292
141 184
171 339
239 385
248 326
350 352
174 353
162 205
198 211
253 360
233 245
114 379
74 282
202 205
20 345
13 49
157 395
247 272
44 120
136 243
93 258
292 376
178 350
312 399
66 385
82 175
40 382
90 142
28 308
257 300
46 253
107 139
264 355
227 388
38 194
9 379
34 366
354 384
176 267
333 388
41 299
194 265
94 250
198 222
175 377
128 372
48 158
266 390
16 91
268 290
157 327
256 263
147 271
285 348
227 369
127 284
17 31
32 238
144 262
105 280
204 228
274 278
136 308
61 268
166 338
145 212
95 341
194 398
30 299
107 302
286 307
87 364
132 395
307 333
125 397
159 210
57 173
13 31
142 365
4 150
136 165
48 313
252 271
65 346
19 194
233 279
117 190
125 137
107 309
111 208
301 320
281 303
62 228
140 264
295 312
74 395
302 336
14 53
256 395
127 219
58 186
53 289
115 284
42 304
25 317
11 25
278 354
74 310
288 370
166 293
103 267
89 118
93 283
215 298
284 330
249 300
220 278
175 299
37 186
172 335
31 292
156 359
14 74
212 242
134 159
171 258
106 188
204 375
55 58
208 219
188 259
3 12
169 328
39 160
95 232
261 346
135 187
87 147
286 388
64 164
76 90
23 305
103 182
12 359
90 353
247 323
141 261
78 263
126 355
89 101
76 240
203 373
117 201
72 152
155 311
71 382
66 239
67 138
45 373
264 322
60 322
26 338
360 373
76 122
147 303
149 184
134 167
51 311
134 385
19 224
26 166
321 360
128 230
13 51
2 191
211 397
70 337
33 190
44 390
98 359
42 354
175 208
28 225
127 330
7 123
98 255
211 306
188 232
94 396
191 344
26 54
295 368
112 289
86 389
202 226
102 135
275 323
106 242
61 99
144 370
298 378
120 223
200 351
6 114
51 111
358 383
179 205
94 291
258 267
51 92
113 271
103 291
75 146
181 388
131 335
38 398
129 392
182 339
44 266
100 268
235 243
42 373
229 238
145 206
235 251
373 384
226 389
28 209
270 327
194 280
48 79
15 141
217 314
47 293
283 378
120 151
202 276
12 241
225 243
113 281
141 346
50 137
130 172
203 278
89 128
216 369
46 373
135 270
48 290
14 269
301 389
359 362
27 114
83 153
159 167
91 159
248 373
30 111
286 329
95 283
5 227
321 354
233 254
323 364
151 324
282 327
162 243
75 202
83 314
98 362
67 380
246 373
60 324
37 332
39 348
289 371
51 363
147 386
209 245
86 226
197 209
306 399
15 228
138 179
61 128
145 153
380 389
32 131
61 100
57 110
22 216
126 322
5 216
340 398
265 358
236 280
61 89
279 331
263 282
199 313
117 121
115 174
40 340
2 102
71 218
145 357
28 162
334 354
134 148
7 377
181 333
57 76
191 247
89 372
269 393
38 382
17 92
211 240
238 343
157 187
205 226
163 237
246 304
133 210
12 176
173 211
36 130
14 289
223 368
130 131
90 288
20 267
8 286
206 305
33 201
209 279
47 126
256 389
354 373
132 263
48 114
178 180
105 297
5 329
43 291
269 371
148 167
46 334
109 185
101 372
80 191
31 124
7 127
89 193
128 158
20 37
38 71
38 383
320 347
228 368
103 176
223 228
9 56
0 28
125 399
127 244
111 377
108 278
32 62
64 104
79 199
19 273
15 261
72 333
123 150
102 282
71 340
293 392
146 202
249 352
32 343
194 383
80 275
130 375
36 295
248 278
116 213
224 325
121 345
161 220
265 383
360 384
94 285
82 376
13 299
73 203
27 257
278 334
52 376
93 103
17 33
119 139
64 106
187 282
103 250
221 381
136 162
124 215
301 380
69 154
193 268
152 366
31 377
46 326
0 316
220 334
226 276
288 306
220 355
97 213
210 361
60 355
85 147
118 230
77 118
63 369
49 365
34 307
57 262
91 113
9 79
27 300
196 287
285 396
120 338
254 303
96 362
244 302
170 212
14 393
263 327
70 196
139 370
47 379
269 310
232 298
107 365
98 374
101 268
75 394
124 150
66 253
167 210
83 357
205 276
188 277
83 340
4 84
11 340
140 351
147 252
99 193
40 314
47 140
27 315
11 357
23 83
166 200
33 55
132 157
105 217
0 179
316 380
68 231
247 344
154 349
74 327
46 66
85 254
270 323
146 320
236 383
228 229
200 213
184 392
59 69
106 212
20 341
55 190
217 297
46 318
168 327
6 313
77 290
50 312
100 230
227 286
250 291
12 98
5 34
164 188
165 179
243 328
175 376
245 279
173 240
7 82
248 274
31 123
93 285
1 333
0 279
190 201
143 280
8 35
95 163
199 331
318 385
120 266
61 101
74 78
83 206
315 379
284 365
82 100
80 356
44 130
264 315
63 70
274 326
34 227
271 303
199 209
183 309
59 329
150 215
87 178
231 396
268 372
218 317
382 391
332 362
126 264
23 357
25 232
42 321
42 384
130 390
25 185
32 223
371 387
189 357
131 368
131 295
25 237
76 173
74 135
204 368
218 273
234 266
249 386
29 307
14 310
68 94
179 243
213 293
25 259
136 279
227 366
1 5
148 159
50 335
139 174
67 301
241 359
116 151
226 301
145 382
177 353
91 281
231 285
197 199
310 387
105 296
208 299
68 396
120 346
65 228
43 250
68 93
79 290
91 350
99 140
152 265
68 348
77 128
119 144
18 66
50 222
186 201
125 222
164 277
122 149
29 366
258 291
109 218
191 272
20 339
146 276
109 317
75 371
296 394
26 97
160 285
223 343
323 344
172 375
40 194
44 223
55 201
214 240
93 182
30 377
180 304
31 299
77 268
130 204
31 41
321 326
118 268
37 93
195 338
181 307
41 111
17 41
1 8
202 347
16 350
112 371
90 173
13 175
56 158
29 181
22 196
339 345
43 396
80 272
248 334
193 379
143 314
92 183
97 260
317 383
332 339
182 258
226 380
168 263
19 358
209 290
54 166
123 124
89 230
109 325
142 174
338 346
285 325
62 238
169 202
1 154
269 387
63 196
3 255
232 259
240 397
202 328
98 207
26 260
105 287
9 313
188 357
76 144
16 210
112 387
271 352
78 289
154 286
88 270
28 179
80 364
109 273
87 271
170 305
325 348
116 120
22 296
253 274
96 374
73 373
19 71
50 399
261 343
144 288
371 394
129 195
351 379
110 119
78 187
215 292
7 30
151 338
101 128
185 378
64 357
97 151
102 191
125 295
104 376
62 137
266 342
17 208
295 335
1 286
94 348
84 164
145 340
95 298
243 251
38 280
79 197
23 153
45 180
224 273
4 124
367 387
276 320
73 326
38 391
238 368
162 179
134 210
59 286
110 122
296 297
294 381
11 83
166 392
218 325
49 115
146 347
111 123
57 107
6 257
153 188
9 315
269 289
125 312
56 114
311 381
341 345
28 136
40 391
70 393
168 187
161 322
151 213
122 174
86 202
40 236
4 164
264 351
248 322
356 364
6 27
146 235
129 293
2 356
112 202
169 394
113 352
3 241
320 387
115 302
12 374
230 268
185 317
91 210
318 384
52 82
77 376
81 148
88 323
53 310
151 234
289 387
275 395
205 301
184 195
202 367
51 299
133 148
203 354
110 262
144 173
216 337
108 386
110 370
122 353
177 214
92 363
280 391
91 178
204 266
102 157
287 296
247 275
281 350
205 320
155 186
76 288
285 291
14 263
142 149
2 323
314 398
126 166
366 388
307 388
202 320
9 48
100 372
1 72
289 393
13 377
281 386
26 120
220 300
146 328
229 261
48 56
185 325
58 155
289 367
237 283
37 267
97 116
37 121
11 206
82 127
34 72
230 376
172 295
26 116
56 199
45 246
114 315
5 63
248 355
171 267
106 189
89 100
49 127
56 193
212 235
86 320
309 363
153 277
169 296
187 395
163 283
54 234
99 351
102 256
176 255
141 338
57 288
75 169
54 338
156 362
73 278
367 394
314 391
63 337
191 275
100 128
15 338
34 154
76 110
151 342
323 356
81 361
71 236
124 377
182 341
52 230
121 339
163 325
152 307
265 391
65 261
362 374
152 391
2 247
22 388
22 72
49 219
81 210
179 301
98 171
177 240
52 104
64 189
199 245
252 364
7 31
30 31
10 342
102 275
30 292
138 254
38 265
129 330
228 261
136 245
253 373
13 219
185 192
100 118
58 92
207 241
10 60
335 368
119 173
46 248
173 262
69 369
0 245
67 86
219 299
135 395
223 234
143 319
125 306
36 172
10 324
219 284
56 313
23 170
111 299
237 378
225 279
348 396
5 69
36 204
78 310
26 213
38 317
185 237
231 250
1 216
47 351
302 365
336 363
15 343
136 331
65 141
111 175
140 379
170 314
29 35
187 263
44 342
276 301
80 102
66 384
162 251
30 175
68 285
245 313
137 222
46 360
221 336
320 328
46 354
79 114
281 352
98 267
334 373
226 320
77 104
80 247
162 279
77 100
236 265
91 271
11 237
23 212
17 58
214 353
116 141
43 267
245 331
334 384
163 348
254 352
0 225
104 164
295 375
114 199
240 353
0 136
217 319
75 297
162 308
121 332
291 348
266 324
122 139
69 286
246 354
192 283
4 52
314 319
96 121
67 389
68 160
240 288
188 189
117 155
314 340
269 367
200 264
178 271
74 187
135 157
177 288
60 126
139 365
204 238
16 180
121 207
98 121
115 219
235 328
118 128
41 51
73 274
197 245
66 321
171 345
232 237
39 396
161 379
280 314
86 146
286 333
16 18
0 162
21 217
24 395
330 392
76 177
36 368
5 59
14 168
56 315
67 179
90 211
76 139
8 366
103 258
92 294
342 390
31 175
67 226
302 309
54 151
367 393
209 242
136 179
24 389
97 166
99 101
98 176
188 237
149 353
73 360
18 42
103 231
102 395
363 381
52 77
85 257
57 119
24 275
105 319
259 378
113 180
246 384
88 247
76 211
183 381
182 345
222 335
153 357
150 292
216 286
81 134
229 368
297 394
251 305
9 114
200 379
221 309
101 158
30 123
8 59
257 313
99 268
77 89
0 308
71 194
231 258
191 364
72 307
15 229
33 117
0 233
129 184
287 394
148 361
271 281
322 355
105 314
136 225
238 346
1 366
29 72
350 386
89 268
15 346
65 238
25 283
196 297
251 328
78 168
123 377
52 84
122 214
230 372
36 375
64 188
64 84
8 34
62 125
223 229
34 286
1 388
17 111
1 227
61 193
309 381
13 111
32 295
197 290
146 205
54 120
274 322
280 319
160 231
187 310
142 214
183 221
367 371
196 216
245 308
40 280
192 232
170 328
91 167
90 397
150 164
133 134
137 198
35 154
184 338
99 129
87 352
225 242
79 313
48 245
58 190
11 153
137 399
181 265
157 282
267 345
2 275
138 303
326 373
289 310
277 357
52 118
110 139
15 65
38 40
71 383
47 200
149 195
202 301
312 335
259 357
18 385
140 193
86 347
11 189
25 378
70 287
255 267
326 360
178 386
67 256
8 72
232 378
87 252
41 377
61 129
96 207
128 268
30 127
192 317
37 345
40 143
275 356
181 358
137 211
340 382
161 264
234 390
29 152
237 298
24 102
75 347
6 331
220 248
273 383
49 51
162 165
40 319
275 344
69 216
16 42
147 249
194 391
261 338
203 334
74 157
167 361
158 199
60 260
209 308
133 361
255 332
214 261
69 349
333 366
256 282
67 316
276 367
223 238
397 399
161 200
162 316
108 354
30 52
118 372
163 378
35 333
20 332
156 374
13 244
169 347
180 350
116 293
50 198
282 395
32 368
321 373
98 332
106 206
132 135
262 288
179 380
101 140
84 277
67 254
5 349
149 365
221 311
114 257
272 364
44 238
32 228
163 185
41 311
155 190
55 186
109
40
115
160
33
206
107
136
87
126
163
122
74
92
169
141
53
73
79
104
230
107
26
74
55
98
123
83
105
53
204
27
39
107
63
153
185
125
83
159
27
134
171
67
150
129
79
30
131
20
100
100
198
76
87
162
85
107
70
72
115
51
74
125
75
158
73
103
98
61
100
49
108
146
64
36
25
42
55
29
65
142
194
114
67
182
216
74
87
94
76
56
55
155
120
118
192
148
67
150
88
84
59
112
72
155
170
31
37
79
90
124
68
81
33
141
53
31
145
70
40
66
61
110
124
93
76
204
149
93
116
81
122
62
71
160
96
146
112
109
141
131
176
166
72
35
64
44
61
45
36
89
137
111
112
26
131
71
140
200
148
46
136
123
49
115
168
39
27
9
49
53
48
174
99
119
80
134
89
195
40
64
81
82
60
145
69
74
158
144
114
59
64
138
98
55
57
58
143
122
202
115
63
97
108
36
132
65
89
171
68
20
71
185
170
112
20
75
96
74
133
100
89
13
95
148
98
129
73
59
124
76
111
116
68
88
75
56
81
167
94
103
9
182
75
109
189
129
74
47
211
51
111
80
42
104
93
225
33
34
43
36
165
37
116
60
186
95
128
95
48
147
125
44
95
136
103
75
26
116
75
101
52
294
166
149
89
166
37
84
177
149
184
186
81
74
79
69
124
177
146
53
53
130
150
160
132
110
142
127
145
82
78
149
53
159
98
113
61
64
139
118
99
155
22
173
152
118
77
183
214
109
61
89
39
110
67
138
26
131
125
56
109
29
108
61
153
23
162
52
57
183
110
124
94
137
14
119
201
129
70
34
128
159
104
106
148
103
129
74
35
80
102
41
41
122
36
143
277
61
185
7
109
63
124
125
58
98
35
75
59
131
166
57
41
113
65
117
128
95
15
229
131
93
180
94
23
188
83
108
59
52
58
53
98
123
74
28
44
172
49
82
152
119
109
64
77
156
35
51
125
60
69
121
61
146
90
70
77
142
198
106
86
97
26
113
115
34
109
134
150
48
82
147
59
32
94
88
88
29
34
91
30
131
74
84
108
100
23
75
79
21
42
209
48
182
74
111
121
89
131
105
114
55
192
90
84
66
82
162
91
111
102
56
102
95
69
54
127
95
148
28
13
88
117
135
116
89
67
70
32
71
175
160
246
139
94
130
149
98
103
78
54
26
67
68
90
74
89
78
66
136
222
55
67
76
128
156
35
73
83
116
127
86
43
74
161
27
55
54
96
98
62
52
133
119
116
59
98
102
61
49
99
52
92
194
76
88
165
133
88
135
23
94
46
50
42
79
75
42
133
66
110
43
160
63
99
101
134
57
69
168
131
47
129
209
88
127
35
148
104
59
84
114
117
117
23
81
106
113
84
115
69
44
146
143
108
135
94
61
178
13
63
130
121
76
184
199
36
83
124
54
74
128
124
30
57
99
205
186
39
33
94
144
99
70
79
87
71
45
74
124
127
37
29
98
116
35
181
132
122
104
62
86
83
88
197
70
99
87
84
191
84
163
81
93
50
53
58
153
140
102
64
116
97
167
36
118
46
21
71
90
69
58
182
143
154
69
70
101
127
32
55
42
123
83
35
88
189
117
134
61
144
118
58
110
122
54
28
93
140
90
111
31
114
61
70
110
130
51
65
116
196
51
88
53
41
42
106
46
80
83
61
76
91
169
36
53
151
123
105
41
52
155
162
111
153
139
114
115
193
51
106
82
89
61
103
100
17
44
36
140
39
86
69
126
38
166
29
49
218
71
72
141
77
85
114
130
134
136
144
83
135
77
144
83
127
72
82
116
138
180
127
144
62
126
51
225
140
131
124
168
93
29
164
75
167
43
178
50
124
167
53
69
68
61
66
134
68
50
72
73
126
118
32
82
65
99
65
64
116
54
175
140
146
144
60
134
174
154
98
45
71
139
136
108
161
126
163
59
44
54
82
63
52
87
32
141
150
102
149
47
143
125
131
33
100
67
64
27
86
69
84
77
122
33
146
62
24
94
140
38
81
76
84
63
105
79
110
127
103
135
91
62
113
41
105
36
85
85
163
54
52
69
66
101
131
61
202
24
30
148
182
43
43
45
117
46
54
81
108
100
30
25
53
51
126
144
105
111
155
15
85
89
207
165
144
99
57
56
77
193
127
97
110
45
118
98
96
68
137
235
170
167
69
191
54
105
65
21
57
117
138
128
96
92
85
160
61
177
98
90
122
80
111
161
166
50
63
133
111
74
64
206
157
77
61
138
127
63
82
49
104
132
73
118
49
44
51
52
149
70
137
213
97
60
76
64
93
95
65
63
153
88
106
197
72
42
130
118
13
115
108
125
37
104
89
79
32
128
168
74
59
82
69
93
51
52
36
174
13
36
48
52
59
63
192
71
128
44
91
16
66
134
93
100
76
57
86
75
41
29
39
44
54
77
172
196
96
76
161
23
162
82
127
138
73
43
116
71
107
125
36
167
59
111
91
78
88
110
106
38
43
61
180
83
81
110
143
26
130
20
83
98
43
81
143
20
40
106
150
182
44
131
69
45
75
46
181
111
114
100
53
68
173
182
241
50
52
41
146
96
79
45
82
32
154
140
125
112
67
70
83
107
69
115
182
127
45
19
51
64
115
15
131
122
200
101
155
70
165
40
203
149
27
91
223
126
123
73
88
121
156
43
88
33
94
74
223
91
152
125
72
47
166
80
66
69
105
178
53
74
83
144
68
127
163
121
40
85
78
125
151
68
141
110
75
173
122
174
112
95
176
70
26
112
85
19
72
76
103
142
89
168
95
56
144
61
64
118
48
123
54
113
21
41
128
112
49
161
78
34
21
113
35
149
55
55
70
125
78
63
55
135
35
18
104
75
111
161
107
68
165
52
74
128
58
135
189
110
87
133
89
27
71
73
126
63
82
97
81
127
68
86
78
76
38
74
122
69
63
27
44
32
35
25
185
83
146
64
128
73
64
27
87
120
121
103
63
82
131
67
100
143
63
25
50
80
77
192
105
97
58
58
203
85
56
144
87
122
163
197
96
40
96
99
95
131
70
83
128
94
75
47
131
46
73
89
45
66
248
41
35
88
114
272
186
181
105
106
124
61
60
62
57
42
72
52
173
77
56
103
48
77
76
172
114
209
88
36
70
106
116
122
41
52
94
27
71
164
190
85
67
93
95
92
81
50
185
81
29
31
47
111
83
36
223
123
27
146
77
87
39
23
46
93
31
72
103
166
200
32
141
108
107
173
100
31
137
70
97
222
91
16
101
55
127
109
101
53
144
74
89
142
97
108
99
180
50
101
74
130
127
100
131
66
56
102
119
110
108
150
75
83
133
76
165
86
21
137
52
96
53
153
77
17
60
113
129
127
30
26
147
112
51
108
25
180
96
97
61
62
25
91
71
73
87
34
49
70
98
7
90
160
34
87
28
99
82
73
129
101
99
133
78
29
36
63
166
80
42
117
91
39
140
134
90
188
80
139
58
163
82
100
256
76
46
176
67
148
127
109
39
146
207
145
119
22
151
139
122
69
28
133
93
100
232
64
70
71
55
58
54
110
55
43
189
110
37
126
67
124
61
88
76
59
146
48
143
82
27
133
141
26
115
172
181
63
134
156
110
109
76
86
135
51
105
92
84
85
136
99
178
34
25
17
148
129
127
99
164
115
91
164
74
97
129
62
139
17
111
70
40
146
108
179
29
60
75
50
78
81
32
93
114
131
60
105
39
100
63
27
142
115
90
23
100
115
75
83
86
52
159
79
35
16
127
189
58
40
119
148
102
66
99
71
52
83
157
174
109
91
114
186
75
123
29
101
125
60
196
72
204
136
176
80
115
115
33
12
121
91
66
132
110
39
178
36
65
78
70
185
51
48
50
38
69
141
76
69
60
31
16
160
99
204
136
96
115
80
187
120
71
94
130
59
92
69
21
91
188
68
69
76
122
39
85
76
102
101
159
19
65
130
89
98
134
85
47
134
47
99
97
77
69
183
189
136
90
43
29
79
193
114
140
44
117
27
21
42
113
67
75
39
111
35
73
76
56
152
151
63
50
64
147
104
139
108
174
79
73
184
70
97
129
109
69
95
48
127
84
71
79
39
104
88
45
89
56
30
44
166
183
98
62
152
165
53
13
36
109
148
102
48
61
77
72
157
66
111
143
55
155
41
59
41
121
29
51
185
161
95
61
78
55
93
90
82
149
26
60
59
159
124
49
147
228
39
109
77
113
100
208
181
204
34
86
81
141
34
97
89
106
74
166
28
149
69
70
131
63
59
51
110
89
32
62
104
86
108
30
126
101
153
96
91
151
86
141
163
163
63
23
114
107
152
34
147
100
13
122
67
163
112
25
70
178
175
88
39
105
57
96
204
96
39
104
115
142
145
50
64
94
54
119
154
82
34
155
91
260
199
40
104
130
63
148
38
184
109
89
72
102
74
113
66
78
131
36
135
49
103
99
52
29
128
55
87
10
62
38
106
86
148
94
100
273
75
52
81
63
91
169
37
229
