545 484
14 201
212 661
559 86
745 214
543 446
457 726
391 291
343 213
332 641
74 81
489 593
495 639
419 265
453 244
132 288
108 93
651 6
195 715
84 618
278 747
724 708
237 311
574 116
337 696
135 701
614 505
290 269
783 348
58 335
608 301
668 776
765 217
352 168
162 630
98 678
281 561
87 164
300 80
306 557
759 725
790 750
602 339
530 175
544 569
430 551
459 560
691 450
651 117
405 543
529 241
252 723
538 357
637 79
290 211
411 60
84 596
749 516
716 678
118 555
620 259
21 90
512 29
269 9
700 51
29 715
680 788
435 16
0 219
656 743
320 415
740 391
52 59
604 358
617 770
443 672
29 228
166 174
779 764
420 582
196 287
68 426
651 310
341 481
572 697
713 546
258 729
524 87
664 12
228 747
127 560
455 18
591 143
779 519
428 361
615 203
53 700
229 437
573 594
548 353
714 291
621 49
438 287
3 248
299 226
108 446
696 484
338 486
233 215
561 114
397 756
188 704
0 52
226 611
594 623
420 329
264 484
663 184
269 636
376 284
430 697
320 495
580 167
700 599
569 588
209 116
35 682
561 9
583 794
540 252
84 633
654 159
611 447
536 617
39 481
16 477
330 406
255 395
235 15
739 684
573 338
539 269
374 468
778 314
600 147
288 509
54 786
15 226
527 24
373 731
274 190
254 655
237 453
539 180
565 636
680 668
344 489
176 30
667 170
332 122
789 349
326 306
180 316
72 741
153 399
648 198
511 772
112 70
305 748
186 295
264 453
749 231
596 495
222 668
714 107
184 589
162 65
362 505
799 411
691 517
482 75
426 100
84 692
293 340
212 26
169 375
649 391
289 604
237 27
237 83
44 78
482 57
43 275
758 517
170 252
248 779
241 733
490 57
745 660
382 176
273 228
659 630
788 653
225 234
122 44
711 367
732 622
329 153
253 351
147 631
302 232
277 481
428 450
348 129
361 537
214 759
786 311
474 794
747 179
798 704
59 87
56 630
710 587
771 433
287 798
635 563
423 539
653 35
702 555
670 35
150 737
800 627
242 247
74 299
409 448
476 471
159 240
221 678
105 62
290 3
638 713
560 311
729 69
40 110
260 169
520 762
16 234
449 406
373 791
790 296
663 774
791 709
99 613
431 81
698 172
676 692
734 579
161 556
306 490
710 529
31 80
288 319
11 494
254 518
122 578
176 587
449 567
175 165
65 128
208 710
100 408
479 362
223 336
214 447
320 542
307 192
308 783
610 382
438 731
190 575
487 81
313 741
726 565
71 500
440 472
224 29
783 571
351 513
79 219
248 460
82 540
155 790
387 560
55 40
53 493
153 727
652 332
381 383
64 156
466 269
157 706
66 303
407 757
3 465
397 180
184 625
241 134
2 238
10 785
102 663
16 467
529 229
141 241
355 723
380 372
705 758
481 743
405 398
799 471
646 380
182 238
363 413
6 393
59 577
639 54
761 78
255 12
642 726
619 504
723 623
88 476
179 496
569 136
136 637
704 100
242 692
333 426
599 275
5 170
93 451
295 698
279 635
101 696
523 111
456 588
753 194
415 606
209 596
133 66
476 98
772 21
42 717
696 407
409 364
388 566
679 369
301 770
513 459
660 559
347 31
153 366
449 5
7 229
503 687
121 86
685 471
554 755
124 761
27 544
43 768
95 7
378 621
662 454
691 280
79 603
376 477
112 196
486 153
175 218
178 184
588 610
14 684
361 626
585 31
306 152
244 725
164 487
254 717
300 754
8 756
428 540
520 747
697 219
187 221
606 219
636 191
560 548
474 67
267 103
626 296
50 153
18 25
113 279
238 348
340 387
21 198
131 144
2 237
40 251
205 355
8 199
68 362
285 326
183 272
115 299
156 177
214 226
90 264
0 172
366 391
66 250
86 387
99 277
19 323
171 392
145 170
49 214
168 340
266 292
25 333
65 369
10 293
8 150
109 144
86 340
215 269
42 186
73 355
255 327
184 189
238 370
133 380
124 396
385 387
128 166
3 101
121 214
4 345
14 50
143 205
19 221
184 239
328 372
179 193
0 44
89 195
51 86
68 338
112 293
342 351
4 32
191 397
60 373
183 261
73 99
47 179
205 296
270 360
317 353
89 387
96 221
230 269
189 306
82 100
117 392
207 384
269 300
22 27
65 351
267 376
308 369
103 147
45 226
209 252
205 352
55 359
56 130
175 347
207 304
267 379
144 153
13 115
82 337
13 299
179 358
21 255
125 189
199 275
312 378
378 393
71 205
39 145
213 275
148 197
86 168
56 252
155 206
94 297
176 204
139 251
124 133
151 340
147 338
79 354
257 264
59 90
31 327
267 393
294 330
132 319
62 148
156 375
94 353
247 357
101 127
123 256
149 168
306 384
74 84
43 122
3 92
185 272
104 232
52 99
10 364
214 354
50 311
324 334
65 96
131 395
16 364
90 265
291 367
55 253
354 390
198 329
58 329
76 301
167 204
64 229
15 162
224 356
144 165
157 188
232 272
137 289
76 362
65 342
222 282
27 210
116 258
126 182
209 265
346 354
175 257
154 380
147 362
111 335
273 331
147 192
152 211
236 312
9 371
56 264
236 379
307 362
197 343
60 399
65 389
61 268
69 327
166 217
276 356
34 347
146 163
29 192
0 396
228 282
47 223
232 320
104 244
257 279
184 285
345 392
142 177
134 283
108 244
314 317
217 391
75 302
105 294
91 361
128 250
180 397
46 79
294 303
325 334
83 211
321 375
152 289
163 182
73 277
28 205
270 339
33 275
37 77
65 163
1 288
227 383
42 82
212 317
51 387
84 114
273 289
166 366
169 312
88 324
73 140
57 228
283 368
204 238
41 251
134 330
30 399
52 140
131 174
263 331
56 221
201 255
66 74
11 44
264 290
325 350
36 187
226 390
195 276
184 188
91 197
269 385
265 279
216 249
225 358
37 298
210 232
136 297
108 203
47 106
170 211
13 119
90 175
124 380
177 214
220 364
117 395
121 211
16 220
128 245
340 388
247 271
290 374
35 221
41 139
66 315
79 346
54 384
47 132
245 316
63 285
261 272
20 24
116 170
30 42
176 238
143 171
20 385
62 191
197 349
33 304
139 329
195 356
277 319
136 336
238 293
351 369
19 333
246 288
149 281
312 393
132 365
17 88
81 322
203 320
72 243
312 379
297 314
135 283
264 333
292 346
183 208
44 124
108 393
120 316
63 326
27 183
365 372
96 309
9 24
276 281
28 216
3 23
161 183
1 76
303 322
330 339
23 87
29 322
186 372
344 346
142 375
43 109
328 365
206 282
170 263
103 192
161 210
71 352
163 389
273 386
7 13
198 255
21 69
14 304
284 357
64 101
290 330
151 237
83 258
180 349
171 249
163 367
29 233
184 326
43 311
56 374
25 300
200 232
182 381
102 353
62 197
309 342
164 185
97 289
9 382
46 266
217 302
265 333
74 327
20 51
53 324
60 82
149 278
150 275
229 350
44 133
186 352
242 325
159 384
42 319
76 307
100 205
47 365
79 382
126 381
18 295
97 116
167 348
193 286
193 259
155 201
256 329
15 233
25 367
34 279
53 88
305 333
40 202
37 376
100 373
281 388
147 307
171 254
280 349
176 189
152 263
45 46
8 200
152 273
138 239
259 282
228 256
188 326
227 229
4 218
156 258
2 173
107 116
87 343
93 286
2 305
69 250
204 348
146 308
158 345
36 145
52 73
209 305
87 377
83 136
63 184
106 259
45 354
298 376
125 306
115 317
125 398
226 292
22 183
305 347
60 165
85 222
208 261
162 272
225 380
150 232
179 282
15 301
319 352
2 111
176 348
15 80
298 338
18 196
44 114
53 229
168 388
169 360
7 314
221 381
200 275
108 200
45 344
212 234
16 204
117 394
61 220
19 252
87 197
121 258
51 215
46 346
113 265
34 209
323 374
158 392
363 366
180 181
12 75
106 372
43 343
160 249
221 309
258 287
2 151
73 296
162 208
21 41
121 145
90 290
15 312
9 118
13 14
63 138
105 330
246 338
6 149
240 250
363 391
130 323
22 208
25 182
55 181
233 288
176 184
159 398
22 162
157 326
26 172
379 393
250 315
83 336
64 324
68 192
177 274
56 368
182 351
19 374
88 229
61 190
75 363
144 395
96 182
81 339
352 365
222 256
239 285
44 154
176 285
113 305
70 321
69 315
6 120
75 371
36 39
55 191
1 68
167 364
85 259
5 235
240 327
175 305
123 259
4 100
16 176
167 238
104 150
59 323
254 345
134 368
55 349
10 220
65 126
8 13
31 255
132 172
88 101
237 305
85 286
146 351
105 164
148 191
151 187
343 397
246 301
235 390
36 113
215 291
50 337
239 359
44 380
22 80
204 370
321 353
101 383
30 277
67 91
233 301
277 296
8 33
76 338
32 218
316 363
181 280
259 365
97 331
215 295
57 85
189 398
110 248
107 121
257 347
186 319
89 385
206 329
283 323
89 196
256 282
199 207
81 134
278 302
86 281
35 351
45 346
61 243
80 312
3 148
323 368
256 259
27 261
51 335
259 358
27 200
296 355
130 309
38 384
234 321
157 238
11 45
120 149
343 349
243 268
278 316
151 335
95 395
142 212
133 363
214 292
352 355
127 383
297 321
262 294
121 156
125 244
256 286
19 264
11 12
87 148
42 52
181 397
12 344
40 219
76 147
69 240
1 246
128 391
110 302
9 341
47 71
328 358
71 355
7 299
78 251
37 268
215 385
190 268
20 387
254 334
41 315
12 154
70 314
234 235
27 161
86 385
38 213
179 225
254 395
220 243
118 341
48 53
135 310
168 276
58 251
191 343
109 153
150 384
199 213
79 214
237 385
373 392
30 141
335 385
191 197
312 376
250 327
291 300
324 383
54 150
198 251
230 300
265 305
173 335
105 339
72 260
145 263
57 259
2 269
281 313
141 299
173 269
197 253
111 295
279 305
212 375
83 177
76 246
14 102
151 341
95 158
23 144
117 165
71 216
98 225
121 375
61 293
84 366
174 325
107 258
159 213
95 122
294 368
71 318
187 341
244 306
218 325
155 329
77 236
123 329
206 231
80 320
108 210
54 200
118 151
87 397
157 348
107 177
292 354
107 336
260 268
292 371
90 374
147 298
160 178
3 343
51 388
236 320
103 301
285 398
116 145
94 314
98 124
214 274
116 263
123 358
42 277
194 312
200 203
141 311
180 280
262 303
54 207
252 309
223 352
140 399
129 241
98 114
64 334
57 223
225 228
96 342
197 280
212 284
161 208
103 362
94 115
300 342
47 186
50 299
118 335
172 225
86 335
29 301
6 391
39 187
170 289
243 260
40 139
311 394
80 272
49 390
180 253
135 294
10 348
27 54
162 169
20 89
312 320
253 280
107 156
95 117
283 339
62 397
227 242
296 373
136 317
6 316
262 310
3 127
150 200
85 179
195 196
100 216
174 350
73 82
157 285
300 367
194 320
164 339
123 155
139 198
33 213
262 368
94 247
240 315
85 256
121 287
130 221
85 358
26 328
181 253
186 277
49 292
53 383
376 379
80 162
77 376
68 147
234 375
194 236
283 310
97 137
25 35
196 387
130 209
247 353
21 219
201 225
186 296
162 185
186 355
145 211
80 232
113 347
319 355
15 29
332 343
39 274
178 205
237 269
92 131
92 332
46 226
220 260
42 60
137 261
93 193
106 179
153 377
169 185
234 317
107 274
11 124
6 363
84 391
74 128
104 161
171 216
147 246
330 386
54 244
179 228
138 184
83 321
135 330
275 384
245 391
177 287
28 249
18 385
19 35
199 304
267 378
394 395
80 393
66 69
287 292
308 389
269 387
39 287
102 299
54 232
155 240
166 278
306 398
49 266
116 152
143 249
32 249
230 367
158 165
85 193
30 140
202 251
6 217
165 392
18 335
6 75
95 165
24 168
296 352
130 333
139 155
19 130
257 331
302 313
11 98
88 227
172 372
31 240
54 210
104 200
27 232
131 165
18 89
25 309
30 60
241 337
319 372
33 199
143 160
15 236
139 219
24 313
220 238
193 228
25 342
63 359
356 388
42 337
58 139
58 206
278 391
204 293
252 323
242 350
108 320
68 103
164 273
48 117
58 255
0 235
110 149
296 337
196 237
96 389
97 273
31 315
69 74
151 173
36 263
321 336
74 250
120 302
146 389
162 194
179 372
85 93
64 174
315 327
201 329
224 276
229 334
42 140
198 202
122 395
217 278
257 386
0 357
98 396
313 388
107 287
124 154
6 245
168 224
95 337
86 356
79 226
80 378
56 90
37 288
72 238
83 121
244 275
57 318
114 396
81 310
137 170
150 210
21 315
181 349
7 14
68 246
42 399
201 358
3 87
188 285
39 258
168 313
109 332
5 26
155 198
83 145
299 311
4 254
132 186
142 287
320 379
32 345
18 269
111 230
163 308
93 282
82 399
96 381
92 109
236 376
34 175
310 339
292 382
10 190
24 110
109 343
129 153
98 380
190 243
148 383
13 304
86 195
159 275
48 229
351 389
2 18
163 369
10 268
122 394
149 302
106 352
221 252
354 382
61 260
104 108
122 153
130 374
135 262
86 89
222 329
175 265
51 385
95 394
120 363
185 360
191 361
57 179
284 375
10 238
288 376
17 53
10 61
102 119
67 359
142 234
136 314
258 263
310 322
227 324
20 388
96 126
19 56
203 232
30 241
135 303
230 291
88 242
15 169
211 258
175 209
240 255
131 392
11 266
20 276
67 253
62 87
313 340
123 222
113 118
138 285
294 323
125 267
211 273
30 82
172 396
7 102
10 167
236 378
46 344
266 346
132 372
105 283
83 287
229 325
97 170
180 343
20 356
60 394
144 332
57 93
20 224
81 105
103 246
6 278
74 366
52 277
163 351
61 72
268 298
117 144
9 340
108 379
20 196
180 191
206 222
26 225
206 256
126 163
277 355
297 317
192 307
269 335
203 379
63 188
94 271
137 273
205 319
76 103
118 173
107 145
129 141
138 176
147 288
43 332
80 208
213 304
295 300
106 193
44 396
48 324
49 177
8 54
316 391
152 170
121 142
35 300
193 318
164 360
282 329
2 335
158 254
4 171
67 397
43 377
202 231
67 191
2 113
107 375
272 360
369 389
220 293
53 334
51 196
234 353
159 199
260 293
314 321
212 321
5 132
243 338
22 261
72 167
28 143
91 397
21 58
117 131
53 64
80 236
193 256
4 373
115 271
129 299
154 363
265 347
45 266
92 122
245 363
59 290
16 37
115 119
29 270
212 235
23 43
62 91
84 154
48 334
26 358
85 106
35 163
82 186
62 180
28 178
314 353
124 225
76 233
20 281
34 265
70 170
27 104
94 102
121 274
93 318
292 390
149 248
226 284
211 289
1 298
111 237
111 269
100 171
53 227
73 319
156 274
56 333
59 374
202 206
131 254
5 172
39 121
16 238
287 375
16 348
263 289
71 143
209 264
20 340
96 163
23 92
122 332
56 323
144 394
20 195
167 176
71 178
138 157
3 383
105 134
120 278
317 321
26 132
119 161
192 246
129 337
191 349
109 122
195 385
264 265
290 323
103 233
99 271
167 220
137 208
98 133
173 237
35 309
354 371
145 156
112 190
191 253
114 124
190 260
80 203
92 395
82 319
193 282
253 349
4 392
156 287
188 189
186 205
55 397
66 327
52 271
191 280
149 388
24 281
133 396
1 338
96 351
113 341
19 309
63 239
34 333
149 313
34 252
297 353
169 272
70 137
85 123
116 273
25 230
296 319
45 390
23 343
135 322
35 333
72 190
170 258
22 232
165 254
117 254
35 342
86 388
6 110
179 259
79 266
228 358
43 153
195 215
134 303
60 241
171 345
168 281
171 373
308 351
33 384
140 277
58 240
107 142
32 392
75 278
344 390
18 173
12 363
70 83
70 336
8 304
150 203
68 307
39 214
348 364
182 221
54 108
12 44
204 364
262 283
140 241
46 49
31 69
224 281
59 264
196 335
46 390
83 142
142 321
97 152
51 340
264 374
10 260
185 273
75 120
17 383
127 148
136 183
8 275
142 284
36 258
3 109
242 334
132 328
64 88
238 364
163 342
9 187
255 315
140 337
102 115
12 133
32 171
198 206
192 362
190 238
114 154
0 5
198 219
351 381
38 159
302 316
68 76
24 382
112 260
57 193
133 154
108 232
175 279
58 155
167 370
87 332
220 268
77 125
116 211
84 240
63 189
309 333
57 286
258 274
190 293
20 168
219 231
92 95
32 254
78 315
90 252
84 363
140 141
62 361
30 337
94 321
81 270
203 378
237 335
48 92
57 365
320 393
118 187
17 229
346 371
0 328
54 104
61 112
31 66
79 371
280 377
115 297
67 361
78 219
62 280
79 344
266 344
10 16
55 67
87 280
338 362
115 314
188 239
57 106
176 364
91 253
228 329
222 259
23 332
2 34
17 101
38 398
100 143
217 245
134 339
252 333
293 370
49 287
64 325
91 180
182 309
80 194
221 374
42 73
89 215
53 101
181 304
49 79
62 127
125 176
57 256
48 174
214 287
213 384
196 269
38 188
16 268
225 328
137 272
220 298
77 320
110 217
153 332
5 357
153 311
79 390
134 290
38 63
81 294
138 188
71 223
6 166
178 318
145 274
64 242
288 298
23 153
58 201
27 203
130 182
352 372
40 78
226 344
203 236
179 328
7 115
196 385
269 295
337 399
174 218
113 173
126 351
38 239
137 183
392 395
173 305
126 221
376 378
123 198
1 362
209 333
22 272
50 141
28 160
26 396
135 368
384 398
65 381
110 313
270 330
77 378
194 203
138 189
30 296
113 187
175 264
123 206
54 275
194 379
8 384
169 320
316 366
33 207
207 275
291 295
24 388
14 311
120 313
231 286
72 370
142 336
267 306
114 225
86 215
280 343
72 112
55 91
202 219
134 310
82 296
75 316
201 380
166 316
271 353
349 397
371 382
81 135
101 227
18 111
169 194
192 233
110 278
174 334
95 131
16 167
103 307
58 198
105 270
197 361
22 169
79 292
250 255
115 353
0 132
18 230
243 298
11 79
116 289
197 397
174 254
83 156
81 303
10 204
262 330
380 396
200 244
245 366
87 109
348 370
59 252
7 161
134 270
25 111
69 255
173 341
45 292
48 158
43 50
108 150
282 286
161 261
152 331
134 135
162 360
21 155
1 103
48 131
247 317
38 207
15 194
26 372
1 147
82 355
195 224
8 207
64 227
208 272
7 353
41 219
157 176
40 315
49 354
212 247
39 263
203 393
337 394
25 295
309 374
177 375
248 313
143 216
235 284
45 49
100 296
226 266
198 231
94 317
141 337
83 107
112 220
320 378
57 282
28 223
222 358
159 207
150 244
190 220
143 178
234 284
169 236
86 196
236 393
189 326
296 399
235 357
60 95
107 214
139 202
28 71
42 99
97 211
113 175
217 316
31 250
93 259
224 388
335 387
145 258
111 300
108 378
23 109
303 310
59 257
30 99
290 368
283 290
155 327
49 226
129 394
52 241
18 237
139 255
239 326
106 365
40 58
85 228
221 323
178 223
89 269
84 327
235 247
34 305
222 228
142 156
288 362
244 398
36 274
56 59
146 367
21 139
11 46
47 372
246 307
150 306
71 160
280 397
73 399
271 317
241 399
230 295
346 382
282 358
70 297
340 341
218 345
180 197
134 294
177 234
247 297
21 251
33 54
2 118
290 294
153 343
40 41
281 340
157 167
77 379
7 94
23 122
60 337
38 359
122 144
335 340
141 241
136 321
276 388
378 379
266 390
17 64
171 218
54 203
104 210
35 126
83 214
72 293
307 338
122 131
6 302
294 310
373 399
37 243
295 342
172 328
10 72
128 366
101 229
8 210
99 140
252 374
111 173
167 293
42 296
148 180
64 350
82 373
48 227
5 52
138 326
24 149
48 144
48 254
35 130
193 223
123 282
226 354
20 86
45 79
87 127
107 211
200 210
116 121
99 241
40 198
114 380
92 144
1 307
96 369
219 251
50 129
65 182
33 159
160 216
164 270
170 273
177 292
281 356
314 336
179 365
108 275
244 384
121 177
90 257
47 352
294 339
139 206
70 136
328 396
50 241
229 324
181 213
232 393
113 151
132 277
87 180
91 191
228 259
43 92
76 288
100 392
248 276
218 254
73 186
21 40
145 289
165 394
295 367
165 395
192 288
160 205
144 158
349 377
158 395
268 364
95 144
8 104
60 395
100 249
189 285
65 308
166 391
75 346
361 397
257 265
202 329
16 243
185 270
234 247
134 262
266 354
257 305
42 241
80 169
38 189
247 284
283 294
234 297
55 361
73 241
253 397
146 369
77 393
231 329
166 245
150 207
19 209
194 378
129 311
278 363
196 215
44 98
48 101
56 290
81 283
201 222
223 318
41 78
139 315
11 344
83 375
8 119
35 182
343 377
11 133
87 349
182 342
207 213
74 240
51 269
254 392
105 386
283 330
92 153
194 393
157 184
101 324
288 312
137 152
212 357
31 74
297 336
130 252
35 96
157 204
207 398
230 342
17 324
72 220
252 264
24 340
18 300
15 320
30 73
174 242
168 356
104 275
114 201
66 240
192 301
76 192
59 283
210 275
98 154
3 332
117 158
114 133
81 330
13 102
18 215
209 309
14 299
51 89
131 158
246 362
187 274
211 263
123 228
248 302
0 26
10 243
156 214
7 119
77 267
237 387
85 282
274 287
14 119
87 191
17 227
110 120
229 242
331 386
123 201
218 392
30 394
155 255
23 53
279 347
2 347
153
173
78
34
129
77
85
21
49
49
54
33
90
210
141
35
126
23
66
70
62
18
119
110
84
180
51
116
129
153
96
50
97
55
104
65
102
193
76
153
84
112
76
23
188
166
107
50
121
242
40
96
176
165
178
87
22
100
70
98
26
16
203
51
83
155
164
167
41
111
71
184
97
97
97
31
72
191
21
142
49
26
15
98
103
156
109
62
107
57
113
169
72
103
116
122
77
117
62
25
91
122
83
137
123
29
129
131
79
101
115
150
120
74
52
20
137
136
44
172
37
92
42
188
79
116
193
92
234
110
163
143
106
29
84
42
29
200
80
96
35
162
95
29
128
110
143
93
65
86
110
85
171
88
172
102
44
210
39
45
110
92
123
76
69
51
15
123
62
152
57
18
129
60
118
10
66
62
46
120
59
118
24
77
60
173
85
71
113
96
141
87
18
110
62
55
108
64
196
261
186
37
157
21
91
105
138
159
98
21
144
47
133
116
94
157
109
161
153
170
85
17
130
80
76
105
128
48
135
186
55
49
108
53
90
212
125
128
187
178
67
124
66
118
13
60
25
145
48
45
32
49
66
69
116
23
70
53
112
131
59
87
89
65
45
64
155
119
65
143
174
192
81
69
121
99
94
68
82
210
85
95
115
98
65
117
56
78
107
105
66
38
98
85
70
181
133
61
214
15
187
71
88
96
24
129
72
143
83
66
107
148
16
142
76
113
74
110
48
65
132
43
211
25
148
146
80
96
26
195
146
70
126
107
221
89
68
120
70
228
139
110
189
125
148
62
48
58
191
122
109
114
139
12
44
81
134
99
101
47
39
31
70
25
97
74
93
90
48
134
179
72
152
60
81
93
109
143
38
132
37
92
59
116
125
51
110
109
79
53
168
131
72
88
72
190
102
71
53
52
80
36
183
91
67
141
40
145
112
100
63
33
96
108
36
192
34
152
112
34
36
46
209
137
189
63
206
139
172
103
74
72
47
196
89
77
77
98
167
97
117
133
119
92
139
94
169
146
52
168
73
135
107
87
14
169
177
86
132
65
133
47
130
199
78
44
98
33
58
83
121
39
55
103
234
120
79
135
166
153
124
104
53
151
132
185
90
57
76
100
65
35
58
191
161
179
86
178
61
153
48
110
69
144
93
183
51
46
49
101
168
121
101
211
62
43
38
41
106
154
45
49
180
54
102
168
167
122
121
143
55
192
25
140
69
18
38
163
19
89
156
112
111
25
78
148
72
173
153
45
71
149
98
63
158
185
76
102
87
66
147
156
241
250
218
197
227
98
98
102
51
196
51
210
51
13
167
85
113
111
176
96
129
150
127
47
80
55
26
79
15
45
16
177
54
46
131
92
79
107
183
169
46
158
176
69
83
76
37
105
95
87
46
135
92
219
147
143
59
71
82
52
37
80
194
39
57
37
97
53
55
137
77
68
104
170
195
162
96
66
37
55
83
181
19
60
121
178
90
212
105
62
134
104
42
167
246
202
125
71
97
17
198
113
71
51
26
65
30
71
112
149
195
130
112
95
94
69
79
93
8
111
125
125
112
33
152
63
82
70
41
77
76
64
53
115
115
105
129
90
51
108
81
25
122
44
174
95
36
213
158
75
154
76
62
53
36
101
134
109
77
101
225
143
144
37
106
61
175
26
46
137
130
40
12
165
156
68
190
135
115
52
102
29
182
249
57
73
14
54
79
66
74
80
63
74
13
56
104
138
227
132
146
102
98
190
196
139
30
69
160
51
34
103
115
205
182
205
83
53
75
52
24
91
126
121
119
32
135
56
168
147
64
89
62
84
13
93
136
94
212
94
185
83
48
223
84
58
60
160
105
145
103
166
47
181
203
50
76
99
75
200
53
39
70
75
6
58
117
46
174
109
97
154
43
62
22
120
110
114
37
163
123
86
213
79
171
73
61
180
41
63
118
67
61
146
84
105
35
63
30
200
207
26
48
137
182
137
120
95
90
97
55
166
166
12
184
138
119
47
137
164
55
31
15
67
96
92
30
104
68
133
143
103
35
106
78
77
132
180
148
50
134
98
31
93
99
46
54
51
90
72
106
91
143
81
81
122
97
84
32
72
142
137
33
96
155
67
68
70
72
49
79
69
112
145
37
64
120
107
83
104
85
88
160
43
130
41
100
243
167
141
123
134
50
188
118
85
204
66
96
74
115
24
82
123
72
100
43
70
147
82
153
147
157
99
203
124
67
171
50
120
146
117
180
99
79
166
39
130
211
131
150
74
119
147
97
107
64
75
142
141
102
103
63
110
113
60
221
56
106
202
58
34
118
134
64
105
99
132
219
82
102
116
75
62
22
66
81
71
49
86
63
159
134
166
161
61
108
44
88
36
54
152
177
127
206
197
75
118
42
117
84
82
222
64
90
29
200
78
50
29
85
39
17
17
51
210
52
145
146
67
42
52
162
77
157
128
120
76
150
196
25
60
34
31
55
110
21
60
97
67
51
123
93
202
109
49
66
84
92
21
137
45
143
139
157
127
81
62
103
51
77
142
86
150
46
221
61
66
66
118
79
54
64
135
42
49
144
89
92
79
58
187
175
63
107
20
121
167
112
140
70
52
165
92
197
59
140
70
95
41
133
127
41
236
152
110
244
77
32
158
50
123
157
106
44
43
68
112
124
34
115
70
62
20
156
88
61
64
53
113
100
95
83
148
42
225
114
137
119
163
86
149
94
113
71
105
78
74
163
143
91
152
172
106
143
40
62
41
148
57
124
174
166
106
138
70
159
112
176
174
179
120
124
127
60
114
95
108
89
173
97
84
141
155
129
135
139
49
127
112
21
134
72
111
128
109
133
71
49
77
151
31
105
42
83
106
102
148
75
80
38
79
140
98
57
111
123
107
98
62
118
77
130
128
100
44
135
121
146
75
143
112
113
47
119
19
18
124
86
129
63
70
21
61
143
181
172
48
133
51
100
90
134
210
97
61
98
134
84
37
50
101
121
61
35
41
136
44
101
76
103
110
81
103
18
152
142
163
51
78
122
139
68
47
86
163
25
58
51
23
92
103
165
88
17
187
150
59
138
117
101
168
92
144
55
81
144
46
112
146
32
128
31
189
85
225
59
151
84
60
52
115
66
70
64
76
157
40
93
87
105
93
64
90
57
84
116
183
129
68
66
150
96
84
109
78
129
105
86
99
45
90
66
122
85
47
101
86
149
134
88
146
88
19
74
74
28
86
154
109
69
162
16
116
149
114
128
84
104
53
186
168
171
105
129
159
212
192
64
157
110
138
64
81
142
45
80
89
45
87
38
94
29
114
216
127
51
173
113
102
62
106
81
64
59
99
140
109
46
89
144
113
25
125
110
114
158
85
154
120
81
124
95
177
76
110
80
29
36
47
128
87
71
154
119
183
50
117
109
184
139
89
157
159
182
215
58
57
111
117
181
165
180
22
76
192
150
93
46
103
141
179
200
97
133
112
64
90
73
84
27
94
70
182
151
41
159
124
201
158
143
194
189
79
28
40
41
18
160
165
110
57
68
168
55
92
130
144
70
63
108
55
198
124
162
75
34
65
133
189
97
168
100
122
170
99
103
113
58
103
95
61
72
39
167
214
119
164
90
50
98
59
20
123
60
76
32
99
54
23
35
75
191
79
104
109
45
223
102
128
196
33
53
178
16
155
72
173
80
117
98
130
158
103
185
233
144
132
104
44
60
157
92
58
99
209
37
113
168
105
56
94
217
154
104
36
125
125
176
129
87
161
86
111
131
58
62
89
108
57
67
183
31
95
18
60
27
125
106
102
73
71
14
109
34
70
101
136
63
70
41
149
94
119
41
71
97
95
92
148
136
142
100
103
82
127
105
10
198
88
79
74
93
91
31
22
52
192
71
113
90
28
188
107
70
104
97
18
152
30
115
69
99
172
159
67
56
46
213
180
43
66
105
41
129
41
17
192
195
32
144
200
134
24
85
106
102
91
30
46
41
75
168
118
137
125
93
134
63
139
178
25
128
110
36
116
54
88
83
58
35
94
97
172
153
192
19
127
142
52
184
77
118
115
95
81
171
60
84
72
131
47
40
53
112
164
94
85
146
71
167
141
49
108
129
164
111
86
86
76
47
92
142
135
82
83
82
142
30
12
113
111
11
48
94
126
73
110
81
143
53
200
94
209
142
78
93
92
115
109
39
168
89
70
110
103
154
172
75
124
50
147
64
108
194
110
104
104
147
58
118
38
137
109
144
104
69
94
132
87
202
206
102
109
73
167
76
38
197
103
90
78
37
159
192
89
20
158
101
56
122
136
170
86
29
78
81
22
192
152
62
43
91
73
44
149
58
103
197
55
48
94
80
98
226
38
159
150
65
49
42
161
75
59
197
47
167
55
65
36
180
61
86
148
145
66
59
151
190
120
141
80
100
110
107
193
72
117
30
70
131
184
52
80
163
101
99
125
43
156
159
60
86
135
80
79
44
23
206
53
84
124
182
89
62
44
32
135
63
91
221
52
53
91
202
44
62
190
239
24
99
28
108
