413 218
575 765
493 109
458 690
500 116
40 202
391 255
671 309
637 240
433 227
425 99
234 745
480 149
185 72
613 671
314 284
251 662
89 361
629 41
246 480
793 135
423 51
723 423
666 550
495 552
128 641
257 419
797 613
378 412
91 58
36 306
723 769
424 495
86 311
113 716
517 798
651 362
377 175
337 176
492 494
589 316
231 25
10 207
83 551
136 718
134 514
614 98
497 788
196 124
682 73
235 135
249 675
598 543
747 352
40 605
262 387
435 395
610 650
203 373
767 532
446 528
568 100
243 16
120 372
131 104
515 158
691 551
393 275
534 560
88 709
662 169
381 442
597 278
233 190
209 699
10 281
359 180
216 473
32 460
361 603
497 498
774 45
602 765
676 317
299 110
146 43
309 576
660 411
37 465
69 555
553 615
321 135
232 721
568 119
724 785
457 448
38 113
87 258
82 390
659 350
342 314
492 360
774 681
556 724
21 490
647 439
348 428
120 380
459 174
62 203
594 85
629 670
712 224
162 495
2 380
39 779
370 99
627 663
147 54
508 490
192 79
727 607
243 239
366 421
696 437
601 252
106 359
636 248
753 190
548 401
462 64
561 348
163 694
130 539
698 660
792 207
505 610
622 680
663 690
774 167
415 691
720 485
633 449
10 685
407 618
119 536
71 753
668 32
68 714
768 789
137 749
222 788
173 615
504 445
366 325
660 465
69 21
500 376
210 159
188 310
471 545
262 774
180 85
414 746
57 459
681 334
630 467
766 318
123 81
99 92
195 669
79 490
739 786
149 163
387 761
501 461
760 440
580 775
284 712
61 109
617 15
175 768
434 35
15 718
15 513
449 638
537 761
565 14
250 61
287 664
554 676
196 264
253 386
531 782
316 589
170 328
232 583
633 195
740 288
526 609
21 40
600 190
667 70
638 628
40 555
199 293
34 366
569 469
578 255
114 287
741 253
479 156
137 117
445 582
112 29
644 278
626 498
307 148
152 502
650 421
749 198
479 339
97 162
24 717
669 492
568 729
356 770
88 249
360 386
764 380
162 518
61 143
429 679
425 452
731 618
568 392
545 265
312 557
443 798
787 352
651 500
606 496
792 490
249 169
699 101
650 204
316 405
275 27
153 770
401 332
122 207
651 3
334 713
141 53
164 345
319 713
711 198
258 209
165 191
211 522
547 688
666 59
180 477
460 768
101 664
324 633
475 720
474 259
762 734
386 6
342 780
598 526
551 514
47 70
437 438
128 654
440 774
440 553
172 296
26 201
443 748
129 79
83 182
539 503
64 544
228 416
88 238
571 758
351 74
324 122
28 93
375 712
433 666
60 451
766 126
687 755
106 309
48 138
153 477
349 187
767 112
175 387
766 354
610 386
760 77
109 644
578 334
275 269
172 280
404 655
665 127
28 703
249 643
330 234
177 49
208 267
482 120
338 723
191 101
768 331
11 664
72 448
339 472
9 679
681 695
342 74
566 239
584 486
559 301
161 322
480 323
144 514
338 152
313 146
210 195
514 647
641 76
745 138
42 92
303 762
348 326
126 383
487 169
468 628
474 421
238 291
336 299
357 515
102 105
720 543
626 557
506 191
246 281
355 239
783 306
469 375
701 645
632 776
222 666
527 558
19 255
29 8
357 550
198 327
227 278
315 80
103 790
562 113
701 379
266 182
24 290
385 140
780 253
544 14
191 88
762 796
262 669
110 658
179 505
385 311
239 231
206 170
55 39
90 638
346 398
186 539
425 765
570 507
583 786
324 587
761 670
181 184
516 773
422 687
105 685
623 721
521 527
763 685
213 485
511 377
141 240
287 392
91 332
298 398
54 89
218 331
381 391
56 249
28 274
280 386
218 378
123 228
153 399
24 396
46 180
26 246
118 314
95 355
332 365
35 388
28 123
21 269
80 283
67 249
91 333
67 154
13 120
226 270
44 74
325 365
100 346
137 324
300 337
98 321
167 239
179 231
207 241
263 266
143 223
79 309
54 284
157 355
241 283
307 345
167 210
75 360
154 346
107 329
252 255
207 235
158 173
129 306
32 71
142 155
157 399
86 362
39 160
53 302
24 160
97 296
287 395
287 357
103 225
66 234
176 229
70 112
124 142
213 277
134 356
63 301
68 272
211 316
32 277
0 6
142 241
302 354
49 310
97 360
275 383
53 354
24 213
129 399
162 318
79 144
118 168
313 346
210 256
88 284
56 95
29 200
151 339
57 395
272 283
46 336
250 391
143 183
100 228
124 176
134 324
33 209
245 256
69 143
307 380
73 258
290 361
112 139
150 248
108 342
291 317
40 328
238 263
345 352
35 238
25 275
135 294
88 171
3 309
102 234
299 313
118 253
47 280
46 261
76 353
267 351
28 246
208 215
86 347
107 321
292 309
57 117
43 331
126 341
134 234
71 322
42 109
61 373
137 203
23 240
301 363
21 116
22 155
135 139
99 303
94 357
85 118
271 350
170 312
43 89
5 109
119 272
2 130
22 176
237 389
227 250
228 246
240 350
49 304
310 336
230 262
113 385
56 123
106 384
84 325
57 111
189 358
226 386
110 261
28 106
153 283
295 357
244 261
156 214
369 381
66 349
57 203
69 311
200 361
197 310
272 396
135 210
51 178
147 202
99 165
8 70
3 232
54 323
212 281
233 274
174 252
16 92
198 239
214 253
57 138
116 332
11 376
191 278
69 264
14 203
159 254
2 65
112 128
144 343
10 116
271 272
64 118
309 343
156 338
377 383
152 377
129 235
66 224
211 342
87 166
74 358
155 241
74 376
202 310
70 244
38 332
72 131
230 378
193 388
15 353
96 338
14 138
37 38
71 228
31 172
331 378
51 255
89 204
168 212
46 93
87 165
131 303
82 357
29 168
64 173
24 136
183 323
165 198
25 305
158 243
250 258
13 62
320 323
167 354
175 233
8 125
132 170
71 123
20 294
201 326
221 267
131 328
72 215
48 158
196 237
28 322
3 280
59 349
305 383
254 301
153 157
158 334
84 91
163 276
27 390
177 357
15 352
139 337
268 390
35 47
2 12
133 331
173 282
189 265
12 130
62 188
170 376
202 251
7 127
237 362
228 249
122 191
268 295
44 146
377 394
11 92
37 333
271 327
138 203
87 303
322 362
47 392
43 145
50 334
15 340
23 350
150 394
56 399
19 77
48 318
149 397
280 393
7 36
98 164
261 336
169 179
61 336
145 218
42 231
29 179
5 227
237 347
56 71
22 368
6 379
80 119
10 371
8 245
123 384
276 392
46 310
74 170
4 367
17 30
266 392
33 206
68 199
332 371
158 381
38 91
151 161
24 68
86 265
152 305
39 344
223 394
19 259
75 370
51 92
72 328
10 130
5 360
74 178
109 286
242 349
191 315
266 386
108 351
4 65
58 363
68 283
136 343
163 174
69 223
146 148
328 330
11 51
118 162
178 189
200 338
61 110
266 393
54 383
158 369
317 339
128 139
47 276
166 241
9 67
115 148
119 153
236 267
65 108
342 351
295 324
221 399
353 379
268 397
2 61
39 95
151 181
39 153
145 284
41 62
183 223
120 318
299 332
41 188
67 379
6 9
16 178
111 138
31 268
79 265
340 384
178 376
105 142
23 121
245 310
285 301
35 392
229 354
13 281
223 323
209 296
119 387
32 60
28 233
281 314
4 342
174 263
333 369
289 333
38 299
258 334
256 337
132 150
148 183
142 219
205 315
64 169
59 66
318 374
160 396
155 240
105 219
181 248
20 300
208 326
99 368
36 40
128 300
49 147
291 309
234 349
263 392
352 364
166 327
78 88
115 146
63 329
141 224
24 60
194 389
136 359
90 359
32 233
80 359
10 12
175 344
177 388
232 343
147 336
46 147
226 255
3 185
101 399
267 330
64 348
106 123
199 359
186 388
174 386
92 339
48 212
278 363
180 251
78 321
24 277
17 98
124 368
9 211
102 134
221 330
12 65
92 181
132 248
204 284
219 303
48 391
30 33
163 232
157 235
87 155
154 379
158 391
80 153
72 127
233 344
50 158
125 197
120 162
232 292
357 388
96 169
3 292
169 382
164 284
177 193
162 212
80 95
185 335
252 270
45 133
196 259
126 329
112 256
57 190
266 292
195 278
76 91
52 241
17 341
112 210
88 293
22 124
5 279
35 193
69 383
248 366
156 361
159 278
152 385
146 150
141 176
191 364
94 375
60 80
118 214
146 183
69 275
240 349
289 299
241 387
64 281
166 240
38 313
6 154
11 151
252 291
36 368
167 229
308 363
125 201
17 63
50 73
226 291
156 273
17 126
279 286
198 302
172 295
65 351
4 211
65 93
1 35
154 340
205 345
311 320
220 372
61 93
178 255
227 360
244 304
184 293
87 142
55 301
218 385
89 171
141 349
199 335
27 121
184 284
195 254
271 387
68 160
26 55
315 363
123 274
273 338
244 336
36 306
83 215
80 160
132 275
134 138
18 336
255 376
3 266
71 274
162 281
78 171
156 200
225 287
14 190
39 396
177 225
144 213
179 297
209 278
6 353
83 198
216 240
38 371
38 76
194 265
63 195
148 264
19 285
212 348
43 171
347 362
169 281
21 130
236 328
98 107
76 217
186 392
225 388
83 165
50 374
25 264
241 271
47 186
220 337
35 186
116 288
136 185
125 215
73 380
4 10
152 275
203 356
2 367
378 385
27 234
200 382
37 332
385 398
6 313
173 222
169 338
29 253
16 196
283 396
31 357
126 296
47 193
64 162
107 126
2 316
63 107
12 316
52 68
145 331
362 389
78 293
82 103
266 276
128 210
43 133
153 175
84 217
18 49
103 260
109 231
32 39
100 154
146 366
53 319
133 230
122 380
133 145
277 362
4 351
51 170
1 193
322 347
54 320
189 252
121 397
179 348
175 272
76 332
215 245
91 289
191 380
112 372
238 280
32 274
139 300
117 134
49 202
201 245
356 397
95 119
106 228
20 139
13 314
44 69
194 196
167 372
105 124
27 59
48 381
309 393
37 371
357 395
319 368
77 398
205 363
72 326
383 394
115 223
253 374
112 198
241 272
150 366
244 337
39 272
9 37
310 337
155 166
169 212
189 255
223 320
296 329
142 216
74 132
143 323
262 298
127 245
128 294
303 306
113 398
129 157
35 263
198 372
63 296
87 368
60 160
270 317
169 348
259 331
19 262
33 370
127 197
22 53
324 397
185 232
102 268
390 397
132 181
218 230
378 398
222 297
241 350
193 287
34 69
235 306
7 8
192 363
96 273
11 161
116 182
29 361
116 371
112 245
53 83
34 377
226 252
254 329
305 377
172 268
7 198
94 268
78 98
240 241
18 46
31 149
199 343
162 253
30 114
3 335
174 291
148 311
16 265
17 107
56 228
177 186
179 290
319 372
89 133
29 281
191 345
1 225
94 172
60 396
29 156
33 75
287 388
90 190
81 294
161 270
159 195
327 387
160 213
72 306
41 120
132 377
83 99
106 246
23 349
56 355
119 396
101 129
235 399
226 339
208 236
0 37
23 224
220 256
307 313
324 356
141 242
160 277
188 365
24 199
158 318
148 394
85 314
101 344
69 148
163 291
41 374
91 116
104 171
28 56
264 377
111 324
22 87
144 292
71 246
211 351
16 189
82 395
81 300
94 324
83 368
50 243
346 379
308 364
174 238
76 313
125 127
15 313
56 101
44 275
222 282
56 157
122 334
49 244
166 207
5 297
254 363
44 377
29 118
294 300
182 288
278 329
208 328
25 394
70 310
315 345
73 381
97 209
290 382
38 353
177 392
20 128
164 171
173 250
82 225
51 358
38 289
221 249
98 293
73 334
289 332
135 220
96 179
148 320
91 371
99 219
329 341
2 10
37 353
297 348
24 39
143 311
36 87
17 296
322 384
26 285
207 272
291 292
71 384
228 340
214 281
0 108
39 119
312 376
186 266
224 241
92 151
299 353
39 60
144 389
133 385
162 314
250 282
67 353
182 269
97 286
275 305
64 212
31 375
85 162
45 218
171 321
18 373
58 301
104 293
307 364
30 360
234 356
231 290
105 216
154 228
216 241
33 63
149 295
175 396
193 225
106 233
50 318
131 399
74 92
191 205
109 279
244 300
121 356
262 331
231 348
173 258
315 380
125 245
149 172
33 227
113 378
133 218
142 240
61 187
232 266
330 399
265 389
229 319
3 393
265 312
165 368
19 378
222 231
338 348
69 394
279 282
243 333
111 134
189 317
216 271
117 190
68 359
14 117
115 183
188 374
159 329
92 376
73 122
111 137
272 359
271 283
48 50
45 385
168 169
261 310
109 360
87 99
102 390
45 378
73 369
9 342
73 158
56 233
361 382
103 190
70 197
48 173
270 291
141 155
255 270
166 219
95 274
40 303
80 175
70 128
107 301
231 338
92 161
132 264
214 382
51 312
210 354
249 379
159 363
231 282
17 114
122 257
187 251
162 168
30 206
116 289
311 323
282 297
104 204
167 198
281 348
112 135
5 231
212 222
147 251
20 135
110 180
56 344
93 367
91 288
86 237
300 304
189 194
25 152
87 124
184 204
338 382
152 358
179 338
20 220
107 254
114 206
88 184
24 359
232 280
254 341
39 175
159 315
12 211
183 311
307 346
128 135
106 322
161 255
119 283
146 223
91 217
84 365
9 353
198 354
263 280
259 398
13 253
77 378
91 299
97 250
168 253
72 208
8 201
40 236
140 309
334 369
299 333
138 395
12 108
163 263
111 203
329 363
13 374
111 117
0 267
239 319
227 296
98 341
275 377
15 345
10 316
11 339
13 48
78 184
50 84
59 141
52 216
185 343
257 334
174 317
2 211
117 203
20 304
109 222
9 267
243 369
151 248
36 303
154 249
185 309
90 260
110 187
0 76
298 378
16 51
101 330
216 350
369 380
39 283
68 387
232 309
84 332
118 281
25 377
55 192
340 379
218 298
98 126
330 355
177 287
273 290
175 283
194 362
259 385
213 343
334 380
1 82
205 352
49 261
29 214
33 126
159 345
217 289
155 224
79 194
172 375
159 364
229 368
243 334
104 321
62 314
252 317
221 355
239 302
45 145
191 308
220 294
333 365
63 126
143 148
117 138
103 193
119 175
52 350
201 208
144 185
359 396
166 271
193 263
235 303
44 248
140 291
210 319
240 271
4 108
69 377
28 384
167 319
273 382
124 224
344 355
48 374
239 368
48 162
45 171
4 61
192 301
195 308
5 286
101 157
264 305
123 322
278 308
169 231
0 353
95 175
15 100
122 352
40 215
202 336
162 374
113 331
192 285
22 219
52 272
117 137
99 215
71 233
131 157
66 350
63 98
82 186
17 206
54 143
175 207
44 181
3 343
1 388
306 328
108 211
189 389
55 246
119 207
302 368
164 184
153 344
71 106
234 397
32 347
69 183
44 132
262 378
227 370
124 155
42 360
241 327
52 327
53 167
137 395
217 369
176 368
166 216
332 333
289 371
178 252
152 196
387 396
292 343
251 336
77 262
13 318
264 394
125 328
11 181
21 325
188 247
65 342
326 328
6 346
122 369
319 354
90 335
113 133
344 399
345 364
95 233
110 373
345 363
1 395
106 347
190 225
16 376
112 220
294 337
358 376
179 222
59 242
20 81
18 147
44 148
249 340
96 290
125 236
286 360
171 293
269 288
273 361
260 335
40 125
98 114
255 339
1 392
34 275
145 230
88 104
47 263
18 251
340 346
148 223
196 312
234 390
276 280
326 351
113 259
87 105
291 393
18 261
108 316
23 216
229 239
21 182
268 375
355 399
68 136
94 149
120 374
84 288
155 216
136 160
78 164
140 232
335 343
138 356
117 324
109 282
28 228
168 281
207 216
264 383
88 164
223 311
29 85
316 351
178 317
173 381
163 266
45 284
165 215
73 257
205 254
69 305
121 134
101 355
283 359
263 386
86 196
16 74
66 141
226 317
136 199
164 321
6 100
145 171
1 287
228 384
169 253
24 80
24 119
36 99
364 380
75 97
31 295
174 276
167 302
258 381
46 61
272 327
209 308
91 365
103 186
200 273
8 326
58 285
185 292
74 312
69 150
140 280
51 74
42 297
63 341
30 97
73 243
249 330
62 247
227 282
84 247
92 132
147 261
289 365
79 213
197 201
124 229
6 67
294 304
93 336
163 238
345 380
4 93
128 256
232 393
7 83
243 257
202 244
9 108
140 292
22 242
279 297
295 395
64 168
218 259
59 176
68 396
121 349
16 170
134 203
38 333
7 368
12 342
35 177
307 352
82 287
229 302
279 360
97 370
302 319
324 395
169 273
207 327
11 74
37 76
139 294
285 398
23 66
46 110
103 395
197 245
18 61
163 280
116 269
104 284
346 353
56 221
137 225
85 281
14 395
195 205
230 259
163 386
101 131
266 280
13 41
53 239
85 253
19 398
58 254
172 357
96 348
100 340
76 333
161 339
66 216
84 116
15 154
32 160
29 273
58 192
195 341
156 382
36 219
26 398
113 218
102 397
130 316
60 213
180 202
6 340
153 274
0 67
7 72
45 113
67 313
36 165
1 357
14 260
10 21
170 275
18 110
189 376
299 371
274 355
232 291
295 375
314 374
249 346
190 335
132 358
172 397
176 242
203 350
89 145
123 246
174 270
111 356
186 225
29 348
70 201
257 369
37 299
259 378
230 298
170 358
54 204
13 118
263 276
207 387
276 386
31 94
2 4
55 384
195 363
5 282
69 132
138 324
253 281
243 381
140 393
47 238
135 256
88 321
168 214
89 184
224 240
44 150
72 236
80 396
89 104
55 58
67 100
14 57
196 385
227 286
217 243
159 191
1 103
40 208
266 335
13 188
43 54
104 164
121 234
185 213
10 182
30 296
89 284
161 178
3 140
129 153
4 12
13 85
255 291
78 114
138 295
34 366
51 376
111 190
18 187
219 368
16 312
202 261
49 336
178 339
157 330
133 378
118 120
282 286
34 44
29 169
236 326
264 275
217 365
33 98
252 339
62 120
217 332
142 224
43 45
174 280
78 104
42 282
244 294
331 385
14 324
129 207
237 265
289 325
111 395
79 389
72 125
12 351
82 388
347 389
278 315
140 266
190 260
77 113
94 295
123 233
193 392
85 214
96 231
124 141
163 226
146 311
171 284
34 146
7 165
144 277
28 71
23 52
291 386
116 365
210 372
64 318
120 253
128 372
86 194
140 163
49 251
180 261
65 367
65 211
127 208
356 390
15 379
145 204
174 226
183 320
2 182
107 341
121 390
258 391
53 229
103 287
97 227
158 258
66 121
137 138
34 150
125 208
85 168
84 188
308 329
224 349
209 329
105 166
17 254
19 26
77 259
126 254
10 211
171 204
278 364
100 249
126 206
147 180
20 337
273 348
247 365
64 253
43 284
63 254
77 285
315 364
45 230
34 132
41 314
110 202
53 368
5 42
87 219
283 327
244 310
180 373
71 347
144 309
73 391
32 95
7 99
51 189
127 215
52 271
110 367
115 311
181 366
186 193
36 83
157 344
81 304
30 75
103 392
46 202
304 337
198 210
115 366
269 325
81 244
76 289
363 364
26 192
290 297
313 353
55 285
205 278
238 276
31 324
33 97
128 220
160 359
314 318
76 371
13 162
163 393
35 287
254 308
212 374
246 322
200 290
144 232
194 237
92 170
139 256
255 317
209 286
149 268
292 393
30 370
124 219
8 127
11 178
222 250
92 358
39 80
109 227
125 306
98 206
136 213
45 331
3 163
116 325
191 352
65 316
128 337
185 393
38 217
134 397
130 182
152 170
205 329
301 341
90 136
40 306
218 262
259 262
2 108
42 75
210 220
334 391
257 380
247 325
122 364
22 141
34 264
195 301
315 352
70 245
316 342
16 358
8 72
175 274
68 90
97 109
334 381
173 391
137 190
155 219
22 229
45 298
54 305
352 380
216 224
134 390
140 185
118 374
197 256
48 258
58 195
110 336
4 316
34 248
186 287
69 146
26 77
375 397
61 367
148 323
46 367
129 303
360 370
60 277
67 346
217 299
298 331
205 308
257 307
142 166
288 289
246 384
198 319
132 394
207 283
105 224
131 306
154 384
53 165
48 120
251 261
297 338
17 33
50 381
147 244
7 215
8 112
230 331
44 394
40 72
179 273
189 312
57 137
57 90
109 297
105 240
21 288
113 298
96 297
43 204
122 315
105 155
34 394
14 137
209 227
27 397
8 208
133 284
131 235
293 321
127 201
159 205
262 398
216 327
42 279
56 274
253 314
190 199
79 362
18 180
66 240
100 379
26 58
59 121
254 278
95 153
34 305
173 212
216 387
15 346
171 184
180 336
274 344
164 293
231 297
290 338
84 289
122 345
82 177
354 372
113 262
8 197
288 325
53 198
187 373
230 385
29 382
79 237
195 329
136 335
272 387
275 394
129 131
103 177
239 354
79 86
205 364
41 247
33 296
217 333
159 308
283 387
91 325
312 358
192 246
122 307
213 309
95 344
120 314
143 320
84 333
39 277
1 177
76 299
142 327
104 184
165 167
157 221
288 365
46 49
250 286
236 306
77 298
92 178
2 342
25 132
8 215
109 250
105 303
86 389
80 272
93 110
243 380
40 131
52 387
50 369
90 199
270 339
1 186
117 395
0 9
120 188
220 300
166 224
113 230
135 372
14 111
212 318
238 386
139 220
180 187
15 307
61 65
127 326
305 394
113 145
4 130
168 348
150 181
25 383
27 102
34 148
265 376
70 256
225 395
25 170
18 202
58 159
125 326
67 340
225 260
11 358
308 315
44 264
101 221
149 375
222 348
127
73
26
141
161
30
49
99
75
45
75
86
154
56
131
112
44
177
137
139
29
136
70
83
15
60
21
23
204
36
46
172
88
128
43
92
96
117
102
183
150
47
163
128
171
32
112
138
42
88
93
194
183
45
26
152
139
26
36
159
156
145
29
178
144
82
191
43
40
170
132
108
77
64
148
135
92
181
57
64
127
47
57
142
42
169
154
113
132
110
185
97
38
68
118
70
215
180
60
111
67
85
139
155
170
103
76
46
93
61
68
29
131
22
173
58
139
204
96
7
145
174
59
90
109
146
229
109
78
28
103
34
144
87
124
129
110
121
163
171
96
81
101
151
27
87
107
28
53
112
70
56
90
115
112
173
136
157
133
84
95
70
56
66
155
118
182
48
152
129
84
125
154
81
58
100
37
188
39
124
65
59
52
171
34
80
66
40
90
152
88
96
181
159
192
51
71
111
87
90
136
168
130
57
53
96
198
58
143
52
177
44
131
92
166
86
76
220
42
141
28
109
106
48
101
110
67
29
96
182
83
85
100
167
105
45
101
79
149
54
186
31
63
108
148
27
43
226
53
116
44
42
165
178
106
100
43
120
72
178
141
25
81
144
93
75
101
86
88
197
90
85
51
117
49
178
123
119
81
135
93
130
56
102
61
173
196
36
72
83
75
200
163
100
47
106
75
159
72
166
121
44
42
164
92
163
167
44
62
171
105
95
88
145
91
213
73
159
22
88
75
69
225
62
58
62
105
178
174
86
136
20
49
57
66
174
166
78
104
76
48
81
77
149
169
85
93
180
34
193
50
83
63
107
91
51
175
59
126
74
110
138
137
79
115
105
109
77
80
126
113
120
99
125
123
110
87
96
74
223
75
217
71
117
69
139
23
9
32
99
61
93
80
126
61
98
142
180
138
22
143
171
105
75
174
125
45
52
174
45
89
108
95
99
74
27
16
60
114
64
138
56
68
83
202
18
96
60
27
52
105
47
137
98
201
112
101
150
61
30
70
9
74
123
77
162
24
124
94
103
103
209
126
26
181
65
143
200
71
46
189
51
57
110
105
104
145
127
107
47
89
139
85
107
245
209
45
84
175
104
48
133
110
97
163
160
97
44
101
147
71
125
76
195
16
33
123
111
55
160
247
93
90
104
134
179
73
106
193
33
85
191
50
167
114
95
100
59
69
31
55
162
92
70
51
159
179
70
58
75
130
128
190
74
116
91
50
63
96
162
202
124
83
93
165
127
138
87
106
114
58
42
164
85
134
95
121
101
168
31
110
48
184
20
51
167
122
206
65
236
133
162
64
119
201
94
18
62
74
82
78
86
55
122
193
133
133
108
99
108
193
85
160
81
92
134
32
169
47
126
95
90
92
90
150
71
180
44
59
83
84
79
97
94
39
58
62
74
55
69
67
173
20
74
86
61
125
80
46
67
185
132
108
87
109
144
142
53
97
38
133
147
98
85
62
72
157
57
182
149
95
106
39
32
11
33
91
93
96
37
100
88
120
62
17
41
115
42
180
144
64
72
82
94
22
31
86
116
71
122
82
163
151
89
62
214
84
199
36
88
221
145
173
102
179
37
55
157
189
126
38
41
105
222
121
133
133
47
106
62
72
220
31
90
128
107
136
81
112
149
77
148
138
93
146
62
45
75
59
84
114
90
12
60
86
156
89
68
77
102
77
110
115
54
83
17
184
192
94
108
136
184
60
128
15
76
20
72
165
178
117
71
143
79
107
51
107
233
185
108
127
234
84
156
36
27
140
155
108
118
89
143
54
181
107
227
124
63
49
84
65
162
97
73
234
107
55
83
46
22
135
107
169
53
181
88
176
61
41
131
145
136
152
100
62
121
56
84
114
159
120
81
67
134
82
154
126
76
96
160
144
176
86
70
141
22
52
111
154
156
132
19
67
156
132
112
88
57
124
81
146
167
47
74
102
144
133
54
121
194
88
35
114
89
58
181
95
72
101
71
27
251
72
112
66
95
47
57
49
127
157
181
122
96
119
132
63
69
216
183
58
51
115
53
162
137
174
163
78
111
137
146
26
101
88
81
82
87
131
98
153
150
77
36
61
88
180
79
126
130
257
125
83
108
84
88
41
25
40
84
107
35
49
185
55
132
77
148
49
70
172
181
24
160
132
196
163
105
104
66
52
83
64
78
136
62
124
44
137
149
74
92
52
116
149
87
63
114
65
140
107
224
81
149
100
101
59
67
68
136
124
71
135
16
21
132
122
33
108
80
23
86
127
79
66
68
69
185
116
49
72
94
224
65
83
75
92
40
176
185
149
146
58
28
130
85
104
99
148
105
194
76
65
132
28
42
65
110
36
168
162
78
143
39
165
165
91
81
118
117
111
55
87
118
87
24
197
49
39
158
145
64
142
67
72
31
114
124
51
57
86
93
140
34
78
21
33
84
129
90
101
47
74
19
89
193
91
78
68
103
109
83
102
43
39
84
177
80
64
125
126
57
129
47
105
42
19
135
49
148
57
36
138
119
93
146
112
142
166
140
42
96
81
139
105
201
137
143
32
158
81
68
117
125
132
91
112
32
102
85
56
100
73
48
98
78
67
18
91
39
42
80
50
78
72
69
62
119
72
47
59
55
50
149
159
55
78
101
28
78
86
126
147
194
17
43
60
39
74
156
161
46
186
116
127
65
66
105
75
58
72
147
90
108
125
149
63
96
80
61
30
78
76
114
48
158
55
88
80
212
103
109
38
54
164
16
187
91
110
123
55
115
63
25
35
47
91
160
49
204
47
170
193
89
84
140
90
148
63
83
35
70
58
255
58
121
184
148
90
82
141
73
198
48
69
109
60
49
36
71
69
59
125
166
39
70
141
89
78
130
114
210
56
77
21
159
101
233
120
42
185
184
171
52
107
125
60
32
87
215
162
139
239
58
35
99
35
44
123
52
111
88
203
89
58
169
149
114
188
134
69
88
185
155
155
130
99
34
109
73
40
83
163
67
43
129
133
60
87
90
164
143
70
57
168
88
136
57
17
96
132
84
70
27
120
79
77
33
77
10
167
36
29
26
77
105
119
160
144
127
201
63
169
189
172
77
157
102
82
163
109
58
48
53
211
67
15
40
61
147
151
29
73
136
117
110
44
65
87
88
161
147
48
85
103
70
80
149
178
111
50
154
28
206
75
157
81
134
247
174
57
53
161
39
159
21
143
104
100
138
166
58
33
12
97
79
81
51
114
73
154
57
84
243
88
158
150
190
108
176
44
85
56
89
77
126
101
65
94
71
57
72
55
59
91
29
38
82
56
201
32
132
110
154
191
97
101
131
134
60
66
141
128
133
91
19
86
103
217
162
32
119
83
144
142
81
119
69
72
152
35
72
149
13
35
68
89
127
126
146
122
101
37
98
120
138
90
66
132
107
43
61
208
134
189
86
190
106
68
225
108
130
105
81
133
91
81
60
114
30
82
52
83
64
81
70
32
94
38
22
30
141
44
132
210
54
81
84
21
121
235
82
90
86
36
66
148
61
139
97
69
50
128
26
131
53
121
146
165
72
205
95
32
70
185
189
32
73
113
85
51
114
154
150
188
75
36
134
90
89
25
28
68
105
113
118
149
99
46
94
49
87
187
113
73
115
36
59
87
75
32
214
164
136
166
205
131
78
102
106
75
127
69
214
55
196
30
164
114
163
19
103
74
158
125
96
97
107
53
196
51
203
168
147
83
106
154
125
38
96
132
142
171
76
111
91
133
206
65
75
138
11
192
18
57
69
17
93
201
43
68
65
123
117
61
171
176
89
128
64
68
94
124
208
126
176
159
161
70
155
97
148
59
115
128
29
76
163
111
188
157
84
25
114
115
98
179
99
111
107
121
119
41
40
108
128
220
62
118
60
54
102
171
174
70
36
98
225
101
190
154
97
95
71
68
65
45
210
141
17
118
65
76
17
94
150
104
157
86
104
75
44
183
168
28
138
91
24
57
105
11
125
128
168
16
72
91
100
66
18
106
38
57
51
59
106
58
197
49
73
132
90
63
54
57
65
219
89
145
42
80
151
74
152
139
143
111
78
112
82
84
131
113
167
59
104
108
123
64
107
214
102
85
110
183
76
175
202
59
54
35
162
53
117
203
247
23
75
108
116
74
29
103
111
94
30
64
44
125
86
65
171
70
155
57
103
85
96
170
107
98
101
96
49
159
44
112
92
47
66
96
93
125
164
142
41
48
61
122
49
57
39
54
180
145
88
86
34
107
58
100
113
29
89
44
120
112
36
90
88
185
151
105
81
116
79
89
62
105
107
86
20
37
33
70
88
57
86
71
106
19
151
27
96
72
131
26
39
44
117
98
165
128
109
87
57
37
8
92
75
142
88
173
117
228
49
39
31
93
172
33
13
129
64
194
122
77
214
80
150
168
57
91
79
104
60
94
32
137
72
81
73
109
133
83
66
108
165
24
77
146
136
64
73
25
126
112
91
154
94
139
161
84
101
113
43
118
52
201
114
85
107
165
180
72
171
110
83
118
155
85
180
41
12
75
