574 452
588 219
736 288
655 69
520 622
50 249
134 382
28 338
783 605
593 253
518 71
141 679
126 597
628 153
280 275
753 359
367 139
216 175
217 259
184 224
548 716
156 194
739 788
788 259
784 575
348 595
599 619
356 561
139 780
762 41
511 31
344 715
618 102
221 608
391 61
591 419
735 712
155 764
100 79
46 215
388 413
524 138
580 498
94 708
114 712
478 196
94 358
423 598
85 285
333 394
719 737
102 302
324 309
552 207
285 9
502 639
95 448
687 454
455 638
642 500
676 499
297 271
280 88
318 633
17 514
363 146
497 468
610 657
786 10
144 768
498 509
641 147
243 114
16 771
355 526
545 139
284 493
330 401
534 410
446 179
784 24
613 568
728 660
200 103
793 579
611 104
337 641
83 357
12 292
650 174
547 733
180 200
264 302
148 31
66 5
216 681
631 118
523 212
557 243
398 284
202 498
408 91
572 777
480 250
480 45
652 448
776 152
330 300
379 481
477 347
191 154
275 259
281 238
627 186
63 715
734 129
717 713
263 482
688 397
43 506
779 700
319 300
339 190
451 185
630 369
26 610
510 693
330 110
499 389
471 586
728 63
645 738
313 167
286 679
279 505
215 378
721 490
7 713
400 144
286 351
272 217
391 655
343 143
199 364
634 512
154 262
368 422
405 202
189 650
700 448
308 300
688 13
158 127
595 51
275 494
154 76
433 426
572 546
323 9
465 535
257 198
406 670
441 482
92 226
270 714
602 270
783 426
724 68
285 24
673 396
16 637
405 185
799 166
644 279
592 205
634 2
207 34
494 611
121 78
609 435
157 509
674 401
710 570
706 82
531 270
54 115
643 55
270 763
779 403
106 267
337 625
311 85
642 443
321 608
300 421
505 158
402 607
387 526
579 650
74 367
80 709
511 111
355 39
776 190
109 722
639 527
243 677
738 55
114 386
762 53
441 185
245 305
524 580
653 203
366 570
284 550
440 573
544 594
265 570
726 512
9 637
701 412
218 623
233 688
187 644
486 180
140 690
52 710
198 467
402 82
513 382
156 657
322 165
103 687
636 622
79 242
334 141
368 679
748 223
327 226
408 13
660 460
594 609
22 455
476 80
7 528
456 30
124 41
580 703
518 306
371 235
769 456
333 776
648 161
581 590
409 704
680 664
156 401
63 169
771 123
699 399
203 287
650 352
484 452
169 330
340 364
794 695
309 92
49 798
266 468
451 721
621 615
26 500
504 101
38 757
410 536
766 205
253 385
83 672
355 74
516 525
699 101
419 148
552 289
22 629
449 378
492 338
480 606
503 784
385 144
320 552
622 749
27 440
784 625
595 20
733 79
241 399
604 108
581 225
328 533
298 736
654 74
38 302
202 569
372 8
694 620
512 452
25 129
796 424
674 671
311 283
387 54
710 325
793 419
289 337
597 159
672 255
625 123
457 363
127 774
272 229
648 580
691 593
511 284
489 31
329 367
474 166
143 790
317 114
598 383
194 187
3 65
401 784
190 713
497 787
485 382
672 288
564 444
418 247
666 455
222 473
300 1
281 310
484 424
583 92
171 589
197 237
536 672
382 32
109 286
563 511
139 107
537 335
695 744
483 9
116 367
509 99
560 398
168 451
435 497
569 634
418 306
782 504
758 203
779 397
295 618
396 131
303 201
204 58
221 403
447 496
695 518
202 407
641 614
653 458
120 726
357 617
420 205
219 520
688 442
104 55
643 478
538 45
672 123
778 146
541 288
763 393
480 675
305 317
795 395
416 109
17 494
445 740
176 285
352 205
188 409
369 510
226 89
101 329
228 754
20 248
239 310
163 189
289 366
283 352
9 113
164 333
200 227
288 334
26 81
17 19
115 384
234 322
51 393
23 363
18 91
165 316
219 371
222 345
368 397
188 386
66 162
49 265
305 321
202 304
49 139
228 369
64 292
99 121
27 74
239 250
4 212
147 282
152 155
61 107
1 113
18 346
152 351
119 391
2 203
137 220
25 214
269 378
193 365
52 61
101 282
165 298
292 391
42 59
257 369
230 318
130 167
28 327
349 398
137 227
83 155
246 324
157 350
216 287
106 384
43 44
83 178
304 311
240 246
134 378
163 235
65 122
80 295
79 123
79 282
296 372
36 82
121 388
303 345
214 396
179 192
260 312
96 301
148 223
141 190
205 371
147 377
131 353
93 368
257 395
62 328
166 362
69 204
155 178
127 232
85 153
193 215
3 32
16 122
239 320
106 238
75 273
27 214
26 321
111 140
77 277
65 236
43 204
25 63
192 339
234 305
333 399
218 303
113 298
277 369
184 323
58 141
60 219
29 167
191 236
53 97
0 42
32 71
104 246
129 159
197 396
194 325
74 197
29 209
73 137
228 257
297 317
85 96
126 347
133 206
102 334
201 326
37 375
195 225
76 117
273 382
28 375
65 142
68 207
17 330
67 373
126 248
300 399
0 306
63 133
127 236
104 324
97 195
99 338
106 276
124 179
17 160
152 178
126 387
24 293
369 372
107 121
16 138
139 150
122 132
196 237
111 150
234 321
155 368
59 205
118 221
178 380
120 266
238 363
236 328
40 108
136 251
43 226
6 199
283 385
96 281
115 383
221 364
144 381
32 301
85 315
108 370
106 115
229 348
67 309
17 72
229 279
45 210
268 274
117 154
221 386
82 120
31 133
11 231
159 287
7 302
16 279
104 382
250 338
128 263
33 148
101 229
253 315
41 273
0 35
210 377
14 61
77 146
139 342
103 323
57 181
65 366
46 349
161 255
97 184
188 364
181 262
3 96
70 350
60 379
180 358
146 265
56 119
182 219
308 362
61 150
138 390
230 286
98 323
13 174
74 214
210 282
221 379
109 352
131 309
92 310
270 288
51 355
134 290
135 139
215 290
101 138
4 129
307 380
143 257
76 378
133 187
125 170
58 216
191 267
63 190
118 181
160 330
66 343
80 130
282 326
256 373
25 290
79 138
4 217
113 317
349 355
183 281
19 91
128 286
245 272
74 396
232 236
340 369
6 264
11 43
56 272
63 365
7 199
1 213
85 297
16 236
226 231
128 318
105 339
208 355
196 214
187 399
139 314
308 364
31 255
21 258
3 281
135 277
93 380
340 378
190 365
14 342
76 290
138 229
308 389
136 149
166 188
58 177
198 242
299 396
267 279
218 365
285 361
204 278
114 227
190 376
122 394
235 258
108 275
192 381
81 254
153 186
51 145
62 236
24 362
131 256
34 229
162 275
256 353
181 260
198 248
29 130
61 388
6 372
45 123
38 178
219 362
30 324
228 378
11 233
116 131
206 223
183 209
11 204
352 385
55 287
238 316
24 322
6 257
112 320
100 358
347 387
271 360
155 380
71 315
8 82
94 178
18 261
334 392
306 337
349 393
258 307
12 345
55 347
4 360
107 314
95 133
148 222
109 286
43 114
66 370
15 364
78 230
77 139
314 342
122 367
221 260
190 214
74 299
110 155
263 306
20 291
183 295
90 291
12 231
33 222
79 377
318 335
36 131
13 113
290 299
180 303
74 108
5 235
191 202
138 171
65 132
42 144
275 359
81 157
306 343
58 161
1 298
170 278
50 309
48 163
1 97
25 193
20 347
69 327
92 112
268 319
29 68
149 251
117 340
38 185
132 236
8 305
338 377
313 362
46 199
62 72
32 186
228 358
191 341
182 293
175 186
83 368
16 65
97 225
110 152
152 380
130 209
67 256
60 105
61 320
12 224
98 249
249 286
147 338
188 308
223 224
91 346
133 223
115 281
191 328
237 252
104 273
221 339
186 294
105 181
358 395
9 283
156 359
60 374
70 280
227 278
84 219
119 272
276 384
5 51
134 218
81 271
226 333
6 395
271 373
165 174
67 234
76 299
176 247
82 353
10 382
123 147
303 378
27 190
271 321
0 78
141 161
251 362
5 189
41 225
24 219
83 152
228 340
83 397
101 348
218 222
45 377
14 112
51 349
64 245
86 237
248 291
16 328
40 77
245 391
244 324
207 295
116 120
100 180
125 245
174 298
38 331
31 300
69 319
61 310
134 215
43 227
165 283
51 87
6 87
227 268
214 299
17 21
35 337
10 324
30 104
34 390
239 367
55 212
217 254
132 239
48 189
103 249
54 341
132 394
19 261
126 270
213 316
112 160
63 86
137 170
46 208
4 55
236 289
32 153
7 88
39 88
0 357
1 174
250 394
242 321
84 182
25 27
320 367
26 217
294 382
236 366
78 357
118 124
18 211
149 241
286 318
210 225
172 276
144 205
32 317
41 356
50 116
184 298
301 383
101 279
96 344
21 330
364 386
229 240
127 328
9 298
38 94
179 339
42 205
11 333
156 285
122 142
9 385
45 225
102 288
205 381
2 15
364 389
47 177
48 302
44 227
136 371
112 140
216 275
98 283
123 282
16 390
251 386
367 394
322 371
153 382
144 321
57 136
264 393
185 351
86 365
17 83
18 330
111 342
52 342
98 184
144 350
52 314
142 232
164 223
60 241
243 391
156 318
180 340
109 318
96 186
90 248
198 271
324 356
214 275
59 339
27 299
156 162
107 310
4 347
269 340
13 213
143 395
228 269
103 225
113 174
158 279
16 282
149 181
85 301
108 197
230 285
319 327
139 277
64 272
49 314
47 141
145 393
136 219
125 278
134 154
53 298
318 343
271 322
107 325
190 237
100 228
160 320
54 62
285 343
111 310
355 398
282 377
182 321
23 203
72 83
124 329
240 348
158 341
149 221
241 381
195 210
3 130
290 396
82 293
93 176
4 177
105 179
90 347
46 87
20 102
40 156
263 359
339 381
255 270
104 356
339 374
75 195
14 92
71 96
72 267
112 367
6 56
14 150
283 298
116 256
152 330
105 374
15 188
58 255
169 379
200 274
0 337
234 242
73 200
22 36
18 111
3 175
57 374
92 111
145 163
118 169
33 218
109 230
167 207
13 96
60 339
143 211
181 339
200 375
77 194
94 380
40 285
238 276
147 394
35 329
256 309
14 310
58 196
212 287
232 394
199 398
82 116
55 129
90 198
206 399
61 92
40 265
79 225
241 339
36 116
197 359
321 373
166 308
45 326
187 223
106 259
234 256
86 196
144 371
37 44
331 380
313 389
305 322
297 344
118 312
312 336
278 284
130 151
118 379
57 118
173 316
222 303
28 204
61 239
124 262
3 85
111 320
251 364
89 383
54 168
155 351
242 271
180 228
100 134
58 270
71 89
254 373
128 285
94 247
81 321
339 379
83 176
257 264
188 313
309 373
118 262
175 301
108 162
89 96
130 281
74 290
8 120
78 128
3 186
7 48
199 208
130 183
169 221
114 233
25 196
157 254
6 358
144 374
194 277
99 250
22 116
159 359
194 269
277 395
287 387
124 181
131 248
32 297
122 239
359 370
317 344
286 385
72 368
121 310
263 370
256 322
91 330
184 352
237 255
220 284
22 120
34 366
39 163
138 282
82 256
149 219
31 164
9 336
98 298
92 150
109 323
252 332
5 88
210 326
55 177
282 390
363 384
178 185
337 357
117 228
53 184
154 299
96 315
96 113
11 148
277 314
189 349
87 199
81 242
72 110
39 189
190 193
314 325
30 244
8 293
13 32
115 167
184 385
37 204
20 90
31 252
78 343
198 234
263 343
32 344
206 333
6 46
246 311
199 355
65 127
54 158
117 269
163 349
30 356
236 367
286 352
113 213
61 111
223 399
254 321
321 322
89 113
217 242
135 372
280 350
12 148
132 328
57 221
230 343
38 93
156 343
174 213
15 260
38 380
142 191
100 154
121 150
163 258
29 295
151 167
100 340
101 311
38 152
11 375
48 145
14 140
10 201
329 337
43 233
295 384
34 246
93 94
62 168
208 398
251 389
143 372
241 374
167 295
102 131
260 386
168 341
234 360
180 378
329 357
286 335
47 275
142 328
148 224
185 331
192 379
148 345
75 315
73 227
2 23
34 348
65 289
167 183
98 165
229 390
193 214
312 316
111 160
234 309
234 373
154 215
20 126
205 321
286 323
155 397
60 381
45 147
70 370
198 347
211 261
53 195
154 340
0 350
204 319
73 268
372 395
21 163
36 120
68 209
181 379
250 377
9 316
94 331
103 184
52 388
132 367
74 215
209 259
114 268
105 169
281 301
305 309
31 187
323 385
95 231
42 157
101 390
27 376
5 163
57 379
2 276
162 263
93 247
140 239
340 358
50 353
114 200
45 79
53 98
58 287
114 278
310 342
197 275
356 382
44 114
164 300
42 337
149 374
73 114
61 112
96 317
84 293
158 348
113 315
63 237
114 204
151 207
49 325
1 315
137 200
323 352
81 234
110 160
67 248
173 213
76 215
109 361
186 301
92 388
60 205
6 398
62 127
16 366
60 136
106 203
282 289
183 207
82 182
211 342
80 167
50 82
170 284
41 195
31 86
168 202
165 385
327 375
281 295
128 335
15 386
118 386
37 399
89 253
71 253
17 91
159 162
100 378
72 397
16 142
243 292
324 382
60 182
172 363
132 142
27 196
244 356
156 335
136 379
167 209
18 19
89 317
322 373
75 297
147 171
10 41
42 350
69 333
90 288
197 216
70 162
218 378
150 310
267 328
134 299
7 398
207 209
8 84
17 152
197 299
139 388
40 49
273 356
193 218
191 279
35 357
67 131
231 233
148 206
346 393
237 376
143 369
161 392
9 165
188 389
125 272
26 157
133 190
226 278
121 342
171 289
108 396
54 202
36 256
13 317
21 110
143 264
166 313
242 254
282 366
155 176
29 183
262 329
296 369
204 233
7 87
203 238
6 355
47 287
63 141
144 241
76 340
56 292
78 335
63 376
92 261
242 373
76 134
128 352
164 399
113 253
196 376
201 273
79 366
178 368
90 102
123 195
26 67
257 355
117 134
27 290
53 315
11 200
114 274
204 274
124 169
34 311
91 110
66 280
13 71
47 376
324 354
79 171
201 382
351 368
111 112
107 388
64 125
106 295
79 195
61 342
247 368
28 44
172 384
183 186
34 240
95 148
270 332
92 211
41 326
173 336
291 353
189 235
151 175
242 360
172 238
110 351
165 336
39 235
119 125
310 388
195 273
116 309
27 193
5 302
87 292
289 390
183 301
43 375
203 363
315 317
87 398
23 238
160 367
66 359
14 107
150 314
311 348
33 303
148 231
202 240
224 231
177 347
198 360
67 291
49 194
15 166
204 227
30 382
23 276
19 393
89 315
117 378
86 141
150 388
135 264
222 231
244 246
167 259
37 327
85 186
4 126
29 151
57 260
215 299
92 314
135 257
115 276
47 216
179 381
179 374
57 105
32 96
19 330
193 290
157 242
195 326
92 121
26 254
170 227
65 138
297 315
185 307
52 265
90 334
9 184
17 110
218 290
261 393
259 295
35 78
147 250
253 383
101 289
33 345
199 292
133 300
2 238
35 192
188 221
248 360
160 346
166 364
95 222
230 357
13 253
212 280
127 142
161 237
90 126
149 379
76 154
45 97
51 264
78 329
102 248
70 359
127 132
116 353
222 224
111 367
11 224
76 269
20 360
138 366
18 145
154 378
135 395
111 211
54 191
34 202
86 193
226 233
262 312
231 333
117 194
128 306
137 274
2 312
229 366
93 351
165 173
27 396
251 308
48 88
104 354
1 9
41 45
21 145
261 346
141 255
51 302
319 375
217 360
56 243
30 246
351 380
129 287
183 383
39 258
111 261
4 287
161 270
195 356
34 101
44 226
192 374
152 397
158 191
243 245
359 396
107 342
305 373
143 277
51 189
294 344
285 335
47 58
51 199
4 387
59 144
125 220
14 388
166 386
189 398
25 376
11 226
228 372
215 365
326 377
138 147
171 250
1 53
103 338
59 81
56 358
161 376
21 346
254 271
259 276
196 216
153 294
86 133
29 80
203 259
12 303
177 287
50 131
271 305
304 341
135 143
23 312
22 353
6 208
173 262
245 292
260 379
157 217
115 130
338 361
91 152
232 367
214 290
68 130
207 281
128 357
138 210
347 360
142 236
307 331
211 314
31 141
257 372
70 263
69 375
236 267
249 283
279 328
119 243
82 322
49 277
79 147
159 370
13 297
91 145
387 392
184 283
28 69
40 146
202 348
123 171
5 39
19 21
1 98
244 390
119 180
95 333
192 241
308 313
316 336
208 395
105 192
15 389
13 89
369 395
9 173
275 396
9 98
64 119
249 352
244 273
128 230
201 244
308 386
141 376
3 383
157 212
128 343
146 325
199 243
297 301
21 91
87 355
169 312
245 284
227 284
159 216
206 222
232 239
145 261
200 233
212 217
100 117
172 203
35 124
96 253
249 385
204 226
97 103
57 192
52 150
59 381
5 258
344 382
171 210
136 362
230 306
29 207
109 335
352 357
202 341
358 372
135 369
43 200
132 232
42 381
145 264
235 302
120 293
179 241
293 305
174 315
10 273
59 60
80 207
109 128
57 149
3 183
58 129
157 280
229 311
118 149
106 172
142 267
56 208
70 306
93 178
15 312
25 190
102 291
87 302
179 337
0 179
71 85
115 259
177 217
77 314
116 305
115 172
217 287
166 389
167 281
150 342
122 232
133 365
276 363
277 296
140 160
78 337
340 372
264 398
17 346
255 332
25 86
95 223
79 210
79 326
247 351
176 368
261 264
55 126
313 386
114 284
33 206
56 391
56 199
12 125
73 274
10 104
164 206
116 266
98 174
50 120
204 375
279 311
200 278
36 309
115 203
67 360
125 391
8 182
75 201
89 213
70 159
115 183
58 387
92 139
127 267
10 356
279 304
34 304
145 349
2 336
301 317
223 333
266 293
302 398
211 393
325 388
109 249
215 218
121 314
30 354
1 165
9 174
81 373
15 308
115 295
62 397
311 390
257 358
38 155
178 247
181 221
318 361
39 48
11 278
88 302
105 381
123 377
272 391
279 348
169 181
0 192
55 58
155 247
92 342
109 285
196 275
126 392
14 211
13 383
96 297
19 160
4 198
96 383
44 278
234 271
32 85
75 344
235 349
10 354
95 224
125 284
203 384
44 69
182 371
59 371
177 212
16 289
227 233
332 392
32 383
65 282
16 232
141 196
71 113
251 313
123 210
77 325
143 296
175 294
18 393
65 171
36 266
185 380
278 375
59 374
200 226
44 200
64 391
44 204
77 265
3 151
22 50
44 233
45 103
97 298
34 279
19 145
202 229
19 346
52 310
81 144
182 322
65 328
164 252
75 356
41 201
212 254
46 51
198 254
260 262
374 381
138 289
52 107
26 271
41 75
26 234
253 317
46 398
80 209
82 305
386 389
105 241
140 367
342 388
259 384
114 375
255 392
97 326
55 360
85 317
2 316
82 309
198 217
230 352
179 357
112 239
14 121
184 249
114 137
6 143
3 294
206 300
35 179
169 262
87 208
185 258
95 164
247 380
45 195
50 266
15 313
101 366
28 37
10 30
57 339
78 263
43 274
232 328
83 110
204 327
48 51
366 390
168 176
81 205
227 274
36 353
142 289
38 307
129 216
159 280
61 121
256 305
98 385
71 383
240 311
43 278
57 241
201 356
162 370
59 241
13 315
153 175
135 296
224 226
78 306
285 318
230 335
265 314
127 191
112 310
27 197
119 245
20 387
25 365
74 275
158 202
47 196
254 360
252 255
225 326
86 190
105 149
99 361
127 279
263 335
57 381
193 376
84 362
57 219
130 207
100 269
147 210
5 349
302 349
281 383
139 325
110 397
39 307
166 251
189 393
358 369
66 306
100 303
195 201
209 295
262 336
272 292
56 257
162 359
3 301
200 204
210 338
123 225
97 323
130 295
115 363
233 278
314 388
182 305
33 224
194 296
51 398
231 345
119 292
71 297
222 223
168 191
172 259
178 351
23 172
42 280
317 383
48 235
16 127
252 300
220 227
33 95
206 224
118 260
156 263
44 375
62 191
47 129
129 196
51 235
233 375
26 198
220 278
93 155
139 296
19 110
95 206
106 363
57 60
138 142
7 46
10 344
153 344
28 319
330 346
129 212
67 242
161 196
224 345
52 99
169 260
142 366
313 364
9 53
270 387
86 376
65 232
158 304
243 272
105 379
171 282
179 329
66 263
239 394
164 187
137 278
66 70
288 392
53 225
146 156
177 216
20 198
275 370
141 237
188 251
10 244
62 267
241 379
270 334
55 217
214 376
60 144
202 279
277 372
48 349
3 167
171 377
123 138
176 397
187 252
25 74
26 242
270 392
55 387
35 105
148 226
97 98
67 198
213 253
197 214
49 146
202 311
26 360
82 266
68 80
53 174
37 319
134 269
24 84
122 236
38 247
14 111
149 339
154 269
137 284
18 320
145 346
71 317
177 387
354 382
255 387
335 343
13 85
25 141
52 121
340 395
228 395
85 344
285 286
66 78
107 150
223 300
31 237
264 355
139 265
277 325
283 323
309 353
14 320
117 215
170 220
129 177
265 325
24 182
122 250
63 193
153 297
47 214
148 333
108 146
159 275
21 152
26 373
131 291
99 107
83 351
37 69
304 348
37 333
123 326
48 87
31 332
187 300
114 220
27 275
38 351
49 77
60 371
25 299
337 350
48 398
64 243
44 319
134 340
240 304
46 355
156 370
52 325
296 395
11 44
203 276
110 330
171 338
149 260
4 58
158 168
17 140
151 186
95 399
374 379
36 50
226 375
67 271
108 359
248 347
197 370
171 366
5 48
140 320
59 105
246 354
365 376
249 323
104 244
145 189
44 231
8 24
181 192
46 48
71 213
62 368
20 288
162 197
208 257
133 164
57
140
109
21
99
87
202
50
16
98
106
83
158
165
127
182
200
58
144
111
54
157
91
91
90
163
86
113
95
36
54
94
84
128
123
147
38
42
75
210
137
58
141
64
91
120
98
160
86
170
177
18
28
64
81
83
81
84
96
18
31
214
71
55
155
61
137
190
23
55
50
61
24
50
174
35
125
120
75
164
148
23
51
178
40
121
161
146
36
72
81
90
123
98
140
224
161
34
171
92
207
56
40
57
44
163
133
95
66
71
31
110
85
67
117
67
63
56
34
142
31
136
78
14
109
214
72
47
72
53
177
195
141
40
44
93
156
39
151
41
124
194
139
97
164
71
24
133
101
56
195
55
135
95
55
33
31
37
166
40
137
68
130
101
74
46
86
19
40
89
118
170
80
152
11
163
160
209
92
52
72
107
107
145
148
82
139
104
54
31
97
124
113
30
79
66
82
100
112
159
118
29
51
82
93
79
32
114
105
121
143
73
78
101
96
7
109
71
111
164
149
96
164
88
132
85
112
145
113
119
70
104
53
160
215
60
203
157
126
222
83
111
183
186
97
151
161
68
186
7
50
19
145
53
142
75
86
85
86
68
184
162
22
39
81
48
30
27
194
186
137
224
78
133
164
22
38
88
67
17
20
101
97
25
61
73
104
74
67
58
139
83
102
173
170
79
86
57
89
90
124
135
143
84
156
19
61
41
189
144
105
55
142
185
117
127
216
61
178
213
41
128
88
113
209
85
23
79
59
85
58
112
23
93
134
63
81
151
143
35
35
145
123
125
95
111
102
206
45
101
106
125
124
48
130
94
161
158
92
43
71
171
67
62
163
72
80
37
177
32
239
61
161
78
223
143
26
67
64
134
41
23
201
126
52
150
44
156
101
67
90
83
143
19
103
84
168
172
52
64
44
196
84
42
199
45
169
35
257
112
215
40
56
77
50
148
167
111
124
13
69
59
192
80
94
78
49
194
125
95
111
75
170
118
71
47
85
150
140
140
156
152
95
70
97
109
43
147
220
31
165
124
154
138
71
102
25
164
48
153
145
234
84
105
123
104
74
166
59
56
59
149
231
135
33
34
120
141
82
72
41
34
146
111
162
123
77
112
38
118
127
168
36
230
133
27
30
71
113
152
139
81
110
92
166
103
81
40
71
56
74
71
83
55
110
25
63
139
184
62
79
43
143
51
59
97
63
56
181
93
24
64
181
161
50
108
139
143
119
45
179
79
76
50
62
76
30
53
92
60
187
59
101
147
97
19
138
35
44
154
99
156
162
74
114
187
45
142
81
76
36
126
77
121
79
28
68
133
100
86
174
121
81
129
91
114
112
239
116
201
161
150
115
101
99
128
70
77
94
64
113
91
75
164
104
102
120
141
65
73
71
50
91
123
121
63
69
209
48
107
77
68
66
108
123
66
110
19
193
125
34
68
243
17
91
86
91
82
68
80
79
135
165
97
104
120
165
178
121
42
82
25
37
49
98
198
100
129
168
67
126
103
32
101
108
170
47
62
129
21
76
37
38
179
86
80
85
95
131
209
29
152
147
60
121
31
68
163
212
68
95
51
55
152
35
161
85
40
43
57
96
84
112
87
152
80
56
151
101
25
76
172
148
106
123
124
173
159
206
117
81
96
17
21
62
37
18
43
141
35
156
198
68
198
167
25
41
51
188
127
83
99
108
122
45
56
66
132
75
122
35
128
155
29
50
40
95
184
175
36
182
77
176
97
29
136
117
24
69
120
104
88
173
104
121
172
71
43
140
52
57
57
106
110
96
143
150
163
133
95
109
136
87
100
143
189
23
51
32
148
167
200
37
165
185
39
72
50
37
142
77
109
23
111
141
81
232
70
90
195
119
149
40
85
103
119
131
132
174
133
150
73
97
149
149
33
20
133
178
109
59
87
145
44
92
151
22
183
19
113
90
155
71
97
66
128
202
124
128
85
35
68
81
151
107
32
53
157
184
80
33
153
83
61
197
108
107
137
202
107
147
160
49
142
138
32
99
62
109
45
82
168
111
103
92
112
140
50
222
202
141
92
171
164
69
21
24
122
191
28
171
133
121
90
170
66
18
116
101
155
101
200
179
57
43
59
150
36
59
188
78
142
17
99
84
141
158
79
91
84
57
130
73
195
124
153
63
119
14
181
49
110
83
161
182
103
100
46
99
186
142
205
150
54
150
233
35
182
138
40
104
122
18
121
57
43
124
118
73
46
68
79
50
99
119
34
102
81
44
143
129
194
83
8
88
152
89
174
106
70
80
90
151
168
96
204
122
153
144
177
30
116
69
178
138
35
61
89
75
87
143
87
137
174
27
31
138
85
101
145
90
17
50
177
134
21
40
98
95
58
31
65
41
129
102
94
111
131
102
183
77
95
58
83
114
157
35
70
57
90
77
78
75
200
17
29
127
164
27
45
80
155
46
133
7
180
114
70
232
105
174
100
142
90
235
47
35
176
118
131
112
83
125
35
106
205
31
98
53
21
24
71
161
186
154
25
64
60
56
23
166
204
97
125
185
164
120
78
122
15
74
149
61
104
29
100
167
118
73
97
106
50
41
98
171
66
140
112
13
113
157
24
151
41
99
175
212
33
69
262
228
133
77
105
121
32
182
110
102
85
39
85
74
165
56
60
87
190
176
199
64
244
96
59
148
60
92
101
134
155
94
61
112
85
101
90
111
157
119
57
129
77
108
55
143
26
170
89
214
121
87
150
165
163
165
152
35
173
149
156
181
87
77
180
206
102
89
127
72
145
33
156
92
108
42
71
94
85
50
108
78
101
53
90
90
63
140
158
40
130
34
83
152
55
124
80
71
204
160
151
116
176
113
181
32
83
114
58
124
86
56
68
21
19
79
74
125
114
93
139
108
82
110
72
90
120
14
188
84
79
152
169
98
84
40
145
160
127
174
84
65
81
202
121
55
70
82
82
50
119
117
86
92
172
77
75
107
98
117
58
102
84
221
90
94
101
57
89
49
179
112
201
148
137
134
132
53
185
95
143
167
157
19
48
60
50
135
53
12
137
136
100
124
119
47
92
148
139
142
159
62
118
97
91
93
65
114
173
30
175
160
96
57
208
72
49
148
107
109
89
81
123
201
122
111
117
147
89
163
69
17
82
140
134
128
103
108
80
100
155
143
122
173
121
123
136
183
139
77
15
52
56
61
55
106
60
70
188
58
31
17
73
154
33
108
51
42
150
96
96
36
59
78
47
106
49
59
150
168
48
181
301
67
50
93
155
131
175
118
97
157
146
59
58
129
73
71
65
77
80
65
99
33
36
225
82
56
94
92
69
42
85
161
146
39
29
26
174
99
145
173
92
193
124
61
52
61
73
30
72
68
76
47
118
59
81
186
87
108
146
87
145
153
104
97
104
94
151
132
105
81
174
55
120
87
46
115
11
54
25
108
180
98
184
127
117
35
21
57
134
63
159
140
77
112
80
198
111
211
30
75
76
178
99
107
27
69
88
128
74
99
157
198
55
87
74
121
118
64
50
79
127
84
109
149
109
109
186
183
75
78
138
39
73
82
147
138
77
230
85
79
92
100
154
81
41
97
96
78
56
34
41
16
111
7
91
60
109
43
55
194
149
105
90
48
207
93
45
78
26
21
165
56
89
129
54
73
177
70
106
88
29
128
119
158
129
76
117
98
108
10
51
153
92
138
112
136
129
171
94
94
34
26
11
105
138
103
59
99
123
51
116
152
43
56
76
73
62
128
66
54
138
110
164
148
33
22
13
46
34
95
126
61
74
145
76
41
85
58
61
98
121
185
170
37
149
56
110
112
126
86
96
94
142
157
112
172
55
132
118
90
150
27
80
91
124
125
63
62
31
178
191
82
83
152
32
34
215
84
64
116
95
256
56
153
80
130
120
91
103
99
60
31
15
118
86
109
50
150
141
42
55
170
77
161
110
101
211
114
76
97
48
47
158
51
19
104
64
47
133
135
77
154
171
23
141
116
183
117
94
82
77
186
37
206
166
28
107
87
96
153
152
113
40
7
57
161
91
175
46
78
56
34
99
143
81
52
201
121
65
154
177
64
53
178
93
128
127
54
61
231
172
85
19
151
18
33
76
186
111
73
41
83
133
169
154
67
101
92
95
150
129
45
29
55
75
123
87
132
176
78
162
32
153
157
81
54
147
77
43
60
82
56
47
68
104
52
117
114
117
106
144
128
99
66
112
38
91
150
147
75
54
94
104
46
152
44
172
110
87
199
11
42
72
200
128
91
82
67
53
111
55
70
101
36
40
69
66
29
141
80
38
90
39
154
102
94
60
107
192
147
55
88
103
20
186
67
67
134
100
39
197
57
185
66
216
74
188
94
116
20
101
30
180
123
58
105
177
71
108
162
192
101
33
91
128
33
38
96
51
182
125
50
171
87
93
21
50
112
99
125
91
121
81
72
60
182
134
145
100
46
75
99
94
164
118
209
72
119
94
47
117
105
117
56
91
63
60
15
152
63
164
25
68
87
148
48
110
170
161
202
141
72
84
41
