96 505
607 253
139 742
10 59
4 531
96 603
397 243
191 306
782 782
417 139
332 727
393 590
778 377
760 617
169 695
613 163
570 700
416 413
386 774
84 51
274 69
55 328
598 668
244 399
698 287
183 96
349 530
102 575
178 391
217 254
661 31
118 108
48 280
672 713
542 782
522 541
161 490
341 117
7 201
347 632
442 673
154 450
65 689
578 430
573 517
499 383
357 501
668 251
558 792
740 220
713 673
127 86
621 474
482 120
774 146
93 188
328 482
239 462
335 271
564 349
86 782
563 412
523 348
671 757
177 246
300 152
315 170
313 442
720 593
212 219
265 486
395 12
628 25
437 151
119 150
623 661
760 143
520 241
30 615
402 185
327 331
266 796
544 182
786 620
260 56
698 672
53 231
633 732
425 477
93 341
754 417
308 120
55 586
378 331
302 518
238 776
463 52
87 75
331 732
459 46
637 36
624 672
221 585
509 730
334 330
186 308
138 545
199 192
404 609
540 551
342 127
748 515
637 318
296 780
305 706
219 121
630 648
335 283
121 196
264 504
44 272
479 13
766 484
257 621
78 624
635 647
525 737
730 683
82 77
384 793
317 461
93 250
322 106
281 364
432 146
557 770
618 558
759 233
43 29
756 9
794 247
136 126
303 352
647 412
685 315
222 267
91 579
662 273
608 301
424 696
11 340
704 654
543 427
532 470
555 512
445 791
130 489
41 240
661 178
447 172
670 46
357 67
779 113
268 320
372 507
443 86
158 92
61 28
482 257
457 0
538 317
79 228
739 11
105 137
604 388
787 169
349 444
613 690
622 181
262 462
48 407
42 247
768 546
399 754
326 123
726 484
579 554
392 61
314 515
240 737
619 230
345 26
491 259
408 50
688 117
771 132
351 157
618 4
738 632
389 377
560 532
465 725
359 651
711 136
235 515
755 341
555 799
491 121
462 501
280 502
358 254
62 283
795 326
708 594
515 111
316 643
245 224
688 662
760 335
703 756
709 548
529 3
542 159
240 313
302 167
525 309
156 24
84 96
755 190
549 528
92 649
485 581
565 244
67 125
261 679
461 363
201 739
226 133
54 314
14 16
198 305
440 386
229 599
202 559
375 531
335 508
489 500
545 432
704 306
257 552
781 181
250 697
28 533
637 561
615 604
53 400
314 134
670 33
779 526
236 646
641 62
755 95
249 325
121 330
286 418
255 27
604 569
458 129
58 396
150 700
246 203
279 265
507 468
283 296
695 477
330 525
531 651
626 353
43 743
77 331
164 792
422 489
319 302
511 446
768 594
46 717
103 80
247 38
626 603
19 444
257 737
178 410
275 300
514 455
145 433
477 259
506 2
513 188
26 693
701 336
729 354
72 401
427 147
406 56
374 670
89 608
647 637
540 714
249 127
526 322
588 82
444 204
497 743
729 282
627 201
606 668
78 9
452 433
141 409
141 29
159 536
261 747
23 157
145 768
529 706
388 37
498 637
246 693
728 211
399 115
781 149
730 517
140 47
108 370
541 637
747 144
684 545
392 643
306 423
511 12
640 14
435 72
705 316
273 559
644 5
765 441
247 315
280 33
779 246
648 579
459 63
362 352
678 4
483 264
717 107
282 592
377 437
367 375
248 668
429 690
321 797
247 613
227 794
538 499
325 693
622 521
293 579
151 444
677 38
639 51
628 722
289 133
278 520
425 138
205 658
739 289
177 485
294 3
113 528
213 717
417 571
415 581
405 365
508 131
783 364
738 752
2 114
183 512
223 419
524 227
705 348
7 522
621 374
18 588
150 206
247 96
472 239
561 590
542 341
786 714
355 361
192 232
154 186
165 373
204 376
56 94
161 377
19 286
185 345
231 381
223 346
204 343
19 332
286 332
149 183
31 97
163 273
86 171
56 372
4 393
229 397
1 389
64 107
23 179
264 338
18 183
24 248
226 332
321 327
340 368
67 130
84 265
199 356
118 173
75 370
151 213
54 335
35 154
66 256
236 269
51 128
72 197
134 159
104 210
176 338
229 246
54 228
232 389
124 230
65 256
72 160
228 250
51 74
91 184
21 255
11 380
199 351
156 387
135 324
153 247
119 249
198 284
36 294
38 386
128 239
142 262
61 247
137 375
235 382
32 238
121 193
124 146
203 335
23 338
161 303
179 209
95 236
178 222
111 258
53 302
179 264
99 193
38 157
98 129
58 104
174 392
316 319
7 223
218 342
20 265
82 190
13 198
108 244
182 258
8 219
214 350
98 321
159 373
169 193
291 318
8 127
99 350
274 336
98 290
47 314
104 282
114 234
237 308
188 245
357 382
76 261
166 226
24 300
168 353
0 378
358 374
132 161
292 346
252 391
81 360
234 251
30 369
25 31
234 290
6 311
128 173
127 151
238 333
126 324
212 218
96 221
137 250
121 221
99 296
147 314
199 241
177 315
24 375
325 341
273 292
119 209
77 297
94 119
160 354
142 292
22 101
88 164
23 388
104 273
191 265
65 224
306 315
42 60
81 362
13 83
288 306
286 319
188 372
45 59
25 141
17 241
29 223
39 202
31 128
129 183
327 374
91 132
203 354
166 332
283 293
152 363
291 376
343 366
9 134
254 315
131 181
195 203
81 113
68 220
366 372
128 227
141 286
27 320
157 238
21 32
1 47
117 210
299 300
55 171
184 256
53 207
80 163
133 264
305 393
244 380
165 350
149 202
16 370
139 368
54 76
33 177
261 335
335 354
14 379
157 181
69 271
255 301
257 369
251 290
294 367
223 240
178 314
69 394
185 258
175 348
53 165
258 284
143 174
320 376
0 106
302 329
7 263
105 223
162 330
28 41
83 399
218 313
102 249
76 194
11 244
267 302
188 343
384 390
244 275
294 376
290 379
191 347
73 207
115 287
76 335
150 268
116 349
251 259
28 367
77 192
23 291
110 196
13 151
92 124
49 140
158 178
130 188
109 231
220 253
32 150
63 85
126 206
143 274
30 197
177 307
55 173
114 358
75 217
315 334
250 348
77 389
78 146
155 183
159 302
6 58
256 371
67 176
100 340
159 297
238 279
148 392
7 29
75 177
260 368
318 333
59 392
265 287
15 158
145 216
301 318
255 268
11 108
52 154
25 166
51 286
199 382
100 310
64 145
19 97
119 188
96 99
136 200
79 196
326 334
42 298
195 335
329 373
111 182
133 142
47 190
78 124
5 106
243 320
80 142
69 107
266 365
143 392
18 149
225 309
106 243
65 196
242 343
272 363
391 393
247 272
50 198
63 87
80 273
15 314
154 200
54 330
263 318
165 187
213 331
53 267
244 381
236 362
358 379
61 62
75 306
62 225
49 328
118 394
81 189
267 350
123 259
92 230
181 238
250 328
89 255
251 379
5 305
2 278
13 68
271 273
91 395
100 344
53 159
220 331
72 369
82 297
148 398
29 105
74 118
126 307
6 210
189 358
94 249
42 278
74 173
58 80
255 289
16 315
145 292
150 180
374 379
111 331
93 210
1 147
60 285
163 223
287 377
114 321
100 368
117 271
347 395
141 173
43 174
100 160
194 354
188 209
172 261
106 124
100 260
164 245
177 306
168 192
13 182
133 262
22 276
15 190
100 369
56 176
128 316
48 307
167 239
260 310
13 213
148 190
165 207
84 115
35 200
170 192
73 329
331 336
110 329
35 397
155 312
55 141
340 344
74 141
234 327
130 176
289 391
60 280
80 133
44 153
18 360
302 373
180 255
82 389
234 374
202 359
91 308
37 184
121 169
125 315
140 348
113 360
136 288
253 365
152 272
300 342
112 174
35 109
19 138
242 259
169 350
54 203
31 173
334 397
111 220
117 351
208 293
142 273
172 352
117 282
190 314
361 374
152 293
313 328
267 373
112 342
226 319
33 219
49 375
165 214
28 318
156 320
271 282
85 306
219 385
236 251
261 354
112 248
6 79
83 198
187 303
40 359
120 157
46 244
37 91
266 397
214 310
29 145
110 224
96 350
105 145
380 381
176 245
224 270
201 307
201 359
25 237
125 151
156 376
21 301
17 356
184 196
66 91
261 330
17 199
46 94
141 166
68 151
42 78
72 257
132 371
27 106
135 206
16 101
78 298
162 195
134 373
209 343
51 227
30 368
36 41
57 209
248 390
59 170
31 227
118 171
218 375
257 368
214 383
271 292
10 360
132 395
123 355
295 396
88 317
218 384
8 399
192 225
77 295
130 209
236 327
119 372
69 216
54 195
7 145
93 104
89 333
180 268
17 88
208 246
106 156
7 64
215 355
253 254
135 312
35 208
71 325
10 18
168 225
40 326
242 243
58 210
58 271
207 267
86 118
351 382
20 132
376 387
342 375
10 114
272 317
165 341
20 91
213 284
11 381
23 264
160 260
129 155
114 327
326 397
164 176
182 185
4 252
112 392
24 390
12 212
61 153
100 257
321 379
29 270
291 367
19 227
68 331
151 306
367 387
66 110
41 156
269 379
53 383
245 372
248 342
237 395
69 145
254 288
249 355
127 399
234 361
145 262
303 325
53 373
97 286
216 224
103 307
138 239
301 333
15 222
114 202
37 329
84 395
268 279
131 171
25 308
2 379
30 72
229 272
33 385
276 307
56 188
163 240
99 325
101 116
65 371
19 226
99 121
191 193
93 199
61 392
107 270
59 309
104 163
257 352
41 387
236 290
39 304
21 263
99 339
245 275
98 113
101 217
56 67
44 109
94 372
42 305
231 326
34 307
264 388
161 187
31 286
8 63
58 117
116 288
48 126
81 290
91 110
125 288
208 317
175 330
44 365
234 364
336 349
91 196
215 364
313 348
83 284
93 117
104 382
60 323
93 282
26 94
64 240
157 171
59 398
205 248
189 290
192 353
26 188
37 132
254 349
17 317
157 211
122 220
163 346
169 339
237 270
14 374
64 394
30 344
34 324
282 292
287 395
46 245
5 393
96 296
130 264
160 369
33 50
194 261
71 303
191 303
212 300
185 336
110 371
125 254
89 263
113 321
174 277
111 284
120 171
142 357
269 323
144 390
132 347
48 135
131 157
276 397
249 361
102 243
147 248
38 86
340 352
51 226
73 134
256 308
236 321
229 363
103 126
213 349
253 288
196 224
249 366
109 186
193 329
310 369
45 309
70 204
111 336
133 292
82 222
225 353
34 48
223 262
57 387
36 367
179 204
205 212
79 159
88 356
351 357
74 286
123 358
76 250
0 391
70 372
12 90
144 375
197 340
144 205
177 370
57 388
122 185
247 283
33 101
0 27
33 370
251 327
205 342
92 391
49 137
195 228
50 306
19 316
77 170
55 394
110 161
140 375
124 285
96 193
117 292
169 296
9 329
272 293
213 336
267 341
225 295
114 251
307 324
66 371
1 178
204 243
259 327
11 304
136 349
236 280
126 155
205 384
46 281
22 254
88 208
144 300
104 351
249 343
291 294
42 124
95 362
94 343
276 326
313 375
147 313
30 257
257 340
65 66
104 133
327 358
189 321
78 393
32 86
87 219
153 246
55 181
155 201
294 333
50 217
126 135
303 341
137 348
222 383
158 194
248 300
136 266
271 346
101 370
194 368
308 395
57 376
82 383
52 274
195 250
128 233
33 127
1 232
72 100
12 384
30 352
74 394
21 279
290 327
44 363
220 336
96 165
10 113
148 232
102 361
26 381
165 325
288 349
175 195
34 126
61 174
136 336
163 262
275 372
160 172
215 304
142 282
36 204
77 168
246 363
22 306
172 257
146 230
58 282
355 366
204 372
106 305
72 310
43 283
106 378
36 376
45 61
51 319
10 364
32 157
103 201
227 286
215 358
145 240
42 230
2 14
220 349
95 189
160 257
179 388
101 306
39 215
185 274
31 141
72 344
297 389
32 120
259 374
62 398
57 204
123 366
27 305
24 299
104 117
313 342
65 132
187 325
27 378
214 222
47 148
202 337
41 376
44 186
228 330
153 229
135 307
246 272
138 316
22 116
45 235
311 353
109 154
73 302
10 129
46 130
211 263
18 155
82 178
254 266
120 181
46 56
3 239
53 73
361 366
192 295
156 378
23 133
11 202
187 191
148 277
42 285
75 125
123 361
241 382
71 187
134 311
65 91
93 351
322 386
262 273
55 233
99 169
321 360
14 327
15 310
11 337
45 247
240 346
19 239
136 365
277 299
165 303
102 242
205 390
192 389
61 398
127 198
353 396
342 390
76 330
89 279
304 337
324 334
41 294
76 328
35 44
24 144
115 308
100 197
97 173
29 64
200 365
124 393
33 63
73 383
195 330
70 209
5 146
208 272
144 299
343 372
43 143
144 248
265 395
26 56
34 206
119 204
49 250
151 217
17 176
122 331
283 363
207 383
114 215
9 165
22 125
2 285
134 302
51 141
208 281
64 118
32 211
151 198
30 172
181 211
349 365
159 396
75 101
31 51
87 315
37 196
51 233
142 264
40 337
31 166
221 339
90 384
367 376
182 331
54 250
146 305
32 89
191 377
34 103
251 374
166 286
54 354
53 214
54 175
300 375
35 363
194 335
183 359
116 125
115 237
143 277
96 121
3 138
230 305
205 299
111 345
246 293
47 144
115 371
311 373
299 342
33 217
163 271
10 321
33 151
189 236
282 351
91 371
186 397
150 255
133 338
136 254
309 398
26 245
105 263
246 283
46 275
14 251
66 224
241 317
38 120
112 277
290 362
184 371
105 262
180 301
97 316
64 216
80 357
199 235
18 129
26 275
51 332
14 236
80 351
48 206
193 303
142 346
71 161
3 167
88 246
27 156
104 199
70 188
80 104
215 234
251 364
358 361
33 87
247 293
64 69
205 375
141 227
4 78
55 131
198 217
16 312
73 311
140 250
103 206
85 217
190 232
74 227
344 369
63 385
26 46
16 103
19 167
198 213
165 193
125 177
0 146
137 140
119 343
86 181
31 74
98 364
276 324
89 301
67 338
199 357
166 173
120 131
53 222
69 270
218 390
62 152
158 190
93 241
97 332
11 39
162 335
50 127
130 245
61 293
37 65
12 218
196 256
247 363
186 288
352 368
32 181
95 113
67 264
97 128
121 350
5 124
20 377
138 167
182 220
49 175
99 303
22 307
158 314
171 394
209 372
336 365
223 271
219 370
75 288
95 280
51 97
41 318
194 260
89 211
7 262
169 221
65 270
123 374
9 267
293 363
194 203
36 106
137 328
30 340
76 203
38 181
129 360
55 74
59 62
76 162
63 177
311 396
152 174
39 108
200 229
44 154
16 307
16 276
92 378
173 286
21 150
16 135
385 399
96 169
274 331
200 363
102 320
87 177
168 311
296 339
167 286
318 367
79 302
119 179
25 395
202 215
14 323
109 363
175 250
241 356
14 269
106 376
84 377
260 369
98 183
122 182
220 258
88 281
41 367
17 357
270 271
70 119
287 347
49 228
22 370
300 384
224 371
131 394
86 131
278 298
221 296
246 281
343 355
78 252
123 343
243 249
154 272
84 308
121 339
2 323
198 220
24 112
86 157
2 280
220 274
134 329
32 279
79 329
137 313
35 229
82 232
268 333
327 379
45 62
145 346
76 175
65 184
34 135
116 217
257 344
3 128
16 177
49 313
215 337
164 244
116 254
37 371
306 349
24 313
44 136
130 356
106 146
47 147
2 60
26 372
67 209
101 177
62 170
9 373
168 297
16 126
108 381
242 249
0 36
168 396
132 184
163 282
154 363
217 306
106 387
66 184
16 87
299 375
125 217
71 191
230 269
233 386
27 124
259 355
229 266
13 127
183 201
128 286
2 269
101 315
144 313
353 389
61 283
186 363
124 305
123 234
51 173
75 254
28 388
1 190
251 321
278 285
242 361
304 364
160 194
330 335
216 270
9 302
368 369
27 146
153 293
174 247
67 179
356 357
289 301
186 229
105 346
228 328
133 163
131 211
90 185
134 207
38 171
92 252
207 214
337 364
204 249
103 312
389 396
172 368
193 350
164 281
149 359
224 256
57 70
21 89
80 93
70 130
280 323
65 110
200 397
150 211
248 299
193 325
116 306
13 50
90 205
21 238
132 256
51 166
25 287
77 353
50 151
87 101
144 277
147 148
315 370
186 253
50 399
251 358
253 266
85 151
273 346
356 382
159 267
40 149
214 267
71 169
149 201
340 369
237 371
146 378
76 354
101 125
23 57
185 331
164 188
59 277
223 273
12 345
337 380
29 240
109 200
45 317
94 245
96 303
12 205
130 338
108 304
68 213
24 147
122 274
25 51
34 312
39 364
145 270
204 209
227 386
5 27
93 357
15 82
218 248
39 355
170 309
98 304
69 237
188 244
21 211
74 233
187 193
288 397
57 264
30 260
302 311
111 274
121 296
296 350
102 343
77 396
192 309
33 85
9 159
73 165
56 70
170 225
170 398
167 227
81 321
56 209
42 269
192 396
319 332
189 327
250 335
161 191
24 47
150 238
304 359
152 153
20 395
154 246
139 261
230 298
55 118
116 315
17 382
173 233
5 78
180 333
46 188
63 370
3 19
2 42
265 377
72 260
189 234
234 379
193 341
90 122
68 336
19 128
57 119
328 348
131 238
239 316
160 368
45 241
90 345
86 322
85 127
73 373
28 291
212 375
68 198
102 259
164 380
96 341
189 379
295 353
160 340
84 287
228 335
122 258
38 322
142 163
240 262
320 378
150 279
24 342
72 340
154 229
37 161
268 301
118 141
46 164
116 177
281 356
7 240
153 283
139 172
123 242
18 98
272 283
92 393
21 268
85 198
142 351
200 266
168 295
29 107
236 379
11 26
111 122
10 98
93 382
165 267
29 216
22 315
59 148
211 238
7 105
52 143
173 322
168 389
180 289
67 356
78 230
263 279
19 31
173 227
291 388
127 217
43 153
197 310
5 92
375 390
309 353
47 313
252 393
77 225
149 304
222 297
76 195
134 267
140 228
162 261
262 346
43 247
118 131
45 398
120 211
189 251
219 399
103 155
70 179
249 372
30 160
68 182
81 236
153 363
162 250
109 229
74 166
27 230
21 333
37 110
43 52
68 284
156 318
40 304
146 393
12 390
50 385
175 335
104 357
127 219
86 238
89 238
141 233
95 321
97 138
171 181
79 134
55 157
16 324
36 320
120 279
94 188
203 261
4 391
205 300
66 196
82 214
244 245
283 317
46 88
344 352
100 352
210 282
47 248
225 398
0 156
104 142
28 333
95 290
48 103
21 180
22 75
233 286
5 230
195 354
46 176
144 147
56 245
56 130
126 312
57 179
35 186
79 311
63 219
268 289
156 294
110 132
12 300
345 384
223 292
22 334
32 131
86 211
202 304
235 241
28 294
94 275
102 355
133 282
80 282
96 339
166 319
41 388
8 385
36 387
139 257
43 152
137 175
53 350
228 348
56 164
16 22
62 235
35 231
266 288
76 228
231 380
279 301
0 252
128 138
25 332
108 202
36 378
153 272
267 383
6 117
262 292
92 146
290 321
99 165
257 260
124 298
78 92
285 298
113 290
54 261
147 342
244 281
216 271
133 346
81 95
114 364
50 85
297 396
184 224
98 114
112 148
67 70
212 384
186 200
230 285
175 228
227 233
99 341
254 397
126 276
9 73
95 379
179 338
45 152
312 324
75 315
92 305
13 284
22 177
1 314
248 313
186 254
127 385
130 179
56 338
259 361
300 390
209 249
9 79
160 352
56 119
148 170
344 368
29 69
108 380
55 322
220 284
126 201
213 220
36 156
113 362
179 372
80 292
97 227
26 164
61 152
65 308
80 117
266 349
218 300
293 317
44 200
136 186
259 358
45 283
75 116
10 183
329 341
267 329
37 256
188 275
122 345
147 190
263 333
299 390
121 341
112 299
1 148
253 349
341 350
197 369
182 284
86 120
73 159
103 135
77 232
64 105
30 100
43 61
77 82
105 240
56 275
2 236
40 201
371 395
297 383
303 350
59 225
32 171
167 316
31 233
195 261
162 354
206 312
84 347
158 203
165 329
176 356
280 362
90 300
85 125
3 386
109 397
209 275
107 237
232 314
43 293
279 333
347 377
107 115
19 51
73 267
254 306
161 325
53 134
269 374
236 323
348 375
114 290
108 337
58 273
144 342
115 166
136 253
191 325
19 319
211 279
111 185
241 357
278 323
97 233
20 347
209 245
97 141
41 291
16 334
248 375
59 174
186 365
205 218
107 394
0 320
152 247
343 361
89 268
48 312
164 275
43 392
99 187
113 129
106 320
171 211
145 223
189 362
183 304
281 317
59 61
243 387
112 147
265 347
273 282
102 123
23 28
337 359
162 175
186 266
234 358
178 190
250 330
204 387
17 235
146 252
185 220
234 259
107 216
323 379
320 387
120 238
161 193
201 324
233 322
40 108
60 278
231 397
78 305
15 178
149 337
20 287
337 381
62 309
87 370
139 352
137 228
378 387
134 165
54 162
201 312
102 204
95 251
10 304
153 154
79 373
49 348
25 115
26 244
70 94
128 167
258 331
52 365
91 256
91 224
253 336
31 332
7 346
308 371
21 120
242 355
20 308
321 362
207 222
117 273
295 311
159 311
307 312
109 266
187 341
97 167
145 271
274 345
83 182
44 266
4 289
187 329
159 383
20 84
276 334
27 92
44 52
123 215
1 112
294 318
71 193
125 306
39 337
73 79
295 389
156 367
234 321
324 326
112 144
35 246
103 324
110 256
202 364
110 184
94 209
4 92
218 299
68 349
277 392
98 360
68 83
152 283
44 229
55 86
192 311
252 289
255 333
328 335
197 344
115 395
94 366
47 158
163 292
238 263
235 317
303 329
222 389
120
221
92
73
139
79
255
62
126
165
18
96
59
73
82
70
50
34
168
123
100
254
117
155
57
41
31
63
57
118
37
36
103
167
151
86
34
65
107
80
130
60
44
234
131
176
114
88
51
52
102
70
85
37
79
47
44
83
165
49
67
50
63
254
269
118
80
63
161
54
105
83
55
135
145
106
124
213
44
72
137
130
64
194
127
55
100
71
141
74
193
69
220
49
134
206
126
89
182
96
159
38
91
90
82
60
123
50
65
58
84
156
182
16
71
81
127
73
68
148
47
46
134
145
62
105
74
94
34
72
190
165
53
120
226
61
40
62
96
16
19
68
74
183
158
46
104
61
183
128
15
112
118
52
49
103
148
69
86
159
67
91
30
59
85
92
58
31
65
17
111
149
72
49
155
96
142
86
119
175
24
144
108
184
120
140
43
82
63
30
13
175
127
162
173
59
231
95
248
30
159
64
126
96
15
233
46
55
54
26
56
60
166
80
111
152
79
90
69
166
125
148
131
96
190
256
159
112
203
87
52
122
177
122
154
127
160
153
248
24
120
136
63
171
82
107
77
77
103
166
93
121
130
139
143
215
202
185
93
161
115
198
181
211
129
30
81
81
53
183
59
44
22
107
62
148
103
93
65
55
141
41
70
121
89
11
39
87
46
31
27
168
140
69
131
21
128
149
67
41
68
71
102
64
54
80
207
81
39
51
149
132
126
13
93
67
132
123
93
120
143
99
135
110
25
11
132
133
82
72
159
130
140
84
57
40
31
67
166
131
71
124
109
92
138
118
17
271
75
73
172
49
123
97
51
66
211
113
55
38
120
173
72
148
56
133
106
91
88
215
138
33
126
86
163
34
70
146
117
77
130
92
98
81
89
105
118
140
42
85
178
26
154
137
171
80
33
53
121
138
91
136
116
199
133
103
61
182
116
77
161
151
136
222
14
82
40
105
211
129
59
110
154
26
11
82
62
113
72
37
75
94
17
64
137
60
65
134
182
37
58
87
153
96
52
71
61
179
130
115
113
39
75
139
116
213
81
146
17
65
87
151
62
126
130
133
84
147
42
202
139
54
35
61
49
44
68
67
130
39
121
32
140
20
134
192
130
59
71
128
82
139
78
43
68
133
59
106
105
123
168
61
105
79
72
65
86
30
11
166
125
30
48
117
74
93
101
124
111
25
34
62
142
88
112
44
139
55
141
125
121
64
123
49
91
17
80
124
64
42
179
39
117
83
116
139
74
101
73
196
140
126
122
75
110
46
96
69
139
52
46
73
130
28
80
128
33
97
69
167
153
162
140
117
36
82
84
88
111
68
66
95
52
47
187
62
119
94
81
180
45
97
23
62
51
13
87
185
172
71
26
114
30
111
80
36
50
144
201
170
96
76
72
155
223
60
174
104
118
43
101
99
66
40
221
102
92
135
85
72
76
153
35
105
101
108
172
158
28
176
163
91
75
45
137
65
85
83
41
87
218
32
64
92
176
75
54
77
53
116
102
59
68
76
132
92
169
229
137
139
109
63
62
49
99
23
13
66
45
58
74
125
115
30
95
124
128
129
31
172
108
140
37
166
116
127
79
124
187
71
90
204
143
143
118
85
113
116
83
69
85
104
93
146
29
114
68
140
42
99
70
70
98
11
162
139
77
31
181
79
97
135
108
92
63
97
96
149
109
48
146
51
42
205
97
152
108
103
127
66
81
134
64
265
55
123
112
58
109
49
120
60
73
68
142
63
11
63
177
30
103
82
88
108
97
111
155
183
103
125
56
53
35
161
68
206
157
42
51
151
114
65
154
104
73
229
92
185
187
129
104
45
29
115
121
23
135
38
24
176
11
94
30
174
53
38
84
111
170
136
180
185
127
69
89
95
50
93
168
151
20
175
90
221
34
173
64
134
120
125
77
121
38
21
50
122
65
75
107
40
112
72
129
45
107
144
68
74
138
102
102
37
71
88
142
130
189
58
137
70
78
191
85
44
83
110
148
134
43
38
168
164
68
91
97
49
117
129
118
164
104
55
15
98
78
79
88
34
58
93
15
36
60
143
67
54
123
113
47
86
53
62
129
234
65
55
70
79
170
128
70
83
101
124
186
44
23
183
87
156
136
117
86
57
43
124
103
72
23
120
64
143
68
63
96
31
13
123
61
65
39
51
97
114
106
62
123
160
214
147
104
97
118
86
80
62
27
139
115
129
97
43
91
49
41
35
138
40
128
102
36
40
97
65
54
171
151
80
168
47
55
62
148
45
78
179
24
171
114
41
64
102
35
217
63
165
57
162
157
80
259
12
60
58
216
25
58
237
43
80
187
23
70
70
96
198
121
173
129
45
92
81
114
45
35
145
76
78
119
149
91
86
36
110
68
101
112
8
39
152
66
120
105
67
202
100
90
142
176
46
138
144
202
169
116
188
51
103
182
75
88
43
42
200
136
55
96
16
76
165
111
117
98
158
73
104
153
136
141
51
35
93
96
113
15
6
173
147
60
68
156
76
159
7
83
104
105
59
56
126
64
64
204
66
133
94
134
77
163
35
112
122
107
183
63
199
82
60
99
114
161
41
68
27
119
73
137
82
29
22
100
92
102
68
140
235
102
201
134
178
78
26
144
180
162
130
47
187
170
82
76
160
104
15
72
64
85
52
123
126
87
204
68
110
45
125
90
156
59
181
86
86
183
128
176
149
183
75
96
94
40
139
114
35
70
79
105
90
75
68
89
67
199
77
23
54
99
76
107
91
134
180
73
139
98
75
168
119
186
24
75
38
60
108
127
64
150
81
29
146
53
90
139
16
81
105
178
12
10
105
207
18
85
63
175
56
75
75
48
86
44
184
53
194
115
114
137
136
57
54
115
186
30
161
199
96
72
208
160
35
80
154
63
88
139
40
94
41
110
62
157
58
113
197
65
77
79
77
59
92
74
123
61
73
157
171
22
85
8
101
156
89
74
173
61
39
93
24
98
74
134
166
74
70
96
167
154
55
193
199
96
128
35
121
27
104
113
158
181
55
68
84
163
68
67
64
46
48
86
177
41
61
30
53
31
44
178
82
69
189
86
107
47
128
72
92
128
112
66
65
164
62
20
153
186
98
124
21
44
47
113
129
91
47
87
139
149
68
67
36
91
178
17
32
63
222
80
22
84
103
96
68
144
209
38
91
32
77
160
44
31
99
85
53
71
132
141
60
35
70
61
140
183
122
187
168
63
51
91
51
166
97
102
195
15
48
79
67
170
89
153
100
229
82
93
76
86
203
34
172
177
154
87
151
23
102
68
59
142
167
31
154
163
116
166
83
76
192
76
35
52
107
73
93
141
57
25
81
96
78
125
82
79
131
107
177
249
209
78
36
96
117
100
161
135
72
140
95
71
73
150
163
49
84
113
58
117
124
125
122
16
82
32
120
58
22
55
190
62
113
203
68
37
24
85
41
80
129
116
92
152
50
100
75
28
41
134
21
213
34
103
197
19
52
40
84
195
22
65
159
84
124
72
10
127
26
127
38
15
65
106
74
16
101
74
14
189
151
95
89
180
79
77
193
134
118
71
103
186
127
159
85
69
92
200
72
94
27
53
84
46
29
60
126
86
23
117
212
125
65
46
45
137
144
48
107
61
124
190
114
20
96
58
134
129
140
111
124
71
72
188
89
108
161
88
101
97
71
106
90
58
107
12
69
20
57
43
220
135
105
95
72
74
125
74
56
59
101
95
121
126
164
40
148
67
72
105
94
56
35
29
31
62
89
58
161
110
66
62
107
49
110
105
154
25
67
70
63
169
163
51
64
139
163
141
55
164
101
128
66
140
68
128
160
148
114
120
135
71
214
91
74
77
103
56
57
104
46
68
13
99
104
87
53
78
125
109
183
83
70
102
35
70
25
156
96
54
44
167
85
81
193
61
53
96
63
251
29
74
89
81
78
46
70
57
47
130
68
80
167
106
155
80
63
153
98
68
110
192
89
62
77
95
218
83
107
92
209
128
174
40
78
70
129
131
55
85
165
40
117
64
142
38
155
107
65
76
43
50
61
63
18
120
69
111
27
26
144
102
59
46
82
69
122
49
29
103
12
54
69
61
137
99
137
130
67
58
77
52
105
198
39
186
157
57
64
162
191
160
55
62
135
166
130
53
61
135
82
69
101
72
143
105
69
114
80
49
112
40
71
48
92
161
146
84
209
193
154
70
104
105
135
89
58
154
71
23
108
194
15
111
107
175
86
148
102
251
64
158
103
62
170
143
162
59
110
31
40
114
143
102
140
73
22
83
64
110
94
91
97
90
63
134
78
129
160
121
116
172
61
95
114
58
62
62
121
34
33
164
71
206
91
95
88
155
210
117
100
134
116
120
38
74
115
108
90
17
117
135
104
98
81
106
60
120
149
67
93
133
34
72
176
73
145
117
110
211
183
176
134
144
46
42
134
82
184
113
51
41
17
92
71
153
92
140
176
127
74
40
53
90
36
62
158
61
102
62
193
116
59
70
86
90
166
73
135
32
43
138
83
35
126
82
88
94
