238 273
143 107
88 54
775 100
133 226
338 494
547 343
532 65
42 671
150 405
178 561
222 411
281 479
658 479
457 81
356 69
60 355
513 558
767 60
235 748
135 287
773 748
223 708
4 542
235 580
226 194
492 331
451 205
25 253
635 428
348 507
389 173
477 58
145 231
587 349
113 84
469 494
373 310
478 777
13 53
391 296
438 212
335 471
531 562
21 61
403 405
223 514
246 24
685 733
27 127
187 789
456 353
63 585
324 9
55 200
292 701
117 248
262 726
488 309
149 607
730 33
442 702
528 143
709 153
496 270
479 658
781 697
721 750
51 59
327 635
178 439
636 606
426 195
30 791
108 65
428 54
114 432
682 589
634 480
636 302
745 737
15 772
522 560
40 326
359 394
757 723
352 230
397 710
293 185
250 620
368 178
306 340
540 652
360 187
500 293
701 750
397 357
719 308
796 147
724 240
416 315
157 742
615 490
82 558
56 429
67 664
337 370
711 297
652 792
591 719
264 111
779 535
576 269
261 618
516 606
629 50
655 19
249 100
533 198
437 423
11 63
166 380
21 443
266 157
425 370
154 487
178 390
503 72
474 520
407 772
34 207
521 799
512 72
144 365
780 234
679 578
144 658
176 68
775 502
135 339
221 362
510 203
191 133
134 1
788 37
692 463
614 60
485 420
747 95
725 40
204 652
527 24
511 117
116 605
275 571
306 643
789 442
651 111
500 469
383 335
343 718
265 13
537 81
529 380
1 763
262 297
211 446
416 507
488 770
558 443
600 535
96 438
12 402
602 524
81 40
146 315
95 454
53 44
49 342
432 20
466 791
413 537
186 624
427 732
248 236
795 609
650 360
150 675
63 33
781 653
300 673
244 72
455 41
537 672
342 574
74 699
179 11
161 66
735 40
741 676
323 794
322 506
558 148
232 434
124 309
750 433
746 409
569 408
263 648
343 431
728 66
90 648
406 468
323 760
560 668
379 179
48 533
626 506
404 578
180 158
348 314
142 677
125 189
334 138
48 171
772 362
557 299
675 171
372 62
735 386
783 404
184 474
552 613
525 128
659 611
11 78
661 381
54 413
103 678
327 309
246 211
478 132
489 412
608 672
68 761
733 790
110 495
264 133
514 439
424 419
271 122
311 301
538 462
728 586
372 347
318 39
567 413
760 792
476 169
433 341
13 643
159 437
713 795
550 601
678 183
431 533
454 315
503 63
646 542
168 600
427 319
172 551
509 273
209 733
439 245
159 624
692 150
606 180
774 447
384 12
727 27
763 158
400 50
92 40
669 390
511 220
758 151
367 492
391 54
265 564
511 666
674 376
71 455
371 716
471 533
784 324
478 591
753 224
438 640
412 152
484 239
751 276
749 85
78 283
247 277
719 627
128 794
328 158
170 204
427 229
588 136
656 275
46 42
176 346
276 758
281 285
718 725
448 116
558 271
85 84
643 705
292 462
101 665
341 31
643 460
291 344
380 711
773 92
344 295
86 604
253 582
554 313
511 507
565 108
180 697
134 360
366 366
457 100
672 796
41 463
769 574
753 175
517 338
57 16
579 549
355 246
669 220
84 168
511 356
120 207
616 673
426 405
502 23
21 796
587 688
110 762
49 17
616 205
666 199
414 30
367 300
27 532
744 719
156 471
39 386
450 400
546 574
377 77
387 670
688 715
29 41
406 52
165 628
689 334
366 588
347 352
25 606
497 161
735 480
498 590
380 417
144 555
773 162
670 609
34 347
275 451
533 163
298 456
681 26
704 796
702 84
299 539
283 763
570 564
236 666
640 544
665 688
329 559
184 200
582 35
123 247
215 223
157 264
132 151
107 297
72 274
129 180
115 333
127 352
336 375
215 307
8 238
30 391
232 290
65 290
32 151
111 138
160 190
259 270
163 242
198 327
273 306
90 299
189 199
187 221
206 225
56 349
122 176
177 312
34 79
70 231
9 313
334 372
144 327
7 152
314 392
5 201
89 190
137 197
31 72
90 223
150 187
186 373
163 248
133 139
82 344
60 198
145 284
68 319
272 285
15 371
224 347
44 68
6 34
239 254
220 360
251 325
90 345
284 324
87 213
11 166
264 357
146 399
65 114
24 208
169 207
89 330
254 336
61 129
111 185
55 57
5 397
16 204
183 293
78 395
118 141
153 211
101 306
89 182
30 42
126 335
30 212
207 248
92 354
124 259
160 326
232 366
15 288
202 277
34 207
99 134
112 357
66 362
243 354
150 394
329 376
200 392
46 166
99 358
145 205
245 362
127 337
110 123
206 291
195 322
176 237
320 369
212 380
84 106
155 368
57 190
85 257
227 341
13 29
92 290
30 321
138 253
7 352
35 137
111 253
209 336
36 332
188 283
192 352
95 369
24 182
76 363
152 333
92 214
147 242
136 269
119 249
46 271
107 373
0 240
295 301
184 398
268 395
99 301
240 304
274 309
96 351
48 320
109 320
99 227
106 336
240 247
238 355
171 176
98 148
36 265
3 382
253 340
54 222
24 154
142 191
297 341
291 373
49 120
189 340
118 377
26 51
214 243
343 356
102 268
286 302
165 304
218 296
187 275
150 208
56 303
233 386
33 56
69 89
67 95
202 310
125 176
132 337
217 395
220 254
86 307
100 266
116 399
167 265
64 94
315 325
76 335
64 300
42 385
129 293
55 326
9 121
238 329
22 273
4 222
61 65
68 312
98 327
145 324
75 279
134 295
31 90
275 322
176 292
134 382
251 315
321 387
225 373
10 381
114 379
66 85
7 132
117 142
17 344
38 129
52 381
76 104
89 150
75 228
42 209
135 305
85 95
229 291
32 317
240 308
26 58
48 396
173 344
150 334
136 150
10 269
182 271
70 126
215 309
60 280
41 309
154 391
88 247
59 372
40 266
275 381
129 183
247 307
51 259
201 397
53 279
75 192
109 131
77 253
40 345
227 277
63 382
162 399
58 64
28 303
6 207
129 213
181 265
286 297
203 385
184 315
10 275
244 353
172 384
239 251
115 146
43 128
203 261
308 349
141 285
174 177
140 313
175 335
25 123
237 364
70 203
7 333
167 294
6 348
241 258
249 365
213 392
152 267
35 174
120 235
133 175
91 165
116 388
136 275
121 126
316 362
72 215
16 335
112 311
165 325
175 204
22 55
94 348
51 58
322 329
48 316
250 307
54 347
60 116
141 377
339 361
119 158
71 305
17 43
182 394
237 339
55 314
39 177
83 364
239 360
198 302
63 276
18 148
343 370
92 232
57 394
257 389
255 323
27 299
48 389
136 221
66 80
28 130
61 183
222 224
228 371
128 294
172 292
189 362
90 93
9 261
346 358
136 334
3 286
246 381
1 142
135 268
325 375
125 363
81 164
142 398
94 318
165 184
31 41
85 362
234 396
24 289
149 390
64 266
155 190
258 285
93 299
13 102
115 390
42 321
61 293
103 216
182 187
19 55
2 283
1 74
91 325
55 190
17 296
9 76
157 310
305 396
191 196
247 250
14 132
80 262
112 318
73 195
53 323
104 246
190 394
177 370
318 331
218 265
213 326
68 120
88 123
96 259
51 119
76 237
301 373
5 387
304 315
59 182
209 387
311 358
193 232
10 271
57 213
159 270
98 286
45 209
217 324
320 354
211 238
191 250
69 397
367 371
2 197
237 292
6 26
55 392
245 316
59 329
288 371
51 348
41 72
228 367
125 231
66 316
192 337
80 85
45 365
3 18
80 362
252 256
12 391
216 246
73 244
297 301
9 133
32 352
177 283
103 153
162 267
202 377
311 373
100 360
265 294
14 337
45 212
29 78
78 145
156 205
62 152
29 186
130 224
248 332
155 394
14 241
63 341
32 127
0 25
71 268
211 260
67 338
40 159
131 168
143 174
45 96
45 336
118 285
5 12
201 387
48 67
222 347
351 365
144 198
232 379
44 370
262 338
62 141
24 330
305 383
19 314
210 280
273 314
159 254
83 172
220 239
5 167
16 384
68 356
136 187
61 87
5 42
100 270
18 198
17 128
185 199
36 167
88 93
101 334
316 320
149 388
125 381
69 155
87 180
385 387
43 393
116 280
116 149
105 221
126 140
121 139
114 214
221 372
153 275
29 324
33 398
13 217
48 338
25 308
65 298
174 319
141 386
199 316
346 357
126 203
0 165
286 327
123 223
42 380
196 197
5 321
253 383
152 377
227 264
237 384
93 307
198 280
21 66
119 351
2 174
219 349
283 312
119 380
40 360
72 309
98 341
25 184
19 50
1 2
170 395
328 360
22 394
79 97
21 245
331 342
88 307
211 221
164 353
42 212
71 135
33 204
74 283
139 204
144 302
41 300
32 179
34 226
82 296
74 196
86 215
22 392
223 250
127 233
82 263
136 153
77 234
63 264
229 373
71 395
69 190
128 265
189 253
42 201
204 335
308 398
136 372
86 345
154 330
51 96
221 322
11 313
156 378
205 206
152 317
29 102
177 188
18 280
116 146
206 378
383 396
234 253
36 212
101 273
333 386
84 336
266 270
14 75
225 230
14 267
22 101
114 393
68 188
143 196
128 332
89 289
94 331
152 241
186 236
207 256
87 183
87 298
111 340
151 352
95 108
239 325
90 307
174 312
126 261
149 198
206 230
65 92
95 389
3 327
334 394
178 364
27 300
244 355
249 380
320 396
105 195
23 103
25 247
263 366
155 374
62 333
166 231
138 156
35 283
13 324
22 314
67 362
150 221
74 319
100 254
294 332
87 160
246 363
27 31
208 394
166 385
58 300
242 351
296 298
67 316
193 290
0 304
178 384
164 195
142 197
20 56
64 318
170 366
72 299
17 294
110 247
58 226
350 354
118 258
70 166
260 376
113 190
41 274
286 382
227 346
50 306
129 160
170 217
62 202
239 328
17 379
75 179
25 88
208 330
277 346
124 365
118 386
8 329
18 327
71 243
25 398
248 252
171 292
87 326
75 282
109 350
15 228
60 210
94 300
231 261
62 241
75 317
92 193
72 90
193 354
77 340
316 369
174 343
218 298
106 220
18 390
111 378
364 384
317 377
128 167
119 212
195 211
96 375
231 363
144 280
165 315
69 374
132 152
82 332
16 178
115 388
150 269
94 272
302 390
37 375
296 366
41 299
102 395
350 396
354 396
97 311
43 366
81 244
180 183
28 83
290 354
109 354
37 159
13 268
35 197
209 321
82 379
67 389
164 244
142 308
60 302
40 328
243 396
221 334
282 371
242 365
91 375
105 211
58 270
331 348
85 369
63 390
212 249
165 251
86 328
105 376
10 59
76 261
305 340
11 140
167 218
263 393
163 169
12 46
51 266
23 216
70 125
233 310
228 282
103 361
165 239
236 324
73 355
49 235
163 342
61 368
12 201
65 296
47 255
77 383
46 231
186 311
236 373
285 377
122 339
123 240
6 342
102 170
104 237
39 370
13 173
148 210
89 208
79 186
226 318
124 270
3 281
75 337
61 290
170 173
48 108
162 310
124 266
11 203
99 107
359 367
278 378
21 316
245 338
175 313
113 150
130 349
275 372
173 393
32 192
55 160
152 258
280 390
147 158
84 380
118 277
251 328
251 375
273 394
24 271
104 292
37 239
71 350
112 272
249 351
383 395
157 390
296 379
21 67
254 375
1 319
92 243
127 162
73 164
179 288
194 391
40 274
132 233
258 317
32 75
44 312
206 284
16 364
193 214
227 286
288 323
101 355
273 392
138 278
338 389
79 112
63 148
233 377
155 194
225 278
31 86
162 233
284 291
366 393
269 372
161 323
119 124
316 396
54 224
109 243
53 161
52 260
272 342
269 271
277 358
45 119
110 250
101 187
88 184
177 319
301 311
195 306
56 175
55 155
161 255
113 330
51 124
191 247
3 302
7 32
28 56
170 344
117 161
34 236
31 307
59 221
255 279
359 371
70 261
152 162
233 333
83 384
254 360
276 390
123 142
23 52
159 375
26 64
258 299
361 376
125 166
115 399
201 385
37 360
109 193
216 339
44 49
148 149
125 271
105 238
353 355
33 175
117 191
60 144
266 342
109 214
8 81
50 334
4 308
234 383
153 269
205 229
192 267
136 182
172 237
18 149
71 77
58 272
78 217
96 270
114 296
21 85
54 56
108 338
366 379
205 378
186 284
89 394
81 195
61 168
300 309
17 263
2 188
269 275
12 203
84 96
61 180
89 113
179 192
159 259
167 181
82 393
265 296
141 300
8 195
263 296
61 326
112 331
50 101
148 390
52 361
20 204
267 352
107 301
27 285
82 366
27 141
91 328
172 178
285 318
29 256
88 250
261 363
234 395
183 368
303 384
286 341
120 312
217 268
183 326
12 387
58 342
137 191
10 24
3 210
68 74
48 262
105 322
135 234
207 252
235 370
319 347
44 356
86 360
288 367
105 136
106 209
159 328
14 152
0 184
9 139
34 256
158 252
171 246
181 374
63 346
229 278
214 350
134 281
96 159
248 256
95 257
39 44
202 386
281 286
157 227
91 239
141 258
37 40
3 198
336 380
67 80
170 268
107 295
97 229
229 284
228 359
276 286
20 139
13 145
82 128
31 309
328 375
5 30
49 130
210 390
192 288
159 220
36 294
211 322
52 376
105 329
42 387
282 359
73 81
41 258
127 152
176 339
215 299
29 284
74 174
94 226
131 183
219 398
18 210
107 311
86 90
173 324
198 390
52 105
149 210
118 300
125 246
130 347
214 354
20 335
24 89
5 391
19 57
48 369
158 242
242 248
41 215
1 222
205 278
230 378
216 376
100 124
146 162
151 267
153 372
153 238
11 261
229 230
169 248
140 325
101 221
258 377
8 105
55 208
33 219
62 258
155 208
198 388
48 362
195 355
160 314
8 376
200 213
195 238
11 231
33 308
3 148
30 194
276 346
202 333
30 387
12 30
80 199
84 159
14 317
147 351
77 135
104 339
54 349
166 261
43 332
23 361
280 302
147 252
239 375
214 290
7 151
349 398
40 100
104 171
43 82
99 346
163 348
167 287
39 312
22 150
104 172
238 322
84 375
19 392
49 224
37 270
103 376
67 245
20 175
121 261
356 370
98 281
171 237
153 322
179 282
223 307
306 355
69 208
136 238
369 396
15 255
152 233
124 351
87 293
11 385
160 213
49 54
37 254
212 287
98 382
78 324
22 208
86 93
57 392
171 363
148 286
131 180
6 163
103 381
80 369
306 353
245 257
4 54
39 235
219 308
172 364
3 144
13 78
15 323
72 258
46 154
169 252
27 41
26 342
174 188
264 276
5 212
221 355
137 142
15 53
204 313
344 395
160 368
19 273
25 219
347 349
154 155
1 137
135 253
99 341
37 100
8 322
107 225
217 393
7 267
120 370
14 371
76 133
20 349
289 391
45 249
28 224
158 294
8 211
388 390
77 395
81 353
77 268
341 382
240 398
52 329
313 335
88 240
143 197
129 326
229 295
58 259
75 359
113 182
94 342
22 50
59 187
97 225
124 159
168 183
153 381
67 257
71 234
51 365
206 278
294 379
172 339
27 377
152 202
262 389
194 218
127 132
149 327
36 128
42 287
2 35
70 363
4 347
127 192
132 267
242 348
163 256
45 351
52 216
145 206
234 268
32 132
11 121
181 287
154 397
201 391
119 147
4 349
173 395
9 231
47 137
67 85
242 249
179 359
66 199
2 143
136 211
30 201
213 293
49 347
181 218
101 244
3 98
187 372
171 339
18 60
299 317
257 262
126 313
330 391
106 254
274 300
1 283
63 227
0 251
255 367
33 222
181 294
10 372
31 93
16 104
5 209
76 176
264 277
176 261
298 368
281 327
210 327
210 388
5 287
113 155
220 328
103 246
65 193
63 157
1 35
103 329
194 374
122 172
35 74
77 305
151 399
212 265
4 398
281 297
89 154
169 256
194 201
95 320
80 95
26 266
79 107
117 250
78 173
55 213
12 321
204 303
1 219
45 84
227 357
166 363
124 336
25 240
195 244
205 284
67 369
221 238
156 206
90 215
222 349
9 171
285 386
2 312
169 242
17 332
32 337
190 208
168 180
97 373
283 319
48 80
177 356
159 336
81 355
294 296
30 167
150 182
30 287
288 359
104 364
17 366
2 177
251 360
118 202
43 114
264 346
13 378
29 291
24 46
57 208
216 361
7 399
232 393
187 322
93 223
28 54
193 263
302 327
195 260
92 379
91 106
280 388
27 309
23 376
317 337
56 204
6 94
273 334
51 100
129 131
150 275
289 330
25 142
283 343
21 95
117 123
111 278
96 336
88 90
119 242
122 292
153 329
121 140
87 129
73 353
75 367
211 329
1 197
44 120
147 163
245 389
14 192
182 269
264 341
2 68
17 82
64 226
100 159
188 370
254 259
156 229
4 20
138 205
167 212
328 345
344 366
70 76
60 390
182 372
95 262
146 333
83 303
29 217
91 220
271 381
76 125
115 157
38 61
272 318
113 289
179 279
133 204
83 178
105 260
74 188
17 114
63 286
137 143
158 332
3 341
173 217
7 127
112 226
80 245
133 313
199 396
262 316
63 281
110 191
205 230
106 159
188 343
281 341
241 377
230 295
127 151
170 393
206 229
55 293
205 225
64 274
228 323
143 283
178 237
175 303
108 262
146 388
178 204
148 281
238 244
26 348
76 292
58 266
203 387
119 365
393 395
123 307
68 370
31 215
357 358
8 260
362 369
16 172
92 114
230 278
128 158
59 153
60 149
64 285
35 68
228 255
277 357
45 380
52 153
34 163
34 342
40 270
68 343
30 397
219 222
4 303
95 396
15 279
145 278
57 273
321 385
253 305
188 312
173 268
114 366
312 343
2 319
290 298
161 191
126 133
85 316
40 220
201 287
185 253
43 232
102 344
265 287
222 398
86 88
134 301
198 210
15 223
12 385
272 331
46 289
78 170
70 121
154 289
310 357
8 164
11 126
217 344
126 139
78 102
203 231
236 291
246 339
26 331
57 314
34 331
182 275
83 204
115 116
6 331
110 142
122 237
142 219
39 68
145 217
117 137
264 358
121 313
32 267
6 226
4 33
171 261
192 282
199 305
6 112
26 259
56 308
148 327
154 194
202 233
126 166
226 342
163 207
102 324
13 395
174 370
27 72
52 103
113 208
129 200
26 163
2 74
34 186
99 311
333 399
221 275
304 325
310 333
272 300
85 189
312 356
95 338
93 309
200 314
243 350
94 266
80 316
11 70
43 344
121 335
15 367
209 287
194 397
4 56
84 254
259 365
82 114
252 332
45 124
85 199
156 230
60 388
46 330
71 383
209 385
49 68
203 321
84 209
146 157
62 386
189 305
63 358
178 303
160 392
37 328
232 263
16 83
68 174
33 349
96 124
174 356
171 364
24 113
16 237
120 177
19 101
110 223
29 207
51 342
147 249
38 87
122 364
263 379
106 375
62 377
185 305
226 331
14 32
29 145
76 246
87 368
50 355
282 288
225 295
95 245
6 58
123 250
95 362
58 348
259 266
228 288
55 394
158 248
10 46
21 80
281 382
80 257
0 315
51 351
72 300
51 270
128 181
44 235
293 368
157 276
151 162
82 294
320 350
269 381
186 291
79 373
22 57
162 333
38 131
62 233
88 223
20 313
161 196
96 100
135 383
38 168
39 120
220 375
59 381
195 221
225 301
43 379
222 308
36 158
130 303
199 362
241 317
97 295
36 181
47 161
132 162
149 302
310 386
114 232
93 345
43 263
241 337
360 375
85 245
192 371
48 95
326 368
227 358
374 397
47 196
22 334
236 284
160 183
114 193
93 215
102 173
62 118
285 300
177 343
284 373
223 247
43 296
76 171
37 336
9 126
104 176
187 238
160 293
181 212
9 70
138 145
15 282
184 304
148 302
158 169
110 117
251 304
47 53
27 274
47 117
26 94
79 311
59 275
136 322
117 247
100 259
344 393
50 273
156 278
74 143
97 107
144 149
39 356
54 130
193 243
61 298
133 335
391 397
139 313
282 323
19 22
113 154
149 280
279 371
56 222
16 303
220 325
55 69
184 240
27 258
224 349
74 197
108 389
229 236
147 348
75 371
218 397
282 367
62 162
52 211
263 344
14 127
174 283
69 113
311 346
213 314
279 288
225 229
276 341
297 382
7 162
29 236
233 241
68 235
35 319
179 371
134 297
210 302
67 262
2 370
129 168
148 198
58 94
220 336
214 232
9 363
82 232
113 394
59 136
73 306
239 315
218 374
53 255
244 306
53 228
150 372
293 326
227 276
160 200
176 246
279 323
351 380
66 189
21 362
258 386
279 359
125 261
122 171
89 155
134 341
44 177
44 188
226 272
10 182
162 352
78 268
289 397
96 380
64 141
36 248
214 263
62 310
97 99
49 319
209 380
9 335
292 339
137 196
69 194
185 189
17 232
20 33
201 321
132 352
38 180
99 264
192 359
135 395
21 257
114 263
37 220
279 282
135 217
40 254
97 291
342 348
327 382
121 133
127 267
194 289
138 340
121 175
59 271
176 363
345 360
99 297
31 223
114 290
106 325
147 248
68 177
276 358
38 183
17 393
234 305
187 211
187 334
166 203
268 344
268 383
104 122
245 262
69 368
92 263
102 217
12 42
139 175
18 144
59 269
145 378
228 279
292 364
152 386
26 272
246 292
139 335
37 345
95 316
185 340
312 370
20 303
91 251
91 315
140 203
188 356
57 160
97 301
138 378
220 251
156 225
124 249
323 367
102 169
152 337
75 288
72 93
377 386
19 334
142 247
241 386
31 299
64 272
18 302
243 320
159 360
277 310
153 182
47 191
74 137
147 365
96 254
26
126
181
98
233
129
136
89
82
53
100
126
102
77
81
166
62
88
67
143
94
242
99
71
18
142
82
190
17
96
85
120
83
130
164
23
23
110
34
109
81
63
71
120
57
83
25
166
85
59
120
97
51
112
67
24
77
110
176
127
52
93
88
78
156
110
87
34
155
137
44
165
234
107
163
34
93
138
65
68
108
126
67
141
86
53
78
97
164
81
106
222
73
72
50
93
99
102
171
95
110
141
107
123
66
136
114
96
83
105
151
124
187
109
70
167
266
153
124
212
73
107
75
78
39
171
132
114
29
19
122
35
70
54
68
147
182
11
106
82
39
69
80
75
251
68
189
84
36
210
92
75
114
80
114
89
138
86
192
85
62
126
120
22
172
173
69
151
140
90
107
50
79
167
25
74
79
136
116
96
76
67
144
70
54
172
173
92
165
181
191
87
139
44
100
109
24
172
74
82
218
49
85
38
215
49
13
231
40
61
54
21
67
166
85
202
70
111
124
51
100
118
73
194
189
39
139
52
67
143
81
81
82
180
18
55
78
78
46
99
89
63
73
56
58
114
61
165
124
169
205
88
163
61
138
78
211
51
77
122
143
68
62
116
36
22
152
116
124
37
29
58
55
81
85
110
99
81
100
70
86
65
78
143
35
56
130
45
99
24
53
96
80
146
150
56
202
120
100
76
38
121
48
119
117
134
223
249
34
150
150
98
41
82
107
76
48
111
80
89
90
90
70
127
170
30
91
84
41
170
63
13
174
105
27
47
55
128
128
114
146
59
154
47
51
163
151
127
125
15
168
85
86
75
92
120
67
59
138
55
72
51
161
219
24
154
45
82
141
112
156
185
170
38
108
128
36
141
66
156
172
69
113
76
109
95
87
102
73
152
253
152
40
84
96
132
183
28
200
95
103
190
67
175
89
78
214
55
171
75
73
154
105
78
38
123
27
48
66
151
117
46
98
113
44
152
132
215
67
149
41
96
42
139
113
175
151
53
67
26
133
132
142
41
86
79
52
106
96
113
74
60
138
95
131
116
64
70
99
98
132
89
138
137
60
95
67
146
79
55
63
114
36
56
98
60
184
31
164
32
185
65
65
27
101
46
17
85
135
92
75
132
152
202
74
207
46
217
59
76
81
114
111
134
105
178
155
117
65
141
45
117
143
82
88
132
122
90
93
95
62
118
153
138
71
176
126
30
204
81
23
87
40
39
105
61
166
62
36
84
84
112
106
76
39
113
238
102
47
131
60
46
126
80
88
70
85
117
53
169
162
104
185
92
111
131
161
62
95
41
73
192
97
129
111
237
48
63
23
38
32
66
134
100
187
105
27
70
93
42
62
97
115
160
115
110
95
169
40
35
48
119
113
156
184
64
138
89
103
81
84
68
11
70
157
53
33
131
130
135
89
115
21
39
173
83
21
150
123
101
44
54
32
72
170
192
53
242
141
61
112
136
34
143
79
138
87
139
117
71
140
168
44
68
142
91
178
27
31
17
48
136
190
122
177
111
54
103
47
131
77
173
71
116
68
39
27
85
63
181
43
78
61
98
88
92
167
115
82
81
225
81
155
103
64
66
22
71
64
41
53
144
118
64
163
37
103
82
226
74
78
82
124
167
77
62
183
127
158
110
100
79
144
36
75
53
101
31
156
158
26
54
94
175
150
71
70
87
148
49
158
111
143
129
83
32
124
103
78
68
89
88
103
83
89
136
121
10
92
125
48
171
75
100
150
156
142
145
176
113
45
170
103
82
57
121
124
49
88
134
127
56
152
157
192
189
102
123
121
94
73
92
34
158
178
131
115
71
173
49
93
20
40
137
82
41
87
78
120
91
159
94
26
197
80
73
36
172
141
131
114
93
86
180
157
11
75
62
80
114
167
68
60
108
64
83
113
163
81
122
88
100
41
138
81
54
70
67
117
188
61
91
68
115
207
116
119
146
60
214
43
63
163
150
54
127
147
64
105
190
128
163
106
165
139
23
69
65
178
72
123
35
79
91
200
165
132
74
88
21
139
121
131
184
153
177
127
75
88
90
147
38
84
261
43
166
129
85
172
191
41
50
119
106
54
110
157
101
157
117
140
90
105
102
132
116
25
146
142
106
96
188
60
181
185
62
92
165
131
254
149
50
24
70
72
128
95
109
130
82
105
55
92
104
42
80
46
124
76
38
56
154
162
103
146
38
55
80
83
213
33
31
77
72
109
190
117
72
74
147
93
165
124
155
47
85
47
131
69
164
131
133
146
197
145
78
182
136
110
61
81
55
127
61
70
122
139
108
69
197
54
105
135
113
157
134
187
70
133
66
165
128
103
150
141
75
123
115
204
152
98
173
74
150
115
30
53
9
165
62
127
68
121
113
72
50
107
124
98
146
172
64
85
63
122
144
21
163
45
170
72
57
53
111
119
78
55
31
135
65
64
50
103
41
153
222
116
60
62
130
174
83
122
60
189
96
152
94
160
115
105
67
22
99
85
182
116
70
136
231
73
121
102
97
209
172
91
128
75
168
50
51
162
118
69
70
108
133
74
104
95
60
65
194
81
81
171
82
45
154
144
71
170
62
171
21
82
131
142
134
34
172
191
121
100
65
86
64
123
17
141
71
89
70
173
107
30
89
92
62
116
171
50
83
67
74
95
106
62
94
48
81
174
129
74
126
52
62
69
187
123
212
93
130
57
43
160
93
74
155
93
121
60
124
112
219
64
157
66
110
50
142
24
109
106
129
63
31
58
30
83
119
238
96
104
114
114
188
61
170
93
178
81
102
82
56
64
224
136
37
44
132
217
191
54
74
194
100
64
79
84
72
99
36
110
60
67
151
132
151
81
87
49
220
55
207
136
112
60
213
58
122
35
141
130
189
169
110
90
19
75
16
196
51
56
76
72
176
60
37
94
82
49
105
107
113
79
159
133
94
52
56
23
121
104
164
121
164
47
89
171
90
46
122
119
108
118
57
81
127
126
141
87
119
148
88
75
196
72
160
183
71
83
176
72
200
103
76
102
121
84
194
145
133
65
86
23
207
62
137
98
98
46
61
38
53
61
72
70
201
106
47
167
148
117
119
169
38
90
200
42
110
95
80
177
152
163
67
81
220
97
54
119
18
42
127
70
113
149
64
70
56
39
71
66
174
50
42
278
111
88
85
64
42
126
45
81
127
74
107
77
121
109
161
181
32
128
104
142
100
118
96
70
237
93
111
69
61
71
18
160
76
74
109
281
53
39
108
73
214
157
225
67
108
93
136
47
59
97
19
107
123
91
16
145
80
81
59
196
74
15
81
112
101
122
133
163
147
96
117
58
126
108
45
83
176
99
155
110
83
88
118
121
99
141
132
122
37
162
86
114
53
169
43
233
52
43
107
97
64
121
136
67
65
67
155
21
48
42
100
92
91
63
224
106
107
80
169
207
206
110
195
199
81
220
86
67
48
145
39
211
64
48
32
53
53
85
129
85
65
95
72
20
135
169
74
28
53
158
113
88
88
80
67
104
114
139
140
231
60
50
59
47
105
86
78
30
220
184
82
86
116
56
160
115
114
98
95
168
90
57
138
43
99
127
175
179
18
203
296
138
143
110
63
160
23
93
193
53
65
49
142
104
66
88
71
80
61
171
86
48
76
32
108
21
101
63
118
199
70
112
37
99
84
180
81
104
63
115
122
63
45
30
230
63
25
107
152
135
165
227
66
51
217
49
63
100
100
19
86
79
118
74
86
66
163
59
80
88
74
97
151
91
121
50
140
220
53
135
76
123
116
94
31
98
156
133
127
93
22
74
69
55
85
82
187
47
95
138
174
139
162
116
178
290
64
131
59
105
87
39
34
78
125
79
141
10
65
92
71
100
106
136
73
38
189
80
109
48
16
122
75
176
206
135
118
48
141
148
71
75
125
90
60
71
103
107
74
42
169
191
224
125
72
23
25
56
156
134
260
54
73
86
169
127
77
71
210
42
44
87
157
94
107
61
56
58
198
110
56
57
62
134
150
86
15
127
85
39
76
110
87
71
88
172
111
27
70
77
66
57
68
163
50
247
51
50
10
72
30
127
104
125
187
94
69
24
76
54
44
41
160
19
125
23
182
147
48
188
152
21
85
62
81
75
54
29
101
124
128
140
96
37
80
226
132
125
122
150
56
145
38
140
95
130
122
24
78
163
110
86
89
111
135
33
117
105
90
33
69
56
70
119
114
167
75
33
57
60
113
89
80
136
281
74
63
63
103
109
88
10
76
104
96
80
100
125
105
63
44
81
202
159
120
85
130
100
111
146
167
64
178
141
80
198
82
178
193
118
57
68
164
126
98
158
129
71
125
46
175
68
143
117
93
28
75
115
87
143
53
82
76
13
188
94
177
87
71
136
45
119
162
85
59
42
87
77
127
74
124
84
24
142
178
43
27
177
102
35
127
74
40
43
135
138
201
130
180
67
44
83
62
50
44
121
92
147
75
38
175
94
126
78
182
89
170
179
112
88
191
85
208
132
172
71
37
87
87
94
109
104
85
193
103
39
