181 625
4 622
81 3
329 515
404 428
398 635
708 135
715 554
116 260
616 579
395 178
76 110
199 762
672 529
379 770
445 133
712 154
130 604
413 399
181 486
207 485
631 714
154 106
358 776
339 544
765 146
744 139
63 279
269 361
198 108
157 436
283 598
714 603
396 15
593 655
364 147
761 551
111 466
290 800
712 683
428 268
328 488
148 452
23 393
451 152
648 565
13 51
201 473
249 574
261 798
673 259
191 718
497 379
397 606
322 352
11 473
717 756
339 342
465 663
98 26
105 49
221 272
717 211
470 28
548 181
140 463
717 280
71 724
439 673
32 483
704 535
115 650
566 701
528 93
238 359
224 375
296 734
215 339
52 210
4 578
465 723
33 129
351 110
529 258
312 707
313 499
527 435
782 21
479 521
379 39
761 242
211 712
731 120
793 268
114 592
772 139
399 284
424 190
105 325
483 714
465 743
404 54
665 680
68 588
72 555
255 765
780 521
537 467
228 503
357 520
556 30
417 360
686 11
383 81
141 697
79 594
77 34
521 612
607 301
673 316
262 737
202 406
311 56
141 80
783 776
338 701
633 470
640 472
411 393
737 597
41 695
78 77
661 286
726 740
600 312
377 197
619 474
634 637
633 478
783 332
415 506
792 98
777 251
550 40
767 762
343 682
72 98
513 677
438 714
406 106
64 3
680 600
481 185
437 167
107 76
684 242
326 788
12 547
24 60
277 697
648 446
258 553
609 64
535 669
36 97
728 304
122 789
133 57
482 416
250 440
41 66
98 677
413 77
212 542
96 563
665 166
111 410
458 669
557 420
370 541
437 357
673 197
473 175
85 568
610 102
643 371
388 150
281 664
97 467
768 60
237 519
74 587
697 600
284 534
595 356
619 450
344 451
167 662
604 81
232 35
731 230
181 39
154 12
699 715
63 660
709 26
660 92
266 547
576 626
208 762
286 124
329 744
129 682
460 356
735 690
280 132
605 296
83 438
189 440
496 189
246 31
118 708
700 28
539 405
458 68
695 631
241 739
126 318
326 25
260 756
99 300
672 72
650 621
67 288
332 368
102 97
680 466
460 560
123 244
56 482
167 389
32 491
172 764
709 85
719 646
762 587
492 719
221 623
571 676
450 379
507 640
548 701
653 695
497 242
121 496
346 213
29 71
293 530
82 272
747 324
524 417
618 78
729 62
16 28
442 655
320 443
686 543
411 95
140 442
60 475
90 103
428 478
459 194
787 398
533 642
286 216
624 304
221 784
590 401
589 604
599 458
736 159
26 348
141 60
677 348
202 98
428 381
779 663
9 225
688 549
550 749
706 355
279 787
71 234
569 208
264 690
481 161
344 230
331 454
116 397
733 364
789 550
358 460
85 43
138 6
278 762
411 721
473 684
682 257
744 187
136 329
781 218
625 474
107 277
679 76
367 553
9 311
359 495
794 464
71 710
36 445
784 651
796 309
716 541
27 737
349 58
437 486
25 613
542 98
374 16
307 679
70 332
78 377
173 658
716 299
798 578
777 787
163 26
573 557
508 2
528 120
797 376
432 455
354 471
575 536
188 789
684 224
745 495
203 61
623 746
325 35
540 191
406 174
679 678
519 676
638 447
387 771
445 107
681 411
160 488
639 292
364 750
528 550
678 621
636 728
617 519
66 193
21 604
279 424
197 268
39 24
452 574
304 672
413 304
295 110
335 147
41 513
543 614
4 562
689 283
416 579
490 252
281 301
602 480
681 446
219 0
711 399
665 469
768 44
107 360
710 497
4 351
40 546
182 123
487 76
28 285
424 750
659 453
665 614
128 422
188 320
14 356
129 192
72 248
34 72
295 330
41 298
304 337
126 397
77 369
178 260
165 284
184 328
8 258
217 268
21 252
107 168
164 170
51 209
148 307
76 156
136 383
177 354
15 44
39 56
147 251
231 243
96 297
149 267
102 214
162 231
66 346
146 154
42 359
243 262
126 160
61 74
250 274
20 47
176 217
236 390
173 190
34 163
22 285
194 278
0 197
40 373
112 262
125 159
189 205
265 298
49 292
384 390
130 221
247 333
136 195
7 32
384 386
229 292
146 235
9 45
68 80
92 95
367 392
259 291
236 386
219 351
196 317
288 293
72 349
34 208
22 393
10 153
90 200
17 103
230 293
22 123
118 119
44 152
105 277
20 359
119 259
306 361
62 155
278 355
20 169
51 91
59 304
127 383
109 140
117 274
266 323
272 352
240 389
220 385
160 185
149 186
60 150
96 180
55 239
283 304
101 113
24 41
72 147
355 397
199 201
39 144
109 317
107 178
76 292
39 321
77 382
137 232
182 253
50 360
113 149
9 137
180 213
110 261
57 111
182 272
126 312
64 219
184 261
60 337
59 167
171 319
88 271
147 250
55 269
240 399
106 301
109 315
10 272
153 357
32 192
45 70
156 211
160 358
188 399
57 382
164 270
182 352
78 288
391 395
120 159
232 279
259 341
135 186
60 283
283 393
159 295
15 296
154 167
25 281
254 269
144 336
30 176
145 330
13 70
55 376
11 164
140 326
310 369
230 389
279 338
162 328
84 295
30 42
168 249
312 355
56 364
83 381
57 96
11 270
129 245
233 395
59 202
53 68
168 178
28 382
56 203
216 276
31 207
233 331
195 280
150 303
358 397
91 197
14 361
277 305
19 268
155 360
163 274
1 327
219 253
310 389
28 61
233 313
126 383
205 206
45 151
71 333
17 71
182 351
82 375
93 142
102 252
197 247
30 65
232 398
18 128
99 307
2 60
271 326
286 342
139 341
139 273
67 324
163 246
44 149
34 232
113 228
347 390
20 42
184 206
7 266
63 394
301 335
200 281
348 385
284 291
62 281
153 296
230 331
3 196
200 309
332 399
15 394
233 258
84 187
3 265
126 355
82 113
160 384
16 92
82 186
17 333
64 328
229 277
17 115
249 373
88 362
89 149
37 65
5 68
143 394
46 158
19 359
192 232
17 197
32 36
68 177
42 218
89 228
151 225
21 102
152 296
133 144
147 248
183 367
154 283
225 232
28 121
26 243
117 163
100 246
284 334
117 377
14 211
164 235
83 219
12 277
338 344
212 221
199 285
89 350
56 214
48 193
198 206
202 283
131 146
119 291
318 347
245 335
300 341
176 332
58 307
74 75
226 295
220 350
28 77
85 207
24 193
30 121
148 177
175 181
193 257
28 74
122 215
291 300
152 219
103 174
255 352
76 305
136 365
169 368
268 359
225 244
126 127
105 226
387 397
264 380
103 191
122 350
276 360
82 210
239 376
32 398
121 240
255 275
181 346
82 374
256 263
99 354
168 213
167 337
272 381
40 272
225 363
355 358
29 123
15 172
76 229
101 172
99 147
99 100
223 278
156 356
122 220
149 172
94 115
140 179
151 363
68 148
127 312
126 365
6 181
37 217
120 292
246 354
84 125
325 329
201 337
259 273
91 114
147 354
88 107
69 239
11 154
190 193
104 392
163 248
165 334
239 241
254 359
208 279
301 318
138 397
258 293
203 214
4 111
131 164
44 296
41 196
20 173
167 201
238 366
182 296
80 246
296 340
234 382
228 350
293 313
145 211
4 196
5 145
15 267
367 378
326 342
165 259
88 326
127 355
34 137
111 286
273 300
76 120
97 153
156 292
60 303
155 379
253 294
30 218
89 267
332 389
11 256
235 303
58 148
11 131
32 129
298 317
280 383
168 180
97 135
33 325
165 322
206 231
138 365
82 215
23 356
55 69
384 397
123 285
325 374
196 265
387 390
33 350
119 185
258 313
340 394
24 85
124 214
318 341
205 314
18 342
237 380
46 256
308 379
54 74
13 323
145 372
104 191
117 362
8 98
265 317
286 373
80 306
105 209
53 264
34 274
83 294
110 339
239 320
117 354
43 391
7 13
4 18
213 286
130 319
208 248
79 103
80 99
222 243
213 260
245 321
149 224
111 373
198 328
330 372
37 42
1 367
112 222
251 290
153 182
71 171
37 269
211 356
142 200
76 105
35 186
59 150
94 103
42 188
97 182
159 372
3 257
97 152
186 267
71 221
44 97
157 392
39 363
220 337
22 235
73 328
384 387
210 375
4 343
6 25
151 192
273 386
25 309
288 366
56 336
12 51
84 145
91 333
176 268
11 235
232 363
167 304
82 149
35 135
289 390
177 306
62 311
16 243
344 383
167 303
30 37
64 294
138 383
53 237
66 132
194 216
2 370
152 253
149 352
89 101
65 218
157 327
208 250
362 377
178 194
283 337
109 302
348 393
135 255
45 192
134 276
105 345
108 193
66 90
85 265
156 305
66 155
82 172
106 318
241 320
43 331
3 109
214 321
356 361
40 96
3 41
9 279
227 313
308 360
86 178
94 104
198 231
250 377
339 394
230 310
143 261
146 303
111 128
74 77
76 211
169 265
53 371
210 285
42 176
46 263
31 257
185 278
52 249
259 322
302 343
41 193
32 363
71 94
34 252
50 379
378 392
233 282
24 315
130 171
66 200
211 330
38 156
127 160
217 239
81 270
214 225
9 208
340 351
130 204
35 82
43 217
7 323
30 240
50 346
160 312
192 244
35 352
84 120
103 115
226 345
19 173
155 346
274 377
104 174
32 323
39 244
84 361
33 228
205 243
146 270
248 251
116 150
197 221
281 309
145 159
37 268
54 57
32 244
222 314
52 111
100 177
179 315
238 313
196 298
204 221
271 317
203 364
238 258
92 189
139 259
118 134
27 293
214 287
58 354
89 113
116 154
90 93
154 303
209 226
105 305
201 202
163 251
211 305
12 229
172 325
208 274
101 329
354 377
140 371
190 207
106 335
1 103
60 131
135 352
312 365
170 263
66 379
60 235
129 323
132 216
73 143
204 212
8 227
204 324
44 219
172 394
207 257
12 209
9 232
313 331
246 290
346 379
24 317
76 159
259 300
80 100
7 129
119 276
78 258
45 266
189 262
172 357
124 133
351 381
316 391
73 224
199 348
103 157
253 381
73 394
165 379
56 133
82 122
8 27
233 288
206 222
128 286
89 172
262 388
74 240
60 116
62 308
293 366
60 123
5 177
131 235
174 254
116 303
15 182
21 203
72 274
69 392
104 376
61 275
132 346
49 105
271 342
107 280
110 198
152 182
39 252
164 256
64 351
237 326
35 113
374 375
65 176
148 264
69 376
217 320
157 378
201 348
389 399
91 120
192 289
3 179
137 225
361 396
192 225
85 343
41 85
40 253
215 375
134 194
97 186
28 57
117 250
19 42
106 245
158 170
76 372
252 353
275 375
91 242
253 351
6 231
2 150
138 312
8 238
84 159
4 286
32 151
376 378
100 306
27 316
184 231
103 327
36 335
131 167
48 257
72 364
13 390
233 238
73 162
86 280
5 380
50 200
54 265
310 331
0 71
67 221
145 187
171 197
16 309
307 354
240 310
174 183
30 299
109 257
123 235
125 145
192 323
46 116
288 395
17 174
116 167
110 328
54 234
4 342
10 35
128 249
116 263
227 233
143 339
73 296
85 302
51 114
112 231
87 189
6 243
320 376
139 300
23 361
12 91
127 387
64 340
193 207
25 92
142 311
312 397
154 235
224 394
132 134
355 387
68 264
147 246
222 262
103 392
88 237
269 320
226 305
159 305
104 115
268 299
1 378
7 301
6 92
296 351
45 398
188 359
143 198
211 372
51 242
102 203
99 251
34 377
102 353
87 262
43 282
161 190
211 361
6 309
16 26
140 342
227 230
64 296
18 213
93 200
328 340
132 155
19 47
49 277
200 379
23 396
59 116
119 216
147 177
171 221
291 386
10 135
15 153
153 352
251 274
170 256
226 277
46 170
50 119
72 163
98 332
185 284
59 60
199 337
118 216
7 245
108 359
198 314
38 49
41 179
98 230
165 300
140 317
3 317
331 395
94 191
0 212
4 326
49 229
235 283
32 225
235 270
65 254
131 303
170 370
107 223
88 140
22 167
6 281
188 268
167 235
19 190
11 170
45 365
8 230
230 313
126 236
259 379
222 388
174 191
115 174
131 256
30 47
114 221
273 341
275 297
90 165
25 95
298 368
79 327
66 165
76 330
358 384
41 317
223 260
2 263
90 142
299 389
36 245
38 305
266 289
115 204
95 141
83 351
98 310
152 272
73 198
151 266
192 398
19 218
41 109
12 345
113 325
236 387
152 153
219 340
54 382
137 363
258 395
41 265
63 224
85 196
208 338
148 246
341 386
71 204
69 320
155 308
70 347
15 224
113 350
78 293
64 152
7 151
81 146
250 307
15 272
52 260
39 133
9 338
140 237
195 278
162 198
106 347
260 278
113 267
86 223
188 269
359 399
101 149
92 141
159 187
10 375
137 208
35 255
334 379
220 228
27 331
44 153
3 343
166 242
148 396
65 399
18 180
329 350
115 327
130 324
300 334
114 197
76 125
129 287
186 375
201 283
138 195
192 266
71 115
79 367
0 247
52 168
178 280
153 272
175 346
85 161
33 63
6 314
163 354
91 229
25 26
265 368
84 330
46 164
117 208
103 183
183 392
277 345
360 379
91 105
245 301
137 252
41 302
123 348
58 250
195 383
109 343
35 375
195 312
22 283
225 353
219 381
129 151
137 151
230 238
29 393
33 172
158 263
303 370
332 391
17 183
73 340
28 169
27 233
297 352
282 391
226 229
272 296
116 170
80 307
124 144
108 257
11 146
188 239
140 271
71 319
31 161
204 327
327 392
7 70
78 238
50 155
219 294
3 85
80 148
4 249
250 354
123 283
75 240
159 330
27 313
96 111
92 262
344 365
116 158
26 309
71 114
60 202
26 281
167 202
176 299
93 259
48 161
323 347
15 357
327 378
24 109
150 263
228 325
246 251
203 252
3 315
36 129
50 62
52 223
157 376
41 257
98 227
73 339
90 309
146 170
135 375
376 392
157 241
189 388
32 289
119 132
58 80
88 342
283 348
338 365
125 372
42 121
98 331
292 305
115 392
14 306
206 243
16 95
159 229
120 295
120 277
114 319
197 333
9 398
127 397
4 128
4 302
58 68
68 307
26 141
86 278
212 319
5 264
108 190
79 157
163 377
29 199
137 398
52 86
44 186
45 289
102 137
252 349
302 342
132 334
103 104
231 314
230 258
89 325
202 304
38 292
27 395
70 266
50 132
290 349
199 385
113 357
133 214
236 355
277 292
282 316
273 318
208 377
228 329
73 184
185 358
74 382
113 329
153 186
125 187
128 180
124 203
135 153
67 114
248 354
161 193
48 247
371 380
120 305
248 274
316 331
215 275
227 331
33 101
121 368
188 254
218 268
146 256
146 164
256 370
50 276
291 334
176 399
68 306
120 226
157 367
178 195
203 336
95 309
17 191
110 143
35 210
67 204
128 342
169 218
55 241
179 317
275 382
4 271
61 382
301 347
73 110
147 163
250 264
265 302
115 191
153 219
35 374
44 357
222 231
212 333
66 259
182 381
168 260
129 301
122 325
15 97
144 203
209 345
132 360
126 138
177 264
51 226
189 222
98 313
171 324
8 293
152 381
224 357
6 26
162 206
87 141
108 169
101 267
52 178
183 191
45 363
40 381
317 343
138 387
149 357
78 233
7 390
50 334
8 313
220 348
120 229
137 353
155 181
319 324
100 396
115 367
107 383
163 250
246 307
363 398
72 354
355 384
131 270
210 374
23 211
48 190
76 295
390 397
296 357
328 394
65 188
255 297
322 341
138 355
249 286
259 334
249 260
7 347
252 364
55 320
47 190
102 232
201 304
323 390
53 380
19 30
176 389
230 233
74 121
160 355
338 377
48 173
67 319
86 260
325 350
240 268
310 313
85 257
124 336
32 245
13 365
139 322
113 172
285 393
217 299
36 347
138 280
58 99
82 325
94 204
57 373
96 373
47 218
136 138
74 368
26 62
21 34
201 385
54 368
105 120
186 352
141 262
123 167
12 242
13 289
37 359
35 149
27 258
75 77
101 325
244 321
204 319
5 53
7 192
81 256
44 272
136 160
177 250
0 17
201 285
52 286
26 92
16 25
188 217
18 286
85 317
42 65
14 125
357 394
99 148
39 353
136 355
337 348
306 396
100 307
191 392
244 353
1 204
132 276
209 229
47 121
23 38
62 90
122 210
282 395
205 231
16 62
279 377
160 195
183 376
75 121
1 130
37 254
132 379
126 280
117 279
338 362
80 396
156 361
85 298
24 179
176 240
62 175
72 251
71 191
151 398
2 59
155 200
214 244
108 207
155 334
11 81
106 323
312 383
189 243
170 303
71 212
60 154
245 323
113 186
285 348
43 320
219 296
174 392
299 332
236 397
243 388
64 83
49 305
77 240
137 279
227 258
45 232
245 287
327 367
13 45
161 207
63 101
160 397
349 364
119 165
69 269
249 342
177 246
308 346
125 211
72 290
3 298
29 348
165 291
61 77
88 371
159 226
37 399
24 257
79 191
68 99
133 336
289 323
15 352
344 362
114 212
26 95
123 201
69 157
108 161
242 345
10 352
295 372
125 361
217 269
98 233
255 375
128 234
15 149
30 268
102 349
61 369
99 396
365 383
369 382
123 393
86 168
112 314
25 141
135 297
43 332
172 329
36 301
331 332
57 234
196 302
63 143
115 183
299 399
166 221
13 387
160 387
119 134
5 58
39 214
121 218
132 284
185 386
105 292
179 380
29 283
253 272
238 369
178 223
39 102
128 168
127 195
168 342
165 308
209 277
175 206
291 358
244 363
171 204
47 359
50 308
162 314
141 388
300 358
39 203
182 219
140 315
80 177
25 311
75 218
147 274
133 203
28 368
10 97
239 392
126 195
35 267
198 261
104 378
110 162
91 209
185 194
58 264
66 308
23 76
205 388
229 305
337 385
70 390
46 370
19 65
37 176
184 314
29 201
49 120
7 289
129 335
1 79
94 174
241 392
160 236
33 113
108 173
178 278
131 158
218 359
22 29
47 169
158 370
258 366
216 360
136 280
14 396
98 389
91 226
127 138
37 239
59 131
105 229
284 360
148 306
282 332
139 334
58 147
28 54
69 241
158 256
121 169
12 226
119 334
21 349
308 334
236 384
171 212
202 337
16 175
50 216
195 355
102 364
213 373
143 162
18 249
82 267
62 346
111 249
62 309
67 130
8 369
66 119
264 307
30 359
126 136
53 179
38 229
191 327
62 200
78 395
60 304
59 154
200 346
206 262
132 308
102 225
81 164
6 175
122 374
262 314
104 183
92 309
214 353
42 47
194 276
114 171
114 333
20 218
66 142
353 364
122 228
126 387
151 244
120 209
38 76
142 322
81 366
89 329
161 257
134 216
217 332
266 390
9 344
67 171
6 16
172 224
52 213
62 142
86 107
111 180
39 287
196 343
161 173
215 374
134 360
180 373
31 187
317 326
83 253
63 172
80 147
9 365
298 302
278 280
150 370
162 261
78 366
149 153
220 285
8 233
187 330
302 317
119 360
294 351
118 276
77 121
31 48
258 331
33 89
176 188
18 168
195 397
34 248
56 124
49 226
243 314
223 280
92 314
218 240
236 358
224 339
282 331
51 333
2 303
50 181
284 379
331 389
30 399
177 307
62 181
234 265
102 133
97 352
112 205
44 352
197 212
306 356
17 94
118 132
261 314
192 363
118 194
188 241
91 295
136 312
151 289
293 395
50 66
93 322
21 364
97 296
111 213
206 261
6 95
31 247
29 285
140 380
65 359
118 360
21 72
6 206
69 188
71 197
151 232
3 302
139 165
315 317
254 268
168 223
10 44
119 308
190 257
244 287
268 399
300 386
217 399
95 281
263 370
231 262
36 70
22 154
312 387
100 148
297 375
79 392
70 289
99 290
109 179
14 156
175 281
144 214
227 310
14 23
33 329
21 353
53 315
123 337
172 267
59 283
87 388
269 376
3 193
42 399
85 109
18 111
203 353
65 268
34 251
138 160
298 343
129 225
67 166
66 334
38 105
200 311
99 177
103 367
51 345
154 270
67 212
41 343
181 308
107 260
233 293
7 335
168 286
129 321
284 358
20 108
2 116
321 335
127 236
12 166
36 106
87 205
239 269
47 173
93 139
279 344
101 224
158 164
233 316
101 357
139 291
163 208
20 190
92 281
167 283
13 266
210 215
213 249
141 189
238 293
362 371
12 105
237 362
331 391
116 131
10 297
79 378
44 182
119 379
119 284
261 328
267 357
76 226
173 207
48 207
10 255
63 339
240 299
219 272
191 367
171 333
316 395
94 183
40 97
180 286
241 376
75 368
117 371
358 386
99 246
237 371
60 270
47 108
227 389
0 94
143 328
39 225
123 154
315 380
280 312
211 292
77 310
42 268
353 363
122 199
224 267
10 186
206 314
59 303
27 98
85 193
52 180
15 186
85 179
184 198
284 300
27 288
16 281
221 319
129 244
152 351
125 330
19 20
36 323
162 184
309 311
131 154
199 220
31 193
274 354
51 197
19 108
28 75
97 272
251 354
51 212
147 307
123 270
28 234
42 254
3 24
185 291
201 220
284 386
27 230
56 144
70 323
89 122
187 372
75 169
58 177
7 36
242 277
234 368
287 321
309 346
46 131
225 398
131 170
60 167
205 262
84 211
196 368
241 269
50 118
283 285
104 157
90 311
116 370
200 308
133 353
112 243
231 261
271 302
27 238
356 396
92 243
27 78
16 181
6 262
265 343
76 84
127 136
93 311
128 213
98 258
166 345
205 222
281 311
163 307
102 363
218 399
0 333
13 151
194 223
37 188
180 249
84 372
209 242
23 156
34 279
187 295
194 360
148
17
103
75
76
119
57
66
58
159
72
199
146
72
116
34
100
43
141
50
63
34
79
54
163
69
73
192
27
116
80
180
79
68
58
50
188
33
28
78
74
101
100
121
80
74
62
177
160
118
32
26
95
152
61
39
106
74
53
82
41
78
73
137
149
86
46
46
78
206
39
38
120
83
81
152
43
122
100
99
71
221
120
118
170
112
56
85
115
175
83
35
130
158
116
205
144
172
124
136
100
85
144
156
22
68
116
51
99
165
205
89
53
145
59
36
146
42
87
112
68
9
58
50
103
91
78
147
62
75
82
83
60
73
75
46
78
116
134
145
164
133
75
81
131
111
69
132
143
96
208
19
65
40
34
89
55
84
41
43
123
71
90
203
110
70
90
57
52
145
87
119
57
214
25
65
91
67
204
171
183
134
34
124
128
55
129
75
126
37
65
116
128
33
36
64
121
224
83
75
168
121
172
51
120
78
29
44
94
86
22
9
96
83
29
181
138
84
112
140
127
159
159
64
175
103
93
65
84
194
108
39
65
76
122
73
46
82
188
55
138
104
65
120
38
109
72
151
152
105
137
203
98
121
81
58
91
16
45
115
172
144
50
96
72
80
97
49
130
159
160
87
134
194
168
109
38
96
51
75
176
155
56
58
46
82
145
165
116
103
133
59
141
63
90
119
50
64
48
59
86
82
73
151
81
124
86
26
41
154
56
21
66
109
38
76
34
100
79
7
73
49
201
12
56
37
144
98
90
44
119
32
98
109
101
121
55
87
81
47
107
81
122
59
40
133
64
121
80
124
56
105
78
24
75
37
56
139
58
60
68
52
67
31
186
173
10
159
63
85
59
33
65
34
43
42
31
94
79
83
114
75
101
43
63
88
81
149
39
73
182
134
25
128
113
72
182
122
86
69
77
65
47
58
27
66
90
52
120
56
118
209
89
122
97
161
120
74
54
33
122
53
97
124
74
94
26
101
147
80
28
62
190
96
58
56
163
141
54
141
54
219
115
70
74
114
55
64
211
46
78
39
156
149
157
207
84
88
74
98
179
87
79
144
126
146
62
43
72
67
73
23
148
98
109
83
142
118
8
101
73
31
110
94
41
109
88
64
59
61
74
129
127
129
102
69
123
65
140
66
46
172
195
64
31
67
159
123
142
36
169
76
108
85
48
106
101
87
42
36
72
138
84
138
99
84
188
81
113
70
83
86
91
104
123
49
144
186
68
108
90
121
91
178
116
83
74
61
64
29
92
116
83
85
136
139
209
136
91
152
47
114
92
47
31
61
95
115
71
116
155
107
173
80
127
140
39
52
49
142
112
134
114
24
144
142
73
79
13
113
111
113
205
85
108
173
60
60
77
129
40
68
107
121
73
101
189
114
101
114
28
55
102
76
123
50
116
25
195
85
42
33
68
76
54
165
83
92
55
45
98
133
33
160
92
32
46
95
150
99
32
110
31
195
149
91
107
145
57
28
132
63
76
64
77
85
95
80
26
92
101
123
179
189
76
56
127
215
42
115
150
108
56
78
127
54
136
124
71
125
142
124
107
171
103
45
16
111
115
92
119
83
107
47
46
119
51
181
99
40
113
112
147
91
136
95
111
18
76
95
22
135
84
240
76
42
74
46
127
54
140
90
78
166
64
79
30
66
88
68
143
98
248
86
64
35
94
89
34
141
43
19
155
118
85
62
125
40
112
43
84
106
58
80
113
161
101
58
83
24
122
158
88
154
110
83
61
168
35
124
35
125
97
154
147
20
9
45
49
140
48
123
109
168
140
74
93
154
118
185
109
132
86
115
74
164
165
79
88
76
136
195
74
87
82
15
109
181
119
30
89
136
84
65
82
125
40
68
112
82
78
91
81
201
132
61
63
114
99
192
110
36
147
53
169
47
107
66
81
53
34
116
38
43
128
62
103
104
41
66
175
49
134
144
207
54
125
135
82
91
96
96
115
76
167
20
195
118
42
87
86
86
117
55
173
78
182
31
55
27
62
114
178
44
161
103
66
52
33
66
40
97
16
95
68
150
121
69
79
67
158
6
127
85
129
39
99
56
102
65
57
123
84
169
197
115
55
71
22
82
91
65
161
178
82
87
58
132
65
73
55
91
42
129
129
143
73
52
63
71
30
58
88
164
15
102
84
26
155
46
91
42
180
33
114
84
111
16
202
67
117
92
35
221
63
46
95
44
81
78
27
67
139
103
136
66
88
63
109
103
142
185
87
104
19
68
194
76
72
93
163
54
141
183
111
111
89
143
114
52
59
125
47
85
42
161
101
158
41
104
94
103
82
157
117
53
99
129
108
91
77
78
93
76
188
126
114
176
58
64
52
169
115
82
117
60
84
36
110
116
189
74
31
101
28
85
41
152
162
32
110
85
110
71
65
129
50
72
108
96
60
29
36
132
121
108
108
151
144
63
180
65
114
145
108
40
179
13
101
40
47
73
88
77
48
205
17
130
75
169
125
159
77
33
178
41
122
35
54
82
84
22
159
59
104
96
94
123
83
54
160
142
66
131
22
149
28
124
40
145
36
127
69
146
61
112
101
160
119
127
58
40
213
112
55
106
46
155
25
171
57
72
204
177
168
87
108
53
67
182
161
105
185
104
124
177
86
10
169
28
88
83
80
40
84
128
107
54
51
58
106
83
91
137
131
94
109
117
170
76
86
16
97
39
37
45
53
43
34
139
99
104
140
78
169
89
86
59
104
191
133
201
121
147
147
86
268
188
218
98
91
147
48
65
81
81
202
65
105
167
109
87
56
97
63
139
143
54
86
37
84
90
190
73
132
24
186
119
103
85
38
47
137
68
67
94
175
49
186
102
9
165
220
93
83
67
127
96
101
86
101
72
179
95
62
13
61
98
195
100
129
146
188
123
80
130
206
118
79
98
42
95
190
52
55
47
147
82
65
32
127
49
126
117
97
83
62
86
110
99
45
56
114
57
48
122
56
106
179
176
116
68
31
169
32
22
103
109
187
45
103
164
115
64
44
59
134
110
91
121
26
123
68
30
42
98
82
67
48
16
81
168
36
43
50
56
59
66
112
112
146
114
59
48
22
127
118
166
114
134
83
80
171
25
60
35
100
64
37
72
135
177
145
62
127
96
55
90
122
57
124
167
39
95
89
65
138
27
139
98
54
81
63
118
75
122
108
125
173
119
83
167
82
114
158
124
107
122
117
86
114
62
112
46
35
64
164
112
145
89
81
75
168
166
32
125
44
49
73
106
95
93
48
91
68
157
62
99
79
186
130
52
71
74
174
96
65
101
104
110
126
146
185
111
178
14
72
11
150
24
31
133
42
106
128
53
95
134
115
130
133
199
96
74
140
97
182
70
101
68
145
80
40
48
121
89
67
38
21
130
69
122
55
181
161
129
33
95
27
101
103
116
140
109
71
145
89
89
98
80
99
77
41
241
80
38
134
151
47
192
131
67
94
114
148
35
115
82
174
78
32
79
109
53
122
144
26
198
87
90
103
79
10
154
133
102
88
53
91
149
75
204
120
74
117
87
75
72
117
24
129
122
70
79
56
96
109
169
23
174
45
43
54
94
92
161
122
38
73
111
87
163
90
105
48
69
131
68
56
87
99
151
53
59
71
37
99
16
63
127
26
127
38
140
135
89
146
17
15
91
90
80
73
58
41
31
19
94
82
21
79
168
177
124
122
53
62
70
76
135
140
83
109
18
204
70
134
39
174
150
53
126
136
83
96
37
139
134
125
43
81
107
136
81
94
81
67
154
70
81
80
137
110
177
166
178
60
99
49
109
55
98
112
57
102
74
143
45
21
207
34
63
81
95
110
149
173
65
87
150
63
43
110
89
18
28
193
98
122
65
49
81
75
47
139
96
96
33
130
204
43
33
178
157
92
81
145
81
70
167
57
80
113
186
191
79
51
62
79
105
241
54
68
61
123
69
55
154
117
28
57
153
83
6
76
81
111
82
33
132
69
109
90
153
28
155
41
79
123
135
89
70
109
81
100
133
151
164
181
174
112
164
23
120
113
55
31
132
83
83
116
79
152
51
27
200
66
131
76
136
24
65
23
129
92
120
18
102
72
83
91
96
53
91
89
56
98
90
73
100
143
19
66
56
112
57
172
62
92
67
101
92
128
138
137
199
166
40
67
112
81
245
62
109
17
146
103
74
82
40
167
83
238
100
84
54
11
39
27
51
122
56
110
64
70
90
100
167
28
68
83
47
98
38
110
129
42
85
112
85
90
89
196
89
65
108
60
26
81
149
46
12
28
144
120
99
162
70
61
67
151
44
101
178
36
133
88
105
73
57
43
180
105
131
99
141
55
107
84
63
140
125
87
107
38
77
63
71
81
31
191
95
146
83
110
105
114
81
120
92
150
77
88
144
183
85
81
94
15
73
43
203
25
73
151
188
18
159
72
43
49
41
50
62
137
86
125
178
167
40
97
101
222
83
83
162
99
47
86
123
140
170
56
58
22
143
131
81
83
27
133
161
88
107
81
130
190
37
38
105
97
84
141
61
89
