778 60
658 778
404 705
655 783
295 632
96 209
23 528
64 395
521 599
632 416
723 93
784 82
276 311
430 397
17 90
203 301
748 254
264 404
90 538
380 693
25 680
296 742
518 464
79 779
213 132
334 169
86 472
702 459
228 251
130 101
477 776
677 667
165 187
413 799
31 739
148 751
99 214
83 447
735 357
4 659
621 705
729 295
107 437
18 194
220 191
246 413
650 174
697 110
100 643
676 142
630 160
46 454
768 710
531 15
631 343
139 741
476 144
507 510
80 584
684 611
405 310
114 398
522 772
626 414
13 3
228 327
739 272
14 380
6 218
227 287
599 232
539 558
179 218
79 48
671 75
185 708
305 614
363 486
656 30
50 687
335 789
235 778
647 498
173 417
752 89
661 393
541 705
130 204
544 257
718 456
145 388
35 510
33 302
199 421
476 454
533 227
186 20
415 12
664 171
69 375
384 531
486 158
340 116
62 737
517 286
353 800
555 127
538 181
296 467
418 742
358 481
517 525
150 561
658 234
97 322
274 617
71 392
528 533
528 250
758 788
298 303
436 245
393 476
445 237
633 148
515 415
322 784
337 561
793 736
427 297
658 628
454 300
229 748
732 452
78 175
160 672
593 455
164 33
259 745
96 71
767 133
677 406
679 58
717 58
519 375
394 307
648 410
76 495
395 491
207 515
348 449
631 683
23 358
15 106
434 376
523 105
397 191
639 345
713 8
558 791
194 197
665 290
246 337
460 557
679 423
419 448
306 62
104 66
3 430
24 617
12 683
154 59
341 662
135 292
12 747
289 779
122 135
608 473
622 370
42 506
392 205
606 504
534 760
365 366
582 367
723 482
681 683
633 763
334 727
356 591
768 577
380 421
198 566
765 345
101 229
756 628
257 687
301 480
566 675
568 94
147 154
586 743
517 234
308 722
436 46
197 98
642 16
500 175
739 121
273 441
702 281
205 648
466 131
728 494
786 175
225 663
141 514
181 56
222 684
230 354
659 750
297 674
300 197
247 31
174 149
335 192
97 395
50 648
579 357
401 394
433 484
566 214
137 482
742 250
39 330
327 381
593 507
231 439
458 594
88 424
404 373
742 160
717 553
663 21
580 681
72 400
732 515
699 379
97 178
665 416
82 461
14 339
478 739
387 437
23 365
182 351
697 688
15 444
177 555
29 788
271 717
537 428
475 661
186 63
519 175
74 11
442 307
619 129
194 478
235 200
170 345
633 30
27 513
578 658
348 731
702 351
748 588
377 186
226 280
239 599
702 118
20 776
247 344
219 446
721 348
220 296
363 572
745 695
36 107
474 168
198 234
692 338
483 595
536 213
736 670
785 22
419 75
520 799
284 447
26 638
254 17
427 238
638 58
313 348
150 683
795 25
195 663
329 631
418 756
445 288
55 92
389 330
471 91
166 201
310 81
90 108
456 628
600 389
589 232
139 286
757 665
596 155
562 706
111 543
714 733
532 713
122 19
352 743
587 331
33 75
793 247
512 712
570 717
307 573
762 462
204 398
119 670
54 266
284 598
148 458
320 678
19 737
95 260
789 460
240 99
38 575
754 553
203 186
486 530
506 262
362 68
399 10
235 582
481 670
682 763
172 626
399 282
123 167
228 234
483 564
369 468
795 606
267 227
268 700
94 689
2 25
693 730
471 332
424 742
530 170
524 546
453 121
319 321
753 684
393 428
496 63
194 286
106 133
13 498
797 598
774 727
568 321
740 488
447 69
435 80
447 222
55 738
513 78
492 590
484 637
11 13
249 538
789 661
65 183
261 539
718 219
126 524
674 193
136 666
600 590
97 296
129 301
73 326
225 277
160 200
37 250
63 141
283 339
56 264
87 357
36 393
39 299
299 345
174 386
31 324
192 391
6 18
266 367
30 252
38 41
71 348
30 33
70 231
74 142
274 327
1 3
316 388
195 320
224 313
47 208
155 369
117 181
141 291
186 373
269 358
228 381
10 208
44 160
7 257
33 327
191 253
56 101
322 325
135 364
45 209
38 247
176 357
325 332
263 344
229 311
205 263
75 135
172 340
5 134
7 254
357 377
92 234
183 311
301 385
324 380
8 370
157 184
285 358
0 140
123 131
69 290
217 223
60 309
134 357
296 383
101 207
99 116
44 347
103 386
156 301
324 366
189 333
67 234
156 180
188 221
216 396
37 257
324 373
19 274
67 257
220 354
205 217
69 376
60 183
242 246
219 282
47 267
351 384
9 178
49 280
286 338
119 354
9 146
49 50
45 335
203 221
79 341
200 224
238 389
37 61
312 384
157 328
135 398
71 388
132 260
202 349
1 187
237 298
294 320
89 382
12 285
27 164
107 289
29 357
183 235
120 372
18 179
181 236
153 329
28 69
110 191
70 88
56 384
37 116
35 55
329 390
49 74
153 288
42 61
214 241
211 279
89 334
364 386
241 280
17 282
239 250
48 227
9 177
109 274
40 244
315 377
112 192
1 220
187 354
53 199
0 11
185 343
252 331
231 264
203 327
125 184
16 41
131 301
144 367
199 321
2 308
23 386
350 351
111 359
6 147
4 115
37 239
256 366
15 270
216 268
88 318
262 331
98 397
158 295
167 217
168 254
44 290
89 343
61 116
142 302
39 170
230 359
13 154
189 307
64 265
8 292
200 248
157 275
139 176
163 238
165 374
190 379
74 243
103 341
61 83
287 373
11 84
192 355
30 62
219 270
121 156
265 390
287 294
227 364
169 299
157 161
78 142
149 283
130 186
189 286
27 133
215 218
95 118
141 275
45 298
232 268
301 309
178 317
245 254
207 369
78 271
30 182
15 285
43 248
70 118
121 180
166 350
23 103
214 395
31 366
71 370
292 348
89 141
357 393
108 360
257 378
293 318
83 339
5 43
172 188
96 217
256 354
136 181
2 19
88 104
51 179
67 251
70 293
352 394
74 302
52 287
5 342
19 109
114 173
340 363
20 79
14 315
325 353
194 342
70 95
217 326
76 286
6 91
16 161
198 331
123 349
262 292
29 139
87 194
18 26
69 282
145 309
7 239
123 385
29 217
77 122
6 378
278 376
89 164
48 364
36 134
296 371
74 280
127 286
21 363
269 347
292 389
182 252
5 194
78 302
230 348
244 325
21 81
71 399
234 251
195 287
86 325
15 278
165 360
119 380
57 71
86 244
290 313
34 386
235 372
109 308
209 298
274 308
148 253
148 165
113 397
79 299
63 178
133 382
12 372
66 330
230 253
102 225
21 260
53 312
309 367
15 376
155 371
105 327
119 324
210 291
231 318
351 383
33 80
11 305
126 175
104 118
281 386
176 377
10 74
21 188
157 317
11 143
69 358
196 340
322 331
52 294
107 202
165 229
46 70
72 269
188 203
169 170
164 247
48 58
296 312
154 240
40 366
21 203
145 183
14 288
26 147
269 290
99 245
84 142
51 378
7 37
44 224
71 181
31 151
110 253
101 312
18 272
279 333
92 254
373 380
178 249
312 387
52 380
320 392
70 113
185 382
195 294
77 150
88 202
82 236
133 164
182 322
62 182
21 175
14 390
42 116
44 72
89 213
135 355
256 324
109 252
215 260
91 147
55 336
115 307
78 206
210 284
313 347
10 143
4 76
44 313
77 374
83 268
123 309
355 398
247 291
157 228
90 239
195 346
75 215
3 324
73 390
360 374
10 84
172 274
177 181
220 366
320 361
2 327
71 236
243 302
133 343
61 239
300 314
22 125
126 203
284 291
22 94
320 380
129 309
197 360
111 348
116 254
314 344
144 381
22 261
65 270
266 311
276 379
31 186
64 365
182 198
248 357
132 218
64 329
194 337
119 128
350 384
133 185
159 201
66 233
160 269
6 272
140 208
289 371
42 339
283 298
76 127
134 176
282 285
14 153
40 201
126 188
139 167
15 282
188 260
207 264
236 399
169 345
46 321
364 398
4 340
46 113
162 282
134 393
12 278
252 353
56 207
100 148
27 246
5 337
312 375
129 385
188 274
70 318
294 366
186 354
183 374
29 73
126 138
212 371
333 338
38 275
95 318
223 344
48 299
203 260
137 223
253 374
30 331
150 191
147 323
93 268
108 209
73 315
153 310
122 360
115 338
297 325
35 135
211 306
57 348
31 294
199 387
73 265
131 266
2 274
99 239
18 58
191 235
85 146
209 237
101 264
27 382
47 124
37 51
309 356
65 278
187 366
306 355
96 263
124 397
123 266
264 293
270 319
78 143
137 326
200 377
62 201
35 132
94 125
60 131
12 219
32 176
204 351
204 371
138 260
8 71
36 342
11 295
28 44
234 254
244 331
7 152
5 248
270 335
143 295
17 335
34 364
95 107
106 264
63 136
129 356
76 172
54 275
177 236
304 306
202 293
28 160
203 340
111 117
47 98
63 146
77 253
38 85
19 327
61 99
73 329
15 173
141 164
54 85
246 334
93 237
67 245
163 348
29 310
142 243
152 234
139 171
23 35
86 198
262 388
106 267
167 377
67 152
7 251
209 283
207 371
121 301
96 137
135 336
303 372
106 207
51 147
288 310
10 140
185 334
72 87
180 225
154 266
245 250
260 363
118 349
144 228
22 370
26 339
159 297
7 67
101 289
19 172
252 325
83 90
212 383
151 186
204 296
5 393
287 320
188 363
127 307
183 372
7 234
27 185
168 257
313 357
78 243
182 331
170 227
248 393
248 377
288 315
222 225
279 394
111 388
15 65
190 195
180 356
200 313
24 263
192 258
6 179
91 378
180 301
40 322
9 136
54 291
0 305
255 270
84 280
171 326
5 32
159 332
83 255
207 385
165 230
82 177
227 299
207 212
134 315
27 82
4 172
239 245
8 389
87 134
319 342
18 323
118 318
52 392
373 392
19 368
86 182
365 390
39 227
89 249
205 344
193 284
87 313
95 293
149 394
163 316
52 128
125 228
323 396
238 292
80 274
149 192
109 368
146 157
123 129
309 349
333 352
213 343
159 182
194 248
264 369
94 348
288 329
220 324
50 124
122 374
80 175
202 264
211 352
289 312
287 366
133 213
190 392
9 63
379 392
24 347
238 262
77 148
98 321
31 59
232 323
278 285
32 87
93 209
140 214
18 216
293 349
18 147
73 171
186 287
243 271
222 269
42 245
88 231
139 377
38 193
34 259
49 267
10 243
186 256
173 376
192 394
56 369
98 267
131 356
68 337
17 283
267 302
214 330
125 261
28 362
383 384
158 305
120 303
121 385
13 229
113 395
289 369
279 391
269 362
28 376
312 371
46 49
62 325
78 158
4 189
144 261
262 389
96 223
133 334
97 384
271 302
75 306
25 156
174 341
95 349
88 293
145 240
242 276
388 389
172 203
125 144
343 382
174 259
51 91
247 275
36 248
41 395
61 90
72 160
147 179
336 398
123 156
36 313
34 174
9 184
151 198
91 179
23 55
50 70
67 168
43 393
86 273
16 233
206 243
33 308
100 360
3 354
171 205
15 69
69 285
52 373
152 251
65 69
160 290
194 357
185 242
56 289
163 292
74 78
79 259
138 196
29 263
85 164
142 280
337 342
208 214
7 99
268 339
52 256
215 306
132 138
130 256
72 347
199 267
338 352
77 100
395 397
294 392
126 327
34 103
41 66
113 161
102 277
89 133
47 74
67 116
31 256
42 250
32 248
165 253
233 330
40 198
26 232
36 194
292 316
176 224
84 208
244 322
198 244
330 395
32 290
37 245
76 115
14 310
316 353
48 336
106 155
45 237
296 384
12 120
190 276
10 49
2 368
47 84
29 176
304 336
324 354
167 265
334 343
14 73
46 124
35 75
92 152
115 221
53 155
21 327
121 309
65 285
308 368
131 309
231 321
21 126
92 114
201 297
116 239
41 284
110 150
10 47
7 42
60 356
375 387
124 321
96 326
95 207
160 224
76 307
218 363
41 330
8 238
328 381
114 337
358 376
75 218
17 219
224 357
88 381
226 239
37 99
150 197
166 300
51 272
117 370
358 362
138 218
241 397
170 174
8 388
6 345
100 189
185 213
147 216
146 317
38 291
124 280
112 396
279 352
157 247
97 350
215 355
311 356
106 199
20 103
193 275
81 132
12 282
151 273
61 226
167 310
172 221
166 351
151 332
131 367
191 374
281 341
231 293
12 65
76 340
100 127
327 340
226 245
166 314
292 359
196 215
93 339
33 105
47 241
117 388
54 228
276 361
121 277
79 170
74 143
233 395
287 324
31 130
48 135
154 311
197 209
7 226
129 311
142 143
40 151
263 326
82 213
294 380
126 274
85 247
162 255
182 332
242 382
8 117
311 372
26 250
3 366
246 276
265 326
73 139
0 10
85 291
17 162
42 239
129 266
1 366
47 302
171 217
99 234
241 395
74 158
37 339
154 229
111 163
30 297
103 364
34 170
138 203
112 216
21 80
101 107
307 338
17 298
273 399
170 341
79 227
32 160
191 240
196 260
77 360
91 345
24 224
108 110
137 205
19 188
158 243
91 272
292 370
334 346
128 287
195 276
20 34
147 378
16 66
162 372
157 178
9 317
3 187
108 150
147 232
134 377
20 364
217 263
200 347
71 292
33 109
196 363
273 325
133 141
144 184
68 393
310 329
24 160
109 327
84 295
176 200
21 196
258 355
50 113
72 313
104 202
21 132
22 111
301 356
186 324
95 231
265 365
121 131
22 136
36 87
38 284
190 361
137 263
292 388
215 363
56 107
195 373
147 272
27 141
41 291
148 374
136 261
186 294
252 297
52 320
29 224
87 160
319 376
55 304
30 308
59 130
142 158
29 377
286 333
186 366
278 362
28 72
137 217
63 177
14 329
139 315
240 374
391 394
34 341
49 208
149 216
116 152
106 321
29 205
211 215
171 263
83 335
292 353
143 158
156 277
322 332
84 241
68 92
375 383
195 392
149 268
16 214
176 248
26 42
79 386
40 130
76 221
85 141
212 384
336 355
218 306
131 349
83 237
139 288
98 395
9 249
59 186
112 149
117 236
81 260
32 200
9 85
178 328
137 171
238 316
191 360
48 79
211 398
89 246
59 195
55 75
366 373
295 305
200 357
94 230
21 138
96 300
104 131
115 352
51 245
290 347
198 273
51 239
151 244
136 177
341 386
23 34
184 328
308 327
167 315
280 397
229 374
118 293
228 328
56 155
75 211
250 339
12 303
50 397
219 255
65 255
49 98
88 107
155 212
92 251
87 200
223 314
155 312
85 178
153 365
47 140
56 371
75 398
191 229
138 188
315 329
135 304
121 356
76 333
169 227
196 218
73 365
238 348
122 253
145 266
102 350
141 146
68 134
57 94
32 44
58 345
90 226
8 316
170 299
94 165
4 196
55 135
85 157
7 61
115 333
84 305
256 294
57 359
225 362
304 398
306 398
27 334
40 332
83 283
113 318
138 363
34 281
143 280
8 359
224 347
229 240
207 289
13 374
13 240
217 344
150 298
145 311
67 254
219 335
223 263
23 281
210 275
235 303
232 396
196 306
155 387
14 365
42 147
258 396
13 253
266 309
211 218
204 383
349 385
77 127
79 174
29 167
40 186
188 340
25 225
10 11
37 232
127 189
204 384
16 395
28 285
118 231
183 229
307 340
290 376
117 359
74 267
240 253
39 169
316 389
156 385
97 204
53 375
35 304
31 373
31 40
163 359
80 126
22 57
69 120
16 330
24 344
77 108
129 367
256 287
42 83
192 279
279 338
184 317
361 379
44 222
112 323
184 381
21 274
30 109
88 118
55 364
102 166
26 396
113 210
246 346
179 250
193 291
60 311
230 360
37 147
79 364
86 201
195 361
179 378
19 340
334 382
104 367
172 307
194 393
29 315
50 98
210 395
106 107
296 350
53 387
127 338
89 185
221 260
162 278
158 206
84 143
39 79
117 348
7 245
150 253
88 349
80 105
138 175
223 300
206 302
348 359
314 350
158 271
371 375
80 188
139 310
134 194
17 93
304 355
64 73
37 226
216 258
180 277
156 225
159 187
143 243
252 368
161 291
93 283
256 373
213 242
15 162
73 167
63 228
219 285
212 296
20 39
183 240
65 219
37 42
51 257
77 110
170 281
136 317
45 93
104 381
154 374
207 293
383 387
28 278
161 233
204 350
16 210
101 371
190 346
118 202
95 369
258 323
258 352
85 317
199 375
371 383
71 117
167 326
285 376
216 232
42 226
107 321
0 143
129 145
62 159
190 246
196 211
60 240
359 388
99 114
123 180
307 333
185 246
107 369
377 393
137 167
108 197
72 358
235 298
90 335
40 220
331 389
149 391
175 203
275 291
312 383
237 283
63 249
46 397
354 366
91 250
163 388
237 268
90 270
251 254
67 99
42 90
25 180
62 297
151 256
167 171
32 224
42 232
274 340
69 278
155 199
108 298
276 320
5 87
28 358
46 50
244 273
75 304
213 382
25 277
77 197
44 362
82 181
211 304
162 303
146 247
198 201
75 132
212 289
170 386
14 64
54 328
57 163
320 379
116 226
46 98
62 331
87 248
116 245
182 201
296 351
115 279
180 289
9 164
266 356
107 264
352 391
222 362
142 206
259 281
166 344
46 280
27 213
39 341
310 315
290 358
49 241
184 228
370 388
63 184
63 317
202 385
202 207
176 315
225 269
73 288
246 382
270 376
164 275
48 304
31 287
99 152
244 332
218 304
136 146
61 245
1 324
186 220
336 364
8 399
167 329
224 377
142 271
54 381
228 317
105 175
56 312
48 398
76 279
197 394
41 275
54 317
13 165
141 249
33 368
174 281
150 235
217 300
201 322
173 342
213 334
338 391
175 260
41 210
40 187
114 342
129 131
99 254
310 377
11 140
32 313
49 124
24 44
95 202
81 175
52 119
122 191
13 94
201 244
201 332
346 361
20 299
100 122
114 319
215 279
88 95
12 69
17 45
161 210
4 307
210 233
229 253
7 116
132 363
20 227
148 230
338 394
180 385
111 370
150 360
32 357
90 93
255 282
146 178
0 84
86 332
73 310
135 306
347 358
320 373
45 283
239 339
375 384
99 251
182 325
54 178
76 189
5 36
348 388
166 223
107 207
15 28
145 356
122 230
24 205
4 338
178 184
87 176
54 146
62 252
98 124
140 241
165 191
350 383
41 193
23 341
105 274
80 327
346 382
49 397
247 284
98 241
65 120
79 336
262 316
216 339
102 314
268 283
339 396
150 209
66 161
197 298
146 164
227 336
185 346
162 219
79 103
261 317
29 200
353 389
187 201
173 194
122 229
212 387
86 322
17 237
96 171
232 250
253 360
40 273
213 246
15 290
26 239
346 379
18 396
226 250
272 378
146 177
195 379
329 365
28 269
130 151
148 150
181 399
107 318
131 145
263 300
147 396
2 188
47 78
20 169
173 270
359 370
22 117
255 335
162 285
273 332
115 215
275 284
98 113
47 280
203 363
54 157
224 344
82 185
82 136
26 37
124 267
132 175
80 203
282 303
201 325
265 329
47 142
60 129
205 224
64 390
218 260
139 265
149 352
173 319
198 325
212 312
128 373
294 324
71 111
20 174
182 297
25 222
192 352
97 383
24 200
100 286
211 355
4 221
327 368
237 335
183 191
74 271
198 332
99 226
316 359
4 279
371 384
160 347
84 140
18 112
123 356
203 274
62 86
136 236
30 368
122 150
101 212
58 227
133 246
150 374
95 264
20 341
71 359
86 353
1 201
63 85
66 395
331 353
102 296
122 148
259 341
43 68
106 369
157 291
273 322
36 357
202 231
135 215
272 345
54 161
267 321
32 347
108 237
146 249
85 275
85 284
216 323
57 111
5 357
65 162
135 218
141 284
304 364
198 322
333 394
15 255
208 280
27 249
41 233
168 378
56 212
44 269
293 369
20 386
277 301
148 360
112 258
38 141
240 311
247 249
10 280
127 333
277 385
179 272
164 249
51 250
130 399
196 203
141 247
135 211
264 289
34 79
18 91
3 220
278 290
62 332
103 281
76 338
47 143
57 370
36 337
59 276
287 380
59 242
232 339
66 210
139 326
43 337
94 261
234 337
154 367
103 174
178 381
262 353
11 241
17 235
106 387
147 250
63 164
52 324
32 72
160 313
221 340
20 170
58 323
112 355
69 162
238 388
359 389
25 362
95 104
54 184
204 375
25 166
206 271
110 148
140 280
65 282
287 392
221 363
242 346
29 171
75 196
222 277
163 370
325 331
110 122
161 275
361 392
60 145
179 257
196 221
44 358
100 110
134 248
50 321
183 303
188 327
47 49
139 329
208 241
151 220
0 208
26 51
123 301
221 307
213 346
110 374
13 191
58 169
65 376
202 369
278 358
331 332
28 290
101 369
294 373
187 220
151 322
23 259
93 335
107 118
85 249
121 129
128 392
107 293
50 267
92 337
21 221
98 280
15 219
333 391
121 266
279 355
22 348
231 369
149 258
104 349
110 360
41 161
107 231
380 392
103 259
12 162
256 320
96 205
204 312
19 308
15 319
143 208
121 123
4 333
309 385
81 138
77 165
72 290
18 345
45 219
86 331
259 386
286 307
10 142
17 209
152 254
120 282
34 39
25 102
178 228
186 320
260 340
60 266
51 168
13 125
2 109
46 267
122 165
63 157
9 141
317 328
1 354
309 311
289 385
97 351
11 208
43 134
29 137
74 206
0 295
153 315
238 359
90 255
190 242
113 233
276 346
120 162
229 235
27 89
283 335
128 380
45 282
164 185
17 108
114 234
66 193
87 342
83 93
105 126
160 358
5 313
26 179
252 308
155 375
26 91
348 370
101 155
189 338
184 261
110 197
57 117
116
117
55
109
136
20
68
170
121
87
107
30
183
69
141
101
172
113
61
116
63
143
98
25
17
10
125
86
68
123
166
245
187
165
39
75
53
37
179
185
22
28
36
171
60
77
86
45
175
106
91
99
53
85
139
94
80
61
33
99
99
87
160
205
167
67
96
94
79
78
29
51
27
21
134
63
98
112
17
103
35
202
146
59
87
48
89
83
159
83
38
97
141
71
83
246
107
27
91
94
102
151
63
91
94
104
122
32
95
114
85
34
153
26
72
98
105
113
132
87
36
157
31
63
105
159
125
153
82
17
197
89
21
75
66
96
111
83
93
92
77
128
159
124
103
65
117
46
100
126
69
104
77
141
125
234
75
80
166
129
122
107
124
86
156
74
54
69
83
155
127
185
59
93
209
203
134
169
129
111
47
274
53
61
139
103
62
81
81
111
68
94
129
65
163
25
80
195
59
165
101
99
59
118
23
159
38
105
123
44
39
51
25
101
130
76
118
38
85
45
41
160
42
208
207
131
148
81
92
140
55
183
78
99
212
91
107
75
123
131
68
223
85
38
67
153
106
101
148
93
77
108
75
108
121
56
203
175
86
106
81
127
34
245
107
68
126
113
100
169
95
142
69
45
170
49
59
77
144
48
104
129
120
68
81
73
119
152
61
72
157
162
182
84
54
183
19
78
109
159
109
117
67
42
118
19
18
208
84
119
111
103
50
62
115
105
81
158
40
234
78
41
94
60
107
116
66
187
215
114
53
59
71
37
134
74
161
209
114
145
92
69
108
76
94
97
66
93
121
107
125
56
92
38
174
52
39
112
31
152
102
57
130
235
74
103
146
140
208
85
66
126
119
51
83
123
20
100
97
93
98
150
68
26
61
219
163
82
88
88
110
63
177
51
116
58
36
209
62
56
58
142
174
81
66
103
105
173
117
186
76
171
113
84
54
150
47
45
202
131
195
125
171
106
111
129
69
60
57
64
22
206
76
160
141
124
105
89
85
103
44
46
192
38
134
81
153
103
172
73
147
29
49
44
34
117
83
123
125
91
74
47
80
172
23
113
166
39
158
89
144
108
100
139
12
26
136
152
65
52
133
201
73
177
25
12
145
227
147
112
126
18
72
41
132
106
210
83
209
30
118
63
155
90
89
98
51
33
44
251
143
37
78
126
93
55
18
67
156
61
142
39
66
94
57
162
63
118
106
160
120
71
103
177
92
102
128
114
69
171
150
136
61
66
137
124
93
80
90
129
160
159
61
153
62
51
164
192
139
205
106
144
63
84
96
84
73
139
48
174
95
21
75
56
138
113
80
128
125
206
20
172
80
51
163
67
91
86
66
59
146
77
182
95
86
68
213
126
120
19
77
64
50
175
77
43
68
77
73
110
137
62
44
45
129
206
111
77
114
40
101
165
51
169
97
95
118
83
134
163
139
202
91
48
105
23
97
143
58
102
76
73
126
161
92
110
131
56
99
31
36
47
93
74
108
158
105
31
154
122
191
156
136
182
108
130
66
159
95
87
108
42
95
171
56
33
66
107
60
170
165
29
141
109
66
130
98
24
80
137
84
146
40
46
158
53
9
142
139
153
149
176
100
99
24
95
90
91
13
52
74
133
121
203
136
123
176
9
148
151
171
32
102
155
155
51
106
100
66
113
129
67
221
141
64
70
62
130
144
37
91
162
223
29
123
205
78
69
95
86
87
159
175
51
80
39
214
87
65
46
160
64
77
101
75
82
90
76
70
165
114
61
170
56
92
49
121
197
25
123
75
78
62
57
110
77
129
88
158
59
106
221
81
55
85
38
161
93
33
155
170
8
196
191
96
123
132
7
42
67
142
56
163
68
20
53
21
113
70
69
212
57
89
77
212
144
130
93
91
47
163
47
67
77
31
73
195
70
152
61
57
135
137
94
69
61
121
226
31
123
107
68
96
130
94
88
168
83
21
117
70
65
52
44
113
61
130
38
97
53
86
115
58
19
54
28
88
110
140
42
83
56
125
67
129
73
166
125
150
120
57
122
75
41
20
166
94
183
97
69
154
62
38
107
47
61
113
165
155
129
33
68
123
172
52
207
74
90
92
143
164
37
161
76
204
172
31
42
195
95
163
42
123
115
15
93
132
96
106
110
51
199
163
188
60
54
115
83
92
107
96
20
98
119
116
81
62
18
65
60
139
141
165
180
27
41
60
109
75
62
148
123
131
132
249
106
62
95
117
57
172
118
126
54
70
109
31
108
118
207
177
66
165
107
144
162
157
12
153
123
114
85
173
69
100
51
40
170
173
60
75
101
145
80
114
140
95
89
81
102
80
169
162
158
85
174
141
117
58
82
79
53
185
100
132
184
105
119
11
173
264
97
91
95
102
47
113
59
43
45
154
89
75
165
20
184
120
117
20
139
151
113
180
65
110
158
185
73
175
78
129
63
62
138
177
94
103
75
138
161
226
93
28
59
99
26
61
93
65
62
93
123
128
143
94
129
113
151
184
57
109
109
88
180
69
113
131
182
170
65
64
32
71
139
24
19
180
155
140
118
194
28
87
103
210
132
23
17
114
254
63
47
95
124
122
63
107
245
83
60
142
132
50
186
114
206
201
49
187
163
180
157
103
80
151
74
83
109
102
133
69
206
134
166
16
56
140
103
119
85
78
107
143
63
106
111
37
44
132
78
200
130
217
69
91
40
104
144
117
95
101
97
86
78
199
132
105
119
240
106
124
133
92
35
140
40
97
141
41
77
72
56
61
167
128
84
104
126
49
206
171
109
56
67
153
56
106
92
90
79
105
72
138
113
89
134
43
162
102
120
126
182
103
90
64
155
56
55
76
141
60
196
67
71
25
121
97
159
136
93
83
87
77
97
193
119
103
24
57
65
182
124
125
121
92
83
33
129
139
49
94
95
122
139
134
115
131
105
205
146
139
37
132
57
102
192
219
112
38
42
133
118
53
48
161
86
112
189
126
82
57
8
195
83
114
150
203
27
137
90
132
148
79
80
154
32
124
70
44
60
121
60
142
73
110
35
173
50
39
110
111
152
112
153
73
85
161
92
106
97
53
9
106
82
47
121
42
59
62
155
201
206
182
88
98
77
115
200
81
78
39
79
230
156
146
152
66
56
106
111
54
218
147
142
84
79
34
47
50
12
112
83
98
96
189
114
129
78
248
81
74
126
63
35
71
175
157
105
210
55
66
53
49
61
80
124
68
86
58
213
126
97
78
91
133
72
38
15
178
141
17
100
93
166
152
180
67
165
30
88
18
116
70
67
150
127
127
130
67
144
154
164
69
116
57
43
114
142
14
108
38
176
55
40
38
62
47
18
70
96
110
55
187
130
110
191
166
98
174
150
51
108
159
61
38
183
112
15
91
85
95
90
92
103
56
117
80
153
40
84
99
88
98
90
50
189
18
72
190
88
100
69
46
255
90
68
112
77
181
78
78
61
204
137
54
171
72
53
230
95
192
80
129
76
87
138
101
189
138
125
145
91
24
89
52
89
88
118
67
73
108
188
32
86
79
81
117
149
72
41
123
73
46
91
82
130
134
116
83
86
53
71
81
134
52
118
36
88
37
118
53
11
181
47
89
158
149
58
33
61
182
193
108
101
54
140
44
156
54
69
190
119
137
69
83
147
15
168
188
86
87
41
84
51
62
97
195
162
100
63
61
124
191
100
166
168
85
130
91
76
206
122
124
50
130
125
110
194
135
154
96
71
174
218
65
80
110
114
55
58
202
237
154
48
128
95
68
105
98
39
74
50
94
54
164
50
125
148
105
69
130
81
148
171
105
98
148
180
181
184
165
54
151
69
141
160
109
37
74
27
50
20
163
111
175
42
37
102
99
184
84
111
57
55
150
11
86
145
211
16
133
113
71
76
68
125
47
104
61
91
199
102
105
61
104
81
165
61
59
48
118
127
105
25
64
95
141
104
72
80
114
103
75
112
133
96
127
99
143
179
200
101
126
58
198
24
84
51
76
141
151
155
91
118
105
166
65
38
203
41
131
217
109
43
107
58
79
117
88
42
135
133
38
122
90
78
19
27
76
119
135
84
29
226
135
62
85
88
162
50
28
42
72
145
63
93
101
88
171
93
82
158
108
33
164
49
71
199
90
126
39
67
174
204
187
183
66
73
184
33
157
67
65
99
159
174
51
39
32
39
80
121
85
64
99
192
158
149
110
295
40
67
125
58
129
88
107
62
135
202
142
33
88
87
113
22
160
76
99
143
34
80
87
60
81
182
84
185
138
85
31
117
151
106
104
142
75
167
97
112
57
72
34
42
76
68
27
99
65
105
224
61
85
74
150
157
104
119
114
208
192
67
149
29
44
123
68
138
151
102
168
144
83
89
71
196
24
177
122
42
181
58
103
116
65
110
200
94
72
18
191
141
136
107
127
116
91
120
127
50
98
106
113
120
65
33
194
169
42
140
182
210
145
91
78
81
129
80
132
91
114
161
28
99
42
111
115
175
78
138
194
42
84
146
100
116
156
78
165
57
137
204
173
105
64
