171 3
658 517
375 797
788 336
480 623
127 618
251 260
616 612
64 629
509 738
706 214
783 294
167 490
304 190
386 21
221 589
658 590
738 72
531 266
53 727
734 630
194 381
95 552
602 147
138 365
507 197
658 64
631 566
279 394
727 519
119 184
158 676
220 672
554 745
475 131
370 318
218 302
734 263
293 91
269 423
497 579
261 698
427 685
66 602
499 573
771 347
124 269
170 480
336 89
340 141
772 516
106 116
3 729
544 595
328 360
800 774
223 340
87 110
450 490
187 176
542 49
335 469
293 465
569 621
692 730
397 728
419 766
630 554
315 413
767 367
287 566
622 632
597 325
565 136
35 101
198 781
96 287
195 130
225 348
217 635
457 526
669 75
200 599
275 621
17 359
460 505
472 25
549 404
240 756
549 705
130 397
736 459
609 675
293 6
474 500
733 287
759 114
746 103
573 248
467 53
782 544
407 148
51 779
69 713
780 536
115 598
310 90
34 499
212 524
182 384
494 271
625 496
486 542
111 353
156 124
303 119
80 418
578 476
504 289
272 584
623 359
227 738
627 62
109 271
40 445
695 453
211 21
267 747
321 511
117 352
245 432
369 171
1 233
460 634
362 256
321 591
428 533
415 114
454 747
301 159
282 132
262 202
468 586
605 174
324 540
210 406
191 590
219 156
480 97
258 391
35 644
4 117
370 753
623 656
281 457
390 452
2 193
540 147
640 124
53 262
434 378
485 123
642 286
278 238
411 588
229 250
26 88
424 193
201 368
719 298
637 490
293 400
27 110
732 655
790 365
799 703
749 629
728 372
4 23
329 671
385 655
307 321
50 169
699 248
643 347
535 27
553 134
633 340
634 627
715 220
357 125
800 670
152 534
685 494
254 131
80 612
74 528
601 182
325 480
325 453
535 487
710 26
193 549
355 656
624 51
685 216
278 232
320 344
287 189
469 283
15 787
470 304
446 134
670 532
706 277
151 727
245 420
22 521
658 7
429 346
139 568
112 746
403 300
417 574
469 700
106 349
683 1
337 632
699 693
82 279
757 249
587 397
681 339
767 487
350 690
472 321
561 286
86 526
65 620
223 546
473 453
610 446
586 152
743 431
215 540
393 483
216 365
705 297
359 131
558 42
282 18
200 590
512 59
752 362
800 387
464 149
473 524
41 171
345 258
344 28
17 484
519 395
490 703
563 281
374 734
407 170
352 549
531 800
381 287
283 484
762 160
517 470
656 251
137 496
177 27
594 337
129 535
241 154
697 473
734 664
69 110
617 212
520 759
685 354
244 365
320 528
344 294
579 212
794 675
627 309
314 467
504 250
583 366
759 530
1 780
659 383
23 145
308 604
56 663
732 615
759 684
355 109
329 243
248 167
671 506
376 746
140 324
595 427
402 704
783 575
40 505
186 700
168 64
726 501
159 613
35 596
402 766
456 416
531 729
110 677
91 213
481 51
7 212
624 231
468 600
265 540
496 116
373 102
255 705
26 794
215 104
321 72
787 636
703 148
38 371
391 414
536 660
558 752
445 641
719 177
506 394
752 525
471 269
608 252
714 237
194 207
762 691
97 644
416 180
662 788
255 339
391 634
171 377
418 305
434 503
423 428
26 390
338 600
380 333
209 177
704 382
203 123
233 182
180 676
201 105
747 634
159 663
136 585
242 178
151 10
360 347
532 14
437 363
617 648
83 33
178 422
563 149
466 579
386 731
288 314
722 72
546 81
261 133
617 785
391 281
589 548
395 565
721 646
564 778
320 320
257 118
343 553
607 46
444 330
670 434
289 260
375 61
508 362
81 770
29 0
232 295
54 286
146 239
169 247
91 394
73 242
35 219
42 65
72 120
130 216
30 257
35 389
10 205
72 231
144 269
35 54
278 394
6 206
122 158
232 283
8 238
222 235
137 212
176 387
227 351
265 348
19 398
280 374
182 296
136 223
58 136
75 88
312 330
105 192
30 320
187 292
58 85
14 86
164 324
18 287
61 198
143 186
177 243
42 133
94 200
151 156
201 380
199 269
5 195
144 325
42 351
106 301
70 297
164 180
8 150
291 342
50 309
7 373
252 321
212 265
274 374
92 153
61 128
11 174
174 253
110 342
92 336
120 187
73 381
21 90
136 377
110 235
62 290
44 53
131 167
122 201
94 256
87 241
279 332
353 370
35 222
130 145
153 188
11 253
44 94
4 142
232 247
93 259
33 388
243 253
253 360
2 66
195 367
208 368
225 229
80 256
245 335
31 79
85 245
64 300
151 182
52 329
29 100
21 284
26 81
142 377
26 218
48 259
165 206
27 111
58 355
81 333
130 171
219 372
184 360
110 291
49 139
293 309
223 351
21 149
208 277
143 158
158 197
143 287
133 262
160 219
177 283
70 144
10 230
202 220
80 223
21 216
190 248
198 391
248 301
76 113
28 54
10 183
86 252
272 343
224 262
80 112
81 201
152 316
267 383
87 271
150 315
281 287
88 311
162 184
162 183
5 220
12 108
32 363
157 376
158 242
234 308
238 347
132 156
18 110
239 325
239 251
196 310
4 53
74 399
130 269
135 227
20 346
50 278
2 316
10 37
132 296
186 381
99 252
46 159
236 275
167 265
241 394
248 327
20 300
37 230
345 368
189 272
194 277
209 393
32 41
270 339
3 177
50 313
56 78
318 336
203 227
107 196
12 192
61 62
166 296
28 171
331 396
111 241
164 338
56 109
107 310
207 389
60 392
193 213
79 328
126 369
68 199
123 229
305 378
103 319
156 320
261 340
266 357
286 389
128 290
328 363
191 288
38 331
163 302
104 313
253 254
233 313
118 342
233 341
89 92
68 290
78 149
70 135
368 382
298 315
176 346
0 274
160 340
98 236
353 372
146 244
133 324
253 283
209 353
74 151
358 384
50 91
11 95
194 330
3 95
184 275
34 161
246 352
156 322
82 251
162 275
57 374
136 256
118 211
125 193
161 212
256 377
136 142
19 329
170 193
207 370
81 380
10 189
211 397
156 296
41 127
193 304
197 376
205 344
61 155
330 382
64 349
237 273
374 399
35 358
155 335
211 372
27 71
11 45
51 280
187 295
246 350
276 367
137 396
318 388
77 330
4 44
242 376
177 254
204 249
379 395
61 285
4 324
177 253
76 306
311 363
16 153
43 347
182 280
34 157
146 192
189 205
371 381
0 374
272 289
235 372
80 136
40 256
144 285
55 300
147 359
192 220
38 390
55 288
34 137
179 203
22 315
15 82
212 348
204 392
74 257
145 375
155 355
191 332
56 168
5 31
51 312
332 365
217 237
24 352
147 345
87 340
35 134
207 358
96 270
60 86
258 286
317 372
255 265
263 287
336 373
162 323
51 182
222 286
148 255
22 192
67 188
55 346
90 116
108 239
194 390
277 390
1 304
9 262
129 306
30 59
148 161
176 299
4 377
298 319
137 301
77 114
224 336
352 375
304 394
142 223
38 48
18 25
340 397
48 115
89 388
81 204
206 302
283 360
108 192
86 321
231 292
326 376
7 188
160 335
2 65
210 398
19 294
33 267
14 396
228 349
287 343
2 264
191 365
205 214
101 265
87 231
234 305
121 328
192 202
393 397
41 88
9 224
236 343
105 276
45 169
29 213
21 109
185 381
282 318
329 398
20 173
154 199
268 358
6 163
249 371
42 262
71 153
196 273
133 142
25 291
63 385
1 27
51 172
184 187
264 378
49 131
22 105
89 337
263 275
32 82
154 290
24 306
69 243
78 109
118 236
212 326
299 365
214 272
92 188
217 315
27 385
338 377
198 199
193 313
9 33
263 291
279 387
18 236
169 214
215 311
31 319
12 244
141 303
120 283
35 258
92 337
68 154
181 370
203 351
25 157
228 346
216 375
106 190
217 260
337 388
312 364
211 222
124 356
38 194
144 297
309 332
162 187
109 168
45 69
143 281
202 239
95 247
91 341
110 209
59 361
36 56
6 141
101 212
97 380
99 326
249 321
16 71
95 344
39 284
61 154
35 384
28 130
220 314
62 171
111 117
120 184
255 326
139 140
361 390
90 109
170 304
279 299
69 254
56 352
53 63
62 128
23 197
181 286
16 373
72 263
48 331
247 344
59 368
135 357
122 226
183 272
109 113
185 392
206 395
105 314
324 338
282 337
161 326
342 353
301 396
107 217
202 367
49 140
46 123
182 322
257 296
136 386
65 316
52 103
143 323
42 378
111 307
379 389
20 365
10 344
135 297
57 74
135 285
173 176
215 366
105 347
277 368
4 40
143 376
175 191
27 213
21 78
91 193
72 162
48 301
139 382
103 398
299 309
109 246
249 252
17 97
225 352
73 186
3 69
332 346
359 362
110 118
13 302
176 300
32 311
169 183
120 307
1 16
65 152
154 198
288 332
127 328
353 393
287 376
244 251
124 334
26 158
112 324
230 270
4 133
58 317
7 153
61 269
39 145
231 261
120 231
11 37
223 324
203 308
121 127
300 387
85 256
197 323
297 357
293 341
13 206
74 296
120 292
110 236
21 246
102 398
13 208
305 308
231 307
124 310
147 361
29 304
129 334
220 237
82 202
75 121
151 166
376 381
162 232
132 182
264 308
108 244
183 230
139 194
177 232
21 24
23 281
264 305
123 159
199 290
155 354
9 388
17 333
222 384
159 322
102 210
137 265
73 197
7 27
28 350
183 205
222 370
90 352
34 212
234 264
274 312
269 285
21 375
147 330
195 298
106 259
149 350
283 295
46 129
33 383
213 278
82 146
20 176
279 288
10 339
189 344
53 336
205 281
77 194
160 355
118 393
62 198
176 365
58 245
61 290
115 390
266 386
115 194
134 286
186 242
32 366
164 386
26 380
177 360
111 170
207 286
59 359
18 263
123 129
29 91
19 210
43 150
62 199
172 280
20 309
29 233
327 331
42 138
42 308
116 225
206 368
80 354
0 312
15 119
141 206
335 372
183 323
17 81
52 398
13 131
69 360
132 322
54 358
224 318
36 350
268 370
70 357
262 336
36 165
44 112
60 321
29 104
117 170
188 373
192 244
118 235
150 195
172 296
61 68
339 344
9 318
37 169
112 354
45 254
44 142
40 142
41 121
372 393
148 326
176 309
3 253
169 283
85 136
21 56
303 382
224 338
215 398
36 78
119 325
220 367
5 105
15 239
28 39
220 273
114 369
358 372
108 325
106 327
79 311
112 142
107 124
59 362
154 269
118 291
18 98
8 319
66 378
157 381
105 195
251 314
63 71
1 278
170 394
15 146
134 384
234 378
63 153
75 311
323 343
116 124
163 368
74 374
141 208
152 378
318 337
117 385
309 341
5 43
22 237
183 189
49 190
358 370
100 104
19 298
308 316
34 167
146 251
109 145
98 343
160 353
96 97
8 298
330 390
169 230
20 387
47 192
279 346
289 343
147 194
258 395
223 377
105 220
173 346
111 304
174 177
104 293
149 284
245 354
15 79
214 230
211 393
104 233
256 354
173 300
277 362
54 207
357 391
236 289
33 282
10 270
57 296
22 367
252 326
161 255
195 238
9 89
91 233
70 83
119 135
42 224
204 226
125 394
186 197
252 381
286 379
47 273
222 353
160 372
91 243
108 202
131 348
306 352
223 386
313 341
98 281
95 183
17 380
135 391
40 133
170 213
228 300
35 181
189 214
152 264
309 365
54 68
52 102
28 284
218 392
180 203
312 361
195 347
50 293
225 356
2 378
182 257
36 246
63 188
218 226
102 221
209 222
57 172
89 282
81 218
65 234
48 396
277 361
133 224
201 226
162 272
311 366
112 256
40 324
31 314
240 271
166 280
163 206
178 399
92 373
222 358
94 354
14 48
156 182
80 377
42 338
29 293
22 276
289 292
105 238
183 247
185 249
285 391
85 240
209 291
267 282
57 151
120 289
24 109
94 240
46 229
152 234
214 344
85 94
137 255
147 362
166 172
201 218
80 142
143 197
5 8
17 26
52 294
119 297
359 368
128 144
34 101
209 235
156 159
60 252
198 285
138 282
48 140
146 220
59 277
288 365
219 393
0 126
19 319
280 296
231 295
77 361
159 229
118 209
5 319
21 352
200 256
171 284
171 216
172 257
167 255
262 337
42 316
29 50
54 171
74 166
45 253
17 201
86 371
59 114
384 393
44 324
89 262
32 328
229 306
45 174
121 215
210 329
48 190
261 397
67 111
349 383
88 121
349 388
233 293
76 225
158 333
46 225
222 268
120 295
192 237
124 217
209 342
46 320
101 131
67 71
286 370
85 271
55 191
94 271
136 245
196 217
102 329
158 204
205 272
249 392
244 325
0 330
240 317
115 139
124 260
145 246
57 114
128 199
97 333
134 258
167 348
238 319
234 351
26 392
115 190
102 294
59 77
333 380
138 316
89 318
226 380
67 385
28 149
102 215
51 57
156 172
9 337
192 367
275 289
296 322
217 310
163 395
300 346
22 107
23 376
138 378
139 303
64 279
243 254
142 338
66 305
196 276
39 68
282 388
127 311
198 245
346 387
133 338
104 341
24 113
68 171
180 308
57 166
145 284
115 248
26 201
15 83
184 232
24 168
54 379
293 313
60 185
72 289
43 105
180 227
52 298
76 129
113 334
49 301
49 248
350 379
30 114
15 314
31 347
294 398
40 44
66 264
169 232
125 304
113 129
103 298
82 314
73 143
47 108
19 102
125 243
22 217
143 242
220 251
123 320
274 364
353 384
37 95
260 356
245 355
161 186
100 341
257 322
58 354
319 347
303 362
45 177
359 361
41 311
15 244
76 123
192 273
269 325
326 381
82 244
145 149
75 221
114 364
10 272
235 342
61 245
150 238
330 364
160 358
160 317
52 210
60 371
23 186
65 264
258 384
197 281
176 191
50 233
39 130
16 188
113 352
157 161
72 275
1 193
111 385
7 53
161 252
47 375
58 271
119 239
236 291
174 254
37 214
26 204
38 106
11 69
208 303
229 320
39 216
98 323
9 138
8 347
120 275
6 36
73 326
213 304
23 158
121 311
113 116
97 201
363 366
59 345
8 195
179 180
88 328
300 365
300 332
200 240
213 313
285 290
43 298
214 247
99 321
38 250
60 249
101 190
56 149
11 230
181 389
185 252
90 129
31 363
101 167
330 361
233 243
261 317
184 292
131 248
38 115
85 354
144 266
194 382
111 193
219 235
184 295
321 326
53 385
137 190
58 112
122 218
197 242
243 313
205 323
277 303
64 173
49 327
136 164
148 252
18 291
303 390
178 374
128 269
56 246
278 313
132 257
44 256
47 276
112 136
180 351
353 358
93 250
216 284
302 395
327 396
153 373
87 307
308 378
183 214
65 305
70 239
26 333
347 366
167 212
168 375
190 327
76 229
159 320
57 257
183 339
134 268
216 246
19 150
314 363
7 16
266 391
16 299
10 333
31 311
138 224
247 283
13 139
180 234
12 47
61 199
154 171
175 279
72 236
187 231
173 365
157 326
79 251
84 225
21 168
24 76
81 122
46 76
151 178
303 359
13 303
198 290
235 393
73 158
101 348
370 389
272 344
232 360
263 343
154 216
87 261
209 211
193 394
96 380
77 312
55 175
147 364
119 357
82 220
22 195
15 108
134 302
181 350
62 130
141 163
248 265
54 389
63 92
175 332
203 357
215 221
198 269
66 308
136 354
165 345
122 381
34 148
40 112
337 349
272 323
141 277
233 278
78 352
32 88
65 378
279 365
186 326
172 399
160 235
17 96
102 103
100 309
43 196
80 85
16 213
365 387
62 154
125 360
179 297
104 309
20 299
74 182
48 49
95 230
220 276
272 281
284 350
185 321
35 353
82 239
140 303
252 371
87 397
208 302
117 200
106 115
107 237
66 316
95 214
3 11
268 286
32 79
286 358
148 212
39 149
144 357
125 313
170 241
140 277
227 357
140 194
135 266
44 80
150 347
110 263
151 296
285 325
362 382
26 122
14 327
386 391
106 331
317 335
126 312
70 325
68 198
123 306
202 251
160 393
24 225
238 315
23 73
1 67
173 228
189 339
165 395
334 356
227 297
90 113
139 208
78 246
38 382
116 129
187 232
105 367
292 307
189 270
76 320
171 199
231 275
9 336
175 300
307 394
372 397
257 280
30 345
103 347
286 384
24 90
14 259
235 397
48 327
53 324
22 43
99 148
93 106
219 222
72 184
171 207
355 372
277 359
240 355
83 297
106 248
310 315
176 332
18 118
319 366
228 279
114 361
112 377
84 116
72 292
189 230
212 255
80 94
163 258
324 377
139 141
250 259
242 287
181 379
46 306
13 115
194 361
75 215
100 293
40 80
317 355
141 165
27 304
146 314
162 214
362 368
9 282
1 29
91 278
31 32
33 336
29 309
41 79
6 395
145 352
35 370
69 253
27 67
15 202
151 280
147 390
170 278
187 283
67 304
187 275
287 323
98 263
267 388
288 300
275 292
34 255
286 302
23 143
39 154
70 266
69 174
79 314
109 352
48 248
191 300
7 385
111 213
121 363
147 277
4 338
64 346
131 265
166 178
39 171
381 392
279 300
208 362
117 241
12 276
18 209
91 293
137 327
64 383
129 225
141 368
91 125
41 179
5 366
37 183
19 221
340 372
146 367
14 331
22 196
71 92
301 327
235 353
71 188
125 170
78 350
101 255
312 369
142 324
176 279
51 74
335 355
203 234
109 375
66 152
69 177
267 318
83 119
215 363
103 294
194 368
193 278
49 115
78 168
70 391
67 213
58 240
144 198
15 325
25 34
63 336
128 285
256 271
162 289
237 276
277 382
13 163
78 284
68 149
89 336
5 367
149 216
62 269
91 313
382 390
6 165
207 379
70 128
113 306
58 94
84 124
65 308
261 292
89 224
31 366
50 104
132 320
247 272
65 138
357 386
297 391
32 127
29 193
164 351
17 226
7 71
319 363
301 331
77 359
87 292
73 376
40 377
202 244
155 245
1 313
277 330
255 348
170 385
32 121
125 278
113 225
206 208
148 321
299 387
135 144
211 219
369 374
211 353
2 152
38 140
94 112
237 310
126 250
142 164
242 381
314 366
278 304
268 384
22 310
86 99
81 97
162 343
281 343
299 332
87 117
81 226
176 288
27 188
12 273
157 242
250 331
114 280
305 316
182 320
72 187
184 283
20 279
19 103
48 106
173 332
82 367
112 200
45 95
33 318
101 301
147 303
168 246
295 394
70 285
49 106
76 159
258 389
251 367
173 387
314 367
264 316
84 356
200 271
3 254
227 391
194 303
145 168
33 337
128 266
240 340
114 312
77 277
230 344
294 329
181 395
204 218
166 399
288 346
90 375
44 377
221 398
30 51
148 381
224 308
2 305
99 161
227 234
94 136
23 157
185 371
205 339
196 260
37 344
43 195
338 351
346 365
175 346
50 341
257 320
126 330
137 148
66 138
303 368
308 351
172 182
211 291
43 238
320 322
40 53
43 315
115 331
228 387
196 237
113 356
1 213
179 227
115 140
39 269
134 222
162 247
33 262
7 92
31 221
20 332
73 157
262 318
268 302
274 330
152 308
137 348
173 299
79 366
130 154
98 291
383 388
25 255
364 390
240 256
109 129
81 158
128 391
86 185
16 27
192 276
164 223
333 339
4 336
173 279
5 347
270 333
180 338
146 202
238 298
249 381
118 263
29 278
1 111
83 227
34 326
358 389
179 351
149 246
28 216
360 394
304 313
181 207
133 377
243 360
12 202
98 287
266 297
51 114
311 328
156 257
37 189
205 333
132 159
342 393
70 119
147 382
117 271
168 284
219 353
100 233
168 352
75 127
351 386
42 180
95 169
107 116
88 127
262 282
60 381
137 248
56 284
149 171
108 251
23 287
7 63
123 225
197 343
166 374
32 83
79 363
57 182
115 301
81 392
35 286
215 319
130 149
1 170
358 393
15 251
103 210
77 364
116 260
131 301
54 181
268 353
222 393
85 112
243 278
194 362
65 66
194 364
267 337
74 172
126 274
241 307
187 289
163 208
26 226
93 331
161 321
99 185
36 168
206 362
179 234
106 250
151 172
239 244
115 382
140 390
202 276
169 344
0 364
242 281
120 232
97 339
3 45
137 161
131 190
78 145
183 344
13 141
128 198
21 145
321 371
231 241
35 207
109 306
103 329
143 157
103 221
6 379
74 280
210 294
11 169
13 49
237 260
122 249
186 376
16 67
101 137
5 314
286 395
96 339
141 362
18 342
151 257
41 328
28 68
56 350
191 346
67 170
345 362
259 331
24 129
269 290
38 93
119 144
274 369
8 315
150 298
280 399
225 334
83 135
54 370
140 208
7 67
39 62
240 261
197 287
138 262
138 308
155 199
314 347
240 354
107 260
22 273
86 148
58 256
101 327
175 288
106 140
337 383
59 147
74 178
177 295
203 297
93 126
295 360
345 359
79 146
361 364
135 203
316 378
157 186
152 305
219 358
62 68
266 285
258 302
19 52
60 99
71 373
211 342
63 373
142 256
58 80
30 182
221 319
190 301
103 150
140 382
29 313
29 341
155 317
117 307
281 323
96 333
211 235
149 168
246 284
147 368
79 83
259 396
57 280
33 89
110 211
22 220
97 270
5 238
0 369
364 369
101 248
298 347
3 174
116 334
273 276
232 289
8 43
258 268
236 263
64 228
9 267
260 310
129 352
77 147
79 82
8 105
116 356
95 189
225 306
145 216
164 377
172 178
31 215
317 340
10 214
23 242
90 225
163 165
72 343
195 315
114 330
351 357
83 357
81 96
37 247
35 268
122 392
122 204
37 205
84 334
144 391
50 100
184 289
109
89
66
34
135
59
161
130
99
21
179
108
21
209
172
83
131
56
104
43
22
213
39
71
77
25
102
158
38
75
114
81
113
190
54
129
21
198
137
148
41
171
131
117
97
204
112
78
98
137
84
57
85
182
76
104
109
88
89
121
168
51
95
186
53
44
172
61
117
164
113
84
35
66
165
94
72
99
65
194
66
101
89
189
130
66
72
64
89
106
87
56
81
86
80
48
84
153
139
221
175
127
146
66
25
15
86
107
68
103
128
221
95
42
76
52
85
128
75
142
109
109
78
63
176
39
100
133
118
167
180
89
12
145
55
173
140
53
69
117
44
42
91
86
110
160
72
45
222
134
196
93
157
109
66
183
94
88
84
108
47
73
43
115
120
99
83
134
181
114
139
95
75
76
181
142
34
138
64
154
34
71
130
70
146
50
112
124
88
8
79
57
94
114
62
87
31
63
130
67
127
16
32
118
84
223
122
81
72
47
80
196
30
114
89
70
129
18
67
109
91
144
70
47
52
145
125
81
125
100
167
105
64
181
70
163
101
40
105
86
65
55
98
118
51
94
143
26
70
52
24
196
188
86
42
98
73
120
178
79
133
114
58
22
141
71
92
29
122
104
141
157
86
150
63
18
106
131
141
144
68
126
49
112
164
119
62
76
23
176
101
108
71
45
76
118
62
136
119
64
169
83
32
71
268
79
148
89
71
28
280
23
102
119
142
128
36
146
67
110
42
116
72
97
38
97
91
137
107
175
67
124
96
78
98
73
175
91
120
130
195
116
76
186
102
95
133
95
243
85
35
24
108
51
106
39
145
26
54
112
155
77
72
164
100
155
62
120
160
47
65
211
118
134
72
129
79
52
153
64
94
85
111
198
90
53
156
121
85
155
190
56
58
185
61
101
202
174
131
170
112
126
70
16
102
91
98
34
62
73
61
72
182
47
81
138
121
141
91
99
23
32
105
80
89
141
143
41
88
194
121
112
115
39
150
94
186
132
173
32
88
98
177
38
72
38
86
120
79
101
159
130
127
57
68
43
74
136
132
76
108
35
145
86
65
128
176
66
147
51
55
105
67
90
164
60
150
100
67
62
54
162
97
156
144
127
141
68
152
87
165
112
34
67
81
147
106
44
135
86
147
106
83
76
118
128
127
50
74
165
23
206
91
102
180
84
113
85
74
38
118
147
42
127
74
23
146
76
116
68
106
137
80
211
74
24
36
40
152
169
63
188
82
37
116
58
68
67
93
146
108
29
52
115
168
115
135
49
171
22
100
151
58
61
115
114
96
89
161
73
85
78
87
98
56
120
137
114
176
113
167
63
84
79
150
87
101
110
102
104
109
120
100
44
134
37
16
117
55
49
148
51
58
38
61
93
151
58
169
107
200
141
69
105
72
173
188
78
31
124
79
101
167
146
22
60
18
110
100
246
58
178
104
103
131
74
168
61
139
114
52
80
94
148
94
64
92
203
73
50
159
216
74
17
16
82
115
17
98
100
61
70
143
36
12
113
48
106
62
118
94
94
130
31
136
43
26
149
30
64
161
68
142
137
38
51
215
70
80
80
35
77
183
92
63
63
92
108
169
200
170
88
75
60
88
75
152
134
164
144
118
58
145
84
165
72
168
82
114
84
170
170
38
106
79
139
95
65
123
38
34
95
91
87
56
90
61
157
149
51
75
41
59
83
76
95
164
115
159
72
91
57
126
47
48
115
126
105
61
116
45
108
154
133
96
63
70
158
123
192
69
100
121
181
38
39
45
192
99
94
76
50
56
52
17
111
120
136
24
64
64
94
42
81
89
67
34
121
72
87
59
105
96
100
71
71
63
57
35
84
61
125
95
119
79
95
39
42
107
117
106
225
97
156
136
73
24
124
72
63
86
61
163
86
157
55
105
61
47
28
58
81
54
97
32
73
112
56
33
113
94
65
110
166
133
42
163
144
86
55
175
72
202
59
19
206
95
23
184
96
28
184
83
96
158
185
72
70
83
97
84
110
135
52
88
132
101
96
17
55
61
117
55
240
102
107
123
52
65
189
164
105
80
44
117
49
104
95
70
89
61
99
102
120
32
147
35
29
144
130
23
125
148
95
75
93
38
93
112
126
50
71
178
123
139
148
124
42
79
192
109
196
33
92
86
129
69
77
64
133
184
87
185
169
94
90
37
58
139
112
166
95
42
169
103
119
57
113
39
60
42
89
96
53
218
80
181
113
240
34
112
120
229
23
97
55
101
141
131
290
123
89
122
44
184
91
77
103
231
112
94
112
46
140
146
110
43
18
208
119
120
79
99
63
233
152
42
224
107
29
245
60
251
75
69
80
117
62
40
24
134
102
97
67
200
153
121
121
57
77
71
125
173
82
22
73
43
48
104
83
137
99
135
143
57
176
175
108
40
37
125
149
126
126
81
102
25
61
84
85
70
85
15
121
129
133
6
73
107
85
162
119
156
153
67
83
123
171
91
34
254
81
93
108
61
47
42
21
66
115
131
116
41
68
72
103
161
73
243
106
123
61
124
61
27
137
45
62
100
119
46
147
102
69
58
39
83
82
157
15
87
140
144
117
83
88
108
160
66
93
97
45
111
47
156
61
67
67
64
74
56
212
28
94
134
167
159
60
77
32
111
54
111
65
189
127
91
177
22
23
109
45
100
71
137
14
45
73
51
52
58
169
116
178
123
50
52
82
21
149
121
89
148
115
77
83
115
77
79
140
27
115
145
101
129
53
51
143
141
50
63
189
93
130
120
59
115
33
104
83
119
29
140
34
82
50
142
123
87
176
102
47
37
127
131
100
39
166
163
118
106
27
217
78
104
83
110
58
109
24
33
143
141
156
209
47
156
83
109
37
253
115
74
203
94
152
30
81
153
81
142
70
49
136
121
84
58
131
144
124
96
133
113
107
179
155
52
121
104
82
133
97
188
178
89
120
69
86
55
56
159
52
101
189
46
121
213
99
236
15
43
125
271
108
116
203
34
219
43
131
72
22
126
104
58
41
136
76
47
65
67
69
120
105
159
123
116
143
128
86
76
110
44
68
115
93
111
80
133
87
64
89
72
67
95
36
110
87
176
122
101
140
150
65
87
137
21
147
153
43
189
103
62
65
94
48
42
117
121
54
151
46
120
143
42
24
70
89
60
73
183
179
104
108
95
152
74
169
94
112
81
114
52
51
113
163
104
166
136
54
234
80
107
105
142
61
130
95
78
236
91
58
74
95
122
88
87
75
140
57
61
189
37
87
134
77
26
119
119
108
160
80
85
52
118
109
87
96
23
45
161
82
126
172
146
162
39
85
85
48
21
117
189
66
79
141
163
72
136
75
111
71
31
53
146
63
103
171
34
63
27
83
109
147
97
229
55
88
215
104
101
64
73
95
121
84
159
114
126
127
149
27
75
99
167
103
84
163
222
93
124
38
102
25
118
16
124
64
84
105
36
106
109
94
96
68
138
78
119
65
141
188
81
64
126
51
84
96
104
76
67
130
144
50
174
44
125
44
97
56
106
51
56
65
25
85
18
64
113
190
78
53
195
55
159
127
38
43
220
111
113
94
75
152
59
95
136
58
168
149
122
113
38
69
45
78
205
155
137
130
158
26
8
46
78
41
83
172
104
122
83
119
83
69
159
110
131
119
46
14
83
40
94
142
93
117
166
216
103
71
88
111
107
132
68
163
104
64
48
47
28
82
125
158
139
34
187
49
26
125
51
92
126
68
186
26
75
122
78
54
118
189
73
114
19
147
119
112
146
68
38
108
101
140
83
78
83
95
139
152
123
105
202
78
71
157
19
118
79
69
18
77
91
97
35
134
92
83
97
15
163
93
102
53
105
64
80
58
148
25
151
57
120
67
103
157
73
199
67
222
91
54
116
131
96
75
170
72
179
92
88
133
191
67
200
185
96
105
114
83
26
36
63
145
20
47
137
180
108
105
122
60
93
115
141
32
170
150
147
126
83
136
53
90
103
65
37
185
85
100
77
92
94
101
153
53
50
157
56
43
115
86
84
126
73
37
243
31
123
73
175
49
68
80
108
140
89
154
142
190
158
151
117
196
76
74
121
83
125
33
124
60
160
147
128
65
130
117
149
161
108
69
112
32
83
56
70
118
121
160
168
195
130
139
46
78
28
30
113
48
119
70
271
115
155
131
23
130
114
167
20
94
50
80
109
139
168
210
159
162
76
66
45
20
144
142
165
91
48
115
54
47
83
89
50
173
195
10
57
76
112
180
96
100
67
105
110
128
57
70
64
293
103
107
47
87
98
128
217
63
168
80
155
139
72
50
118
112
98
81
30
62
191
40
88
98
79
227
114
36
154
54
168
104
48
18
70
161
100
51
108
116
46
66
153
77
54
188
162
21
136
45
26
59
180
154
31
152
23
96
71
73
120
68
49
44
63
139
173
153
56
127
150
87
62
78
107
87
42
55
10
99
83
61
161
82
69
67
157
149
45
94
115
251
72
84
121
18
114
150
202
102
120
75
111
218
109
76
56
18
145
38
30
55
70
