107 586
696 75
797 96
147 762
760 536
404 584
556 262
547 528
361 106
431 549
97 64
411 152
492 693
115 774
583 328
461 364
491 628
533 18
21 607
782 374
183 287
198 97
485 113
94 270
79 607
134 331
388 241
263 360
503 215
691 142
377 210
205 556
363 374
454 133
313 546
566 179
336 306
436 511
338 519
737 415
475 273
364 704
620 368
751 504
508 15
255 290
672 633
433 339
275 603
237 62
180 363
75 71
41 299
783 486
348 673
703 458
767 489
756 6
792 252
262 50
4 658
553 182
304 351
644 276
197 584
275 496
771 600
160 542
276 59
217 42
785 328
594 484
369 737
312 274
490 592
524 503
382 542
91 566
58 157
284 518
784 623
127 777
678 506
50 101
289 357
51 302
405 118
641 437
612 619
156 516
279 156
248 763
614 766
171 716
371 791
403 236
32 696
582 62
186 459
138 147
688 171
218 742
55 113
788 690
232 82
231 603
557 204
321 280
440 354
333 0
357 541
318 256
654 683
25 476
278 449
366 167
766 218
134 358
574 420
733 592
225 386
310 681
447 305
22 46
331 518
416 350
759 63
486 345
708 278
589 354
732 138
469 465
628 299
112 231
459 607
769 724
472 246
560 775
776 417
220 358
313 472
649 473
36 753
184 0
742 96
720 50
51 59
337 299
422 275
197 277
595 465
318 156
781 305
385 465
794 532
279 571
446 366
363 325
522 343
242 493
767 645
535 750
516 509
159 206
419 762
746 168
583 68
45 342
255 423
367 47
440 180
333 707
28 274
677 599
736 687
686 351
631 687
331 327
498 207
316 489
558 297
657 63
446 434
672 237
668 760
369 456
220 21
431 481
97 538
512 220
148 350
42 118
673 229
6 726
161 525
781 559
371 66
274 780
745 235
53 480
787 461
649 44
43 332
150 575
471 143
797 48
611 233
134 41
526 432
237 122
295 603
737 779
297 508
572 589
658 108
78 164
217 717
516 325
327 435
693 125
745 258
566 410
28 290
539 499
455 796
736 163
723 565
562 330
0 81
734 682
264 702
779 17
715 275
719 453
135 598
397 494
76 105
403 600
5 652
313 68
390 559
201 648
784 719
230 683
715 490
340 750
483 571
484 589
307 31
149 637
88 410
710 56
667 414
85 459
589 142
648 506
739 175
402 327
639 718
553 175
258 450
459 734
149 291
296 140
22 274
379 416
364 193
321 20
432 787
400 27
146 155
84 552
184 250
760 685
766 788
179 498
615 174
692 309
739 700
375 784
294 444
563 250
14 251
575 464
111 406
567 584
759 762
499 375
667 191
519 233
114 743
308 721
771 79
363 626
317 716
787 778
799 164
672 530
386 426
140 89
156 578
658 56
118 61
489 633
95 308
597 646
614 429
407 248
469 708
19 514
595 110
85 750
408 794
580 338
121 46
117 227
265 466
325 297
159 144
668 656
45 381
76 118
411 265
247 780
758 628
672 81
252 775
776 579
177 691
694 564
436 664
611 782
620 583
369 395
258 67
704 645
2 610
90 170
218 226
511 320
307 230
308 361
772 403
66 635
466 729
468 777
429 463
309 586
496 11
108 366
376 541
307 371
598 686
723 511
474 733
297 563
152 569
756 333
285 112
41 15
543 7
331 538
357 88
294 482
177 540
586 401
236 229
360 642
416 741
32 83
142 626
781 606
328 215
453 335
439 684
618 548
475 300
751 242
635 363
618 652
753 415
661 582
230 102
172 369
474 726
207 222
334 373
46 469
444 442
395 174
635 462
668 433
368 627
381 785
184 200
799 259
579 316
348 607
127 496
313 443
114 260
206 281
112 176
158 339
129 221
9 74
227 396
166 214
58 128
103 295
85 222
14 180
121 230
203 234
147 341
13 81
103 286
216 328
229 242
317 341
327 371
10 236
217 396
134 237
91 197
38 363
117 262
97 348
106 254
73 111
346 388
59 186
61 254
144 205
261 368
104 382
37 235
254 276
71 118
113 250
210 397
5 134
28 281
161 354
198 395
79 124
100 219
37 246
241 243
3 81
191 228
190 304
124 355
23 304
208 221
76 124
26 30
119 195
203 249
69 382
207 302
5 240
47 148
190 383
249 328
59 334
18 343
105 210
55 380
0 77
90 372
15 373
218 298
187 235
1 214
217 313
8 11
181 251
233 342
1 219
22 44
262 383
30 307
43 200
149 272
229 319
122 257
149 163
59 382
284 349
67 398
110 350
27 62
74 213
42 365
235 346
108 125
191 215
3 142
236 299
305 352
17 22
118 150
34 179
91 243
28 259
42 306
39 138
49 69
189 259
84 351
95 307
244 353
157 341
164 261
73 340
104 239
81 93
130 219
92 176
141 150
145 301
85 320
236 337
103 273
19 70
171 367
344 354
1 126
162 246
349 383
88 379
160 371
215 236
116 377
162 223
173 381
8 115
171 294
293 347
100 183
82 141
244 255
168 316
233 244
125 257
87 391
284 320
20 50
60 336
81 311
103 229
2 130
56 353
163 318
126 144
129 180
270 299
166 201
280 363
194 398
359 369
59 209
156 182
112 352
130 144
23 264
18 96
279 368
60 238
66 327
21 318
73 177
155 347
82 255
163 394
169 269
321 337
233 391
308 368
211 242
42 129
42 378
99 270
194 364
165 296
171 245
118 221
132 378
159 260
10 359
51 83
18 60
297 381
201 251
248 267
312 345
63 183
232 277
191 337
116 198
3 290
164 354
196 362
319 335
216 241
110 124
90 263
44 166
137 161
48 210
18 336
237 350
129 365
27 84
80 324
12 161
229 278
285 375
119 226
4 56
180 281
49 239
308 384
207 314
71 390
226 353
148 322
40 122
18 77
13 311
62 386
236 321
62 157
93 328
58 232
101 323
232 357
121 171
59 248
45 73
218 265
188 309
221 283
214 251
95 389
102 337
10 83
182 346
155 355
92 137
91 216
241 370
239 248
174 242
36 257
79 355
23 262
167 349
49 248
88 213
293 397
196 239
37 131
190 284
191 321
26 148
49 104
216 243
174 229
36 107
164 368
115 372
69 104
54 291
174 335
102 228
51 207
26 95
37 346
253 320
198 232
283 365
101 326
117 383
89 188
273 335
127 373
71 141
3 13
145 181
104 209
28 189
160 324
94 312
17 310
83 123
122 148
197 326
6 281
77 356
94 279
68 104
193 238
100 225
99 163
48 355
191 369
354 368
65 212
124 212
114 218
1 325
44 97
184 331
58 198
35 276
54 367
112 258
91 230
259 310
5 293
12 374
72 393
7 285
70 220
58 70
153 388
102 215
79 363
1 201
14 42
173 297
27 168
358 362
336 343
55 56
261 374
107 340
55 353
5 397
61 106
54 392
156 373
11 389
212 316
33 204
250 387
385 394
262 315
205 231
98 159
153 346
297 332
68 209
98 194
23 172
135 274
131 223
43 56
139 383
300 370
251 301
131 182
66 226
68 239
45 111
318 337
79 212
293 367
242 273
334 358
268 344
12 330
113 253
29 219
55 244
110 397
128 377
40 339
140 218
107 157
38 110
194 356
64 234
90 151
324 335
12 345
41 294
273 278
27 351
183 206
131 208
130 292
356 364
94 393
84 139
297 329
78 337
72 291
9 37
318 394
164 345
110 235
301 325
93 290
164 393
167 250
57 126
202 222
257 373
0 234
366 385
53 56
253 387
132 277
279 312
56 233
25 50
93 216
347 397
121 293
57 145
219 251
298 388
78 102
392 397
121 294
0 356
34 361
313 365
3 101
141 255
328 370
84 386
117 304
251 325
259 276
66 371
245 291
126 251
160 229
132 183
198 225
19 39
272 338
74 246
345 384
38 361
63 132
171 291
158 217
2 205
329 381
31 275
122 125
222 304
167 320
65 280
304 320
104 334
19 380
134 330
166 301
45 338
248 334
333 351
130 225
56 154
101 291
240 392
244 297
235 298
141 391
47 122
87 365
306 365
66 324
0 188
130 296
187 346
268 345
260 399
173 335
147 157
67 275
64 364
199 387
269 348
44 348
347 392
59 358
30 372
258 319
121 291
77 234
30 266
57 205
125 157
211 295
85 282
29 130
165 219
230 291
82 233
12 354
109 169
146 369
238 336
245 294
78 321
345 368
185 333
2 292
199 398
217 373
57 231
197 323
306 390
61 178
12 344
9 235
118 365
23 25
46 88
34 79
173 319
28 204
387 398
8 196
156 287
272 385
85 304
34 355
34 350
25 117
100 192
252 378
355 361
20 117
342 380
49 68
179 316
320 349
14 378
135 160
8 169
71 223
11 30
276 288
115 266
226 371
78 215
222 264
54 294
135 273
136 322
157 257
213 379
176 184
340 372
28 289
196 269
194 203
177 317
31 194
112 319
116 232
8 389
172 264
147 317
45 317
172 222
55 391
33 86
315 394
10 207
5 237
43 233
174 324
3 328
8 151
182 388
60 193
70 342
5 350
329 353
261 384
126 130
210 293
255 375
87 141
169 267
34 347
38 76
55 390
95 266
88 285
15 257
26 266
106 178
213 285
25 383
34 212
7 162
308 330
39 233
342 357
97 166
105 241
172 304
17 360
50 262
12 308
58 296
193 290
199 250
167 172
46 173
32 386
179 185
197 216
216 230
5 110
209 334
66 160
160 335
176 379
6 396
153 265
285 332
235 350
133 272
80 371
143 314
15 127
177 257
51 123
233 252
66 195
252 306
151 358
21 299
7 223
25 349
95 322
108 287
9 350
116 256
310 360
164 279
0 343
178 289
189 289
309 387
14 129
230 243
92 258
78 191
102 146
142 193
90 209
0 271
34 124
40 178
367 392
41 121
206 276
0 370
220 395
5 247
227 313
9 76
87 306
147 177
108 127
132 206
68 186
273 286
12 303
254 259
51 236
8 86
239 362
111 147
7 213
114 399
132 180
135 286
145 325
99 337
35 310
122 156
62 341
220 232
175 357
64 194
299 318
161 384
113 199
20 262
73 157
140 280
12 261
115 263
52 167
278 335
101 216
234 249
42 396
103 324
45 385
61 276
117 190
303 330
185 218
42 227
280 316
4 66
102 321
2 144
160 273
31 159
90 358
177 386
159 363
133 163
8 358
166 360
150 208
306 378
179 399
181 201
86 115
67 356
20 190
163 385
221 365
11 33
36 147
274 295
80 195
97 201
306 391
11 170
26 372
86 169
45 149
16 74
19 357
226 381
50 120
176 335
54 72
46 112
24 60
158 180
25 262
122 376
197 230
123 146
97 301
89 203
133 304
233 380
65 124
223 283
144 219
161 331
83 146
109 267
126 292
100 288
170 178
89 98
31 364
168 280
4 119
61 189
47 376
166 254
6 206
11 86
175 277
36 177
46 379
179 212
152 395
131 388
49 358
203 370
9 187
257 322
237 397
163 337
48 397
142 238
163 315
130 165
208 223
160 278
110 361
8 362
249 370
267 362
174 273
268 393
35 254
6 227
188 271
209 263
56 244
20 338
7 71
71 87
199 309
40 217
157 317
0 18
73 147
267 334
133 315
106 281
94 368
79 316
214 276
201 325
297 353
195 371
16 303
120 139
262 272
203 271
134 246
34 48
343 370
332 379
351 386
176 258
55 141
95 136
104 358
40 189
271 309
125 127
218 333
29 288
11 22
340 366
77 188
61 281
197 294
3 216
114 363
97 181
46 332
37 153
10 369
117 349
65 260
79 361
275 398
224 393
153 185
167 222
237 330
52 320
96 311
123 369
148 307
87 390
76 235
54 171
127 339
102 191
330 374
197 245
308 345
33 115
266 372
183 192
131 187
331 352
13 328
151 266
316 399
46 329
281 289
109 239
273 324
253 398
112 379
68 382
62 147
49 334
0 300
158 313
281 396
145 201
169 248
82 353
237 293
116 395
211 274
64 241
108 376
218 280
250 349
24 234
11 204
41 54
71 306
6 189
119 160
116 220
91 101
181 219
50 284
129 313
5 76
123 359
226 329
150 306
131 162
60 96
103 174
32 157
242 274
290 328
80 119
198 377
109 196
62 84
58 395
303 374
38 140
15 47
12 384
164 224
321 369
216 323
390 391
212 363
125 333
94 164
82 391
213 305
239 358
29 144
214 325
308 354
41 368
81 290
108 373
35 106
225 296
53 233
50 383
128 277
150 255
181 214
99 215
183 198
230 294
113 387
127 217
235 240
176 331
14 217
43 55
61 289
34 210
127 158
41 72
88 112
140 316
51 302
74 247
136 376
133 337
46 176
128 220
313 378
208 365
332 381
22 86
108 156
37 76
52 85
240 397
47 127
243 291
21 69
14 313
234 271
258 305
364 398
199 253
52 282
39 391
178 189
246 247
56 200
188 253
242 286
32 177
117 250
107 317
55 233
144 292
153 182
67 89
87 252
116 296
203 300
21 334
50 190
59 69
65 316
234 370
224 345
19 152
150 223
89 275
20 366
31 105
110 347
35 281
330 344
217 227
34 110
72 94
137 331
110 240
224 268
152 357
19 138
169 196
86 389
39 200
240 361
140 399
187 388
178 204
107 111
344 384
152 232
332 375
209 358
72 279
65 159
68 358
29 325
15 287
17 166
148 376
154 200
36 111
262 349
13 142
261 344
15 108
240 293
124 363
25 190
265 346
30 115
21 104
312 368
122 322
50 139
175 378
202 264
373 376
93 249
150 283
38 79
0 67
136 189
82 244
80 103
42 313
74 303
75 283
298 346
135 211
64 356
216 326
308 344
43 353
139 190
122 307
112 305
61 259
143 186
54 121
99 318
195 327
31 300
2 296
365 378
1 251
32 298
28 178
4 353
36 341
53 154
173 329
347 355
1 301
258 379
156 257
129 158
13 93
114 168
84 341
159 316
83 228
71 150
20 385
237 367
22 170
21 382
163 338
124 140
116 165
11 95
114 280
134 247
120 190
177 351
229 335
26 307
69 207
144 251
99 394
46 381
121 367
214 310
165 377
145 219
0 24
268 368
4 53
106 180
85 202
46 335
50 349
242 278
4 329
93 311
157 386
287 339
52 172
197 291
5 367
107 177
20 25
83 321
142 290
5 392
126 145
72 171
219 225
341 351
21 49
87 150
82 390
283 390
67 194
106 259
212 361
344 374
24 77
54 293
284 383
9 240
106 276
183 277
140 185
39 252
165 225
224 261
207 299
58 116
34 155
27 120
7 75
138 200
141 252
51 359
51 299
76 350
1 144
4 244
219 256
226 327
45 107
60 343
47 156
279 393
92 352
344 368
93 241
215 315
319 352
51 146
59 68
83 369
172 202
47 373
185 187
90 382
132 396
261 268
50 117
64 105
56 380
64 300
4 43
6 14
201 360
77 203
196 248
100 276
298 333
79 140
88 381
266 307
16 330
208 287
33 170
238 343
253 284
339 376
20 272
91 326
35 61
146 302
168 399
231 292
27 139
120 260
4 327
179 363
217 287
214 219
145 292
167 304
250 320
291 323
302 314
9 247
163 272
146 191
118 129
200 233
188 398
35 206
324 327
38 212
192 198
312 393
101 243
98 398
119 327
83 191
4 226
23 315
62 351
143 207
316 363
10 51
42 175
173 226
33 178
55 82
23 85
92 331
136 148
51 191
222 282
111 340
138 342
215 337
256 377
182 265
27 45
4 154
51 321
63 192
313 396
48 105
182 298
133 394
236 314
19 200
30 170
46 119
91 291
49 186
84 177
100 256
40 148
115 389
39 380
77 271
215 321
267 269
239 334
224 354
68 69
29 214
65 79
138 380
114 179
128 183
96 142
189 281
5 9
135 229
185 265
237 392
97 360
8 239
300 356
352 379
178 259
23 52
183 232
158 396
209 318
153 187
188 199
254 310
112 335
217 339
215 270
167 202
270 337
55 87
118 283
88 176
122 373
38 350
28 170
165 256
345 354
127 376
158 287
102 369
218 351
84 120
96 343
40 136
70 395
28 61
161 344
287 373
150 221
41 279
37 187
179 280
194 300
21 209
1 292
144 225
30 95
23 202
3 93
165 198
6 106
127 287
278 286
184 211
354 384
201 214
129 132
368 384
2 126
96 238
103 135
227 339
71 283
75 223
212 355
89 300
247 303
191 236
62 107
164 344
149 394
286 295
297 375
146 236
230 326
31 89
101 328
366 394
151 372
217 376
88 352
1 130
86 170
193 311
245 393
86 204
166 310
19 342
119 173
119 324
103 160
250 284
68 267
154 353
106 206
253 309
213 332
339 373
36 157
14 132
3 91
368 393
213 375
171 230
260 316
24 336
49 59
258 331
305 379
29 256
206 288
367 397
72 245
153 218
158 227
18 271
269 362
201 301
105 243
117 284
89 194
232 377
128 357
75 208
260 363
230 323
309 336
26 111
317 340
76 237
144 165
202 349
130 256
63 396
72 294
72 164
31 356
300 364
25 304
151 263
185 235
275 364
13 290
277 378
160 327
129 378
34 38
14 396
138 233
255 390
180 227
105 355
185 298
299 302
29 100
18 238
274 286
45 366
211 286
6 289
239 267
256 296
62 317
114 316
10 146
128 175
319 381
136 178
237 240
126 205
272 315
32 265
305 319
109 248
37 388
51 369
115 170
14 158
112 184
142 311
149 366
52 222
224 312
59 267
28 106
57 292
43 195
203 364
151 340
233 353
4 371
108 257
126 231
374 384
52 264
252 390
208 283
63 232
23 133
111 372
119 371
168 260
341 386
105 155
188 356
242 295
24 343
31 203
124 179
119 335
155 210
173 332
186 334
133 262
76 110
67 203
102 236
136 289
198 256
23 222
136 307
179 361
283 306
30 322
128 192
182 187
234 356
262 304
122 127
185 346
89 364
69 143
258 352
338 366
8 269
137 354
65 363
324 371
88 375
77 343
107 372
134 303
200 342
152 220
66 119
109 269
120 383
10 314
37 240
41 367
83 236
323 326
52 304
172 282
266 340
140 179
108 122
17 44
39 55
106 289
240 350
144 145
232 395
82 329
146 228
308 374
333 386
21 99
32 257
135 295
79 179
124 361
107 147
305 332
229 273
166 181
99 236
36 84
180 339
169 239
79 159
251 292
88 332
36 62
87 255
83 215
263 358
43 82
219 288
94 268
246 303
174 278
158 376
153 298
274 278
170 389
86 362
85 167
75 162
153 235
32 341
24 370
87 283
26 322
128 232
358 382
54 397
124 350
65 114
98 275
35 259
176 352
265 333
7 283
55 252
299 314
65 179
205 292
167 264
180 217
100 165
255 329
134 374
100 214
277 357
20 45
275 356
75 131
104 186
31 67
11 115
51 314
44 360
272 366
160 174
302 321
195 226
36 73
21 59
141 297
23 282
46 319
268 312
35 189
146 321
239 263
211 278
24 188
159 275
219 301
119 381
67 188
220 277
163 270
58 152
87 118
202 320
76 240
71 375
85 172
356 370
221 306
63 206
132 313
95 170
72 368
203 356
32 62
220 357
338 394
98 260
135 242
152 377
113 309
92 161
0 249
89 398
106 189
66 80
38 124
47 108
110 355
261 330
249 356
154 195
103 278
33 389
176 305
149 262
125 373
202 304
198 220
190 349
6 180
52 202
28 136
319 379
261 354
135 174
64 203
209 382
188 387
43 53
249 300
162 283
80 327
15 125
218 386
17 97
83 102
13 101
48 347
48 155
260 280
39 342
12 16
91 294
160 242
86 196
210 347
111 317
348 360
144 325
250 253
266 389
148 257
41 245
125 156
101 230
179 218
347 361
17 348
43 244
181 325
271 398
164 268
42 221
280 399
121 243
140 212
248 362
73 107
149 385
78 236
49 382
190 262
41 291
114 140
272 394
31 64
88 305
307 322
85 264
234 300
58 377
192 206
141 244
32 351
10 299
252 391
127 156
176 319
99 321
89 356
145 231
73 372
96 290
40 322
368 374
115 151
113 188
137 258
88 173
128 198
293 392
22 204
0 203
9 237
194 275
121 245
74 134
265 298
78 369
304 349
15 158
226 297
51 102
210 355
100 130
131 346
62 177
22 33
81 142
47 257
103 242
170 204
18 24
192 232
53 244
29 165
214 254
375 381
59 104
79 155
41 171
67 364
184 258
350 361
27 341
66 154
137 345
270 394
243 328
8 263
150 390
16 134
63 277
236 302
154 327
36 386
229 324
241 249
307 389
180 313
118 208
9 134
10 302
99 299
123 228
38 179
26 389
71 255
164 312
68 248
236 369
38 235
377 395
171 293
78 83
220 377
129 396
139 168
72 312
80 160
290 311
116 225
241 328
30 389
354 374
11 266
97 310
59 239
344 345
81 101
140 363
15 122
285 305
47 125
15 156
67 300
24 238
264 282
70 357
40 289
95 148
76 361
265 386
56 138
338 385
192 288
334 382
183 220
92 184
120 168
74 285
118 306
102 123
291 326
196 267
133 215
231 251
214 301
64 67
29 225
315 337
228 369
1 29
259 289
268 279
276 310
4 195
25 284
10 102
28 40
169 362
185 399
225 256
68 334
43 154
85 349
261 345
175 252
261 308
36 317
141 306
96 336
63 128
141 390
146 359
135 278
255 297
49 209
93 243
188 194
73 317
200 380
67 234
60 142
180 396
177 341
181 301
20 149
3 311
16 246
49 143
91 323
219 325
53 138
16 247
145 251
24 271
119 329
32 125
291 294
363 399
1 145
96 193
122 136
94 245
129 227
1 181
225 288
69 186
145 205
53 353
157 177
57 251
93 101
199 271
42 252
149 338
80 273
58 220
70 152
22 348
40 376
69 334
65 140
155 361
9 346
270 318
218 399
183 288
14 227
32 333
10 321
82 297
101 197
53 200
88 319
245 279
9 246
150 365
146 314
43
103
42
29
117
118
32
212
164
138
63
49
89
40
109
31
179
53
179
127
65
100
172
124
42
144
140
191
132
36
61
72
136
96
72
52
52
69
99
259
139
80
72
97
69
50
79
185
63
30
102
116
131
110
122
150
89
69
98
136
72
46
179
40
129
42
129
163
159
31
148
72
80
83
55
100
196
146
171
51
120
212
133
68
44
138
82
208
106
120
98
54
75
97
95
91
31
104
144
111
79
110
56
91
105
181
103
64
54
182
49
38
54
76
62
111
145
80
88
214
117
166
186
157
29
119
127
27
126
186
158
48
47
162
84
39
48
125
36
155
199
62
140
69
70
77
40
127
76
56
122
115
183
145
65
84
93
150
80
69
74
198
127
85
153
87
107
160
99
6
32
124
113
69
33
40
80
147
118
120
192
37
48
14
64
91
116
25
116
124
149
49
131
61
145
19
162
78
118
95
78
46
162
40
98
194
54
34
262
55
55
33
166
132
50
63
167
26
159
41
62
112
127
51
41
132
155
42
82
99
95
72
38
78
49
139
57
192
92
76
171
112
150
58
127
182
183
163
95
28
146
81
170
70
153
164
103
101
171
132
131
37
81
103
176
96
111
48
75
5
68
33
64
102
83
159
69
91
29
53
196
105
64
134
76
103
113
50
156
55
188
103
11
52
64
147
123
81
50
38
61
14
102
120
122
126
85
47
150
45
59
105
68
184
118
62
55
79
108
178
202
126
80
50
161
139
196
118
130
38
97
145
149
142
147
83
174
132
71
159
81
25
74
50
44
63
54
99
95
94
42
78
125
155
211
77
176
188
149
43
98
109
69
92
77
111
205
184
28
24
54
144
68
153
134
19
35
127
100
62
92
88
48
108
90
78
129
187
54
54
132
150
141
129
103
17
167
62
92
158
69
141
151
116
87
68
94
153
122
94
113
49
58
35
49
103
99
95
103
57
120
214
58
213
138
56
68
80
99
55
172
187
69
94
103
160
62
86
15
76
88
147
108
162
108
42
53
83
44
50
71
42
139
74
151
65
91
89
106
182
89
54
139
129
168
123
85
26
110
195
210
87
123
109
103
74
89
57
147
137
46
55
130
125
78
118
108
30
142
15
92
174
133
143
69
69
51
139
145
94
90
123
140
108
180
121
82
50
65
46
76
110
118
87
92
130
34
51
89
173
46
71
66
131
180
58
85
153
180
88
83
52
108
67
81
36
104
81
126
148
53
49
141
86
123
182
166
128
190
61
31
144
34
18
141
94
162
45
146
97
33
26
79
71
91
146
80
194
136
9
13
136
19
96
56
148
83
33
83
84
197
110
9
202
150
52
77
51
233
144
112
51
138
99
53
177
61
103
74
146
72
15
134
45
61
81
81
135
8
61
89
34
180
40
166
145
150
147
80
47
79
214
77
186
129
118
85
103
156
87
66
140
164
44
126
68
191
77
143
65
55
109
69
63
93
89
85
123
53
319
79
91
46
15
77
41
103
102
109
63
68
55
43
97
96
17
163
173
124
61
223
54
114
36
82
138
204
158
145
103
107
70
96
122
110
74
44
116
104
150
68
146
141
16
89
118
149
100
81
70
86
199
61
107
101
112
84
47
116
153
190
128
160
19
91
69
69
90
154
52
105
51
154
106
126
55
97
180
151
149
151
79
26
64
39
189
96
35
129
10
61
116
195
101
106
132
215
77
50
109
112
100
105
118
87
180
134
62
28
89
37
196
67
155
126
66
112
134
200
80
24
37
79
127
173
42
89
185
155
94
150
87
81
53
50
63
45
111
88
126
129
180
90
96
155
124
226
140
49
201
134
63
20
25
86
57
141
125
78
50
127
80
118
92
81
92
112
80
143
59
207
13
117
92
64
200
72
148
83
11
41
86
162
109
144
188
191
41
76
154
97
130
147
150
201
162
79
84
118
34
100
200
160
54
184
168
125
180
73
138
52
86
80
29
70
96
158
180
101
82
33
109
93
39
37
21
196
148
228
104
10
97
235
260
121
159
82
82
114
96
87
85
91
121
66
62
62
104
95
106
52
80
136
43
173
72
49
50
148
154
60
87
168
73
109
54
201
112
48
134
81
76
82
154
70
58
144
102
164
123
12
208
25
11
71
100
71
65
56
87
115
89
74
116
62
182
166
63
176
57
29
180
65
32
35
178
75
27
42
143
128
148
142
141
65
47
178
258
92
189
117
161
83
74
184
59
49
17
88
183
143
48
98
138
110
125
19
113
15
139
130
158
148
25
155
158
179
75
96
86
40
26
53
137
117
108
69
51
43
69
115
52
70
67
19
162
70
89
53
76
23
169
162
29
152
110
161
209
127
53
91
87
127
109
71
70
91
28
85
191
77
35
112
199
63
15
172
83
123
109
93
157
75
116
85
74
71
78
217
99
25
62
91
139
47
101
58
66
72
107
57
77
167
104
151
32
121
192
138
44
199
125
49
126
134
184
49
71
32
35
182
150
141
7
56
62
58
55
152
130
178
55
148
21
110
137
94
61
54
97
89
116
88
215
85
51
78
144
35
146
94
146
42
95
132
69
153
50
93
86
136
71
52
94
69
134
124
87
102
92
173
96
146
59
266
90
66
80
82
192
137
129
131
39
150
186
138
68
47
219
104
92
105
73
18
64
54
67
169
27
51
82
92
61
82
130
96
97
92
73
194
25
104
48
129
103
104
67
57
88
176
188
13
132
105
157
102
185
127
54
7
113
133
149
88
133
73
44
51
88
48
70
105
154
59
70
84
225
49
35
181
181
145
217
159
86
68
106
121
92
149
114
117
142
83
69
22
36
108
134
64
103
177
108
64
87
45
132
94
111
128
22
99
102
158
169
197
104
166
101
72
161
52
142
170
112
22
104
79
25
157
99
43
82
101
258
78
150
21
132
64
85
63
20
39
118
179
192
99
131
142
52
95
122
112
173
109
179
211
104
110
79
128
89
80
27
17
108
144
81
79
77
68
70
29
127
155
169
64
44
76
97
80
102
109
16
104
88
66
161
141
208
61
194
48
65
13
94
16
84
193
68
209
86
101
181
16
113
76
57
103
169
183
140
77
155
162
116
103
77
134
70
114
152
77
138
135
82
123
80
152
75
89
190
170
11
73
89
159
150
148
77
73
34
41
84
157
87
90
152
62
160
36
111
138
146
84
181
66
113
120
161
192
154
188
76
98
66
64
63
106
62
29
142
153
118
164
74
92
84
110
272
92
169
120
20
87
76
136
47
120
178
47
61
130
87
178
165
31
161
146
25
114
77
183
124
138
199
122
194
170
77
75
64
192
163
99
85
121
100
47
141
92
81
159
194
79
68
20
169
104
64
215
69
41
52
106
49
153
39
49
59
97
94
29
111
133
152
87
107
96
169
107
201
83
92
46
125
94
145
53
131
48
57
72
73
158
106
131
128
162
131
94
102
95
39
91
60
178
75
122
51
76
75
136
71
135
38
67
97
175
83
78
63
189
63
61
57
98
144
185
103
116
115
119
162
74
74
108
76
120
56
104
154
28
212
286
37
59
176
188
74
44
72
94
91
189
104
31
176
147
62
19
126
68
86
50
143
69
104
91
30
55
118
137
124
92
90
155
118
164
106
59
32
69
32
145
210
187
103
113
103
125
106
149
130
76
43
184
73
75
169
39
92
116
227
95
98
44
26
38
98
91
78
76
14
91
81
58
85
69
38
98
38
181
74
125
99
79
86
82
58
190
116
185
97
90
204
85
170
107
77
92
83
67
60
81
64
82
204
63
199
59
38
162
87
95
96
159
155
148
189
184
178
69
113
111
70
49
181
106
143
61
70
179
155
114
16
95
138
84
113
26
129
89
229
71
82
48
36
8
46
94
147
72
56
85
210
119
101
59
74
24
100
59
87
100
76
35
144
54
39
182
89
113
76
88
132
159
144
22
288
101
74
97
60
128
93
153
89
47
53
122
95
139
47
127
128
48
137
130
118
92
84
33
94
81
79
24
140
43
221
20
130
64
47
65
110
86
129
50
85
26
92
30
48
87
165
129
140
30
52
125
92
140
185
120
237
69
88
141
210
160
185
80
12
86
113
58
42
158
52
27
189
152
88
107
57
107
87
81
52
64
119
74
47
119
164
115
153
77
192
116
54
99
35
30
97
98
64
183
168
75
74
124
72
107
112
143
110
93
100
113
184
85
139
177
39
115
77
43
186
105
50
72
139
166
71
109
149
30
96
204
184
34
56
157
134
111
146
95
90
108
107
165
30
116
159
31
36
75
165
36
49
159
52
106
98
127
26
39
115
103
77
141
205
80
188
109
122
137
209
114
139
55
97
42
160
162
62
181
72
157
79
65
68
102
35
47
115
173
108
75
66
41
110
147
192
31
59
108
58
98
156
108
49
152
121
189
47
94
14
24
103
125
121
22
127
104
55
34
164
72
139
27
72
105
65
156
152
89
46
112
61
226
76
65
128
88
194
161
58
172
99
40
104
62
65
109
151
107
41
48
89
55
22
114
44
159
65
185
109
158
136
175
