701 501
565 61
419 387
389 122
508 110
121 434
523 663
528 579
296 162
722 410
407 274
125 458
716 644
697 409
504 588
548 226
130 689
233 475
367 762
150 169
576 277
690 195
794 176
760 110
365 105
169 520
41 16
690 267
533 23
689 694
11 151
296 608
502 150
743 125
559 567
220 42
796 14
468 551
449 391
533 8
84 613
195 428
800 628
257 57
146 390
786 65
717 567
80 763
779 790
434 791
488 672
513 519
488 483
268 716
230 17
298 676
271 517
292 13
432 428
678 624
220 296
731 60
762 349
722 382
666 611
395 662
168 49
13 93
351 105
344 787
682 189
355 651
746 524
733 670
599 629
427 786
665 656
221 313
128 505
309 749
342 147
672 406
699 451
88 447
155 764
571 661
119 143
570 430
666 481
560 105
641 768
123 307
680 207
420 513
572 474
743 759
796 85
368 113
411 537
772 691
482 6
127 525
780 592
354 637
542 316
720 526
755 629
192 630
566 496
39 488
676 692
471 565
168 623
250 114
296 701
379 757
306 293
200 386
370 783
248 217
779 27
745 787
566 70
415 746
686 660
47 314
28 186
588 380
472 15
694 345
137 315
26 260
148 627
110 365
532 507
207 565
614 531
670 215
84 63
519 471
663 434
312 703
367 485
537 780
371 119
709 750
685 393
3 568
322 470
769 652
26 116
428 446
495 57
105 19
716 396
156 604
378 529
242 247
46 789
117 475
496 409
16 101
505 460
7 597
282 312
442 184
718 480
106 690
654 106
608 492
320 456
666 75
8 319
86 600
238 24
335 423
401 647
342 494
44 109
34 360
196 559
671 446
553 165
392 30
428 348
767 215
198 529
298 576
244 636
357 715
36 479
430 490
550 680
716 732
625 313
542 513
227 439
745 85
425 648
566 169
330 793
9 775
434 151
515 18
694 59
789 297
603 98
221 400
408 386
266 262
391 522
26 217
6 590
604 274
670 250
619 227
308 287
743 192
448 266
208 176
106 468
334 471
446 306
132 83
336 364
42 169
122 302
243 382
616 282
45 177
105 660
686 382
481 292
694 688
543 298
275 329
58 112
354 248
4 89
241 488
226 67
333 332
647 666
768 619
635 601
643 588
630 256
744 248
645 775
261 49
97 339
25 533
324 778
628 394
297 375
643 47
75 471
137 327
772 532
104 432
670 345
6 688
698 32
476 616
103 111
669 440
504 278
303 426
778 307
146 620
496 580
226 754
335 601
717 391
533 451
261 148
754 206
697 95
267 128
623 142
135 705
183 93
321 654
722 113
235 700
95 455
82 794
732 556
414 439
567 560
718 260
341 420
144 696
88 371
208 727
631 377
391 289
733 517
562 670
468 385
668 316
236 388
284 463
438 140
390 425
40 475
727 197
598 434
38 303
391 116
81 438
763 117
134 253
482 457
238 570
649 416
593 99
213 222
329 758
329 7
595 111
134 670
678 547
753 461
3 749
224 615
734 146
14 350
208 104
742 260
155 416
442 554
130 513
227 186
339 133
614 378
503 399
45 414
654 469
632 117
610 32
364 54
733 597
319 677
183 611
742 206
315 792
388 79
283 486
199 521
130 293
256 82
460 236
508 545
72 461
763 27
795 742
25 572
521 670
15 453
40 771
180 241
444 458
775 312
371 432
463 367
237 605
361 739
165 697
765 588
128 136
602 513
487 738
793 314
344 505
494 463
513 235
517 359
443 617
347 250
205 629
15 356
638 735
624 552
113 767
712 282
423 732
472 287
46 386
665 150
611 738
727 667
741 732
632 720
216 451
703 395
557 743
336 28
252 101
91 169
227 301
2 184
24 97
83 259
279 339
50 198
306 326
220 256
288 304
111 331
226 250
46 322
278 328
195 353
148 364
23 326
153 236
48 193
299 377
70 279
170 267
18 318
35 43
183 341
172 388
218 266
13 395
103 176
350 361
63 231
240 278
176 378
52 362
7 37
188 366
81 265
159 259
160 162
236 399
84 280
71 176
305 354
143 372
333 361
24 80
331 353
363 373
35 240
32 303
85 298
17 394
286 324
25 239
204 255
267 301
178 229
201 286
13 140
49 123
314 380
210 221
32 89
92 306
12 64
179 308
251 357
110 382
236 370
103 343
62 273
25 180
74 245
109 357
43 398
138 178
278 398
163 173
122 340
5 220
264 281
185 306
280 368
22 185
47 360
17 186
140 315
116 164
159 354
221 304
6 74
227 235
177 374
164 209
28 152
88 338
20 246
243 369
239 348
92 389
305 310
216 379
287 342
157 317
52 134
54 249
115 318
119 333
141 367
258 323
188 344
28 122
89 339
5 11
27 92
229 236
4 122
219 328
113 351
47 158
168 316
344 380
135 314
83 109
175 224
29 76
68 80
206 339
37 111
219 317
12 242
2 38
269 321
20 376
58 299
51 52
180 314
280 294
216 237
125 293
135 325
108 139
116 235
11 83
64 245
190 256
234 376
15 182
173 230
51 270
235 254
220 332
109 285
30 229
261 324
2 151
33 96
237 379
106 391
16 269
24 303
62 205
91 133
194 300
348 374
120 355
205 373
169 307
236 238
215 246
81 395
11 25
183 319
93 210
29 233
123 386
248 382
193 392
217 306
138 264
184 296
44 117
38 160
89 122
36 61
265 315
23 61
117 330
283 311
121 145
270 378
132 321
93 362
28 100
134 353
171 204
358 396
27 329
220 305
111 378
102 149
9 13
121 193
3 68
138 150
21 214
137 290
3 202
77 235
91 350
260 295
74 298
281 328
82 297
132 173
30 238
86 370
259 310
21 389
82 323
1 203
46 342
243 391
204 355
86 225
264 370
319 397
92 215
73 193
107 321
376 387
80 309
256 305
11 78
84 368
225 399
329 373
8 278
0 82
23 197
325 380
170 177
55 272
281 351
131 308
59 244
24 144
25 332
114 318
181 338
148 267
58 191
152 203
312 361
11 330
157 216
49 118
1 122
177 348
108 134
192 390
56 148
125 308
133 179
4 128
313 336
175 221
178 399
107 344
13 154
278 333
118 200
214 246
16 84
236 264
144 341
8 80
155 325
162 375
117 207
57 174
156 177
69 318
28 203
33 197
132 380
100 203
42 102
168 171
159 220
293 388
287 297
18 189
178 238
249 319
114 343
85 242
125 226
162 274
242 382
92 246
130 257
209 237
61 283
122 152
140 253
178 236
168 389
64 76
290 345
119 317
314 344
142 288
33 204
20 213
134 274
130 226
115 200
197 355
132 269
52 139
73 149
285 354
72 323
67 225
132 230
12 110
271 368
113 278
281 370
112 188
206 340
129 231
118 189
187 272
107 325
154 395
6 358
122 206
56 348
5 133
105 297
265 338
107 368
158 286
227 267
74 192
30 399
132 344
167 368
218 222
43 57
112 344
319 341
277 326
75 115
72 369
133 350
142 221
35 249
76 242
365 377
271 284
207 227
69 189
315 335
257 293
3 347
113 328
221 302
200 318
146 154
271 294
155 344
224 235
332 349
235 301
18 346
43 319
61 277
84 158
81 295
118 367
137 345
163 357
114 282
128 152
47 84
95 193
176 272
159 330
82 265
104 213
299 336
231 300
148 291
69 118
63 154
327 388
27 228
168 279
269 292
155 269
194 260
83 220
11 259
212 261
157 209
119 275
92 345
144 303
88 181
286 360
263 358
61 355
196 348
221 364
218 376
38 299
60 235
193 391
103 272
232 266
81 315
67 236
95 356
44 130
245 383
6 298
24 334
68 144
167 201
98 191
85 358
233 391
65 198
108 274
10 387
247 290
276 326
191 288
360 384
17 239
300 385
48 121
33 45
272 343
318 346
61 204
331 378
28 128
6 85
168 277
199 316
114 367
263 331
130 133
45 197
208 304
126 178
67 150
190 310
137 246
276 290
35 113
222 299
281 398
107 132
393 396
197 204
53 114
43 113
46 369
249 397
219 275
52 313
55 188
13 231
83 190
90 390
146 231
274 313
95 145
24 347
51 195
44 330
225 236
118 123
302 394
122 316
40 230
95 392
79 343
2 208
234 266
135 366
268 290
1 320
91 293
308 388
88 166
143 390
190 251
79 114
110 391
12 391
58 365
78 256
100 128
175 304
58 151
297 322
108 195
13 265
228 234
86 264
190 359
41 227
81 231
195 371
9 82
257 350
40 173
188 325
88 105
72 166
327 337
52 375
94 139
55 71
290 329
279 320
296 379
139 162
77 209
5 330
161 229
23 33
3 144
94 195
167 280
170 175
70 306
253 315
136 371
66 240
196 239
218 296
56 239
16 230
53 79
260 300
86 236
13 81
60 77
127 315
63 129
130 312
133 330
33 61
48 356
185 217
41 117
32 202
256 259
166 323
25 101
68 309
93 151
37 51
50 192
145 193
184 222
45 61
40 357
15 376
17 207
11 332
100 183
11 44
197 326
65 378
221 291
30 211
247 268
144 202
15 199
43 174
200 367
67 138
14 37
85 396
214 385
170 304
190 285
56 302
67 238
363 385
194 213
329 385
139 375
295 335
176 282
382 390
113 240
217 247
382 393
41 330
27 246
248 390
146 260
151 364
148 175
186 239
280 321
232 387
267 291
217 326
59 76
185 247
171 277
117 227
158 261
69 200
258 297
180 186
70 345
25 78
213 300
166 297
151 288
168 204
4 32
89 182
84 286
1 89
155 180
70 214
84 294
292 368
278 334
1 316
372 386
185 326
65 71
217 276
76 245
268 363
309 334
233 242
339 389
216 224
85 192
22 23
29 382
59 342
13 146
10 237
131 172
59 245
121 392
29 392
285 310
150 236
258 369
126 225
158 201
142 177
138 153
102 342
165 303
33 283
187 314
193 356
35 174
276 345
138 238
44 259
11 101
222 266
55 141
285 332
235 241
94 274
249 328
66 153
137 215
65 103
92 290
179 327
38 336
94 169
276 306
278 351
62 373
89 320
30 236
115 189
53 55
11 310
108 136
185 276
82 140
18 115
75 386
142 191
39 152
220 259
156 374
210 374
92 217
29 145
311 326
73 110
288 362
292 384
273 395
86 223
4 303
137 214
29 393
51 139
55 103
196 207
325 344
93 156
103 141
156 331
16 167
79 367
27 214
304 362
9 63
259 354
22 326
171 262
11 220
142 374
19 86
93 142
97 334
59 64
70 92
69 79
256 359
207 330
160 299
341 347
123 367
12 106
61 96
25 135
98 142
249 351
211 399
390 393
174 351
21 27
83 256
226 312
94 162
7 51
347 397
154 273
63 395
104 266
190 305
197 262
99 106
65 386
109 354
13 63
116 157
223 264
292 321
215 228
68 397
139 313
22 276
77 164
5 83
56 374
321 368
68 347
30 150
222 232
187 366
327 381
7 111
6 50
140 265
75 118
231 260
226 350
255 277
148 302
112 135
196 227
50 358
8 333
302 348
222 365
44 257
160 365
17 196
69 252
31 314
129 385
32 165
267 364
2 365
12 243
42 99
126 150
70 326
44 207
111 263
263 270
192 298
178 225
49 386
223 236
117 301
194 295
72 105
107 269
205 363
20 234
52 191
88 169
38 288
129 146
150 178
180 366
250 350
104 234
54 240
76 233
62 363
130 350
10 352
298 396
116 209
140 395
110 124
1 152
164 241
0 181
115 123
102 258
196 394
104 377
305 337
19 399
247 345
182 199
79 200
245 322
12 76
38 362
195 289
175 291
221 374
3 334
76 391
168 339
31 188
78 101
107 135
54 174
21 276
260 395
0 297
184 365
241 254
22 345
256 310
160 377
57 319
112 325
169 371
289 353
27 300
82 88
193 233
291 304
199 206
8 119
124 242
48 95
163 261
106 149
162 313
144 309
161 225
107 112
9 81
16 280
97 341
268 373
132 292
218 352
17 302
284 294
8 275
38 184
0 105
88 322
161 238
317 333
110 193
167 384
55 284
47 286
134 139
47 384
14 353
13 82
39 122
99 356
226 257
102 369
142 291
52 151
113 333
96 197
60 130
267 348
305 359
276 329
148 374
254 267
139 160
247 276
7 289
51 162
145 392
95 233
9 146
41 207
170 302
53 294
46 72
3 165
92 214
255 339
205 329
7 34
58 208
10 379
213 246
306 329
71 198
124 233
322 383
139 274
148 177
390 396
126 211
111 270
7 14
146 315
178 264
214 215
223 328
239 302
99 392
284 368
104 232
253 307
78 159
240 281
132 368
179 250
35 66
199 320
77 117
9 395
188 314
155 380
248 393
182 279
237 296
35 57
70 137
251 256
52 274
130 293
83 305
240 351
191 313
53 318
71 343
163 251
150 264
36 45
58 362
92 137
31 343
73 76
3 303
255 340
189 318
27 385
265 395
293 327
126 236
65 189
97 144
204 283
31 187
41 239
290 306
214 228
171 339
18 75
36 355
93 331
164 216
18 367
228 300
96 355
137 389
251 359
0 323
36 96
169 338
29 95
73 99
27 137
107 380
74 85
287 322
167 321
228 246
15 266
123 372
156 191
247 373
37 270
86 399
260 385
42 243
137 306
127 307
10 222
170 291
54 66
142 210
41 44
177 302
207 301
42 369
334 347
283 326
191 210
99 149
179 293
46 297
170 364
68 334
247 385
57 397
318 367
122 203
201 324
116 216
82 338
263 378
80 334
370 399
190 354
66 281
93 191
125 381
5 285
3 309
146 181
209 235
329 345
241 296
76 124
19 361
142 170
44 293
114 189
160 274
132 280
51 108
146 295
49 372
337 388
83 285
35 281
136 322
120 197
56 314
62 63
82 395
224 254
10 184
95 99
23 96
19 333
232 234
110 242
84 271
39 100
54 351
242 390
64 244
102 287
291 364
116 224
206 255
105 258
172 327
351 398
201 261
149 342
159 256
5 259
246 300
14 378
1 28
19 317
114 141
274 336
16 384
47 167
64 342
330 394
109 359
308 327
16 321
175 364
101 159
310 388
208 288
36 120
324 360
35 328
32 182
213 228
293 337
206 279
41 394
307 315
32 376
125 179
120 262
157 361
296 387
287 369
146 253
23 45
231 315
104 387
64 242
25 186
239 394
197 277
81 140
90 382
39 128
106 124
164 254
68 341
63 81
309 347
29 391
293 381
229 399
1 206
112 132
81 335
304 364
240 328
242 244
192 396
196 301
82 181
151 299
38 58
8 398
186 349
20 104
310 354
135 186
328 351
224 267
320 339
275 278
130 250
12 233
117 394
61 311
154 231
157 219
89 199
38 365
46 258
151 208
225 264
49 115
12 149
230 269
33 311
59 110
315 338
82 166
98 156
6 192
116 241
147 163
200 346
259 293
179 381
74 244
20 266
94 371
5 44
132 155
286 384
19 264
174 249
222 296
183 397
171 206
14 34
158 360
91 130
61 120
261 360
55 343
362 375
277 339
1 4
66 174
162 362
257 312
30 161
184 218
79 118
81 82
108 169
83 354
185 329
358 372
56 349
46 102
131 229
142 364
11 285
147 357
113 275
184 208
134 375
231 273
160 375
20 228
26 138
223 281
127 253
209 216
259 285
73 233
35 54
79 141
157 333
220 285
65 176
143 192
27 247
144 334
254 301
1 255
240 249
12 342
367 386
18 118
0 166
44 133
250 257
64 322
24 309
62 154
179 388
354 359
247 329
316 320
188 380
18 123
174 240
30 67
13 181
180 349
9 273
8 113
5 159
126 399
76 244
38 377
74 76
372 396
204 262
49 75
21 137
31 282
84 292
110 145
50 372
1 340
81 273
34 136
118 318
274 375
134 162
10 218
31 272
0 287
272 282
289 383
217 345
113 398
136 289
58 288
112 155
277 389
94 307
352 387
80 144
59 242
189 386
87 127
16 112
212 357
200 252
314 366
221 348
6 14
220 354
21 92
149 391
337 359
81 181
9 154
240 398
231 395
269 380
253 335
48 145
209 379
13 315
316 339
30 126
344 366
239 349
256 354
279 389
175 254
179 337
52 353
312 350
84 360
75 123
329 363
149 243
146 265
10 296
26 153
234 377
72 297
60 317
108 289
110 393
337 381
53 141
133 226
77 301
125 327
171 320
50 85
94 108
301 394
115 252
106 243
40 269
172 381
146 273
18 69
288 364
213 215
31 103
112 230
30 178
12 73
268 329
24 341
151 304
165 218
172 308
232 376
39 203
303 347
93 98
26 238
28 89
244 383
77 361
129 273
14 263
47 324
138 161
135 344
232 352
192 358
171 255
105 322
314 325
165 202
50 378
59 124
160 336
216 241
99 391
313 362
191 331
2 304
43 351
70 215
12 124
128 203
38 151
113 249
214 290
98 111
86 229
150 161
125 172
40 163
169 383
111 353
234 387
205 247
184 387
250 293
29 193
275 351
38 208
307 335
213 234
9 231
266 387
98 210
7 195
381 388
145 248
2 288
34 270
83 159
66 328
218 387
29 73
237 241
109 256
186 314
37 331
147 212
133 259
142 156
50 298
147 251
194 228
29 242
87 274
197 311
28 340
170 374
182 376
54 57
40 147
249 398
208 365
195 274
283 389
135 349
189 282
89 279
15 234
35 351
79 189
125 131
198 378
4 89
208 299
150 238
107 366
371 383
280 384
184 299
211 225
123 189
47 201
24 183
77 227
45 311
46 105
128 183
46 287
168 283
6 263
43 328
59 233
193 248
306 345
177 364
98 331
71 272
204 277
109 190
135 180
269 344
17 349
255 262
280 292
143 396
133 250
87 94
188 284
40 212
84 384
177 210
29 124
8 68
230 321
4 152
298 390
113 219
136 169
39 340
126 131
210 331
125 250
97 347
173 269
296 352
161 178
61 262
142 148
43 54
267 302
133 293
182 320
55 282
185 345
101 180
73 392
112 380
254 291
314 349
317 361
119 361
73 243
275 328
121 356
24 202
209 317
41 301
67 161
43 249
294 368
297 323
90 393
198 263
90 193
151 191
18 200
126 229
149 369
53 343
51 375
157 164
140 307
47 280
181 315
205 268
127 335
67 178
135 380
79 271
141 343
60 361
81 154
171 283
3 341
141 282
70 389
146 395
153 223
61 197
40 155
41 196
144 347
164 235
185 290
252 346
88 140
55 189
148 348
161 236
71 189
34 353
159 285
21 70
55 114
134 195
35 398
231 295
97 309
230 292
102 243
316 340
17 56
21 217
23 277
22 311
42 106
227 254
31 366
266 352
282 343
29 110
268 385
48 392
70 217
118 252
97 303
107 155
49 143
75 372
266 377
172 250
212 251
60 119
109 305
7 263
119 209
68 183
242 298
76 393
155 173
113 281
50 263
247 363
244 322
14 111
116 379
270 353
218 232
222 352
309 341
103 282
18 79
180 344
18 386
34 195
100 152
91 312
65 282
208 364
134 289
168 206
45 120
207 394
78 285
15 215
1 100
259 330
191 362
241 379
202 309
17 41
51 134
105 287
83 310
264 399
230 280
250 388
83 337
0 72
26 67
352 376
26 161
127 377
158 324
16 132
79 318
213 214
87 108
299 365
13 273
125 388
20 194
63 273
115 367
37 263
58 313
115 118
21 306
170 348
33 326
129 154
184 232
64 74
81 253
58 304
180 325
25 349
51 353
52 162
242 393
69 367
40 132
58 364
9 323
78 332
173 212
79 252
91 250
132 167
136 245
87 307
116 237
336 377
338 371
216 235
164 224
34 383
110 233
205 385
159 332
224 241
96 120
266 376
101 220
280 286
262 355
199 279
73 124
109 147
1 39
167 230
175 267
201 384
73 106
252 318
24 68
112 269
158 384
313 375
115 386
87 139
10 232
56 187
197 283
88 265
15 213
162 336
108 371
232 377
106 369
256 285
112 321
69 346
72 258
60 209
53 271
262 277
175 302
46 64
250 308
233 392
46 106
133 257
298 358
43 278
0 338
43 240
129 395
71 282
171 197
68 97
90 145
20 215
114 284
194 335
105 166
148 170
2 364
19 219
22 217
279 316
45 355
45 96
124 391
57 249
247 306
5 310
225 229
189 343
243 287
186 332
79 346
31 55
8 334
171 340
0 88
72 287
342 369
31 71
151 362
167 360
94 134
76 110
7 353
66 223
12 59
259 337
7 270
14 270
119 219
63 146
366 380
223 370
3 80
220 310
341 397
2 299
81 146
30 225
52 195
4 203
99 193
90 248
275 398
139 195
230 368
163 212
32 199
77 157
166 181
109 251
189 367
11 159
141 189
243 342
209 333
107 188
23 311
80 97
201 360
151 313
129 300
326 345
21 345
101 332
73 391
244 245
37 98
17 348
62 268
0 322
170 221
214 300
222 387
3 24
206 320
60 164
71 103
138 370
328 398
160 313
74 242
172 179
37 93
183 347
270 331
5 41
15 20
221 267
44 250
202 303
224 291
129 260
119 157
181 265
153 264
40 321
60 157
275 333
138 236
253 295
135 155
131 211
127 295
64 124
214 247
337 354
136 383
61 171
173 357
28 39
211 229
69 115
156 210
89 316
112 366
290 385
3 97
11 256
34 51
150 229
89 206
168 255
219 333
91 257
25 159
167 292
91 226
118 346
194 246
277 283
325 366
165 352
37 353
78 220
310 337
176 198
303 309
71 141
23 283
12 29
95 121
34 289
18 252
258 287
97 202
16 368
140 338
140 146
295 315
141 318
51 111
206 316
148 221
196 302
145 233
308 381
91 125
96 311
138 223
103 198
110 390
16 292
122 320
292 294
252 367
147 173
150 225
233 393
19 370
27 290
122 255
251 305
289 371
4 182
285 305
59 391
2 58
117 196
102 106
133 388
42 149
21 326
53 284
168 320
177 221
140 181
80 278
33 277
336 365
106 342
219 361
86 281
356 392
24
110
12
44
44
106
131
59
35
47
45
121
135
50
160
50
136
228
111
165
96
101
82
42
145
107
29
68
121
79
75
79
120
160
46
91
62
67
92
142
62
92
82
136
56
169
33
69
130
20
57
231
186
61
200
111
84
78
88
118
78
152
78
102
150
91
85
96
94
96
83
179
129
76
76
84
175
61
67
110
82
84
113
104
128
51
36
141
78
99
87
29
113
92
36
160
56
118
155
136
152
99
58
122
134
67
76
106
110
191
127
173
34
178
83
172
139
57
91
82
74
44
96
151
92
125
60
34
54
120
40
63
122
117
62
82
175
169
170
135
64
127
52
99
67
194
167
109
96
136
103
83
64
122
119
67
19
126
168
178
129
146
65
167
19
22
102
113
80
85
195
139
34
17
33
49
72
23
146
138
105
123
71
135
40
89
89
118
148
166
45
179
61
54
55
124
148
186
109
90
72
175
57
177
104
145
111
161
33
86
147
65
180
137
161
13
64
125
76
109
56
189
83
242
100
57
82
121
77
76
103
73
97
175
75
114
73
149
69
33
64
91
90
111
74
29
73
147
80
107
156
86
92
93
160
120
20
72
91
90
94
29
197
282
131
106
133
21
49
126
88
104
106
49
136
83
175
14
63
147
141
64
34
87
100
97
53
78
22
62
101
107
106
186
57
85
154
66
71
130
22
253
80
85
148
18
117
83
91
65
91
79
211
49
121
38
172
109
21
40
106
31
89
85
138
142
154
57
147
148
178
54
148
65
77
34
8
126
44
208
38
60
88
47
164
122
192
63
166
92
90
56
83
165
87
119
171
48
96
26
90
124
47
128
135
174
122
85
104
77
62
56
37
202
170
152
98
161
74
222
120
106
160
62
119
62
115
108
157
137
46
91
39
76
102
47
23
130
184
109
89
55
115
62
73
288
31
168
150
186
47
123
119
98
136
73
149
51
169
89
116
72
59
97
106
156
72
57
95
63
292
66
130
105
75
56
107
43
63
67
198
43
109
98
121
123
38
53
124
145
84
125
188
192
175
69
82
45
206
40
154
145
176
157
182
124
46
224
61
61
138
118
154
159
28
166
48
61
42
15
141
35
84
31
82
62
82
116
60
58
53
160
27
51
129
198
156
124
203
92
195
144
127
60
50
199
76
20
133
46
163
38
118
209
86
67
161
38
91
71
38
31
79
76
127
81
23
109
123
60
49
155
38
96
72
189
42
26
78
70
43
68
42
25
76
80
152
64
38
101
78
188
59
27
202
48
68
94
74
122
37
48
92
131
69
72
76
111
153
179
26
118
153
182
79
174
86
169
142
183
107
121
133
127
139
149
87
156
79
101
163
88
161
146
75
25
172
70
98
66
25
84
34
146
78
33
70
66
109
72
107
66
115
64
17
43
71
57
96
54
70
216
25
104
55
108
127
104
78
29
178
98
89
159
71
124
169
195
59
117
98
161
204
43
42
127
8
127
64
100
128
78
146
110
91
41
89
158
52
143
118
35
77
86
50
97
35
90
92
73
38
117
162
70
24
139
147
146
84
68
194
121
49
213
185
120
144
114
36
83
77
83
104
141
104
174
57
117
76
177
25
52
34
137
94
146
108
56
95
137
154
63
96
96
105
42
125
106
68
84
125
185
109
63
126
93
69
42
157
67
166
42
123
137
115
46
36
50
60
42
38
54
126
116
134
72
72
83
122
134
60
159
79
150
84
151
205
74
128
179
173
115
15
40
114
11
72
167
212
119
107
95
83
75
130
166
99
149
174
82
119
52
83
109
86
110
7
80
106
9
59
87
18
118
64
169
61
86
211
66
170
98
108
71
27
71
141
183
117
48
87
193
130
117
146
130
106
46
92
132
113
78
101
27
127
54
69
109
91
115
54
22
142
154
33
96
105
92
46
136
213
52
108
66
125
159
148
92
153
24
78
177
86
85
27
88
83
146
87
53
15
97
103
172
75
169
20
68
16
186
153
80
110
73
64
70
131
61
111
56
164
117
129
90
85
181
93
61
84
116
34
47
39
97
47
102
37
136
40
134
80
94
83
42
83
77
86
46
43
57
152
104
63
93
72
73
78
120
135
44
16
125
150
217
55
98
90
86
163
54
75
124
59
105
93
103
228
82
59
69
123
110
141
55
130
68
62
66
146
44
186
203
68
110
49
38
98
31
47
62
95
79
68
214
99
53
133
187
123
44
130
80
165
99
158
135
66
92
92
122
141
87
183
69
119
107
187
147
61
63
183
109
165
190
150
59
23
109
199
81
61
57
33
74
78
120
78
17
85
82
146
134
108
116
124
40
68
59
63
133
157
68
88
171
84
58
211
123
100
26
82
70
44
50
123
94
180
127
66
106
222
44
153
84
52
73
157
98
108
164
34
91
91
51
51
50
67
55
128
67
140
55
78
100
47
10
55
82
24
76
114
125
54
64
87
15
119
196
128
199
22
207
67
115
98
97
120
84
127
89
71
28
78
174
179
66
130
150
43
148
197
114
200
89
88
147
140
81
219
38
161
84
191
187
83
81
19
249
134
66
23
180
90
114
145
41
77
133
178
72
94
103
154
23
46
70
104
121
39
109
127
92
23
96
120
41
105
220
78
165
158
162
102
161
148
131
197
67
72
135
136
84
91
122
173
158
116
102
52
91
138
47
142
30
121
60
118
144
170
54
50
216
57
164
10
121
55
45
104
204
71
44
73
78
154
93
69
190
83
61
116
131
137
191
108
112
25
168
72
56
76
39
105
61
31
64
29
58
134
115
151
63
60
165
100
108
89
200
162
47
45
147
253
30
80
153
81
116
126
222
90
121
151
131
119
34
81
194
79
167
225
96
58
51
102
129
66
39
146
71
85
60
82
75
28
80
73
128
118
38
30
137
99
76
72
233
108
54
91
49
44
66
69
111
42
92
68
92
21
12
85
117
76
109
92
97
56
167
52
115
119
200
192
173
81
14
84
142
69
166
92
124
83
72
119
109
122
107
68
165
104
168
20
24
147
53
23
165
61
142
68
56
192
89
151
42
47
64
114
196
95
24
62
55
74
31
48
53
129
35
182
165
128
67
48
80
55
30
58
133
161
126
58
202
104
134
74
146
46
101
163
24
167
113
70
160
103
179
196
91
81
182
34
138
118
16
105
73
49
60
92
106
185
195
93
74
153
63
100
174
72
75
46
111
35
208
138
148
162
60
107
163
178
136
177
59
40
107
114
93
168
83
15
84
108
88
71
106
45
210
56
104
174
153
58
122
158
38
109
161
71
76
164
69
159
70
108
190
50
86
167
118
35
31
86
126
178
89
147
59
148
94
145
154
50
162
77
62
163
106
148
66
91
150
54
78
115
86
108
122
134
63
166
68
197
55
141
152
142
124
63
72
39
66
87
81
107
124
90
88
95
162
181
171
176
85
114
137
48
111
157
143
88
173
24
199
35
56
91
16
31
64
93
152
27
80
73
129
107
167
49
73
73
237
53
98
179
84
84
180
165
174
88
102
99
242
66
118
68
127
109
44
116
54
30
107
161
44
140
152
109
139
143
155
95
124
141
106
14
24
98
79
139
151
120
93
49
30
68
100
93
178
195
213
102
20
42
47
108
173
65
159
72
76
178
80
93
52
182
41
218
84
110
33
157
24
58
194
99
74
184
100
33
12
43
32
158
102
48
117
81
125
159
80
165
137
48
131
85
167
43
30
166
199
84
126
77
77
134
130
185
238
96
195
21
150
116
239
139
141
188
78
139
74
156
108
95
105
107
177
105
58
134
71
83
168
85
83
151
59
77
81
108
146
99
184
295
92
71
183
92
70
53
62
22
62
70
195
59
88
101
93
210
115
76
113
65
205
92
53
51
172
131
20
56
183
72
64
48
121
65
105
185
81
114
56
142
34
35
42
159
108
197
65
149
10
170
74
91
146
64
35
108
99
83
53
222
130
27
174
81
68
68
106
129
107
162
104
110
170
115
86
64
266
98
60
32
41
91
26
125
97
169
148
96
65
178
151
89
146
57
54
135
85
51
83
76
76
93
131
113
136
87
121
115
110
63
49
87
62
184
25
76
131
180
84
96
35
167
81
154
141
81
39
50
103
158
49
20
134
106
204
125
115
130
208
78
86
44
134
25
155
128
108
100
110
96
80
37
32
128
117
92
84
113
100
99
126
42
105
179
135
94
11
120
111
115
15
72
138
167
113
45
57
91
116
238
113
12
107
45
160
73
160
116
13
16
32
159
58
113
80
43
151
86
72
23
191
30
214
93
59
84
104
88
127
102
177
65
130
97
29
122
54
85
18
125
86
120
142
73
42
104
48
118
61
213
89
40
110
150
18
92
103
27
100
109
55
60
86
136
163
101
131
41
59
75
52
15
78
57
73
34
73
89
117
125
67
111
176
45
129
63
22
127
137
192
67
80
116
49
161
111
18
24
141
129
84
90
108
148
102
185
26
80
158
119
139
106
134
88
45
210
96
157
106
137
163
76
111
92
137
109
115
105
176
69
16
128
93
138
64
179
136
130
