195 142
747 681
241 750
687 418
185 769
680 369
208 157
508 454
556 151
528 34
74 392
557 325
343 141
173 8
38 114
176 198
171 765
284 296
768 673
260 0
148 599
43 421
116 376
549 509
734 408
458 711
16 214
143 643
766 770
450 329
793 224
276 184
240 37
481 791
530 640
604 610
563 115
96 243
345 582
31 649
154 602
762 669
87 54
20 591
154 508
731 479
415 30
117 475
783 703
538 376
21 417
374 274
745 767
166 398
195 433
399 91
283 477
225 188
210 505
621 504
260 783
268 760
394 682
271 461
376 507
351 230
525 473
749 800
82 647
681 214
266 595
173 687
39 321
616 24
18 347
512 793
190 562
425 764
104 365
488 511
62 580
81 146
400 306
396 67
259 773
69 667
204 558
240 180
655 419
90 198
3 385
798 68
165 142
712 695
222 744
73 367
243 521
101 621
13 661
695 74
250 776
674 168
97 527
633 776
536 607
679 651
726 111
342 30
288 240
528 402
540 350
641 78
5 38
528 282
34 327
368 499
16 50
477 271
757 318
295 788
548 461
301 281
223 372
100 200
425 411
307 340
84 219
657 489
421 339
797 628
471 233
372 691
409 562
371 259
745 5
405 632
313 746
201 320
700 587
452 131
127 637
683 399
415 215
637 305
561 130
511 165
478 545
335 515
375 143
92 160
155 710
426 391
618 293
252 488
776 152
133 459
358 735
767 332
599 13
209 422
470 548
342 273
592 688
690 202
408 413
417 614
8 582
38 407
716 721
259 43
77 270
259 186
313 519
798 254
274 685
75 94
303 577
566 86
216 554
615 366
80 796
271 522
167 340
688 124
24 145
445 259
385 528
359 57
463 633
209 370
779 504
106 416
213 410
473 555
751 318
664 603
539 771
464 563
307 491
83 503
464 787
49 453
217 270
9 666
671 405
615 392
129 722
297 505
707 168
336 17
658 759
382 785
20 545
218 733
118 195
693 594
777 278
14 511
455 41
295 188
560 564
615 334
33 399
579 450
71 400
111 154
518 732
645 431
547 704
760 566
440 290
315 74
123 403
96 373
681 492
599 296
347 756
58 590
162 169
14 492
7 796
91 224
258 694
672 709
270 426
295 617
145 748
253 675
459 130
192 648
738 381
797 512
461 481
2 550
615 482
445 228
4 66
96 217
425 229
783 509
318 688
679 144
494 557
282 522
687 254
651 107
221 785
69 22
640 646
510 0
157 463
465 371
155 14
574 119
757 24
130 188
215 328
564 438
97 284
383 472
709 162
82 443
646 100
623 239
741 489
324 583
496 713
581 111
442 570
588 150
421 258
684 453
401 617
684 512
228 31
691 739
154 614
766 113
659 55
136 552
62 314
399 495
83 473
777 560
402 357
535 263
200 261
229 90
627 593
43 781
786 472
292 57
64 265
463 191
284 724
272 78
188 161
781 183
13 126
345 371
794 772
792 782
101 166
222 177
19 299
759 658
208 701
271 279
102 317
798 94
120 703
375 605
498 726
718 320
10 454
215 131
635 337
272 695
162 270
731 267
369 729
716 578
729 229
273 778
556 380
393 339
486 790
774 294
596 184
750 49
364 129
384 419
14 209
184 566
211 725
68 47
404 265
92 687
472 272
736 227
56 394
602 75
686 193
408 473
722 196
71 526
165 533
25 555
715 278
211 439
157 792
597 221
612 547
408 394
422 72
509 643
579 524
207 747
726 745
683 333
290 124
794 338
189 179
90 139
449 475
596 249
676 377
394 346
481 292
745 392
283 159
230 770
589 53
135 232
659 501
465 693
241 129
162 261
601 756
204 45
14 322
141 204
12 350
138 341
77 211
58 181
229 284
128 345
93 268
79 197
205 221
64 279
5 205
133 142
257 312
117 130
170 324
44 76
153 181
11 179
101 280
91 154
178 366
356 358
186 301
21 201
212 237
164 351
139 145
3 291
326 377
244 369
1 93
55 350
159 369
176 331
95 222
91 329
284 293
44 58
59 223
53 232
42 267
250 386
255 388
79 120
284 310
265 289
158 361
351 363
333 347
142 290
143 179
153 244
50 222
306 393
10 224
169 315
64 363
175 318
137 189
227 394
303 310
26 352
83 139
39 68
61 391
195 293
80 166
57 87
37 170
109 120
294 399
50 334
75 346
104 262
104 188
278 393
38 331
71 249
133 356
84 343
224 281
66 384
152 385
212 253
297 329
194 379
38 172
18 105
124 252
210 378
236 260
90 167
12 31
27 71
265 287
319 373
63 244
95 191
372 394
122 182
261 265
174 314
223 254
342 368
359 362
290 388
104 220
44 155
200 226
25 286
81 123
162 268
109 110
38 132
69 342
247 314
124 351
2 391
53 270
180 246
53 122
0 6
98 166
44 270
28 321
167 222
21 50
46 55
69 362
16 206
11 110
16 180
90 360
159 270
102 199
45 293
1 105
191 224
149 225
111 177
16 330
213 391
32 311
118 339
5 204
153 369
10 21
264 359
185 358
212 239
85 203
41 48
160 262
335 382
96 207
61 84
71 326
226 346
100 119
130 255
304 319
47 199
160 193
38 176
16 266
312 352
71 296
7 277
2 314
47 155
282 392
255 290
124 384
115 147
3 141
19 311
271 373
222 360
193 262
204 291
176 263
91 134
99 106
51 290
14 256
173 216
38 186
42 272
273 287
35 268
229 251
263 285
47 365
234 254
1 378
318 383
67 321
7 223
34 375
31 87
242 314
100 391
24 141
17 161
108 219
227 291
39 237
80 212
32 396
25 226
162 398
30 359
379 386
205 277
184 352
84 314
93 243
51 133
51 121
136 236
95 233
336 379
169 307
185 356
12 380
68 237
24 291
230 358
79 384
59 376
105 215
143 221
2 326
22 78
174 245
132 301
82 387
193 252
82 304
316 382
196 332
171 396
69 280
227 386
236 314
197 288
128 304
126 275
282 287
108 202
295 378
146 262
150 246
13 32
293 394
10 22
171 380
130 388
195 215
196 346
177 392
393 397
150 354
105 138
96 181
222 334
141 386
8 144
150 206
355 383
107 187
143 235
36 392
189 244
206 357
48 129
299 366
57 316
82 230
19 32
289 371
192 270
132 160
10 78
345 373
82 133
123 225
278 397
101 261
45 291
176 285
265 361
35 162
307 315
52 67
35 105
167 233
102 302
75 200
154 364
111 265
343 391
177 269
48 168
273 289
0 396
247 337
89 275
36 361
111 392
297 349
225 322
56 181
3 250
2 84
282 298
267 355
38 285
249 296
61 343
78 232
306 327
97 357
204 379
118 216
72 300
301 363
126 322
165 288
56 172
43 237
237 365
278 328
125 161
60 119
99 349
52 295
20 353
124 128
62 395
231 294
190 251
219 380
20 140
259 303
14 112
342 362
18 41
64 172
260 337
125 345
288 292
286 395
232 233
226 228
65 133
149 175
6 15
140 330
221 379
246 330
81 383
23 262
90 222
264 339
256 267
89 241
23 120
261 362
58 369
223 376
182 276
105 195
124 373
145 313
181 198
59 254
105 308
133 258
305 385
131 135
168 325
252 301
201 224
175 225
92 238
191 233
76 178
182 338
291 293
252 363
235 336
27 97
208 342
155 302
188 375
143 336
266 343
106 349
365 367
157 381
111 287
294 307
157 389
255 356
277 344
255 358
23 66
21 167
172 176
6 307
230 387
91 106
152 235
193 288
214 238
12 231
70 181
37 393
124 164
187 374
89 126
87 396
27 68
220 372
182 189
177 273
272 294
39 85
286 332
83 209
24 204
239 367
235 305
241 275
147 301
254 372
31 396
273 282
30 347
121 133
201 222
170 257
113 358
353 366
74 222
194 216
38 245
152 221
156 236
89 149
10 191
118 368
375 395
15 316
27 249
128 230
68 357
26 312
41 378
124 304
264 368
147 285
116 175
85 330
174 326
243 295
33 77
65 290
280 342
21 95
45 234
3 389
116 355
314 340
228 375
317 329
212 365
319 387
358 388
28 48
74 95
201 239
149 275
240 357
117 290
106 280
22 53
113 305
68 85
183 362
362 364
280 362
50 201
266 377
127 227
7 79
69 264
332 346
289 361
21 90
53 155
129 229
69 261
163 359
167 201
1 325
185 255
59 234
62 131
101 265
72 114
83 374
135 292
68 330
88 127
2 94
0 87
332 395
98 240
274 297
39 203
49 109
154 297
86 366
11 305
11 235
80 365
72 74
56 96
75 286
124 271
175 184
9 218
188 395
304 351
146 252
20 97
149 184
29 387
208 280
390 396
32 307
98 203
157 250
53 369
202 327
62 135
224 232
15 275
96 263
149 383
257 393
95 300
175 355
56 207
55 218
155 232
28 378
300 324
122 137
196 398
151 164
350 374
292 331
33 75
33 332
117 258
51 161
7 109
75 332
2 354
122 192
37 214
197 262
300 312
38 147
131 340
105 325
9 177
191 281
29 358
281 360
79 146
153 172
281 302
24 250
21 281
83 148
321 378
213 266
169 209
128 387
31 390
150 357
3 24
129 341
224 360
74 90
220 262
19 399
185 313
46 269
126 214
264 342
152 379
56 58
68 80
322 383
89 257
6 238
8 289
217 334
264 364
151 373
41 129
27 296
226 286
290 356
20 27
83 187
265 282
139 248
138 215
218 248
348 371
197 252
60 343
225 383
195 268
198 207
231 311
37 241
304 345
179 336
51 230
218 269
166 237
112 256
12 55
99 282
224 233
12 187
7 23
55 231
41 93
39 357
125 327
121 161
11 344
286 346
144 177
78 95
274 329
230 356
84 391
11 221
139 148
243 398
326 354
137 276
74 300
99 297
208 261
114 312
110 344
40 366
185 258
76 86
87 316
146 193
101 208
229 341
234 284
320 378
203 240
52 93
166 203
305 388
146 288
111 158
50 360
230 258
186 288
130 358
136 156
44 353
67 168
176 181
39 80
99 183
144 289
137 338
63 198
140 357
273 361
227 234
33 196
191 302
108 171
34 35
94 213
288 331
62 292
92 335
38 292
78 300
238 316
234 293
122 189
58 153
52 378
85 98
25 395
37 278
43 203
28 295
89 352
40 97
237 253
106 154
40 299
78 182
77 156
60 391
84 266
3 45
168 243
10 95
315 380
15 92
75 226
235 371
298 361
76 96
137 327
246 377
314 337
251 303
201 302
69 368
192 244
300 328
196 200
13 19
116 256
71 213
241 352
91 349
301 384
117 255
199 281
168 295
230 290
326 337
273 348
90 114
32 169
88 227
310 389
73 111
16 391
186 363
163 280
208 364
94 354
230 388
241 257
141 291
278 338
6 316
83 350
177 287
64 186
307 335
136 314
43 98
33 200
27 40
363 373
87 108
283 371
33 346
101 282
66 109
141 379
233 360
243 378
2 377
200 346
219 390
19 209
26 184
18 48
115 186
56 147
32 294
55 107
135 165
231 350
1 52
242 354
35 220
173 347
22 233
354 377
217 239
190 293
77 236
43 166
6 92
170 300
5 379
110 113
282 361
58 96
42 116
239 365
25 33
18 168
296 299
83 218
32 272
205 336
61 337
235 283
12 148
0 335
304 387
92 382
196 286
87 335
209 311
216 347
136 340
294 315
71 150
46 107
56 63
87 323
141 389
76 366
23 372
257 275
183 349
142 258
229 303
223 277
242 247
66 376
106 208
127 254
148 248
88 141
250 333
147 186
215 341
124 363
3 234
259 310
107 209
114 324
124 151
228 286
14 383
256 355
229 259
42 175
120 376
165 188
170 328
351 373
85 357
363 384
251 341
50 167
40 76
108 161
43 217
15 323
239 334
62 260
25 188
314 343
122 244
143 385
6 171
89 383
195 341
48 320
164 279
272 355
36 177
115 279
71 246
132 165
23 59
227 254
361 392
212 217
232 281
91 274
234 394
323 382
144 348
41 325
168 210
48 378
93 295
54 270
134 298
64 147
85 97
29 304
53 192
214 322
115 363
123 275
84 119
81 322
15 306
14 116
107 169
251 310
35 308
87 382
24 310
127 234
130 305
14 355
323 335
200 332
143 379
126 257
177 289
76 296
123 126
36 144
279 384
238 275
15 214
108 327
317 359
118 381
72 95
23 277
225 275
63 153
71 206
199 239
29 230
88 179
180 330
50 90
248 313
213 242
167 360
130 290
63 192
201 217
164 319
297 317
293 341
160 197
272 399
140 249
280 297
68 140
93 325
24 386
69 283
245 247
28 168
221 344
73 361
299 365
127 394
139 374
205 223
73 158
298 392
305 358
178 181
31 323
5 386
66 223
60 61
69 339
8 287
0 323
29 345
329 349
335 396
74 114
89 214
84 100
125 319
254 293
62 156
95 224
178 263
141 227
53 182
113 385
23 376
205 386
61 266
215 293
192 369
199 302
106 297
8 273
218 374
251 259
371 385
216 339
150 326
103 196
147 207
156 314
59 293
70 245
18 378
228 332
270 369
87 171
38 165
142 185
250 381
217 365
64 301
320 321
380 396
38 135
154 280
85 140
54 155
147 198
257 322
3 227
279 351
100 377
312 328
213 326
138 303
118 250
165 292
78 224
338 397
41 105
339 347
46 218
20 296
107 315
126 170
194 368
15 393
4 206
69 208
23 79
265 298
43 367
127 372
13 169
260 340
214 257
307 399
189 276
308 372
368 379
258 290
54 159
206 246
42 112
129 325
285 331
242 260
241 393
195 394
251 284
29 185
58 178
37 257
86 299
190 229
53 54
48 52
12 390
10 222
74 324
315 396
80 237
162 243
39 166
34 162
214 225
165 331
171 219
6 87
58 86
290 358
179 205
27 140
101 364
136 343
193 197
242 326
45 310
179 386
39 98
4 94
241 278
61 119
260 314
47 102
19 315
183 261
306 397
22 328
75 77
47 281
30 154
146 160
226 332
0 382
149 257
13 294
147 279
101 362
6 323
217 367
112 267
58 270
199 212
115 198
95 114
163 261
36 273
187 231
140 296
165 197
132 288
23 223
254 394
115 207
59 394
170 312
151 387
359 368
72 170
4 377
141 250
380 390
113 235
291 394
89 393
16 246
60 84
138 195
91 99
139 313
195 372
17 327
72 324
34 286
11 49
94 377
123 257
35 372
30 216
183 298
132 146
70 176
304 373
215 229
315 399
5 250
31 380
79 262
181 207
52 168
97 296
131 292
5 179
359 364
37 126
323 396
27 85
249 326
95 328
51 356
132 197
67 378
315 335
136 260
3 386
104 375
68 203
77 346
228 395
11 113
40 353
65 142
153 263
238 382
2 213
109 344
164 363
126 393
31 57
57 396
154 329
210 295
2 61
194 381
5 333
3 204
154 317
275 393
216 333
123 393
354 391
132 186
9 361
75 196
89 123
43 80
1 18
82 290
345 387
239 253
17 121
10 201
189 192
216 359
88 386
156 211
259 293
6 31
169 231
168 378
93 210
30 173
23 220
21 302
307 396
91 297
201 281
128 373
58 76
262 288
159 189
57 219
45 190
103 162
135 188
179 204
174 260
158 392
20 366
53 189
119 136
2 174
49 179
166 217
7 252
14 42
4 213
54 189
52 321
21 360
246 370
2 4
261 364
153 207
149 322
0 92
2 100
157 333
118 333
317 364
155 191
250 389
204 336
188 288
264 283
122 159
78 360
7 384
21 222
23 254
163 208
144 361
231 315
332 375
172 263
129 303
80 367
9 269
0 316
167 334
95 360
137 397
142 356
58 263
20 40
4 370
57 323
134 349
18 129
309 330
9 158
81 89
132 292
55 187
102 365
258 313
169 399
42 355
80 97
157 339
136 211
25 332
103 295
47 270
66 120
316 323
45 251
152 179
237 367
246 309
45 259
199 365
178 353
138 229
177 361
222 224
15 57
93 168
65 121
81 175
120 223
134 274
3 88
106 329
19 169
54 192
5 336
256 318
130 313
11 152
14 175
296 353
122 369
217 253
212 367
43 253
95 167
97 237
16 213
241 312
1 129
10 167
68 98
8 348
223 227
126 352
204 227
34 395
144 273
172 285
275 322
181 263
4 391
1 243
132 135
235 385
121 327
187 311
336 386
372 376
81 149
160 252
71 377
34 220
278 312
47 191
55 248
162 228
9 36
36 348
191 232
99 265
52 320
16 377
31 171
1 41
348 385
76 353
138 308
347 368
47 302
2 337
83 107
210 398
137 306
64 198
157 216
161 327
116 267
206 309
53 191
21 334
255 313
37 89
72 328
147 172
78 191
284 291
166 253
187 350
148 187
131 260
287 289
126 241
130 185
173 359
55 148
180 309
15 382
144 145
373 387
185 388
70 285
184 256
170 278
36 145
279 363
113 388
25 200
228 398
51 82
57 171
44 102
174 242
163 264
118 347
29 117
14 318
164 304
45 284
185 230
37 123
71 140
79 160
159 244
132 331
24 389
25 77
66 252
70 86
81 318
172 181
101 163
105 168
12 219
202 276
117 185
82 356
49 277
123 241
255 258
183 297
386 389
152 283
27 150
84 213
56 244
194 333
94 100
86 353
115 172
254 376
149 214
83 231
211 340
34 188
16 94
77 200
120 254
24 45
106 261
333 368
94 326
164 387
120 277
278 300
76 299
274 349
86 96
106 183
41 168
145 248
171 390
135 331
245 285
5 88
65 219
202 306
259 341
223 344
175 267
0 307
0 15
191 360
131 236
30 342
60 94
96 178
96 153
103 243
42 256
59 127
220 308
132 193
211 236
15 397
151 351
77 395
299 353
230 255
32 231
17 125
31 108
114 300
270 366
330 357
40 140
112 116
183 208
22 232
175 256
201 334
31 219
342 359
317 342
36 289
160 384
89 322
208 362
102 299
166 212
185 290
117 388
109 277
99 134
88 205
48 93
36 287
6 335
54 369
151 271
28 52
115 301
273 392
37 312
119 236
221 336
130 142
2 266
48 325
61 100
259 284
242 337
276 306
283 385
29 151
266 391
111 183
253 367
54 122
46 374
307 311
37 397
127 293
339 359
319 345
57 382
8 177
112 355
58 366
94 391
16 150
27 330
19 294
84 136
64 115
1 168
298 349
118 157
56 153
169 294
159 192
50 224
342 364
131 136
183 280
261 280
200 286
135 288
172 198
119 156
209 231
67 295
48 321
309 357
147 181
108 121
175 383
266 370
103 210
133 161
13 272
17 137
44 366
189 369
32 315
142 148
194 250
286 375
29 128
20 299
207 263
307 380
27 357
79 288
21 224
196 226
20 86
82 128
94 266
97 140
180 240
163 342
155 270
138 293
74 360
118 194
88 204
68 97
44 47
142 255
46 83
8 145
152 336
22 95
61 136
5 141
188 197
157 347
216 381
143 283
127 291
101 183
147 263
89 225
155 199
10 360
319 351
63 181
66 277
128 271
130 230
99 298
143 152
99 111
247 249
206 330
86 178
176 245
34 228
71 354
29 271
123 383
57 335
306 338
32 399
173 317
287 361
124 387
105 243
225 238
105 341
0 57
287 392
222 281
106 265
87 219
35 104
56 198
233 328
240 309
93 378
234 291
65 108
77 340
30 317
55 139
13 399
6 396
164 373
66 79
174 337
56 263
100 343
60 100
29 82
111 361
78 233
312 324
258 358
119 343
200 211
100 266
196 228
17 202
190 303
55 83
121 125
264 362
69 101
155 281
82 185
10 233
258 356
87 390
35 195
5 389
166 367
0 238
49 110
238 323
28 320
115 132
316 335
111 261
268 308
280 364
276 327
62 340
10 50
141 205
72 312
156 260
174 247
187 209
283 348
51 65
93 105
179 235
1 295
11 109
7 66
16 370
2 343
10 232
17 108
4 354
73 392
188 193
28 67
14 184
126 312
73 298
102 367
190 310
269 392
248 374
190 341
180 206
213 377
14 149
109 271
2 60
33 226
220 376
105 268
152 371
202 397
99 274
186 279
59 372
173 339
117 305
63 263
205 344
17 276
204 250
151 304
4 246
26 89
243 268
167 224
339 368
14 81
10 281
63 96
180 370
247 326
63 369
119 211
338 393
247 354
105 295
347 381
142 313
172 207
226 395
15 238
231 380
44 299
308 376
39 43
221 235
161 356
154 208
65 356
102 366
202 338
377 391
167 281
215 268
61 314
5 24
333 379
137 182
62 165
350 380
20 249
163 364
88 291
40 296
254 277
53 159
99 261
82 345
183 282
79 193
20 76
46 187
8 36
111 298
179 221
49 271
198 263
204 205
9 392
110 179
6 382
96 198
109 223
8 371
45 394
162 196
69 359
16 354
144 287
190 284
1 48
103 398
252 384
4 16
80 102
123 149
7 120
195 308
111 282
117 358
158 269
64 132
226 375
133 290
146 197
289 348
170 241
71 330
163 283
284 303
138 268
148 350
61 94
58 353
179 344
18 325
183 265
210 243
136 174
6 57
40 86
73 177
104 193
92 225
188 292
78 328
184 318
131 156
145 273
18 93
215 308
22 224
29 388
164 271
216 368
81 225
51 258
70 178
81 184
157 194
311 380
26 126
184 383
122 276
65 161
107 231
34 104
191 270
190 259
116 318
311 315
370 377
60 266
151 345
163 362
25 62
294 311
22 191
156 340
117 230
69 163
113 117
214 241
302 365
279 301
40 249
333 339
55 374
22 182
204 386
339 364
63 207
84 94
150 330
137 202
67 320
130 258
49 344
113 130
339 342
199 201
80 253
261 282
82 161
79 252
208 359
236 340
213 354
267 272
160 288
205 227
303 341
171 323
33 286
194 347
128 151
158 298
46 209
172 186
214 275
123 214
77 332
69 364
123 322
43 212
214 393
92 316
153 198
107 311
194 339
169 311
271 304
3 5
162 226
4 266
159
28
40
37
83
172
89
30
122
73
67
81
131
132
163
67
140
192
74
154
82
111
64
160
105
49
76
53
95
80
60
123
96
143
38
215
56
59
105
163
163
91
76
71
92
82
84
222
94
59
79
108
169
181
29
112
26
40
59
160
90
126
232
7
122
66
108
273
76
36
37
112
84
50
78
83
135
73
112
104
100
28
64
172
113
21
88
181
83
101
168
100
144
74
216
152
78
137
83
141
196
85
62
116
98
118
124
189
146
127
143
84
61
173
54
71
119
105
79
40
83
223
150
35
217
67
65
22
42
150
34
138
89
186
82
90
44
129
126
48
39
184
110
109
70
102
106
175
73
58
79
57
153
89
72
74
164
26
51
66
98
78
118
113
16
83
106
180
122
146
136
37
144
96
178
60
45
183
86
38
24
133
147
132
78
127
159
65
70
228
13
87
69
129
70
72
67
216
126
173
24
52
84
43
56
177
124
68
150
66
165
181
167
154
123
133
91
154
123
35
142
41
56
83
162
121
94
86
134
47
151
127
138
91
148
35
172
171
64
155
146
24
119
82
139
152
197
35
44
73
112
148
41
43
109
102
73
71
192
131
56
141
79
108
140
81
31
177
33
46
56
260
84
88
181
163
129
222
58
58
120
126
95
117
167
69
149
74
84
90
72
78
59
175
170
55
75
109
131
70
101
161
43
82
162
158
40
98
57
110
139
134
195
30
75
139
61
60
62
28
110
29
61
115
80
121
94
56
70
61
135
138
86
123
36
217
100
160
109
132
106
116
185
25
122
114
84
134
147
21
75
53
97
162
50
57
47
78
182
107
115
183
136
30
142
89
98
129
64
87
84
193
79
102
78
40
145
127
36
154
102
92
100
125
121
77
138
33
49
71
185
109
107
119
91
68
148
49
40
54
146
95
33
194
118
164
68
129
62
109
38
150
201
130
122
37
50
52
130
90
47
40
110
27
112
179
111
91
88
131
61
33
109
72
97
138
159
166
122
99
203
140
108
123
95
153
84
162
61
180
99
55
53
107
161
72
104
51
103
89
210
151
164
54
111
196
175
173
45
160
171
180
162
123
187
69
223
129
182
92
152
57
124
134
60
88
274
151
139
72
23
72
120
82
115
65
98
92
161
40
158
192
129
130
181
88
133
56
47
61
65
48
98
15
60
28
163
123
31
61
84
388
133
50
68
53
120
117
94
165
54
86
167
160
205
183
94
120
176
110
202
97
13
83
85
10
81
116
100
150
74
56
100
34
65
122
117
46
114
98
83
82
102
127
42
182
40
66
189
179
82
126
164
75
115
151
54
63
169
81
210
134
50
86
159
57
82
65
46
96
110
169
118
233
31
46
191
91
285
19
71
149
116
131
281
114
124
95
181
115
60
56
92
77
140
107
49
94
68
64
29
104
88
10
12
26
140
94
228
25
47
78
43
64
20
36
41
160
206
54
64
131
146
86
107
180
185
69
181
135
106
99
228
67
40
177
109
52
175
94
120
70
24
82
97
88
96
68
143
78
21
104
30
37
113
155
157
159
229
85
130
113
152
72
111
212
66
125
113
177
100
97
116
71
181
122
100
60
156
95
110
101
114
19
123
92
77
123
114
33
52
29
83
34
107
48
49
165
177
77
95
189
89
113
90
95
52
83
216
65
66
51
166
73
89
122
189
118
82
47
132
79
148
69
110
90
221
27
114
228
55
124
156
78
71
107
104
157
109
47
19
126
71
78
70
65
60
45
68
10
141
81
39
172
29
67
81
71
177
46
76
175
139
71
10
200
96
182
78
129
96
50
68
105
184
42
79
97
21
98
50
120
95
64
78
106
20
37
28
272
130
25
121
118
63
71
53
85
83
132
84
160
71
64
167
62
193
134
90
28
18
112
88
71
156
42
106
95
58
168
55
47
106
60
173
127
268
20
53
40
47
190
136
80
92
77
103
85
77
102
127
99
40
67
53
142
58
98
170
117
89
98
142
35
52
41
154
41
89
105
130
62
74
122
178
78
188
97
156
141
74
108
83
187
76
85
69
106
80
64
65
67
117
133
62
94
65
33
187
72
96
132
169
46
57
113
112
93
117
37
58
53
181
145
148
78
72
76
233
39
117
163
116
83
73
17
174
133
25
17
75
43
130
66
117
108
74
150
109
41
60
110
102
68
193
105
106
63
37
76
208
98
83
180
114
28
102
167
137
128
147
163
74
80
127
89
128
154
14
189
74
50
191
145
110
157
24
80
44
105
110
115
172
105
35
41
79
25
144
75
102
36
153
75
151
187
37
71
65
166
74
42
41
39
74
35
38
136
113
100
61
206
101
64
199
69
148
55
101
88
166
164
58
23
135
215
99
66
91
43
95
49
118
56
100
97
174
156
44
76
19
86
121
44
30
90
74
84
108
165
130
144
111
73
112
106
141
57
142
45
54
123
40
21
42
193
96
148
88
112
234
107
129
50
34
188
105
95
200
101
52
64
147
33
101
72
197
97
70
104
80
144
59
77
45
74
103
18
92
164
154
55
75
70
68
52
91
170
35
109
90
140
109
175
15
35
73
111
81
100
61
39
54
94
160
160
84
71
110
12
80
56
79
97
158
126
111
45
30
152
155
182
36
69
97
72
124
141
85
20
77
128
68
120
30
36
142
70
30
44
102
89
170
124
111
98
141
186
177
93
117
52
72
131
123
118
76
65
86
218
120
60
47
143
166
216
145
55
124
127
107
199
103
60
157
124
35
49
53
167
92
134
181
78
96
65
85
125
28
90
45
184
103
113
85
154
75
19
79
36
73
14
62
63
81
93
161
100
111
263
97
65
77
209
61
138
83
44
83
89
84
164
116
133
96
160
173
147
160
81
115
102
119
55
207
191
131
86
171
119
122
145
50
65
117
196
110
22
39
37
114
90
180
152
23
129
109
178
111
67
144
41
131
98
193
123
91
76
84
125
39
24
140
38
135
113
98
20
98
20
68
120
285
138
86
65
117
31
146
115
54
103
100
226
69
136
75
51
52
206
119
83
247
71
36
87
179
112
91
148
42
143
80
76
58
68
125
47
74
145
102
78
203
66
112
200
86
28
113
135
98
118
141
167
78
203
82
205
202
106
193
28
136
81
13
120
141
143
92
51
180
166
96
28
201
106
123
67
162
214
80
90
163
61
92
66
48
17
36
161
9
191
144
39
185
93
161
162
119
137
157
141
301
151
130
91
84
110
28
75
194
46
170
99
124
111
16
39
80
105
98
32
177
88
64
154
95
43
168
62
73
114
144
88
78
134
30
124
47
178
46
137
26
84
54
70
46
174
112
31
125
163
151
85
51
83
107
82
170
85
42
112
63
24
81
122
96
95
153
112
61
49
41
147
72
108
157
129
96
93
83
165
92
80
75
100
141
51
60
75
30
64
67
196
176
92
105
103
103
194
23
107
78
75
141
155
108
209
146
102
66
44
196
242
62
135
89
76
94
109
241
82
170
221
86
117
55
181
89
112
41
112
70
207
111
39
20
151
74
96
81
43
80
85
71
45
112
226
50
89
29
70
49
127
21
57
193
101
172
45
65
119
148
57
56
24
134
51
120
33
198
72
192
87
162
73
72
46
158
53
193
65
159
79
142
101
127
107
20
77
226
51
74
86
36
114
79
155
110
88
155
168
76
204
163
99
165
170
191
77
112
137
87
65
46
98
53
80
128
243
102
106
43
119
26
203
146
170
35
85
131
115
58
43
177
89
54
88
130
12
38
42
135
96
44
139
88
79
62
65
201
82
148
136
87
68
59
94
121
40
76
138
124
87
109
80
66
59
131
26
23
82
174
131
121
115
137
53
66
156
43
94
97
137
111
57
156
88
98
115
98
58
81
75
148
111
85
102
128
109
106
65
39
87
14
96
36
14
94
61
16
138
172
70
170
49
98
211
152
61
82
174
125
134
67
74
113
91
165
75
68
44
41
155
78
94
68
171
60
84
152
97
124
204
80
160
62
52
168
135
119
170
181
177
29
80
49
115
111
56
56
227
51
44
90
62
132
91
249
100
160
190
52
73
84
80
143
108
74
148
138
99
118
79
138
91
175
108
203
112
54
114
213
136
55
52
96
73
151
183
54
92
254
60
152
111
82
101
25
187
60
134
64
101
91
53
96
151
154
117
97
37
101
211
107
159
103
84
114
190
171
70
56
36
123
53
145
63
79
122
143
155
82
32
52
131
48
140
87
117
83
188
78
145
133
123
73
132
66
68
87
57
29
26
89
43
57
74
67
15
185
184
194
132
53
67
86
125
82
142
168
48
113
168
108
41
67
55
139
44
198
236
164
87
114
118
65
134
179
86
104
90
90
184
89
36
157
89
80
55
160
156
167
105
58
100
45
86
10
84
62
145
90
63
30
101
76
94
31
55
22
109
82
87
33
172
145
67
101
54
216
152
129
65
88
147
46
31
105
46
132
145
121
70
83
126
45
25
170
70
53
163
93
215
39
93
214
131
92
27
26
183
62
88
110
119
87
148
124
75
84
121
147
192
96
