350 612
274 690
597 237
796 429
117 396
576 600
514 139
27 475
773 312
129 10
746 436
390 722
296 647
126 37
203 98
537 581
550 669
732 513
397 116
19 510
108 538
692 408
265 385
80 328
477 755
416 559
40 769
451 663
172 644
783 0
291 706
81 678
563 329
761 373
721 335
499 730
756 442
124 524
120 614
255 257
184 456
206 305
644 516
346 483
512 361
506 244
791 524
491 792
319 543
167 260
15 753
170 585
190 552
553 722
525 401
683 106
179 613
450 752
530 705
628 28
60 533
305 746
603 525
550 775
346 203
17 611
70 678
239 782
646 213
418 757
167 560
481 226
394 481
471 377
436 9
37 689
368 266
581 783
763 732
789 456
312 329
127 67
13 366
221 267
373 639
299 769
672 221
252 399
304 248
396 764
44 1
243 169
380 733
788 333
694 210
754 316
696 565
601 166
653 581
499 30
143 357
60 276
382 618
560 519
142 126
171 716
597 171
158 49
576 382
299 196
518 299
768 241
689 518
634 608
103 765
758 476
409 743
519 733
157 601
231 484
265 108
475 140
125 516
210 265
210 787
709 107
118 487
228 458
82 313
80 274
225 69
331 799
64 659
389 348
137 67
698 709
423 226
490 294
586 648
297 575
393 486
633 404
576 397
558 405
619 225
744 402
194 136
637 272
107 732
716 771
122 17
368 46
769 684
522 508
123 372
464 271
633 682
371 398
19 408
42 417
186 556
449 412
2 710
121 568
671 210
368 752
343 677
481 385
42 430
466 345
86 565
194 477
578 669
582 321
530 234
277 296
210 492
663 132
243 29
439 774
739 312
657 771
491 732
332 309
785 598
222 785
561 387
178 237
651 536
63 59
163 658
541 232
31 456
255 162
155 596
79 610
676 302
728 455
568 363
687 26
589 24
233 391
273 225
404 343
310 603
198 609
257 333
334 538
33 582
27 372
674 492
408 794
118 576
680 596
612 433
636 703
405 598
343 270
315 566
372 154
385 191
211 165
252 666
701 308
736 373
397 655
724 462
733 702
544 786
573 659
489 253
232 749
322 372
645 460
47 580
97 375
496 282
381 162
470 21
661 481
38 67
681 446
487 316
217 157
578 534
305 364
208 316
96 126
583 750
620 350
728 258
496 228
108 7
760 128
674 245
252 361
495 398
352 395
57 171
70 213
183 412
396 140
578 9
430 262
745 737
15 247
610 320
666 777
39 752
162 718
385 369
72 507
623 107
639 752
578 663
472 206
681 692
275 434
308 138
224 589
436 382
667 524
89 3
151 78
90 686
636 510
479 747
164 154
659 280
559 1
396 570
114 96
744 428
490 213
494 67
554 521
149 377
772 165
784 155
145 202
166 315
484 277
701 612
234 679
365 469
66 34
131 297
36 551
562 64
412 448
648 424
283 199
112 515
64 140
798 692
484 299
588 779
154 441
406 468
628 222
4 560
192 341
65 64
65 624
742 655
758 201
51 84
663 289
77 530
266 533
178 776
518 644
288 30
329 552
37 360
204 361
227 126
730 781
308 759
127 407
529 534
282 683
269 324
703 242
786 181
794 83
33 601
319 353
735 35
791 233
688 560
762 516
336 579
53 346
123 338
470 193
111 322
198 791
650 14
534 787
168 545
157 343
386 83
407 473
312 695
422 615
633 343
239 192
441 657
385 76
405 756
607 18
608 663
27 532
777 665
755 49
290 773
23 10
791 373
332 79
715 308
202 674
57 607
300 473
265 430
354 725
430 90
567 256
76 190
156 654
618 655
227 364
465 731
570 155
609 516
265 636
676 84
709 398
331 367
97 81
85 376
116 165
241 310
140 318
71 293
102 216
174 251
18 219
259 299
2 191
171 176
60 234
0 365
13 81
365 368
10 21
25 365
135 267
42 394
209 353
206 342
81 252
128 334
221 287
46 351
99 289
290 333
33 93
18 379
54 143
136 355
44 169
183 342
242 301
297 345
16 229
142 186
199 396
236 242
43 48
23 128
247 388
47 392
249 266
57 179
120 336
74 99
166 364
281 285
76 88
57 182
114 269
125 253
143 186
248 273
237 386
22 347
1 12
260 317
9 282
10 226
54 186
118 360
338 385
53 316
226 241
2 97
174 236
132 346
222 395
168 192
4 100
64 202
119 277
45 155
69 286
110 236
144 393
42 112
243 367
114 148
140 207
288 380
205 222
53 63
239 241
268 284
116 179
35 63
91 243
127 383
202 367
200 371
71 301
277 384
109 367
78 374
62 244
187 306
316 359
238 289
87 201
19 60
154 356
18 237
64 88
30 364
296 339
69 165
134 291
196 380
260 335
73 161
88 183
14 107
45 387
133 280
75 148
207 329
64 109
24 359
129 356
40 176
305 377
17 351
95 223
26 75
358 396
60 328
101 265
3 145
257 347
78 135
110 230
51 212
19 307
136 155
3 292
160 279
264 276
227 337
101 128
288 366
63 248
86 254
56 70
157 304
103 153
237 362
97 144
228 359
70 205
56 381
160 205
321 335
231 303
199 358
269 330
16 331
41 342
4 296
26 162
341 395
57 69
261 386
65 323
12 303
305 322
76 263
303 395
112 210
214 310
310 397
185 330
164 319
42 62
31 323
125 345
71 236
39 83
173 186
289 294
186 249
35 182
54 161
81 322
246 342
318 363
112 350
59 396
200 308
154 361
70 279
107 134
294 386
0 139
34 224
15 295
18 151
174 387
9 150
307 346
121 294
269 381
118 212
60 208
20 60
142 214
182 286
93 378
17 112
117 182
223 288
325 344
190 205
40 127
52 279
107 399
26 268
147 319
64 278
23 353
288 327
37 122
73 167
234 328
149 273
13 107
80 255
144 147
21 226
15 244
3 10
199 272
203 257
191 251
291 399
48 329
60 312
61 376
37 360
2 174
22 398
86 147
122 328
91 221
254 319
8 93
68 147
142 249
156 229
158 334
213 302
149 181
261 369
140 304
117 248
51 52
229 390
4 154
208 382
274 372
1 364
40 171
181 267
44 315
12 30
45 71
133 257
137 301
188 394
20 163
34 180
44 54
128 356
155 301
207 352
303 341
147 254
179 392
108 249
12 166
92 385
82 353
83 123
92 370
224 378
19 320
229 274
65 234
128 306
76 136
203 270
39 342
307 373
152 264
345 375
123 300
111 349
106 272
17 281
190 381
333 352
253 297
205 395
160 176
198 366
82 168
80 217
257 270
67 330
79 197
105 269
155 315
101 356
66 195
122 126
18 261
25 352
35 359
24 117
264 374
309 318
84 204
232 245
89 179
188 244
201 255
249 366
10 115
138 156
34 223
184 324
100 356
55 272
270 280
283 399
67 85
181 273
222 364
33 378
89 385
97 177
354 356
227 324
24 179
8 378
87 206
133 398
87 255
64 311
194 205
14 221
290 352
87 335
184 314
40 126
92 166
369 379
107 130
42 350
75 132
71 230
172 390
0 84
161 280
142 143
200 262
24 182
5 138
163 212
148 284
44 110
166 385
73 203
49 187
232 270
128 154
76 220
84 290
59 262
77 248
94 343
12 364
250 343
85 185
111 297
156 273
48 218
31 38
29 348
352 365
97 106
41 321
89 211
235 353
51 205
112 226
219 379
31 132
196 288
0 290
41 335
12 352
10 224
32 142
306 356
43 333
105 231
4 235
213 324
211 370
24 35
28 51
80 245
240 399
131 376
5 390
143 198
205 279
300 354
142 198
25 140
376 385
255 391
5 113
91 278
362 386
9 81
66 382
13 291
125 348
237 369
282 305
135 227
193 202
0 218
250 254
124 231
215 273
28 205
104 287
199 375
12 222
207 333
210 239
119 384
253 298
86 250
83 300
54 142
130 336
74 369
98 113
150 399
39 109
187 367
170 307
73 169
282 322
96 350
147 164
53 117
24 47
102 352
102 290
150 305
260 339
253 375
48 207
137 169
181 215
165 370
296 335
20 170
99 308
224 397
52 194
247 258
45 301
188 285
118 160
208 373
2 144
62 340
55 199
35 392
206 245
208 323
75 284
320 373
327 366
80 347
287 299
70 194
45 230
40 260
54 73
225 365
200 289
149 276
247 291
346 382
65 132
28 389
59 199
17 226
293 355
189 399
218 333
20 271
242 315
44 167
137 242
83 175
307 382
276 390
40 339
44 143
157 203
152 324
193 311
118 163
251 355
243 311
39 123
28 118
168 209
45 251
317 339
100 300
238 369
4 361
27 368
74 386
19 373
338 364
230 242
27 216
95 180
172 215
51 70
10 197
313 399
250 380
260 391
207 218
69 89
122 163
66 75
43 140
88 175
170 312
22 342
16 117
74 294
84 166
206 391
291 313
109 193
132 323
159 168
156 372
120 278
172 331
55 253
71 121
115 292
235 334
153 340
129 306
329 383
50 162
158 192
58 286
298 345
165 211
106 319
232 398
36 79
74 289
94 344
198 249
177 396
196 223
252 305
27 331
53 274
348 358
117 228
289 308
106 177
179 370
300 335
145 397
130 146
227 264
5 229
104 399
215 267
214 233
97 393
107 291
113 213
45 236
10 241
174 275
234 346
10 33
99 262
61 364
121 293
90 282
243 287
51 279
216 368
18 220
13 134
8 111
91 336
100 361
260 296
224 292
164 254
88 202
23 100
24 392
26 148
83 202
342 347
89 92
43 309
38 194
8 34
10 292
161 318
68 144
196 343
259 388
30 166
23 354
22 201
172 274
183 398
16 58
183 245
136 275
180 380
28 190
78 324
96 213
298 325
34 93
26 114
86 319
209 235
109 311
36 46
152 227
145 224
105 389
221 311
98 302
300 306
13 283
122 271
183 232
85 131
262 371
39 202
339 354
188 350
42 281
226 351
15 340
132 162
144 164
232 347
267 337
25 216
127 384
55 177
173 249
272 371
30 385
123 187
170 346
149 337
243 336
59 200
34 196
213 281
270 398
107 252
123 175
167 256
200 294
101 259
231 357
262 294
32 110
73 256
103 285
31 195
70 118
76 80
60 373
245 257
176 329
244 394
186 256
154 235
170 195
353 356
42 98
80 206
151 379
237 261
219 369
67 124
195 323
1 166
81 283
161 363
234 373
30 303
42 210
41 187
47 228
241 397
43 304
56 205
231 330
106 144
53 182
247 313
326 399
230 355
0 225
30 341
112 285
101 129
216 225
41 83
10 79
26 50
60 271
127 260
53 77
11 370
228 316
215 390
129 388
255 335
44 256
61 385
189 322
148 330
61 85
297 349
6 293
96 112
155 236
8 95
236 315
46 115
35 58
375 396
23 129
233 310
139 329
215 248
297 298
157 232
170 373
16 390
204 207
183 217
185 231
54 167
288 343
195 212
8 180
330 357
105 330
47 182
160 194
18 121
28 56
68 319
81 291
62 153
28 194
90 322
61 165
178 336
47 117
45 137
33 145
154 296
110 315
9 134
68 254
169 280
133 157
145 226
34 397
132 382
111 344
53 359
345 348
96 281
154 339
42 244
51 360
143 214
86 343
288 319
104 146
197 397
4 260
158 353
130 178
47 286
110 301
154 354
90 377
77 228
263 301
91 109
11 166
124 330
201 335
313 388
124 376
28 381
5 244
38 195
189 377
21 292
82 158
3 378
216 352
140 363
14 283
160 360
180 224
115 197
74 238
138 229
90 252
119 176
207 290
27 365
305 326
182 392
118 389
23 154
287 336
149 267
3 33
14 178
245 277
137 155
157 270
229 331
156 390
128 129
150 252
250 349
193 243
48 383
265 388
141 142
158 209
307 328
151 332
115 145
324 374
206 347
213 350
5 15
141 241
257 398
61 341
124 185
232 257
50 268
42 233
70 163
230 315
146 221
194 212
93 180
17 197
296 321
93 95
90 189
238 386
9 305
41 361
216 290
10 145
161 270
233 239
121 275
147 327
189 240
151 386
135 149
81 104
16 372
294 308
300 356
169 315
29 375
188 239
127 277
56 118
7 192
80 88
47 63
117 392
33 397
271 312
210 281
111 298
235 339
38 51
57 370
3 115
4 354
158 168
21 310
20 37
13 282
58 117
52 171
25 102
305 399
91 367
244 285
29 125
147 266
145 378
179 182
33 36
128 265
175 206
91 146
139 333
245 342
113 390
150 282
269 357
36 292
159 235
112 188
221 243
215 276
92 165
42 188
64 217
55 396
37 170
47 179
88 109
30 222
8 250
44 186
146 283
55 358
309 363
107 150
195 234
218 352
66 132
89 131
312 328
1 338
42 96
120 332
161 309
127 317
272 308
271 307
78 337
175 255
235 361
67 357
37 163
132 195
121 355
204 395
157 280
99 294
35 57
95 111
283 291
221 367
280 309
247 287
250 344
54 198
135 324
110 387
247 399
177 253
74 151
22 232
269 389
195 382
53 172
11 69
95 380
47 359
179 286
12 341
32 198
94 319
223 250
31 66
295 394
59 358
284 323
184 302
23 101
172 229
169 242
248 359
60 307
64 261
8 380
196 254
129 353
276 324
78 149
12 218
203 280
7 60
116 211
100 354
45 315
240 326
58 182
14 193
208 234
43 363
65 346
272 396
13 252
41 246
125 297
51 160
100 154
66 268
296 317
95 250
75 162
199 348
255 384
219 261
120 193
114 268
245 255
53 229
297 344
163 328
117 286
201 384
55 59
207 383
191 393
72 304
69 116
235 356
106 393
126 328
6 393
62 394
127 176
141 214
220 261
308 371
105 357
6 121
259 265
181 316
35 47
195 346
7 158
22 391
95 378
31 162
189 282
161 256
58 331
59 308
313 326
194 389
175 183
240 322
177 272
20 312
63 228
157 347
31 148
14 120
233 241
168 334
63 117
100 235
108 141
296 361
102 225
32 186
141 366
66 284
219 386
104 291
253 345
40 119
110 242
82 334
184 374
215 274
189 305
133 270
104 283
253 325
258 326
188 210
22 206
71 155
210 226
298 349
16 138
115 226
0 216
15 153
39 88
230 251
223 380
358 371
11 89
71 174
62 103
7 373
261 362
240 377
223 254
5 172
208 307
43 318
36 115
63 316
210 350
139 204
218 290
34 145
38 323
116 385
23 306
163 194
2 319
0 352
84 368
180 223
291 326
174 293
39 311
61 231
22 277
170 382
131 165
36 197
322 399
96 98
131 338
56 279
147 196
33 34
149 264
102 204
9 107
62 285
219 362
206 321
19 271
30 231
323 382
184 351
11 225
8 349
24 286
277 383
103 394
78 152
100 335
334 353
215 372
145 197
246 300
134 283
279 395
59 371
111 250
136 263
14 104
223 327
173 266
136 237
271 328
91 311
90 305
188 213
204 218
16 172
138 274
119 171
238 294
126 271
155 251
295 340
47 57
15 331
138 390
99 200
218 329
278 379
90 240
383 384
20 360
146 367
246 321
64 219
105 381
189 291
87 384
108 198
71 275
303 381
161 169
105 190
77 273
86 94
134 252
246 335
220 237
332 379
58 274
91 120
139 207
11 385
61 131
135 152
325 349
168 235
126 317
84 225
85 364
170 328
156 172
227 314
137 230
191 230
19 328
10 36
327 380
183 347
125 375
145 292
108 143
79 351
44 108
5 295
285 394
335 391
22 87
5 274
32 366
0 102
255 321
120 130
135 337
170 208
246 361
143 167
247 322
371 396
304 383
58 229
57 116
321 354
133 183
151 369
14 243
21 197
236 301
116 392
68 343
348 396
59 272
275 355
114 284
67 376
35 286
201 206
99 238
223 343
230 275
3 79
95 224
342 391
239 281
205 389
264 324
35 117
272 393
123 246
169 203
253 348
314 374
6 294
55 348
230 263
55 375
171 317
181 337
135 215
227 276
143 256
14 287
158 159
139 395
51 56
33 180
55 125
70 160
250 325
344 345
52 176
153 295
134 399
190 269
191 293
121 261
126 312
135 264
266 366
362 379
313 322
175 342
108 366
71 251
140 309
32 266
264 314
62 239
133 203
65 320
109 219
178 332
57 392
30 338
5 16
117 359
291 322
100 306
321 361
175 217
306 361
67 338
24 69
239 394
125 272
37 212
195 208
329 333
172 372
219 278
306 354
45 110
84 102
120 379
104 134
107 178
234 323
45 293
10 397
18 369
129 265
286 392
110 169
152 314
239 310
274 331
311 367
68 94
41 123
170 212
103 340
325 343
7 19
156 274
353 354
322 377
105 114
197 292
299 388
78 264
94 250
153 244
68 97
68 106
65 382
30 376
38 118
0 204
155 263
134 150
30 61
146 193
7 168
89 165
246 391
71 355
161 167
52 160
141 233
247 326
111 343
231 376
61 338
29 345
50 66
164 177
103 244
173 198
13 322
254 288
96 188
54 108
1 303
135 156
210 241
281 350
118 190
23 82
76 217
6 355
84 365
163 312
6 275
251 301
7 271
251 293
13 305
111 325
37 312
91 202
89 116
84 352
98 213
9 13
1 30
105 148
208 320
186 198
116 370
41 206
104 247
94 164
159 209
69 92
46 184
103 295
196 327
48 352
192 271
201 321
80 342
45 275
245 398
99 386
221 299
230 301
37 126
100 296
36 397
222 381
141 310
169 256
87 245
20 328
146 336
199 371
151 261
57 211
156 215
12 395
120 146
152 184
275 293
343 349
4 317
80 398
22 80
167 242
70 212
197 210
341 364
138 331
98 188
258 259
369 386
35 53
81 189
30 85
86 164
32 249
18 362
109 278
119 127
192 373
221 336
86 288
108 142
228 248
24 57
100 339
76 183
109 202
193 367
23 334
164 343
139 218
128 353
72 207
198 266
58 172
32 173
257 304
85 385
164 325
107 283
219 237
258 265
43 207
77 359
144 254
157 398
49 123
289 371
165 385
42 239
71 191
230 236
17 210
307 320
267 273
7 159
193 278
258 388
186 214
135 181
25 290
179 211
14 130
64 220
273 316
147 366
89 370
73 280
13 189
263 315
188 281
102 365
149 227
69 179
78 314
331 368
65 195
237 278
44 198
347 398
206 335
60 320
262 272
97 319
52 118
175 202
210 310
56 389
287 291
72 140
125 177
21 141
208 346
225 368
124 357
48 204
255 342
292 397
1 222
216 365
98 350
185 376
75 323
85 231
64 76
79 115
86 144
171 260
180 196
210 233
362 369
381 389
264 337
271 373
284 389
101 353
6 308
122 360
304 309
112 213
201 391
338 376
156 276
281 394
356 361
234 382
97 272
314 324
348 375
119 383
200 272
253 344
1 395
219 220
75 268
197 241
25 72
230 293
343 380
171 360
85 338
296 300
60 170
127 201
45 191
48 139
226 239
125 298
240 305
23 356
100 321
14 336
129 259
63 359
81 134
21 241
173 387
22 384
234 307
274 390
87 127
82 159
77 181
209 334
21 145
79 292
159 334
86 327
197 226
33 95
5 340
166 341
113 138
88 217
320 346
254 327
3 36
244 295
258 313
112 239
42 285
20 122
78 227
185 357
108 214
16 53
364 385
36 226
199 200
18 386
222 303
157 309
91 193
17 46
49 83
194 360
191 387
278 336
69 370
11 116
54 256
33 224
91 287
12 204
152 276
120 178
138 172
137 315
9 252
94 297
36 145
296 354
323 346
64 237
174 191
66 148
41 391
66 323
102 166
122 312
146 243
0 12
113 372
61 67
135 273
49 299
5 372
51 118
136 220
62 188
31 75
40 317
290 365
65 208
141 249
51 163
113 350
146 287
166 225
45 355
41 49
104 299
251 275
113 302
13 150
69 211
150 283
205 381
53 228
132 284
68 164
94 325
44 242
259 313
236 251
187 299
372 390
17 350
235 296
2 147
189 326
335 361
244 340
118 205
46 79
248 316
38 389
220 263
45 174
19 192
201 277
77 316
11 92
301 315
102 368
328 373
233 285
49 306
57 286
2 68
258 299
115 351
94 254
57 89
96 302
12 139
52 205
8 33
370 385
15 138
370 392
235 354
128 209
59 289
321 391
193 221
202 311
63 77
155 293
14 146
2 106
50 114
81 107
43 72
81 247
48 333
114 330
170 234
212 328
128 235
51 194
15 103
327 343
31 284
206 246
273 276
53 248
233 281
155 242
65 75
302 350
83 246
39 41
165 338
144 387
252 282
266 288
298 344
72 309
174 301
159 192
110 137
93 224
336 367
11 57
167 280
71 263
354 361
28 303
163 360
0 333
162 268
200 358
239 285
204 333
193 336
84 216
266 327
300 321
87 277
226 292
73 242
148 269
148 268
39 175
20 126
83 187
233 394
38 190
121 386
71 136
92 211
81 150
37 70
67 185
304 318
152 374
13 399
137 236
52 360
0 166
267 316
37 328
41 300
92 116
120 243
2 387
270 347
69 392
72 363
234 320
88 311
118 194
254 343
282 377
23 235
127 171
56 194
72 318
66 162
43 383
98 281
278 311
151 362
227 374
246 255
253 396
4 339
23 209
322 326
113 156
130 332
125 199
180 250
16 274
155 230
144 288
262 358
33 292
68 288
1 341
82 209
105 124
139 352
39 367
22 255
17 96
163 170
297 325
300 361
68 86
289 358
37 271
138 372
125 396
21 224
70 360
119 329
108 173
128 354
62 295
28 269
27 392
87 391
21 397
56 160
112 351
80 183
262 308
101 306
229 372
197 351
44 73
262 289
222 341
11 165
34 95
302 324
50 75
32 108
256 280
245 347
108 186
29 199
210 285
80 175
32 44
53 58
1 61
56 190
20 212
49 300
62 281
27 225
206 255
201 260
38 163
196 366
67 231
285 350
17 115
204 352
157 257
167 169
174 230
173 366
22 245
344 349
112 281
34 380
147 288
81 399
38 212
52 70
135 276
144 319
80 232
304 363
190 389
15
49
94
53
18
47
44
50
147
107
60
67
170
65
102
98
59
205
74
75
24
155
136
91
83
139
86
74
191
43
142
68
90
63
142
57
29
99
101
141
22
76
194
91
60
115
144
93
36
124
129
221
133
33
63
105
136
77
115
83
34
95
100
116
94
138
212
137
89
66
35
73
197
165
74
67
83
171
118
109
37
230
183
175
91
56
95
87
199
43
173
79
40
61
24
131
189
56
180
88
182
21
87
85
102
85
27
76
50
72
48
78
68
118
150
144
119
229
114
53
176
69
48
71
37
68
84
193
35
63
81
131
203
71
114
47
146
123
130
86
215
58
132
123
37
55
95
118
225
79
25
75
87
95
36
190
65
176
56
132
40
77
110
40
77
143
80
43
65
101
78
65
165
99
88
45
105
126
134
85
144
108
147
22
98
144
120
9
105
141
131
67
122
66
132
176
82
75
201
82
28
99
88
130
88
157
110
111
48
87
52
30
89
92
92
61
129
186
38
83
129
72
13
15
17
123
87
63
97
150
133
163
105
246
97
79
30
153
74
91
131
142
129
77
122
93
108
60
83
158
127
148
77
164
109
96
181
97
47
45
71
60
74
41
16
194
135
93
124
29
77
79
32
53
66
27
47
109
86
55
75
113
50
83
25
61
62
77
9
51
106
147
48
170
31
130
69
165
40
83
135
99
74
95
136
165
157
80
173
90
80
164
11
50
164
192
51
57
136
121
62
145
34
74
29
54
118
81
19
46
147
78
127
79
100
58
127
133
53
166
46
71
114
47
111
99
156
183
175
98
68
89
109
69
78
261
153
97
91
198
165
49
63
126
44
60
34
33
57
110
21
131
115
138
128
32
175
105
121
73
77
86
61
87
62
91
106
177
32
111
80
259
18
71
40
61
98
93
204
36
70
117
85
105
149
143
52
104
94
34
190
99
60
82
98
103
99
178
86
56
79
90
151
117
28
75
181
64
156
174
79
206
186
49
68
110
142
74
124
55
130
47
117
58
36
48
161
38
186
138
146
101
206
98
85
162
210
58
54
102
22
134
64
71
118
73
138
106
209
26
119
75
98
92
49
158
90
112
113
62
45
70
50
46
192
134
96
67
108
146
80
85
43
84
54
54
118
167
77
74
94
41
61
167
49
76
73
66
40
23
136
38
113
22
93
115
203
75
67
115
104
89
121
112
216
66
54
69
53
98
111
128
111
32
115
40
73
116
91
37
132
43
62
98
75
66
85
69
133
97
120
115
162
66
94
228
52
62
118
157
91
29
46
111
115
226
160
124
100
38
147
194
103
66
131
124
93
90
10
108
217
259
103
62
76
143
186
70
183
88
169
229
85
75
43
133
66
114
182
149
96
64
137
102
95
90
116
37
162
239
129
95
103
125
147
108
144
78
98
122
24
135
85
91
61
78
52
133
181
120
94
126
47
89
21
83
71
81
24
149
94
82
10
99
118
114
87
54
49
161
104
142
179
154
75
168
20
244
115
88
184
230
131
69
106
117
147
72
55
58
69
57
39
167
135
89
144
48
101
118
90
88
93
109
186
93
130
28
35
83
123
91
119
139
187
32
180
172
154
244
130
63
192
107
65
106
87
150
115
79
123
61
133
96
137
141
138
41
86
39
38
193
55
169
151
89
86
88
106
81
44
25
104
106
86
47
72
138
187
67
56
24
165
79
115
65
71
82
168
88
133
70
121
124
47
59
15
215
61
194
128
131
46
45
26
65
62
162
74
84
66
165
32
135
121
132
202
119
40
118
81
73
85
61
86
69
146
246
95
54
90
217
89
121
71
241
133
76
67
73
92
168
86
140
155
86
96
79
139
90
222
147
101
148
68
170
93
167
93
173
197
72
110
48
51
49
26
51
88
167
133
71
115
77
172
49
170
77
102
132
44
76
198
32
119
21
117
104
62
18
140
65
76
136
156
55
146
146
141
59
120
231
94
89
75
122
41
44
24
200
90
88
124
102
60
104
109
225
38
118
75
126
75
75
197
29
82
33
108
129
112
72
94
124
128
114
83
74
161
76
157
72
50
140
65
79
75
34
125
115
109
143
104
62
106
77
146
114
71
39
105
139
71
123
57
44
198
62
74
118
150
70
36
103
58
122
60
163
198
142
59
148
356
82
110
131
76
272
50
174
111
58
50
67
128
50
149
92
14
117
64
23
160
58
152
139
72
103
177
131
188
146
46
76
68
68
58
175
60
135
92
181
65
130
96
139
167
83
98
48
81
127
84
145
165
95
150
175
77
48
124
113
283
110
190
149
100
195
152
129
79
43
98
103
76
106
77
45
84
137
66
20
80
52
159
105
152
18
103
86
67
203
97
112
212
184
148
110
111
105
106
43
161
46
65
121
30
137
35
114
91
33
152
86
68
175
91
185
112
146
207
66
79
140
151
91
43
141
97
128
197
127
108
49
28
125
39
119
109
33
77
62
70
83
141
46
115
130
168
119
193
122
68
193
175
139
73
174
67
62
89
57
65
38
38
204
119
99
80
101
127
111
78
59
89
94
115
27
215
47
149
140
62
62
196
100
70
62
113
185
99
109
65
115
126
145
123
101
142
212
98
72
21
81
104
111
73
85
98
156
152
114
51
143
64
58
204
38
168
118
76
68
144
103
84
74
82
97
160
85
162
143
91
87
112
71
43
100
85
98
73
127
110
134
75
79
200
159
66
113
24
130
180
212
12
96
61
88
147
34
59
109
50
19
176
60
102
59
136
93
42
198
67
121
40
110
52
59
34
44
82
120
143
38
96
170
47
105
177
104
99
107
164
103
40
162
119
168
73
37
35
54
130
165
108
33
143
68
83
190
117
105
108
54
80
111
138
154
144
79
134
45
147
90
59
148
152
25
95
107
140
46
29
72
105
83
53
48
20
121
89
41
134
58
138
87
103
128
162
282
149
157
76
97
109
100
94
136
34
137
163
136
155
39
234
75
58
79
42
190
91
81
144
89
81
85
236
47
172
136
181
275
82
101
247
73
220
100
115
105
109
134
130
43
100
48
157
42
46
158
161
164
37
90
160
95
119
72
156
92
60
77
48
181
22
63
139
138
89
19
81
221
51
42
135
165
168
130
94
66
185
63
150
121
106
197
143
152
160
62
170
88
137
51
191
138
88
137
90
90
90
178
24
79
81
154
129
124
138
83
50
82
171
72
170
165
81
243
71
129
26
124
165
131
195
95
67
70
52
82
56
52
175
85
76
144
86
66
10
68
88
188
166
29
163
212
132
23
117
73
40
111
157
94
185
134
108
58
135
27
74
149
119
124
136
123
23
69
99
32
160
75
86
64
46
54
83
83
39
16
113
106
34
103
115
91
16
40
96
119
127
55
60
76
125
83
68
94
43
133
88
44
151
152
58
102
223
103
162
42
94
200
120
33
214
81
108
200
198
112
89
79
202
69
131
123
103
105
161
30
102
40
64
58
207
65
136
16
136
80
100
79
111
79
62
110
24
107
114
180
95
22
160
197
188
35
32
104
141
99
106
103
121
53
84
49
66
66
176
39
39
89
131
40
182
88
34
84
36
101
63
109
14
77
81
100
26
88
121
54
134
111
173
139
126
30
62
161
167
181
81
153
174
80
136
8
126
124
35
109
39
105
58
109
78
68
98
129
206
167
199
46
99
173
114
97
12
122
109
74
202
81
101
80
117
194
41
28
84
164
126
65
85
131
61
117
168
61
66
82
153
115
238
41
173
174
23
171
110
103
65
59
196
106
45
56
125
90
130
49
29
45
107
80
32
105
159
105
166
20
87
83
115
131
11
68
235
158
165
89
92
116
51
69
95
97
22
75
111
37
80
136
132
88
239
86
32
139
40
180
99
152
104
225
34
54
45
67
206
120
110
162
60
16
28
222
123
133
99
86
30
176
175
54
126
19
88
93
182
174
155
136
104
43
83
122
83
74
94
58
82
127
105
84
134
129
91
84
46
100
24
102
155
166
146
51
56
175
58
159
121
52
30
68
120
56
81
150
57
43
182
65
118
112
59
135
126
15
21
33
170
59
103
65
44
97
119
44
42
156
120
192
110
106
171
127
121
60
124
207
67
94
31
54
96
69
79
250
87
138
89
31
125
86
64
143
47
166
120
23
123
217
56
186
133
131
153
144
195
102
122
40
184
36
51
128
55
70
95
125
72
101
125
63
73
117
163
129
179
63
98
82
103
162
91
58
113
98
132
191
70
153
83
78
151
133
143
172
91
156
41
76
57
150
22
47
141
158
47
72
66
135
44
129
59
27
128
103
15
84
73
142
52
83
18
89
115
118
123
53
78
107
179
45
190
56
148
166
134
142
87
71
124
141
125
169
29
28
158
109
77
43
156
86
109
52
34
195
57
78
46
106
31
66
88
52
135
178
144
80
40
161
74
37
135
116
78
111
77
49
39
86
89
66
166
125
168
18
23
290
75
94
120
34
186
74
96
143
148
98
80
76
121
119
47
205
93
79
22
89
74
126
119
120
27
78
61
99
97
31
70
22
130
75
22
