64 725
499 83
475 109
82 472
464 560
686 700
341 652
175 797
190 218
255 49
678 553
40 735
717 63
422 380
0 565
249 576
683 64
198 799
356 128
540 107
571 69
57 381
106 724
331 12
236 462
565 488
57 3
81 219
209 642
142 79
206 797
597 170
307 37
13 274
283 339
181 352
785 583
284 23
657 23
450 106
765 701
2 2
616 595
342 684
722 585
763 356
699 439
573 30
442 496
46 473
25 568
16 613
272 295
774 343
473 690
762 233
27 87
121 92
318 318
689 686
641 142
190 547
750 759
680 798
476 630
615 590
153 680
110 68
289 400
428 258
347 312
452 215
415 766
11 98
155 561
733 227
89 366
628 272
100 664
670 780
496 658
737 448
646 747
329 350
164 329
634 331
253 341
235 641
31 128
508 101
782 249
476 733
542 521
483 594
672 127
302 661
528 305
74 410
287 715
697 250
235 554
156 298
236 52
255 8
766 17
194 497
198 789
282 615
680 365
757 632
201 339
45 423
123 185
459 734
128 135
283 174
413 407
267 457
490 556
295 134
407 318
150 253
123 528
507 2
163 185
203 50
596 502
561 369
195 750
504 301
579 67
138 547
207 372
717 688
95 205
719 196
169 308
100 595
656 41
344 740
597 346
27 607
164 739
170 201
779 798
256 737
565 66
734 604
263 254
374 563
60 455
547 585
581 504
419 114
125 279
269 617
327 447
785 423
703 390
78 136
375 781
416 123
787 206
513 587
148 672
604 351
682 389
707 618
736 496
640 13
441 725
74 157
728 415
588 82
276 346
29 214
499 511
501 226
479 287
711 515
653 128
186 556
777 439
262 66
20 122
640 690
9 309
616 661
743 391
336 734
631 532
540 172
188 688
744 549
371 163
128 178
119 777
380 184
623 571
742 31
284 37
264 312
440 369
199 55
172 256
529 45
203 135
145 737
678 202
455 667
333 574
283 511
392 309
87 631
750 541
383 400
513 712
347 96
334 770
56 289
635 654
465 44
383 83
48 328
211 223
45 143
323 430
755 128
240 409
689 330
14 759
672 62
476 19
722 750
394 742
146 49
363 205
208 246
591 201
225 81
165 84
338 697
65 369
748 498
299 386
526 707
581 385
187 320
100 311
584 203
292 370
252 298
476 316
36 671
195 396
108 618
635 132
189 376
137 775
620 539
6 555
356 590
439 64
510 739
245 57
514 393
769 525
783 25
222 143
241 596
537 568
202 712
9 608
364 643
344 787
641 309
656 577
789 171
355 715
25 671
413 788
639 636
229 747
408 632
626 601
114 797
438 149
260 86
236 394
165 323
299 67
118 22
549 19
586 744
349 684
125 585
398 546
385 667
589 581
660 141
187 787
228 94
379 688
381 309
702 544
360 346
681 612
285 658
46 540
745 611
720 763
584 93
205 251
298 418
562 472
369 687
7 199
78 392
251 416
435 674
715 680
683 526
38 282
789 110
722 142
526 699
604 132
528 565
33 544
404 88
318 125
315 799
448 506
396 167
149 763
612 305
299 716
609 716
743 232
222 113
744 583
78 734
363 242
660 650
45 124
540 642
777 149
218 383
8 168
452 587
461 722
697 322
619 69
192 71
461 144
403 231
790 86
409 17
216 355
570 606
369 50
543 320
264 249
43 6
313 461
398 70
475 413
454 574
469 64
800 397
37 565
320 538
265 277
498 295
738 795
132 596
762 9
534 258
471 574
740 760
465 221
620 508
109 789
398 201
30 226
389 7
703 568
15 36
560 6
465 120
560 688
722 79
620 758
709 44
676 511
602 200
601 145
171 639
706 497
489 358
116 215
46 168
129 252
173 396
122 137
142 207
270 298
189 241
69 355
192 397
252 361
45 108
35 289
263 350
87 269
221 368
84 289
81 243
49 308
110 132
139 336
110 254
270 327
86 251
115 119
10 190
33 322
66 78
147 340
95 107
156 211
48 176
134 195
33 316
7 128
30 300
4 332
25 381
360 385
182 369
10 398
106 128
19 146
79 82
170 216
218 336
94 299
12 391
139 241
22 382
9 203
184 225
130 205
60 326
117 364
68 226
161 354
151 345
262 365
163 345
67 114
342 355
160 218
231 391
285 334
110 247
35 247
193 243
5 233
122 295
104 356
133 343
209 319
80 93
18 333
199 356
180 324
75 162
203 301
73 225
12 227
68 364
277 356
73 88
46 166
130 326
6 43
214 398
118 270
101 110
210 211
183 264
0 253
205 232
64 319
39 262
303 305
21 111
109 340
14 308
54 91
7 285
2 262
47 146
33 175
273 283
160 280
93 327
40 144
127 140
12 199
64 80
79 374
57 235
228 244
108 229
152 314
138 391
18 194
69 303
70 305
28 87
93 163
246 265
100 181
376 393
138 169
194 333
334 382
84 110
335 361
159 225
129 361
114 159
35 347
87 155
43 189
143 312
57 291
44 147
65 276
5 310
276 281
180 231
5 79
88 348
267 391
348 384
58 250
230 253
248 317
22 334
85 229
128 300
146 292
223 322
6 107
283 319
3 150
238 395
193 304
70 342
44 306
14 50
15 155
287 339
60 299
179 398
102 183
85 275
41 73
46 158
13 215
133 320
121 143
41 56
8 112
16 231
286 383
31 180
357 385
146 311
58 201
247 358
76 97
19 396
101 136
50 328
135 338
172 369
20 47
288 313
34 70
141 308
22 196
43 297
94 231
71 286
284 306
61 181
281 306
106 334
248 289
14 260
189 315
0 11
187 220
9 200
184 348
118 378
93 151
85 108
142 334
114 124
198 359
314 381
23 37
266 340
244 250
139 278
32 37
292 388
139 189
71 354
173 311
299 396
3 122
57 344
132 228
233 379
176 327
160 278
332 378
26 387
150 242
28 66
10 276
68 250
34 201
46 188
179 321
162 338
321 394
153 368
50 137
45 369
161 194
158 172
151 327
267 376
38 169
304 398
171 344
112 114
57 353
188 229
329 368
95 336
91 325
62 133
118 163
86 372
20 89
170 350
285 382
137 141
29 57
84 247
194 383
265 399
120 202
284 298
16 180
207 382
42 151
23 290
20 388
250 288
79 233
72 113
136 154
354 389
228 313
98 139
70 303
146 205
172 188
54 80
173 205
109 320
178 380
196 334
21 242
157 243
37 264
256 311
6 302
47 352
96 127
92 163
127 129
197 236
170 319
268 339
63 233
108 158
127 165
27 171
139 331
16 199
69 380
121 224
328 370
53 158
124 143
187 390
29 235
391 393
187 343
93 349
260 308
205 388
92 126
381 394
55 346
171 195
65 281
9 301
167 320
210 273
27 112
147 193
121 154
34 58
34 83
289 358
47 123
178 252
211 364
302 319
98 282
59 167
7 300
14 272
131 295
10 394
53 157
149 371
87 107
147 306
3 308
66 142
60 396
36 214
240 291
92 327
1 19
19 20
220 284
278 294
276 386
204 237
16 391
8 204
132 288
13 399
237 362
135 346
25 176
356 391
67 363
47 130
85 351
102 264
192 282
82 185
35 257
69 236
142 271
265 361
168 304
300 334
360 365
10 44
64 209
117 156
303 342
193 340
29 353
246 361
14 328
86 250
112 159
325 345
27 384
70 212
131 375
126 381
99 338
112 143
52 70
1 39
147 309
304 340
132 254
121 237
13 305
68 288
209 350
141 328
114 206
244 313
217 329
146 352
190 298
39 286
168 182
213 255
206 240
347 358
145 271
221 262
31 299
136 204
27 154
61 295
152 259
136 289
198 298
141 260
15 371
237 312
27 322
251 362
12 356
122 375
241 278
12 393
0 230
10 304
306 343
104 376
103 264
178 373
106 142
150 308
90 99
362 372
175 384
161 286
242 317
127 399
137 255
125 264
312 362
138 393
56 88
41 363
126 152
167 340
296 367
200 239
205 221
97 111
29 291
142 300
92 118
185 343
326 395
144 374
374 379
5 343
0 78
174 244
162 277
44 167
56 387
95 294
39 365
202 305
132 318
119 268
2 286
125 353
57 171
149 210
323 356
50 272
43 294
229 275
128 258
244 364
162 346
35 136
257 288
213 253
202 212
100 155
198 259
16 94
180 352
145 336
104 393
180 326
139 294
346 356
243 398
36 109
4 118
33 186
14 51
272 370
19 191
118 367
131 137
10 198
240 353
139 274
74 105
155 269
183 239
128 192
241 297
193 309
320 343
128 282
32 360
74 375
278 315
19 326
71 380
99 208
262 368
42 198
156 313
11 382
262 357
27 33
2 153
296 332
61 122
183 287
243 266
153 333
110 289
75 90
277 346
81 168
222 262
133 233
40 379
127 246
80 209
24 105
201 251
99 229
2 19
118 327
219 322
140 246
271 282
70 83
96 140
91 113
86 201
139 302
80 325
297 319
256 352
25 314
67 235
89 146
137 295
361 373
81 398
59 82
206 353
127 265
246 335
149 296
254 358
38 231
142 258
36 266
148 372
177 373
173 256
288 358
232 357
79 379
31 256
85 166
72 160
101 204
201 250
127 361
344 348
236 342
294 336
72 350
87 307
165 361
6 273
87 397
38 352
99 275
42 187
8 121
233 320
261 371
204 289
25 92
206 339
57 67
19 311
35 288
202 399
179 394
179 386
124 268
1 232
153 194
68 174
54 245
39 161
132 347
194 286
9 102
20 292
7 382
166 172
95 241
88 159
236 333
293 337
234 302
166 351
152 190
9 287
206 301
234 278
2 389
293 390
159 348
53 351
94 324
258 334
94 227
276 304
68 117
230 341
153 329
77 335
115 362
203 353
293 325
171 184
43 95
85 246
143 237
81 157
10 386
368 389
278 297
2 39
108 172
52 251
248 322
263 390
264 339
199 376
4 64
270 359
245 345
64 349
306 386
206 268
220 306
56 363
222 360
189 331
249 326
225 344
86 288
171 175
55 75
194 355
159 184
18 153
47 292
120 212
182 188
66 271
249 395
81 369
164 255
62 374
93 118
77 275
217 222
142 192
203 239
175 225
101 154
141 370
64 367
66 192
80 345
173 352
36 44
326 352
198 284
219 223
184 316
108 351
278 302
5 59
61 131
68 244
46 172
272 328
26 67
186 242
177 377
8 312
0 22
308 328
78 137
194 197
35 132
207 285
51 260
58 372
196 207
88 316
242 248
131 181
228 288
43 98
124 134
86 347
144 379
81 266
67 240
57 240
44 340
149 273
45 229
212 342
256 326
42 190
123 292
257 289
183 339
244 318
42 220
94 208
61 105
199 393
260 328
25 259
263 325
232 368
49 328
1 205
115 268
40 233
204 312
125 235
48 118
54 216
45 157
1 146
164 213
57 114
90 135
163 349
251 372
194 330
162 227
23 32
88 171
125 203
113 280
228 254
37 183
10 259
14 141
44 193
39 89
22 142
59 185
208 324
158 351
18 197
344 387
386 394
128 142
174 201
64 93
73 159
46 398
118 176
228 318
217 365
56 348
9 183
15 87
136 358
1 2
78 279
226 313
126 198
17 300
123 232
59 220
104 391
135 227
7 142
42 259
126 259
109 147
20 352
9 264
183 200
40 133
34 52
155 210
139 218
175 348
318 347
16 352
43 139
249 377
189 278
181 375
34 250
177 191
33 223
203 240
8 224
51 370
205 311
157 188
159 344
109 167
294 315
135 162
28 164
180 299
149 367
254 318
190 381
175 316
113 216
197 286
307 336
250 305
13 212
202 252
235 353
36 193
76 223
121 204
50 141
270 378
154 289
212 355
260 272
1 368
224 237
150 317
91 350
68 318
91 263
245 350
134 175
231 352
48 332
273 302
64 283
200 287
323 324
84 248
264 290
74 181
316 384
24 313
187 337
128 334
283 349
85 140
10 306
168 193
69 178
77 85
255 375
254 257
197 355
75 277
10 179
90 277
81 166
101 248
241 315
29 125
185 337
30 282
181 397
188 351
240 301
221 357
140 165
241 336
88 344
111 317
16 138
174 251
70 120
356 376
84 257
394 398
7 334
75 324
140 275
50 260
241 273
47 388
164 207
215 226
148 224
112 124
88 184
76 219
395 396
6 261
52 148
38 47
77 140
12 138
32 183
178 377
24 288
46 81
36 147
11 230
327 359
74 255
78 397
39 221
60 238
28 192
120 305
65 359
91 209
200 264
51 328
296 371
43 273
148 201
232 292
166 188
63 392
294 302
185 392
54 325
177 178
100 211
80 350
125 240
365 385
93 367
94 256
39 153
161 365
188 369
65 259
170 234
9 125
126 190
3 317
238 396
187 284
216 325
218 331
259 276
165 335
13 120
230 279
164 192
39 368
298 359
130 292
265 366
19 173
377 380
9 290
113 263
157 172
161 333
174 288
140 361
129 377
216 390
1 262
308 370
189 294
98 189
74 122
153 286
19 205
304 394
218 234
120 252
89 205
40 320
161 222
239 339
21 97
361 399
72 280
52 362
51 213
259 381
63 82
113 234
272 279
329 389
80 390
202 366
76 111
216 263
112 195
123 221
47 205
50 370
204 224
56 73
218 278
69 373
80 245
50 51
125 301
170 263
8 195
12 104
81 158
153 365
26 41
42 65
96 361
311 352
167 309
225 316
160 189
184 344
4 367
258 341
23 360
31 326
47 311
132 257
125 239
50 308
78 213
259 284
111 223
193 386
91 245
33 384
193 214
34 372
256 299
5 133
357 360
72 91
115 148
262 389
21 223
207 334
367 378
333 355
54 345
301 353
155 307
196 341
42 359
145 282
30 145
205 292
226 244
96 178
235 291
181 295
78 255
71 383
198 281
31 249
6 294
58 212
31 191
4 296
157 369
185 187
95 307
255 397
45 351
218 274
189 234
313 364
12 16
160 331
254 288
129 178
207 271
0 341
62 310
185 320
160 274
66 255
153 262
93 270
22 341
39 222
84 136
5 392
42 281
4 270
143 195
43 336
23 385
16 393
169 231
34 244
239 287
54 263
97 317
267 356
223 242
106 300
118 151
58 303
77 165
83 250
24 228
211 371
227 391
71 355
128 271
70 174
210 261
170 209
28 397
77 395
22 164
35 101
152 298
11 22
60 180
174 358
66 164
252 373
15 100
179 266
18 119
186 248
171 225
78 253
112 121
15 181
71 178
329 365
278 336
135 324
137 213
201 362
153 161
52 174
31 60
261 283
112 171
185 220
94 180
79 392
18 161
44 214
287 301
54 64
236 355
107 307
311 326
273 294
158 229
123 388
77 99
116 305
304 386
96 377
165 246
337 390
102 103
139 315
233 374
91 170
274 278
37 200
32 290
14 370
11 341
226 250
20 311
239 268
213 279
332 367
21 150
36 340
214 386
102 353
152 381
107 269
245 325
42 298
241 294
180 396
286 380
247 257
22 258
110 251
142 282
6 95
24 117
80 163
283 302
239 301
56 225
190 321
349 367
149 283
154 223
221 232
7 207
310 379
116 120
233 310
216 245
237 372
44 109
247 289
276 321
168 214
259 298
99 351
35 110
100 105
108 275
196 382
60 256
235 240
327 378
24 318
78 341
215 366
7 106
183 290
118 332
43 241
146 388
17 334
20 130
24 211
304 321
254 347
68 83
64 163
28 155
273 297
0 279
62 233
77 229
256 396
203 264
105 122
167 276
106 282
22 78
97 223
86 110
141 213
236 383
43 315
137 308
110 136
165 275
207 341
157 182
15 269
109 133
226 364
253 341
274 331
69 252
75 135
95 98
357 365
139 234
30 334
160 234
241 302
65 151
168 243
245 390
98 241
52 201
68 156
19 89
108 165
216 350
288 318
119 290
337 392
56 159
2 368
6 278
104 267
111 242
296 349
232 262
54 350
102 287
264 301
40 62
302 315
78 164
321 386
123 205
96 373
83 305
28 269
86 174
225 348
4 327
14 49
43 278
186 223
196 285
251 312
147 214
76 242
151 270
82 337
212 305
261 273
61 269
58 70
245 263
27 175
62 379
53 369
104 199
86 132
214 266
67 159
355 380
286 333
101 121
376 391
2 354
45 53
68 228
109 309
4 163
130 173
31 395
297 302
122 181
55 135
373 377
133 310
295 375
286 329
79 310
189 274
36 309
27 195
4 48
373 399
252 399
20 173
205 368
35 254
98 145
197 333
69 71
21 248
153 354
78 375
108 166
51 279
136 247
64 345
121 312
84 154
217 360
297 315
147 167
191 396
5 40
186 384
64 378
208 299
133 379
3 111
12 38
209 283
310 374
295 397
287 290
58 174
1 389
191 249
206 239
286 389
116 366
208 338
18 329
118 349
260 370
299 326
54 113
113 319
28 107
126 314
85 335
267 393
3 97
128 145
222 365
113 350
15 28
227 356
114 344
49 111
107 210
223 248
92 176
55 162
92 152
217 330
229 351
4 378
264 287
62 144
55 277
76 317
222 385
110 257
148 237
200 290
20 205
5 185
47 173
39 354
380 383
40 109
179 193
249 396
122 131
301 339
148 251
88 387
167 386
129 373
96 177
298 327
132 358
130 352
73 348
264 353
284 359
48 366
199 231
198 381
178 361
55 99
117 211
60 94
1 221
130 388
227 324
69 212
274 280
148 312
164 397
192 207
190 259
54 209
85 127
187 281
9 32
159 195
299 324
37 287
156 215
29 114
163 367
129 177
324 346
110 347
69 383
217 290
111 150
171 316
22 207
66 397
42 276
321 381
214 340
30 128
193 398
197 342
366 399
8 237
238 326
164 271
169 393
62 63
89 389
227 277
83 244
83 174
71 177
54 170
91 216
340 386
65 284
21 317
189 218
16 38
114 240
174 250
144 233
101 289
13 366
179 304
89 354
183 301
283 297
52 250
84 101
151 359
179 243
179 214
61 100
282 300
172 182
178 399
75 338
166 275
219 242
61 74
213 295
253 272
73 184
90 162
29 240
56 344
8 143
161 383
255 295
259 394
46 394
163 270
339 353
250 313
141 272
190 394
41 387
234 280
220 343
17 128
262 385
81 179
102 301
223 317
54 319
40 374
31 238
204 247
219 384
17 142
212 303
55 90
39 389
171 384
198 276
34 68
38 393
364 371
107 261
169 352
186 322
325 350
7 258
201 372
25 126
261 296
32 217
134 159
286 354
15 107
153 389
275 335
262 329
213 375
26 363
142 196
168 172
277 324
2 161
309 340
124 195
163 359
7 196
1 89
322 384
6 307
138 231
34 358
18 217
11 253
27 134
58 83
243 304
67 291
257 358
9 239
102 239
162 324
95 155
167 306
39 329
60 395
185 281
215 305
66 207
167 343
72 170
97 150
94 326
220 337
166 229
174 347
65 220
176 332
281 284
63 374
146 173
23 103
151 298
203 235
26 56
65 190
185 293
15 61
277 323
49 97
86 358
119 330
210 296
141 253
102 203
35 84
342 383
363 387
74 295
89 368
58 305
193 266
125 183
42 284
163 378
154 204
291 363
355 383
30 106
7 17
156 364
84 358
323 391
228 347
168 394
96 399
119 217
50 213
68 313
135 277
267 323
156 244
117 226
32 200
115 330
112 134
197 383
117 313
120 303
142 164
81 172
134 171
49 150
231 393
325 390
161 389
96 129
44 304
190 276
5 337
113 209
239 240
182 243
149 261
22 66
333 354
128 207
326 396
12 231
5 320
151 163
61 375
158 166
43 302
101 247
258 300
202 265
60 208
168 266
124 206
73 344
120 178
69 177
81 182
143 224
107 155
224 362
103 183
210 371
173 326
25 152
92 270
168 398
253 279
69 120
41 291
194 236
319 350
170 280
194 217
100 269
229 335
23 200
181 269
17 106
250 318
114 171
18 222
171 348
21 76
65 198
117 318
309 386
138 173
17 258
287 330
258 382
15 211
4 176
341 382
92 314
227 346
139 160
137 375
283 315
102 125
52 58
161 329
147 386
131 255
75 208
53 188
51 272
74 100
59 343
57 159
87 95
9 37
184 387
177 380
324 391
189 336
37 102
103 200
277 338
329 360
59 133
94 391
82 392
34 251
114 195
199 391
191 395
190 198
207 300
269 307
349 378
5 220
44 309
69 129
135 208
17 282
180 256
100 107
16 169
98 336
26 291
88 225
63 310
29 67
219 248
56 184
4 349
8 124
6 297
375 397
170 302
19 130
81 188
74 131
11 279
345 359
2 89
273 315
72 234
6 315
176 270
168 179
239 264
51 253
234 274
135 299
17 30
63 79
33 219
113 170
59 320
108 188
52 372
228 358
85 165
186 219
27 219
38 138
293 392
154 248
97 242
281 343
117 228
333 383
76 84
62 79
47 169
238 249
288 347
45 158
213 370
290 330
130 146
156 226
134 384
52 86
34 174
42 306
262 360
192 271
132 247
290 360
73 387
48 296
345 390
63 379
207 258
92 151
65 298
29 203
99 135
284 343
45 188
21 186
44 386
106 258
121 124
69 342
18 236
121 136
313 318
239 353
175 322
105 131
214 304
46 108
258 285
74 397
224 312
214 243
257 347
268 287
196 300
163 327
9 103
311 396
75 99
153 222
129 399
276 284
55 338
140 335
202 215
316 348
137 370
51 141
159 171
268 301
102 200
196 258
123 368
361 377
80 216
83 303
119 287
7 30
27 316
87 192
12 267
143 204
130 311
60 311
275 351
110 358
18 330
116 202
321 398
6 241
93 378
31 396
35 358
121 134
5 82
0 196
294 297
96 252
4 93
40 59
20 146
10 321
199 267
37 103
158 188
323 346
138 352
220 281
124 224
154 219
90 338
45 172
82 293
191 238
127 335
37 290
245 293
3 49
141 279
13 202
227 323
144 310
148 362
74 137
98 307
80 319
13 116
222 329
276 306
88 175
76 248
32 103
34 86
12 376
105 181
58
193
91
121
120
31
160
107
111
91
181
249
39
54
135
49
10
130
183
70
140
90
19
123
103
77
55
92
65
64
204
126
91
87
86
27
153
112
125
65
81
116
66
93
82
173
51
27
126
143
129
84
128
92
73
102
129
84
96
104
72
123
46
157
105
47
56
106
185
108
86
75
35
141
88
78
138
101
76
85
141
164
166
74
149
166
64
132
100
105
225
33
140
75
66
112
93
60
58
121
83
164
163
82
115
111
98
58
135
102
85
99
198
53
167
55
44
196
76
121
80
63
73
145
115
124
33
66
98
112
180
75
102
97
106
117
59
71
182
33
88
200
148
75
136
116
185
101
137
155
192
92
132
78
117
63
101
80
81
30
78
119
51
51
52
88
34
37
33
63
198
124
121
18
73
203
169
28
105
191
32
56
100
125
93
113
39
61
98
86
71
185
175
106
125
131
158
154
135
22
112
144
174
29
120
49
31
70
82
35
100
161
36
99
161
117
86
79
23
57
52
41
25
103
25
122
159
137
120
44
73
140
84
83
95
170
94
52
47
168
50
149
46
128
132
93
89
103
68
51
44
137
90
145
196
180
187
135
162
163
51
77
94
22
27
174
39
46
91
47
71
106
160
115
100
127
90
65
143
141
154
67
135
128
89
96
35
56
164
124
150
78
22
230
133
68
141
122
184
209
249
31
77
47
114
92
55
149
91
120
134
162
58
138
32
121
70
76
45
94
66
60
132
127
101
156
69
112
171
79
124
151
104
110
79
116
130
48
104
153
143
124
37
72
101
73
235
170
142
136
176
87
54
88
123
50
54
115
66
74
59
94
98
82
41
126
144
127
138
183
273
110
102
27
133
96
42
176
60
156
149
81
62
56
82
90
116
79
86
129
103
108
127
102
109
77
67
49
83
65
184
71
24
94
68
100
118
110
125
188
98
81
141
153
169
75
122
62
146
47
120
82
178
71
110
196
82
30
81
155
94
15
201
148
188
164
52
35
99
42
101
13
75
48
171
112
148
43
34
61
28
139
30
113
59
128
79
74
38
117
74
120
167
37
111
111
185
112
178
123
77
147
158
63
89
61
92
63
87
135
115
83
136
61
219
47
36
95
8
126
178
94
116
54
121
144
189
189
85
161
190
61
68
128
56
181
116
74
49
37
143
124
182
79
93
94
42
86
164
95
85
145
100
155
162
59
115
78
83
165
17
101
50
40
47
213
136
119
140
130
204
44
58
85
100
140
31
98
141
116
78
70
84
95
49
181
164
80
56
110
115
116
146
44
62
90
106
99
139
42
44
96
34
94
108
209
90
72
158
59
55
71
54
67
44
136
191
50
100
98
72
80
101
59
168
139
144
98
151
112
143
70
64
165
60
107
128
85
118
166
183
109
29
74
74
125
51
41
122
128
85
206
137
142
66
46
140
35
145
73
76
93
72
128
75
83
135
66
75
74
140
27
169
136
136
86
37
149
107
152
154
65
68
145
19
84
150
137
81
60
111
67
143
70
37
152
31
127
158
114
44
192
61
120
144
60
59
182
240
58
127
174
25
137
215
89
115
165
95
52
49
177
175
19
134
141
112
85
102
52
61
76
194
36
129
113
51
66
68
135
134
61
56
207
67
43
37
70
26
106
95
187
95
124
37
63
42
173
48
91
82
65
109
84
128
106
132
24
110
93
63
57
241
68
92
25
187
220
130
74
163
84
108
186
159
103
181
130
47
44
172
65
132
180
100
149
81
34
145
219
97
183
107
83
88
217
155
28
179
214
103
108
14
111
49
58
68
117
94
106
148
74
156
149
135
123
115
67
83
58
104
76
109
39
91
196
37
103
84
104
119
77
136
33
64
121
103
140
113
162
74
81
70
26
108
148
51
218
77
91
84
191
98
191
36
179
87
196
87
116
66
127
188
123
80
66
29
204
71
23
142
154
68
29
70
114
180
82
131
143
146
105
74
62
59
97
76
226
103
79
41
92
28
51
66
183
103
86
25
50
114
116
85
125
101
44
77
203
130
62
96
48
98
63
88
144
79
41
150
98
112
188
222
133
60
167
72
109
138
200
78
183
23
63
26
97
73
126
87
100
91
69
100
235
170
60
130
66
120
163
85
55
30
105
96
99
111
133
191
188
108
180
79
55
121
93
167
163
187
134
160
96
136
132
106
55
71
173
59
129
219
182
128
31
156
61
154
86
78
58
177
89
71
40
81
127
67
88
131
56
151
136
141
53
76
94
127
191
103
100
48
72
114
67
60
173
121
144
127
144
184
125
90
153
140
44
95
76
81
47
175
73
185
124
129
63
103
93
88
71
37
73
207
88
134
83
72
195
191
135
121
69
18
161
49
12
80
47
150
133
138
66
113
143
136
154
181
78
86
9
35
54
78
158
139
66
40
203
127
62
74
40
44
90
93
173
279
73
76
88
25
182
76
81
120
146
210
83
152
78
46
78
232
83
84
162
75
73
95
52
74
93
90
158
74
112
97
54
57
77
108
159
61
82
34
78
91
40
129
126
99
187
105
57
157
49
43
208
48
80
138
90
67
78
56
196
86
140
51
110
155
93
177
83
47
64
48
164
67
28
145
108
214
77
143
96
154
90
108
181
69
117
76
173
177
119
116
186
49
110
27
36
72
138
102
206
84
144
146
154
219
26
118
59
50
174
26
69
106
177
71
92
33
114
120
145
70
174
137
67
100
99
171
57
152
203
32
56
86
119
66
67
130
90
213
18
42
105
82
167
67
93
83
117
88
75
145
56
115
72
11
38
31
164
86
116
62
160
105
77
35
177
129
29
83
79
20
222
191
67
140
43
138
26
26
103
90
49
89
119
106
122
39
200
100
41
16
61
153
86
171
137
45
70
172
34
142
170
11
133
45
51
139
151
101
56
140
68
128
77
125
121
99
77
67
208
54
127
68
54
175
105
73
96
26
30
167
34
172
31
114
51
95
70
111
140
93
91
105
12
109
58
22
101
41
206
147
37
121
87
159
62
88
37
99
84
130
54
42
89
82
16
101
121
73
44
60
148
70
61
87
130
50
77
50
176
155
70
25
59
145
150
152
76
83
100
15
176
48
67
32
78
115
61
97
223
107
21
76
24
140
34
60
34
199
125
143
177
32
94
124
86
146
159
111
188
49
29
91
53
55
42
68
137
132
132
37
114
48
108
104
71
54
70
54
179
226
188
101
87
151
81
201
175
56
104
91
78
99
88
98
76
114
83
111
73
36
99
59
147
136
85
79
206
72
142
53
23
109
154
222
51
68
85
81
51
50
95
15
45
84
123
94
63
122
108
72
93
72
96
120
60
152
71
81
169
35
24
64
260
123
10
183
74
26
118
169
154
69
252
152
157
91
143
86
52
69
184
57
176
136
148
104
193
23
83
204
90
55
72
107
162
90
81
104
78
151
83
140
99
99
137
100
102
99
78
88
62
114
162
73
42
176
127
144
137
55
69
101
112
84
63
87
98
34
30
97
60
158
54
174
61
77
49
75
71
68
168
68
57
107
91
125
111
63
118
17
234
192
64
148
124
68
83
29
68
69
123
76
168
133
69
102
115
44
122
72
106
30
57
132
88
80
129
60
213
61
121
184
183
17
27
60
173
90
179
98
216
95
96
44
74
112
43
84
173
93
107
44
131
56
72
56
79
20
175
89
101
175
68
108
135
100
50
93
123
69
127
52
122
49
53
106
67
90
82
72
177
145
30
117
202
110
173
76
72
98
101
83
102
91
174
187
72
77
158
35
122
75
90
265
155
192
168
141
198
103
61
102
101
83
31
104
45
88
146
60
79
137
24
121
53
144
44
14
44
41
81
215
54
180
141
171
93
45
111
148
196
75
35
104
70
27
87
76
171
90
148
38
123
59
99
57
116
65
88
190
76
78
47
174
111
151
22
106
56
52
134
27
93
70
108
99
185
119
111
68
176
198
90
84
14
149
141
89
53
67
112
90
29
132
216
109
140
83
201
84
154
120
69
24
113
59
95
147
72
40
61
83
145
184
96
63
171
133
175
88
81
66
43
122
79
134
85
114
115
98
141
22
153
122
85
184
51
150
84
111
116
162
87
124
116
40
127
79
94
72
113
198
114
70
205
67
79
104
111
100
66
23
95
118
18
82
56
78
88
65
105
67
72
61
146
83
158
102
55
148
61
98
97
40
56
121
36
48
110
167
108
9
30
122
25
43
108
48
153
90
113
126
43
97
120
71
62
132
85
184
206
128
19
56
194
185
112
35
47
159
89
17
92
168
60
104
82
70
201
149
151
51
169
79
152
69
67
64
158
49
119
196
199
120
74
131
68
102
190
90
189
51
196
71
91
86
119
195
30
65
161
128
140
122
47
40
55
73
48
164
26
28
57
84
32
154
158
73
131
156
40
135
105
189
100
52
95
90
25
99
107
96
53
36
66
101
168
137
108
116
60
66
221
9
72
106
71
109
99
108
28
88
99
44
81
126
72
199
74
182
97
171
42
101
98
14
146
146
148
76
25
71
211
129
116
80
106
127
