19 379
214 530
756 178
321 485
324 495
647 132
17 263
783 439
789 9
565 114
656 547
603 609
220 353
180 631
30 631
135 603
496 173
452 662
16 301
208 360
622 372
102 120
392 693
148 544
422 54
684 47
730 763
189 162
683 573
338 361
619 150
224 121
312 684
88 39
52 365
453 416
354 256
354 51
396 367
417 331
463 795
741 39
320 132
284 772
508 293
784 767
127 302
256 482
232 186
592 575
795 214
534 403
604 3
567 41
259 99
495 274
444 612
116 545
303 617
795 69
55 129
488 273
614 407
208 3
305 605
111 696
410 376
671 378
185 312
542 670
528 0
301 345
91 543
207 586
609 663
579 340
525 708
719 415
705 271
53 739
504 186
541 35
12 320
529 456
780 339
455 479
92 96
337 680
158 448
95 587
278 517
415 285
388 292
264 338
58 732
590 314
455 550
104 131
779 309
253 506
419 178
285 318
124 228
89 232
786 739
277 694
760 168
706 454
169 782
539 620
116 702
172 68
413 549
294 443
747 60
676 554
408 103
515 141
416 227
381 405
791 424
200 25
595 2
61 512
115 359
14 577
526 189
514 440
344 484
626 151
303 589
53 673
201 555
40 91
330 307
269 689
173 63
354 75
666 543
114 212
756 391
416 652
716 85
374 170
461 581
350 597
105 398
129 313
271 220
421 615
328 121
383 555
453 388
566 755
702 754
373 652
557 373
524 565
438 760
141 133
123 267
609 433
523 261
390 402
139 468
218 182
605 622
65 559
151 446
650 784
435 22
99 20
219 688
83 137
432 684
60 769
227 481
720 244
377 305
504 208
697 593
211 94
377 566
736 679
571 691
424 430
169 539
680 447
546 455
658 127
738 281
468 646
122 319
617 725
201 82
94 166
549 460
384 247
791 581
258 458
383 503
634 273
728 509
458 85
539 598
739 414
38 593
528 307
465 606
388 725
775 614
73 113
676 765
482 479
103 87
471 599
633 88
700 471
89 493
207 290
539 222
21 684
539 733
244 227
669 14
300 458
381 704
40 239
730 738
32 348
595 598
749 783
148 480
51 36
409 196
531 117
60 539
592 517
282 328
469 393
21 485
731 793
462 416
208 112
428 668
242 295
162 782
337 148
452 688
547 697
706 552
753 246
635 334
123 795
409 679
270 37
326 431
347 173
522 431
229 338
640 193
686 18
29 792
375 372
77 637
134 229
414 28
329 467
490 166
507 138
634 57
457 265
798 110
734 604
410 753
302 228
254 637
432 232
84 266
509 695
365 21
404 246
286 634
79 191
92 600
704 636
499 530
105 50
106 649
345 661
129 509
240 615
535 557
131 687
1 462
297 574
651 157
164 621
141 220
452 353
795 667
414 718
421 385
464 59
587 113
542 411
593 331
159 250
14 567
667 339
155 79
664 518
117 252
69 647
449 657
168 97
488 450
296 718
171 628
206 622
98 264
88 15
495 482
374 241
406 321
765 695
34 115
4 208
639 289
351 667
738 21
58 80
193 512
522 794
421 406
221 435
40 619
603 178
84 643
721 659
71 628
512 604
448 296
701 389
382 375
19 134
121 620
171 437
73 679
765 134
339 574
467 511
38 414
477 484
500 603
586 234
2 26
95 113
310 270
3 615
563 331
582 581
476 7
127 153
500 325
784 142
80 774
489 466
79 742
523 421
595 264
688 498
128 796
13 767
110 557
132 197
156 206
716 673
676 426
160 526
318 92
701 186
584 692
104 748
626 38
702 168
496 441
199 229
227 126
349 166
630 408
776 361
448 374
712 656
410 278
552 88
142 784
80 159
230 157
40 184
129 385
312 320
128 256
145 289
74 230
191 244
52 53
6 103
187 378
335 347
220 268
103 283
12 259
160 192
180 377
15 340
153 222
348 368
249 279
209 301
117 126
36 358
287 331
173 345
83 369
23 73
93 245
31 111
152 242
165 223
96 144
23 332
162 355
196 258
199 335
328 355
281 394
49 157
10 237
37 137
264 336
61 162
18 82
328 370
108 383
186 290
184 193
32 87
58 289
24 203
119 163
85 185
252 328
349 365
250 273
21 363
44 342
219 307
307 387
7 391
87 226
125 167
113 267
338 348
45 241
226 244
87 155
257 389
22 301
378 390
248 301
198 250
227 278
174 254
28 285
271 281
96 215
88 290
13 297
154 169
139 278
141 191
209 254
163 392
262 373
180 210
163 185
234 257
127 369
60 345
94 262
155 329
1 379
20 156
160 298
194 243
48 223
151 200
1 176
23 290
159 310
187 371
256 267
76 222
177 381
25 330
131 348
88 164
293 348
324 394
96 151
292 354
355 370
116 137
381 385
237 292
6 18
101 134
93 101
37 280
195 375
15 288
366 396
36 92
96 208
137 280
83 316
27 181
67 205
131 338
266 362
377 393
138 202
100 143
33 233
263 344
201 306
305 386
197 323
223 275
25 216
54 194
163 302
305 369
26 228
13 276
185 302
52 70
253 383
52 122
125 359
0 294
103 298
341 361
15 284
261 384
220 370
103 160
92 197
10 311
86 133
22 314
327 345
332 379
85 367
46 192
145 182
309 343
123 294
80 117
26 231
133 356
38 302
85 353
118 234
54 150
155 254
98 190
265 298
145 151
138 217
228 325
29 263
112 151
205 217
95 201
63 194
184 382
164 347
117 269
111 315
33 321
171 233
39 394
17 279
57 89
9 304
322 386
28 202
101 259
37 255
78 201
19 219
51 305
5 30
94 131
135 282
8 272
87 135
30 385
369 386
23 379
119 334
214 287
161 378
230 292
316 367
12 219
180 393
143 234
1 186
52 270
100 234
57 290
76 249
58 64
36 394
125 336
106 381
107 378
20 378
277 281
93 134
102 376
201 355
142 261
163 256
107 187
49 230
72 167
118 197
162 364
322 367
22 244
60 326
152 185
231 241
2 385
72 89
205 378
33 331
174 301
270 384
102 320
223 398
72 284
77 205
32 329
206 264
148 223
157 361
107 120
129 260
90 199
116 280
22 141
27 165
296 385
102 307
272 349
11 204
195 211
43 105
107 217
252 306
151 350
93 219
201 328
317 329
5 304
135 317
4 256
0 18
95 207
182 350
91 342
71 259
290 374
150 380
19 335
4 128
18 278
269 395
32 58
102 278
117 203
121 310
109 204
71 93
126 162
97 283
172 276
168 335
123 236
170 203
331 356
194 310
222 382
214 331
80 268
50 190
265 376
10 28
139 160
155 226
84 120
181 315
136 310
193 222
107 311
63 136
254 289
74 382
69 341
366 383
56 96
94 110
67 378
142 365
116 247
108 246
206 336
131 221
158 174
44 220
189 385
29 93
157 292
83 305
3 113
271 277
158 301
144 208
113 225
115 273
213 367
206 359
167 374
171 331
61 277
79 262
142 330
9 81
24 137
77 120
86 214
128 267
158 274
325 339
39 324
102 103
119 302
6 227
287 321
154 183
49 166
68 259
35 239
275 323
284 346
304 337
252 309
35 302
85 316
80 179
5 129
240 294
139 312
218 352
16 179
229 352
302 334
286 367
318 319
66 324
183 325
24 116
130 276
8 59
238 259
146 168
15 374
126 220
336 338
192 278
207 370
104 325
143 247
83 258
110 338
55 162
244 301
106 385
137 150
40 333
4 99
147 192
12 71
60 397
313 336
180 198
214 321
8 330
98 251
72 218
188 258
195 283
84 391
260 385
86 97
342 364
86 321
224 330
79 366
99 225
49 292
149 191
214 315
50 349
211 397
342 394
34 352
243 388
16 117
157 204
218 240
248 254
283 375
300 325
37 266
92 271
39 344
102 375
179 271
73 186
316 369
22 209
202 250
91 394
64 350
50 251
187 217
232 332
40 274
201 370
23 132
374 379
322 351
33 214
299 302
55 207
203 266
69 184
88 335
141 314
94 366
32 282
116 303
122 384
186 379
127 213
1 47
15 23
11 230
97 363
132 379
273 339
56 112
112 144
64 282
251 381
64 295
246 366
316 322
191 341
214 357
25 142
89 167
340 359
54 181
139 307
239 334
68 219
253 366
69 279
139 320
150 247
180 250
166 184
53 270
83 386
2 106
47 176
222 249
125 206
60 86
95 306
184 249
288 340
3 4
126 337
171 321
235 304
42 257
61 342
84 343
20 360
34 146
1 132
300 377
174 274
116 143
111 136
97 173
66 334
104 183
124 160
61 207
79 373
160 278
44 360
71 101
31 243
23 186
238 245
67 161
20 62
41 224
183 377
94 383
195 397
51 75
21 86
101 238
252 390
207 306
145 350
103 327
149 182
107 202
124 147
85 213
263 302
60 211
190 251
137 266
144 341
58 329
103 312
112 351
227 283
180 273
38 344
63 255
86 233
213 351
86 287
32 317
300 339
141 248
242 392
56 215
143 323
61 220
112 200
172 319
227 327
208 341
189 337
15 319
110 246
22 289
21 60
141 174
47 199
10 180
59 114
156 306
53 70
218 236
127 188
74 249
339 393
277 394
142 272
47 90
224 384
12 93
54 388
218 294
72 374
195 363
22 254
206 308
71 134
210 339
46 124
156 364
39 342
22 155
51 127
88 232
41 261
206 236
64 289
24 303
113 128
45 231
32 155
0 146
87 289
31 181
224 261
35 152
37 380
114 142
68 147
178 394
61 179
141 208
211 214
2 349
322 353
297 318
25 41
284 313
122 270
23 374
233 321
6 320
228 231
154 212
69 109
68 192
137 247
42 54
211 345
173 195
244 314
102 298
325 393
31 315
102 160
80 162
29 71
52 384
156 369
168 347
136 287
296 381
175 383
338 346
41 59
105 282
246 396
188 386
77 140
165 387
121 136
226 329
126 179
93 259
65 368
191 208
62 305
22 87
220 355
22 274
242 334
179 220
26 45
159 173
10 250
45 325
83 213
253 368
272 365
38 178
204 354
321 331
264 340
14 131
1 99
101 358
118 143
129 216
345 399
33 171
198 300
75 252
78 309
366 372
183 339
7 107
212 228
50 106
324 344
42 247
28 138
167 308
197 234
140 391
30 129
283 327
116 203
103 320
146 347
69 74
334 344
110 348
7 77
59 349
5 142
349 381
175 262
110 366
0 229
184 222
41 142
99 132
343 390
89 374
194 388
71 238
290 379
174 314
174 191
56 314
81 122
46 307
89 346
37 116
159 195
144 215
198 273
5 296
164 168
97 159
17 314
260 355
105 317
232 379
168 232
133 331
363 397
100 277
68 124
76 153
44 207
299 342
100 268
34 82
66 302
216 384
207 364
213 386
233 356
298 387
36 275
17 141
308 336
271 394
212 241
11 166
72 236
44 271
127 305
107 140
293 346
10 138
291 319
288 338
87 329
66 263
155 244
107 343
264 284
169 241
313 338
148 387
46 278
343 391
234 323
21 195
49 204
213 316
110 293
77 391
46 160
94 348
30 216
297 319
35 334
85 322
30 189
48 388
49 109
179 268
197 277
156 360
57 236
273 285
134 358
152 239
154 241
126 235
144 286
159 357
149 244
28 250
59 330
34 229
50 365
139 298
8 114
294 352
240 308
276 291
55 220
34 124
181 194
57 379
33 287
13 346
5 337
127 353
91 323
208 215
49 361
85 351
176 332
96 351
178 281
58 295
165 398
197 281
69 76
250 285
92 324
118 394
353 367
94 368
35 392
4 350
0 34
167 240
109 157
316 353
1 332
91 197
204 230
65 293
265 278
84 205
23 72
45 228
64 145
38 324
175 366
264 338
210 325
73 276
289 329
306 360
68 245
235 269
63 181
261 330
108 253
92 323
183 285
130 350
17 244
95 370
288 313
108 366
124 229
81 395
39 92
310 315
181 255
246 253
228 241
35 242
170 280
312 375
291 295
1 90
112 182
233 287
4 47
62 390
73 132
278 320
68 307
183 300
79 221
115 217
14 264
142 349
241 325
96 112
127 367
219 245
212 231
26 154
286 292
14 206
171 214
232 290
102 139
86 211
45 154
14 348
31 398
127 386
219 259
167 284
7 205
51 258
170 303
204 215
82 229
72 379
80 126
288 297
161 187
149 215
167 206
13 15
367 386
257 380
180 339
95 328
145 155
0 352
162 220
162 370
114 330
371 378
25 114
153 279
144 191
115 180
16 100
191 354
70 81
225 256
288 318
23 57
46 147
55 364
153 333
175 253
286 322
31 194
48 398
300 393
161 196
65 288
154 377
116 170
17 248
179 269
141 244
202 217
5 381
6 229
147 312
83 127
175 372
189 381
48 148
100 389
132 332
134 178
42 137
14 125
169 212
129 296
298 320
195 399
69 204
65 94
98 140
96 286
121 255
111 310
21 214
222 279
286 351
91 118
17 56
152 299
306 309
302 392
75 207
40 209
109 292
149 155
18 229
116 266
139 265
202 311
62 378
39 392
9 216
18 320
126 355
110 368
38 39
138 180
173 326
309 390
92 178
366 373
145 295
139 375
199 225
157 341
59 142
31 165
66 299
159 363
170 362
109 249
9 129
245 387
114 261
108 372
25 52
88 332
133 326
52 81
76 333
11 109
66 163
54 398
160 265
77 107
35 386
98 177
158 209
258 386
55 342
79 94
189 216
260 296
57 374
235 395
53 384
365 385
245 259
40 301
269 304
224 270
64 130
152 334
139 397
9 235
349 385
84 190
56 149
259 335
199 256
232 347
28 311
204 292
57 218
239 386
7 120
149 314
83 367
124 192
206 313
70 362
208 314
99 199
31 48
266 280
57 72
111 194
56 244
114 272
215 354
162 179
306 328
45 104
204 341
20 390
323 394
366 368
111 181
298 312
69 249
166 361
123 240
277 323
51 83
66 185
221 348
21 159
147 160
36 281
51 369
48 387
88 176
34 147
119 263
169 193
178 197
368 372
25 224
176 335
102 283
192 320
181 310
158 333
9 395
190 391
174 244
165 388
243 310
170 266
60 331
16 268
293 383
254 301
136 243
225 267
200 267
92 281
123 167
94 175
172 291
202 371
76 248
357 363
351 367
19 68
372 396
138 250
77 187
247 257
203 269
90 176
287 310
136 194
154 193
265 387
153 382
282 295
360 370
49 237
55 271
120 343
262 366
173 363
285 393
83 322
187 390
117 304
147 320
102 312
226 301
108 396
131 340
66 152
60 357
91 277
372 383
62 252
53 395
110 288
0 82
181 243
14 313
105 289
115 202
90 295
26 104
126 269
163 334
244 254
104 300
16 220
244 248
100 257
284 288
10 371
313 348
47 99
298 375
218 290
189 304
28 273
6 82
336 340
357 397
254 314
78 328
111 287
86 331
119 344
123 374
123 218
376 387
2 142
219 223
82 227
182 200
196 305
17 191
25 261
16 235
131 264
82 278
65 338
173 397
311 371
159 194
20 252
189 296
79 175
183 228
138 371
78 177
326 331
107 371
67 187
122 261
20 161
38 334
205 391
81 362
115 250
69 222
383 396
397 399
75 360
11 74
12 238
75 156
236 240
57 186
120 391
118 281
15 89
173 214
185 334
257 275
239 242
76 191
235 303
13 172
14 221
181 398
67 252
106 365
4 267
274 301
268 269
88 347
84 98
131 313
101 245
44 55
212 377
32 135
306 370
104 241
95 252
284 336
193 382
100 118
91 281
42 380
8 41
297 346
118 271
22 226
175 368
270 304
178 323
3 256
184 279
166 204
109 230
176 225
79 368
296 337
264 348
33 86
178 358
293 297
46 312
38 119
253 396
265 320
24 266
246 383
2 50
271 342
264 313
53 304
236 374
166 382
367 369
103 139
242 302
191 279
54 255
85 200
153 193
186 232
18 327
87 209
125 236
174 226
58 350
74 166
257 323
273 393
54 380
48 165
130 291
73 291
9 337
103 227
155 289
13 319
12 101
66 344
30 260
111 243
118 277
61 364
163 344
56 208
48 243
157 354
199 267
164 379
176 199
42 143
237 311
236 308
2 251
11 361
173 357
95 156
10 230
5 216
77 378
71 245
27 31
90 267
74 193
9 53
105 276
4 225
25 189
159 315
123 290
153 184
185 242
27 376
336 359
46 68
132 186
196 369
32 276
282 289
161 390
36 197
231 325
60 399
242 316
99 176
144 149
3 267
208 354
58 291
21 97
55 277
283 399
303 362
38 392
31 54
58 130
103 265
265 375
111 121
26 183
239 392
16 126
74 184
134 324
293 338
29 101
98 391
149 208
37 170
188 196
226 289
38 66
58 145
90 128
109 361
198 210
133 357
157 286
173 211
26 241
24 362
133 233
181 388
167 236
87 317
24 37
87 105
315 388
19 245
2 177
250 311
252 360
39 299
215 341
162 207
47 113
313 340
230 361
140 205
39 178
59 365
216 224
245 358
265 307
247 380
27 388
298 307
288 348
77 217
228 393
75 95
21 397
201 309
126 268
343 378
325 377
75 306
39 91
3 199
63 111
180 311
292 341
56 191
368 373
191 215
28 180
78 251
51 188
46 320
326 345
104 228
215 292
201 260
260 370
86 357
127 322
127 242
113 335
106 251
260 381
3 200
6 327
73 319
38 299
163 263
284 340
217 371
258 369
189 260
307 376
65 348
86 326
207 360
217 378
262 368
25 384
3 90
103 375
20 306
14 359
52 261
57 167
36 91
291 318
318 346
105 172
142 189
138 311
38 163
285 377
131 336
276 319
40 222
28 115
132 291
130 145
29 344
29 38
127 316
95 360
191 314
193 249
216 304
237 361
210 285
44 61
273 377
47 225
203 303
210 300
41 272
91 324
280 380
156 305
141 155
26 325
21 173
30 296
97 211
150 257
99 332
14 340
104 154
191 248
206 284
238 358
15 297
42 150
2 272
32 43
67 77
91 271
66 119
210 273
130 182
363 375
122 224
36 323
119 256
299 392
106 177
14 336
86 173
70 122
71 358
89 284
139 363
341 354
3 47
17 208
60 97
19 93
9 117
6 278
261 270
258 316
19 238
29 134
135 172
109 354
167 336
56 341
240 352
211 326
4 90
41 114
210 393
331 357
128 200
211 357
103 278
100 116
164 218
59 106
226 254
278 312
206 340
132 319
158 248
58 282
88 146
24 380
292 361
18 227
246 372
321 356
65 383
38 263
228 339
13 73
143 257
30 337
15 318
73 318
7 140
73 297
316 386
66 392
20 75
283 363
52 224
80 235
83 188
353 386
27 48
127 196
65 110
177 251
17 254
203 362
65 131
121 181
272 330
97 195
248 279
51 156
92 394
89 340
20 95
130 295
216 270
146 164
129 304
42 389
213 286
233 331
90 99
20 67
197 394
286 353
78 190
29 119
39 66
56 144
186 374
304 384
125 308
217 250
304 395
309 328
250 371
183 273
375 376
100 281
115 311
178 324
9 30
285 339
69 382
12 245
239 302
149 254
130 282
176 347
193 212
15 346
47 332
242 367
43 87
1 23
380 389
5 385
72 206
164 332
25 270
302 344
67 390
92 342
88 168
5 260
120 140
351 353
228 377
12 19
160 307
136 181
18 34
219 387
284 338
288 346
298 376
21 331
72 290
72 123
276 282
234 281
260 337
253 372
160 312
117 235
213 353
53 122
275 358
105 135
64 276
62 75
91 92
164 290
209 226
143 150
80 220
4 113
281 323
180 285
107 205
64 291
33 356
266 303
144 157
222 333
177 190
19 259
21 211
10 11
34 192
39 302
104 231
161 188
119 185
196 237
76 382
227 399
85 386
53 81
146 352
106 272
313 346
131 288
129 381
263 334
97 214
149 151
109 341
43 317
209 274
177 385
283 397
388 398
152 392
201 252
92 134
67 343
67 140
58 276
140 343
112 149
36 178
60 133
76 279
234 389
5 189
16 269
55 61
15 57
138 237
248 314
43 135
83 196
284 374
110 383
133 211
113 256
90 225
121 194
91 178
10 49
340 348
338 340
137 389
135 276
78 98
79 348
139 195
157 215
120 205
89 338
254 329
258 305
112 350
164 232
77 343
173 283
28 371
308 359
1 73
134 238
117 179
156 258
215 314
117 395
32 105
183 210
89 206
141 254
221 313
165 376
204 361
16 80
205 343
287 357
94 373
154 228
239 299
37 42
56 354
80 269
106 349
3 128
102 265
97 397
76 184
144 354
160 320
235 268
162 271
21 357
87 282
59 272
27 243
221 359
213 322
156 207
128 225
118 323
115 138
113 199
324 342
187 205
249 382
174 209
152 302
187 343
14 338
217 311
56 141
258 367
81 384
188 369
151 182
11 49
2 381
35 316
299 364
168 290
334 392
13 318
22 329
17 174
264 346
94 221
0 124
139 376
154 231
44 162
242 386
148 358
60 173
8 261
79 253
97 357
327 399
62 156
62 161
29 238
54 243
22 248
166 230
218 232
264 288
339 377
195 357
70 303
81 303
282 291
183 393
234 277
55 179
32 289
114 349
211 331
67 309
186 332
22 174
129 189
323 358
188 305
4 200
24 280
47 335
243 315
316 351
143 389
44 364
360 364
153 249
62 67
223 387
243 398
296 304
31 388
50 177
171 287
37 150
187 311
115 371
223 245
139 283
27 159
53 362
63 121
20 309
299 324
117 268
26 212
10 115
61 271
295 350
40 158
36 134
307 312
3 99
5 270
84 140
109 166
57 123
30 304
216 261
124 146
148 275
174 248
127 258
12 68
340 346
2 365
89 264
79 383
337 355
17 149
24 170
150 389
137 380
214 310
289 317
13 291
216 296
288 293
9 269
175 373
247 389
368 383
3 225
226 274
129 337
290 332
265 312
35 185
133 345
116 150
216 395
148 165
136 315
147 278
27 398
255 380
26 169
194 315
141 149
168 218
41 330
368 396
93 238
225
40
96
98
103
113
114
184
31
57
101
57
35
73
194
73
61
177
40
69
105
89
93
65
56
73
128
195
40
151
88
83
83
113
70
228
38
180
161
57
121
82
19
77
204
100
125
37
108
76
11
174
123
22
60
78
120
139
53
102
148
105
108
43
89
170
60
12
79
75
111
219
123
62
141
142
69
110
42
66
135
54
90
162
59
145
47
94
34
64
132
27
90
96
118
64
52
57
150
48
116
145
108
62
74
128
56
71
74
115
102
170
89
165
50
123
57
117
48
32
122
67
118
141
115
80
55
167
199
112
175
31
175
105
39
19
91
92
19
155
164
93
66
50
32
102
71
174
114
15
60
137
103
153
50
185
136
61
61
85
127
83
140
52
46
43
57
107
169
81
28
133
64
38
44
156
77
54
28
76
158
90
43
38
205
96
112
20
91
16
45
25
62
133
160
47
59
85
120
125
141
119
194
32
56
149
58
225
109
192
68
65
72
54
158
97
43
166
95
77
50
146
43
85
53
14
80
127
73
117
173
51
81
84
167
157
100
70
28
53
59
153
19
87
63
122
44
142
55
123
99
87
47
89
150
82
39
67
112
49
83
227
73
131
257
58
89
90
95
41
130
114
117
52
86
136
207
21
145
102
102
106
204
176
99
67
76
105
61
213
43
210
198
136
80
183
116
45
97
126
129
62
113
74
112
113
136
81
79
41
249
55
102
109
56
145
115
33
103
82
102
125
55
177
35
103
145
118
243
184
11
49
76
212
173
74
191
30
95
130
115
69
56
18
100
32
51
111
192
166
94
200
163
176
170
36
27
87
115
42
54
109
79
85
181
100
144
45
146
70
178
82
117
52
57
56
86
106
143
103
171
49
120
108
93
99
124
140
101
67
180
119
39
112
174
197
107
103
32
71
73
78
160
143
78
193
16
212
43
70
164
196
123
77
140
91
33
43
191
55
104
230
100
69
195
134
95
179
246
136
73
135
67
90
91
82
81
71
88
87
80
95
87
89
118
114
33
129
27
106
56
48
74
150
58
146
146
114
54
125
133
118
82
182
97
120
84
77
137
26
131
115
115
29
48
102
155
82
82
50
158
60
129
36
120
70
100
110
139
100
152
124
50
127
120
143
51
63
127
79
42
29
64
65
72
99
42
52
57
25
127
33
107
84
127
109
208
152
55
114
143
225
13
27
39
171
164
151
110
106
153
65
35
53
122
115
98
209
36
135
17
112
30
24
149
69
34
158
197
138
70
37
118
30
61
107
57
198
56
103
73
108
38
145
164
81
53
93
195
142
50
71
207
85
107
168
125
103
168
134
95
131
58
53
72
81
124
114
68
126
94
204
23
51
179
108
117
50
94
208
33
45
59
96
56
148
124
171
83
76
121
46
61
79
92
108
85
51
103
131
34
63
43
79
57
50
71
129
78
199
77
95
22
21
122
125
176
44
102
120
140
50
121
113
207
136
78
68
65
27
138
94
111
218
73
113
117
57
172
90
79
63
159
153
25
59
66
57
78
74
42
38
74
75
113
83
93
154
126
41
122
158
50
184
152
175
36
114
64
202
29
99
81
77
128
88
69
51
174
78
155
69
74
204
127
157
152
55
81
101
121
70
17
93
125
91
80
91
141
74
93
73
177
186
82
153
40
150
121
198
138
40
110
74
82
40
93
65
117
128
119
174
130
29
68
60
25
43
12
146
70
72
100
29
118
73
217
110
33
98
202
156
17
149
69
81
112
157
168
62
125
114
186
19
93
93
111
132
165
25
88
45
55
80
115
98
120
85
37
120
163
133
165
64
85
45
43
149
63
89
113
55
68
110
104
115
104
110
78
79
76
120
50
46
118
147
149
122
85
39
119
58
91
74
87
159
102
38
86
89
29
138
31
147
130
84
111
25
36
75
111
108
66
99
50
41
51
222
81
122
55
37
112
218
54
116
129
108
55
100
138
54
113
239
66
175
79
126
43
11
243
176
17
49
123
74
200
95
102
134
110
55
43
91
70
186
143
114
83
47
149
119
155
18
159
83
94
120
73
153
94
21
63
38
166
172
70
182
55
71
255
89
94
100
124
55
112
109
73
41
50
40
235
77
86
39
157
54
112
54
69
68
80
151
50
98
207
80
102
100
65
122
182
97
90
98
63
76
70
217
150
160
136
60
214
122
62
95
75
53
27
153
139
138
95
72
69
85
183
113
184
205
33
162
25
139
144
202
81
60
81
159
106
138
75
99
119
161
33
33
185
77
202
106
169
50
160
45
67
90
109
134
132
92
206
79
77
287
104
61
84
176
70
80
91
109
84
115
90
142
71
132
142
194
37
98
85
60
44
79
127
113
78
61
128
223
72
134
208
74
136
119
67
134
154
152
79
177
108
58
99
208
126
58
66
13
94
51
35
51
102
257
68
191
100
74
32
106
130
46
171
147
63
276
197
118
127
69
105
111
21
135
95
89
169
136
87
81
163
71
56
89
161
130
47
109
77
30
32
59
152
57
54
57
69
55
142
165
70
144
91
86
58
109
49
71
190
235
76
90
165
84
99
138
91
126
80
158
72
257
41
122
148
44
145
22
118
50
89
30
186
138
69
92
175
93
87
101
75
152
41
58
118
59
133
85
130
92
242
191
164
94
184
112
67
124
80
84
22
115
88
161
152
30
64
62
87
120
99
87
65
175
90
87
69
45
52
192
164
103
169
56
49
59
128
149
41
125
152
160
46
38
52
91
202
180
117
51
121
109
179
175
100
49
78
56
110
227
146
187
160
91
29
81
122
53
177
140
22
45
215
47
75
93
138
114
53
46
60
72
135
108
96
139
153
48
75
60
47
43
133
114
68
106
117
154
50
57
154
38
72
59
96
176
205
143
196
147
57
49
83
80
30
52
72
99
29
136
101
200
192
62
124
50
58
103
52
155
93
114
40
77
108
171
104
148
179
122
160
26
154
119
161
215
217
102
57
49
135
39
82
98
56
23
155
134
135
141
92
128
145
109
182
170
134
239
187
152
116
100
66
109
134
105
33
155
60
115
51
79
49
122
60
132
86
44
111
42
26
178
118
84
141
53
76
72
114
181
84
75
186
202
91
87
100
134
160
169
73
171
100
208
97
84
82
83
158
61
63
64
133
208
195
57
91
125
141
105
70
147
60
53
91
11
86
65
100
83
108
57
100
92
82
166
28
52
88
166
142
139
116
55
202
16
70
49
144
79
84
44
137
73
38
87
193
165
86
34
105
92
136
185
136
187
79
205
54
110
135
109
29
59
86
57
142
119
95
96
72
148
46
65
73
252
76
60
86
47
117
145
47
134
89
135
155
58
75
176
118
41
114
85
136
33
166
79
191
182
44
73
82
171
150
160
189
141
96
94
86
71
32
20
193
130
113
164
94
116
105
93
54
115
124
61
193
116
104
104
99
111
149
46
66
42
141
93
164
59
106
124
106
92
62
78
50
170
127
159
176
53
120
70
65
115
199
109
207
123
84
191
27
83
89
96
162
44
198
117
62
99
76
41
166
126
152
78
107
116
109
81
103
40
175
61
150
29
103
68
90
15
143
31
129
89
136
95
159
151
77
42
221
70
80
114
76
203
108
112
125
58
206
89
98
23
52
79
102
237
113
101
136
144
187
45
128
243
66
191
99
126
107
64
181
155
74
65
97
62
123
59
19
107
96
175
86
126
30
90
88
107
24
70
48
124
76
111
194
82
79
94
77
115
68
33
36
85
121
75
99
133
63
63
107
143
41
103
96
66
116
167
30
149
54
153
75
199
30
203
47
39
164
49
105
170
51
185
92
115
110
65
109
77
118
188
235
84
146
114
137
44
58
77
17
65
90
41
70
42
106
49
163
176
126
73
46
116
118
65
34
137
44
13
24
71
14
136
117
22
104
148
41
71
32
185
68
101
66
118
97
127
90
62
166
130
57
34
82
178
88
86
57
72
142
150
68
91
167
76
99
111
141
91
237
150
75
211
82
70
91
80
65
62
17
157
120
65
154
57
118
145
153
114
22
188
34
47
13
169
95
73
199
55
118
79
114
38
120
137
103
161
84
29
244
130
93
129
106
177
57
109
119
37
151
19
51
124
105
138
138
72
174
154
68
121
38
228
122
56
119
135
100
43
68
149
92
80
70
245
74
117
93
69
23
50
67
127
31
158
69
25
178
55
149
156
26
207
108
120
33
58
55
127
76
93
94
67
119
144
77
105
250
109
28
80
154
114
164
119
115
12
54
72
120
164
202
48
136
66
48
111
82
289
142
44
112
114
69
167
56
170
61
105
66
29
136
92
124
115
92
66
111
119
146
102
117
98
59
64
140
69
71
179
88
56
136
49
83
139
159
107
66
134
211
15
91
82
118
139
74
90
119
163
165
63
147
106
93
151
43
40
65
93
79
42
87
226
109
71
122
131
112
85
67
29
13
111
119
70
159
91
164
139
90
70
77
86
100
182
207
97
184
57
58
75
90
111
48
133
84
90
55
84
227
131
54
144
59
137
219
82
50
155
45
208
22
