283 138
539 615
322 176
554 77
14 750
398 53
591 541
565 785
371 251
288 254
11 298
6 283
779 455
95 205
406 598
133 790
776 249
594 430
525 690
246 70
720 782
521 392
216 582
536 655
470 45
536 509
617 373
128 796
206 128
7 97
105 393
203 575
203 680
734 121
246 666
101 644
360 652
341 771
473 102
155 41
15 111
280 478
353 753
19 611
135 691
16 312
406 727
200 410
94 371
102 247
182 515
394 276
181 159
411 222
301 142
681 493
764 527
328 345
108 72
324 393
326 76
152 517
67 763
275 291
749 199
176 451
737 164
777 216
350 14
268 152
730 731
746 184
575 142
370 330
35 533
478 137
601 739
734 269
583 580
278 240
138 129
563 581
284 322
1 235
405 523
444 178
249 717
594 399
279 438
392 25
140 503
56 403
107 699
44 133
21 740
604 239
23 734
210 200
771 704
533 678
438 35
258 150
355 67
683 226
211 570
147 657
448 505
277 447
537 437
361 213
552 559
470 176
228 101
352 45
145 265
460 69
102 302
698 97
771 364
80 11
44 195
63 689
277 470
641 556
365 344
61 447
183 759
267 291
17 214
666 409
407 177
665 791
237 539
626 375
560 412
534 261
774 112
138 512
780 59
384 530
712 767
180 596
481 34
56 369
161 31
652 86
359 659
450 554
278 304
154 475
779 131
319 575
541 298
318 777
311 310
641 273
716 697
246 604
515 555
695 553
584 361
193 99
159 278
728 42
255 534
32 153
493 788
173 573
546 262
619 359
731 506
648 448
130 785
415 175
180 87
69 219
581 658
158 143
326 494
525 64
662 44
378 706
448 746
140 54
780 750
293 95
270 506
282 146
660 31
287 780
613 170
393 254
442 546
75 46
356 445
31 61
465 214
605 95
340 308
290 522
237 694
379 241
675 648
696 466
257 522
77 80
658 265
714 631
262 658
172 43
553 380
363 742
749 206
86 20
612 153
631 735
594 145
386 630
735 424
50 41
497 797
339 204
34 787
55 440
498 50
252 523
61 52
313 61
460 380
252 335
684 79
735 385
686 615
295 73
721 288
699 247
291 23
129 483
281 226
760 183
419 131
625 483
739 347
717 128
513 785
555 177
300 273
712 246
227 402
39 488
270 589
658 564
798 32
159 45
575 254
639 508
270 642
601 763
751 741
107 460
753 463
282 261
246 626
246 535
440 752
79 463
637 37
465 136
644 324
441 356
157 59
119 455
79 253
52 110
674 221
653 759
587 664
436 582
375 446
233 797
422 488
391 445
485 587
87 348
493 13
488 677
258 20
76 743
117 11
589 215
140 733
741 510
452 251
275 131
190 648
513 469
665 318
754 468
232 643
197 318
163 258
475 44
31 102
512 633
334 462
711 518
469 426
780 469
41 475
59 627
351 649
276 155
640 798
421 420
669 568
596 571
150 44
764 56
661 735
757 668
1 349
127 614
619 718
223 709
567 85
28 628
351 727
31 555
39 685
61 517
145 79
409 18
614 196
441 662
493 31
74 736
401 401
573 733
744 49
582 24
135 359
332 107
530 7
107 201
546 635
453 433
486 544
195 368
120 379
78 685
769 246
178 70
637 603
217 697
765 171
291 553
436 395
427 639
507 129
284 786
388 480
264 273
324 117
645 603
774 712
311 524
648 509
20 559
108 398
92 261
385 57
712 792
540 313
661 270
164 367
768 336
63 680
719 766
278 83
607 371
63 706
332 69
89 320
608 193
364 722
454 403
86 387
709 346
9 739
452 131
736 476
506 217
388 50
433 207
225 615
264 104
534 203
548 205
786 345
293 430
101 311
61 167
42 264
38 358
58 219
309 328
173 393
105 141
152 254
13 128
237 259
116 175
208 323
72 197
262 294
115 301
87 169
38 301
133 379
113 233
277 357
111 393
95 254
298 323
49 300
60 113
69 112
42 189
246 261
21 160
190 289
5 370
6 123
37 181
123 232
59 88
70 319
77 350
249 327
151 355
49 120
86 279
278 304
57 198
271 368
312 322
8 393
56 307
91 125
115 389
86 153
209 253
59 124
222 388
178 194
234 398
53 221
63 127
283 348
178 304
28 52
99 276
76 215
84 106
277 333
62 388
76 322
125 271
157 394
157 250
56 260
336 345
125 329
329 367
245 396
341 378
38 334
33 354
203 241
24 115
320 382
44 121
136 338
60 341
251 314
256 262
370 381
229 361
14 333
391 397
15 62
48 91
14 282
32 34
197 339
109 191
275 377
8 53
67 71
253 270
262 298
169 210
293 362
114 175
64 150
283 320
11 45
132 225
106 360
233 395
118 218
100 334
237 265
364 377
65 237
121 328
228 336
117 243
168 391
218 307
293 395
157 298
324 358
168 396
391 396
183 288
229 347
26 296
105 290
145 180
1 303
110 158
197 324
191 393
84 281
95 206
88 178
33 243
142 334
58 226
54 395
67 350
251 255
175 343
23 99
57 82
217 333
140 184
201 221
176 322
153 189
232 314
160 210
287 349
117 145
294 298
13 114
36 310
37 211
265 329
234 296
131 318
117 180
56 305
216 245
332 383
216 324
125 308
276 337
76 131
136 239
22 104
101 187
339 342
2 362
65 347
84 192
42 46
249 329
107 399
129 231
34 256
328 376
369 382
227 233
299 340
136 252
66 103
281 345
67 239
0 362
195 213
99 176
308 329
35 349
14 217
92 335
107 122
391 393
6 81
147 277
139 277
312 371
166 264
131 312
171 203
274 383
53 292
121 287
22 132
295 345
234 235
130 240
152 168
275 322
111 267
223 368
270 330
10 143
66 136
105 349
375 387
9 63
68 113
140 258
47 149
231 260
96 222
137 259
150 354
183 330
153 279
135 152
48 116
149 237
299 300
176 337
202 314
200 294
181 384
234 242
79 246
89 370
51 73
206 296
60 233
126 353
51 53
20 258
35 321
7 166
272 343
272 369
65 248
36 217
115 334
125 259
137 237
4 388
349 380
149 265
5 113
288 316
68 331
138 338
129 387
196 396
144 316
330 351
114 116
62 335
349 376
200 256
111 391
170 307
53 85
183 270
14 147
196 393
314 363
209 270
61 271
100 284
90 265
41 107
35 44
129 379
85 393
7 220
96 335
1 99
99 285
31 263
28 174
3 324
291 297
191 201
207 232
147 280
171 366
335 376
186 355
48 382
292 393
294 353
218 297
144 253
140 318
327 367
49 382
58 119
58 80
314 315
340 368
39 316
19 395
97 300
179 334
43 328
103 235
130 201
75 111
22 250
20 318
181 333
89 331
231 387
66 71
158 346
20 184
133 296
12 307
314 366
192 346
132 263
133 160
44 92
5 89
24 224
229 248
203 218
29 93
89 381
77 234
16 239
92 349
50 61
131 377
131 371
33 71
22 262
64 235
18 344
71 212
112 378
83 120
87 171
42 153
260 297
168 254
0 311
280 345
305 390
153 326
24 142
17 379
87 379
33 66
376 380
32 86
55 241
24 284
233 362
362 381
282 346
100 115
205 219
26 133
185 341
290 335
142 224
15 126
112 395
289 396
12 218
75 267
50 149
159 170
136 138
301 334
144 288
5 115
151 365
62 94
55 159
1 23
175 369
212 247
110 282
15 27
115 240
48 368
289 332
117 138
29 226
199 204
94 328
66 243
110 344
283 386
206 235
86 323
0 54
94 380
16 64
69 395
224 284
6 251
222 335
91 143
114 299
113 381
259 265
26 160
98 319
119 219
9 198
190 216
39 183
129 133
78 158
24 100
275 337
119 226
347 348
257 322
225 355
245 332
287 335
50 104
133 134
28 351
120 175
154 246
14 277
116 340
71 247
102 227
184 258
36 384
57 124
164 365
16 77
102 392
54 185
142 342
232 251
121 380
256 298
225 365
138 317
145 230
235 274
34 298
119 205
53 201
146 357
294 394
125 386
71 150
244 264
34 86
35 121
118 242
181 211
206 373
215 337
6 315
120 369
47 65
31 141
154 261
0 395
214 383
279 359
304 399
64 71
0 293
348 386
305 366
147 346
162 300
88 194
61 137
57 59
60 185
159 390
77 247
52 174
257 275
26 379
209 330
178 186
336 385
223 308
98 364
50 65
245 358
326 384
141 321
32 262
53 130
43 327
259 368
356 385
46 384
85 389
129 171
203 255
191 221
19 378
179 224
281 385
42 359
203 390
72 383
254 383
110 346
306 385
117 230
250 256
165 302
340 382
21 385
218 231
93 120
91 223
106 277
91 265
61 90
194 360
50 137
154 198
69 97
204 263
268 379
14 36
186 199
118 387
90 137
81 303
273 302
387 398
213 288
150 239
45 283
95 274
254 396
214 289
40 302
328 335
146 384
199 365
9 79
35 92
117 136
119 288
22 31
20 275
6 366
142 284
318 377
111 240
121 376
65 149
41 186
155 274
270 351
5 68
196 391
126 172
16 350
171 255
93 195
34 323
28 395
131 257
143 348
17 171
206 234
332 397
83 272
115 224
115 267
21 306
210 228
257 312
226 288
268 373
92 290
30 348
25 158
378 381
260 390
103 206
134 295
105 294
163 338
184 364
47 347
142 179
220 264
98 156
18 166
166 337
296 373
53 196
159 366
269 336
71 243
306 313
87 210
110 303
242 398
35 376
24 38
309 321
18 23
1 78
114 343
190 332
278 356
23 282
37 46
58 183
186 365
58 205
51 201
77 373
228 269
193 195
62 222
43 74
170 291
139 360
179 342
280 360
163 180
29 195
88 399
78 81
103 212
67 212
29 273
78 352
211 384
126 290
132 167
309 327
123 255
93 273
100 142
76 257
205 273
3 339
43 325
133 169
19 161
36 181
91 368
41 365
189 326
95 168
121 349
38 75
59 107
156 364
164 355
281 313
144 183
122 304
64 247
32 353
25 295
217 277
187 293
52 161
58 270
263 355
64 350
144 351
66 212
79 221
41 225
66 239
139 192
117 163
179 358
80 161
194 336
144 330
281 336
214 245
120 273
10 320
102 362
19 112
42 326
30 386
285 357
309 367
16 67
294 321
155 206
298 353
150 243
75 115
131 275
206 268
250 394
216 332
63 229
79 127
70 364
68 392
174 270
233 286
75 85
25 346
33 150
2 187
334 342
101 293
28 161
8 201
101 112
127 361
34 262
183 351
92 328
204 225
94 287
50 167
189 359
152 210
200 323
46 146
335 380
12 170
11 369
201 393
148 246
66 67
210 372
35 325
46 182
76 312
266 339
220 244
31 104
156 318
181 264
132 204
200 353
195 226
84 147
68 236
25 110
60 378
140 377
106 139
156 377
70 318
81 315
164 263
60 102
111 389
55 366
130 389
352 363
127 299
74 308
208 262
65 271
76 176
104 394
238 261
310 357
4 287
237 329
132 199
152 372
107 178
101 395
118 398
55 123
94 388
106 192
122 399
328 388
309 349
106 147
39 144
111 130
44 294
218 390
206 247
95 397
220 337
100 392
93 205
301 342
233 378
54 362
17 26
235 373
255 366
188 339
328 380
42 211
105 321
51 191
124 198
178 365
298 394
233 381
100 331
6 255
131 215
173 240
160 379
192 280
96 380
223 249
35 380
36 326
130 196
2 311
6 241
52 177
95 383
41 122
84 277
168 397
240 389
118 375
178 360
50 132
189 279
178 199
130 173
140 312
247 274
183 316
123 363
232 363
33 338
7 257
260 307
236 286
174 209
104 250
67 354
17 241
216 289
89 102
127 246
9 221
6 25
19 286
31 394
380 388
375 398
18 276
90 271
325 367
270 316
84 360
63 238
235 350
64 212
107 248
69 101
161 351
303 333
258 371
20 140
200 298
6 352
125 249
34 394
22 263
82 148
215 257
5 100
239 350
138 150
58 213
84 139
72 190
39 351
292 391
163 317
245 397
199 263
38 389
15 290
341 381
76 99
197 230
323 353
204 365
69 311
21 356
129 203
9 246
262 394
3 358
202 352
278 280
89 100
78 110
254 332
33 138
39 330
30 374
82 154
152 160
145 197
72 332
85 240
223 271
153 384
109 173
281 356
100 301
265 368
313 345
188 266
86 126
381 392
10 128
96 287
70 371
5 392
98 258
183 209
164 225
247 350
221 238
104 262
319 364
185 381
143 382
325 327
46 181
274 373
282 357
87 160
37 384
115 179
254 397
190 214
180 197
143 386
14 192
2 221
174 177
98 377
49 116
50 90
82 246
138 163
265 308
272 382
108 134
48 374
75 240
64 66
233 236
136 354
21 134
224 301
213 219
113 392
94 335
123 315
30 91
160 372
42 384
124 154
104 132
91 308
134 160
41 304
67 77
103 274
96 328
88 304
2 54
17 108
183 213
331 370
55 255
111 196
313 360
125 223
128 272
44 105
98 184
48 283
149 368
165 175
140 371
207 363
4 94
248 347
284 301
111 173
167 321
32 323
173 196
182 264
203 297
224 334
203 260
2 69
168 372
57 63
68 102
252 317
37 189
38 267
54 311
32 294
153 211
12 291
6 78
54 293
18 285
317 338
29 302
2 109
99 337
151 217
253 316
212 239
185 233
278 313
10 272
250 263
83 128
18 337
97 101
94 121
49 272
123 366
64 239
41 178
63 261
37 359
132 250
112 161
168 245
33 317
62 287
7 312
1 282
74 367
228 306
146 326
125 265
13 120
88 107
236 381
235 247
70 156
12 260
26 210
47 248
25 108
48 386
212 235
275 318
176 303
154 361
158 282
209 316
100 370
170 297
208 353
161 270
148 154
64 77
57 148
174 316
185 362
244 257
21 210
250 355
256 394
109 393
0 341
90 259
106 280
148 198
280 281
181 326
269 306
255 314
4 96
227 341
327 329
28 112
278 336
128 165
90 237
227 362
382 386
17 210
279 323
164 204
99 344
117 317
54 101
213 316
167 394
172 335
20 371
283 382
40 226
53 191
11 128
38 142
131 140
76 337
44 290
44 349
22 164
161 174
23 303
156 319
214 332
227 378
31 157
108 210
244 337
30 48
45 143
77 242
176 344
130 393
145 188
3 179
117 338
259 329
212 350
216 383
148 261
136 243
297 307
39 174
139 280
270 288
76 276
77 235
209 351
30 271
55 291
50 237
265 271
254 289
58 273
123 251
113 331
72 324
231 242
341 362
133 268
56 297
122 178
166 244
190 245
303 344
160 268
233 293
249 308
0 101
22 141
310 326
283 368
182 220
136 150
1 276
14 310
315 363
336 356
132 164
85 130
143 368
133 210
227 236
169 268
116 283
114 162
17 160
139 365
118 231
185 227
186 204
281 304
7 76
155 296
59 194
70 184
61 65
83 175
96 388
46 326
120 272
27 287
180 266
88 122
261 361
313 385
1 285
4 62
111 396
220 257
277 282
211 326
58 193
77 103
87 129
54 341
9 361
141 167
106 295
340 348
309 376
42 181
65 90
16 247
52 112
149 271
159 314
95 155
51 109
68 381
62 172
102 113
187 395
115 142
104 141
66 117
314 352
64 354
275 371
39 253
219 302
268 387
204 355
71 350
282 344
242 387
161 177
40 273
70 98
19 185
198 246
269 385
226 302
355 365
66 150
285 344
26 129
192 282
40 165
48 143
316 330
159 251
234 350
347 374
193 226
39 270
230 243
173 267
89 392
4 222
345 385
137 167
180 188
51 292
48 348
156 202
135 391
95 373
63 246
78 344
269 356
116 382
103 332
17 134
45 83
11 83
85 196
251 352
291 390
84 280
29 219
169 296
306 345
10 11
38 240
297 305
300 369
144 209
6 110
282 303
85 111
121 335
123 352
3 72
258 318
38 224
143 320
287 380
257 337
94 96
43 367
328 349
5 331
181 217
225 263
139 178
178 355
80 330
79 261
95 135
61 149
75 358
205 226
368 386
201 292
35 105
229 299
147 158
23 276
111 358
78 123
102 370
36 146
313 356
163 230
194 281
22 157
202 363
161 330
137 271
325 328
296 387
203 305
107 186
46 264
24 334
109 130
245 391
73 269
234 387
185 293
60 227
71 239
63 361
245 383
283 340
187 311
85 391
227 381
95 332
257 318
260 305
155 373
145 214
55 170
173 389
26 87
80 177
135 396
19 233
335 349
309 325
38 115
85 267
63 148
163 252
92 105
39 209
144 270
92 376
258 377
13 343
55 171
110 315
99 303
49 343
20 377
340 347
228 345
121 309
16 212
181 310
32 298
18 99
313 336
12 390
146 217
170 203
202 207
30 143
114 369
127 148
340 374
8 51
195 302
291 305
141 294
102 381
157 208
14 357
26 169
156 207
13 175
52 97
8 246
22 394
214 216
170 260
128 175
81 282
17 87
79 148
89 113
202 232
289 383
267 358
278 281
56 390
260 291
348 374
312 318
293 378
49 175
74 327
285 333
239 243
76 275
46 211
81 158
0 187
211 264
77 375
157 262
29 165
103 155
207 319
259 271
13 49
145 243
170 390
74 249
164 250
54 69
251 366
331 392
194 304
286 378
250 262
15 335
267 389
289 397
322 337
33 117
166 182
238 311
163 188
181 182
0 69
49 369
45 320
293 311
32 208
251 315
21 87
305 314
129 218
18 176
206 274
238 246
230 266
193 213
191 292
165 273
233 341
186 225
96 121
14 146
6 363
151 199
304 360
215 318
40 205
285 303
109 221
63 79
281 360
242 375
43 376
164 186
135 372
28 101
47 88
251 363
55 390
33 163
166 220
183 205
123 314
86 353
378 395
304 365
0 378
179 284
266 324
107 304
63 154
287 388
295 306
27 126
162 382
174 351
95 190
93 165
190 197
239 354
134 210
91 283
287 290
34 353
241 366
207 314
88 248
109 201
307 390
69 187
62 96
141 157
140 275
205 302
64 67
27 172
13 272
335 388
26 134
104 263
30 340
11 272
177 330
80 174
159 232
127 238
104 164
117 188
226 273
116 162
231 375
203 291
66 354
200 208
228 313
24 342
1 315
148 229
251 305
76 318
15 172
181 357
135 289
143 283
73 154
62 92
19 236
249 259
13 165
116 300
171 241
77 212
231 398
135 254
72 214
7 215
52 80
86 359
108 295
34 294
30 368
47 374
151 250
132 186
49 114
148 361
1 110
57 73
129 169
98 140
30 283
12 118
208 394
26 268
93 302
23 344
21 108
102 341
120 343
81 110
196 292
106 346
82 361
150 317
72 245
134 379
96 376
24 179
180 339
120 165
203 366
348 382
161 209
238 361
78 363
219 226
9 261
41 88
56 170
141 394
135 397
269 313
274 332
146 181
34 157
256 353
68 370
18 303
185 187
1 158
324 339
158 192
155 254
194 278
264 384
325 376
287 376
61 237
1 344
9 148
205 213
370 392
227 286
70 140
92 380
59 278
40 195
85 173
53 173
24 301
70 377
176 276
34 208
119 193
172 287
223 259
32 44
3 197
72 358
208 256
215 322
199 355
108 306
275 312
58 330
59 336
195 205
223 265
60 381
33 136
114 300
30 259
234 373
155 247
100 224
243 354
81 352
4 335
87 133
383 397
1 81
371 377
74 329
74 265
178 278
190 383
291 307
310 384
10 83
31 167
121 325
183 193
228 356
179 301
174 330
20 70
195 273
94 222
185 378
179 324
38 179
170 305
82 198
68 89
249 367
333 357
104 167
159 363
259 308
146 310
245 289
182 244
147 282
343 369
59 304
32 105
63 82
53 393
120 128
123 159
8 198
73 336
162 369
157 256
113 370
72 289
237 271
217 357
155 235
81 344
253 330
188 230
75 389
58 316
23 81
210 379
185 395
186 263
280 313
87 108
104 225
126 279
9 238
3 224
62 380
55 203
142 301
195 219
135 168
153 359
49 162
71 354
125 368
276 344
119 213
40 93
187 362
197 266
24 331
139 147
155 268
91 348
56 291
0 2
27 290
234 247
47 340
146 211
6 158
145 266
316 351
82 229
55 251
136 317
60 362
25 81
180 230
57 154
87 134
22 298
28 177
253 351
55 305
10 45
14 139
193 219
104 157
37 153
232 352
17 133
79 238
41 199
113 227
7 244
27 62
73 198
23 176
69 293
241 255
86 208
212 354
193 288
156 258
124 336
54 187
112 293
224 342
53 111
5 102
91 386
348 368
122 199
112 351
276 322
295 346
91 320
92 121
103 373
23 285
174 253
95 289
114 272
31 132
10 382
106 345
184 377
182 285
22 167
268 296
32 200
0 185
306 356
194 313
215 275
223 386
180 338
151 164
43 309
116 272
1 176
213 226
8 221
51 198
14 84
345 356
11 320
103 247
35 309
311 395
34 200
297 390
7 337
222 287
21 345
86 200
78 315
162 299
51 124
37 326
336 360
248 374
33 230
37 42
8 191
12 297
138 252
79 361
169 379
172 290
215 276
72 216
28 97
182 384
249 265
137 149
116 369
277 346
208 298
246 361
340 386
160 169
48 340
78 176
192 277
29 40
254 372
90 149
126 323
218 260
159 291
15 287
59 399
41 204
284 334
179 339
278 360
13 369
247 373
193 302
122 225
8 109
368 374
46 333
132 355
240 267
127 154
175 272
358 389
2 238
9 154
197 214
127 229
197 216
122 186
218 242
9 127
53 109
159 305
41 399
112 174
234 375
39 288
82 127
70 258
178 399
236 378
258 364
159 352
284 342
318 322
217 310
140 156
92 287
16 234
21 228
299 374
73 124
97 238
194 399
230 338
252 338
127 261
88 186
86 189
183 253
122 204
20 131
85 292
228 385
396 397
65 137
147 192
164 199
64 103
193 205
60 370
199 225
306 336
45 382
202 319
158 303
70 275
299 347
39 58
315 352
149 259
258 319
33 239
36 357
168 289
215 312
36
162
201
121
88
82
98
139
104
80
71
100
146
108
163
50
103
165
35
152
125
113
60
68
112
41
188
111
44
121
71
30
131
114
75
173
191
81
177
53
109
219
90
103
97
226
154
80
100
136
243
16
133
144
124
229
141
15
110
54
89
155
44
138
104
120
84
102
57
42
126
133
164
66
72
167
74
119
173
39
252
198
131
90
25
47
130
142
85
93
196
73
206
132
108
149
120
104
87
19
59
107
124
188
113
150
34
23
75
124
196
116
77
155
79
60
107
51
91
87
85
77
138
163
93
83
179
172
165
53
87
70
104
81
100
107
84
18
24
139
56
71
96
116
57
127
119
125
126
151
47
141
107
63
117
118
128
15
42
148
159
111
78
138
148
16
92
42
108
186
196
34
55
164
84
105
60
129
100
35
108
43
44
75
26
108
194
134
147
42
125
199
70
112
50
83
53
43
109
54
39
221
164
76
78
80
85
77
137
70
122
59
134
100
143
67
164
62
119
124
79
93
101
53
53
203
122
59
157
73
60
180
51
151
50
158
109
107
129
49
128
67
36
147
104
64
148
87
144
120
172
148
19
83
37
111
124
46
16
51
164
89
132
86
56
88
179
30
80
58
35
40
116
83
170
131
30
138
96
58
30
151
86
190
62
79
120
80
182
68
142
112
144
82
16
89
34
87
105
119
125
84
89
94
135
80
23
169
18
154
123
136
184
89
11
95
127
138
151
52
182
116
128
117
88
42
131
32
73
100
153
39
178
123
20
129
48
87
40
76
146
56
128
46
151
45
89
152
86
146
68
197
90
58
96
170
96
69
5
33
32
151
144
79
43
144
58
58
49
96
62
111
69
125
67
69
68
27
51
164
53
143
84
99
68
25
137
96
124
40
50
155
103
136
181
100
49
84
77
15
180
33
66
151
96
43
173
72
178
97
112
72
50
120
58
97
59
99
153
84
78
61
83
62
60
91
144
75
20
112
103
51
98
99
195
126
97
78
17
123
153
129
58
58
61
155
120
83
65
77
73
123
98
63
137
112
145
39
82
145
34
43
55
67
77
84
208
81
191
70
161
74
138
49
84
12
135
54
159
132
90
115
54
48
95
115
22
17
94
172
105
27
118
30
52
47
98
94
144
121
23
93
130
80
54
10
83
196
25
85
164
72
87
103
31
76
111
79
161
82
58
68
99
187
69
117
155
163
52
58
108
90
78
70
78
95
94
221
165
41
47
68
76
121
45
95
133
35
193
23
164
35
144
90
66
140
92
81
69
35
135
124
43
44
72
117
40
30
147
120
50
161
158
24
74
76
108
53
168
98
101
15
94
200
73
185
105
156
163
90
97
207
81
158
179
232
68
171
74
82
36
149
147
56
71
108
131
26
74
109
86
172
72
118
177
93
128
149
62
110
89
117
229
130
63
151
90
57
65
116
27
165
92
131
44
126
45
45
216
63
48
63
185
23
65
65
87
88
115
24
31
206
58
92
80
54
119
106
135
125
67
106
64
110
100
23
33
117
152
82
139
159
132
26
35
74
132
83
71
60
136
79
29
57
194
49
146
84
95
123
48
56
84
138
47
97
153
140
65
92
145
112
95
240
108
83
44
47
59
122
104
99
139
22
89
108
136
55
86
82
161
139
106
133
150
94
110
97
177
80
132
111
57
92
34
158
19
105
54
198
6
88
92
11
154
54
128
62
139
147
129
88
177
141
140
58
111
80
34
10
160
154
73
20
40
115
174
63
101
21
200
181
174
46
9
67
102
84
88
14
190
85
91
166
152
91
37
189
173
107
144
31
91
110
33
130
19
50
93
123
131
145
15
79
199
96
74
158
244
55
102
119
56
72
73
51
25
121
35
17
47
62
108
72
38
100
102
142
185
91
28
113
91
72
74
105
93
137
107
68
85
11
108
77
55
74
155
106
139
119
24
99
70
25
85
91
137
84
83
42
98
157
122
81
182
69
105
140
82
132
105
116
30
89
61
180
43
96
141
178
14
118
13
49
185
143
41
77
169
87
147
149
31
42
61
155
136
146
31
69
69
182
78
60
134
79
72
105
251
191
29
135
24
247
64
38
40
172
111
67
91
39
129
192
49
79
72
101
62
78
154
71
161
93
165
76
104
105
56
224
113
241
158
120
18
94
62
31
66
184
173
126
96
162
85
36
119
184
54
84
165
92
19
126
82
112
93
110
228
116
118
110
149
75
126
67
160
111
109
55
113
54
68
110
52
145
90
64
129
85
80
112
93
114
167
125
24
65
67
118
58
96
81
87
79
154
22
112
38
49
56
135
213
41
174
35
76
48
102
174
60
93
21
77
58
126
60
150
84
92
49
68
98
58
59
130
201
49
76
47
27
39
124
184
157
22
38
42
130
135
169
76
112
103
92
56
68
19
86
76
138
146
68
139
152
59
76
151
60
130
198
37
59
23
152
19
67
66
162
39
152
45
66
29
82
166
69
39
126
66
97
152
37
149
144
117
58
149
77
69
83
100
138
91
45
86
130
51
103
75
48
140
76
50
95
162
25
136
128
90
213
13
47
220
127
119
102
90
35
73
191
64
182
82
137
45
90
84
163
22
37
89
98
121
80
132
101
51
115
223
50
56
94
62
110
177
75
147
79
116
65
153
160
98
83
48
44
129
88
99
113
66
98
37
157
77
91
13
100
145
97
20
128
92
149
158
28
55
39
113
57
208
26
147
147
71
41
52
111
83
172
89
102
115
24
206
189
57
101
63
105
146
67
104
83
72
167
18
109
134
168
33
89
33
76
113
137
159
135
107
35
81
159
117
113
69
61
174
62
123
66
159
99
167
83
48
104
178
65
128
48
89
69
92
185
102
62
87
8
157
124
108
159
220
63
168
72
95
117
72
101
101
95
113
127
127
64
111
108
91
45
65
61
22
39
152
138
66
76
31
167
29
130
29
144
154
181
83
166
59
25
125
84
220
73
85
119
83
75
152
136
47
21
135
142
204
46
119
84
42
78
127
138
265
131
161
69
111
14
86
68
57
205
16
100
176
66
23
117
88
73
88
40
154
129
85
169
80
68
104
78
19
72
85
77
74
58
146
165
71
128
76
151
59
51
109
142
214
64
63
58
41
38
67
132
29
79
28
55
71
109
36
151
130
117
96
71
104
70
70
77
47
81
16
123
105
34
63
66
74
15
87
93
141
115
25
158
58
133
76
171
72
23
40
65
69
72
80
111
119
34
90
71
75
49
159
65
69
137
30
186
48
85
217
68
25
104
141
209
44
142
128
85
38
103
23
136
74
80
110
130
72
61
123
183
88
101
90
21
109
100
37
76
152
158
24
101
153
90
90
164
49
75
98
33
72
83
179
40
44
86
94
93
138
126
212
53
19
40
63
69
184
206
77
179
173
123
78
120
61
87
110
76
52
139
91
116
124
123
64
132
74
24
143
75
71
211
91
138
94
195
64
100
146
13
194
44
113
32
189
127
92
204
67
48
82
76
159
139
38
135
36
110
14
70
111
72
92
76
94
141
43
65
30
90
184
147
54
60
33
93
193
127
138
75
98
66
111
166
66
78
117
60
106
86
83
29
118
162
185
200
54
135
172
13
120
104
62
116
185
171
201
82
94
71
99
156
78
114
84
149
114
108
105
14
128
57
69
75
75
152
66
162
165
52
203
128
61
72
47
134
87
98
31
111
116
151
172
99
95
91
149
128
71
110
122
91
150
167
29
14
114
43
111
131
103
76
101
72
158
115
127
126
192
138
127
149
51
125
126
174
92
45
68
133
16
170
91
89
142
141
77
128
14
88
23
28
35
167
126
126
115
82
21
39
42
128
104
67
189
52
44
16
96
49
70
95
125
100
128
170
159
40
169
86
67
81
247
148
33
127
182
172
58
158
194
48
113
61
119
135
147
55
114
156
23
115
79
145
68
114
105
68
20
116
108
82
153
164
69
38
46
85
127
83
144
179
101
79
75
80
75
168
116
100
153
43
124
226
147
86
39
167
113
77
98
65
116
101
66
19
39
15
60
105
28
97
80
14
83
59
88
135
70
56
89
73
89
142
70
135
85
90
146
102
54
117
82
88
184
73
60
65
79
59
92
62
26
170
57
120
26
72
140
24
129
106
122
79
80
103
47
39
144
87
122
72
115
21
156
84
133
122
36
61
119
87
86
221
226
47
85
143
130
33
99
137
214
123
77
138
130
27
37
48
75
132
62
172
155
166
93
123
142
79
130
143
140
90
190
52
84
147
63
43
101
171
174
71
37
109
156
104
157
156
169
60
35
36
52
64
41
130
230
52
156
118
71
59
47
99
97
79
164
100
82
234
53
23
86
33
125
48
120
182
55
96
40
210
99
115
120
212
103
69
81
217
130
87
141
75
164
165
144
84
119
62
53
193
68
98
74
149
74
116
72
97
68
114
145
94
177
108
75
107
202
111
171
82
115
44
126
98
84
60
45
112
135
52
95
101
139
63
42
141
16
57
152
66
111
85
137
197
117
168
236
101
153
63
78
126
73
203
64
185
