773 106
610 665
126 315
394 65
141 389
151 709
44 102
559 38
719 413
284 715
163 496
750 691
182 405
549 185
199 91
110 467
73 9
232 690
492 60
116 648
4 31
744 201
788 210
155 606
70 462
698 137
597 728
485 672
122 719
326 355
104 628
137 439
50 164
380 785
518 630
412 104
263 269
303 704
282 789
417 588
239 458
289 292
323 597
125 227
325 129
294 288
656 160
46 494
553 303
235 96
562 440
18 270
167 651
152 161
211 485
185 681
415 329
478 423
714 728
311 183
53 1
784 734
330 550
619 579
463 565
217 296
40 623
177 680
709 290
532 19
632 776
686 90
635 227
507 352
781 466
514 678
552 384
329 524
568 779
297 356
496 74
216 543
548 201
288 58
749 490
467 133
405 337
108 662
147 299
345 635
697 419
180 669
777 621
474 542
519 262
556 731
797 611
587 741
741 533
537 303
119 500
622 595
19 532
446 311
719 456
46 632
155 495
155 366
180 709
463 609
698 399
319 731
641 512
518 305
348 458
375 147
357 325
178 224
214 753
88 196
313 402
443 784
117 334
646 236
136 665
235 345
713 455
257 600
13 521
494 230
557 542
593 274
442 517
653 682
461 53
788 536
445 203
531 303
461 630
152 27
81 212
565 355
634 592
725 276
614 310
204 492
490 257
455 341
401 136
642 173
357 465
725 137
573 480
231 183
192 611
564 466
356 793
175 454
516 527
632 653
676 233
704 318
333 612
647 427
442 289
794 461
411 209
691 762
92 182
638 340
239 400
130 488
205 262
660 503
441 529
708 571
272 283
539 206
412 633
516 396
581 271
760 757
715 303
4 586
406 321
546 34
204 593
183 420
544 781
357 605
723 435
584 701
164 326
567 102
592 32
176 744
571 649
432 565
748 625
659 696
185 513
376 26
677 330
382 691
79 755
662 413
466 155
397 494
636 435
703 229
691 287
1 425
184 211
742 141
244 576
118 662
786 522
675 580
16 351
30 301
396 790
612 752
251 566
484 774
735 505
474 147
38 103
681 267
148 684
604 262
648 103
426 781
523 250
676 438
690 656
6 659
78 129
520 771
635 693
127 78
224 205
493 18
588 429
296 3
306 158
703 784
771 340
28 602
321 403
41 114
205 85
760 566
247 511
578 106
228 704
400 721
672 725
561 77
548 333
711 198
120 249
5 703
64 298
118 380
383 723
457 199
679 67
493 579
78 119
571 181
359 285
545 120
546 671
218 381
674 358
277 226
613 590
19 356
393 719
207 719
409 772
737 154
42 295
302 755
373 441
357 37
658 256
359 422
524 484
576 710
637 657
323 243
242 94
134 607
304 481
614 96
556 777
703 331
440 446
467 161
222 216
505 67
58 727
456 587
778 582
560 288
567 412
703 466
597 667
20 114
555 94
194 665
470 623
530 772
26 47
140 206
284 681
119 21
324 773
174 695
272 603
284 286
658 668
342 127
452 647
627 243
18 591
304 278
664 30
722 157
292 764
420 79
593 589
494 505
738 256
754 362
357 506
751 753
707 128
714 327
798 598
393 519
207 539
117 546
404 566
110 545
325 375
294 194
474 293
415 340
269 608
627 117
335 478
755 84
32 444
668 694
293 183
210 495
643 401
782 315
508 578
232 630
385 48
79 185
120 777
667 305
445 712
386 551
697 274
764 336
499 552
392 750
786 769
52 580
249 59
632 706
124 284
570 122
188 136
626 613
280 113
287 280
682 159
470 800
173 592
780 663
743 721
472 94
710 721
679 667
390 593
233 721
790 695
132 474
90 554
138 779
257 194
125 696
662 743
388 19
161 369
152 288
57 288
194 328
12 157
19 23
331 399
191 272
159 332
95 221
136 265
320 361
12 40
355 388
99 180
168 260
5 67
166 265
222 342
88 262
135 304
277 282
153 300
55 319
87 302
271 310
291 356
284 336
227 365
160 210
218 262
32 309
4 157
212 396
1 322
207 287
186 320
304 340
175 304
193 295
253 295
293 384
335 359
256 388
355 375
186 384
94 348
259 338
96 251
109 303
254 311
52 154
97 375
53 236
29 79
10 106
217 234
5 204
176 381
174 370
28 215
144 305
197 267
95 289
162 390
283 318
140 236
283 316
156 318
4 12
123 160
70 398
45 79
74 84
164 348
366 371
155 158
42 189
92 198
39 390
114 287
18 331
14 49
77 352
190 233
4 273
210 227
56 164
133 375
201 243
155 306
40 187
218 219
275 356
28 228
85 299
129 348
290 375
359 369
91 311
46 259
256 375
103 348
24 128
200 252
58 256
84 98
224 251
18 241
76 99
30 394
63 101
19 105
88 117
183 235
156 371
261 302
239 378
90 274
204 395
46 230
29 45
18 69
175 198
53 168
137 146
255 366
87 228
113 258
59 396
73 258
149 230
295 310
178 324
195 319
79 120
121 383
99 141
186 222
159 196
24 211
5 195
143 227
32 43
253 310
202 339
191 308
191 375
17 391
62 336
16 317
154 214
216 224
215 293
55 108
28 397
36 321
115 331
20 309
118 391
113 305
196 308
117 376
123 325
24 171
341 367
132 341
221 375
130 152
94 180
238 375
202 210
301 387
111 156
14 139
168 268
32 268
214 252
66 373
138 312
227 368
17 118
267 370
7 69
339 369
150 284
119 168
35 206
134 331
225 387
45 381
50 306
203 264
152 158
14 374
153 347
229 325
188 223
17 311
6 239
192 263
19 124
253 351
132 344
42 62
163 358
79 116
24 354
267 360
68 227
3 362
80 310
42 390
159 308
68 182
104 173
234 389
155 288
231 366
148 331
46 382
148 225
8 233
62 352
5 28
198 340
281 338
285 362
182 334
44 292
28 124
149 160
278 371
136 225
26 375
356 396
114 150
97 289
80 271
118 395
252 342
25 266
364 395
50 141
159 290
29 270
195 391
274 365
176 291
12 273
297 368
78 313
21 209
200 342
130 158
193 257
143 368
6 249
204 397
315 363
33 280
82 269
11 61
345 373
141 305
99 258
182 297
64 370
109 360
208 306
303 390
206 225
41 270
289 313
9 283
177 232
319 397
156 231
39 109
34 109
279 311
316 391
197 303
153 356
279 391
151 281
322 355
330 391
339 365
39 178
161 182
343 394
92 385
126 190
124 397
321 381
83 243
97 238
41 79
156 330
188 313
149 382
339 368
0 329
91 319
252 357
2 263
245 398
112 152
174 303
69 194
199 398
249 309
231 278
253 257
99 305
337 386
264 278
99 348
33 220
278 280
27 324
150 287
183 247
198 392
118 195
1 159
14 239
7 253
64 312
5 395
14 53
344 390
98 224
50 242
174 367
109 178
133 238
123 149
158 333
213 338
254 391
37 283
259 334
116 349
129 232
288 370
284 352
286 325
154 293
75 95
135 251
289 308
83 374
129 177
32 249
85 301
49 153
62 341
293 394
271 301
79 125
77 294
322 379
126 224
130 360
271 387
322 375
26 191
13 82
103 113
275 321
275 347
100 394
102 354
85 331
67 108
219 376
99 131
274 358
151 382
169 297
221 398
97 188
218 282
136 146
290 308
165 224
274 339
152 155
109 197
37 330
103 146
56 348
54 357
255 371
169 202
65 172
51 219
52 384
119 260
247 394
35 299
60 226
290 379
57 179
253 271
48 99
93 132
82 180
133 234
266 338
101 159
10 342
51 277
45 116
233 358
99 113
94 129
110 233
211 277
203 366
337 392
199 389
150 341
28 395
11 388
121 220
185 301
94 146
182 368
79 170
286 365
329 382
181 337
205 307
159 238
190 205
292 378
0 338
78 97
56 116
168 236
209 227
284 298
2 219
105 373
111 318
16 239
168 363
157 393
5 228
296 313
30 52
77 341
28 87
144 229
31 263
155 242
23 186
49 292
119 140
130 288
110 335
39 303
356 380
90 208
121 366
68 297
145 171
203 255
276 332
72 209
322 389
21 22
248 284
121 371
65 88
58 337
26 238
241 301
48 305
86 270
88 122
18 387
63 217
336 344
326 373
121 280
97 191
327 381
95 188
223 366
55 254
42 127
113 232
160 259
64 138
107 187
265 299
80 301
8 126
172 212
295 328
193 351
77 367
64 197
209 259
171 200
105 235
117 212
249 314
191 196
26 95
223 231
24 393
77 336
365 368
55 279
312 324
331 387
21 334
244 323
195 279
19 228
199 290
132 174
77 114
111 203
117 300
12 107
193 271
32 363
36 65
33 371
219 277
101 332
130 332
144 258
290 322
95 237
303 324
124 319
210 368
108 254
69 257
199 234
137 141
213 329
61 372
96 198
19 215
31 107
208 233
173 307
95 97
40 294
167 398
364 397
80 387
80 85
303 344
42 77
248 346
90 335
84 216
207 341
30 293
159 199
53 363
44 59
51 282
233 274
86 103
215 397
50 179
109 370
18 80
300 347
57 73
81 357
122 260
143 334
260 315
275 291
98 135
141 306
69 241
3 35
42 162
134 301
281 329
10 54
175 251
90 233
266 295
67 319
131 229
1 289
131 325
146 164
309 314
266 351
4 263
374 378
33 278
121 231
316 350
197 344
133 308
81 252
10 31
183 394
95 296
44 380
335 369
185 310
44 374
35 285
318 330
39 344
49 378
90 163
74 216
27 34
55 67
68 368
136 299
85 136
134 201
228 311
230 377
93 109
336 352
163 242
102 183
58 372
260 363
107 263
56 86
223 313
94 113
303 370
209 286
226 239
132 298
54 157
40 170
238 355
259 329
191 238
105 261
128 326
208 358
76 141
113 137
174 341
299 387
201 362
104 307
160 209
297 365
21 329
35 85
68 339
18 185
23 384
80 257
216 304
246 369
65 176
291 396
211 218
106 345
267 312
256 389
108 391
178 312
108 311
222 252
172 300
281 382
338 382
15 100
134 241
323 356
153 240
373 394
70 97
33 156
68 365
60 139
161 210
71 230
42 320
212 315
75 196
59 153
66 105
260 262
61 181
181 245
247 373
110 126
64 93
196 272
137 232
25 151
345 394
31 393
145 157
44 356
64 360
52 186
238 322
8 90
95 191
0 281
84 307
73 179
244 380
71 151
2 260
223 296
54 106
35 201
146 232
98 340
114 248
74 224
14 250
192 273
216 251
29 287
226 309
4 107
55 391
38 156
82 232
101 217
105 247
98 175
112 173
15 47
262 282
48 131
5 108
44 347
17 37
6 314
111 283
171 343
168 249
56 103
27 366
54 145
264 280
271 377
12 187
139 239
47 354
100 343
238 290
146 265
31 157
116 346
142 217
89 189
3 148
25 213
126 307
217 276
66 235
122 263
268 309
74 98
133 159
161 202
35 134
195 395
244 275
27 109
27 312
145 357
207 284
70 221
21 281
178 203
54 252
285 331
93 267
83 250
120 284
49 83
14 378
62 162
213 382
177 269
58 355
75 272
39 64
57 76
58 181
125 273
313 383
52 311
55 311
130 155
182 359
220 255
214 320
78 237
68 143
108 195
231 264
110 307
40 54
22 213
11 386
123 286
206 299
46 149
150 207
5 55
193 310
80 185
310 377
22 334
115 148
347 356
201 399
188 237
169 274
275 327
48 144
262 277
173 208
177 265
29 120
17 279
226 314
174 207
58 388
138 324
72 227
285 399
201 285
203 278
161 227
131 180
210 286
66 326
219 262
31 100
93 174
280 383
1 290
208 242
6 20
7 185
226 268
10 357
104 224
268 317
115 323
119 363
57 333
198 385
93 303
35 225
127 186
250 380
333 370
33 121
203 371
231 371
71 382
104 110
71 266
291 381
10 200
47 100
186 214
298 333
20 249
147 348
98 304
200 357
68 210
283 330
206 265
228 319
242 306
53 117
37 111
30 87
34 267
98 307
126 205
218 277
112 217
375 398
61 392
162 320
63 130
100 106
11 181
150 248
69 80
38 111
240 378
236 314
0 213
83 380
46 351
329 338
215 228
73 99
159 375
13 129
57 298
81 145
62 77
302 397
199 388
122 218
42 350
87 397
17 55
1 272
207 367
76 258
181 388
92 340
72 286
102 373
148 299
134 399
27 138
288 333
13 377
165 216
114 352
101 379
128 183
81 127
10 81
134 387
8 307
158 288
47 102
132 333
52 124
151 338
253 377
230 351
117 153
106 157
187 263
6 309
18 257
88 192
84 224
102 326
205 274
341 344
86 116
90 110
207 352
270 291
231 255
147 349
220 280
191 289
360 370
237 383
161 335
40 145
148 362
204 261
65 381
291 327
255 278
43 376
244 347
159 355
67 279
153 212
15 354
274 297
210 334
217 379
207 336
19 52
143 182
182 339
239 250
60 317
114 284
51 218
372 386
248 287
52 319
16 20
29 116
3 285
14 317
114 336
45 275
32 168
59 244
236 268
386 388
72 325
89 390
68 161
7 18
114 294
34 196
129 146
231 280
120 287
44 148
43 315
104 190
4 192
12 263
89 162
156 280
30 215
84 135
11 337
106 343
275 396
90 126
10 100
158 267
58 398
73 76
50 155
48 94
21 259
50 208
281 353
133 290
178 390
72 131
58 386
35 387
331 362
85 206
236 309
367 390
30 66
58 199
145 252
33 111
231 383
35 115
63 159
23 154
149 351
286 368
15 31
256 386
45 321
300 396
135 216
15 106
127 162
5 397
63 276
108 319
131 305
76 179
35 323
212 260
140 363
25 329
133 256
100 393
35 362
126 233
108 118
79 248
42 89
344 367
199 322
96 340
37 391
21 151
71 295
43 212
226 236
143 359
137 348
80 134
262 376
225 265
311 361
246 297
97 296
240 347
104 233
17 67
137 258
161 339
157 171
47 128
2 282
85 387
41 65
223 383
64 109
151 259
88 107
108 279
22 259
224 307
241 387
159 276
162 350
92 304
127 222
247 326
51 262
125 170
94 99
185 193
107 122
95 272
36 172
51 140
174 344
46 329
103 164
301 310
182 202
45 327
1 133
109 138
115 166
302 364
25 382
197 390
235 302
35 148
39 197
90 307
73 141
92 96
234 322
25 46
5 91
161 246
219 282
142 290
372 392
140 168
130 370
52 215
238 256
36 41
166 206
96 135
8 110
48 180
43 117
51 119
63 112
159 322
321 327
291 347
82 129
196 289
46 338
52 293
24 102
222 350
102 247
43 119
170 273
122 282
246 359
4 187
141 258
1 196
8 84
36 381
41 321
184 349
2 122
172 176
41 45
336 341
113 146
67 91
2 376
1 375
94 232
103 184
58 167
68 334
139 317
230 382
171 345
72 160
84 165
72 149
32 140
227 286
28 364
164 349
85 265
243 285
120 346
153 378
110 274
58 61
40 357
10 157
212 300
62 367
17 254
283 391
27 178
71 351
151 213
3 323
160 227
193 377
8 190
243 399
43 168
64 132
11 198
160 286
70 78
275 300
256 355
69 185
192 376
276 379
145 342
62 294
152 242
23 30
32 119
64 344
142 159
145 393
152 306
167 256
238 389
25 71
50 288
99 146
124 215
173 233
295 351
351 377
164 184
385 392
198 304
49 244
20 314
308 379
156 283
66 183
190 224
47 394
86 164
290 389
205 233
96 385
260 376
36 176
34 272
144 325
351 382
23 52
86 147
28 302
138 267
66 247
119 236
3 134
229 286
59 275
230 295
84 251
67 124
183 373
53 212
280 366
95 313
145 200
26 97
84 104
2 262
199 355
182 365
10 15
213 353
275 381
54 342
142 379
182 227
320 350
140 260
93 360
103 147
72 123
158 360
90 190
144 180
5 215
220 231
2 192
144 169
297 369
189 367
61 386
250 374
41 291
75 312
127 214
56 349
110 190
167 181
47 211
257 377
91 108
246 339
58 245
202 368
77 150
64 303
78 188
48 113
148 206
0 151
62 189
113 147
84 190
235 247
385 386
254 319
202 274
228 397
166 299
52 108
34 324
21 213
56 147
237 296
93 197
44 115
82 94
119 268
53 119
161 368
123 227
65 125
210 297
272 308
207 298
186 361
202 365
308 375
38 283
84 126
44 83
138 303
30 373
9 318
184 348
177 180
93 333
8 335
199 256
146 177
64 267
72 229
86 184
205 208
9 330
202 297
284 287
5 124
41 275
235 261
6 32
39 138
48 258
76 242
143 339
40 157
347 396
188 296
336 367
117 315
176 275
300 315
238 398
128 354
31 187
106 342
1 238
129 265
180 305
221 289
185 194
324 366
48 76
36 291
36 45
218 354
236 363
33 255
11 385
122 192
39 189
267 303
9 17
303 312
297 335
56 184
332 379
34 360
133 355
311 319
199 375
92 392
32 226
284 346
105 326
15 393
102 394
41 176
220 278
198 234
184 270
214 361
230 338
36 327
11 392
199 238
175 217
19 66
148 323
10 393
36 300
244 356
43 260
295 377
41 327
181 392
38 330
167 386
181 372
41 381
106 393
53 378
39 341
90 358
59 291
213 259
289 375
114 207
6 60
153 275
222 320
118 254
93 158
107 192
240 396
88 260
179 258
252 294
179 306
97 237
245 388
18 310
234 355
188 221
109 312
361 384
293 345
76 306
7 241
19 397
30 105
270 327
194 310
341 352
132 207
174 333
39 367
33 318
362 399
127 350
209 329
169 358
19 87
7 194
159 389
69 301
52 67
130 333
94 137
246 335
98 216
210 339
167 388
37 316
106 357
61 337
122 376
49 380
114 120
277 354
45 291
230 328
71 338
86 349
251 340
101 290
13 232
24 47
74 190
135 224
255 264
134 362
180 229
26 70
168 315
159 379
16 60
343 345
268 363
334 368
71 353
6 16
91 124
201 331
16 139
55 91
6 226
59 323
294 352
240 356
193 253
183 326
13 177
5 364
28 204
205 242
50 76
209 334
98 251
29 248
197 341
81 186
26 78
109 267
34 138
117 260
9 316
13 269
81 222
132 197
99 137
153 244
144 365
292 380
163 307
116 184
108 395
239 317
88 172
110 163
82 177
272 289
115 244
9 38
54 200
147 184
185 241
230 253
24 31
38 318
7 310
114 346
158 370
240 275
85 225
101 142
15 157
66 87
225 299
48 137
139 374
99 232
88 376
14 292
185 257
133 322
254 279
111 316
222 361
63 379
195 364
315 376
342 384
74 165
29 346
374 380
48 229
54 81
290 355
169 365
49 250
9 391
355 389
125 192
59 347
79 346
9 254
60 314
125 176
26 308
182 369
31 106
5 319
323 380
36 275
206 387
120 150
9 37
74 104
157 187
182 246
17 316
161 297
161 365
250 378
4 31
128 373
189 390
207 344
141 179
244 396
27 75
154 311
133 199
20 60
106 145
178 303
81 384
7 80
29 184
48 141
232 305
81 214
92 251
229 305
80 241
350 361
43 363
243 374
181 386
178 189
121 223
44 244
249 363
26 289
131 144
109 324
81 342
182 210
111 330
266 328
83 292
104 165
127 154
113 348
154 361
254 316
142 276
292 374
12 31
89 203
64 174
148 166
137 180
56 270
124 293
119 315
196 332
53 315
337 388
156 220
212 240
264 371
8 104
303 360
54 187
64 158
106 171
19 30
15 24
3 331
123 131
67 228
146 348
282 376
100 171
250 292
65 192
45 176
75 289
153 396
386 392
137 305
209 368
94 177
7 257
270 381
142 332
239 268
20 226
143 209
221 296
96 304
87 124
69 134
117 172
340 385
17 108
122 219
74 135
85 148
4 122
113 164
110 205
23 293
190 307
55 124
235 326
112 208
337 372
120 170
220 264
32 236
214 222
9 111
210 365
78 221
111 264
104 126
40 252
186 342
12 170
0 353
59 380
36 396
154 384
33 231
87 105
240 300
189 344
25 259
198 251
33 264
52 91
29 41
335 339
216 340
136 206
6 236
28 195
45 270
355 398
232 348
211 354
238 308
59 356
123 209
160 368
66 261
108 228
49 374
257 271
139 250
15 171
236 249
143 160
78 296
187 273
2 88
157 200
287 352
10 171
318 371
102 128
64 333
197 367
17 361
61 385
127 320
129 136
138 178
26 221
194 257
94 305
59 115
22 281
1 308
175 224
107 273
6 268
7 193
87 215
65 321
172 240
1 379
97 313
122 262
264 366
326 394
312 360
170 187
117 240
73 113
78 95
34 312
174 197
30 124
25 149
83 285
147 164
116 327
8 205
214 342
90 104
162 189
338 353
124 228
258 305
180 232
106 200
348 349
257 310
204 364
200 393
151 353
46 151
163 233
24 100
259 382
105 183
120 248
100 157
118 279
25 338
157 357
280 371
167 337
223 237
257 295
97 221
279 319
150 352
186 350
63 142
100 200
150 336
214 350
259 281
48 232
90 205
171 393
52 228
127 361
113 129
143 210
34 75
163 208
237 313
194 295
11 58
163 205
2 107
220 371
43 140
80 225
269 271
2 4
75 324
11 92
73 147
314 317
55 228
110 358
103 349
3 399
205 358
27 272
52 55
249 268
242 358
342 357
251 304
50 152
96 392
3 201
136 166
226 249
154 186
10 145
204 302
268 314
18 134
91 228
230 266
255 280
294 336
18 301
149 269
61 388
133 389
161 274
101 276
257 301
67 311
176 321
176 327
245 337
388 398
10 343
227 325
43 88
100 345
25 353
70 167
26 296
293 343
68 202
89 178
123 229
269 377
37 318
135 340
16 314
291 321
93 370
278 366
287 346
191 221
256 398
63 332
143 161
213 281
1 191
233 307
43 53
150 294
116 270
220 383
129 299
41 125
236 239
67 397
25 230
25 281
140 315
151 329
167 245
126 173
71 328
180 325
160 325
73 137
19 293
113 141
7 301
110 208
31 171
81 200
297 339
212 378
13 271
35 331
44 323
86
136
128
93
144
161
189
86
220
124
16
88
189
77
94
79
51
94
145
160
81
66
70
28
147
61
187
120
77
78
142
106
76
122
51
114
71
32
133
101
53
81
102
51
88
82
146
153
116
54
127
107
85
168
38
18
136
102
33
130
116
114
63
45
141
80
101
227
98
49
50
47
92
69
90
91
174
56
40
45
69
119
74
109
87
145
43
118
75
96
66
96
75
88
102
61
70
146
80
16
70
93
57
99
72
125
117
110
53
118
196
33
211
180
78
71
161
135
155
183
116
110
84
201
185
108
61
86
106
149
123
112
104
98
83
138
78
148
123
108
234
52
117
167
39
41
37
58
36
81
126
76
67
96
45
28
59
241
201
97
120
41
163
30
184
33
110
135
181
64
27
57
47
127
119
187
148
153
106
26
26
80
80
89
93
43
27
189
67
157
30
70
61
174
93
117
30
161
109
244
108
26
84
156
106
62
164
125
37
52
41
79
97
111
36
100
27
128
77
63
59
180
133
171
46
141
79
81
82
125
102
180
86
183
112
78
13
53
125
209
117
80
20
214
15
210
161
68
191
102
69
111
124
61
129
31
71
29
213
151
87
66
100
81
179
38
79
88
56
97
146
31
80
195
68
61
87
196
121
117
88
175
52
142
33
49
58
170
134
71
41
56
109
61
87
17
124
94
179
102
48
110
90
151
52
41
152
104
144
99
68
61
30
197
41
77
81
19
146
45
157
115
107
78
216
64
56
180
174
119
81
156
78
68
50
77
133
35
130
85
77
46
117
74
173
73
91
91
101
157
204
119
78
92
123
97
216
188
140
82
133
74
111
85
87
163
144
105
84
34
166
63
63
105
158
93
55
171
148
138
140
122
142
70
66
180
116
197
127
47
83
175
154
188
27
60
103
78
89
89
97
139
216
231
62
137
45
33
50
164
67
186
139
162
131
103
125
21
52
85
149
168
141
85
156
149
114
93
148
76
62
171
65
81
14
130
105
81
81
71
99
117
123
69
86
123
60
106
169
33
133
34
33
68
102
159
124
88
68
123
15
32
155
87
54
139
173
140
59
108
44
43
193
60
62
145
167
197
79
90
98
27
80
69
88
134
198
67
84
114
48
122
178
93
73
110
100
144
109
50
17
60
111
178
64
108
84
63
128
50
36
207
71
115
82
156
44
99
110
87
128
107
49
55
139
108
21
171
98
63
64
61
78
56
102
123
65
127
177
25
140
84
67
17
69
65
135
176
64
58
118
31
78
95
130
63
91
76
218
80
98
125
186
75
145
94
53
78
114
157
109
43
129
109
60
176
164
39
212
149
81
217
50
116
107
82
96
93
45
30
126
21
118
60
70
104
21
39
89
76
113
174
78
36
114
178
51
80
32
112
85
77
92
54
99
58
173
168
260
59
66
145
108
168
54
17
37
133
95
131
146
121
200
40
164
104
193
205
48
16
121
89
149
131
166
177
131
84
56
62
147
237
210
47
58
19
53
132
61
21
44
87
97
166
100
131
45
87
143
16
121
106
165
195
76
113
155
88
70
130
82
79
104
59
94
121
56
136
163
53
128
175
36
41
66
95
139
131
20
133
46
92
39
83
50
34
99
74
23
102
58
130
68
93
83
38
109
160
100
94
66
165
180
199
138
102
43
90
108
179
10
162
133
138
27
28
81
205
165
92
104
136
28
140
48
78
32
209
114
160
57
141
213
96
122
21
80
25
22
157
85
54
76
75
120
89
72
44
77
44
16
66
77
137
160
146
60
65
138
61
132
79
126
10
88
90
105
108
65
198
59
91
130
159
84
86
120
106
137
82
133
101
99
67
114
61
48
143
152
124
45
140
32
49
176
87
88
126
92
56
17
42
120
119
36
159
85
77
38
22
17
73
89
90
164
199
157
173
61
63
70
163
13
50
67
50
23
64
135
12
134
96
102
158
58
185
36
98
99
26
52
83
104
290
56
38
230
92
121
189
55
134
50
95
68
123
159
66
26
150
72
211
84
156
127
52
92
44
24
17
108
73
63
158
58
80
167
190
185
16
124
100
111
149
172
52
107
205
97
156
151
232
48
101
93
87
111
101
140
145
66
77
60
138
155
145
131
103
108
128
71
124
74
63
65
172
202
219
50
95
179
145
49
27
78
106
137
88
96
107
123
155
60
47
37
44
175
75
162
36
103
88
52
152
164
89
70
51
170
117
86
99
53
27
80
91
178
142
133
118
107
120
13
97
101
89
112
100
232
42
94
77
68
124
63
44
107
98
87
172
87
111
51
162
118
108
290
114
88
71
53
17
58
29
125
42
81
118
108
70
47
147
160
36
53
154
154
49
120
69
177
122
102
73
106
64
169
137
88
38
150
71
93
174
49
65
64
83
122
75
37
89
119
86
168
56
196
117
122
146
76
147
90
102
71
10
49
38
135
211
55
34
36
53
46
170
178
47
64
56
61
91
77
145
66
126
42
72
27
146
174
157
86
130
113
106
63
68
137
110
73
88
160
81
67
86
39
133
120
247
107
129
60
114
168
193
78
142
142
232
157
187
92
68
44
96
135
121
157
97
141
98
108
108
102
35
112
102
33
92
39
72
159
57
149
189
73
27
121
135
57
70
84
120
88
36
165
210
94
82
70
108
83
150
150
75
110
74
294
155
31
31
137
147
163
70
60
87
75
97
83
43
166
56
112
42
97
236
75
10
37
37
157
18
69
123
14
71
79
28
112
100
83
45
147
62
112
64
144
102
50
78
124
173
178
37
138
88
175
57
106
97
141
35
121
144
90
30
114
40
60
27
116
112
130
157
59
148
74
67
41
155
63
67
201
121
65
60
177
129
147
119
94
68
107
134
121
23
171
72
105
100
92
149
228
37
106
126
141
128
210
61
57
64
72
94
27
55
180
92
88
143
173
86
51
131
137
66
95
42
99
44
111
168
114
130
75
29
116
149
10
91
169
82
137
136
33
89
18
99
135
75
34
81
85
94
103
82
115
77
85
92
113
90
99
83
59
26
62
191
230
130
97
173
143
71
120
32
50
94
133
143
134
114
181
175
96
128
30
66
82
105
103
71
59
60
57
60
138
218
160
67
85
70
77
67
190
113
41
64
54
150
236
51
84
195
208
105
73
162
39
101
52
81
34
44
54
70
61
97
179
85
98
69
77
120
92
140
89
17
119
46
83
145
167
173
56
118
107
100
38
115
57
191
105
112
47
208
127
185
70
112
114
48
159
58
108
18
122
121
29
41
77
122
76
136
104
25
205
22
179
180
115
79
77
106
91
62
65
227
62
43
131
33
35
72
43
110
57
158
59
20
71
52
211
88
118
179
156
112
194
89
69
79
126
67
75
116
89
112
95
136
106
203
109
85
37
163
98
43
174
55
65
100
121
185
118
148
70
135
74
25
182
81
19
42
71
116
37
98
97
50
73
109
128
63
164
102
67
50
97
211
104
220
90
25
99
190
74
105
66
147
31
176
53
139
142
112
27
7
190
65
100
254
90
176
166
28
14
70
74
212
28
16
56
197
146
172
81
120
94
69
139
137
160
116
100
110
93
23
83
116
7
174
151
51
183
50
244
87
138
60
24
114
98
217
103
130
74
122
83
99
146
250
54
116
21
19
132
185
40
49
148
142
71
107
109
45
27
144
87
35
193
98
139
31
26
114
141
160
60
47
69
96
66
81
57
35
92
106
213
118
129
106
53
165
99
151
210
26
80
105
100
135
31
86
82
83
95
50
171
165
61
80
94
36
134
119
110
159
158
256
84
71
101
67
64
160
91
106
182
76
176
53
43
103
34
52
103
26
51
127
95
75
177
129
51
99
97
43
49
102
77
58
139
159
84
130
106
178
73
79
61
50
47
115
120
74
79
26
42
51
89
137
69
81
111
24
113
138
57
154
59
62
65
60
73
70
128
71
137
124
78
96
47
40
84
104
87
116
226
93
116
130
162
44
54
88
146
130
87
78
99
161
127
21
79
64
92
87
10
57
66
110
75
221
89
78
59
87
24
72
143
151
78
37
209
100
176
142
54
146
139
72
84
66
122
33
138
106
92
94
94
128
136
34
92
151
17
53
34
127
109
101
114
38
160
59
98
113
21
96
50
49
157
62
138
194
16
198
150
74
87
10
147
60
74
157
87
156
168
147
146
86
63
147
103
50
71
156
121
54
163
108
55
58
69
168
50
59
94
47
224
38
61
164
63
195
76
165
63
82
11
200
91
20
91
45
134
43
156
41
109
35
123
33
186
114
48
80
141
40
25
52
75
148
92
121
31
25
103
151
22
71
70
130
128
151
222
81
183
95
166
55
108
85
131
44
84
66
102
164
118
57
116
126
45
98
17
66
111
41
233
51
104
61
135
128
36
128
200
38
87
22
150
49
23
74
117
139
78
122
200
54
129
115
145
95
105
159
50
133
155
100
106
89
48
146
154
154
37
57
113
29
89
85
182
161
101
123
209
113
204
63
115
45
106
36
53
111
148
154
146
142
71
180
140
189
56
71
24
122
187
37
46
