798 19
639 233
637 136
454 109
603 387
616 167
287 568
26 443
796 335
44 601
795 499
727 498
197 500
773 212
581 514
366 510
258 261
284 293
139 314
547 332
707 779
302 22
331 114
668 107
124 224
373 393
9 445
334 372
619 46
410 628
660 438
17 735
437 648
301 729
690 526
779 202
767 625
492 790
321 259
371 631
755 339
746 227
147 637
229 475
645 544
555 686
61 248
403 708
523 93
380 633
176 683
478 181
24 96
695 666
23 236
596 190
721 615
431 411
723 371
337 324
209 105
552 326
9 511
335 319
729 780
653 437
158 210
55 104
347 5
364 790
100 485
722 352
347 217
215 566
136 413
686 21
556 344
795 428
691 263
261 268
749 663
75 62
384 448
35 243
757 191
618 482
784 292
56 348
126 583
49 7
44 798
120 582
166 575
410 126
488 488
207 443
288 174
786 110
249 481
30 136
782 554
519 499
660 277
114 513
719 64
94 646
712 692
481 448
190 481
282 155
699 776
389 536
399 254
561 449
188 170
570 39
654 587
554 108
674 470
717 120
39 665
599 537
223 686
116 151
587 675
91 147
72 471
423 746
711 494
59 72
385 15
621 763
660 502
199 165
413 294
364 45
772 30
278 319
259 244
332 410
313 701
657 740
680 145
144 612
487 506
687 76
170 775
255 691
483 550
578 462
568 44
133 635
386 587
308 655
363 63
621 741
187 255
483 292
9 420
782 741
192 432
452 388
255 597
87 264
265 690
51 26
708 176
445 758
104 537
162 650
25 300
6 758
48 714
171 574
781 367
80 410
683 252
130 733
527 770
356 157
355 506
29 753
2 141
75 154
69 381
514 121
618 144
407 446
245 337
679 407
305 170
598 121
573 250
200 738
4 266
613 676
177 523
341 528
634 597
84 309
114 382
111 397
6 607
621 450
437 589
207 534
773 566
406 738
424 20
191 657
17 392
474 504
439 282
123 545
470 581
782 515
197 623
596 69
635 465
673 650
416 595
311 414
305 11
375 25
70 231
634 699
3 628
26 227
666 176
348 265
41 94
491 14
598 239
454 685
506 485
242 541
121 149
576 113
52 133
297 679
470 377
453 87
350 27
218 702
743 691
38 419
114 781
254 153
624 479
180 296
764 327
96 601
653 652
381 457
356 565
291 86
221 304
388 411
624 608
224 634
16 449
241 377
629 419
433 564
751 480
69 551
791 192
476 521
551 158
374 576
610 734
654 98
705 476
770 506
751 523
89 768
658 650
496 666
406 329
92 691
320 4
468 795
532 55
576 26
487 496
270 192
739 507
148 404
473 276
643 27
718 626
30 314
444 208
695 126
468 400
201 612
37 68
173 371
132 143
728 2
49 447
10 198
385 5
248 636
728 213
471 771
292 800
317 503
33 682
6 485
641 461
248 707
85 106
416 391
540 101
533 666
482 758
263 89
442 299
60 376
249 51
627 259
277 283
153 47
135 281
559 570
97 521
103 754
132 444
92 641
81 743
200 263
370 647
773 152
194 69
778 292
798 25
339 127
124 242
115 347
638 740
506 695
200 785
286 256
726 755
335 519
434 672
67 123
306 16
217 364
246 251
296 436
469 553
23 763
681 631
348 54
518 43
569 295
371 347
351 768
350 182
459 398
111 366
378 621
218 180
41 432
579 666
623 657
429 135
237 358
76 400
52 336
563 348
173 284
674 290
766 350
41 620
681 100
172 377
441 524
529 649
472 34
202 515
310 782
695 370
716 147
213 324
612 499
473 285
378 733
219 59
276 429
465 181
799 291
139 219
155 112
106 561
54 541
707 310
598 492
76 357
75 104
267 352
285 350
55 192
123 312
91 326
132 272
150 282
6 307
52 165
81 296
88 92
297 386
9 202
390 395
44 198
319 370
128 132
150 237
177 327
203 262
11 264
57 82
21 390
177 246
150 314
88 143
22 135
110 344
70 168
71 384
378 386
142 293
277 380
90 353
58 250
13 166
140 359
288 318
314 356
61 372
384 398
124 270
32 346
117 237
139 351
331 373
280 348
245 365
254 345
300 370
20 141
15 269
352 379
21 280
18 324
58 189
200 370
124 380
123 236
87 370
32 363
93 392
152 269
164 259
193 243
156 324
7 300
30 384
233 277
184 201
34 264
68 280
12 235
67 183
245 300
4 61
137 386
101 284
8 250
255 317
53 290
279 308
201 328
208 242
191 271
226 329
108 328
151 329
157 212
112 388
323 334
190 360
277 341
88 151
66 114
271 293
56 80
244 290
365 370
195 252
307 345
103 265
117 217
105 172
40 374
82 221
109 247
283 356
201 378
332 363
145 271
155 340
135 355
144 234
62 260
327 353
259 295
146 193
46 301
270 340
30 248
50 122
224 394
87 319
142 186
210 319
123 125
14 121
72 179
13 335
278 388
200 297
127 281
160 287
118 272
122 147
53 219
182 238
135 302
17 350
167 178
101 234
6 73
184 362
0 104
235 382
24 394
68 135
148 267
153 239
156 338
258 367
74 175
142 228
13 84
41 335
20 106
91 151
292 368
102 304
108 196
85 149
53 80
195 219
146 246
257 358
119 293
144 352
223 355
217 237
68 208
87 184
156 256
120 329
89 230
24 163
70 103
230 238
6 254
231 282
94 284
46 194
79 331
25 278
40 375
257 361
55 321
73 235
98 108
29 220
3 314
38 63
78 304
180 345
270 366
239 311
54 194
29 332
158 260
210 260
212 292
8 398
44 132
375 393
78 176
285 343
29 233
277 315
73 92
91 168
199 362
251 265
181 330
84 385
276 290
44 116
172 308
93 154
29 49
317 320
114 123
125 183
66 364
181 246
183 230
176 398
264 286
168 213
246 330
61 192
171 330
22 190
86 174
158 300
241 381
22 355
297 349
122 216
116 354
249 349
246 327
203 248
273 274
37 305
88 173
187 253
105 279
129 230
225 252
133 247
23 385
53 354
155 225
168 265
48 185
218 399
103 126
146 275
191 268
118 189
103 168
48 282
25 139
92 396
249 297
117 191
38 59
228 304
60 133
84 266
279 329
263 352
147 243
183 347
141 340
5 55
32 47
210 365
10 286
74 370
101 144
139 391
148 211
281 316
330 353
225 276
10 273
82 253
311 342
232 321
207 359
186 293
140 311
1 78
311 383
47 127
102 398
185 241
42 50
285 364
16 285
144 267
103 397
6 162
109 179
218 248
35 266
41 86
65 218
28 115
177 330
214 220
162 303
205 382
199 371
211 352
283 314
67 312
265 396
337 355
166 228
207 305
262 372
133 334
53 252
119 145
23 293
28 145
396 397
188 249
3 185
156 373
118 286
157 357
40 174
34 116
251 396
82 180
340 344
90 246
131 155
50 259
72 96
297 369
10 100
3 392
56 244
61 157
15 82
213 251
100 215
144 284
80 354
1 321
94 352
239 303
335 375
305 341
71 374
377 385
7 260
184 371
98 235
31 120
16 79
265 397
252 367
135 208
68 223
34 132
98 391
252 290
69 167
174 375
106 141
80 244
67 99
307 351
91 396
117 314
172 279
194 291
16 38
65 262
240 361
107 144
297 362
285 360
63 322
154 208
98 205
236 395
113 203
69 281
8 174
107 267
188 349
132 387
119 142
375 384
149 399
53 276
25 57
112 229
23 191
153 164
12 196
77 264
152 220
120 308
149 310
203 387
85 118
278 313
15 111
156 350
245 260
234 267
79 188
3 241
130 302
47 389
70 126
14 101
97 119
24 338
115 231
92 295
263 379
53 244
37 178
127 167
142 145
68 154
5 268
21 348
170 371
4 262
9 265
79 138
85 387
250 398
175 201
131 270
138 350
15 345
148 284
187 313
39 152
67 347
83 163
319 365
103 213
7 309
221 391
300 365
45 124
148 352
264 273
118 203
10 264
220 269
230 347
325 380
247 364
60 334
223 348
60 323
64 159
34 272
158 309
3 51
59 229
94 148
105 376
23 186
151 169
43 98
102 357
226 308
110 141
322 343
45 270
179 368
16 331
213 396
12 73
280 302
124 367
165 230
95 391
231 356
13 304
63 137
71 174
14 85
220 254
125 238
132 399
64 244
315 380
52 81
57 313
56 290
14 149
203 310
136 336
254 363
362 370
177 342
15 152
67 129
40 86
272 286
14 399
202 308
195 270
7 365
34 118
171 353
46 338
96 285
159 344
130 154
84 304
99 125
101 148
166 333
26 309
9 105
21 320
246 342
200 339
250 384
185 392
258 325
233 380
219 367
198 276
324 338
122 209
318 388
13 41
84 166
326 397
29 152
31 90
293 377
125 312
52 230
228 385
148 379
60 390
23 142
13 35
146 342
191 314
57 253
302 355
156 394
204 352
60 247
30 189
187 361
134 358
97 385
224 338
195 367
173 382
246 275
87 339
122 164
173 216
11 215
242 355
18 373
104 293
208 241
242 302
121 399
68 348
57 187
170 227
255 337
281 305
163 170
212 388
86 250
9 226
356 381
169 216
349 378
292 388
107 284
18 199
213 326
83 194
124 155
31 181
58 174
27 351
85 121
71 189
146 177
211 234
111 220
175 300
41 84
157 288
195 315
248 399
176 232
192 321
54 301
45 380
184 365
174 335
50 151
256 386
73 205
68 130
73 173
263 267
81 347
143 329
132 248
44 258
40 250
157 318
58 71
220 363
69 389
51 93
244 344
75 136
191 217
125 298
102 176
79 343
148 214
134 278
265 326
2 271
77 273
5 191
203 218
67 230
116 198
181 327
217 289
38 229
339 371
268 392
272 273
128 215
49 269
183 298
261 369
248 262
192 357
154 337
258 276
47 332
223 280
27 59
48 217
75 289
222 280
98 382
67 81
65 203
210 245
320 334
2 55
288 388
39 269
8 86
40 384
30 310
80 219
261 297
18 339
317 334
69 306
56 219
201 362
91 251
8 40
62 397
4 19
135 154
43 351
115 150
46 54
40 398
204 269
185 268
72 229
0 299
214 263
231 241
117 282
214 267
46 199
196 213
138 331
103 396
215 286
20 340
151 279
275 353
128 286
268 314
1 176
168 326
222 348
254 269
186 268
298 334
114 298
156 249
94 107
9 397
198 354
152 263
123 395
207 281
46 227
248 310
169 209
115 283
63 278
194 227
186 237
214 277
40 335
124 195
7 62
221 261
69 359
11 286
127 233
172 181
57 294
30 218
63 358
155 195
113 234
138 190
25 253
198 325
290 354
39 153
26 245
116 276
25 358
163 338
145 385
7 210
27 139
256 331
9 120
39 220
324 331
19 76
158 245
122 303
240 294
143 169
222 242
48 115
87 199
94 267
64 344
146 327
11 273
76 240
95 287
351 391
74 328
30 65
124 340
176 228
186 191
329 376
101 107
129 238
32 204
306 383
150 217
279 330
42 329
118 132
8 58
208 381
57 107
48 356
99 312
19 61
129 165
204 379
175 287
220 263
172 275
161 257
38 112
67 182
145 293
282 283
243 303
99 183
138 364
50 243
167 281
223 242
167 233
92 196
366 367
8 375
32 39
128 273
82 187
124 252
83 291
1 192
230 312
219 252
141 155
2 5
161 294
127 316
78 102
75 336
105 329
2 145
113 149
195 225
282 314
188 386
115 117
66 331
91 213
18 297
47 346
289 299
38 72
31 330
182 301
38 138
175 362
66 156
175 245
39 49
118 310
116 258
46 163
35 84
127 305
197 307
158 365
32 49
144 148
169 259
107 240
138 343
120 226
11 118
319 339
55 191
217 282
10 274
206 273
33 164
20 110
81 312
50 177
337 360
85 132
175 319
108 160
256 350
70 213
79 386
43 205
27 63
26 62
45 366
111 197
73 162
226 376
261 391
304 333
282 356
52 182
96 337
178 281
54 163
102 321
52 238
219 276
6 197
23 377
163 227
72 343
51 368
73 295
180 197
207 316
55 232
100 273
308 353
359 389
42 143
170 291
22 337
243 311
107 161
188 256
117 268
135 348
339 362
287 362
230 296
126 245
204 220
4 113
31 275
99 238
81 89
45 315
74 297
116 367
2 293
104 336
308 330
24 324
44 121
206 286
48 381
218 310
43 160
223 302
83 301
234 284
17 229
30 132
198 367
106 110
177 275
167 389
136 299
205 235
65 248
68 222
60 395
201 370
233 316
225 270
151 216
107 234
91 265
183 238
51 185
82 139
36 100
157 278
71 398
96 179
375 398
259 303
287 297
111 269
178 305
58 398
148 234
185 314
117 356
53 56
55 186
33 239
33 140
85 113
112 292
166 293
109 364
43 108
129 347
43 235
179 337
23 228
23 271
238 296
162 295
198 258
101 211
7 245
225 367
349 386
251 329
163 394
310 387
12 98
250 375
115 356
31 172
142 166
5 186
276 367
126 365
91 92
137 369
172 330
383 389
83 224
96 138
184 210
207 389
184 200
17 79
137 188
52 296
196 382
147 311
163 324
29 32
219 290
252 276
369 386
348 355
140 383
152 254
49 204
208 302
22 360
200 201
19 388
36 244
59 278
1 5
312 395
29 363
250 335
17 138
267 284
36 206
190 255
180 307
19 157
136 145
374 398
45 341
296 347
143 173
218 262
97 336
52 312
20 344
129 296
199 291
123 347
256 349
159 244
50 216
197 254
156 331
127 389
102 192
17 38
184 370
258 366
69 207
90 171
200 287
229 343
277 366
46 83
147 153
22 317
206 274
91 143
95 108
30 128
249 256
70 300
92 213
231 381
115 282
99 182
24 224
260 300
241 356
125 347
49 346
85 203
242 280
47 167
59 63
67 125
114 394
187 294
130 223
30 272
141 344
163 224
13 333
114 236
1 374
94 101
85 399
131 141
271 289
255 355
172 327
143 209
77 174
255 320
171 172
102 374
9 329
175 184
106 344
48 237
109 285
24 46
60 317
104 119
154 355
247 285
140 153
319 362
2 237
150 283
168 397
349 369
271 377
138 322
240 318
147 239
91 173
132 310
75 145
122 243
164 243
139 221
37 316
89 296
7 175
267 379
88 396
37 127
232 357
357 372
53 225
8 335
252 354
143 151
4 65
310 399
34 274
112 278
2 377
40 393
25 361
105 308
158 210
93 179
36 56
96 364
119 271
237 268
28 283
303 311
75 377
49 220
201 339
42 251
208 223
2 142
149 203
155 270
180 253
24 123
164 239
15 307
129 312
266 304
133 364
171 181
287 378
42 295
67 238
115 314
4 76
147 164
63 229
59 358
185 368
105 120
338 373
248 387
141 270
16 137
33 153
191 237
54 227
1 232
88 168
152 332
120 279
12 95
118 248
109 337
122 259
127 359
64 141
33 389
213 265
74 362
171 308
64 110
57 257
237 282
88 326
109 190
112 288
183 224
16 138
106 219
309 365
18 249
245 319
200 362
78 166
175 365
279 327
218 387
249 324
15 180
245 370
99 347
162 235
8 71
104 377
21 355
72 112
92 173
135 223
181 353
139 253
30 262
104 299
264 272
44 387
49 152
299 377
341 380
210 371
131 225
21 135
116 219
80 159
209 216
24 156
144 211
261 386
127 207
76 157
41 266
251 376
189 262
13 266
17 188
189 384
214 379
249 373
100 206
221 351
87 210
173 196
273 286
65 85
200 328
141 195
238 347
160 328
24 66
194 301
324 339
225 340
5 142
297 339
249 386
167 305
84 119
137 349
317 390
134 318
241 368
100 274
203 399
127 341
21 242
274 286
48 268
10 215
41 166
294 361
142 271
28 289
71 375
209 243
52 67
25 82
282 381
45 367
68 242
178 341
216 259
114 364
37 341
212 358
257 294
91 329
26 260
175 200
63 343
296 312
297 378
332 346
145 377
120 376
312 347
100 286
0 136
373 386
60 320
3 48
42 105
121 387
373 394
326 396
298 395
185 237
55 268
257 313
47 233
81 129
42 279
22 96
198 252
5 232
126 260
31 353
199 339
150 356
183 312
174 393
114 133
66 394
28 271
95 98
33 311
42 88
176 304
90 330
170 199
81 165
16 156
318 358
200 319
12 43
305 316
26 158
320 348
209 303
106 290
10 77
195 366
198 219
12 160
121 325
119 166
321 374
164 303
131 340
126 300
114 247
359 383
222 355
50 311
109 360
266 333
324 373
98 351
221 257
45 277
102 232
11 274
217 271
56 354
14 325
238 312
170 194
86 335
323 395
168 251
35 385
143 295
331 350
15 254
51 292
84 333
184 245
56 276
126 326
167 207
97 104
32 277
110 131
291 319
22 109
2 186
154 242
139 257
134 388
28 150
1 102
111 379
36 290
212 318
16 17
71 335
173 396
46 291
65 118
316 341
47 359
87 291
117 185
90 181
180 269
368 392
298 312
327 330
6 345
3 93
3 381
42 209
35 166
211 267
7 158
53 367
148 325
108 205
387 399
112 318
32 332
65 189
288 292
278 358
335 398
219 258
208 231
2 228
165 296
209 259
216 295
121 248
54 170
193 311
257 278
263 269
128 272
92 216
313 361
194 224
101 267
175 328
29 269
5 237
44 85
340 367
85 310
89 165
66 338
112 134
181 275
87 371
70 326
308 376
202 397
219 225
26 210
338 394
33 306
173 295
21 255
45 195
142 377
74 200
137 343
334 395
160 349
278 318
66 236
19 372
27 257
38 343
137 256
11 128
82 257
202 376
114 395
49 332
79 322
86 375
40 58
209 295
207 233
152 363
74 160
250 393
264 274
48 117
126 175
34 286
50 169
201 319
117 150
74 378
31 308
38 322
82 313
144 379
123 183
138 285
80 106
106 276
83 170
292 392
84 97
39 332
107 187
71 250
5 228
87 170
23 119
162 216
60 114
132 218
123 238
206 215
319 371
212 278
306 342
48 150
79 256
182 347
202 226
12 205
92 205
96 109
184 319
128 264
27 358
79 350
168 396
256 373
18 163
7 370
211 284
188 369
134 212
81 230
20 159
20 64
152 197
148 204
147 303
111 152
25 187
47 207
105 169
236 312
109 317
260 309
11 34
93 368
186 271
94 144
214 352
3 368
97 136
331 386
21 222
29 263
22 255
192 232
111 263
287 328
94 211
215 273
68 302
70 328
125 230
130 355
34 44
260 365
39 363
81 323
92 168
216 303
14 387
72 360
57 161
233 315
64 106
62 309
25 221
16 343
42 169
26 300
128 274
236 347
90 327
30 85
19 192
190 285
190 337
10 11
107 211
243 259
265 376
30 203
77 375
9 251
195 276
161 240
207 346
212 288
43 196
109 255
43 382
57 278
176 321
73 216
97 266
252 258
228 321
315 341
186 228
2 23
304 385
153 303
210 370
28 217
38 79
283 289
124 366
255 390
6 235
333 385
18 362
17 59
222 320
166 304
32 233
275 279
75 299
276 354
122 239
227 301
34 128
169 295
186 377
97 333
33 359
27 221
225 366
96 360
36 80
200 378
101 113
17 343
12 108
110 340
95 160
52 129
120 202
145 299
92 143
228 293
32 220
106 225
181 308
112 212
240 313
166 385
106 252
46 170
27 137
152 204
54 224
103 196
173 213
334 390
164 311
103 326
275 330
149 248
107 294
0 97
52 99
167 316
29 204
175 370
35 41
1 55
98 307
204 263
179 360
115 217
341 346
88 265
111 180
133 298
322 350
134 157
123 298
121 198
79 137
11 132
58 384
163 199
118 128
16 256
277 346
105 151
195 340
33 147
111 254
143 251
65 310
15 197
115 237
57 361
9 376
166 266
107 361
217 283
123 394
104 145
139 358
343 350
41 78
25 313
106 159
160 378
147 259
188 322
16 322
119 333
10 206
224 301
0 336
154 223
140 164
366 380
51 392
124 225
162 259
196 205
7 26
11 272
184 339
172 353
237 314
197 345
215 274
78 321
28 75
74 201
140 389
89 129
80 290
105 226
253 345
249 331
300 309
275 327
93 337
22 179
199 324
119 385
20 131
26 365
86 393
141 225
23 145
49 363
57 240
256 369
135 280
204 214
127 346
104 271
173 205
177 193
78 398
177 279
293 385
324 394
16 350
118 218
133 395
190 247
187 257
41 176
130 208
122 193
85 248
178 316
143 396
29 39
143 216
157 388
106 354
320 390
19 357
125 236
269 363
73 196
76 372
242 348
88 213
25 257
115 289
215 264
69 383
48 241
69 127
261 349
197 269
176 374
17 137
90 275
211 263
96 190
284 379
280 355
306 359
93 241
88 91
321 357
161 187
217 314
17 322
83 227
8 393
161 313
42 216
341 366
23 104
295 303
140 147
362 378
151 209
224 227
189 310
287 339
52 347
243 342
149 218
137 322
196 235
120 172
35 333
236 298
42 151
212 229
61 357
284 352
14 248
17 256
354 367
201 287
185 282
145 289
50 209
4 372
59 137
122 311
335 393
43 95
48 314
60 364
315 366
135 242
130 242
140 239
219 354
29 346
99 230
17 63
72 190
4 203
104 136
88 251
67 296
294 313
116 252
211 379
313 358
151 251
253 313
37 281
105 251
180 254
46 224
61 76
94 234
130 280
154 302
54 83
87 362
50 193
96 247
42 91
258 354
247 317
2 191
174 250
74 287
130 135
35 304
183 236
85 218
142 385
134 288
149 387
111 345
56 206
124 315
119 377
106 244
58 375
33 383
262 310
269 345
105 143
204 363
134 229
161 361
30 118
31 171
59 134
51 268
1 228
188 261
73 382
299 336
7 126
240 372
233 346
182 230
68 355
108 382
153 332
22 154
233 341
147 193
21 68
40 71
291 371
42 92
78 374
179 190
66 133
43 391
53 106
193 342
253 257
41 304
148 263
12 382
99 301
25 27
323 390
113 399
37 167
256 322
94 379
15 253
59
120
97
74
118
122
83
53
91
128
224
46
102
100
97
176
119
78
84
197
86
67
73
126
114
151
164
90
225
42
109
80
155
50
61
95
97
127
138
116
159
56
158
131
26
55
62
69
27
24
83
101
92
170
108
31
43
83
64
98
9
62
71
103
38
116
58
171
56
145
135
46
145
81
105
134
70
237
150
67
62
28
101
167
77
201
140
260
183
116
107
149
120
100
66
75
76
113
110
156
68
108
44
171
119
168
247
169
42
146
67
38
105
18
29
49
139
187
89
120
91
80
154
86
107
57
164
102
34
47
103
240
94
104
152
98
63
96
41
71
48
153
143
34
110
133
134
95
46
93
34
73
111
136
156
57
67
166
208
109
225
236
77
58
95
104
162
92
56
54
88
144
207
38
173
74
244
90
62
117
153
128
11
145
182
172
40
149
187
43
157
47
191
99
176
63
161
95
79
64
52
69
82
127
90
95
26
108
110
51
125
69
145
171
82
103
167
115
64
84
30
85
117
42
187
116
72
173
84
28
75
214
94
136
167
100
77
149
89
70
108
86
50
65
38
66
120
45
45
63
66
86
71
100
95
60
34
110
113
164
121
102
69
57
100
78
149
55
106
127
89
50
115
99
58
53
57
69
163
87
163
102
99
159
140
110
117
105
44
14
186
90
107
115
113
180
133
75
63
162
102
97
144
34
114
76
127
27
23
159
70
56
148
141
98
45
119
49
152
41
113
184
113
156
117
151
100
118
99
214
81
215
104
54
118
110
90
194
82
84
160
163
64
73
163
129
57
143
82
134
157
118
49
16
225
72
125
79
151
97
111
71
36
132
162
206
18
45
48
76
56
104
81
122
248
54
213
64
55
152
53
24
113
66
170
48
36
147
177
100
116
169
125
132
178
274
49
140
115
118
48
105
80
118
94
52
151
72
59
123
68
18
136
59
99
89
74
163
93
120
135
63
15
91
44
80
95
31
137
55
114
153
74
42
81
179
82
11
129
113
79
40
21
172
45
53
43
79
133
67
49
47
91
125
84
59
75
39
42
33
66
125
108
137
49
137
94
69
153
103
173
151
171
123
139
140
167
123
86
31
145
167
74
67
122
78
62
51
177
167
107
204
166
68
130
94
76
112
176
48
95
219
27
115
35
25
132
63
47
175
140
109
233
47
108
116
38
115
87
19
146
37
120
39
79
107
102
90
121
149
70
118
76
95
77
104
160
91
156
57
158
48
109
49
34
88
137
113
129
56
110
30
77
78
120
65
34
62
131
91
92
91
53
156
79
92
120
180
112
34
127
64
176
56
96
147
30
83
129
75
111
45
70
70
83
164
49
136
92
107
143
109
128
66
197
75
120
98
69
120
62
130
176
102
106
128
62
72
93
74
21
173
87
86
82
116
128
149
155
77
31
64
100
95
86
179
152
75
159
35
63
57
127
112
231
194
137
55
78
86
42
74
65
45
51
196
126
29
21
66
90
67
47
65
137
114
213
70
62
41
127
108
174
68
131
124
119
92
104
44
95
65
87
76
101
151
24
119
57
168
46
130
119
104
160
133
152
67
45
58
138
188
53
222
7
84
118
125
119
49
133
66
204
60
107
121
60
132
81
80
172
168
167
84
148
52
41
6
62
98
228
132
122
91
153
124
94
146
222
108
28
85
21
138
75
134
172
84
71
185
102
51
22
168
107
111
101
98
189
76
135
93
122
73
200
67
92
113
118
150
156
41
75
140
62
96
20
37
77
68
66
131
82
125
88
42
114
131
151
192
51
47
9
216
152
69
130
163
110
102
39
82
111
111
51
143
60
85
81
73
11
60
137
191
56
74
198
208
160
85
78
116
89
203
83
126
31
201
66
49
64
162
167
38
71
182
188
79
56
103
62
52
60
66
252
7
140
63
44
98
104
190
162
45
137
106
100
122
64
162
114
70
106
103
9
52
100
57
51
111
70
86
137
129
158
164
53
135
153
131
136
189
148
156
97
20
129
96
155
54
99
136
165
123
137
140
155
149
40
128
109
77
181
177
33
99
161
68
81
66
95
27
186
22
117
100
106
144
73
155
138
118
121
120
71
33
15
66
163
105
80
152
42
127
78
64
54
198
153
56
131
38
60
184
175
96
152
127
102
156
234
14
156
45
150
51
84
179
109
239
61
85
114
67
54
78
135
53
94
58
92
49
97
36
196
76
140
205
121
153
143
61
102
88
93
86
113
96
177
111
52
61
74
167
154
88
116
89
82
165
49
123
18
163
130
23
79
66
118
112
52
187
109
76
69
145
96
125
24
73
147
141
77
81
178
46
196
57
52
53
50
112
83
77
21
52
45
112
6
65
97
128
106
151
50
137
23
235
71
134
102
174
39
55
62
47
85
160
49
208
123
102
141
122
133
48
205
81
31
22
91
59
77
116
112
120
29
53
202
119
41
200
129
55
118
112
87
75
143
151
142
63
48
131
92
109
104
43
121
56
134
52
163
77
93
57
49
169
8
146
109
82
24
135
91
104
74
177
144
54
34
125
134
82
202
125
106
56
131
49
87
49
174
61
54
167
60
143
41
112
109
55
170
51
117
58
71
109
228
45
97
104
85
49
52
39
92
162
96
91
55
151
95
107
109
61
49
42
128
58
112
111
122
166
132
192
76
160
86
131
170
147
109
191
80
146
134
133
96
92
83
39
69
162
83
137
119
192
59
59
42
170
35
100
176
24
85
46
254
96
120
29
50
142
205
66
16
102
130
110
120
92
61
167
122
201
106
108
74
145
110
68
84
197
96
33
116
142
38
98
145
127
51
36
146
87
136
108
60
27
123
70
151
103
136
133
91
10
29
31
136
79
164
124
157
102
109
152
148
184
170
67
126
39
199
21
99
57
185
132
61
80
53
123
41
114
18
37
81
145
97
39
57
195
86
48
79
65
185
140
110
73
107
110
42
140
116
123
67
118
83
108
99
57
38
93
33
175
16
158
76
85
108
88
61
140
216
55
152
87
63
247
108
161
80
17
124
141
90
6
182
48
45
40
118
71
126
131
108
66
87
139
117
45
124
147
47
105
48
206
182
104
198
171
69
74
82
61
214
12
56
151
72
160
67
120
195
67
68
198
252
126
54
46
73
185
117
90
187
50
74
159
146
158
134
69
77
98
140
93
174
125
173
86
77
157
143
75
189
40
100
86
124
79
110
7
120
83
108
81
133
135
108
81
118
131
160
103
143
125
91
188
153
38
111
138
152
88
101
155
94
24
72
210
177
147
80
152
84
113
69
65
99
147
129
37
203
141
152
137
84
26
65
141
101
67
37
163
169
58
154
76
149
154
151
132
101
76
20
103
86
105
159
177
51
115
79
210
105
178
116
117
167
229
51
57
127
114
63
28
82
119
172
87
146
34
134
139
116
98
119
74
179
61
133
122
134
61
84
59
148
17
50
105
151
42
32
87
94
69
132
39
157
146
117
49
124
145
84
118
75
130
151
75
145
76
118
60
134
118
136
38
258
47
74
74
73
132
138
78
108
101
181
135
56
143
107
130
104
149
27
39
58
45
17
107
69
51
52
101
92
107
42
28
42
90
176
65
148
65
147
56
83
90
200
87
175
98
81
48
167
35
66
54
212
151
14
86
130
27
96
53
51
40
73
146
201
58
98
60
25
110
114
71
79
102
69
173
126
28
91
57
44
42
147
113
216
65
215
45
153
178
154
93
167
123
159
117
108
28
167
64
79
194
57
95
118
82
107
116
103
82
119
116
114
140
90
72
94
142
30
84
61
60
99
122
138
91
99
87
67
75
188
65
114
76
96
50
160
56
154
122
110
123
179
60
24
134
55
70
199
224
57
68
101
230
166
136
148
61
181
171
174
105
102
163
108
70
61
39
65
95
71
179
90
37
126
12
71
129
190
65
68
109
89
78
120
194
108
187
45
166
117
102
60
89
114
97
177
53
153
72
100
73
67
56
85
43
56
182
157
139
144
82
124
118
122
50
209
99
89
105
73
101
81
171
18
60
73
139
32
62
135
80
27
62
153
65
84
22
88
133
85
57
136
130
143
231
79
104
130
28
86
58
153
30
240
104
28
139
78
21
95
143
115
46
206
109
133
155
99
112
82
131
30
55
197
132
91
165
63
112
11
67
168
50
75
28
157
53
116
60
68
66
14
55
71
69
135
92
93
101
156
58
169
88
41
152
187
30
93
101
104
170
10
139
98
80
35
44
119
44
100
100
145
149
116
64
81
117
68
117
108
248
76
108
155
128
131
28
36
229
53
161
153
92
160
94
99
81
59
97
114
45
46
68
32
219
120
39
40
34
60
114
123
78
121
95
149
64
50
78
151
59
72
55
214
72
78
72
39
50
46
153
128
16
62
169
87
87
146
110
105
128
26
100
146
103
55
95
165
81
57
188
61
86
87
122
148
67
75
123
122
76
13
65
75
245
172
169
48
64
141
84
245
64
127
141
67
157
157
107
119
92
70
42
190
78
66
152
147
84
79
114
28
101
28
176
65
190
133
98
146
145
82
