518 352
123 373
365 124
234 770
136 136
253 189
786 582
467 602
361 733
601 670
390 257
181 724
2 765
633 745
249 737
113 708
265 37
221 172
776 44
158 435
608 506
236 176
434 708
154 633
208 571
207 717
82 538
211 611
563 646
636 728
153 638
149 590
759 486
403 580
198 352
622 684
666 649
458 489
98 283
471 111
722 794
155 219
66 30
410 743
69 21
198 755
419 635
601 693
311 410
679 582
250 452
637 427
638 276
409 54
601 364
95 321
307 192
670 120
58 418
483 119
494 64
223 217
200 51
503 133
397 400
80 793
172 521
212 471
685 591
744 566
32 69
718 602
83 573
251 487
708 767
668 35
131 530
410 380
440 450
567 10
529 144
321 249
6 74
240 715
769 436
710 631
254 723
704 630
11 772
600 742
685 481
179 364
172 545
397 656
106 621
530 466
397 721
765 276
238 414
611 565
61 319
548 570
731 631
92 616
622 757
774 429
128 6
782 422
468 742
690 659
305 754
109 404
194 229
474 163
564 226
319 55
366 706
275 23
677 716
403 510
391 145
34 664
138 195
131 784
285 672
452 592
669 252
444 501
741 623
502 650
222 368
85 518
302 585
589 67
522 628
701 269
733 44
685 76
590 436
7 797
107 56
411 147
524 98
596 688
419 508
355 634
224 567
751 29
310 331
24 586
744 47
334 582
336 745
791 70
275 613
110 120
248 560
185 82
453 227
158 519
248 205
30 39
585 621
625 651
65 358
142 472
240 128
679 395
258 435
388 309
359 676
92 163
566 72
776 702
56 646
793 247
690 228
55 686
772 570
113 86
492 767
61 722
750 98
714 734
777 174
392 347
684 213
262 344
454 561
676 301
79 612
741 146
608 464
691 254
489 165
614 132
157 335
397 525
431 162
573 491
323 12
507 649
790 35
423 764
387 234
570 783
36 453
48 238
629 657
382 476
237 653
78 638
153 749
198 367
671 715
65 253
529 575
247 492
724 245
593 712
789 718
249 178
779 254
577 797
593 443
623 618
336 300
81 28
363 203
797 22
793 59
184 715
577 666
711 530
729 354
669 410
195 68
644 403
400 632
272 247
771 189
16 411
8 529
141 274
482 693
684 25
371 514
121 428
127 186
573 772
695 202
161 328
71 683
408 684
257 800
511 76
293 132
335 4
644 682
626 766
784 72
795 101
7 731
347 331
582 427
722 577
751 65
731 501
212 504
660 490
412 334
408 172
19 295
273 679
566 679
510 589
678 331
521 694
674 71
217 363
43 372
302 526
173 136
774 309
319 536
493 762
615 500
517 646
90 268
542 423
342 574
568 501
640 262
44 339
792 748
261 402
456 277
457 527
368 495
722 126
655 234
768 780
506 535
396 305
57 587
553 269
46 789
344 607
612 349
77 305
577 404
679 436
485 424
400 602
566 691
444 71
289 176
172 59
698 401
173 450
302 12
287 706
563 504
35 90
778 618
616 449
236 495
742 517
358 707
208 49
643 336
330 505
199 184
521 111
385 429
148 381
721 257
514 7
572 451
369 434
502 24
250 85
620 274
448 30
690 603
20 315
458 219
655 366
337 191
398 742
155 81
513 721
776 696
369 500
139 433
603 755
666 277
556 580
145 265
103 380
418 90
664 736
800 790
179 32
403 393
748 453
35 80
159 138
436 675
607 451
655 621
245 182
308 389
496 35
6 102
45 360
791 787
232 370
574 180
215 289
549 785
514 515
478 788
507 220
130 677
338 242
148 402
684 303
62 296
352 503
796 719
408 345
103 794
382 333
644 368
674 447
741 22
611 729
675 786
792 191
1 247
11 15
69 71
158 198
284 298
47 163
67 98
161 227
339 364
337 373
207 309
184 240
9 143
310 338
276 356
44 366
8 170
105 107
249 380
65 181
224 291
98 377
111 386
54 237
188 197
51 138
195 378
50 73
94 252
221 371
331 389
17 332
163 225
58 359
67 168
26 131
18 147
54 308
137 266
36 258
70 366
176 292
233 269
135 356
169 204
28 287
329 350
5 239
237 347
124 321
75 150
20 322
70 82
255 340
237 395
281 298
80 142
98 130
288 358
61 371
235 311
332 367
100 309
135 276
42 161
72 76
92 159
236 282
198 346
118 258
164 241
166 282
181 392
246 331
23 30
72 131
15 123
189 387
52 300
218 222
215 309
353 389
155 171
318 347
17 166
95 338
63 255
190 211
20 369
238 253
301 352
293 345
128 178
263 391
3 86
17 282
130 251
117 341
156 268
22 116
308 330
204 303
69 327
70 374
53 360
147 202
232 314
264 325
35 274
125 188
33 246
112 122
164 345
272 288
198 271
119 246
109 370
32 90
142 340
220 362
32 365
91 130
191 250
15 212
330 387
296 303
131 304
50 168
110 328
116 170
267 365
298 389
147 230
246 281
191 399
274 314
78 209
80 255
261 266
66 159
43 96
56 239
218 399
196 251
292 305
169 296
17 41
35 163
74 376
235 318
316 371
112 371
204 271
74 183
81 239
197 389
28 314
143 232
213 279
106 317
172 255
334 353
78 364
72 242
168 217
96 203
126 342
161 366
24 92
140 155
61 239
121 181
302 322
118 183
143 258
180 380
5 166
1 386
157 166
17 371
89 205
281 353
20 269
204 346
68 87
201 244
104 249
202 261
48 98
172 195
7 33
70 323
146 156
95 381
162 163
293 375
201 275
5 332
40 74
53 343
237 330
264 310
33 238
21 221
41 171
149 211
192 291
34 251
81 385
166 316
224 310
69 324
173 183
67 73
1 196
243 358
46 93
29 118
219 314
37 197
193 387
84 318
167 347
295 372
80 383
173 220
17 61
144 389
265 344
181 252
193 250
212 384
149 242
332 371
6 178
81 226
185 393
236 350
51 235
28 134
9 35
282 317
103 384
277 285
280 345
110 321
238 368
42 70
64 334
339 353
108 203
166 221
4 179
113 346
13 397
236 341
244 277
330 347
59 360
169 270
293 309
48 50
202 229
71 265
8 110
89 259
139 262
113 120
277 287
136 147
237 394
307 313
238 313
22 108
171 367
352 390
329 341
158 296
16 329
32 267
50 67
31 92
67 319
151 154
197 331
65 139
192 264
70 227
138 224
257 320
202 396
137 278
160 316
3 83
334 364
75 245
41 358
37 312
89 249
286 369
315 360
45 212
227 366
162 357
183 214
7 313
289 338
296 346
106 350
29 259
51 224
77 393
14 321
29 214
71 324
93 116
37 302
83 273
192 224
171 248
22 203
85 102
90 365
176 300
226 303
102 324
222 399
85 87
29 35
97 218
178 327
44 323
142 373
242 304
355 397
104 223
4 155
39 80
64 339
282 350
24 66
209 331
245 278
136 137
237 308
221 316
97 399
354 359
296 383
180 285
45 83
160 221
271 348
14 110
328 349
196 213
132 151
28 274
144 246
103 121
48 372
1 111
280 359
157 367
4 122
76 159
96 328
11 231
164 375
188 275
97 135
236 329
87 370
47 314
186 300
147 266
129 134
176 193
284 389
86 231
54 310
391 393
210 273
298 334
27 31
13 219
27 154
67 326
11 123
95 291
90 395
46 238
63 80
82 323
196 386
157 317
152 170
144 188
124 273
25 45
158 204
168 372
174 211
3 11
67 165
127 297
140 363
4 248
58 375
56 81
261 299
24 31
219 355
269 325
40 301
72 174
281 389
81 204
71 344
33 290
192 325
58 111
128 344
36 109
279 295
16 320
289 312
199 224
192 269
21 160
28 357
219 259
141 271
319 386
159 165
22 93
109 118
194 333
293 388
90 233
9 47
14 45
152 349
192 199
88 306
15 45
34 91
224 264
167 394
102 109
34 386
102 178
280 375
224 338
77 339
10 226
38 243
138 338
150 278
132 281
11 212
325 369
123 392
103 174
364 393
338 369
68 233
28 277
38 215
268 319
193 300
150 266
85 324
163 258
144 197
213 295
57 195
63 198
138 310
29 397
31 103
22 96
291 338
21 371
0 310
150 182
56 228
126 300
68 71
141 198
18 396
51 347
4 332
197 298
73 98
9 258
32 105
259 397
104 355
110 152
88 139
214 361
24 268
46 368
25 231
114 305
127 209
2 141
1 164
120 141
151 281
19 247
128 265
76 131
276 330
35 314
222 240
226 385
36 370
26 72
147 150
129 244
267 327
147 245
247 354
31 190
213 335
119 197
309 375
303 393
148 226
343 360
21 316
223 380
12 65
246 290
331 353
41 332
14 25
56 316
199 286
143 397
51 90
91 386
175 222
48 339
199 381
71 87
143 208
105 365
96 368
350 363
47 89
158 271
247 359
98 168
77 364
34 379
274 351
270 296
80 114
170 307
335 354
330 394
169 263
18 261
148 187
183 220
138 199
44 179
35 36
21 166
127 302
97 336
199 369
82 374
308 347
35 143
124 154
140 179
55 309
100 388
95 312
256 348
67 159
253 349
41 243
84 105
294 390
222 336
235 325
58 206
79 255
104 361
29 355
32 327
10 393
165 386
96 116
171 179
112 358
302 357
282 367
182 184
68 265
130 377
1 251
62 317
7 201
270 393
215 388
324 352
96 170
10 303
228 348
134 162
98 213
133 142
92 146
13 398
47 258
36 225
256 341
103 304
201 274
47 274
129 287
167 276
36 208
310 369
68 102
266 299
101 357
88 177
130 187
77 334
347 394
83 124
41 112
197 297
380 382
33 313
126 356
88 392
64 270
14 124
108 382
34 196
29 47
74 361
108 244
16 257
93 307
259 398
253 368
118 361
290 331
280 293
12 139
169 303
182 260
88 262
11 83
86 321
114 383
162 225
173 390
240 299
101 275
111 335
59 333
193 292
101 302
175 283
206 280
189 336
180 351
18 260
22 368
26 242
186 193
51 369
130 279
50 98
15 177
210 321
178 324
294 352
60 63
65 306
132 284
274 287
89 143
13 89
43 349
281 284
62 329
233 265
60 360
63 378
95 322
207 388
168 295
64 391
91 279
39 113
1 55
119 297
45 123
44 106
196 335
137 245
93 238
155 282
292 342
145 238
23 27
22 244
340 343
145 313
10 228
247 335
199 264
87 102
18 150
9 219
122 282
5 61
298 339
136 266
112 379
202 260
6 327
275 357
2 360
39 198
74 220
292 300
34 98
263 393
209 389
61 221
52 135
284 353
19 67
175 240
361 397
63 333
52 193
37 144
75 396
258 397
119 298
192 369
92 268
173 376
160 239
251 335
122 248
187 379
5 17
62 236
315 373
33 197
134 216
17 221
300 342
84 267
37 381
59 141
203 382
62 320
87 109
99 101
146 268
28 201
107 234
153 202
58 164
74 398
22 349
241 359
121 190
97 387
372 377
240 250
155 179
204 385
221 332
45 254
270 391
113 333
111 354
126 135
233 267
10 296
60 172
212 392
74 214
255 373
12 262
148 372
102 173
181 262
249 397
194 198
288 309
122 155
203 349
230 266
16 117
356 387
26 304
24 27
42 44
318 365
45 231
263 372
145 170
255 343
221 239
33 151
6 128
290 313
25 273
159 319
162 232
176 356
68 85
23 94
44 161
135 336
100 345
100 215
83 321
226 263
192 286
176 218
91 335
91 251
33 119
187 377
85 128
204 226
226 393
135 218
311 325
42 366
68 69
157 341
345 375
297 381
173 294
79 172
292 387
200 320
190 252
21 112
135 193
272 345
25 210
54 330
217 281
189 292
213 251
98 279
168 326
205 259
107 365
104 259
209 353
212 231
131 159
6 69
126 292
225 370
220 301
27 210
340 373
73 156
184 399
176 186
179 366
27 146
140 227
153 260
245 396
241 375
248 367
179 367
3 110
165 319
95 264
54 347
208 258
152 328
27 92
184 191
80 113
21 61
148 393
40 398
325 395
118 214
276 347
18 153
85 370
167 330
260 261
66 146
320 341
112 160
335 386
7 275
55 280
8 96
205 380
14 273
298 353
218 250
59 63
155 248
337 343
40 361
35 232
122 358
187 279
56 160
157 329
3 25
99 225
16 200
311 395
142 172
63 113
52 387
272 293
166 256
44 140
185 263
5 160
167 237
151 284
17 160
176 336
30 211
260 266
183 352
311 365
150 230
70 179
59 198
148 169
322 381
36 68
157 282
64 78
66 326
68 344
15 392
153 266
2 228
185 391
317 363
25 321
98 372
132 154
43 253
335 359
18 182
188 297
256 316
320 329
237 325
274 277
108 285
125 275
133 195
220 376
86 273
133 255
59 113
256 371
154 156
51 192
52 330
86 124
160 371
207 272
230 260
51 311
157 179
301 376
293 359
78 312
13 118
132 290
188 302
89 355
66 92
49 370
9 163
154 307
24 159
87 265
48 334
59 255
139 181
104 205
106 363
236 363
172 373
18 136
149 174
42 227
42 179
318 395
43 328
187 372
4 367
255 315
51 264
189 276
8 116
305 342
183 398
316 385
178 265
116 328
311 318
251 379
126 189
165 354
43 116
101 381
165 247
72 211
138 289
106 179
154 273
133 172
70 140
209 246
6 324
55 375
333 373
174 181
34 335
4 282
191 299
35 47
179 350
119 353
120 348
297 302
90 267
22 253
191 261
121 211
114 342
94 304
62 350
13 214
93 96
13 361
20 325
100 375
298 331
47 219
158 346
9 274
99 357
64 77
3 45
266 396
192 322
99 286
108 351
276 394
138 264
339 389
53 257
249 259
67 268
43 108
152 321
136 202
42 106
174 252
9 314
39 360
196 279
32 107
62 157
39 63
345 388
147 260
135 300
98 295
5 221
15 384
288 388
101 162
21 332
100 293
216 302
52 126
140 161
244 351
185 270
230 261
141 228
162 208
284 331
59 80
209 339
49 71
29 258
94 174
216 275
0 54
55 196
137 150
5 56
132 145
9 208
65 123
197 353
234 276
13 29
46 170
150 153
136 396
7 297
77 312
223 355
105 267
66 319
67 217
69 178
83 231
51 394
173 301
79 373
55 243
359 386
185 334
177 190
57 137
66 268
19 165
9 162
42 140
350 367
39 53
220 352
7 46
147 153
20 286
244 368
129 277
11 14
56 371
26 103
241 280
48 148
246 284
286 291
15 231
90 235
224 369
123 306
105 318
61 112
11 45
217 268
233 327
27 156
132 156
13 355
14 254
227 323
151 290
135 176
157 363
89 104
219 274
109 214
344 370
39 194
111 247
203 285
55 100
164 388
79 340
110 254
211 304
2 348
180 382
205 249
101 216
36 85
193 356
158 194
182 191
235 347
50 326
167 311
80 195
144 297
136 150
231 384
39 315
211 252
361 398
61 160
189 356
45 86
78 127
38 288
8 203
42 82
3 231
169 393
81 316
190 304
137 299
103 252
153 229
131 165
41 248
36 344
234 387
7 287
75 136
220 294
148 263
215 272
126 336
34 377
33 46
151 313
47 208
58 241
223 249
337 340
93 328
77 185
325 338
262 306
179 227
200 341
218 336
194 383
117 329
69 267
246 389
135 387
141 360
272 388
57 191
122 332
106 227
100 272
316 348
37 297
39 373
40 362
129 275
86 210
55 293
201 287
9 232
79 133
269 395
83 110
16 363
166 341
60 315
56 348
76 268
264 369
166 371
11 86
121 177
182 266
143 314
169 185
93 368
201 277
40 183
205 355
94 211
294 362
153 230
222 283
89 219
65 88
323 366
97 283
141 315
184 299
295 377
52 189
247 319
94 384
264 289
60 373
318 394
144 353
115 200
218 240
0 289
216 381
39 142
246 298
40 294
31 72
120 198
237 311
34 130
86 254
2 198
202 266
376 390
193 218
156 217
52 114
72 94
211 384
97 193
267 269
20 199
240 399
170 328
151 307
57 278
275 302
30 94
292 356
187 213
114 378
62 363
346 383
39 59
108 349
113 271
322 338
95 199
19 354
65 212
164 309
56 256
53 200
18 202
126 176
113 158
119 389
27 273
135 222
209 298
134 357
163 208
90 327
161 374
199 291
6 265
28 162
35 219
216 357
177 252
234 283
19 335
31 76
278 299
83 210
58 247
9 28
259 361
275 287
169 226
62 341
308 394
38 388
100 164
229 260
39 255
1 58
19 319
134 201
87 344
20 192
158 383
8 349
135 186
43 203
48 168
8 43
327 365
29 219
189 342
78 334
172 340
55 388
136 260
239 379
147 229
37 78
277 351
84 327
104 219
90 269
185 226
40 376
51 310
166 236
76 165
30 31
191 266
32 84
143 274
0 305
3 14
29 89
266 278
39 333
315 343
60 337
183 390
69 128
119 209
102 265
189 300
100 280
221 256
314 351
25 212
161 323
38 100
12 181
145 307
13 259
223 259
174 190
186 218
252 384
94 177
86 110
126 218
219 232
35 397
343 373
89 397
117 200
140 366
308 310
207 215
25 83
64 185
228 385
62 117
114 292
122 367
55 164
93 253
80 378
130 196
4 157
109 344
228 271
81 348
23 211
145 290
157 236
111 359
100 288
129 368
122 171
179 317
47 397
132 307
124 170
319 354
112 243
126 193
134 275
194 346
50 217
235 394
55 288
195 278
164 280
127 188
359 375
174 304
31 66
229 230
176 250
5 371
139 392
49 344
220 390
99 162
2 53
116 253
104 397
155 350
16 341
200 257
37 119
77 270
74 301
263 303
71 128
69 233
153 182
197 246
206 241
26 76
155 367
270 303
263 270
53 315
35 208
1 335
334 339
302 381
126 387
34 213
96 152
117 257
13 74
15 252
193 336
7 216
58 280
33 125
301 362
33 188
4 350
183 294
33 145
143 163
85 109
102 128
15 211
19 111
112 332
93 145
124 210
7 129
102 344
51 167
186 336
207 288
272 309
81 228
1 91
199 325
38 358
138 325
159 268
237 318
121 262
259 355
253 328
74 118
255 333
29 104
282 332
127 197
26 190
120 360
173 362
321 328
61 332
236 317
208 370
61 379
290 307
130 168
19 386
166 332
127 144
89 223
181 384
323 374
94 103
44 227
177 211
71 102
77 169
375 388
68 370
285 380
93 170
113 198
177 384
285 382
101 134
362 376
53 60
62 106
16 236
1 359
189 193
149 304
294 301
128 324
243 251
305 383
156 281
149 190
59 315
82 161
250 300
167 235
38 207
12 177
142 255
183 301
111 280
57 75
20 99
77 391
283 336
23 31
174 177
185 364
66 165
39 60
115 320
73 281
66 67
38 55
303 391
116 152
237 369
103 211
87 128
116 145
286 322
47 143
348 385
241 293
232 287
175 399
113 194
131 242
168 377
269 311
188 313
289 310
150 202
351 382
156 326
14 83
97 175
224 325
50 268
268 326
129 201
49 265
317 350
35 214
84 365
309 388
173 352
167 395
31 94
64 364
57 182
134 287
276 387
269 286
291 381
7 125
167 318
63 194
147 396
247 386
270 364
108 277
3 254
60 343
191 260
157 350
271 346
364 391
49 85
234 318
170 238
142 194
113 383
146 154
103 190
277 314
217 326
189 330
18 230
246 353
224 289
142 333
47 232
72 304
104 398
2 120
182 261
82 366
72 190
46 253
119 127
10 169
85 265
50 295
194 378
94 190
213 386
150 396
71 85
96 349
73 217
5 21
329 363
14 86
36 163
12 88
362 390
202 230
218 283
80 333
24 146
120 271
115 117
154 210
170 253
6 71
17 316
129 274
28 143
183 361
255 337
15 181
125 313
264 338
285 351
286 325
145 253
18 229
38 309
191 240
144 298
213 377
177 262
354 386
167 234
378 383
206 242
79 337
34 187
121 174
73 268
130 295
46 145
300 356
28 129
10 204
186 250
235 237
42 374
224 286
39 141
120 228
57 299
204 228
115 341
29 183
63 142
164 293
91 377
258 370
281 331
32 233
28 232
27 30
139 306
73 326
2 271
84 107
103 149
251 279
10 385
219 397
239 385
16 115
133 333
306 392
36 87
55 359
30 384
60 333
52 342
56 385
109 258
44 70
150 260
49 233
117 320
197 209
23 384
51 325
11 25
25 86
10 158
4 171
52 356
310 325
8 152
135 189
145 151
1 354
189 234
83 86
18 266
131 206
46 313
91 213
33 307
37 127
196 243
121 304
51 395
144 209
143 219
73 168
244 287
5 256
215 288
126 186
76 92
229 396
146 326
177 181
115 257
7 188
248 282
125 238
161 179
279 377
75 278
54 394
164 359
205 223
121 252
41 61
160 332
153 261
125 297
10 81
113 141
60 255
28 225
71 178
56 221
51 318
90 311
115 256
17 367
184 261
366 374
64 393
17 112
185 303
34 279
294 376
172 333
12 306
8 328
187 295
80 194
180 203
20 291
7 134
49 68
8 253
249 355
163 370
48 295
59 194
336 356
273 321
7 238
66 76
47 355
77 303
355 380
116 349
59 142
209 334
119 144
35 258
309 345
44 82
65 392
31 159
106 140
136 182
123 212
284 290
89 380
5 316
199 322
92 156
175 184
41 122
13 104
238 307
11 384
29 361
252 262
272 375
301 390
317 329
70 161
281 290
315 340
251 358
244 285
111 164
75 137
60 340
51 237
26 149
2 256
182 299
9 225
22 43
243 288
95 289
336 387
96 253
140 317
32 69
291 322
107 318
181 306
184 222
138 369
17 21
204 348
97 222
150 245
140 350
175 336
59 60
130 213
91 196
232 277
265 327
192 338
235 395
52 305
342 356
0 312
71 109
208 225
69 265
169 391
108 180
136 278
78 144
46 125
199 338
88 181
14 231
42 323
19 91
30 103
24 156
72 149
138 192
23 103
232 274
77 78
175 218
93 313
85 344
290 389
214 258
136 245
52 292
60 142
72 103
49 87
16 62
127
158
89
180
96
139
176
95
137
97
181
29
39
140
65
182
128
14
28
169
95
70
87
103
163
119
180
83
72
17
33
70
69
119
167
56
40
41
165
116
11
125
162
77
119
115
175
127
41
62
166
120
47
147
110
188
80
99
68
59
33
117
61
113
54
97
85
123
186
108
164
87
211
89
5
107
193
24
100
117
88
48
104
125
91
117
94
26
128
155
92
50
159
180
75
68
157
137
151
83
46
119
73
83
58
71
61
40
142
85
120
97
104
169
51
85
76
116
149
171
44
100
209
117
100
147
173
51
157
66
116
26
106
157
73
32
136
137
119
32
73
68
161
8
112
170
88
92
196
42
132
199
114
35
107
87
47
47
52
177
149
191
117
116
71
115
93
68
117
102
130
103
178
45
84
178
159
38
203
51
92
128
73
92
58
139
105
100
174
180
203
62
39
67
113
26
115
123
85
99
189
40
121
17
198
122
57
67
31
147
120
157
75
71
131
22
89
56
56
74
126
140
92
65
203
36
116
70
43
107
135
224
116
119
53
127
44
79
93
120
36
112
110
204
137
144
70
66
33
167
140
64
74
154
28
119
108
58
169
54
56
208
32
31
150
101
74
236
129
63
78
89
70
125
197
31
133
140
169
64
73
150
47
75
132
98
110
158
20
63
52
17
125
103
94
36
94
196
50
138
58
47
117
104
113
153
86
95
156
88
136
69
128
80
179
87
101
72
35
97
167
25
96
56
63
63
136
13
72
80
114
79
206
206
71
131
73
132
72
113
136
171
127
137
77
46
190
174
214
11
72
36
176
115
115
115
86
94
48
94
62
70
155
139
163
37
69
10
49
164
93
55
85
92
100
90
54
70
60
186
61
52
85
100
121
117
190
71
225
67
87
31
80
52
196
45
96
137
39
62
73
169
57
114
131
53
123
67
124
167
186
120
67
170
98
181
84
134
32
160
44
86
137
40
135
128
64
107
109
54
197
127
38
101
88
172
93
84
101
68
31
62
130
86
93
114
66
23
44
52
148
128
30
48
188
111
44
23
116
119
75
18
53
75
135
76
83
81
135
91
111
49
84
106
76
216
78
123
87
61
72
116
86
28
108
138
142
56
49
58
90
191
162
50
96
109
175
117
45
74
32
52
137
47
61
121
70
151
95
26
152
48
63
48
103
111
80
144
34
48
25
111
29
102
54
208
86
31
145
56
65
78
58
42
202
80
71
92
117
67
101
61
145
90
36
176
84
44
68
52
97
98
133
175
64
33
44
115
156
149
191
156
121
39
116
93
61
133
169
147
76
115
86
127
92
39
136
61
64
45
31
32
64
174
156
171
122
15
44
172
191
65
150
127
100
38
192
70
102
187
81
76
32
228
52
15
97
81
85
43
85
226
128
81
75
87
78
120
92
64
113
142
125
121
96
68
35
148
93
65
83
196
22
275
104
102
20
183
78
125
91
61
75
285
170
138
139
66
121
123
127
205
83
127
33
27
112
45
85
16
65
68
115
106
170
77
60
121
55
76
49
139
147
82
233
147
130
77
48
104
103
91
10
95
63
106
52
134
163
57
85
166
154
94
17
43
20
109
142
202
74
163
91
120
113
76
86
162
188
66
59
88
24
147
41
100
69
143
151
105
166
80
116
47
51
90
125
98
94
43
183
81
159
96
155
118
240
87
221
104
45
128
146
166
102
128
57
74
86
117
192
132
64
30
80
188
125
80
17
139
73
40
187
100
117
68
115
211
79
185
116
256
46
97
156
93
131
77
163
110
97
119
113
162
202
174
45
51
79
110
30
177
103
102
62
150
83
194
103
80
40
142
143
121
164
133
102
240
86
100
45
54
105
70
13
149
102
177
103
91
139
198
138
156
137
153
54
71
102
63
45
34
71
119
129
50
79
74
72
91
86
109
53
217
112
82
87
123
150
158
77
135
117
166
101
34
74
179
29
35
139
66
146
154
132
110
104
78
95
24
63
52
163
117
75
55
143
84
27
166
38
34
222
82
50
16
122
79
58
76
191
82
80
153
35
67
228
123
140
92
195
109
114
6
46
30
98
184
43
118
244
77
62
117
163
53
49
82
14
121
57
115
78
204
60
156
64
63
44
139
101
185
25
131
96
138
145
74
152
108
31
103
125
105
114
80
38
77
89
114
166
74
107
110
183
138
156
186
16
250
81
97
46
54
221
187
57
171
74
98
72
86
223
81
74
81
94
155
99
113
162
111
104
166
124
77
90
40
143
21
106
159
62
126
116
65
63
59
37
72
106
82
162
174
124
112
152
266
151
62
80
234
65
193
20
100
98
170
108
49
118
105
74
50
107
129
123
127
23
104
90
122
76
68
131
105
174
146
219
88
49
192
95
62
104
215
182
62
83
67
44
115
83
116
120
82
53
205
88
222
124
82
53
176
60
130
118
67
34
19
40
130
54
49
72
64
98
82
88
13
117
253
75
49
168
95
165
126
91
112
160
167
72
48
99
120
143
161
74
17
42
109
83
64
66
89
117
171
78
28
108
111
105
86
83
45
105
117
149
40
194
75
161
94
113
47
64
39
150
49
202
151
32
167
179
75
203
213
41
62
73
120
196
149
70
146
157
103
54
119
68
126
116
113
141
49
151
60
18
69
48
145
122
161
76
91
74
110
190
163
25
248
118
91
75
67
62
142
86
43
135
83
33
46
72
78
75
89
54
102
68
134
52
92
124
153
66
142
27
25
28
99
51
142
70
134
60
71
149
53
29
85
124
57
62
71
34
116
54
38
179
203
194
65
125
55
156
97
98
171
106
143
100
177
147
64
80
126
156
59
161
70
107
128
70
60
82
83
68
124
136
304
24
98
158
160
56
56
112
72
145
151
67
96
140
80
177
202
164
140
79
20
47
146
70
219
107
108
72
71
176
58
150
73
66
53
67
64
90
115
172
100
54
91
12
71
85
75
25
61
246
158
55
125
60
133
115
85
160
90
103
200
81
185
67
48
152
130
73
90
32
209
138
94
122
78
118
173
138
152
186
179
66
31
42
65
66
85
59
61
125
120
81
77
23
76
179
84
60
23
226
106
182
164
19
59
167
102
92
135
56
93
10
151
132
17
150
74
84
36
31
106
62
133
165
143
148
62
90
90
98
71
39
102
104
109
146
109
42
28
36
112
66
47
112
34
96
126
161
77
118
141
118
65
112
190
134
125
71
164
132
67
214
185
129
138
106
102
189
71
93
96
49
86
219
62
115
65
244
90
44
129
198
161
90
68
157
100
85
87
57
28
146
93
74
102
108
83
82
95
52
83
27
59
216
165
28
54
70
93
112
181
118
83
75
158
176
208
66
129
168
169
171
33
72
75
165
156
151
61
47
95
72
121
42
92
124
74
67
149
88
35
93
149
93
88
47
26
25
256
42
15
172
233
83
82
76
67
20
131
90
100
79
58
66
92
69
106
146
67
69
118
102
79
68
35
56
135
43
79
189
92
72
71
115
119
147
98
162
160
84
147
138
46
35
189
165
109
96
104
124
98
153
132
54
107
96
151
120
64
87
124
54
109
41
63
124
69
90
129
141
145
82
104
205
102
32
80
121
69
122
75
156
38
162
117
39
38
40
99
74
120
160
45
92
87
86
169
50
154
26
124
211
203
38
120
61
53
93
83
165
104
162
88
52
148
29
131
144
74
112
175
249
175
46
113
48
69
56
106
109
113
76
191
87
82
106
134
70
41
145
151
15
90
99
145
152
35
161
104
57
184
83
55
119
74
27
97
58
172
42
11
117
58
85
69
17
15
137
131
22
122
43
34
138
150
50
56
52
36
95
149
161
67
115
227
50
123
74
89
61
145
216
133
81
16
125
33
139
41
29
150
15
54
79
91
33
111
55
41
134
111
143
84
85
106
32
182
38
80
62
6
47
41
27
43
22
120
68
199
40
25
47
78
58
105
88
145
184
95
82
181
67
146
59
121
104
195
44
80
105
127
88
162
34
173
175
212
60
118
39
94
145
161
112
123
57
47
55
184
65
194
91
68
104
84
123
118
48
97
171
75
136
57
70
77
21
142
44
189
103
128
52
125
138
227
147
67
159
114
77
25
115
126
106
99
74
76
84
60
59
79
80
79
104
68
79
43
63
116
163
149
30
44
130
102
46
91
47
90
91
62
76
31
117
66
100
84
90
122
97
101
46
135
56
137
129
258
51
85
123
116
36
71
68
98
88
79
182
142
31
75
112
165
92
48
199
153
152
77
143
74
96
53
96
77
144
35
111
109
200
81
108
19
111
39
50
83
88
144
70
118
87
76
178
129
89
109
57
31
30
71
157
46
99
116
160
68
53
190
98
37
111
118
59
35
151
179
84
163
94
160
49
81
67
142
102
180
185
102
93
36
212
87
82
98
117
112
118
113
60
162
132
12
197
178
170
51
48
193
29
89
107
164
87
61
66
156
148
86
49
150
56
202
126
109
51
53
66
177
176
158
88
131
133
127
156
83
102
114
81
74
44
152
75
124
51
206
61
109
19
106
56
130
101
