514 199
220 540
681 455
391 235
439 404
164 495
389 125
278 383
753 115
123 200
680 666
289 365
144 117
356 328
383 575
260 132
348 708
367 302
496 542
174 280
61 666
295 150
242 731
761 568
629 183
319 431
610 252
758 87
669 167
179 438
550 669
596 150
504 271
686 483
96 161
682 702
588 624
220 461
394 51
670 150
222 454
61 471
769 398
649 183
254 563
69 754
527 655
766 736
194 795
667 765
702 505
423 768
25 311
516 642
619 364
320 107
202 607
378 270
262 725
577 205
446 427
685 399
574 107
28 526
641 161
492 120
791 278
592 774
655 482
398 305
437 552
484 609
655 152
49 662
384 87
372 263
130 257
687 755
312 92
60 228
26 219
72 330
175 341
212 573
582 146
163 191
699 128
766 448
677 580
736 272
375 286
764 715
644 321
396 18
534 746
99 440
388 24
782 451
312 706
608 794
516 483
741 122
51 341
690 226
604 624
525 321
73 322
149 90
412 491
560 394
506 597
330 304
162 535
371 194
573 519
534 682
417 715
351 678
792 129
48 393
191 335
550 371
331 92
392 213
190 265
482 305
482 444
506 496
151 649
617 158
407 78
347 371
50 754
153 282
617 758
7 380
376 241
288 375
451 192
707 202
299 718
414 554
453 254
174 333
424 451
765 46
459 195
749 46
164 433
655 653
764 656
39 124
25 479
686 494
518 136
119 348
108 211
385 732
752 361
285 32
154 633
789 713
356 201
450 418
775 317
603 263
452 459
374 34
715 78
327 180
799 88
764 142
508 313
288 199
463 311
271 69
58 592
669 697
64 297
55 519
744 744
697 269
375 178
293 270
201 764
262 383
220 738
777 770
683 291
315 503
701 475
287 224
604 276
745 1
659 669
409 557
195 4
689 697
728 577
287 117
669 351
430 663
552 723
739 212
22 673
380 452
400 508
646 764
73 675
94 519
124 661
377 793
251 271
310 502
744 775
80 345
444 621
168 35
408 754
116 445
337 748
390 349
473 453
524 716
621 482
456 511
238 601
709 721
782 282
391 304
234 779
292 387
242 161
166 161
203 263
55 438
187 236
675 670
167 471
22 353
654 736
318 440
546 699
196 777
255 709
313 471
662 216
184 414
31 483
488 596
136 93
784 433
83 466
701 12
289 287
597 431
40 624
201 65
498 398
292 109
436 366
796 375
772 710
725 794
556 242
105 403
483 201
655 13
219 319
476 351
762 361
249 294
94 408
149 260
522 163
706 153
101 127
721 278
341 39
556 376
253 303
571 736
262 577
485 177
85 43
704 94
765 464
182 27
291 766
308 121
198 281
9 429
731 37
35 11
183 227
346 471
231 393
158 544
692 418
644 348
618 74
0 303
263 148
697 65
40 429
259 748
713 616
70 781
618 431
411 321
785 614
619 663
551 711
16 354
205 726
502 793
461 17
698 655
693 101
750 35
718 730
131 90
621 259
552 683
207 714
101 744
631 85
4 578
426 472
363 641
771 531
289 9
593 388
674 781
137 190
294 2
728 518
553 346
64 35
672 477
648 381
491 199
448 213
733 664
466 677
175 272
268 542
460 164
297 370
566 81
794 537
338 340
349 491
753 783
578 357
215 398
360 65
381 80
405 692
798 388
324 291
648 412
19 136
32 379
314 463
337 770
420 796
521 258
483 231
479 704
225 76
703 346
30 29
741 442
359 587
192 449
132 531
471 467
329 662
64 394
390 4
420 64
516 633
105 119
518 154
147 363
650 38
533 528
466 402
654 522
177 352
763 507
426 352
181 166
705 219
361 16
551 50
774 664
171 690
363 634
29 40
311 323
314 324
0 154
9 273
212 290
19 290
10 197
58 140
205 352
34 321
275 318
285 318
68 361
47 397
253 303
24 64
8 118
165 322
194 311
27 168
43 64
190 389
208 325
189 364
88 149
184 398
56 226
74 356
276 321
21 199
96 130
10 227
42 286
89 228
268 290
85 233
298 340
229 360
126 388
270 359
99 333
90 136
77 227
29 375
180 197
222 377
164 270
105 269
10 311
81 215
124 273
100 225
75 360
102 119
208 256
123 162
3 57
138 146
234 294
215 363
24 39
172 279
71 216
98 378
76 294
304 379
126 166
159 196
193 319
17 136
89 164
35 194
61 371
1 297
224 389
154 384
81 155
312 323
7 348
11 351
61 200
54 299
93 395
78 175
47 263
105 367
110 216
202 312
78 331
63 248
232 233
142 341
144 328
199 302
43 139
338 372
209 376
194 197
127 377
96 381
144 166
54 109
5 375
51 218
97 261
27 171
78 289
130 167
291 363
30 311
23 306
137 231
19 236
67 94
90 229
28 394
189 213
111 131
119 135
223 281
61 340
356 381
14 141
22 243
308 339
169 173
247 375
87 373
43 246
21 302
94 312
149 177
145 193
160 398
0 347
153 389
24 103
173 302
143 290
208 398
62 326
152 235
4 222
45 204
93 380
143 345
69 309
212 234
29 37
77 320
203 277
16 329
70 110
109 258
293 362
259 289
235 379
331 395
24 84
255 279
65 283
8 318
317 343
196 287
98 140
168 303
151 383
213 352
234 280
116 369
72 84
100 126
344 382
69 111
49 240
266 274
174 260
218 366
239 379
158 164
316 381
9 85
17 360
13 57
161 262
93 167
197 237
119 239
73 325
176 204
272 304
148 247
48 314
234 271
133 234
124 271
151 338
107 276
92 165
166 225
374 378
50 153
148 375
372 383
91 214
95 235
104 311
273 290
135 363
116 344
199 370
17 309
26 192
13 17
133 290
374 399
40 355
33 389
101 118
109 255
133 236
153 224
5 112
2 361
299 361
152 248
243 324
44 346
205 364
91 227
21 55
230 244
175 199
220 365
227 317
216 382
89 181
172 367
189 346
56 297
243 305
330 336
55 289
3 17
267 300
21 122
151 372
59 192
6 130
123 138
25 348
7 185
318 386
355 375
300 396
82 120
329 374
385 390
283 368
45 73
28 39
247 355
78 356
102 379
77 180
222 328
14 399
92 371
140 244
132 325
195 216
2 298
315 366
212 271
237 343
306 317
92 181
305 324
10 177
177 194
86 168
380 395
116 117
108 225
54 354
49 333
163 260
179 209
166 388
11 296
224 339
264 368
150 397
28 86
176 209
72 318
180 262
42 87
108 195
157 365
118 145
138 266
63 256
43 275
329 399
120 143
223 369
58 230
5 148
54 332
87 190
167 357
220 288
180 353
104 194
266 347
105 125
244 324
144 222
118 171
104 323
146 342
119 272
52 363
27 101
14 195
211 366
290 345
227 320
20 45
213 346
206 295
49 99
87 359
217 250
184 186
190 298
247 296
234 268
122 289
25 205
141 225
163 258
198 336
31 129
164 228
98 365
152 304
357 381
7 296
96 167
177 317
197 317
262 397
35 177
41 252
377 388
85 236
58 314
50 198
17 75
274 347
73 256
30 46
100 387
128 398
102 215
30 202
249 387
168 285
41 209
0 368
250 287
25 131
235 272
186 243
128 210
190 336
65 384
223 312
62 129
129 246
12 383
35 227
53 249
112 297
106 215
303 386
31 300
21 173
3 162
117 140
86 101
82 247
119 265
38 395
120 133
117 329
125 367
329 378
6 113
268 271
68 153
77 197
49 207
149 194
100 127
309 392
41 63
58 186
28 275
203 275
138 347
87 261
67 202
349 396
176 208
147 168
219 235
116 157
128 160
257 287
121 354
276 334
167 395
278 395
177 311
163 377
245 346
24 72
269 392
254 271
113 136
147 292
55 199
0 341
56 112
253 386
265 385
22 288
132 208
231 364
20 325
97 286
279 337
225 328
65 396
83 226
19 268
93 356
211 220
151 284
168 292
29 148
38 357
20 208
140 378
223 315
24 129
332 340
4 163
1 112
117 358
111 229
203 394
351 360
137 241
248 291
334 383
47 353
61 373
105 279
19 124
122 167
39 129
33 224
86 275
95 265
235 248
190 373
22 140
135 291
235 252
2 190
128 324
53 242
47 187
127 222
9 156
298 371
47 262
38 278
90 309
13 309
0 59
75 229
74 122
5 238
105 174
270 373
132 307
24 26
98 244
161 180
70 225
69 221
33 373
29 219
16 378
226 346
120 390
283 347
159 175
120 280
57 75
10 317
197 240
97 373
320 333
241 352
215 272
42 359
114 127
150 310
83 297
52 106
187 263
93 278
46 53
219 265
40 247
107 284
292 319
145 319
9 34
57 111
51 211
301 313
177 197
101 275
98 305
205 295
189 295
28 129
22 398
8 86
180 214
88 306
62 384
12 233
31 43
340 361
26 264
13 229
148 355
58 98
61 308
123 136
2 50
12 107
221 309
30 323
121 258
90 360
6 122
19 120
176 256
54 279
124 345
124 234
285 303
25 189
119 291
134 281
16 358
265 272
103 139
2 389
67 99
231 245
88 198
177 207
94 281
68 389
21 169
105 337
284 383
156 273
11 185
136 162
152 179
253 292
115 242
213 295
68 190
230 305
185 296
231 296
35 49
177 240
4 388
91 180
125 269
325 398
214 320
198 391
240 320
103 246
236 290
48 186
266 368
283 341
51 369
244 288
186 230
237 306
326 396
303 319
7 231
25 241
254 280
81 379
95 272
102 178
96 395
341 384
38 93
23 336
77 240
115 312
8 168
259 370
232 393
46 382
59 84
53 323
124 133
27 145
310 343
86 318
19 234
57 90
310 397
40 238
174 309
221 351
74 167
238 376
199 232
138 341
253 319
17 57
286 336
154 349
184 314
264 322
167 278
16 399
126 258
70 249
183 271
229 392
103 394
91 343
107 250
164 261
166 377
314 398
71 382
246 322
239 301
87 391
34 233
250 338
17 229
41 235
248 327
19 143
179 327
363 379
212 254
5 40
66 164
118 170
299 371
248 252
131 221
91 187
37 296
53 344
30 115
70 374
15 289
272 379
175 331
92 188
28 139
193 292
68 308
78 199
124 268
111 351
198 330
74 357
35 77
51 315
224 255
57 309
2 33
103 277
121 279
286 391
200 298
91 150
91 320
140 305
207 333
245 295
336 350
89 139
67 240
109 279
42 261
73 208
9 393
334 393
198 310
45 132
308 332
230 324
70 141
41 152
293 321
188 322
102 363
95 379
71 344
284 372
16 218
153 190
373 391
284 293
283 384
177 237
5 219
167 356
142 146
274 341
119 379
17 351
8 170
271 280
158 251
164 371
233 250
131 137
7 137
209 297
32 264
120 268
131 231
106 239
336 339
267 326
230 288
106 155
147 285
151 362
181 188
34 79
218 358
42 97
235 304
39 318
133 273
225 377
79 362
40 375
10 237
233 383
165 192
236 345
310 350
110 387
135 239
153 336
29 247
0 283
80 362
147 193
81 119
15 370
53 110
236 294
2 68
18 71
35 149
70 216
25 364
231 241
2 224
25 231
330 350
64 129
278 331
17 69
83 160
218 365
217 284
96 357
296 390
24 43
35 207
85 393
29 238
234 345
2 61
183 254
17 221
2 308
95 304
119 313
45 208
28 103
51 157
273 294
278 357
152 291
113 169
47 214
4 166
195 225
4 60
101 303
7 131
299 354
55 175
275 394
138 368
8 285
39 43
46 312
23 310
56 83
35 197
145 292
307 325
75 162
19 82
46 115
84 384
250 276
114 224
75 183
189 245
263 333
66 89
347 368
56 160
187 353
157 218
97 251
47 320
202 223
16 140
32 172
80 301
132 204
274 283
75 111
8 145
52 178
131 348
22 230
15 173
296 355
255 361
73 204
76 79
10 35
31 72
140 220
20 128
158 373
339 389
109 337
53 369
13 131
59 129
166 222
241 295
23 88
217 287
204 307
69 174
186 305
70 195
41 179
37 148
266 384
43 103
151 293
46 344
24 31
197 343
213 241
14 216
261 359
332 361
321 338
115 223
260 388
126 328
8 27
83 112
388 392
52 301
237 317
227 343
18 127
186 288
26 322
30 382
300 349
130 356
121 337
67 134
193 303
48 184
38 167
109 354
137 348
206 328
170 171
103 181
118 275
8 171
297 376
57 360
16 117
146 341
162 191
200 299
42 373
251 373
60 163
11 348
25 137
163 388
147 170
67 281
49 227
77 177
217 321
316 380
64 275
27 318
60 377
98 220
125 142
169 302
267 386
378 399
256 327
162 169
367 368
53 382
109 332
82 385
12 321
135 313
357 395
158 261
92 332
320 353
337 354
54 340
362 372
3 136
233 294
0 274
197 320
23 330
28 246
99 281
112 376
120 385
26 246
10 194
20 204
20 132
26 165
75 90
39 86
186 314
27 170
323 382
350 391
50 330
15 21
3 142
348 351
153 339
255 308
9 233
273 345
250 321
37 375
0 32
168 267
196 257
239 363
107 370
25 295
45 307
358 369
341 368
48 243
205 245
57 136
126 144
105 172
11 137
263 320
50 373
352 364
288 305
148 238
41 304
277 371
174 269
53 71
205 241
104 149
90 351
200 371
66 277
38 74
46 323
13 111
148 219
159 278
97 391
64 246
143 390
250 383
66 228
98 288
169 289
338 383
58 305
294 345
268 390
24 28
154 274
249 382
76 85
49 134
253 267
55 122
279 354
126 163
143 385
127 166
356 357
198 306
123 342
11 231
234 273
23 391
175 289
3 229
58 244
47 180
24 59
203 228
9 79
278 380
12 276
87 97
116 366
202 242
84 274
208 307
255 340
328 377
10 306
6 357
16 220
175 335
254 360
294 393
163 328
33 336
30 242
146 283
72 86
130 381
188 200
12 34
218 220
60 388
356 395
205 206
33 339
154 347
26 59
142 342
41 248
21 232
167 381
58 184
150 262
77 214
214 263
73 132
10 343
66 203
161 187
165 246
298 361
1 346
242 323
201 216
159 370
239 313
22 244
115 382
176 327
217 370
147 319
344 369
128 314
111 183
173 191
24 246
242 312
122 357
238 297
173 183
1 226
255 332
28 318
168 318
100 114
155 272
35 317
291 379
126 127
57 229
151 276
306 343
84 349
206 225
106 178
154 283
52 239
145 253
63 176
277 394
0 367
287 321
210 325
213 245
26 92
124 212
124 236
155 215
85 156
293 372
30 104
172 174
43 72
25 213
13 360
222 258
217 257
51 366
294 334
12 334
332 337
11 131
140 365
59 165
93 96
175 257
76 236
180 187
156 294
340 354
76 334
23 198
139 203
158 359
72 246
108 205
236 393
5 297
184 305
194 317
177 320
201 358
278 335
83 346
150 317
243 314
138 342
283 342
62 349
12 393
157 366
132 210
122 278
15 302
341 347
32 367
240 333
131 351
81 102
31 84
158 371
147 303
51 358
76 156
54 200
162 182
46 369
109 308
122 175
287 370
279 332
149 311
280 290
201 329
232 302
17 90
76 345
156 334
57 69
159 259
171 275
195 206
145 147
168 386
56 210
172 269
160 210
219 272
18 377
258 388
46 71
313 363
39 72
32 105
3 182
79 178
92 322
42 251
193 253
250 284
8 101
68 224
101 318
340 371
28 43
117 378
15 259
18 249
230 314
176 179
117 157
202 323
71 110
281 312
113 162
91 397
94 315
111 254
188 371
285 292
332 354
47 161
180 320
70 71
143 268
36 311
43 129
266 342
215 265
194 237
86 303
168 253
14 206
0 146
22 305
231 348
199 289
321 383
122 356
91 161
258 279
336 391
178 239
204 327
56 282
133 345
82 155
18 70
78 122
27 147
125 174
121 172
95 252
188 277
146 368
89 203
32 368
58 220
268 280
55 356
27 285
224 308
276 362
102 106
137 351
298 373
101 168
25 185
86 171
78 278
18 100
185 231
89 188
227 237
44 226
141 195
97 359
13 69
76 273
172 337
76 124
34 362
116 201
75 123
174 392
10 149
123 169
40 148
4 144
138 283
242 281
84 129
85 294
98 117
30 36
0 266
135 304
73 210
1 83
59 264
27 118
146 347
298 339
44 282
117 399
186 398
50 88
108 206
85 273
84 300
358 399
251 359
142 266
326 349
102 135
122 159
74 381
127 387
228 277
78 159
157 211
13 90
105 354
15 199
181 203
292 318
121 332
66 270
241 364
32 142
56 128
163 166
73 176
155 390
20 307
92 192
160 208
103 275
175 259
241 245
62 154
20 176
116 211
262 320
99 207
107 217
64 84
247 385
178 215
200 340
38 316
184 324
39 64
158 228
9 334
293 338
252 304
20 256
181 246
87 251
211 365
209 252
187 262
6 356
96 356
79 80
270 371
223 344
82 133
95 219
44 83
331 335
22 324
204 256
184 243
146 266
89 103
34 156
28 64
150 343
186 244
69 229
168 193
82 268
134 207
215 239
70 206
181 394
53 115
7 11
126 377
243 325
65 274
150 306
108 352
95 148
46 202
7 355
61 158
42 270
41 291
16 157
119 363
115 369
0 384
219 238
114 387
82 143
50 391
33 190
188 299
264 367
189 352
138 142
124 294
209 248
46 223
111 360
36 104
195 374
165 264
115 202
149 317
300 386
192 264
77 134
22 58
34 383
39 246
347 384
161 397
117 201
274 384
52 81
59 322
233 393
71 249
49 320
251 286
107 233
30 281
110 249
92 340
19 345
260 392
4 392
296 375
31 62
54 255
30 312
258 269
60 258
105 121
35 320
5 376
183 360
117 220
60 144
18 114
344 358
355 390
231 351
16 211
1 56
303 318
81 363
234 236
77 333
162 173
278 356
145 168
135 379
80 178
14 329
94 115
64 72
79 156
2 339
15 232
185 355
4 269
175 370
50 68
93 130
187 214
300 326
192 322
15 175
81 106
6 38
120 290
107 257
358 378
123 146
101 170
330 391
75 136
93 316
3 113
219 379
63 179
133 143
113 182
230 243
186 324
257 370
44 189
149 197
3 342
215 385
54 121
63 152
244 305
236 273
83 376
94 202
198 350
251 391
183 191
0 138
107 383
191 254
58 324
254 351
206 352
225 387
266 283
54 337
190 391
31 64
88 317
100 222
60 166
140 186
141 374
21 78
108 144
3 75
190 286
65 347
50 286
72 275
362 383
115 281
54 92
100 377
92 200
115 323
51 116
145 170
14 374
5 37
251 261
0 264
113 123
258 260
304 363
69 392
18 110
281 323
242 369
168 319
93 381
157 220
284 338
150 161
32 125
102 239
295 352
38 381
159 331
52 215
65 341
199 259
42 158
201 344
259 302
157 358
33 68
169 182
41 95
312 369
160 324
308 340
290 294
233 334
139 275
1 282
185 348
229 309
38 380
36 46
275 285
329 358
110 382
96 278
137 185
232 259
139 181
223 323
37 355
58 288
103 203
90 221
130 357
54 361
235 265
201 399
266 341
167 380
265 379
339 361
335 395
109 121
89 277
229 351
125 309
142 174
18 387
27 292
134 333
29 296
54 308
221 229
62 396
155 265
34 151
50 389
22 314
183 280
152 252
341 367
267 292
97 330
3 123
116 358
207 240
85 334
47 227
226 282
48 230
89 394
108 377
81 239
215 379
108 141
276 383
20 210
61 298
144 388
184 230
19 294
318 326
119 304
12 250
77 263
237 311
244 314
44 56
313 379
308 361
142 368
95 238
34 85
324 398
20 73
169 199
61 299
40 296
60 328
49 77
210 256
100 166
342 368
189 282
238 247
262 343
160 226
55 259
299 332
87 286
223 242
74 130
39 139
178 301
52 313
221 392
57 123
2 373
36 149
179 252
8 275
305 314
144 163
33 298
179 248
77 207
16 116
200 361
41 219
35 240
141 216
1 5
65 154
119 235
143 155
38 96
144 377
179 376
9 294
122 259
38 130
141 206
30 53
251 270
261 270
3 90
22 186
108 328
47 91
291 304
33 50
299 340
46 242
34 334
124 290
45 325
96 380
247 390
106 313
60 126
196 370
28 72
68 339
227 240
234 290
216 249
306 310
6 182
112 209
78 259
27 303
46 249
238 375
69 90
21 289
155 385
33 153
250 257
260 269
159 335
60 260
4 260
180 263
289 302
177 227
13 351
15 78
284 321
123 182
190 339
286 373
295 364
163 222
36 323
81 313
90 111
50 336
31 59
61 361
63 327
263 353
144 205
34 276
102 301
107 321
128 208
228 270
286 330
75 113
73 327
16 365
211 218
50 339
222 388
63 252
245 364
4 258
271 290
96 316
119 215
21 259
296 348
127 225
82 390
2 153
164 277
216 344
15 55
44 213
70 108
342 347
116 218
19 273
39 275
25 352
4 126
60 222
35 237
202 315
13 75
55 78
5 29
46 110
179 235
144 206
137 296
181 277
37 40
63 209
122 199
303 326
69 75
189 241
37 247
19 133
222 225
252 376
191 212
102 313
94 242
134 240
83 282
158 270
62 300
166 328
257 321
136 182
62 84
86 285
98 157
6 74
16 98
140 288
1 44
103 188
92 299
112 238
13 221
25 245
74 96
91 353
204 208
248 304
213 364
125 172
208 210
94 223
102 155
180 227
194 240
214 353
147 253
160 297
91 262
67 207
120 355
23 350
18 225
196 217
213 282
212 280
99 134
52 102
341 342
205 328
19 76
88 389
202 281
101 285
108 166
288 365
269 388
197 227
201 369
136 229
267 303
233 276
30 223
14 70
139 246
221 260
164 359
282 346
260 309
326 386
169 191
252 272
22 184
149 237
12 257
107 287
292 303
94 369
29 355
7 25
246 394
173 232
365 366
235 291
219 252
80 156
27 319
9 76
212 268
12 217
81 178
55 302
210 398
37 238
101 171
38 356
139 394
156 233
17 111
343 397
183 212
76 133
317 397
50 190
72 129
126 222
32 174
245 352
81
158
15
73
141
80
69
95
40
111
112
104
13
209
171
126
49
58
29
57
129
67
66
195
46
97
83
61
61
132
63
84
83
190
83
113
89
156
90
91
125
85
73
94
23
116
23
113
73
79
32
56
112
85
115
129
54
74
25
76
159
127
112
99
88
144
104
93
275
80
74
66
41
159
89
84
32
55
72
34
60
94
44
80
98
154
107
162
17
223
113
227
79
41
67
91
68
51
73
126
106
40
139
148
41
125
79
81
70
59
122
187
34
47
149
68
125
7
100
59
89
44
85
51
65
162
75
100
72
99
55
94
47
136
84
135
51
180
107
135
219
175
123
157
251
44
81
49
125
95
114
203
75
113
111
211
47
85
160
100
199
158
169
55
46
54
54
94
46
102
114
142
134
92
195
95
72
143
90
168
139
178
114
109
79
31
73
74
124
127
111
170
55
117
144
99
193
275
171
98
57
157
38
34
172
147
125
87
153
48
130
110
104
58
72
59
105
149
103
113
93
121
132
61
109
156
9
83
62
191
102
103
210
153
43
114
155
45
105
138
185
201
81
38
209
92
91
161
134
86
104
193
44
102
132
164
46
113
84
132
160
41
95
150
98
101
104
160
162
95
145
101
60
93
63
111
103
171
168
93
58
156
74
149
117
42
19
131
70
91
127
133
204
23
79
159
152
71
127
80
67
158
89
147
94
17
40
72
146
172
67
206
121
135
60
84
121
129
130
136
91
122
59
91
138
87
49
69
64
24
120
98
153
83
197
87
34
72
109
154
90
148
142
106
138
26
82
73
155
77
133
18
88
52
138
38
30
118
92
141
212
84
84
72
28
129
50
49
71
188
38
84
45
156
75
73
67
38
92
90
65
107
114
57
36
67
28
55
95
137
108
123
156
50
175
113
55
120
49
115
50
199
107
60
109
55
27
46
45
153
122
76
117
81
135
139
63
106
78
175
79
24
43
36
90
54
60
94
118
132
75
134
63
62
53
99
68
223
85
159
75
186
96
246
39
61
113
240
99
90
111
167
250
101
24
45
43
160
167
49
163
22
61
101
140
37
85
152
142
179
117
104
160
29
161
114
191
52
43
60
155
97
95
73
51
199
166
79
91
43
140
50
61
123
142
109
53
132
40
122
231
76
101
126
118
69
86
114
63
100
153
32
63
102
178
22
49
146
79
164
65
107
88
184
63
121
146
139
131
28
125
163
87
53
19
99
165
77
113
55
68
203
112
88
156
234
99
47
104
196
62
139
49
150
55
143
117
221
77
102
41
56
24
172
82
190
97
67
145
37
36
65
188
126
58
90
36
84
86
33
114
108
102
72
93
99
56
198
160
61
130
124
106
48
53
83
63
70
174
163
118
60
41
138
110
80
230
166
50
76
80
34
37
128
201
43
151
180
153
33
19
79
115
81
59
75
131
52
142
106
82
64
102
128
59
151
137
71
77
96
63
102
22
108
130
66
80
112
131
97
82
103
99
139
182
93
185
52
182
78
122
72
111
31
96
38
126
52
75
49
59
141
74
109
245
45
50
294
159
109
90
62
180
114
111
85
107
119
63
88
140
40
232
133
81
173
125
52
81
102
46
109
74
78
10
154
249
73
110
42
131
9
102
161
128
100
87
36
68
109
180
194
45
47
73
197
61
193
24
90
135
25
73
153
146
69
111
180
123
160
33
110
119
46
80
129
68
96
61
48
120
81
12
116
149
147
98
17
151
82
68
69
180
126
187
169
156
131
29
42
200
119
127
20
56
29
108
279
83
9
78
20
92
118
179
77
124
68
88
111
100
165
109
133
18
97
151
67
194
46
72
156
85
41
50
72
62
130
165
211
94
88
58
175
54
59
69
91
20
132
83
139
57
174
173
91
51
130
74
74
58
91
102
31
184
148
79
113
198
86
82
41
117
65
64
26
98
119
143
120
82
77
51
103
227
94
152
158
82
67
80
66
49
61
75
62
81
180
250
88
113
163
56
69
52
182
45
59
42
190
104
155
117
109
238
63
51
76
61
64
24
87
254
45
124
99
44
58
135
79
167
174
186
134
58
65
99
194
24
101
124
36
73
176
61
124
116
32
66
156
76
126
28
89
85
130
40
34
218
72
54
48
10
124
78
88
156
81
60
104
63
80
105
48
151
97
19
10
174
67
157
126
70
72
126
85
189
114
120
78
152
200
51
113
89
91
57
20
53
51
86
80
87
70
230
110
80
53
192
33
154
76
60
50
74
140
60
63
138
53
59
246
15
59
77
53
78
180
114
84
57
176
135
30
47
163
62
14
61
173
250
107
43
223
128
34
96
33
23
87
29
124
36
19
183
198
60
109
88
107
112
117
128
96
76
112
64
209
104
88
53
99
132
110
111
35
97
13
134
149
259
31
113
102
64
47
61
158
138
95
45
58
106
65
162
64
122
144
38
99
89
127
171
20
62
161
244
197
153
110
35
223
30
136
266
77
114
154
138
67
154
89
79
111
100
47
63
56
20
100
116
73
41
130
115
17
87
170
108
93
127
60
81
83
125
57
211
92
222
172
96
54
62
30
110
157
17
37
154
141
177
29
90
159
125
41
123
26
117
85
76
156
96
179
61
154
102
74
179
122
104
157
52
164
138
73
129
48
200
189
140
119
84
184
93
176
78
67
45
120
32
142
128
81
123
90
149
85
68
158
128
143
114
155
118
18
72
141
68
192
106
79
35
77
117
147
70
179
131
155
54
71
99
63
80
167
115
59
87
33
88
157
252
93
29
137
35
90
93
44
45
84
144
167
77
56
49
148
84
136
78
46
39
156
132
38
44
108
85
46
117
107
86
33
218
171
118
45
79
173
47
73
88
22
152
82
163
103
58
130
117
29
99
125
83
53
63
75
138
129
153
83
99
65
92
17
122
111
72
61
101
76
91
76
90
75
55
90
57
76
20
131
67
204
60
67
36
32
72
51
70
113
62
169
284
89
58
163
129
52
114
55
168
44
57
94
84
70
226
43
71
72
96
121
80
63
63
111
98
183
80
104
51
86
173
70
10
190
107
41
127
94
112
129
63
119
58
167
72
88
44
68
96
86
56
133
70
127
182
44
115
99
84
93
42
107
150
189
45
91
102
72
86
162
191
133
120
71
65
105
180
129
136
171
82
101
78
138
133
34
116
76
69
101
95
221
95
246
142
129
89
96
124
251
97
93
174
68
99
105
101
174
146
85
210
17
88
144
70
78
60
79
147
157
189
117
98
174
142
154
21
129
15
80
84
17
31
155
85
30
92
74
12
239
104
74
166
123
51
131
21
73
148
113
132
175
75
142
194
86
90
101
74
27
154
133
84
105
18
167
25
172
38
58
176
66
131
140
21
27
149
96
69
86
114
165
167
56
129
100
148
92
101
19
84
153
25
28
64
96
113
89
18
160
11
28
159
143
91
104
102
76
112
113
121
86
41
93
37
132
145
95
92
265
111
78
180
65
67
136
95
70
170
87
132
94
46
89
48
78
109
127
101
79
157
69
47
34
170
15
173
87
107
97
91
194
25
59
82
80
195
71
121
32
58
56
67
104
152
175
118
92
71
60
80
230
82
173
161
99
127
75
146
124
169
54
138
42
130
193
53
173
100
72
82
179
123
117
96
119
136
76
109
199
134
75
127
96
44
135
76
81
85
135
85
48
169
138
156
120
101
113
66
70
79
37
177
72
89
20
52
36
102
210
12
95
95
78
65
40
75
64
143
206
100
168
57
51
106
99
67
60
149
122
164
85
100
74
213
121
118
110
84
138
108
56
104
98
97
17
100
106
202
141
59
34
179
162
171
40
83
92
96
138
64
102
98
167
82
111
147
94
175
127
122
36
31
54
69
73
102
73
101
145
157
155
150
22
101
25
96
70
127
74
83
50
100
112
60
159
93
97
69
112
87
119
18
177
81
185
54
66
219
85
108
106
148
131
158
60
139
20
34
36
154
172
56
56
115
90
95
151
79
98
111
91
66
80
187
185
107
76
136
122
45
68
111
41
93
163
114
90
53
105
95
177
51
71
65
72
60
77
52
93
80
112
40
100
58
155
182
61
153
56
40
170
37
146
111
99
126
72
143
101
77
63
87
77
22
173
73
89
141
44
55
116
60
61
188
123
70
80
84
65
56
207
96
140
30
174
41
114
57
98
63
185
53
129
186
113
102
272
174
126
122
113
100
11
128
64
145
125
56
129
66
18
79
83
92
112
163
87
60
107
87
102
138
107
43
70
122
166
43
126
102
107
167
105
78
19
149
82
164
76
111
85
34
160
90
115
51
100
121
93
29
61
85
220
147
65
61
164
84
44
140
48
173
78
112
111
42
127
122
66
90
85
50
91
59
129
70
75
17
165
237
15
81
126
129
69
110
108
41
107
81
68
97
111
141
58
123
99
65
72
78
127
95
173
148
119
104
108
68
169
38
67
74
86
72
85
78
191
108
83
117
149
96
75
126
231
120
102
243
106
126
89
151
46
178
80
162
59
69
44
172
69
49
104
87
120
37
50
35
168
60
