386 424
386 432
647 744
412 521
738 0
322 60
532 371
602 530
680 297
628 483
381 69
315 632
446 707
664 742
84 108
457 283
178 365
373 299
532 159
473 272
534 442
593 156
573 779
171 145
232 374
793 671
284 537
584 265
723 211
83 532
717 724
174 49
784 587
431 131
203 796
317 624
351 489
668 6
540 736
298 380
751 511
6 317
469 691
365 489
610 694
655 86
136 354
142 272
320 598
22 460
560 224
470 395
107 780
344 98
513 315
504 70
594 404
362 659
295 616
394 643
531 748
701 361
380 705
296 418
623 27
185 707
767 712
550 567
703 152
586 632
607 497
677 677
588 301
736 45
325 698
576 191
501 134
179 472
535 133
705 528
357 343
703 228
731 657
251 470
235 336
698 640
205 493
551 146
638 56
672 259
178 130
474 389
98 201
166 613
226 624
200 470
307 293
569 593
477 751
553 793
77 9
448 736
593 248
696 450
457 164
165 283
439 54
124 35
416 484
143 368
179 254
350 165
421 286
570 772
16 359
230 774
719 498
181 142
426 80
726 399
128 26
352 692
125 223
438 713
318 331
588 269
671 54
663 86
493 273
674 264
407 800
148 339
114 300
224 245
730 457
735 322
139 238
514 582
399 0
785 730
735 529
676 345
375 269
789 789
375 699
711 694
764 314
433 271
87 277
275 774
139 55
423 67
400 592
614 109
449 532
91 482
512 635
304 180
189 470
263 739
438 482
12 627
594 630
220 93
694 664
133 207
133 607
513 377
153 332
121 391
375 252
251 433
83 689
349 264
214 350
368 604
557 99
688 339
657 742
700 585
549 670
136 784
258 744
488 235
628 394
613 120
526 565
400 390
512 161
118 487
528 306
424 0
739 694
593 241
545 47
203 420
274 240
273 514
371 423
763 391
274 362
270 121
622 410
679 455
772 528
203 301
681 47
529 257
575 614
741 136
364 226
646 654
290 255
552 110
385 672
412 767
530 692
785 84
411 552
746 654
356 65
406 140
730 145
67 379
295 98
91 352
737 60
105 308
605 137
505 352
516 109
202 690
338 262
162 17
405 183
88 611
477 642
332 74
72 178
56 541
95 452
7 765
58 60
336 253
184 116
280 208
656 32
383 644
56 723
352 444
26 317
697 701
212 395
44 423
750 326
400 632
223 636
113 558
286 249
61 511
469 358
494 88
529 322
622 789
505 365
713 177
685 347
388 161
509 20
793 749
623 170
667 483
548 357
43 96
367 749
135 122
771 267
425 517
344 104
665 667
620 385
175 69
148 793
145 453
356 416
104 272
103 501
605 434
606 121
286 340
171 680
312 694
67 711
645 286
765 596
500 774
47 667
24 44
4 359
237 699
622 34
2 440
45 363
142 137
481 576
471 278
709 710
747 722
632 369
41 321
320 153
765 739
668 477
792 102
286 0
291 428
475 779
567 357
319 118
681 315
178 153
459 749
544 59
551 634
13 388
156 798
579 204
107 42
157 575
630 469
334 676
353 103
142 183
783 483
316 768
751 345
383 240
342 159
155 675
393 399
371 348
15 694
351 123
703 214
426 141
55 93
460 415
693 9
288 579
734 395
205 363
440 299
733 232
159 770
283 227
418 86
511 682
148 502
607 46
547 68
799 339
599 589
764 88
728 257
710 353
160 376
514 83
730 713
704 718
189 125
586 140
105 694
46 132
670 240
723 37
792 389
580 467
657 126
107 386
248 758
392 491
792 270
261 348
521 477
496 416
264 690
688 768
783 387
323 711
221 706
129 542
149 777
598 640
527 64
713 656
393 308
560 579
310 176
164 12
20 538
119 349
16 46
128 190
239 257
244 369
127 153
126 206
185 228
146 254
104 234
94 256
168 225
43 108
111 397
291 299
85 279
100 120
291 330
67 396
70 312
2 13
40 333
149 182
360 387
42 216
123 321
177 266
200 350
273 345
120 233
229 262
57 330
56 317
103 312
149 334
127 374
167 229
114 324
28 81
267 342
182 299
245 354
240 253
327 398
176 359
208 361
198 380
152 175
146 363
192 251
206 246
199 254
127 206
202 308
21 50
76 78
80 339
259 286
243 258
126 374
91 346
325 353
54 128
45 88
361 392
176 366
350 365
135 177
140 294
33 261
69 361
131 365
190 229
161 248
119 134
276 360
38 60
145 306
48 247
72 193
56 329
194 366
233 281
64 300
239 286
185 270
118 355
236 323
64 88
224 331
286 357
325 391
219 294
189 357
99 263
67 323
46 168
203 271
64 206
77 189
251 367
18 188
129 319
28 222
59 152
146 276
340 395
148 227
173 210
74 330
24 252
95 171
34 159
81 129
224 314
27 207
23 320
150 242
323 356
170 210
302 324
331 337
24 39
68 343
187 346
6 384
40 204
280 308
99 113
187 339
118 344
27 50
162 323
218 380
176 393
58 94
291 388
159 389
166 328
224 318
88 300
102 326
53 220
28 68
24 382
105 132
108 277
153 288
310 342
343 363
115 159
18 78
79 103
38 99
42 98
23 275
60 356
22 99
275 320
24 174
290 299
109 169
18 104
59 247
279 394
277 380
75 270
38 295
110 122
80 395
115 182
353 389
11 48
368 386
34 391
8 343
18 76
136 148
73 226
162 180
130 274
297 345
62 255
229 317
52 248
151 261
65 353
65 231
16 168
252 382
267 344
335 349
134 204
146 381
34 149
307 311
61 319
29 357
280 287
19 147
120 242
6 20
66 139
84 200
92 136
98 321
198 284
336 395
125 293
246 374
40 140
63 83
141 280
52 181
16 350
38 180
97 361
119 177
154 304
88 153
142 170
5 220
41 324
160 346
85 394
85 145
120 398
107 150
99 295
282 325
172 341
61 135
305 351
131 225
56 184
82 367
79 333
8 89
87 176
12 356
206 374
162 361
159 385
287 329
235 341
145 279
375 387
85 219
133 258
192 307
15 183
114 298
25 32
61 177
167 260
210 232
81 265
136 285
77 195
77 83
95 357
184 287
54 190
15 19
56 272
111 234
8 141
27 193
182 231
125 193
169 240
13 368
0 1
273 372
178 263
133 354
224 310
15 395
14 273
223 225
43 198
193 326
128 351
66 367
46 365
95 158
256 389
1 187
349 364
92 122
335 360
152 247
287 308
49 301
9 116
227 285
6 317
155 286
281 369
171 197
279 392
192 219
47 105
199 360
52 241
175 255
17 170
92 238
178 251
165 238
86 283
8 177
71 368
343 373
217 313
267 310
159 291
196 243
129 293
130 321
308 317
189 286
319 364
66 192
156 323
35 330
106 261
76 366
111 278
264 384
7 9
59 121
238 273
153 176
76 104
154 160
318 342
155 390
87 230
196 212
49 399
295 316
385 389
283 357
346 384
153 185
63 171
103 134
223 309
38 321
254 364
17 147
77 86
232 243
112 395
240 378
194 322
147 305
192 311
13 251
217 226
40 116
105 122
73 126
55 322
23 369
189 283
106 191
166 338
190 264
250 324
157 397
161 296
306 386
0 284
158 171
12 62
22 38
45 127
79 179
155 259
37 88
253 378
24 365
98 123
8 373
139 192
58 175
166 290
155 399
250 298
10 191
2 251
286 390
25 82
221 355
215 316
51 187
110 285
82 251
209 313
109 131
70 203
311 367
199 349
209 362
87 228
67 304
54 229
349 387
165 332
120 327
217 374
124 232
52 371
139 143
14 238
318 397
182 334
61 349
144 291
37 246
98 215
167 264
202 317
150 275
134 312
121 274
96 212
69 396
15 54
148 285
49 324
36 198
189 257
174 350
238 372
306 307
103 116
109 378
265 373
87 326
222 265
125 190
34 379
131 350
164 219
177 308
164 211
168 285
80 187
234 267
254 387
231 256
37 374
362 374
76 230
17 173
259 399
67 69
10 106
140 204
56 280
109 350
225 365
342 397
35 48
79 116
54 207
0 380
121 291
155 239
24 200
167 384
146 387
138 151
259 390
195 365
9 202
3 152
106 138
6 229
158 195
124 200
246 347
143 269
282 353
156 236
96 289
132 136
12 214
92 148
244 281
334 388
147 336
19 183
6 54
92 332
17 336
40 103
139 311
43 380
71 394
137 156
4 347
30 139
73 217
108 154
81 343
265 377
172 248
14 327
268 393
287 312
28 209
122 285
173 258
68 362
208 396
287 376
88 206
252 350
29 259
231 299
34 353
214 330
29 239
230 393
235 296
11 348
206 358
152 218
163 320
44 392
82 394
131 227
100 327
47 122
199 375
50 102
67 137
42 356
247 330
235 328
232 336
145 367
29 240
219 394
145 219
181 248
49 240
141 177
265 343
45 153
115 299
202 287
210 243
144 274
212 243
170 243
43 249
10 342
30 386
170 336
157 201
39 124
153 270
170 232
172 371
135 254
114 223
132 148
122 238
228 370
251 386
30 66
21 370
25 192
151 220
234 337
247 255
0 187
278 342
283 286
105 133
135 335
249 339
292 341
95 252
162 211
109 168
176 288
81 363
52 282
83 95
250 309
42 180
77 357
59 214
230 322
19 305
65 181
306 367
156 356
19 54
4 374
1 43
100 273
172 290
225 378
20 383
3 160
54 260
239 259
185 377
194 268
108 218
126 300
51 384
262 272
186 208
222 343
349 375
8 363
62 144
301 324
254 335
74 144
135 360
93 166
1 198
72 317
116 134
352 363
254 276
9 312
111 267
141 308
260 346
83 195
164 394
271 329
231 389
300 358
22 113
166 296
78 393
90 320
105 227
16 365
51 167
151 355
101 144
172 296
143 311
218 277
16 84
213 370
36 277
74 385
156 396
116 333
132 227
216 236
178 368
266 349
164 279
330 388
296 341
115 353
84 350
274 334
350 382
276 352
1 108
67 186
165 303
19 128
12 295
11 330
37 358
230 261
50 75
173 212
94 328
82 294
53 331
167 272
64 246
118 261
97 186
114 250
79 134
256 299
94 231
24 171
137 236
102 207
7 67
100 398
8 293
146 360
31 244
71 251
244 303
21 185
18 370
19 207
95 283
145 307
35 58
201 318
123 316
110 165
237 318
0 339
167 317
182 379
148 309
51 346
42 123
122 148
261 366
28 363
293 319
44 162
145 164
26 197
177 364
254 319
60 321
128 147
253 298
79 140
39 171
90 244
63 200
172 338
245 310
7 361
150 281
14 372
357 390
83 86
72 262
133 212
36 43
87 288
135 146
59 175
234 336
251 279
156 208
69 211
75 326
262 317
10 53
85 164
19 351
40 79
142 395
158 357
251 306
298 324
354 397
126 127
52 353
173 336
58 330
153 377
6 91
117 281
141 184
30 192
56 202
57 74
159 299
76 213
226 313
145 192
122 332
98 101
119 364
151 344
180 208
139 307
248 371
146 335
124 289
133 205
85 179
261 322
42 321
158 283
2 178
15 147
86 158
83 197
6 56
178 306
27 125
304 396
10 220
36 108
318 331
163 369
157 310
359 393
71 145
103 271
35 57
82 192
252 365
91 187
54 262
57 144
275 369
270 288
30 251
180 356
153 370
115 149
8 61
74 121
240 259
9 329
162 208
72 272
0 43
66 307
71 279
35 175
97 162
33 344
148 250
10 278
131 132
175 247
104 221
96 196
105 131
23 281
33 118
213 393
184 202
71 82
119 203
68 209
111 342
235 371
170 173
241 248
45 288
233 398
21 326
130 215
266 308
281 398
50 183
4 73
54 167
207 262
72 125
225 227
25 139
20 287
112 170
117 244
145 368
5 237
102 193
39 63
173 243
60 216
198 339
310 397
131 378
309 324
298 309
59 255
127 377
29 189
52 391
171 195
111 210
221 267
114 309
201 310
4 37
102 125
239 390
211 392
193 207
328 357
365 378
68 222
31 233
55 261
155 357
250 302
221 342
89 319
8 266
187 284
298 302
270 377
121 388
13 263
0 36
264 346
379 385
199 387
320 332
82 145
9 376
92 372
36 284
21 270
109 132
261 393
260 264
180 392
8 364
41 114
90 275
134 203
200 252
299 385
323 396
140 179
276 381
231 385
275 281
192 368
79 271
272 317
91 167
125 207
268 366
126 358
66 143
5 10
42 156
182 389
38 356
114 301
142 173
116 312
70 329
107 281
122 165
131 174
91 229
6 190
242 327
20 167
352 373
118 221
38 98
157 196
28 343
275 332
176 194
16 252
56 308
115 325
78 230
76 87
30 307
65 290
111 331
11 35
326 370
260 384
174 205
89 352
112 336
157 245
112 147
128 305
93 256
38 216
192 306
80 340
79 312
16 174
290 371
83 158
229 264
30 306
119 199
124 382
28 265
149 159
25 66
55 268
142 336
34 115
275 372
266 335
164 306
144 388
18 50
162 392
30 368
334 379
210 336
20 56
138 220
224 342
111 221
53 342
61 266
188 213
37 300
55 106
242 297
245 258
105 110
256 290
81 89
163 224
45 126
57 214
67 361
323 392
0 198
90 369
100 297
185 288
11 175
32 40
353 391
3 304
129 352
28 89
18 87
90 163
48 175
60 113
135 319
264 272
163 244
41 302
53 310
134 333
228 270
91 264
186 396
115 282
109 225
335 364
85 211
151 191
97 208
2 263
222 313
30 367
49 259
312 329
125 326
26 348
31 163
110 133
82 179
84 205
32 204
249 380
127 185
242 372
1 36
65 338
253 301
33 221
251 368
131 168
220 314
32 140
43 160
32 294
9 271
209 265
176 185
161 292
169 283
78 261
13 306
339 340
45 206
46 132
180 216
220 342
93 328
347 374
29 399
171 315
78 176
6 260
19 112
86 357
234 344
157 354
10 138
3 36
189 240
275 303
3 218
379 389
24 350
144 330
57 62
303 320
102 293
6 167
102 373
154 380
134 140
5 314
202 280
10 331
213 228
14 150
164 367
209 222
34 181
158 189
65 389
107 233
65 115
1 160
76 188
77 283
23 332
2 44
114 225
73 347
93 235
47 285
107 398
71 211
17 232
110 136
194 393
238 332
37 64
56 287
117 303
40 134
45 185
181 391
7 396
6 51
195 252
195 350
68 377
164 251
46 225
251 394
186 323
49 155
44 180
36 197
167 262
241 341
12 42
237 331
138 191
118 191
132 285
229 260
224 237
12 123
27 72
3 154
123 144
115 379
143 307
65 325
69 323
126 246
241 296
297 327
74 388
144 214
57 388
202 376
293 373
109 365
11 291
150 398
187 198
72 190
132 168
159 231
209 226
13 30
200 382
159 379
140 333
149 388
175 218
5 278
182 388
93 338
232 258
14 275
46 227
16 169
134 199
105 168
30 311
100 242
204 333
218 304
37 206
142 232
299 389
111 310
8 129
292 338
90 117
156 216
166 235
352 381
62 121
22 295
106 355
186 304
216 323
240 357
105 205
83 171
96 124
63 284
11 74
97 156
262 264
174 200
330 385
376 383
181 353
225 302
221 344
97 396
37 347
84 289
61 335
180 323
42 101
87 213
48 57
86 195
135 276
209 217
29 286
17 340
359 366
112 351
236 304
100 150
66 269
19 190
94 389
18 75
131 169
142 210
196 232
6 264
33 355
58 348
78 366
273 327
115 391
222 362
33 267
107 327
57 121
55 230
68 127
57 59
215 274
100 345
128 207
191 355
27 326
117 275
78 370
190 305
13 386
167 346
242 345
70 376
288 377
109 227
341 371
126 347
88 358
278 337
101 123
146 364
290 338
196 258
328 390
46 169
195 283
214 255
116 179
84 252
39 284
116 271
220 318
73 362
112 142
108 249
20 376
93 290
269 307
57 291
40 294
128 183
223 324
46 223
196 354
66 306
274 388
313 362
120 150
5 331
73 206
236 356
35 247
256 338
71 306
139 269
198 249
90 303
331 355
156 186
23 90
101 316
177 293
94 299
65 391
220 237
44 279
50 125
254 381
190 207
62 123
117 320
7 97
306 394
17 112
96 142
34 182
214 247
86 95
61 119
27 190
98 316
55 393
270 326
200 289
216 356
90 281
161 341
9 287
257 259
176 370
47 168
47 131
81 352
270 370
21 153
79 204
200 315
45 300
242 273
15 112
70 271
55 194
107 242
229 272
161 235
27 293
25 219
208 323
141 319
225 309
134 271
127 246
205 350
123 215
22 263
135 266
248 292
176 213
142 243
100 107
213 359
264 317
89 343
53 278
15 305
31 281
33 234
26 58
134 349
129 373
61 364
190 272
123 214
62 214
129 343
257 328
366 393
168 205
73 374
5 224
168 169
106 118
103 349
149 379
310 337
223 302
8 81
222 377
338 389
65 282
223 378
197 348
12 321
168 174
46 378
189 390
115 389
164 192
58 256
46 109
23 165
27 102
105 136
91 384
2 113
208 392
36 249
291 385
88 127
46 350
6 272
240 283
203 312
220 278
266 319
164 368
51 91
29 155
103 203
12 316
361 396
39 315
41 298
228 377
67 97
24 84
278 310
243 354
175 348
66 311
78 213
226 362
206 347
105 285
45 64
276 363
199 364
72 293
178 386
21 87
160 277
55 176
284 315
33 76
48 348
108 160
207 305
57 152
179 394
231 290
130 316
211 279
101 215
163 281
292 296
138 314
248 341
248 296
61 199
50 326
156 180
112 305
213 322
1 380
47 227
33 104
177 319
201 237
59 144
1 249
53 224
318 337
249 315
147 183
266 364
168 227
57 175
75 87
280 317
210 234
316 321
141 293
28 373
310 318
47 136
243 336
152 154
2 22
11 57
17 243
39 382
68 265
18 21
233 327
55 359
204 294
57 247
307 367
4 206
80 289
147 351
111 157
306 368
5 318
179 294
92 285
51 229
322 366
81 373
54 272
181 282
8 135
273 297
5 53
172 292
47 110
45 358
89 363
22 60
28 352
335 375
284 340
17 96
9 103
265 352
50 193
183 207
3 43
17 80
223 250
213 230
30 71
137 304
98 356
224 278
62 247
24 289
71 85
14 345
181 325
21 75
31 150
12 236
1 339
33 151
29 257
31 327
117 369
97 323
244 320
133 196
117 163
60 99
61 254
60 295
213 288
23 117
154 277
203 329
39 200
3 108
290 389
92 165
268 359
93 94
61 308
298 301
12 215
166 257
74 291
59 330
177 254
160 380
96 173
32 219
237 314
69 392
111 318
116 203
155 253
2 368
106 151
62 330
60 316
157 337
97 137
192 394
38 113
88 126
161 399
39 289
223 298
171 252
194 359
31 120
152 277
198 340
327 345
87 188
88 185
275 345
145 251
96 243
230 366
307 368
107 120
61 141
65 256
136 332
221 234
288 370
24 195
320 369
339 346
63 315
20 384
257 286
21 228
75 370
16 195
59 62
101 130
38 316
337 342
174 195
121 247
263 386
82 164
95 195
220 355
18 230
116 204
91 260
7 376
1 284
69 97
173 395
120 281
64 347
185 370
128 262
51 260
29 390
169 225
114 302
295 321
235 257
278 318
75 193
122 136
76 261
155 257
119 335
129 363
103 329
199 335
41 309
184 317
260 351
337 397
18 213
118 151
37 73
303 332
165 320
345 372
212 258
45 377
78 188
6 262
87 370
159 182
47 165
64 126
110 205
142 147
71 164
52 325
182 385
69 162
220 331
88 246
322 393
176 322
94 348
165 285
346 383
188 230
176 230
96 232
68 81
63 249
160 383
217 362
3 380
201 224
7 70
139 367
244 275
184 308
101 321
240 286
49 253
41 250
235 239
16 109
31 398
246 300
137 323
367 368
212 245
303 369
269 367
253 302
104 188
137 208
26 48
237 342
177 335
246 358
10 151
84 382
2 386
254 266
55 366
21 288
77 158
7 329
202 329
47 132
292 371
168 350
108 380
137 396
256 385
215 321
254 360
54 264
37 126
57 255
278 331
156 304
226 347
322 359
202 203
174 382
230 359
155 283
126 226
74 214
196 245
15 351
42 236
0 249
45 246
14 242
351 395
282 391
150 233
360 381
150 327
232 354
75 102
80 124
21 377
100 233
121 144
72 102
10 355
169 365
172 235
145 394
82 219
239 399
135 141
31 107
84 174
93 257
363 381
132 225
189 259
34 282
11 58
302 309
226 374
211 394
0 108
44 113
52 292
119 266
96 258
48 58
56 376
4 226
227 309
133 245
50 207
136 165
23 303
17 124
104 344
121 214
9 203
169 223
69 208
141 266
253 324
161 172
89 373
159 388
174 365
63 198
34 325
67 208
78 87
159 334
43 277
14 297
89 129
124 340
228 288
62 274
168 365
23 244
9 70
10 237
3 277
62 101
296 371
267 337
39 80
206 300
360 375
175 214
97 392
261 359
44 211
60 98
153 228
241 292
147 170
162 396
363 373
41 223
121 330
155 189
268 322
47 148
206 226
187 340
212 232
271 312
77 286
137 186
152 255
44 69
163 201
89 293
169 378
13 178
144 255
302 378
184 280
385 388
54 305
29 235
237 278
170 395
271 287
257 390
17 142
94 290
169 302
64 358
147 395
17 351
114 253
213 366
53 318
46 131
343 352
8 319
15 128
113 263
289 382
119 387
174 252
101 295
83 315
157 318
113 295
65 371
144 247
93 390
329 376
14 107
269 311
35 348
26 36
12 98
26 83
10 118
23 163
223 253
154 218
187 249
16 131
62 74
14 303
212 354
36 380
103 119
183 305
17 395
344 355
30 145
258 354
155 240
141 364
90 332
62 388
284 339
192 367
173 232
166 390
335 387
299 379
111 337
12 101
98 295
383 384
94 385
190 262
117 332
74 274
74 334
44 178
69 180
245 397
16 24
82 85
53 237
77 95
338 371
116 140
51 264
249 284
86 197
231 338
104 267
70 287
323 361
65 299
331 342
135 364
257 357
20
55
48
85
20
100
18
55
29
159
14
187
89
108
80
45
57
60
28
123
38
122
36
105
126
46
19
71
14
42
56
96
70
47
69
204
49
49
67
81
64
25
85
102
67
55
98
74
163
91
49
76
60
63
128
83
192
43
64
163
81
58
90
42
52
97
87
88
163
143
107
76
113
311
154
156
40
30
221
102
170
48
145
9
166
93
23
176
36
120
75
49
75
51
162
134
70
69
63
96
84
44
57
103
91
108
60
51
72
69
45
80
153
133
134
75
28
92
65
60
103
69
146
178
108
161
43
39
62
11
143
103
47
175
52
125
44
114
63
72
41
122
88
89
47
84
34
31
51
136
62
41
231
151
99
57
82
45
127
84
148
39
213
15
127
44
123
151
108
81
69
137
69
123
73
141
118
85
35
152
187
73
129
140
77
128
106
33
95
202
111
137
116
84
106
25
120
109
70
62
156
206
32
65
156
36
30
181
95
126
37
198
173
80
63
199
83
95
151
112
41
52
189
135
46
66
58
52
155
17
81
90
98
125
42
121
131
76
59
76
43
48
88
63
200
142
9
55
184
48
120
35
133
53
102
126
144
109
83
117
71
113
39
47
194
71
66
69
100
41
111
89
21
46
145
145
97
191
43
42
115
49
62
76
84
25
97
48
99
87
134
57
178
38
124
45
86
59
96
220
152
82
28
116
274
105
128
37
147
115
91
125
116
96
45
174
92
75
40
160
121
32
55
78
40
127
95
159
108
147
114
178
204
68
151
150
49
133
61
50
182
51
114
140
106
21
55
89
87
128
96
186
67
11
61
195
27
73
96
110
76
55
81
128
73
72
123
149
131
84
76
9
122
66
65
184
131
73
14
107
92
80
97
191
153
169
61
166
149
249
58
106
129
100
137
96
68
159
102
90
126
67
244
112
70
102
154
95
59
104
75
51
200
108
129
177
83
155
182
111
80
84
69
28
190
185
166
134
111
93
164
28
108
194
188
47
126
103
111
108
154
65
88
125
77
177
111
143
143
190
184
40
79
172
80
71
83
91
122
139
166
65
61
162
168
146
67
99
148
200
43
184
98
53
144
86
218
104
209
78
158
83
69
72
82
95
44
37
72
106
72
221
113
59
126
106
139
126
118
186
34
63
95
131
124
156
186
86
21
160
87
147
76
127
101
129
123
233
81
82
92
77
48
53
134
72
61
79
157
174
88
101
98
112
51
76
116
119
67
74
70
111
60
130
73
62
98
82
147
254
155
26
40
108
221
84
42
146
119
86
49
127
149
30
184
124
70
94
43
41
136
89
145
51
202
109
36
72
77
180
40
64
34
113
96
70
75
148
81
85
79
106
39
117
111
19
133
97
61
170
14
252
34
47
94
64
133
140
175
80
46
88
103
45
82
58
141
124
56
83
79
196
164
140
20
146
21
81
169
78
18
106
87
69
98
86
88
118
133
75
24
72
60
50
18
257
102
62
117
31
117
57
223
74
150
38
108
117
129
93
216
159
30
75
70
165
36
102
51
195
49
82
136
113
152
37
185
44
181
57
161
58
63
136
130
123
13
55
63
132
88
57
133
108
138
150
156
135
86
124
99
60
110
77
84
123
69
79
108
76
51
112
194
115
124
27
161
32
65
36
67
161
58
123
116
96
48
37
60
194
201
169
128
74
127
18
148
77
175
70
39
133
88
140
153
120
23
152
89
89
134
90
91
186
21
124
93
61
77
93
107
92
26
39
91
53
67
62
161
93
109
167
88
110
31
149
109
143
175
34
56
77
50
94
150
69
141
74
66
80
114
114
134
102
27
74
39
70
123
131
8
185
50
82
55
77
77
41
77
114
95
55
157
169
39
48
95
117
85
101
54
135
91
29
73
20
55
127
142
22
31
158
84
11
103
138
142
75
146
149
98
199
68
59
28
144
207
61
116
102
61
86
139
9
136
77
58
171
83
77
80
175
58
127
132
121
143
53
34
36
13
91
45
152
61
70
155
208
126
28
94
77
91
127
183
43
76
85
124
57
151
51
105
220
115
48
88
30
163
111
66
104
76
135
89
57
64
132
154
176
193
21
127
124
105
226
167
76
156
53
84
65
125
59
67
69
126
63
57
89
60
103
107
49
130
51
43
163
132
177
151
172
201
55
178
133
33
114
39
93
37
152
133
86
147
175
148
173
192
191
36
132
108
48
107
153
40
130
69
43
178
21
65
83
109
105
148
47
46
41
72
100
75
17
179
112
144
97
13
48
47
99
46
86
90
65
48
46
265
120
76
65
140
17
18
169
36
162
89
81
155
76
39
138
117
113
79
113
57
187
80
120
97
57
157
81
39
21
164
17
63
232
32
137
164
170
36
114
53
130
71
85
67
110
105
77
107
74
110
143
77
88
118
85
66
141
100
51
163
48
84
47
156
132
104
100
179
147
156
77
88
108
100
34
29
9
213
133
95
51
43
110
115
122
177
137
84
147
122
69
40
152
72
47
64
82
46
76
155
140
140
86
98
83
86
42
61
173
47
95
82
61
132
41
217
101
121
75
62
96
156
133
113
23
135
86
92
88
192
107
56
91
91
159
174
63
200
43
137
86
96
106
73
133
147
78
107
116
64
44
128
182
53
142
69
107
129
93
134
203
70
169
112
126
47
51
42
239
84
77
47
13
42
109
174
63
96
117
57
61
229
156
33
68
98
175
72
25
111
83
103
147
65
99
93
161
41
57
152
229
193
93
192
90
63
59
126
116
203
105
109
116
95
175
75
40
35
77
94
256
14
119
112
149
51
125
113
126
183
190
95
71
52
66
94
132
103
114
96
107
62
124
59
19
34
86
101
50
102
58
81
139
69
70
105
72
71
45
125
212
65
158
158
156
100
125
201
45
84
86
107
170
182
183
58
18
38
54
215
68
63
199
107
193
93
85
69
170
102
70
73
85
148
164
187
102
41
147
48
95
50
17
126
93
109
100
176
102
189
61
160
108
62
146
140
138
100
158
110
91
120
92
26
75
68
81
38
53
120
103
142
204
132
44
34
72
141
204
28
104
124
150
135
51
111
117
201
57
154
21
143
153
108
93
86
64
27
49
112
82
26
162
32
62
87
83
94
169
102
76
139
38
58
134
158
172
159
86
62
90
103
183
45
135
67
120
59
71
150
203
58
98
152
69
99
45
19
103
113
63
173
117
15
44
54
63
117
98
43
14
75
154
83
171
51
61
131
22
56
150
51
102
50
53
64
78
201
73
165
85
114
63
76
94
167
205
94
97
20
197
29
76
70
192
69
48
117
73
149
62
116
35
77
77
68
16
85
34
232
102
128
72
132
56
63
148
94
169
70
84
60
120
90
142
70
179
63
77
55
104
104
75
172
58
51
185
142
149
71
202
57
97
121
143
328
100
102
91
31
72
96
57
75
87
120
48
198
101
108
61
138
136
113
63
147
127
84
107
169
57
174
180
81
94
120
226
111
146
77
80
78
171
134
107
99
45
31
144
210
85
110
17
147
167
179
119
89
40
129
31
81
122
55
40
52
75
130
56
31
82
154
155
223
103
43
130
109
57
81
71
168
58
197
120
83
135
109
80
34
112
98
147
41
180
115
153
39
97
102
124
145
100
138
59
92
23
72
52
79
108
140
69
83
156
176
193
185
154
28
133
68
78
86
230
251
18
71
102
177
171
35
54
133
57
59
93
65
45
252
66
72
76
48
64
138
101
129
94
87
191
35
110
70
93
18
64
132
71
83
71
117
68
104
19
81
131
66
65
70
178
85
121
99
199
91
152
82
63
78
89
128
63
198
34
129
159
164
154
50
182
39
88
112
42
84
175
68
114
26
104
94
180
65
168
69
51
204
137
88
65
19
156
134
205
79
20
103
79
107
105
10
171
150
63
128
58
138
151
8
88
60
47
48
224
90
173
74
94
46
196
108
93
60
96
48
82
113
109
37
32
57
67
53
199
97
94
57
99
61
99
49
133
149
55
117
113
136
110
138
65
76
72
89
22
105
15
176
61
70
48
126
40
85
98
109
128
125
117
65
17
150
149
18
128
110
75
157
73
102
42
56
147
87
139
89
56
28
108
137
73
138
137
110
92
124
55
89
108
112
120
48
40
77
184
90
41
188
70
108
79
128
50
117
77
194
139
108
104
112
53
55
130
150
102
87
125
53
30
132
56
101
80
100
33
27
72
208
36
137
123
99
54
109
60
180
190
230
15
71
30
59
70
81
67
50
33
88
133
123
109
126
91
136
74
150
63
56
75
234
86
106
72
147
71
78
103
136
96
148
82
11
143
47
82
68
166
55
22
21
174
97
27
148
155
156
56
117
156
38
77
165
198
52
75
197
204
104
48
45
49
39
60
135
67
166
71
157
118
85
184
112
96
155
82
210
39
145
183
161
147
105
161
120
108
94
54
134
177
44
67
132
59
57
139
35
66
80
83
190
96
92
46
30
144
117
153
25
59
96
176
181
36
78
187
179
149
143
86
64
84
40
52
92
86
74
64
181
117
143
185
86
134
58
105
95
