317 639
737 455
782 441
407 263
16 204
85 680
590 347
93 182
656 127
168 45
604 559
739 247
617 271
539 742
539 308
414 178
261 667
20 96
519 800
678 505
64 765
638 170
250 564
144 72
540 157
468 238
146 306
187 730
270 330
146 657
64 784
200 327
212 135
246 356
94 713
229 422
129 331
503 530
213 723
590 660
379 77
345 606
76 430
550 280
160 275
415 661
83 791
4 109
448 11
683 176
627 708
24 777
97 733
485 617
212 199
637 764
703 327
527 487
101 517
175 71
238 621
198 629
354 380
377 341
219 357
407 706
535 648
473 29
737 103
132 174
359 385
200 672
284 229
214 339
615 764
77 132
303 790
459 690
621 26
183 725
493 742
460 262
640 463
139 15
376 207
237 222
275 359
366 436
134 1
58 773
318 92
160 41
542 690
590 650
525 534
119 726
666 517
70 713
559 755
447 793
213 312
448 626
127 55
657 353
649 459
671 754
648 724
448 427
364 167
770 539
172 208
183 138
499 450
12 558
566 306
719 345
121 463
760 146
149 65
695 385
73 646
190 563
794 682
237 88
688 177
790 591
25 535
126 760
240 480
642 376
164 751
414 106
401 628
256 751
208 380
317 297
418 656
291 270
718 377
19 188
392 571
511 136
7 783
444 184
47 429
29 439
644 692
689 698
5 567
149 696
199 285
588 141
100 173
259 700
551 43
508 380
275 686
46 219
740 425
179 365
661 343
311 741
710 287
248 172
375 128
486 301
745 240
509 689
724 737
199 663
152 469
483 288
225 536
335 732
639 582
656 457
390 118
224 286
332 664
665 419
732 375
614 688
675 223
88 533
636 122
720 10
237 131
729 538
317 321
710 33
649 545
439 245
131 310
247 586
742 772
476 791
560 78
122 359
215 236
707 435
414 218
438 727
404 351
781 320
626 557
144 7
307 297
745 517
487 533
166 295
49 608
393 754
55 640
434 430
655 57
139 778
170 120
734 692
614 132
69 355
61 407
717 704
105 617
301 8
138 252
214 493
293 718
146 609
239 599
505 564
485 64
420 550
594 5
441 713
343 730
748 640
14 769
712 506
770 734
345 340
103 49
44 77
165 679
556 190
722 494
92 730
75 122
515 23
361 279
532 157
666 780
0 411
490 616
510 599
72 557
36 554
487 742
255 723
467 750
25 273
753 442
664 659
273 524
773 269
382 305
285 223
767 45
270 556
572 66
466 622
182 515
456 513
105 280
583 247
120 241
70 374
573 224
424 39
491 352
692 211
378 222
175 388
580 70
322 682
751 111
703 312
209 733
304 48
38 456
748 525
281 156
250 39
285 115
281 68
401 2
191 268
150 516
330 228
544 558
768 93
657 652
193 459
377 469
533 631
3 493
431 294
698 522
524 700
269 351
396 107
264 753
724 191
264 91
377 627
74 109
691 299
502 672
491 186
633 785
635 714
199 644
157 413
340 665
419 160
189 208
361 673
278 36
363 523
93 143
318 517
758 225
754 625
33 70
275 492
37 484
421 710
377 636
257 614
451 389
639 710
613 468
202 223
657 303
517 539
596 246
419 613
278 521
541 363
230 770
73 171
366 405
430 265
68 205
110 281
124 72
295 166
800 440
559 420
35 123
397 60
300 461
277 214
600 266
427 693
117 492
175 508
327 27
173 219
156 72
295 29
296 160
358 97
651 96
171 644
252 109
461 477
262 520
39 155
25 631
787 305
278 162
789 203
74 529
24 181
701 87
593 356
496 623
577 305
450 416
36 384
160 576
555 150
508 525
234 148
649 583
304 376
517 32
673 264
302 80
644 259
193 337
73 86
283 325
56 342
112 375
41 132
20 127
85 163
107 302
11 311
273 344
221 235
202 239
70 239
115 315
109 244
54 324
322 325
48 247
226 310
49 218
312 369
192 353
314 377
267 333
11 285
22 193
11 397
121 172
3 351
242 373
178 322
72 163
31 209
89 127
85 361
166 379
73 150
47 377
34 149
252 316
239 350
143 200
30 97
65 211
8 214
203 263
186 393
171 191
24 243
30 46
11 330
176 309
344 397
69 111
58 364
30 89
16 169
13 307
148 378
265 355
6 160
103 119
153 310
44 177
177 209
344 399
29 120
7 69
33 308
174 394
325 363
189 372
296 364
318 319
72 361
39 300
122 331
241 246
208 229
210 222
33 395
218 282
101 136
183 382
65 136
46 51
288 382
43 171
121 365
53 229
41 322
23 59
39 303
90 176
116 183
163 186
20 89
144 304
66 253
274 367
114 273
181 300
58 296
375 388
375 392
28 135
82 104
290 393
5 212
168 221
96 394
36 44
6 347
29 320
206 248
219 220
9 83
19 244
67 277
145 275
115 138
139 157
95 215
124 279
48 67
103 179
123 186
180 285
30 51
110 274
90 374
129 342
60 337
250 318
193 267
214 266
347 385
170 321
254 382
7 246
155 357
265 361
61 193
32 123
53 345
131 359
194 221
108 200
290 355
17 246
22 172
104 179
165 351
146 181
6 14
80 167
217 235
166 330
326 369
160 315
102 314
62 188
71 169
290 374
256 307
349 352
270 364
131 230
176 359
132 231
222 227
122 125
8 218
135 248
143 323
185 384
253 386
110 341
78 372
0 16
3 264
297 361
1 2
265 297
34 127
28 73
116 296
334 382
167 303
343 392
302 329
24 141
127 130
316 386
55 319
247 282
68 384
157 377
21 184
14 114
213 375
25 171
156 226
42 251
24 276
153 156
146 319
28 395
211 234
191 305
57 357
248 305
16 257
156 283
61 121
106 300
208 375
50 261
184 384
31 177
99 211
128 225
144 275
141 230
90 369
189 214
288 389
225 296
86 395
162 166
200 323
128 333
151 243
96 204
108 164
246 349
20 46
95 130
83 102
9 118
106 250
293 369
74 98
3 171
123 374
45 65
262 360
263 379
355 361
73 177
192 219
14 362
11 162
7 352
7 274
167 307
101 345
3 200
34 52
267 376
342 362
139 259
252 253
373 390
276 399
106 146
247 396
56 397
68 266
134 321
1 289
131 371
255 382
60 267
15 200
19 82
145 288
0 283
224 324
237 289
155 278
58 365
328 377
244 289
147 217
141 196
88 102
75 241
217 221
182 279
198 295
217 238
39 50
173 226
92 316
31 64
59 216
52 97
209 353
93 146
38 242
20 30
49 117
20 51
65 335
246 332
167 316
58 382
5 120
188 206
160 385
20 97
97 212
17 358
70 87
74 106
77 258
50 106
28 33
91 354
136 363
240 241
328 352
1 109
224 367
82 175
166 381
55 105
154 268
341 367
7 383
251 288
145 220
52 149
42 288
8 49
60 373
199 356
157 352
86 188
96 187
129 138
73 308
90 371
310 348
37 253
287 398
117 299
38 153
178 283
147 300
166 182
187 306
192 224
135 137
350 395
294 359
58 254
19 289
94 208
3 280
40 48
96 244
85 324
77 101
214 282
49 184
9 354
355 393
34 212
105 250
10 394
46 236
118 205
106 147
126 288
262 267
101 269
16 153
136 336
195 258
163 380
246 314
27 71
275 389
182 311
358 377
63 248
320 337
126 254
82 190
106 339
112 271
267 346
79 169
279 330
249 317
144 145
31 134
88 240
232 282
253 303
265 370
10 298
83 91
13 167
284 311
134 159
358 383
16 337
78 214
221 261
106 319
287 293
312 374
20 245
202 388
72 297
213 388
8 124
248 297
55 318
92 307
58 170
128 270
50 146
121 228
329 376
2 158
253 269
72 137
370 393
82 96
56 115
61 169
311 330
116 365
20 52
90 312
38 79
195 256
73 209
51 236
3 84
71 373
252 343
2 244
228 267
201 258
218 391
108 371
74 181
196 391
196 232
234 325
314 354
103 285
230 247
32 374
116 301
285 342
163 393
132 136
109 331
361 380
296 301
184 218
342 387
307 316
139 358
83 240
266 299
91 102
54 393
164 309
193 262
5 149
152 349
34 120
49 311
202 350
6 129
170 225
166 311
58 255
11 315
38 169
78 154
154 232
159 281
162 342
75 377
62 202
5 95
17 241
62 87
192 274
28 137
99 195
229 253
152 314
167 386
14 165
309 359
17 47
147 168
33 100
324 367
25 317
32 186
184 268
305 351
24 391
84 191
16 226
187 244
110 367
298 343
355 380
121 227
63 239
116 364
11 166
3 191
112 357
291 398
162 379
151 196
293 326
75 358
54 110
75 349
151 391
40 277
30 236
62 239
209 224
64 100
27 130
154 396
113 148
27 95
94 298
122 238
90 164
198 367
128 346
175 199
366 398
102 240
172 262
349 377
262 346
214 384
182 397
23 205
53 101
113 255
136 345
302 360
85 177
244 260
43 387
313 345
161 283
119 285
257 310
29 222
100 150
19 96
83 88
32 312
132 325
170 296
224 272
81 305
42 389
280 297
291 326
175 237
252 345
266 384
210 378
6 387
114 362
233 256
105 194
45 336
222 390
229 343
374 393
178 336
198 361
223 287
111 186
255 304
1 244
137 297
193 376
172 267
133 153
29 61
234 283
66 316
198 324
135 239
119 158
6 114
115 285
159 197
71 149
44 353
344 387
233 363
107 338
65 201
8 21
278 338
75 152
157 259
108 297
196 247
8 372
190 306
346 376
186 292
262 376
109 306
36 209
119 199
214 232
75 314
10 204
109 125
276 362
12 114
113 210
156 257
36 197
237 260
90 293
84 297
89 142
292 374
51 89
13 18
174 204
66 386
191 280
106 261
175 179
231 271
24 218
257 286
166 263
225 301
121 270
124 311
158 356
194 238
114 385
80 99
83 368
79 130
177 295
292 370
196 268
64 177
295 324
104 199
31 100
15 131
66 167
5 245
14 43
49 182
39 66
163 290
294 366
87 213
77 316
59 91
225 333
3 305
96 306
73 159
333 376
118 216
224 274
1 19
222 254
189 284
228 337
25 81
279 397
71 153
26 36
13 258
21 151
45 132
45 325
172 225
27 215
184 372
362 399
110 324
235 238
300 339
189 384
328 349
315 399
122 217
145 304
286 348
23 91
69 352
33 73
259 272
318 339
29 373
101 140
90 326
126 382
101 132
151 184
257 348
18 99
172 376
12 344
91 205
300 394
13 98
48 277
76 310
258 335
100 295
88 205
12 399
109 187
103 342
263 381
217 331
83 118
173 325
9 91
120 378
152 352
36 219
27 242
102 368
118 354
26 31
196 218
133 286
271 375
145 219
32 216
172 346
50 74
240 314
200 351
84 143
266 284
292 393
162 315
26 44
60 193
302 350
74 250
74 105
114 165
22 376
164 359
122 168
79 286
102 354
212 222
56 138
250 319
31 295
249 391
86 308
136 233
2 356
80 98
243 317
145 334
19 306
146 300
72 380
207 237
270 296
225 376
163 355
261 300
124 166
357 385
61 227
110 198
112 388
208 271
246 358
312 326
58 116
71 242
95 97
225 346
133 156
246 328
141 154
380 393
113 254
220 389
312 398
122 221
19 175
19 207
102 205
101 386
47 314
57 94
64 73
60 169
23 83
229 386
15 108
57 392
264 351
67 359
291 293
82 340
157 383
31 33
223 366
115 379
262 333
105 238
24 317
166 279
25 351
124 182
19 187
327 329
170 364
269 316
147 319
292 380
59 368
124 184
62 350
50 339
125 235
120 222
216 354
213 338
302 327
99 201
327 346
186 312
126 255
169 320
267 329
22 267
30 127
181 261
165 191
108 370
324 341
287 312
10 96
5 29
296 365
55 146
61 71
59 118
16 283
284 384
253 392
14 347
64 308
16 156
293 366
103 115
87 350
178 313
5 378
44 341
9 88
170 270
81 351
45 201
152 377
213 302
70 202
31 159
100 159
67 294
27 257
137 248
126 334
107 112
14 171
67 396
67 247
156 178
12 397
127 215
303 316
139 349
22 346
35 128
183 296
24 196
168 194
91 240
260 356
150 224
217 261
202 338
303 386
24 151
173 211
77 307
293 312
181 319
40 371
248 351
117 266
173 283
226 257
272 274
83 354
76 234
50 319
4 349
158 244
117 330
7 349
34 89
57 375
211 335
117 311
88 91
117 284
21 311
15 191
101 252
194 250
69 328
68 372
156 161
68 117
23 354
104 340
326 398
154 247
279 311
55 339
134 281
296 382
35 301
39 92
133 161
62 264
342 397
13 92
189 266
240 354
264 305
82 179
79 149
218 268
31 150
372 384
270 390
35 225
23 240
37 392
183 334
0 336
63 188
37 343
9 368
101 313
252 269
374 380
30 52
296 390
115 160
129 385
41 336
15 309
107 213
44 192
114 387
239 248
21 279
80 258
0 313
115 180
14 387
146 339
12 387
69 367
190 204
15 176
8 384
118 240
53 303
128 172
333 360
12 276
105 146
188 395
141 151
171 351
5 34
347 357
10 94
59 354
114 347
144 334
5 97
37 208
48 396
113 378
20 142
144 219
190 237
54 198
32 393
15 323
109 289
42 145
227 320
58 183
130 215
241 332
44 272
81 200
39 93
21 124
132 140
35 134
182 399
34 245
314 358
126 304
183 364
219 275
94 229
80 201
25 200
65 325
62 70
96 174
128 376
19 340
145 251
103 385
240 368
119 179
76 133
44 274
105 147
228 320
115 203
329 346
152 328
131 323
94 392
121 296
185 189
42 219
221 238
155 388
45 363
29 71
82 199
43 165
180 260
17 332
197 219
263 330
137 206
65 233
63 305
237 244
47 332
68 284
106 318
59 123
56 162
133 348
23 368
44 224
276 344
160 162
57 343
149 245
277 309
17 314
89 97
90 287
4 383
206 264
147 238
136 325
32 111
215 245
301 365
78 189
187 190
219 389
199 260
7 377
72 85
141 391
162 263
284 299
107 375
165 305
158 180
170 365
346 360
256 258
292 312
290 292
68 185
53 386
96 340
154 282
191 200
193 228
105 221
61 242
212 254
73 100
26 272
69 216
33 159
8 68
112 155
154 196
44 198
361 370
105 168
283 322
123 398
227 390
124 284
163 265
156 322
13 256
374 398
136 269
237 306
196 396
20 34
11 379
326 366
15 84
77 167
292 398
246 377
66 93
80 92
143 191
139 377
25 143
135 188
9 205
79 242
78 268
153 161
100 308
163 361
243 249
89 236
131 164
325 336
142 236
138 160
150 295
285 315
186 374
183 255
41 140
11 279
151 372
140 345
80 233
25 165
251 275
81 143
221 331
9 23
90 292
96 207
4 157
55 106
103 180
113 304
164 323
162 399
186 370
49 124
27 149
38 257
249 276
102 118
179 199
223 326
87 107
288 334
229 392
27 79
20 236
52 215
168 250
61 337
132 363
112 213
18 256
155 338
52 127
111 216
362 387
22 337
28 188
161 173
174 190
61 228
196 282
138 285
150 198
192 209
53 269
77 335
35 321
1 356
244 306
77 363
127 245
188 308
56 285
76 173
117 384
52 245
60 228
261 319
241 358
364 365
35 281
45 313
226 234
69 324
138 179
92 181
119 160
211 233
285 397
139 383
40 309
138 180
92 303
18 98
45 345
21 372
39 146
36 192
178 226
147 235
173 322
48 359
63 350
6 103
347 387
28 206
108 309
202 213
232 268
54 341
133 257
22 121
46 215
85 198
91 118
100 177
159 321
352 383
43 276
63 70
336 345
185 266
319 339
344 362
42 220
81 171
126 210
172 193
151 268
43 114
277 359
218 372
132 345
233 258
313 325
223 398
17 377
115 342
212 378
36 272
11 182
309 371
280 323
206 308
18 80
295 367
136 313
230 277
140 313
207 306
109 207
269 345
201 211
229 271
18 195
160 285
74 339
248 264
95 242
252 303
397 399
64 86
46 127
74 318
268 396
197 321
36 275
206 239
71 286
138 260
21 218
177 198
204 306
280 351
243 273
269 303
153 257
42 334
42 144
198 341
158 179
230 396
114 344
199 237
352 377
25 191
73 281
115 119
272 353
4 259
207 289
46 89
37 271
223 369
40 294
54 111
183 254
328 358
162 330
165 171
56 119
31 73
15 317
137 361
129 179
52 95
68 189
84 323
164 371
26 150
39 181
304 334
278 347
162 182
162 397
279 399
4 352
116 321
64 134
169 373
98 307
85 295
23 118
185 214
54 367
141 249
190 394
29 227
53 316
15 164
254 255
116 170
274 352
42 364
287 366
68 299
67 154
105 339
48 294
128 301
40 131
22 228
188 264
50 181
23 102
151 218
76 161
216 368
47 358
277 294
144 251
192 272
8 279
153 286
37 298
210 212
64 281
172 333
271 392
242 320
92 167
90 398
197 220
199 244
150 367
193 346
161 226
51 142
135 297
364 382
95 149
4 139
137 188
43 362
93 300
66 252
57 298
131 277
314 332
258 363
315 397
146 261
161 257
220 251
96 190
173 234
187 237
174 300
87 360
61 373
2 199
188 248
103 138
360 376
119 138
314 349
178 325
84 280
180 203
15 280
147 221
96 175
209 272
192 197
133 226
299 384
121 193
214 268
67 230
103 315
69 274
267 337
41 313
253 343
152 246
129 160
17 75
14 385
19 204
201 233
187 289
123 393
150 341
50 55
7 328
239 264
11 381
121 390
301 321
196 249
157 349
349 358
243 276
0 156
130 286
148 254
11 263
56 180
213 350
371 398
22 262
227 373
21 182
168 238
3 248
25 305
70 350
141 243
69 75
28 86
14 278
0 325
92 98
45 269
57 112
273 387
9 59
181 339
180 199
84 108
214 372
144 389
19 199
209 295
80 195
268 282
261 339
105 318
77 233
38 133
349 383
132 336
203 379
105 319
36 353
225 365
125 331
123 312
38 286
338 388
269 386
291 369
69 349
96 237
89 245
287 369
86 134
29 169
282 396
171 278
55 74
5 52
14 273
273 399
87 302
298 303
78 196
34 95
41 345
262 329
15 143
112 338
28 64
41 178
37 94
132 313
55 250
45 101
201 335
0 178
175 340
158 199
110 224
26 209
6 385
107 388
7 157
139 352
259 352
333 346
3 81
8 151
92 93
223 291
26 353
12 43
311 381
156 310
223 293
75 246
147 339
38 71
64 159
75 328
239 395
44 367
8 184
273 362
73 134
81 191
309 323
69 110
96 104
47 241
80 307
2 260
3 25
150 209
235 261
279 381
63 264
148 255
119 129
58 334
131 309
23 216
229 252
123 293
4 377
176 277
200 280
126 183
123 292
210 254
342 399
312 393
248 280
123 326
1 158
106 181
231 327
1 260
0 322
278 305
278 388
49 279
54 163
225 262
40 359
320 373
220 288
12 342
295 341
77 256
26 197
178 234
42 275
16 320
186 380
110 295
197 389
290 370
207 244
354 368
108 280
314 328
97 120
34 97
106 221
252 386
161 234
58 126
130 149
329 333
210 255
107 155
151 249
186 290
226 283
119 180
169 242
111 393
208 392
7 75
12 182
97 245
19 190
115 162
40 176
54 85
0 41
66 303
93 181
131 176
370 380
147 261
101 363
243 344
265 380
162 285
40 90
132 269
185 299
35 64
270 365
229 298
166 397
160 342
101 253
204 394
79 95
84 200
12 362
61 320
270 301
201 363
128 262
223 294
120 212
168 217
62 63
1 237
22 60
24 249
174 261
276 391
21 49
44 295
184 214
36 159
44 100
61 390
329 360
289 306
84 248
29 242
274 353
141 317
65 77
81 165
163 374
85 367
217 300
45 233
117 381
317 391
9 102
118 368
101 336
103 129
281 321
70 264
167 256
362 397
225 270
70 395
51 97
72 265
90 366
202 305
208 253
171 305
251 389
39 319
44 209
231 345
164 176
45 335
133 310
19 237
292 355
126 148
170 281
94 343
176 323
148 210
91 368
37 229
233 335
83 205
140 231
117 124
46 142
175 306
38 130
33 86
197 275
14 155
330 381
41 327
385 387
287 326
241 314
251 304
99 256
125 187
282 372
208 298
144 220
254 364
46 52
108 176
56 203
145 389
207 260
202 248
189 299
65 363
40 366
175 244
188 239
325 335
313 322
85 265
32 163
109 237
144 288
194 217
176 371
128 360
16 71
27 348
335 363
287 291
78 232
104 175
40 164
56 315
16 60
30 245
172 270
191 351
340 357
187 207
26 295
28 308
60 320
46 245
113 382
77 201
37 375
138 199
172 228
140 327
33 134
113 126
148 304
20 95
56 103
184 282
37 57
293 398
27 38
59 111
138 158
54 361
26 224
179 340
224 295
33 35
377 383
10 174
151 282
322 336
202 264
66 307
158 260
97 236
153 226
291 312
56 160
71 320
125 289
298 392
1 207
165 278
359 371
10 190
13 195
172 365
120 210
273 276
105 106
50 147
140 336
146 147
286 310
57 208
38 310
253 298
201 256
53 66
288 304
60 71
13 80
332 358
366 369
45 136
45 77
32 54
59 102
71 79
196 230
197 281
255 334
62 395
290 361
79 127
313 336
52 89
100 209
293 374
290 380
53 253
155 347
103 160
208 343
143 317
224 353
28 100
48 230
355 370
135 264
33 64
95 245
1 199
77 136
100 134
122 235
12 273
149 242
243 391
235 331
27 286
308 395
19 104
95 127
94 253
99 258
170 301
154 230
28 177
70 188
60 61
69 152
150 177
149 169
42 116
43 273
123 291
22 333
85 341
78 282
5 222
161 310
135 206
30 142
52 130
63 202
136 335
338 350
220 275
292 293
72 355
149 373
365 390
38 348
74 319
79 348
26 192
137 265
195 201
300 319
369 398
7 152
66 92
234 322
53 252
271 343
93 303
263 285
0 337
108 323
43 344
247 268
315 342
208 231
80 256
29 149
163 370
44 150
82
80
69
95
138
63
84
131
110
70
14
211
172
130
156
122
28
52
190
73
131
75
78
128
99
189
57
179
68
51
74
13
186
140
120
102
93
133
155
133
71
108
64
78
83
179
156
24
136
85
34
75
15
101
150
60
29
133
128
89
128
137
106
121
66
170
58
92
69
35
27
105
105
102
184
40
199
90
148
63
88
168
172
89
33
116
154
230
107
87
151
88
58
148
131
149
62
30
189
91
152
109
63
101
159
163
148
25
126
146
84
127
115
140
111
114
127
90
100
104
179
81
95
95
92
82
138
97
123
62
94
133
191
29
94
114
327
98
124
64
129
150
19
148
139
104
59
99
77
42
124
78
75
84
71
86
92
84
59
44
86
159
195
13
119
95
92
90
123
131
90
118
245
98
115
64
112
76
40
186
159
127
163
140
121
82
152
107
70
64
46
162
42
82
111
113
104
78
81
92
55
85
87
86
116
177
24
72
142
133
50
174
196
157
59
124
98
146
128
195
125
173
53
116
79
96
173
183
196
46
141
140
88
67
156
96
114
50
101
77
45
98
51
74
104
39
124
128
55
54
110
175
178
117
74
164
43
93
126
42
94
158
220
31
182
132
41
26
180
170
94
103
87
113
95
115
144
47
100
90
88
96
181
100
115
47
156
75
119
32
34
55
58
118
74
45
53
95
37
170
184
160
42
187
108
44
190
35
68
36
47
172
69
179
78
138
118
164
26
77
112
108
127
72
136
69
27
67
61
78
69
82
88
95
182
64
153
124
221
76
86
166
227
131
55
45
132
81
90
80
30
139
109
77
67
88
72
118
75
138
74
58
228
89
67
167
167
191
126
122
225
56
112
203
127
67
121
41
20
59
53
70
63
25
163
45
114
91
137
148
116
99
51
129
69
181
146
143
60
138
169
133
101
138
100
78
169
125
71
83
114
111
203
42
46
59
87
240
136
27
86
140
44
49
147
138
63
160
146
88
148
118
131
74
26
90
75
186
81
69
51
143
170
30
69
92
122
161
86
38
100
134
217
198
208
70
150
82
86
137
142
92
74
48
217
123
90
42
173
49
106
72
118
39
151
77
79
130
71
73
56
103
88
162
105
188
104
154
91
93
56
83
67
79
128
93
95
121
150
33
62
144
164
123
69
37
62
163
24
136
60
252
29
47
76
118
117
12
76
48
159
34
52
27
37
136
170
225
196
58
123
60
108
61
157
99
63
74
45
40
68
24
169
53
121
165
92
144
123
149
64
64
52
13
111
109
118
105
24
85
147
186
127
61
62
68
184
87
70
76
23
25
91
169
106
77
77
106
95
81
86
93
187
58
132
56
157
176
135
129
58
69
99
198
95
69
108
92
147
149
62
139
63
54
66
74
83
109
110
90
142
138
119
125
56
47
100
94
122
95
77
171
77
55
142
41
130
17
129
121
65
174
36
36
158
73
182
139
55
52
121
87
124
114
55
68
67
71
119
190
145
48
119
106
91
51
100
123
92
120
54
167
183
82
36
107
82
37
169
123
114
49
102
97
147
52
83
162
73
153
163
140
83
153
63
84
69
50
67
26
225
122
214
63
44
119
191
40
188
117
82
159
132
152
37
129
34
248
120
143
64
162
106
94
49
92
203
37
122
186
77
198
191
66
133
102
91
177
75
93
53
156
55
79
56
77
69
21
48
100
107
112
111
137
140
26
131
81
96
107
89
46
126
197
116
99
242
65
64
115
192
81
132
83
155
32
94
52
111
127
111
194
120
131
184
79
31
73
108
76
140
43
30
151
30
183
92
100
68
88
85
62
36
75
62
26
241
125
122
67
67
63
88
80
151
42
69
161
150
84
253
133
140
62
45
152
77
142
69
55
192
129
44
97
147
86
80
115
150
237
42
61
90
149
61
182
37
296
165
128
106
137
99
78
121
138
122
109
53
129
29
33
180
69
192
119
120
154
224
52
50
30
76
52
86
113
173
78
30
67
140
91
50
158
74
38
111
116
102
145
65
24
131
68
87
159
79
184
71
88
69
101
79
85
87
76
147
231
133
73
74
63
94
128
75
120
150
37
108
147
96
173
164
233
42
150
84
129
145
69
38
110
148
122
87
96
60
158
191
121
99
122
79
172
23
176
97
184
42
186
86
136
139
109
96
264
210
103
92
82
244
77
137
60
75
59
52
80
154
82
100
122
168
100
83
126
75
81
46
130
105
59
196
109
146
189
201
127
7
74
129
134
28
32
133
69
73
69
135
70
152
64
119
25
110
33
93
100
79
152
44
47
40
147
118
37
105
159
146
84
95
105
124
102
59
109
78
42
107
158
59
108
97
74
34
148
179
70
200
207
111
43
52
44
52
142
49
91
33
71
87
15
140
81
75
88
27
117
93
75
31
50
159
73
95
17
80
125
218
97
124
149
93
122
124
160
163
94
117
89
59
47
144
35
113
67
131
93
104
151
131
187
72
153
134
89
40
179
23
71
44
103
99
108
64
30
33
53
188
81
103
101
97
181
50
35
109
130
63
48
139
131
160
129
122
116
96
51
55
92
68
144
153
120
131
160
60
55
51
116
25
115
84
37
43
165
114
175
35
144
101
175
234
120
38
73
91
154
72
156
60
205
105
82
72
80
157
40
149
159
99
133
61
72
90
75
83
111
142
68
166
33
99
117
65
197
152
105
114
84
71
75
42
106
38
22
69
134
68
123
217
124
65
162
199
189
113
88
44
213
96
50
203
134
129
135
131
15
72
109
82
71
56
65
149
83
95
8
130
88
195
123
152
124
125
87
80
51
125
60
102
76
51
133
29
147
153
104
48
121
203
90
61
32
64
86
23
184
167
6
32
128
85
60
158
152
107
85
125
172
127
137
167
17
64
35
70
174
134
140
188
38
74
93
192
147
143
188
109
74
140
203
117
51
42
131
63
78
44
79
110
131
146
70
48
77
13
51
76
61
115
56
203
79
58
129
35
97
49
118
118
119
39
158
195
72
165
129
92
61
84
106
134
103
86
124
126
193
45
129
74
84
194
92
80
80
129
72
176
186
173
140
78
80
82
110
178
117
79
163
24
153
62
26
135
78
106
181
70
52
112
128
15
74
19
85
53
61
200
173
82
172
177
32
86
20
190
61
133
58
114
92
60
84
65
54
132
171
105
141
147
119
66
36
91
88
13
83
54
71
114
56
121
172
101
89
103
184
40
64
182
148
98
74
96
77
172
41
67
34
113
80
64
93
78
74
231
60
133
75
77
193
93
140
47
50
100
147
203
182
46
44
106
85
47
31
68
91
70
112
108
192
143
184
47
99
139
85
57
15
54
215
131
91
212
79
70
204
60
176
39
39
180
143
60
138
172
128
81
113
162
214
56
83
89
108
102
86
77
86
104
104
108
42
56
152
167
128
90
122
188
98
167
92
87
148
57
141
104
69
61
135
189
145
97
92
173
63
79
144
25
126
117
30
70
69
176
89
80
104
79
88
116
88
89
72
219
103
65
14
65
114
64
83
144
59
42
78
103
126
91
30
29
34
86
54
85
71
127
47
163
61
116
187
42
95
171
102
103
159
239
55
180
121
34
204
114
103
27
71
48
131
57
47
56
86
131
50
10
32
165
87
105
57
109
119
79
139
80
131
165
142
130
17
126
122
102
57
74
158
58
63
109
68
122
60
155
99
123
60
66
66
98
273
85
78
76
168
37
75
61
105
138
118
40
96
149
98
89
190
161
127
59
73
161
62
44
168
176
79
111
170
65
65
63
145
51
125
154
175
132
88
51
104
177
37
35
93
116
102
172
71
93
11
102
177
80
87
163
215
120
121
128
103
58
59
57
87
92
48
115
81
68
50
58
46
86
61
53
53
119
99
100
50
161
134
187
177
22
59
126
72
166
49
146
104
27
17
73
74
82
176
49
84
133
128
143
21
110
198
112
72
187
166
124
193
145
64
222
84
79
137
159
73
169
163
220
172
84
202
118
21
118
35
61
178
75
177
80
107
178
10
69
129
84
67
68
186
41
99
19
138
19
49
113
50
88
10
82
154
45
87
53
12
82
151
198
117
162
59
117
99
53
208
145
50
115
110
128
122
192
158
77
159
127
97
170
114
171
121
196
36
199
108
79
85
83
59
140
200
59
183
71
167
152
145
20
55
93
8
75
74
64
78
70
41
190
29
88
63
83
161
195
87
169
66
83
155
71
54
87
158
74
106
71
68
34
70
113
157
123
106
160
195
74
119
76
61
142
79
41
87
88
69
92
49
210
115
78
57
62
91
146
136
56
38
85
80
199
98
160
79
161
85
111
77
104
137
114
143
62
12
78
171
141
93
102
90
135
53
122
180
11
59
113
115
18
89
46
17
38
53
106
92
88
14
73
66
49
74
141
84
78
93
27
80
45
40
80
123
105
192
50
94
190
80
149
107
34
38
178
64
98
54
80
57
160
193
139
16
109
81
65
119
158
65
103
129
96
98
78
63
150
16
98
216
147
60
32
56
174
15
83
134
219
70
146
155
204
99
191
17
42
137
71
