353 139
293 345
166 37
9 245
568 317
2 643
755 213
179 185
483 406
608 742
337 674
225 372
38 360
518 590
125 336
777 374
371 610
275 372
694 11
318 479
173 129
548 656
602 79
136 132
681 90
206 278
303 261
255 681
225 535
745 404
309 206
81 623
775 715
140 573
647 592
394 410
452 281
129 138
390 536
567 625
154 235
237 624
257 81
155 252
501 78
508 92
568 686
546 211
275 686
67 709
21 634
600 528
759 793
503 275
20 692
714 753
124 732
346 417
313 744
614 58
390 135
701 464
601 777
349 318
100 340
445 415
730 341
430 266
231 41
274 16
290 779
748 279
508 420
68 1
126 217
649 713
1 453
537 412
788 94
168 738
188 1
665 484
782 519
84 84
243 583
460 181
628 706
452 385
30 189
604 25
393 599
696 139
100 785
8 222
292 287
68 522
90 570
240 199
302 130
356 129
529 68
422 635
502 30
540 217
87 482
248 672
367 254
499 507
335 178
711 736
553 180
309 750
470 454
765 442
779 115
485 730
554 96
592 447
756 407
641 660
514 75
49 373
730 424
446 40
767 392
598 157
53 281
609 46
93 234
532 35
452 311
237 559
292 336
713 698
11 773
799 664
782 96
682 417
439 757
615 785
361 548
631 637
87 350
292 398
216 180
91 112
115 57
366 238
616 593
750 80
194 169
551 551
613 608
427 379
608 580
267 399
135 419
239 165
798 186
426 683
72 77
407 600
455 611
123 490
326 525
563 91
752 54
41 744
737 455
547 49
493 137
343 467
57 460
475 249
731 67
24 404
604 54
224 459
186 616
580 649
84 526
603 225
628 740
13 627
423 573
375 527
777 131
790 175
489 576
527 6
536 62
477 452
344 154
295 183
727 228
280 159
493 544
585 719
39 300
116 499
325 93
688 456
491 389
406 47
45 680
448 661
370 553
574 210
729 429
391 259
800 565
770 494
501 782
402 680
2 64
656 474
266 214
650 480
685 229
511 791
331 324
70 579
753 390
357 657
737 174
122 675
125 131
345 143
48 257
541 171
434 712
749 346
314 198
548 14
176 376
624 272
393 348
390 530
25 558
707 712
467 696
489 667
493 446
570 766
206 475
634 613
137 70
91 175
547 304
52 92
236 419
496 118
195 530
704 591
276 284
681 551
350 596
704 510
152 767
198 597
748 710
455 68
134 521
268 605
105 312
699 651
734 106
711 437
680 611
79 419
536 3
315 445
800 418
539 536
406 248
703 411
525 746
389 386
350 686
278 760
149 379
11 456
660 627
64 341
317 313
29 280
254 342
587 159
787 145
553 112
560 161
60 701
298 69
60 228
569 564
358 753
438 607
679 238
406 338
198 575
719 662
164 691
365 330
369 445
44 186
751 679
730 73
671 418
711 473
728 346
401 646
532 738
467 649
566 465
100 525
762 333
32 184
457 396
758 133
540 338
713 265
6 535
468 416
121 785
607 410
110 108
269 30
293 692
151 118
361 253
610 212
204 53
451 177
103 699
643 19
56 357
524 381
295 115
51 433
201 767
81 142
615 451
28 377
584 76
59 630
684 384
134 680
513 612
499 460
269 125
795 258
784 733
20 294
73 423
527 142
104 12
740 627
261 268
287 368
92 21
485 485
217 308
726 34
601 189
457 176
315 289
676 600
359 421
232 128
573 661
243 481
213 460
407 344
524 308
267 733
192 399
440 357
756 585
207 327
16 401
688 20
205 165
437 123
376 596
545 252
585 376
307 647
592 749
69 186
185 539
471 604
408 198
767 467
316 582
172 792
268 695
299 678
367 426
348 335
461 308
23 37
266 306
335 379
36 399
93 316
229 287
222 315
53 248
197 276
112 242
8 65
121 342
7 20
245 282
204 225
128 228
46 243
202 336
113 122
96 262
234 250
168 392
66 222
30 329
101 184
135 351
26 365
77 348
215 217
121 379
30 192
81 201
31 346
1 132
51 117
275 345
149 306
136 306
44 190
263 299
8 153
186 318
108 192
338 342
13 390
30 195
214 249
133 305
50 291
168 211
35 303
213 240
102 190
355 359
246 328
41 299
34 253
141 245
125 290
27 395
130 274
106 147
145 325
111 395
103 384
50 183
88 247
195 337
244 250
277 302
277 397
132 254
262 389
117 217
291 344
65 242
166 362
21 46
239 305
266 288
69 292
21 241
120 165
53 399
29 309
28 371
137 208
65 303
220 284
19 367
338 379
268 377
322 348
111 374
158 318
12 175
245 366
139 182
0 99
367 397
181 207
102 169
140 383
334 380
103 110
101 161
175 269
46 369
27 374
94 286
81 307
84 393
193 195
141 366
34 148
303 397
72 112
31 33
276 387
225 333
128 304
47 103
75 197
2 246
24 380
112 317
118 208
122 208
34 255
129 169
23 340
185 206
2 359
29 267
56 291
98 200
316 340
45 123
158 224
247 325
12 342
38 383
1 286
194 350
20 23
287 289
2 80
50 204
33 259
235 330
319 385
166 306
18 306
148 255
124 315
7 157
42 331
203 382
260 356
207 290
41 105
85 251
57 358
125 289
242 348
15 231
100 289
256 386
297 330
98 193
188 296
95 238
35 57
253 366
223 278
195 381
13 347
302 365
32 109
151 196
109 305
386 395
159 205
49 54
160 214
145 226
36 298
262 314
168 201
189 190
228 316
131 259
127 176
117 324
250 358
108 195
1 254
156 163
1 284
60 332
53 103
215 308
215 257
76 353
60 203
207 287
188 273
106 209
57 277
287 290
121 142
84 263
3 198
137 201
175 353
183 344
129 189
243 387
190 343
125 229
279 339
327 374
111 327
198 264
306 362
130 376
64 198
90 184
121 335
26 220
66 320
76 342
263 386
252 371
51 313
244 371
97 193
104 353
9 139
17 143
162 310
71 350
131 252
3 316
166 380
173 274
149 318
190 289
213 312
201 267
11 155
300 356
175 335
148 268
20 368
104 180
1 17
26 284
59 89
218 330
92 323
159 240
28 131
208 275
135 300
331 368
195 349
112 348
60 99
111 295
72 313
56 339
269 335
92 134
80 331
313 348
7 144
212 311
90 161
186 266
178 301
138 240
330 363
349 368
42 69
149 362
106 329
255 366
147 232
252 370
146 246
207 235
10 213
25 40
174 380
109 133
188 347
219 311
57 367
52 351
39 46
36 209
171 303
74 388
136 149
222 275
148 282
76 281
347 390
277 372
49 92
240 241
22 343
99 292
220 302
35 171
84 131
180 199
146 325
374 396
7 37
126 198
71 231
33 262
172 180
164 206
75 133
17 358
283 285
96 221
92 167
44 251
102 270
196 390
265 268
31 96
90 256
1 220
85 382
365 398
119 268
72 360
104 338
78 266
94 284
247 316
251 332
5 291
175 338
3 352
106 391
67 106
116 290
211 392
181 297
120 190
58 70
191 317
48 396
14 234
173 364
38 206
226 328
164 393
131 389
144 381
85 364
297 320
135 210
125 287
0 200
88 228
146 328
162 184
269 353
79 225
114 186
1 94
70 374
118 222
91 318
138 159
186 224
7 40
113 211
49 167
208 308
302 398
229 363
184 237
55 75
144 150
255 268
10 223
126 283
85 173
88 340
256 393
161 390
182 243
14 280
260 351
40 128
277 376
41 386
16 101
118 122
204 291
110 287
258 394
50 238
149 166
277 367
59 176
180 262
304 316
3 293
61 215
25 254
79 301
170 251
111 279
247 340
206 256
296 390
21 369
70 295
64 280
10 278
242 360
132 365
83 160
122 307
42 200
184 185
112 360
194 297
315 350
48 279
226 325
172 199
65 112
143 155
62 86
93 126
290 363
353 379
198 352
126 352
59 334
55 109
194 218
49 225
137 267
22 165
126 285
56 333
187 224
22 116
102 189
54 333
327 395
6 71
76 379
95 96
154 245
145 160
308 392
22 289
324 385
193 232
337 349
113 208
248 336
301 346
184 383
150 328
253 300
151 294
123 203
13 273
41 178
287 354
103 290
65 202
229 354
181 235
239 265
45 170
73 160
72 77
16 206
10 396
211 308
342 353
22 59
357 361
26 254
244 252
181 384
35 367
35 87
312 347
74 247
238 321
120 169
5 50
147 391
279 295
224 288
292 337
230 240
77 336
215 341
271 367
230 241
325 340
205 390
83 355
97 357
22 127
122 308
109 351
159 312
171 397
173 384
14 142
143 367
269 379
25 286
45 102
64 264
129 233
235 248
121 338
140 164
204 333
177 375
95 104
205 213
65 87
16 161
255 257
163 180
221 321
11 280
231 309
62 139
143 271
234 378
116 120
146 355
161 162
252 299
76 172
89 176
171 271
0 98
160 249
67 173
164 171
221 344
283 335
258 323
62 182
192 227
51 148
25 357
253 265
265 366
76 338
5 183
120 261
159 213
101 310
166 174
296 310
28 389
357 365
138 230
235 297
362 380
188 390
11 286
101 213
36 130
304 340
9 387
217 308
191 322
110 290
320 350
122 168
121 283
35 65
240 311
67 329
87 202
15 118
82 377
165 169
112 191
274 329
41 48
13 162
83 249
99 337
34 245
169 176
108 232
80 246
90 101
175 342
67 399
83 340
58 396
1 398
47 330
213 278
65 191
195 227
307 345
103 173
48 111
278 295
98 232
34 141
49 56
12 64
253 255
286 361
59 343
180 321
243 311
260 305
253 282
169 190
39 245
81 257
214 359
78 187
307 324
244 375
110 330
3 228
42 326
15 272
15 309
127 334
172 338
83 325
223 327
77 313
50 221
206 296
8 202
55 260
205 241
8 322
68 326
82 257
107 151
63 302
309 320
366 377
27 327
336 373
130 298
246 331
302 372
196 360
141 369
141 282
24 174
100 343
48 395
143 358
44 100
116 190
29 222
68 292
160 325
200 203
286 358
42 337
17 286
45 169
178 389
139 243
177 250
8 336
32 133
81 217
5 31
95 163
11 17
223 396
134 291
35 153
338 353
204 344
78 288
61 275
28 299
119 179
141 152
14 378
54 344
104 199
140 185
157 193
101 162
73 359
69 331
284 358
187 318
135 305
82 210
281 321
138 219
265 356
136 288
100 129
85 332
177 371
217 255
56 167
153 317
110 207
31 333
242 322
121 198
3 285
40 150
141 268
12 379
61 122
153 372
32 305
325 328
33 178
194 224
150 157
153 376
181 363
13 294
44 261
79 92
47 363
68 331
0 337
21 197
102 123
252 259
90 296
45 382
142 342
147 329
383 393
143 250
277 298
45 251
54 134
101 296
103 363
191 242
150 368
168 275
24 266
135 356
1 63
215 307
63 220
58 395
19 303
25 378
167 291
24 149
73 214
58 279
136 166
109 239
254 365
28 244
279 395
296 383
114 288
86 387
33 314
48 105
55 239
267 307
306 380
247 304
31 183
98 108
100 120
210 377
184 206
294 347
122 392
101 383
200 349
84 259
236 277
107 273
196 273
317 322
253 377
85 391
234 375
370 371
65 322
301 333
105 396
130 372
33 221
192 337
212 243
128 247
20 150
56 346
202 319
217 341
106 365
2 328
89 334
187 288
172 353
167 333
48 58
104 262
189 270
218 297
332 382
97 381
83 359
16 393
172 269
73 146
90 162
107 348
15 222
14 283
183 238
201 257
90 310
91 266
207 229
374 395
107 191
22 176
36 274
183 221
37 328
151 347
105 263
78 114
300 305
124 208
152 282
223 386
107 112
168 308
192 195
116 289
61 168
31 204
13 196
12 335
10 327
37 247
15 315
78 306
126 264
225 291
46 197
30 232
40 43
95 172
163 262
209 329
51 294
27 386
206 393
115 219
332 391
79 258
161 256
316 388
149 266
327 386
298 372
87 376
262 299
18 166
236 372
132 286
175 379
28 370
132 398
213 223
190 233
143 286
212 240
167 204
20 144
216 357
7 97
245 268
100 169
240 312
116 165
56 394
228 388
7 150
186 306
162 296
18 380
93 293
207 384
241 347
77 117
75 239
310 383
168 208
67 391
100 251
287 330
45 354
197 243
3 88
139 387
47 229
119 152
12 352
152 245
14 335
246 325
14 64
278 396
292 349
208 267
82 113
27 263
128 388
64 283
132 358
73 83
81 267
110 181
136 174
256 383
116 354
170 332
326 331
10 395
92 258
281 338
242 317
373 384
174 362
6 350
108 227
56 301
101 240
48 374
36 173
60 192
11 250
129 270
133 260
96 314
64 142
276 311
309 345
115 212
154 366
58 327
148 152
61 257
58 374
8 87
223 310
63 398
207 363
163 244
96 238
38 184
46 311
157 216
41 263
182 197
186 187
231 315
192 193
340 388
175 283
68 368
16 140
67 147
4 53
7 43
37 74
103 181
24 91
45 116
165 343
3 304
107 360
29 168
38 164
258 333
77 324
272 392
133 300
77 202
248 385
152 366
145 249
113 118
43 74
236 298
99 227
28 252
291 346
86 369
170 354
104 163
254 284
209 391
165 289
188 196
32 351
66 71
145 247
192 200
210 356
115 276
44 123
224 266
220 254
8 191
161 184
9 182
48 327
1 155
32 52
283 352
63 329
36 67
42 349
183 204
219 276
77 322
1 143
42 98
336 385
61 201
45 120
134 167
279 374
133 356
158 187
114 187
136 266
237 383
288 318
221 314
289 354
278 327
113 267
61 308
60 108
94 365
153 277
146 359
201 215
70 279
319 336
30 106
178 259
190 270
79 394
185 237
251 364
34 51
47 384
124 222
239 260
51 154
89 343
140 237
126 128
228 285
87 153
4 235
29 208
81 341
63 209
313 324
7 74
41 84
98 99
8 72
116 169
281 353
49 204
278 386
198 228
20 381
104 156
218 320
136 186
72 336
280 375
115 311
144 157
30 97
216 232
3 126
23 226
108 147
168 267
283 342
287 363
386 396
10 310
171 367
8 112
10 48
55 351
19 171
197 311
93 285
152 369
59 127
61 208
185 383
5 344
49 134
148 294
62 387
29 124
159 230
179 197
90 206
327 396
293 304
30 193
37 226
115 241
87 322
125 363
53 373
159 310
236 376
164 185
319 373
46 182
34 366
323 333
119 282
45 261
52 55
119 265
6 224
86 141
97 216
96 199
98 157
25 361
82 211
299 389
147 274
176 343
114 149
69 326
20 37
371 375
121 269
66 315
2 355
5 54
284 398
222 309
199 262
81 255
285 352
225 346
51 151
145 146
63 106
160 340
202 317
332 364
144 216
20 328
251 382
236 302
99 200
113 392
17 132
125 330
26 232
195 232
193 227
208 222
250 375
198 335
228 304
28 84
6 158
101 390
335 342
54 204
16 383
156 280
250 370
115 230
37 145
145 246
88 388
104 172
160 359
6 194
54 183
59 165
141 154
175 281
46 387
201 217
269 342
130 236
201 275
113 124
284 365
137 275
83 226
156 375
15 66
72 317
29 122
157 368
41 131
136 318
268 356
202 322
39 179
38 90
395 396
29 118
57 397
11 143
89 127
361 378
105 301
236 398
23 246
226 340
95 314
42 368
226 247
94 254
47 290
86 119
6 320
0 108
90 383
152 179
33 299
46 86
1 365
5 204
32 135
271 303
87 317
166 266
339 394
249 325
254 361
83 145
142 283
273 294
277 398
140 256
58 278
79 323
53 67
110 125
65 317
56 225
56 258
63 365
9 46
216 254
34 268
67 274
93 228
186 288
241 312
38 237
162 312
161 296
67 130
200 326
137 307
61 81
142 264
198 283
171 185
63 94
7 328
63 284
18 334
15 124
364 391
193 216
271 397
65 376
132 284
282 366
46 179
29 231
102 120
213 230
322 336
60 391
306 318
127 165
87 277
213 310
195 216
84 178
97 144
127 169
372 399
0 192
27 105
109 300
77 242
51 273
305 356
223 256
31 344
291 333
29 275
12 142
264 335
84 389
155 286
4 385
146 160
132 143
184 296
95 221
2 146
289 290
156 269
174 306
66 124
147 209
303 367
8 77
28 177
226 246
107 188
200 292
53 319
49 333
227 337
18 362
78 186
223 383
267 345
189 233
268 282
26 216
56 92
267 275
61 137
376 399
267 308
136 187
22 89
259 263
42 292
26 357
104 281
115 138
124 272
146 249
105 386
298 376
307 341
98 227
63 236
57 171
54 167
6 288
162 390
105 374
198 285
144 195
151 154
228 352
249 359
163 172
174 266
108 193
16 256
88 293
124 231
120 289
104 314
148 245
45 289
47 110
177 244
79 339
265 282
30 147
165 176
48 386
141 179
49 291
21 347
228 293
83 146
53 384
348 360
99 108
114 306
86 197
19 164
72 202
122 124
21 179
98 337
56 79
61 307
30 216
122 275
105 327
7 23
84 299
44 120
64 335
182 387
117 215
127 343
154 294
229 290
13 21
169 343
305 351
342 379
26 30
72 322
33 199
75 387
191 348
91 306
239 300
196 347
96 180
81 308
80 355
114 166
13 39
12 338
372 398
202 242
157 381
356 377
152 154
238 344
44 102
122 137
32 300
66 231
11 358
207 330
12 198
158 350
113 272
261 382
206 237
4 373
13 188
43 128
246 359
170 364
83 214
268 366
57 143
26 329
113 168
32 260
310 312
44 45
221 262
153 322
37 340
375 378
150 381
100 165
230 312
122 267
252 389
47 53
86 182
24 59
140 184
218 235
118 272
145 388
251 261
114 136
339 374
173 399
278 310
16 310
322 376
155 375
263 393
45 100
93 304
280 378
39 294
131 263
158 288
259 299
44 170
107 242
47 181
149 186
10 386
163 199
225 344
9 197
71 315
75 86
77 385
137 324
13 151
23 145
95 180
323 394
218 224
103 207
181 330
38 140
65 277
60 382
155 177
259 389
165 354
104 269
234 361
4 384
114 318
63 298
266 318
153 298
19 397
144 368
200 337
78 318
12 283
131 178
39 152
52 109
145 328
184 188
28 259
88 316
373 399
277 303
154 282
22 334
229 289
195 368
29 315
41 259
157 195
16 223
109 260
1 358
275 307
251 354
140 393
95 199
224 318
169 189
264 283
31 225
265 300
174 318
72 242
203 261
89 233
356 366
292 326
78 166
45 129
64 121
52 260
94 357
117 385
120 123
298 399
9 62
260 300
258 301
296 312
155 250
139 197
221 238
72 348
172 379
128 293
161 383
162 347
328 381
85 170
248 319
311 387
135 260
47 287
260 265
60 227
11 378
38 161
372 376
243 276
34 282
19 271
286 378
99 193
71 320
110 363
33 96
2 331
91 149
209 274
7 381
12 269
149 174
32 55
3 93
20 246
9 311
177 252
141 148
6 297
36 53
151 188
201 308
266 362
284 286
74 293
145 340
100 189
141 265
9 243
337 368
160 355
106 274
93 352
205 230
6 318
120 251
282 300
253 268
253 356
15 113
8 242
23 325
208 307
78 149
258 339
160 246
90 140
258 346
67 209
61 217
68 69
119 245
87 372
126 228
110 229
50 344
27 41
65 153
162 188
172 281
157 349
184 390
247 388
102 261
247 293
88 304
11 375
202 376
138 212
0 227
192 232
114 266
133 239
205 312
115 159
11 234
88 93
80 326
257 308
31 221
170 382
180 221
368 381
97 157
39 141
201 307
151 273
254 357
30 108
49 346
285 293
165 190
252 262
155 271
290 354
82 392
50 54
83 246
78 174
102 233
329 365
71 194
100 116
123 261
37 325
158 194
81 215
117 313
227 232
42 68
35 397
94 220
169 270
63 132
130 373
23 328
130 399
178 299
244 389
0 60
44 169
18 174
45 190
27 396
293 316
279 327
161 206
79 333
75 119
180 238
99 192
205 296
14 264
112 322
72 191
59 169
2 68
364 382
115 240
162 241
91 224
172 314
35 277
205 310
4 248
328 340
103 229
170 229
70 111
122 222
40 74
122 201
300 366
76 175
53 173
130 173
63 372
39 347
74 128
248 384
78 136
57 271
75 109
208 392
66 309
119 141
17 284
118 124
200 227
250 371
246 355
131 299
265 305
211 257
222 231
220 398
254 286
55 133
21 39
113 222
31 50
98 192
219 243
44 116
298 302
273 360
53 130
98 195
304 388
37 246
58 111
172 175
39 369
45 165
220 365
20 226
98 349
13 312
75 182
101 312
16 90
301 394
142 280
24 362
153 236
222 272
235 384
163 314
94 132
248 373
118 267
54 291
225 301
8 348
323 339
82 168
268 300
140 206
73 355
23 247
56 323
121 353
6 218
177 370
118 275
156 353
95 262
298 398
212 276
301 339
142 335
322 360
244 370
71 309
29 113
97 150
161 310
313 341
197 387
25 43
121 175
198 293
233 270
249 340
220 358
62 243
33 252
17 250
34 152
148 154
27 48
125 207
34 154
9 75
20 325
102 129
169 233
312 390
176 334
199 314
6 187
234 280
44 129
4 319
107 196
84 252
33 180
116 343
77 319
158 186
132 155
24 306
95 321
274 391
19 57
32 239
206 383
101 159
101 205
138 295
17 155
51 217
120 129
100 102
179 245
333 346
97 195
220 236
137 345
57 303
62 197
8 317
117 341
309 315
26 106
296 347
23 150
251 289
118 168
35 236
293 388
156 234
132 220
210 211
58 295
79 346
110 354
386 393
24 334
159 241
317 376
269 338
133 265
194 320
152 294
15 29
100 190
93 388
197 369
96 344
212 219
49 344
162 205
191 360
205 240
98 292
46 276
11 361
126 293
281 379
289 343
155 358
47 207
92 394
39 154
152 268
324 341
201 208
68 80
26 94
187 194
284 302
105 395
164 237
179 369
129 190
12 121
34 119
180 314
33 389
38 185
61 267
148 366
193 349
39 148
70 327
201 341
9 86
21
47
61
63
119
83
125
65
140
69
69
21
167
85
181
77
136
102
64
175
92
32
100
181
158
152
66
146
20
109
77
73
160
13
153
98
43
136
77
109
103
21
31
68
54
59
77
104
164
99
103
157
114
41
72
144
74
38
73
34
210
16
28
94
61
19
139
116
89
108
128
140
75
145
198
143
98
95
69
125
170
156
70
148
102
208
140
227
19
137
139
216
132
108
120
106
56
59
30
9
36
98
108
117
61
84
162
66
116
155
141
81
83
101
61
38
88
174
139
44
189
21
176
130
171
124
104
11
90
27
101
59
91
69
110
64
164
127
63
138
54
180
115
220
51
61
68
94
65
111
166
60
184
151
94
153
145
92
148
83
147
184
81
114
31
50
114
200
186
117
129
79
58
33
31
220
24
65
70
161
177
137
74
119
112
78
219
90
60
108
100
67
25
77
139
128
147
161
76
97
180
101
139
229
140
114
99
50
89
51
89
67
79
59
134
54
71
33
100
115
147
60
169
153
87
61
194
119
40
120
160
223
140
128
188
42
163
169
124
35
165
116
143
148
145
77
107
130
130
40
98
103
140
108
61
112
32
133
99
166
50
100
47
82
123
189
71
35
82
85
109
165
70
157
117
80
110
131
28
60
93
91
53
66
103
63
14
121
160
163
31
160
182
158
153
86
52
124
36
152
78
66
92
95
95
126
68
27
65
84
200
55
24
239
69
123
70
111
148
155
191
72
89
67
131
78
132
30
176
43
93
118
127
114
121
70
45
82
144
115
154
135
148
157
102
177
154
112
40
82
102
185
101
70
182
43
82
68
36
113
204
68
42
173
129
53
11
114
250
33
137
109
135
63
21
232
24
138
123
29
176
194
82
103
103
44
70
48
174
71
209
29
68
29
163
116
125
78
101
182
122
98
145
167
211
95
35
53
91
52
95
72
134
22
146
15
132
84
208
56
29
97
100
75
53
25
123
100
51
97
123
20
59
98
118
37
109
243
158
67
198
125
33
184
141
85
125
43
88
60
18
97
120
42
43
60
75
99
93
52
241
50
90
120
105
71
105
118
138
69
43
43
65
215
96
124
91
108
58
118
173
143
79
85
115
64
103
121
98
93
43
89
72
101
157
47
101
90
62
121
61
128
166
106
31
51
50
130
135
152
78
102
46
61
123
198
95
177
117
110
43
91
187
119
102
135
74
107
76
108
107
59
41
177
62
61
111
134
132
79
48
101
109
140
194
186
40
24
114
70
82
107
135
113
90
75
102
70
55
120
77
62
38
67
86
16
95
102
110
79
88
55
90
36
65
73
76
109
95
98
122
88
52
92
123
35
64
36
89
74
27
122
41
84
122
174
160
87
79
177
65
9
60
149
132
52
135
61
170
80
246
137
60
56
143
188
127
120
134
128
191
104
104
89
132
156
93
173
189
62
96
62
137
56
47
113
17
100
139
262
210
75
193
152
59
155
137
127
124
80
75
162
68
187
198
43
129
42
21
82
121
135
43
100
110
73
97
102
113
82
129
123
59
66
94
25
72
90
41
39
92
91
271
86
81
73
93
150
77
113
115
146
20
209
90
89
70
112
62
43
141
151
103
61
89
96
236
179
77
48
110
93
40
139
188
106
80
104
211
223
127
118
45
20
16
161
97
41
99
179
42
196
94
168
99
92
97
92
67
126
183
158
108
63
85
97
99
179
99
38
78
113
151
172
75
170
165
39
182
109
138
66
89
90
165
28
64
135
148
194
96
86
39
151
182
121
90
158
271
112
93
40
56
155
90
145
90
79
138
83
102
45
124
142
144
123
48
137
77
127
149
61
180
106
87
122
87
23
149
111
33
78
59
65
55
89
98
166
153
155
53
95
198
123
107
84
77
64
58
214
72
132
12
26
97
70
147
99
60
171
88
65
66
163
96
133
75
130
118
44
102
69
148
180
89
98
162
32
67
94
51
142
93
58
158
43
98
121
131
43
107
72
106
127
158
85
102
23
51
97
98
87
97
63
163
95
96
69
121
45
52
134
7
69
133
165
21
71
27
102
58
62
58
151
131
173
97
152
103
83
62
68
23
111
178
40
160
36
23
127
104
149
93
104
130
49
128
62
137
104
123
65
129
112
158
132
49
193
76
57
102
162
45
92
200
62
89
87
136
125
148
70
46
121
117
207
129
80
67
90
94
68
63
58
167
186
132
42
109
57
35
85
98
35
21
67
153
142
75
45
53
121
83
62
48
65
93
152
86
175
76
84
73
115
28
162
115
90
204
155
165
214
96
90
74
52
116
39
70
65
83
179
248
140
145
68
54
126
137
70
56
109
19
31
65
200
206
79
72
90
92
43
32
38
144
152
100
154
103
128
116
160
79
35
24
40
63
208
71
85
63
110
81
92
160
94
72
154
25
39
64
29
86
20
177
130
185
71
170
112
155
145
28
176
60
45
64
74
37
82
209
39
130
116
33
202
101
41
36
107
156
132
56
85
75
64
75
86
88
181
190
151
114
103
60
118
106
57
106
103
127
83
107
86
68
134
119
60
147
73
106
16
203
92
125
52
63
183
114
113
159
172
30
82
178
140
13
126
118
126
96
102
60
43
59
128
82
18
52
78
16
144
58
73
68
51
126
145
39
98
55
108
42
66
144
87
96
102
75
147
90
91
78
39
69
47
61
43
52
175
82
48
166
87
98
53
43
177
41
19
81
116
145
91
72
14
104
68
60
80
99
60
88
70
170
119
146
102
98
93
168
122
129
155
95
69
41
54
144
89
59
156
40
71
105
39
85
145
181
69
201
110
145
175
133
107
68
38
100
175
62
96
65
65
142
100
178
93
74
131
37
13
26
207
66
59
223
84
129
70
59
74
127
48
74
70
172
108
46
83
141
176
91
161
145
147
25
124
77
125
142
37
46
84
84
63
88
178
110
85
35
166
50
90
145
116
50
67
124
27
68
15
88
76
79
218
30
57
56
95
115
162
173
91
84
60
80
97
103
64
49
33
46
96
123
99
135
154
183
114
140
52
148
118
55
112
174
47
29
81
77
175
85
82
66
62
87
95
90
120
78
100
125
108
59
157
127
109
113
12
78
80
43
113
161
76
153
106
77
61
75
50
82
127
73
43
70
98
62
75
93
78
51
194
54
194
123
114
115
56
89
105
142
42
111
93
71
89
64
107
26
127
24
185
141
130
219
136
47
90
62
85
131
56
48
60
49
34
42
53
59
68
111
142
146
19
83
80
100
121
57
53
98
83
119
85
135
37
33
97
141
111
57
131
131
90
34
48
75
78
62
81
26
173
80
146
73
143
80
170
82
37
221
109
170
121
77
143
163
144
165
134
120
52
56
76
128
143
61
116
48
170
44
123
93
87
123
90
134
70
139
116
147
235
18
81
73
56
36
166
24
98
123
138
79
18
108
172
35
38
160
66
121
188
116
131
144
179
45
83
165
140
137
176
190
103
72
59
216
161
80
110
54
90
79
90
148
108
22
122
85
159
38
109
81
108
68
46
71
169
58
31
57
189
134
90
111
148
167
109
186
35
161
106
51
141
106
76
81
69
179
113
215
96
197
153
13
146
117
153
73
74
115
208
124
74
132
76
34
63
68
75
140
88
89
92
122
30
119
70
107
63
88
139
139
186
61
234
68
120
118
132
72
144
182
114
51
126
133
54
122
61
59
171
143
128
97
179
164
146
94
63
55
149
50
98
57
50
75
131
95
123
98
78
201
48
63
201
59
157
34
134
185
112
82
125
136
110
52
124
204
143
73
83
81
94
118
195
110
96
81
120
59
167
86
137
73
100
90
102
44
138
191
170
152
71
69
129
103
90
57
43
74
79
98
132
75
112
81
49
84
147
20
124
60
105
12
71
132
39
57
92
56
104
168
88
90
143
109
92
76
144
125
44
29
68
116
144
72
153
197
40
67
169
56
105
101
134
128
99
60
98
138
39
93
158
73
62
133
55
138
120
22
18
80
195
74
72
197
65
95
95
97
137
79
137
186
43
99
86
51
79
157
112
69
114
114
118
119
31
54
40
134
134
100
35
79
47
113
132
118
75
190
159
91
97
84
12
87
149
122
12
66
180
32
69
136
163
110
159
164
132
43
117
155
47
155
98
52
128
131
115
113
93
48
43
118
13
93
81
80
73
102
50
223
50
71
46
112
187
133
47
97
129
65
57
64
113
114
135
68
233
139
132
25
65
130
115
69
118
81
65
179
138
143
60
105
46
139
111
157
43
111
99
100
66
142
85
112
23
107
143
57
158
122
67
19
50
121
101
135
147
45
96
76
108
67
56
79
81
45
95
162
209
96
192
165
75
145
184
100
103
109
81
113
59
183
72
172
60
50
101
66
88
126
50
72
94
47
49
94
148
92
104
122
95
86
92
79
67
120
122
111
122
161
198
88
84
91
121
53
146
44
16
173
145
117
23
117
91
85
62
71
202
65
77
97
89
38
35
175
139
128
98
99
63
78
148
59
55
140
38
44
47
192
47
161
43
32
110
125
102
247
124
104
