458 452
323 513
42 604
770 378
207 176
377 698
375 424
622 435
682 519
178 380
102 731
711 770
284 768
755 638
113 701
385 524
108 218
762 189
592 309
408 136
582 566
525 54
5 43
301 611
480 472
725 746
657 295
485 640
139 262
646 296
140 76
92 81
700 749
464 499
140 464
577 352
96 570
654 378
147 535
800 255
323 12
497 422
487 484
597 522
721 359
241 52
230 607
614 284
432 607
70 530
113 31
467 680
596 577
502 478
220 702
434 800
347 617
414 147
268 747
699 576
339 515
473 276
377 143
528 86
473 323
100 741
672 740
432 478
693 701
322 486
396 241
376 106
168 126
70 225
548 53
533 436
352 133
723 422
721 55
415 688
759 665
389 588
648 193
671 697
137 625
500 202
432 585
490 621
619 704
209 629
253 11
745 110
535 447
488 90
444 119
247 244
180 326
248 348
774 33
670 81
773 501
12 522
119 58
771 77
4 606
622 92
743 398
626 235
145 142
456 87
515 140
43 471
337 604
110 130
73 291
745 695
575 545
342 294
386 274
524 714
1 491
276 179
395 362
189 785
205 512
78 634
495 496
405 75
331 570
124 456
428 319
435 672
27 418
595 411
584 422
727 576
154 512
646 411
104 496
374 302
725 345
794 584
359 439
454 167
753 363
6 563
729 448
544 575
21 346
542 234
263 516
121 543
353 595
71 51
702 164
368 210
695 604
797 149
41 376
462 35
514 699
119 125
608 195
507 561
240 440
305 645
35 434
294 218
245 283
772 516
350 630
738 272
798 682
18 231
695 687
560 207
336 250
33 237
430 205
625 378
125 616
142 431
490 166
221 726
407 554
555 408
179 738
106 54
695 541
9 84
655 35
596 264
582 650
401 238
15 50
587 619
195 325
15 294
345 212
791 574
579 754
424 536
563 94
354 695
261 546
464 133
192 720
448 759
365 318
674 123
559 121
795 647
680 114
501 583
554 221
472 421
606 576
682 363
444 367
540 368
126 42
395 176
585 452
477 152
543 74
478 584
231 178
58 88
667 453
242 796
494 362
139 23
293 682
497 755
434 182
70 389
572 346
588 529
458 400
124 517
649 508
492 337
331 628
199 488
393 632
637 133
135 278
614 230
158 92
595 244
667 243
191 356
741 89
250 109
90 286
292 360
111 367
78 495
161 495
376 709
176 516
649 327
530 353
565 652
320 338
422 618
332 163
293 50
645 285
560 164
775 527
233 116
219 294
321 678
295 712
379 664
456 273
51 24
495 412
90 119
400 137
421 713
172 799
556 282
280 218
775 788
44 487
165 11
565 492
456 503
549 524
672 432
168 173
469 647
371 169
616 168
148 172
253 773
375 361
713 129
764 783
355 798
14 153
167 509
237 231
402 50
198 333
403 638
684 498
28 163
9 295
304 753
322 356
70 479
796 423
316 282
322 384
184 47
626 686
634 674
392 375
278 715
626 716
733 317
104 181
692 428
556 452
653 305
677 294
246 623
800 447
212 416
151 574
146 26
637 327
397 46
563 148
630 669
790 757
477 629
296 231
646 572
494 598
581 436
726 28
68 782
67 613
319 410
480 353
538 266
123 716
314 20
711 148
347 431
161 530
640 768
583 745
237 723
437 246
511 154
731 529
418 39
164 483
17 728
503 328
139 572
501 573
401 13
754 378
0 572
167 385
500 772
434 264
725 128
679 244
420 91
345 791
714 45
236 480
570 75
224 326
43 573
131 79
394 206
363 754
65 83
171 99
118 187
185 323
360 297
155 581
613 345
536 520
606 665
747 64
786 766
176 670
446 601
336 264
531 120
151 180
208 298
75 185
47 334
209 212
57 76
37 228
96 388
155 398
145 286
181 331
147 290
180 390
54 357
3 144
85 359
6 67
3 314
129 138
150 378
74 210
162 336
7 228
36 390
181 362
29 191
3 368
149 175
84 390
318 337
69 347
116 237
37 291
53 215
8 43
49 111
58 274
66 319
53 392
91 299
45 90
50 220
75 133
301 384
279 385
270 330
33 67
61 358
234 358
160 339
183 297
25 115
41 75
205 223
219 262
18 47
220 333
90 351
0 41
8 240
156 174
35 391
165 242
23 170
2 145
63 359
91 98
12 311
66 174
154 245
226 304
17 39
58 232
334 391
149 214
51 339
352 373
96 380
246 254
229 297
190 344
306 370
27 160
51 119
141 360
27 342
30 31
31 279
18 236
228 291
26 268
31 248
247 268
327 328
163 290
36 49
203 273
13 174
292 387
130 372
155 383
60 184
244 307
143 223
258 260
249 349
155 176
194 227
11 68
88 319
14 396
337 393
255 315
79 275
133 137
144 323
15 60
300 338
230 262
56 275
28 246
68 83
206 297
213 397
68 322
199 211
31 50
21 74
225 293
51 293
37 137
276 372
71 267
151 260
91 252
265 293
58 183
106 330
307 397
142 316
162 295
143 359
105 245
19 127
48 265
22 227
162 249
0 126
59 308
106 146
83 174
21 379
94 205
62 383
185 222
285 300
82 245
172 338
37 217
129 181
23 273
57 234
82 154
45 317
78 344
88 356
130 139
47 391
15 128
354 390
86 265
298 353
367 375
97 306
189 194
319 337
322 356
104 381
13 172
113 387
180 332
81 307
4 121
110 223
219 278
170 273
58 321
119 200
38 390
0 215
40 267
105 295
91 373
93 224
127 305
7 133
41 215
133 134
109 305
217 334
63 399
106 314
161 279
30 102
205 234
296 324
279 309
243 378
38 303
126 290
0 24
220 287
198 340
23 112
173 309
11 66
138 313
50 187
178 383
264 298
22 194
102 220
241 262
65 345
18 35
109 159
323 368
173 310
271 386
209 295
30 187
253 271
183 321
5 79
102 231
26 327
73 324
210 379
245 295
183 186
231 382
180 346
100 199
118 398
326 343
0 75
73 173
238 241
56 307
42 392
146 308
16 73
9 96
170 242
188 270
178 234
240 341
116 290
179 236
300 395
108 324
262 278
239 257
317 333
133 179
301 376
238 278
116 288
82 295
215 238
63 74
101 166
86 225
148 235
132 313
106 217
68 115
102 385
72 248
19 57
52 195
57 178
188 341
0 278
322 355
17 299
102 153
111 132
320 353
60 142
136 243
31 102
203 274
3 323
192 195
102 248
17 157
115 211
70 398
154 212
150 204
4 95
126 163
38 332
136 239
70 221
165 170
298 389
305 367
12 297
99 373
19 76
189 385
362 378
66 300
192 263
105 210
16 296
34 136
54 321
146 228
182 234
62 71
83 319
137 325
340 398
239 365
12 229
36 381
189 302
209 373
125 346
37 44
290 392
251 388
118 130
36 239
51 233
269 399
75 278
78 394
29 327
328 374
70 276
53 75
122 139
163 225
39 171
167 284
18 268
207 384
55 207
233 371
82 162
91 103
138 286
33 126
130 320
50 287
117 298
191 283
120 132
125 350
44 368
198 294
82 374
4 253
73 310
190 212
45 351
280 375
117 264
81 397
209 299
174 337
94 127
228 240
191 268
135 211
103 377
114 254
26 328
141 211
13 199
133 185
130 276
133 326
42 289
48 339
315 389
22 189
218 278
380 388
253 386
163 342
213 342
176 284
161 248
302 309
31 382
65 186
110 359
151 365
227 385
55 233
101 381
88 200
202 336
65 206
172 211
9 251
111 257
162 214
100 141
2 125
29 374
150 243
22 385
293 339
8 228
54 89
34 138
198 221
151 381
118 389
72 386
73 246
106 368
52 147
70 358
29 47
44 140
75 343
66 318
114 173
279 302
129 258
248 382
154 209
16 324
50 333
32 300
108 387
10 350
82 247
167 226
117 398
112 242
6 316
101 286
81 201
9 97
194 385
113 248
255 312
227 277
78 212
250 327
146 314
87 213
303 354
244 275
19 143
136 151
6 353
35 185
28 196
232 357
85 110
288 290
71 375
45 271
0 67
169 360
212 245
27 131
102 382
250 374
176 398
207 371
315 398
214 249
57 294
40 45
91 352
0 53
97 388
38 365
350 396
314 368
75 326
85 149
103 157
48 225
151 390
182 399
96 251
44 106
10 14
36 180
74 224
127 335
8 59
64 262
98 103
167 304
53 289
118 372
51 79
80 211
150 164
359 399
6 320
132 166
328 334
36 332
20 52
147 342
5 273
99 245
186 357
100 330
69 142
131 307
11 338
120 369
92 278
68 318
182 205
83 318
57 223
239 313
186 350
33 42
47 249
264 347
239 260
105 190
366 397
19 221
22 153
208 398
138 151
45 253
78 190
7 291
171 374
79 203
76 266
204 329
5 384
36 151
64 348
4 226
260 378
93 159
265 339
234 383
188 308
161 296
291 308
41 230
128 242
176 389
157 252
79 293
133 343
7 137
77 144
192 319
36 84
23 232
70 118
75 222
177 309
217 291
19 280
182 269
94 375
298 320
132 235
104 346
99 105
72 161
41 53
127 367
219 241
259 384
124 150
171 323
204 378
7 37
78 252
146 330
217 325
53 290
143 221
241 348
3 330
15 69
24 289
75 134
356 371
240 308
41 278
37 391
38 258
223 234
149 349
115 395
25 68
2 381
69 353
34 239
11 300
20 116
228 325
311 384
169 199
232 329
24 92
377 394
96 97
322 337
162 245
121 266
49 239
56 165
70 193
318 355
274 311
4 296
196 306
221 266
294 383
124 204
20 237
138 239
263 337
99 190
14 84
120 313
184 201
237 392
84 125
19 375
21 399
52 290
88 318
87 397
103 394
84 89
134 222
216 341
140 171
111 120
281 384
312 389
103 344
184 397
9 331
100 146
173 197
77 325
44 217
115 300
41 92
151 239
14 345
25 395
263 393
12 301
57 71
123 183
376 384
10 363
153 189
14 363
43 392
139 264
226 271
288 343
26 261
107 247
261 328
88 393
78 91
153 277
87 342
218 348
309 324
100 314
46 89
232 311
72 296
24 215
146 368
333 382
136 303
58 357
86 184
13 80
257 313
23 46
122 208
207 233
97 196
55 281
110 269
137 179
193 276
346 381
162 175
247 250
10 186
171 328
135 188
129 313
26 334
197 254
59 135
149 249
185 343
121 284
258 354
170 275
127 375
212 352
366 392
121 271
18 334
43 222
181 256
292 324
304 340
223 399
85 223
261 327
37 261
183 274
30 50
248 317
225 397
31 113
252 352
85 175
187 333
173 177
43 288
342 366
73 387
40 90
96 246
95 272
273 274
275 281
275 307
31 153
25 174
219 364
164 378
251 331
14 125
272 380
97 331
57 383
202 379
87 339
44 323
116 392
73 197
5 203
11 115
148 158
221 294
312 320
236 391
75 288
15 201
206 357
61 241
198 266
196 272
110 202
243 331
105 202
10 65
263 319
28 254
161 292
345 363
230 348
1 142
263 318
92 126
47 247
163 366
143 182
142 320
5 131
152 165
57 143
118 383
43 116
38 354
140 323
79 207
94 223
200 233
192 318
316 353
48 307
1 150
77 217
247 249
15 67
165 274
93 223
66 88
123 297
41 42
361 375
129 239
335 375
134 185
2 49
83 337
47 327
132 158
60 150
182 223
120 145
167 340
203 311
160 293
177 197
114 246
6 298
119 356
226 292
70 389
231 317
151 257
219 348
181 258
212 299
224 399
116 216
232 273
195 216
30 161
96 370
63 93
30 231
191 247
193 198
279 387
146 169
121 198
48 342
100 188
212 373
98 344
49 138
308 360
29 261
65 282
99 209
39 140
103 373
191 249
126 392
161 387
97 255
64 276
87 366
61 130
54 396
47 268
166 313
95 121
13 115
139 176
78 103
324 387
103 252
27 293
305 335
175 336
311 321
34 303
283 349
41 238
83 115
132 286
164 347
118 208
141 199
134 137
168 272
235 256
79 259
67 201
174 318
159 335
191 349
141 270
49 145
193 383
72 113
79 244
25 66
179 391
112 165
306 380
49 257
104 369
264 389
155 178
282 297
96 306
23 329
131 259
163 213
305 375
312 347
112 128
116 195
121 253
10 345
77 314
117 118
200 355
93 94
44 144
76 267
29 328
214 349
70 372
85 143
195 263
230 238
32 83
183 206
130 348
92 343
9 181
251 370
177 302
261 391
47 328
297 311
1 128
163 392
2 369
124 258
9 256
155 198
7 179
24 33
208 312
88 337
166 235
136 354
331 370
102 287
95 284
134 343
60 69
51 281
100 270
346 369
40 367
126 289
98 394
152 170
95 226
218 230
225 342
21 63
319 393
18 327
251 306
7 222
135 199
140 144
71 294
10 206
28 73
91 209
209 352
299 352
34 258
70 176
31 385
8 135
147 195
111 138
162 247
311 376
61 372
197 310
12 321
79 131
121 226
160 263
19 94
115 172
7 134
129 362
55 301
358 383
193 372
130 208
210 224
5 259
111 286
11 285
70 155
114 197
6 347
272 306
3 77
136 362
23 152
48 184
55 371
86 307
206 396
252 344
40 305
167 266
49 151
361 367
199 270
68 80
84 332
373 394
269 295
48 87
18 249
100 169
24 278
4 271
135 360
13 211
226 253
218 320
117 312
178 221
252 299
124 378
259 301
279 382
127 361
167 176
18 391
83 322
114 148
128 150
196 380
143 234
83 355
299 394
168 340
83 88
193 221
90 267
20 290
274 357
14 65
261 334
62 76
122 312
189 277
111 166
50 153
108 113
33 53
16 28
18 261
260 303
98 252
44 77
57 221
7 326
88 263
308 325
117 139
131 293
293 342
47 107
144 217
78 377
184 265
166 286
246 388
25 338
50 382
250 268
318 393
71 76
133 222
119 371
130 241
16 114
174 319
4 292
106 325
152 244
111 313
47 191
25 83
76 280
301 311
48 86
318 322
36 365
247 295
338 395
220 382
13 135
244 265
2 104
51 131
180 396
231 287
161 386
119 263
208 389
120 257
200 371
225 339
177 254
13 156
306 388
298 316
81 265
84 396
335 367
32 174
12 357
20 43
17 373
20 195
27 213
26 47
94 280
20 147
19 205
38 151
48 397
41 185
92 185
52 237
254 310
70 139
37 179
143 178
295 336
165 321
21 159
187 382
30 333
64 372
48 81
138 257
38 136
194 277
178 193
81 170
280 294
135 270
135 156
52 216
213 225
102 317
158 310
84 180
71 361
122 298
113 385
124 303
185 262
93 399
92 326
115 338
234 280
243 354
42 92
96 272
24 41
73 254
76 221
5 281
222 326
43 341
56 152
114 158
267 271
201 289
135 169
213 366
35 334
285 338
16 246
16 177
145 381
9 388
38 239
94 109
259 281
119 160
63 202
3 106
252 394
272 388
217 368
112 170
250 328
134 179
90 317
58 206
182 359
130 218
186 206
25 32
335 361
157 373
117 315
45 287
139 315
123 206
78 98
62 221
58 229
105 212
110 205
9 370
255 264
202 224
1 204
98 377
31 161
239 362
198 383
72 108
110 182
19 234
168 380
168 304
101 111
81 86
107 191
81 244
46 329
106 144
231 333
91 394
335 351
28 388
229 357
29 250
136 258
179 261
220 317
21 93
0 42
25 285
268 334
56 81
11 32
26 374
261 268
62 280
43 237
113 382
284 340
66 322
89 329
169 270
33 201
107 250
74 202
369 381
117 208
243 260
109 375
149 283
1 60
344 377
47 261
203 259
38 260
123 229
198 398
188 240
218 238
175 249
124 362
63 224
299 373
260 362
44 325
49 313
140 368
180 365
85 214
54 206
70 198
99 212
94 234
104 145
57 62
230 278
124 354
26 29
196 251
28 114
20 341
187 231
146 325
6 142
354 362
123 282
72 271
122 218
244 397
61 64
87 225
63 379
50 102
354 365
116 147
147 213
164 331
372 383
15 184
351 367
85 182
29 334
19 71
86 201
76 294
183 229
29 268
139 208
50 277
195 319
254 256
249 283
47 283
219 236
101 369
2 346
200 318
39 157
56 244
56 112
39 323
187 277
65 363
155 221
107 249
125 381
29 107
59 156
27 397
9 196
158 166
202 399
125 180
108 279
159 305
224 379
268 374
42 53
175 247
210 399
175 269
167 198
71 305
169 188
259 376
50 231
49 381
142 353
160 233
124 260
113 161
77 228
91 377
60 128
14 350
0 33
155 193
148 310
156 188
36 346
17 352
203 232
11 355
81 152
209 245
24 126
187 385
136 138
49 101
89 390
293 397
79 307
151 354
382 386
25 80
143 205
220 231
269 336
221 280
25 300
151 332
1 353
168 388
33 289
370 388
236 283
102 333
248 386
68 319
16 387
122 130
16 108
113 296
161 324
178 358
59 360
21 202
161 382
51 207
256 370
237 290
11 395
27 225
241 364
86 244
54 232
170 203
389 398
297 357
20 392
31 187
140 328
253 267
27 339
96 196
104 125
134 326
187 248
187 227
258 362
269 359
67 126
91 212
168 306
59 341
108 386
43 52
31 227
273 275
258 303
210 359
206 350
11 25
128 204
259 275
51 87
165 273
8 360
274 297
121 304
52 116
13 59
239 354
48 293
165 232
185 236
190 377
62 294
323 328
131 281
286 313
16 292
135 141
251 380
87 293
168 196
379 399
215 278
242 273
114 177
109 205
112 152
238 348
58 311
36 125
79 281
232 242
176 198
66 68
56 242
228 308
2 36
252 377
132 148
40 351
49 286
196 246
262 364
121 340
370 380
88 192
45 386
155 294
66 83
265 275
105 209
318 319
19 294
61 364
65 350
68 88
147 237
69 150
186 396
236 262
131 339
34 181
90 287
0 289
136 332
95 168
220 248
74 379
118 193
95 340
94 143
186 282
93 205
276 358
242 275
336 379
265 307
321 357
102 187
27 48
35 219
24 53
183 396
259 273
200 322
48 244
227 279
19 62
232 274
217 327
43 216
122 320
291 325
178 372
68 174
54 183
35 236
101 145
77 146
296 387
52 341
212 252
214 247
12 376
162 269
185 326
54 58
238 320
30 72
16 173
214 269
115 285
91 157
131 244
274 321
78 99
145 369
317 386
319 322
193 358
75 215
27 87
18 191
30 317
196 388
96 256
15 81
31 194
209 252
285 395
154 299
243 303
156 341
170 244
206 282
99 252
109 127
164 243
4 72
221 383
59 188
100 360
54 186
108 248
97 251
229 282
53 326
38 362
23 242
3 44
217 323
110 399
185 219
75 92
210 336
332 354
111 235
101 104
331 378
12 384
43 290
239 303
80 115
208 315
264 312
12 58
137 343
61 276
153 227
118 358
137 291
93 109
57 280
42 67
73 309
72 292
55 376
97 168
109 223
137 228
114 310
160 371
222 343
81 128
336 359
172 395
284 304
30 220
20 216
120 286
110 210
191 214
35 262
97 380
8 341
17 154
21 224
64 230
283 364
24 75
12 183
213 339
169 330
226 284
57 94
57 205
63 210
8 308
7 343
34 129
217 261
138 181
173 302
16 254
179 217
77 106
152 307
45 267
43 240
121 167
189 227
239 258
205 359
82 107
147 366
110 336
312 316
81 112
297 321
63 110
95 304
298 347
192 393
136 365
315 340
181 235
31 220
257 286
28 96
117 389
237 288
82 250
288 392
56 170
152 242
355 356
17 91
311 357
268 328
29 391
195 393
80 174
33 163
108 296
336 399
72 382
270 360
153 220
0 238
216 237
95 167
88 355
73 114
92 134
124 243
14 186
318 356
23 128
109 361
245 352
37 334
84 365
255 347
154 373
99 377
112 244
124 164
70 383
252 373
144 368
142 347
207 281
35 133
339 397
179 334
175 349
35 179
260 354
94 305
166 257
155 266
347 353
101 120
52 192
237 240
265 397
137 217
89 396
139 389
131 275
159 361
64 218
171 250
147 163
107 162
167 398
78 373
298 312
183 357
32 68
77 368
175 214
66 355
225 366
101 257
136 260
170 307
223 359
10 396
219 230
214 283
1 69
40 335
38 138
64 130
153 187
41 326
282 345
46 396
305 361
62 266
345 350
350 363
139 298
108 292
55 384
3 140
92 288
68 337
8 188
230 364
4 304
117 176
138 258
203 384
303 362
222 288
115 174
344 394
123 186
57 375
147 392
108 161
46 390
192 337
273 321
202 210
147 216
316 320
42 126
230 241
97 272
87 163
227 302
342 397
64 364
185 278
195 337
71 280
56 128
268 327
187 220
176 340
196 370
146 291
208 320
32 355
30 386
4 108
27 51
61 349
80 172
119 233
18 283
139 398
158 235
93 110
86 397
78 299
32 115
28 387
34 362
99 299
151 303
32 66
105 379
13 141
71 335
215 218
358 372
83 393
154 352
32 322
22 277
177 310
314 330
141 169
200 356
128 152
23 56
67 289
107 374
146 360
106 140
237 341
239 332
159 367
149 191
53 92
296 386
73 177
6 122
153 385
365 390
149 247
24 42
71 127
1 15
339 342
174 322
84 346
181 370
118 176
120 166
70 178
116 163
113 324
284 398
348 364
118 139
168 315
339 366
64 241
279 324
26 250
14 206
140 217
113 279
92 222
243 362
221 234
199 360
278 348
277 385
264 315
58 297
107 268
147 225
53 126
316 347
272 304
203 275
218 241
165 329
243 258
264 316
176 315
30 248
332 390
208 264
232 321
124 136
110 224
30 382
322 393
215 230
327 334
18 29
24 67
255 380
332 365
327 391
148 166
5 275
9 306
287 317
153 194
205 375
251 272
77 291
46 204
145 346
210 269
288 326
32 285
198 284
12 274
158 256
51 160
188 360
262 348
287 333
158 197
37 325
23 165
148 197
267 351
292 296
131 265
123 357
129 257
91 154
82 249
266 294
62 375
81 184
9 380
74 399
255 316
84 350
88 322
88
114
94
89
28
76
208
12
168
90
105
83
77
48
46
108
236
93
115
56
141
175
56
86
104
67
46
53
132
40
97
52
58
94
136
91
66
127
105
86
106
46
98
84
53
178
98
133
82
215
88
141
79
26
30
67
26
185
86
78
106
94
67
119
68
72
145
67
70
194
138
88
95
36
40
141
33
46
122
31
77
97
187
155
247
87
110
65
71
65
47
119
64
74
104
131
81
221
80
80
63
158
12
39
32
157
75
89
140
46
112
71
84
122
135
143
63
88
102
112
38
30
180
110
181
120
158
69
110
95
64
64
141
61
38
136
87
139
103
188
31
160
118
121
17
126
53
169
231
114
46
107
42
82
124
17
180
82
36
80
97
45
175
77
49
147
104
127
183
85
40
224
129
110
76
18
72
53
95
99
107
56
117
119
104
101
49
83
59
39
72
228
62
154
64
93
58
26
135
104
64
155
78
54
111
122
179
103
49
105
37
84
149
72
198
90
62
45
86
147
18
46
118
96
127
86
158
129
155
174
109
44
174
115
56
33
134
103
121
114
131
107
166
143
56
104
91
111
64
86
128
41
104
48
96
69
164
59
100
81
77
116
149
106
70
33
52
157
43
36
67
235
79
155
133
121
52
136
58
16
45
72
59
91
150
154
92
77
186
194
110
70
97
98
41
109
123
168
77
147
75
115
100
86
67
93
61
66
44
79
141
115
131
83
292
39
154
182
115
112
65
141
73
109
139
132
150
86
154
134
96
43
166
17
89
105
154
233
101
120
31
15
140
131
79
74
75
78
25
136
116
75
25
108
91
174
93
161
163
155
45
95
142
65
146
81
133
208
148
85
102
111
135
77
149
91
173
118
251
181
50
42
186
213
86
64
82
95
138
69
97
68
89
97
60
26
175
102
41
117
158
33
102
14
151
169
98
67
113
57
77
117
171
224
102
152
192
183
51
133
122
49
139
121
57
32
156
55
96
101
40
42
137
189
187
188
63
44
127
44
54
100
96
36
116
203
66
53
125
131
71
182
100
117
39
140
203
148
183
92
48
90
163
46
85
78
106
190
175
55
131
186
72
122
134
122
35
26
29
119
44
63
89
210
55
80
170
58
136
70
34
54
190
132
108
135
47
130
50
143
45
84
111
73
117
172
113
101
97
113
135
60
126
51
93
149
53
157
172
125
116
63
114
121
95
163
64
92
44
112
132
78
167
53
58
174
116
93
94
88
97
147
51
95
93
100
141
91
85
148
165
107
68
30
171
141
127
120
79
121
101
175
96
73
154
71
39
87
193
85
195
166
51
82
115
120
24
163
40
58
100
173
127
118
115
139
151
130
168
67
110
129
72
126
190
118
170
24
194
81
67
143
174
45
24
135
120
147
38
209
149
73
108
144
164
42
43
161
105
225
149
104
109
61
143
113
93
56
18
215
62
71
17
176
64
184
76
40
82
86
111
198
26
70
128
130
190
102
29
75
67
156
69
88
205
140
85
173
146
94
64
82
189
36
111
129
52
70
164
95
112
126
85
83
106
232
167
294
80
104
98
138
98
31
109
60
70
51
25
116
208
149
74
191
54
125
180
107
32
106
108
50
37
87
117
73
60
191
144
81
164
47
76
70
198
99
109
61
53
222
52
152
100
68
59
110
30
119
179
136
84
93
109
135
86
170
103
28
139
201
149
128
68
64
179
162
124
16
117
38
126
99
93
169
96
145
49
69
100
82
59
130
221
47
89
163
50
19
100
134
204
65
83
81
53
148
68
135
58
100
146
68
71
100
84
82
17
162
73
136
172
41
206
186
92
159
24
95
105
109
193
122
143
44
19
62
79
117
134
133
61
125
62
90
65
71
200
94
102
124
69
133
82
82
86
97
110
57
101
121
24
104
14
176
165
84
113
146
153
65
68
69
180
75
163
92
137
59
59
70
143
80
73
137
57
63
207
198
112
121
194
61
144
78
149
69
156
95
260
189
52
91
163
66
87
77
149
100
77
145
113
123
141
117
36
46
44
16
120
138
146
29
65
214
202
215
70
19
177
37
114
46
104
188
108
167
117
75
63
153
113
67
68
128
56
94
43
112
99
205
40
114
181
25
46
97
81
111
201
115
209
99
175
60
53
201
58
144
87
154
85
58
93
39
134
113
145
59
114
81
130
114
160
51
143
132
197
42
166
92
110
80
89
26
73
123
68
35
97
67
57
170
215
99
92
87
158
51
25
59
81
96
63
106
130
42
130
129
192
205
97
41
77
75
73
81
87
149
48
116
106
8
140
48
64
189
61
111
98
119
209
140
45
181
106
30
31
156
89
62
74
50
113
67
101
97
198
151
115
185
96
194
136
86
79
157
140
114
84
117
163
35
101
119
105
57
186
88
147
75
95
77
176
169
112
61
107
95
208
104
70
70
229
157
171
106
65
58
85
98
47
20
73
76
139
50
107
105
44
152
175
24
192
140
40
129
138
205
58
107
130
103
108
31
111
91
106
101
97
52
75
86
42
167
114
229
174
57
152
56
31
55
167
60
91
46
73
93
97
30
79
95
61
110
94
156
43
117
194
29
195
227
107
153
83
24
64
134
99
98
146
141
112
105
157
170
99
58
79
124
66
37
75
119
102
155
170
76
61
164
102
195
83
120
134
91
61
43
53
125
143
107
84
101
13
35
118
197
33
109
33
138
92
61
105
43
179
87
100
134
83
62
120
156
77
71
182
50
133
141
86
211
16
138
38
187
111
72
100
36
38
98
18
102
58
60
125
174
77
65
104
78
188
46
148
47
27
27
94
82
130
61
165
145
55
145
122
86
19
38
77
139
173
66
77
59
30
51
130
120
62
77
116
64
101
66
92
20
50
228
92
96
136
34
84
110
114
124
101
127
83
58
80
60
50
12
78
25
153
61
12
149
43
95
59
37
61
71
121
23
31
134
65
85
104
82
66
93
117
61
48
28
93
201
151
89
48
169
35
114
86
143
129
81
80
82
16
92
179
101
91
60
64
110
39
140
143
105
73
42
61
69
85
78
68
70
196
76
95
46
84
112
118
81
127
15
44
134
88
188
123
155
84
65
37
207
154
119
47
207
179
181
112
86
107
96
29
88
155
172
120
81
154
159
46
82
32
105
36
59
67
85
113
96
51
128
35
67
41
15
174
87
147
36
64
95
135
101
109
174
146
73
111
69
81
110
61
123
127
147
147
61
66
95
46
35
18
92
86
78
177
126
15
169
86
108
36
172
73
67
235
73
148
47
78
88
131
239
135
61
169
87
15
178
202
146
102
121
194
36
177
214
42
22
215
116
184
129
16
65
92
148
111
151
80
57
91
61
35
77
154
38
105
119
96
44
56
81
128
106
88
107
83
86
77
115
38
181
43
72
110
67
49
70
123
137
52
110
89
113
47
153
96
198
42
191
93
45
41
123
173
134
109
35
81
121
63
66
171
70
170
70
120
73
149
41
74
159
98
77
185
79
195
127
108
51
242
116
144
66
169
64
74
104
86
166
135
82
141
163
76
106
23
69
92
33
128
95
64
87
132
66
61
173
71
15
25
163
19
37
17
45
62
41
76
120
159
179
156
72
170
127
72
129
99
177
88
89
49
140
20
107
89
38
104
33
122
123
13
122
64
162
185
73
72
63
138
58
107
74
100
121
135
86
51
87
95
62
72
176
150
67
45
140
99
70
104
18
37
86
95
148
146
126
63
70
59
79
46
27
130
46
83
143
52
95
38
157
132
66
191
93
147
64
69
117
33
84
68
210
63
81
31
64
67
139
71
61
120
171
65
105
169
84
103
122
159
185
90
130
93
34
52
30
61
174
136
202
131
70
157
52
60
69
66
77
151
119
121
135
38
141
120
168
29
155
59
69
144
136
52
91
133
22
53
126
67
31
82
101
97
100
72
144
125
83
115
36
94
77
110
131
127
125
134
94
150
135
26
106
121
52
146
117
59
78
70
61
135
117
147
71
86
39
105
149
120
75
56
163
79
44
164
185
170
95
78
146
106
64
128
63
40
142
70
75
223
96
44
101
167
90
43
135
75
32
110
65
166
58
135
87
128
106
132
30
90
73
135
101
111
189
156
25
61
213
109
114
53
233
162
76
167
53
74
82
56
167
169
42
92
135
73
68
155
110
70
155
75
116
70
127
172
22
60
95
181
138
137
39
93
191
108
74
28
53
127
116
161
99
151
104
166
84
177
98
64
89
71
43
120
43
178
111
119
80
101
120
63
155
94
169
75
54
140
47
95
113
77
55
109
10
91
60
39
123
218
114
120
124
114
157
121
178
84
67
38
51
187
20
107
183
56
98
193
113
160
176
136
194
70
112
78
30
154
100
67
81
113
132
122
56
144
78
39
128
130
85
107
63
81
105
33
51
170
61
79
108
94
110
57
72
13
104
75
132
89
12
139
146
68
137
63
144
30
76
254
41
122
108
151
78
151
60
178
141
51
68
182
117
114
198
51
65
78
35
203
169
100
118
62
52
146
202
116
130
115
43
123
71
114
77
77
228
29
