197 300
655 603
533 100
304 261
342 350
259 573
93 137
434 46
311 321
634 400
702 34
403 151
669 104
787 172
286 768
26 347
752 663
265 610
32 13
223 288
260 51
698 356
174 56
373 155
781 379
703 288
517 585
441 270
12 670
197 130
486 193
65 751
501 216
115 158
532 760
404 224
194 207
126 65
265 761
73 203
669 510
214 217
622 682
315 513
538 715
384 133
709 385
130 45
630 309
288 610
178 67
504 493
614 320
397 205
151 349
443 736
254 431
177 233
371 42
684 270
183 88
663 365
620 231
711 677
340 296
153 570
462 277
221 106
611 111
630 520
781 370
352 234
104 42
604 264
751 703
513 505
707 672
441 720
258 134
454 430
28 769
492 784
316 795
263 313
59 744
208 656
195 621
666 132
23 387
774 16
123 376
189 289
523 680
602 737
690 563
39 384
231 77
276 688
444 151
571 148
457 177
631 617
701 381
522 769
649 635
141 326
580 453
298 588
498 534
88 651
727 359
673 398
143 571
686 598
599 557
466 508
322 684
422 277
195 699
602 70
786 691
539 369
371 608
319 465
536 620
545 527
414 133
77 175
457 290
465 223
310 371
247 636
161 610
703 151
669 345
424 616
630 60
148 305
537 61
376 697
266 492
245 619
735 353
22 503
30 426
50 544
676 27
390 419
372 80
762 687
779 709
113 64
285 398
74 367
315 26
27 441
448 576
419 678
534 122
65 109
133 108
629 496
276 106
195 721
677 635
290 706
229 571
618 236
414 486
109 600
684 614
734 107
98 523
278 272
221 726
767 701
795 742
559 283
548 509
201 344
552 106
729 8
213 131
54 433
131 760
294 489
666 175
534 337
158 13
737 780
571 315
250 666
454 382
293 156
289 662
362 142
35 490
246 750
48 425
721 482
702 794
132 215
493 721
350 171
184 244
232 3
771 477
264 411
379 508
146 431
488 400
43 635
531 160
736 153
609 182
686 467
350 14
100 359
16 192
228 646
610 527
421 152
531 49
385 312
754 532
492 222
149 769
15 163
561 576
707 189
672 596
422 643
575 787
159 471
412 711
261 622
413 387
182 523
33 29
276 487
438 335
192 256
800 389
516 109
46 239
325 302
132 421
388 693
666 626
93 60
350 245
96 443
512 418
83 70
182 48
106 447
199 715
709 496
522 114
145 466
409 351
771 60
478 517
259 184
514 57
731 243
235 175
643 333
690 160
346 757
509 443
35 570
7 715
741 280
167 201
252 49
291 223
74 773
438 497
368 512
190 589
547 320
271 80
417 69
556 10
496 249
689 577
528 188
794 711
739 344
229 327
111 605
476 286
11 8
494 657
694 611
668 589
497 675
615 625
4 248
318 421
137 511
173 323
49 127
346 773
34 584
112 687
86 28
5 142
67 629
738 712
658 792
336 518
116 782
406 791
94 778
688 123
200 451
36 103
50 756
307 305
158 337
454 697
262 440
207 320
106 256
369 285
206 398
333 152
646 230
741 577
693 236
606 197
38 250
660 482
501 596
325 124
144 240
348 178
671 569
440 517
327 607
765 202
253 455
691 203
269 417
134 641
772 6
21 243
88 522
587 571
311 14
192 71
174 366
746 261
498 433
776 126
389 15
522 416
687 344
213 616
480 98
419 729
516 126
533 27
664 83
209 92
373 60
445 649
533 771
537 447
80 794
171 288
576 767
305 418
566 171
452 223
405 501
208 155
563 14
727 93
652 345
132 580
718 321
782 39
111 55
103 708
63 331
254 713
27 203
397 292
401 331
645 496
644 548
316 645
456 785
353 632
416 551
493 4
729 405
58 148
126 221
209 353
10 380
11 53
67 378
199 224
19 372
98 100
22 37
35 250
21 111
10 365
117 128
0 204
158 264
142 289
61 102
261 347
114 161
88 155
177 187
131 194
211 306
32 129
99 158
229 342
44 103
35 221
150 288
246 317
7 367
275 351
220 228
218 299
11 126
32 285
294 297
259 301
212 258
263 266
180 258
19 179
100 225
14 304
94 295
124 350
1 298
32 100
74 288
124 228
271 309
83 173
29 96
21 134
89 181
245 250
45 221
1 101
56 185
331 354
113 339
96 352
118 256
16 150
17 49
158 287
125 220
358 370
229 329
66 225
316 365
233 317
54 353
172 233
3 83
94 330
23 203
84 272
326 391
311 373
334 392
215 334
169 172
263 276
71 326
20 275
75 355
139 304
2 222
112 382
76 149
172 196
69 334
27 129
69 339
10 89
203 328
198 251
51 108
89 146
218 333
133 344
116 194
125 350
315 371
52 134
265 344
130 300
182 378
300 323
246 353
41 204
333 389
68 316
171 181
120 150
44 93
28 272
172 259
257 334
122 397
169 291
11 338
63 150
102 381
186 213
174 197
21 383
14 165
126 148
209 327
299 333
27 390
89 384
65 280
114 350
168 208
325 372
270 370
41 57
40 339
25 265
147 236
277 319
37 352
152 343
193 276
38 256
236 391
107 141
143 349
19 290
57 241
192 210
125 228
306 386
216 357
46 110
181 384
269 314
74 76
43 208
48 359
38 97
59 383
119 136
64 250
18 253
38 82
16 295
191 388
112 346
196 251
3 173
233 237
55 247
226 371
66 390
23 336
70 399
36 241
37 254
44 202
8 130
294 322
48 267
66 129
105 321
132 169
73 267
110 399
183 198
51 262
177 281
77 139
46 399
83 245
61 110
6 159
117 240
154 357
184 306
265 342
208 312
183 196
92 297
47 254
134 381
165 191
64 326
309 346
287 375
56 323
369 373
8 173
146 380
303 389
253 307
73 329
303 318
29 60
12 186
97 191
82 269
329 332
165 269
306 346
362 395
158 363
204 274
16 76
47 188
73 177
6 160
251 255
115 278
141 194
6 253
258 361
46 359
1 393
78 162
34 103
8 83
192 358
85 118
328 336
129 292
222 398
255 259
180 375
51 115
392 393
51 278
94 230
141 360
142 359
130 320
41 378
267 359
346 382
163 256
158 375
88 198
85 219
54 321
161 392
50 96
12 146
102 383
40 392
163 388
155 255
139 322
24 70
179 321
380 384
16 120
156 340
247 362
46 102
142 383
148 367
285 292
278 340
23 45
40 161
62 332
211 271
68 87
7 361
117 129
93 232
117 390
128 129
240 390
35 376
113 248
180 212
124 298
76 164
218 308
9 106
212 243
109 382
96 282
122 396
35 117
63 74
43 239
45 58
277 313
37 72
193 203
197 388
31 80
161 257
283 361
350 393
51 125
49 194
269 362
176 189
73 167
65 169
100 129
98 361
20 96
354 383
11 23
59 62
57 372
0 302
356 380
39 127
77 395
123 239
185 374
274 378
295 339
96 275
162 282
42 101
189 311
9 61
364 398
128 240
129 225
252 358
288 310
127 201
123 185
210 370
64 223
337 372
93 373
74 149
47 307
29 366
165 197
158 258
168 377
6 127
150 189
33 274
153 183
137 353
208 377
122 231
23 338
215 257
93 369
64 391
366 378
26 156
157 322
18 249
90 246
99 180
23 221
202 322
139 231
4 391
126 195
113 230
77 362
55 103
95 251
39 244
284 364
61 134
127 244
19 91
5 49
1 248
197 256
294 335
258 264
145 271
18 238
70 142
71 338
51 370
185 323
152 300
214 332
5 235
213 342
4 130
87 268
68 99
17 191
17 219
46 61
259 317
60 160
125 370
56 239
247 396
329 331
3 8
18 293
23 98
321 372
16 149
96 366
139 157
214 329
138 243
39 218
108 278
302 321
33 160
103 369
189 310
371 386
1 339
187 281
49 341
25 383
84 371
298 350
68 119
135 396
239 343
108 340
85 86
148 336
51 75
51 178
103 395
141 235
121 358
224 330
72 253
230 286
102 134
63 76
68 136
60 254
151 159
286 295
207 300
284 398
120 176
128 390
137 302
33 303
10 384
195 328
48 381
40 94
158 243
195 203
7 283
31 306
159 308
2 361
67 266
213 261
143 196
141 166
169 305
100 126
112 237
39 299
225 285
55 362
106 252
38 197
144 155
54 324
81 232
279 312
58 357
118 174
11 100
212 225
135 156
263 378
186 332
86 131
47 385
5 166
347 384
113 286
333 348
129 285
150 175
286 296
73 332
22 188
10 347
347 380
31 184
148 357
66 376
44 81
1 164
79 168
10 146
141 219
113 164
187 210
71 245
26 124
79 210
30 129
54 372
45 338
69 220
137 321
138 364
178 228
112 280
85 131
118 163
4 245
4 260
87 316
191 360
291 382
72 238
218 303
67 96
138 284
143 305
317 343
86 219
118 388
104 170
149 175
175 310
84 277
302 372
248 286
128 376
42 164
130 207
20 205
168 278
253 318
253 303
37 385
121 210
289 359
11 45
17 194
54 105
80 84
6 33
137 217
40 393
141 191
50 254
143 271
200 310
148 283
98 126
66 128
90 105
250 320
255 301
51 340
346 386
88 183
216 351
81 395
145 305
2 138
235 394
85 235
93 311
99 375
56 345
79 147
82 197
87 344
59 329
42 93
0 91
39 227
13 213
185 239
207 317
27 66
226 313
133 316
147 192
182 366
121 370
11 203
68 375
67 182
117 260
100 376
8 64
210 252
61 359
85 141
217 321
108 115
46 289
95 387
163 174
191 256
250 390
33 159
113 295
20 282
24 242
295 330
57 337
53 203
202 297
116 394
0 83
14 388
278 397
229 344
112 301
212 287
155 251
191 219
117 223
135 368
102 289
285 287
29 352
22 151
219 360
133 213
196 198
114 228
108 262
180 264
152 345
120 175
119 180
58 283
349 382
2 212
87 214
166 235
143 144
174 388
306 315
181 261
132 219
14 197
82 304
81 103
132 291
220 350
297 335
72 307
203 336
87 380
145 172
80 315
210 355
61 381
175 189
325 333
7 357
102 359
308 318
34 232
227 348
281 292
137 372
72 249
78 266
77 157
101 248
394 396
249 307
313 319
139 396
102 399
176 288
40 215
147 300
176 200
248 296
169 309
316 380
146 181
65 112
379 398
6 318
43 123
25 331
210 358
159 249
39 348
69 392
89 347
286 339
107 341
5 107
112 349
222 264
303 308
44 232
55 202
280 382
108 178
193 263
71 250
41 266
42 298
131 191
180 243
13 342
325 337
63 310
0 321
22 254
131 360
101 296
106 370
301 349
245 320
167 329
171 268
201 204
109 211
86 141
38 304
47 253
74 310
4 223
84 306
239 345
184 313
27 128
181 380
20 351
84 315
39 389
190 267
261 356
169 211
159 303
193 266
178 262
127 308
304 314
9 267
209 255
240 292
80 313
273 331
222 364
62 329
167 332
252 270
143 183
342 354
170 330
121 187
51 355
184 371
211 309
22 50
309 382
164 248
184 277
19 241
30 287
237 280
45 367
232 369
16 310
216 283
193 195
186 229
71 203
264 398
109 291
148 195
183 255
138 264
27 35
174 256
80 371
199 215
158 180
201 325
105 387
279 340
134 142
222 258
181 347
154 275
193 338
357 367
12 268
122 341
192 355
115 262
184 315
327 353
100 221
3 245
139 362
235 360
237 317
324 372
244 325
65 382
209 317
151 385
282 351
63 164
177 190
77 202
57 91
55 395
300 345
69 393
120 310
95 217
297 368
108 156
165 388
157 297
161 220
45 148
12 87
90 321
150 176
64 71
290 353
203 221
163 197
68 180
65 237
133 229
159 318
274 337
128 292
213 344
140 345
91 290
210 236
164 230
193 328
180 222
168 262
13 356
76 248
25 354
96 205
142 242
178 220
18 307
97 194
65 291
77 247
228 350
4 320
339 393
170 248
36 201
0 179
172 301
116 247
26 350
284 379
137 325
56 374
157 362
242 399
28 109
377 397
95 144
210 270
28 309
91 372
92 202
251 259
201 274
15 95
208 397
359 383
218 227
36 337
291 346
27 292
58 154
245 326
265 331
45 195
92 322
92 124
85 132
112 172
23 328
46 70
66 292
242 289
111 215
12 136
56 300
61 267
342 356
277 315
5 131
147 260
77 234
49 396
21 399
88 217
250 326
121 252
63 248
190 281
119 364
60 96
219 388
23 53
17 131
84 313
127 227
166 360
34 369
30 100
26 294
186 214
115 340
127 303
138 361
36 57
132 280
194 341
13 171
32 212
30 376
56 327
135 397
145 309
48 61
28 84
215 392
144 251
194 388
186 344
52 267
76 310
55 322
32 66
151 253
222 243
213 229
343 345
48 190
229 265
138 398
243 363
323 343
108 125
121 190
170 286
123 374
343 374
50 352
290 324
299 348
41 274
111 359
243 361
240 391
280 360
170 295
6 389
34 81
36 263
352 366
151 249
68 365
233 301
34 93
206 257
81 202
52 281
321 353
265 383
118 219
131 235
203 338
278 279
155 183
222 284
27 223
71 276
135 231
20 162
32 225
138 379
15 88
244 389
202 362
91 241
328 338
116 139
4 326
156 335
70 110
264 361
130 374
129 376
256 388
239 323
90 217
109 169
86 382
67 366
79 236
238 293
317 327
97 394
364 379
115 168
0 105
136 146
29 182
287 363
116 396
204 372
320 326
179 302
153 217
90 255
351 357
60 366
241 372
148 154
0 372
107 394
101 230
73 190
161 215
226 386
57 274
98 221
4 152
175 176
56 317
25 273
109 386
143 155
296 393
231 247
15 198
124 294
209 251
47 50
199 399
34 373
248 298
138 180
32 376
161 334
77 81
114 125
130 152
137 241
39 333
62 167
238 307
234 368
322 368
118 191
134 267
91 302
246 259
88 95
34 92
213 380
43 185
91 321
246 255
173 276
199 334
8 320
269 304
49 107
154 351
307 385
104 113
96 254
162 193
264 379
233 255
35 129
286 393
165 174
191 235
67 352
261 380
60 182
13 229
220 393
79 278
24 399
106 358
74 175
22 385
250 276
3 320
62 73
219 235
262 278
52 381
390 391
329 344
37 249
188 254
147 168
72 188
202 369
278 377
58 216
206 224
2 264
187 292
144 196
52 177
227 318
95 183
31 84
109 306
48 59
122 394
314 395
132 382
169 382
106 161
65 172
26 125
109 309
19 173
17 141
35 53
55 157
102 110
26 228
62 344
167 214
36 41
162 275
229 316
179 327
128 391
49 141
50 188
212 375
29 78
1 113
240 260
171 316
10 171
54 153
172 271
56 152
231 368
187 358
227 308
194 219
178 370
46 383
229 331
101 298
25 134
124 297
128 285
76 175
69 114
106 270
94 257
268 344
224 286
331 344
91 105
185 343
115 397
62 186
33 127
55 314
95 198
11 221
79 192
270 355
171 356
27 240
62 214
133 171
35 390
265 273
30 32
4 64
253 385
139 269
275 366
214 375
182 266
46 134
4 236
7 58
112 291
308 389
31 319
202 294
266 378
72 385
131 219
150 310
207 374
225 376
14 269
94 113
17 166
132 346
90 209
253 293
0 19
145 196
49 394
233 251
101 350
184 226
267 381
231 234
49 191
58 351
20 366
43 107
30 98
41 241
101 114
22 366
315 319
207 345
223 391
363 375
117 391
35 71
167 331
87 229
162 182
164 170
28 305
191 194
162 336
16 63
67 162
31 313
97 131
123 140
166 237
37 160
90 353
66 117
88 387
157 231
40 220
105 372
209 233
117 292
50 366
173 320
355 370
204 337
268 316
81 369
43 140
99 287
86 166
12 365
252 355
109 132
80 319
226 315
33 39
23 126
88 153
138 158
42 104
15 217
67 78
227 303
91 137
42 248
117 326
170 296
279 377
160 249
105 217
216 367
22 96
277 371
25 289
27 376
6 151
50 160
175 288
163 184
14 38
286 330
110 359
127 218
146 347
80 272
10 12
57 201
209 246
38 174
243 264
137 324
19 324
55 234
345 374
149 310
271 349
322 362
180 363
91 179
127 159
271 305
40 334
96 182
63 149
291 309
31 272
220 334
112 132
323 345
64 173
218 389
18 72
95 155
46 142
289 383
30 285
107 396
43 312
78 378
319 371
44 297
73 281
223 390
301 382
124 335
195 221
156 368
48 134
85 360
79 252
74 150
101 104
198 255
192 236
48 73
53 129
65 301
99 363
85 191
37 60
25 359
52 61
138 258
37 253
305 309
15 387
157 247
64 245
20 67
140 312
225 287
204 241
65 86
192 252
120 288
66 285
78 366
36 266
232 311
12 171
252 370
244 299
51 270
24 110
145 169
59 331
206 215
207 327
91 204
186 316
236 260
65 132
342 344
1 170
110 289
139 247
44 369
37 50
200 311
64 320
295 296
217 387
201 337
52 73
186 331
264 364
104 230
324 353
44 92
273 383
123 300
10 181
299 389
123 343
45 203
75 370
164 296
239 312
165 394
211 305
65 346
115 377
319 386
125 178
317 323
238 253
75 115
86 360
226 256
110 134
87 213
230 296
283 367
99 332
15 153
247 368
0 57
185 312
3 71
117 376
133 268
6 39
97 388
161 393
52 190
79 270
261 384
30 212
218 244
169 271
127 389
223 240
44 373
220 392
120 149
9 381
140 185
53 250
75 178
272 319
104 248
208 278
114 392
195 336
202 395
113 330
31 277
228 335
105 353
22 60
2 258
56 343
36 378
20 154
158 361
29 378
23 195
275 352
233 259
104 298
144 153
231 396
6 303
14 82
312 377
241 274
184 386
115 156
248 295
37 188
15 144
111 134
34 202
1 295
54 302
232 373
151 307
140 239
84 386
189 200
192 260
223 245
148 216
21 267
126 283
154 282
247 322
119 138
314 362
241 337
249 318
108 335
45 283
56 207
78 96
230 248
159 253
270 358
105 137
104 164
82 314
94 224
99 258
97 219
121 281
76 295
199 392
187 190
280 291
59 167
217 246
70 242
231 322
170 339
72 151
254 352
157 368
5 17
68 214
223 326
304 362
10 136
254 366
2 158
34 44
3 64
294 368
53 338
39 201
45 126
168 397
94 296
107 235
103 202
123 323
2 243
17 107
192 240
56 140
116 191
86 132
257 392
144 198
70 289
53 221
19 83
90 387
1 296
273 354
102 142
78 336
81 373
57 204
205 275
287 332
94 286
206 399
262 377
171 261
211 291
89 380
7 398
121 355
76 170
155 196
59 273
103 232
84 184
54 179
149 288
2 364
99 214
238 249
109 346
2 180
123 312
0 290
233 246
260 390
78 263
243 258
207 343
341 396
138 222
179 290
106 178
17 394
225 292
119 365
8 326
199 257
279 397
173 245
326 390
32 287
156 397
45 328
123 208
14 174
323 374
188 205
62 331
2 99
29 50
60 67
83 324
102 111
154 367
53 71
95 153
114 220
99 212
85 163
86 112
47 160
19 302
1 230
134 383
171 365
79 355
97 116
136 365
0 324
60 352
183 251
157 294
168 279
9 111
166 280
11 328
334 393
119 284
113 170
9 134
149 150
74 120
47 60
38 165
224 257
228 298
4 8
48 52
341 394
63 120
244 348
249 385
19 204
78 193
313 371
77 368
28 211
55 81
156 262
207 323
84 319
94 339
141 280
16 288
143 145
159 227
37 47
199 206
361 363
86 346
227 389
302 353
12 380
152 207
74 189
194 394
8 245
47 72
155 198
94 393
16 175
85 280
41 263
22 47
21 142
275 282
45 336
104 295
91 324
78 282
174 191
283 357
164 295
75 262
16 74
229 268
170 230
158 212
116 165
97 174
87 365
50 67
273 289
114 393
168 340
21 110
169 346
340 377
262 340
69 161
74 176
144 183
39 325
50 151
21 359
208 279
26 108
105 302
67 282
234 322
75 125
10 261
36 204
131 141
26 335
30 225
321 324
40 257
11 98
5 141
332 375
237 259
74 200
231 294
123 345
222 379
285 376
1 104
97 165
208 340
25 59
79 358
179 324
27 285
277 386
154 216
3 326
135 157
49 235
176 310
66 240
48 167
12 68
31 315
53 100
77 297
22 352
17 360
69 350
103 373
130 345
140 323
237 301
249 253
300 374
306 309
213 356
157 234
17 341
327 345
132 360
107 122
111 381
90 153
145 349
160 385
139 234
45 98
209 259
171 380
96 162
0 241
175 200
31 371
80 277
223 260
205 254
46 111
348 389
77 314
29 266
67 275
21 289
87 136
264 284
12 133
64 390
0 137
111 399
133 380
213 316
2 363
236 240
213 268
54 217
27 117
149 176
365 380
340 397
123 279
58 367
83 290
22 72
50 60
21 102
293 307
234 362
19 41
230 295
110 383
336 338
56 123
21 381
43 279
289 399
55 77
246 251
3 276
195 338
145 291
179 353
153 198
244 333
177 285
36 274
83 320
172 382
110 142
12 119
5 360
38 388
193 336
112 169
24 142
186 329
87 171
21 61
313 315
156 231
219 256
260 391
130 245
171 213
31 386
186 268
77 322
146 365
355 358
33 201
165 194
75 340
249 293
291 305
75 108
163 226
133 356
234 269
7 148
164 298
218 348
140 343
114 178
302 324
53 376
134 359
24 289
75 270
30 363
290 302
142 273
88 144
369 395
258 363
182 352
188 385
54 90
21 46
97 197
3 250
51 252
122 135
55 139
59 354
119 379
359 381
44 294
11 195
59 265
49 131
87 186
90 251
282 366
37 307
63 175
47 151
89 261
234 247
12 316
40 199
167 177
40 69
194 235
47 249
297 322
86 280
153 387
113 296
61 111
226 277
265 354
108 228
151 160
85 256
227 299
92 294
212 363
54 137
238 318
296 339
59 344
133 186
142 399
37 151
34 395
196 349
1 286
172 349
78 182
87 133
152 323
315 386
159 160
335 368
262 397
230 339
125 262
29 67
13 133
17 235
152 374
96
29
167
155
78
54
147
125
35
85
157
129
148
42
75
177
20
113
79
77
110
102
128
135
48
89
104
70
218
30
119
154
195
74
99
52
54
34
101
120
40
78
165
157
99
84
119
99
171
105
69
125
121
104
84
70
126
89
75
139
94
55
64
39
120
33
190
155
89
108
135
105
92
30
108
73
141
74
126
163
174
60
34
160
124
69
17
88
211
56
14
90
107
115
111
182
134
56
74
101
107
105
109
113
173
30
101
132
126
35
174
83
100
117
133
178
34
178
111
98
84
93
14
142
206
82
150
97
85
158
187
183
62
133
63
109
43
96
146
81
93
169
105
107
40
105
151
114
216
72
174
143
47
33
59
88
56
99
93
166
125
122
156
199
136
126
73
80
210
82
78
133
96
95
31
118
194
178
166
154
102
135
174
87
95
155
69
100
44
65
193
91
29
66
87
171
72
115
85
48
162
115
183
82
80
106
46
52
27
165
60
99
111
28
105
176
178
135
66
63
78
99
181
66
62
151
94
120
84
46
71
65
89
50
86
13
61
132
125
65
121
155
42
33
72
201
111
73
92
117
60
185
99
142
89
89
42
132
70
173
111
75
16
61
58
41
26
22
108
176
154
28
64
230
188
21
75
229
71
179
69
25
47
20
119
28
58
87
92
97
170
127
163
170
44
196
100
103
94
115
167
123
146
183
67
233
45
37
135
98
141
231
62
61
73
90
52
94
193
79
70
85
118
130
85
97
55
161
101
123
37
171
113
64
85
51
79
92
212
113
100
79
59
152
177
87
131
123
64
28
123
161
94
131
59
96
41
29
113
107
97
33
44
121
157
81
102
66
66
66
73
92
121
210
127
77
99
190
137
116
139
114
84
109
122
19
37
221
221
107
51
41
100
34
72
51
140
154
109
42
37
132
118
99
75
82
34
121
93
90
91
64
128
91
147
138
137
218
79
96
47
144
56
78
129
39
55
59
71
110
76
81
47
91
20
112
224
61
34
88
37
106
80
92
117
103
151
108
148
37
59
97
43
147
51
83
53
140
12
136
54
152
102
65
99
84
93
34
139
152
74
91
57
39
57
66
169
132
90
118
227
41
101
83
137
100
213
46
49
162
30
39
177
184
72
47
73
159
186
85
70
162
134
36
80
84
22
54
71
16
54
93
70
119
281
97
168
66
131
56
189
60
40
110
167
79
64
103
107
77
95
38
43
43
140
90
100
34
121
158
25
71
55
216
114
36
126
191
152
68
144
63
32
40
86
51
89
163
195
83
96
61
65
90
36
100
108
28
84
34
114
90
127
58
126
43
137
203
57
93
37
64
162
172
110
174
137
100
102
93
117
70
89
115
50
44
150
180
137
117
75
15
116
60
32
214
59
38
53
101
109
185
147
209
58
225
81
51
37
65
106
89
80
85
113
52
136
157
99
16
85
51
101
61
122
132
75
143
78
147
57
100
75
131
83
70
87
85
207
68
76
75
99
69
77
76
74
29
23
163
72
119
60
151
178
86
72
174
139
98
75
87
102
106
111
132
26
118
87
55
70
90
35
206
92
117
78
148
121
155
153
37
42
127
96
96
99
95
106
146
94
80
120
129
121
52
63
92
150
30
108
126
69
66
46
112
158
73
21
58
48
62
177
47
102
111
128
110
93
68
30
47
160
42
83
52
113
103
77
26
78
75
69
147
44
47
96
108
54
124
233
113
37
112
234
170
42
71
212
88
130
90
217
117
222
56
138
138
146
174
148
84
115
152
161
38
53
85
55
205
95
137
80
138
143
73
28
106
15
92
109
69
128
92
78
123
210
78
129
146
58
60
127
71
48
148
70
139
59
72
69
101
133
94
160
103
129
163
70
175
63
78
15
77
73
125
104
148
110
147
141
139
57
64
12
169
61
42
135
132
123
107
78
132
140
116
115
107
170
77
126
28
139
100
105
108
96
62
107
120
80
74
93
57
178
112
90
148
72
112
116
95
52
172
140
138
136
80
106
74
157
140
58
115
49
62
142
107
114
161
179
16
70
123
69
129
216
142
87
87
92
44
151
131
85
102
72
72
57
76
88
100
90
82
102
64
208
98
98
115
84
150
40
134
152
69
175
90
215
51
154
161
69
80
171
189
67
76
104
44
217
74
93
87
91
153
95
90
24
72
171
125
82
66
137
36
94
148
143
111
49
99
189
114
139
218
132
87
139
66
41
116
100
155
52
96
74
64
100
139
182
42
20
63
130
60
96
118
40
27
32
95
78
71
99
55
17
216
133
87
77
23
145
70
211
118
97
194
71
112
134
38
7
76
51
57
208
80
79
166
18
157
81
51
88
80
42
126
158
147
89
116
101
25
136
128
83
80
95
31
168
62
151
135
99
62
76
131
48
90
98
131
75
52
27
135
83
63
88
207
34
142
63
151
131
194
59
69
155
95
70
112
114
98
141
139
87
70
70
66
209
49
119
109
61
52
213
78
92
84
81
9
92
122
126
185
44
53
80
26
204
76
94
74
60
146
161
26
47
49
21
88
78
161
60
188
104
100
119
130
53
82
135
99
158
81
159
160
163
25
84
110
115
70
106
74
104
112
144
97
81
157
78
138
78
54
78
140
89
172
106
164
113
20
47
100
136
64
57
49
161
151
182
36
82
47
31
187
73
81
120
160
56
156
176
141
158
64
122
65
125
72
55
144
175
214
124
60
24
94
66
146
130
191
100
20
160
99
87
139
49
190
204
83
203
81
135
57
158
83
54
197
79
18
57
35
133
93
100
93
98
43
41
108
77
115
160
126
115
120
229
128
123
123
43
127
89
26
61
74
61
55
80
103
126
62
134
247
36
122
116
75
136
60
21
189
204
152
84
158
64
107
121
72
125
12
64
164
136
118
78
159
95
47
160
91
65
128
100
123
86
123
120
82
118
81
133
51
168
97
72
122
111
86
64
48
88
65
113
71
168
33
24
175
30
147
159
66
75
122
105
174
96
106
100
154
114
57
100
74
73
82
158
55
158
134
209
157
58
158
55
125
89
104
138
89
192
75
18
67
96
138
78
46
93
95
195
132
84
124
189
22
41
169
52
73
164
119
102
26
156
34
135
77
85
39
96
194
48
84
52
58
209
64
80
59
147
146
128
87
71
80
50
93
61
138
144
178
156
109
108
155
186
147
70
85
106
73
22
118
154
145
21
168
139
50
51
66
152
177
102
39
85
62
143
223
101
111
130
65
158
83
52
159
44
51
36
146
90
85
58
71
55
55
104
201
65
89
142
45
77
109
108
66
112
59
140
113
150
194
53
137
129
162
54
182
146
96
48
195
62
96
10
106
128
152
122
85
144
100
138
45
72
39
115
95
161
31
93
64
103
130
88
75
59
40
86
80
166
90
102
49
146
108
112
221
101
61
104
114
39
51
56
65
108
148
43
39
83
44
56
214
180
63
76
142
103
141
87
74
73
145
108
108
80
76
46
100
33
120
110
64
145
90
86
171
113
66
183
154
138
118
121
193
51
69
50
79
79
39
82
105
108
163
191
76
182
208
113
194
191
209
61
173
50
59
45
102
75
177
52
106
89
146
36
135
90
65
111
161
78
92
99
78
74
160
49
64
79
153
76
37
96
50
138
67
128
145
41
45
44
99
93
36
120
232
25
243
152
175
79
111
111
81
77
126
139
119
80
66
62
107
59
136
65
58
130
73
170
60
57
9
111
67
39
38
167
159
176
94
81
24
156
132
36
46
43
99
117
185
101
149
186
65
161
45
97
49
110
131
114
46
74
119
205
162
64
36
119
210
61
63
100
53
22
74
221
109
46
91
120
161
187
28
128
79
108
125
117
118
152
101
46
55
216
39
42
116
41
89
170
57
91
98
86
44
20
175
118
122
220
46
67
89
128
112
97
172
47
205
41
59
29
50
98
123
122
74
78
50
46
104
74
71
115
127
160
72
43
106
99
49
74
54
170
121
90
153
77
61
57
111
87
60
64
134
49
169
195
41
30
125
37
114
68
83
91
49
24
49
59
69
108
98
115
53
196
304
113
168
72
147
67
49
133
34
85
43
85
79
45
182
120
85
169
159
115
165
91
132
130
32
81
83
152
85
140
125
23
27
186
109
76
181
70
124
156
145
114
70
150
39
131
93
41
100
100
220
64
80
108
87
62
83
172
62
83
129
239
150
127
159
53
70
151
134
67
138
89
130
49
105
91
90
184
43
79
141
24
58
173
57
93
76
101
109
168
106
72
172
39
75
49
77
238
58
141
38
113
81
135
128
16
76
147
50
101
114
62
172
204
37
60
206
204
50
124
137
106
70
71
61
39
67
70
113
277
192
89
142
95
170
115
87
69
56
159
56
115
25
62
167
145
63
75
102
82
23
121
68
99
93
118
134
162
155
223
120
154
69
108
88
99
107
46
116
89
97
149
54
72
81
69
67
200
108
81
85
124
76
63
54
63
149
40
222
125
111
199
74
86
122
174
33
128
46
148
28
240
162
54
19
110
100
65
188
94
138
196
38
119
92
189
38
70
