454 52
261 342
343 422
602 333
672 220
295 534
657 629
125 40
44 236
680 105
348 766
758 580
304 471
108 281
389 253
204 222
435 135
445 763
371 163
392 97
413 565
86 84
398 684
613 512
458 378
225 202
480 764
271 311
208 287
745 393
485 273
551 735
70 288
584 366
525 714
177 488
203 137
46 382
513 8
358 499
689 440
776 447
443 462
553 402
288 60
427 98
610 567
154 412
263 571
98 381
688 751
403 498
630 383
761 257
628 357
64 557
124 197
44 505
421 629
397 323
90 798
752 201
759 361
306 287
372 585
415 442
510 239
62 418
213 531
191 571
107 97
37 38
153 368
88 446
118 599
427 33
57 655
642 351
155 122
314 131
207 190
169 197
207 692
10 657
716 42
99 366
343 399
177 612
595 501
328 37
84 296
102 42
366 93
506 76
697 741
693 157
391 718
456 141
666 45
282 599
635 484
556 102
224 338
164 647
60 439
69 295
108 583
259 108
641 763
449 723
617 247
7 749
58 33
213 354
780 365
774 786
281 85
776 319
755 760
751 326
397 702
635 426
35 713
223 700
716 793
507 562
80 224
606 495
400 310
406 102
406 753
138 35
131 708
270 327
800 302
525 183
757 148
545 569
657 358
639 300
401 337
243 166
442 567
140 659
712 592
378 7
321 595
468 26
704 563
226 454
651 302
379 448
307 600
561 206
150 702
617 29
181 155
432 74
174 725
569 724
281 778
189 388
303 384
671 784
670 514
240 514
243 280
445 396
62 489
170 436
576 400
757 105
403 64
160 53
690 631
795 626
650 91
707 399
342 12
469 700
96 503
48 322
223 115
34 734
297 107
699 612
459 758
241 409
236 285
31 221
702 497
192 775
570 604
654 462
782 587
349 589
729 711
566 194
549 288
546 428
732 433
162 115
633 222
665 392
52 479
353 43
631 176
618 226
240 484
331 290
111 149
758 728
454 288
512 638
336 646
157 328
510 169
685 641
749 139
560 306
534 724
761 480
643 40
557 714
492 423
244 771
717 179
464 275
367 579
694 429
590 411
315 81
12 484
491 571
581 508
254 787
653 712
197 91
219 259
192 534
198 330
378 454
642 727
421 640
692 262
254 698
486 705
369 124
145 258
565 26
475 262
379 477
278 347
111 300
637 149
409 214
486 307
137 724
89 455
359 167
496 301
791 298
656 452
716 587
11 46
265 539
85 707
687 771
612 745
243 634
581 648
512 193
439 767
414 604
685 379
265 348
528 299
636 659
589 517
655 576
12 796
41 469
306 279
5 436
276 228
698 538
278 542
800 279
343 458
200 444
55 230
354 753
604 479
272 275
183 253
162 308
6 327
355 442
756 733
614 723
620 106
450 411
682 239
668 668
610 466
287 272
177 293
757 369
344 390
686 194
285 222
503 626
672 66
160 236
435 627
703 202
778 251
79 521
28 11
799 389
596 798
596 410
204 722
685 619
518 130
212 645
137 365
788 448
193 781
132 588
137 697
201 261
193 377
398 417
401 317
335 76
50 732
341 528
215 389
457 469
0 750
213 576
318 110
456 558
32 519
602 645
520 89
403 73
65 341
171 490
225 180
474 635
311 699
389 274
41 121
537 189
171 344
386 28
619 326
648 748
337 547
150 248
247 341
5 304
494 786
758 298
645 271
414 312
692 699
705 654
399 22
671 644
47 525
347 451
404 742
286 334
59 103
85 15
209 451
53 433
315 716
531 575
584 341
386 347
694 377
669 358
229 96
596 695
514 333
491 488
448 786
165 592
367 253
28 660
54 425
584 115
223 644
387 334
120 238
21 89
303 323
121 321
30 367
111 393
80 350
154 330
81 313
133 362
27 305
15 25
3 198
215 356
217 323
261 287
68 265
152 195
228 273
239 341
236 299
91 112
43 230
168 344
5 152
16 45
52 321
14 392
143 158
64 214
322 325
205 347
63 375
59 397
78 156
207 309
219 260
251 339
120 130
107 342
202 244
59 383
101 324
32 290
83 183
82 322
19 335
118 196
34 246
104 379
8 189
252 362
72 215
154 158
271 355
228 337
215 306
33 43
48 68
4 207
82 330
331 361
79 184
288 308
6 323
144 148
348 363
192 270
170 382
53 261
326 332
176 300
74 143
23 292
73 204
74 76
96 109
268 299
98 155
155 312
19 45
51 65
62 117
157 357
217 368
217 277
126 290
115 211
86 241
143 329
50 124
96 272
198 382
197 355
1 188
248 361
51 339
266 393
146 214
42 301
19 129
61 315
287 316
283 379
198 260
4 110
127 193
287 365
18 19
84 171
142 351
75 145
22 109
85 253
332 338
232 344
138 274
256 260
89 92
304 321
42 333
256 367
12 297
26 186
223 270
226 315
155 176
47 49
188 238
125 381
39 251
212 227
87 396
6 277
9 95
120 179
13 348
173 377
0 93
61 309
202 302
303 369
168 258
194 263
248 398
202 206
349 378
52 382
174 217
40 190
49 67
355 395
11 194
94 242
206 309
44 89
71 264
114 319
123 158
93 346
59 334
193 229
110 207
31 34
343 381
358 385
174 303
332 356
65 301
75 172
251 373
340 393
107 231
239 265
37 394
243 351
63 293
56 361
169 332
64 152
190 193
84 222
122 280
64 142
178 335
247 335
134 287
115 124
55 344
45 157
81 294
71 112
182 237
40 121
165 265
52 358
313 331
98 300
29 307
123 328
62 365
27 275
209 392
64 314
0 347
258 394
281 317
200 221
28 238
30 66
97 157
294 313
138 358
121 304
236 277
122 336
130 374
41 319
308 333
252 275
238 294
34 109
165 208
206 315
306 356
12 373
70 91
282 310
326 356
298 368
270 345
46 127
24 140
278 304
65 167
164 190
118 267
207 366
148 185
47 338
150 358
144 175
76 266
185 303
43 199
238 293
223 387
240 356
30 250
185 323
48 152
108 242
137 381
46 381
86 308
125 311
59 140
116 386
89 205
114 365
72 85
199 224
266 330
147 172
212 353
12 39
172 370
226 309
202 309
215 332
278 292
92 342
202 207
353 383
107 141
48 99
222 395
311 381
123 330
105 296
175 263
144 371
131 377
146 286
135 271
102 332
25 331
185 217
66 153
82 269
19 347
99 265
236 268
87 143
84 176
161 338
20 233
253 398
296 348
100 304
111 340
3 358
51 337
38 249
132 183
143 257
156 182
163 267
241 288
124 298
113 332
9 98
267 359
126 398
26 390
144 279
56 248
55 180
35 239
183 393
90 290
58 343
195 360
346 395
62 119
171 218
128 392
198 388
89 370
33 321
302 366
143 325
222 300
223 246
175 194
7 377
276 388
144 194
262 292
51 251
144 323
105 126
16 157
87 329
36 141
39 360
296 363
66 197
57 372
21 354
238 306
160 380
151 288
303 368
212 250
213 381
77 358
181 348
0 45
134 365
207 302
358 382
146 360
40 203
125 137
110 302
205 357
25 350
141 350
67 104
116 231
111 266
133 188
25 141
277 303
125 389
195 228
57 168
25 156
66 256
64 146
9 254
9 84
103 158
92 129
208 239
14 255
52 170
190 262
1 133
353 367
87 239
168 317
225 322
7 173
9 226
31 220
145 178
230 321
193 262
142 343
35 169
49 72
248 294
186 374
111 183
295 331
7 21
181 363
139 366
2 151
169 349
17 179
91 318
6 185
109 186
191 328
16 19
84 312
90 126
119 261
135 216
9 171
119 307
168 281
134 316
22 58
157 347
166 305
127 234
103 396
63 282
5 146
76 122
338 362
295 306
162 375
260 388
275 362
168 232
121 292
286 360
233 381
284 293
152 228
95 312
49 326
70 201
71 399
322 330
265 286
68 349
4 226
26 272
27 188
62 261
177 203
294 331
126 189
73 104
76 183
193 203
15 141
93 157
206 254
196 267
81 210
49 394
48 341
188 331
189 290
14 209
345 371
53 119
0 346
263 323
128 212
224 389
107 237
79 342
70 112
204 317
52 121
28 293
113 338
17 390
206 207
180 344
98 249
148 190
151 308
123 269
295 356
245 322
264 376
77 138
158 322
49 348
238 313
136 218
147 370
39 373
333 373
55 372
199 230
69 341
86 333
242 277
135 355
343 389
101 395
117 307
144 174
200 327
83 336
119 134
72 161
95 171
77 139
133 305
81 398
125 192
53 134
277 371
159 270
8 290
2 251
184 342
213 311
27 252
240 362
238 284
188 240
294 398
184 386
307 384
121 193
107 184
217 371
142 233
37 49
13 90
105 348
53 61
11 148
229 274
161 332
368 371
102 275
2 12
22 130
66 227
75 357
58 351
8 105
127 278
18 79
158 191
113 362
65 297
146 152
67 394
284 350
172 347
336 340
24 388
96 120
47 332
65 339
103 143
174 369
1 113
40 274
92 184
19 247
273 314
92 347
294 295
57 204
250 260
180 372
148 194
10 120
81 156
42 251
96 130
338 356
61 226
301 339
52 274
27 282
65 251
140 367
121 262
107 386
179 246
21 70
105 290
23 304
32 363
192 381
69 74
254 312
88 193
75 157
179 374
135 153
27 63
250 276
78 237
48 269
106 329
245 380
138 385
215 253
137 233
165 286
288 297
11 144
149 289
293 305
155 300
37 379
108 267
100 292
60 266
141 386
44 342
176 254
102 113
202 254
1 102
202 366
66 260
70 354
248 306
139 244
138 203
72 295
232 372
157 370
273 351
219 276
186 364
15 331
231 342
85 181
50 368
35 165
116 335
140 397
111 122
94 118
21 264
39 297
26 130
41 221
86 383
90 253
7 91
68 341
109 390
99 286
248 313
149 187
89 342
129 347
170 321
223 268
161 326
23 234
68 286
170 199
44 205
221 327
217 263
11 175
233 351
100 121
203 384
228 360
110 139
114 307
192 345
32 181
113 356
324 395
209 282
282 305
245 352
74 87
147 157
236 368
258 317
219 382
102 338
127 292
125 343
64 195
197 271
15 81
197 324
162 275
136 171
112 264
168 372
87 391
282 392
79 247
277 323
37 296
192 213
133 252
50 267
244 302
297 373
182 184
21 91
123 325
257 266
19 157
183 340
20 142
113 240
212 334
334 353
46 137
166 293
9 218
102 240
236 371
50 118
72 113
236 303
94 267
358 366
40 200
204 344
50 94
91 173
215 295
205 335
243 314
99 146
10 352
195 337
233 343
37 283
173 201
82 191
124 267
271 324
92 231
17 96
152 360
30 256
16 97
29 229
248 253
101 249
286 337
53 316
118 124
159 220
202 315
157 172
0 38
32 90
186 390
257 336
6 279
204 232
283 394
13 105
95 176
261 316
90 105
4 244
224 301
122 266
57 281
152 286
86 151
264 399
103 391
146 228
244 315
109 120
21 376
15 238
180 204
50 242
26 179
166 188
100 262
102 188
33 170
214 352
242 368
130 186
176 312
41 114
70 173
65 373
323 371
196 298
82 257
314 351
293 310
129 157
27 133
341 391
120 291
15 80
22 179
75 347
257 328
6 369
166 331
28 166
23 193
133 375
196 369
14 334
34 387
35 378
179 186
79 231
213 246
193 304
94 211
235 328
188 306
153 271
293 375
213 270
73 379
115 267
94 196
369 371
133 166
164 279
177 307
241 333
9 176
185 369
204 281
113 161
302 309
154 322
123 225
361 398
66 250
313 398
102 375
154 257
123 154
129 172
34 223
49 73
139 358
212 256
250 256
311 314
33 199
54 150
257 330
242 267
92 335
150 244
66 198
74 329
163 268
150 302
135 324
227 260
142 273
187 378
36 350
354 376
0 157
319 327
274 384
26 220
91 264
215 326
177 384
329 391
164 262
5 165
10 380
16 18
169 338
178 357
72 332
60 336
300 312
95 218
7 376
116 184
83 340
362 375
122 183
12 337
49 85
60 122
249 395
284 310
179 351
156 350
50 359
71 91
299 359
190 285
176 395
227 367
151 333
306 361
98 176
236 359
196 211
21 71
6 345
174 277
37 104
176 222
5 99
15 361
243 273
338 378
54 203
186 272
68 208
51 241
103 154
8 363
158 257
73 168
125 213
132 266
28 188
249 346
90 181
208 265
367 397
66 355
353 397
77 274
20 195
24 224
1 362
211 368
174 185
241 251
69 391
151 301
282 375
195 214
34 186
9 222
123 322
55 317
241 301
105 363
110 197
263 285
52 138
78 173
306 331
31 223
97 135
180 258
151 297
103 132
114 327
121 229
6 303
149 208
122 340
265 341
266 336
178 370
36 156
67 283
255 259
270 387
72 356
100 234
52 203
30 212
289 338
320 359
96 380
78 201
264 354
58 228
245 396
159 223
66 216
149 349
28 102
153 197
121 170
303 371
229 384
110 150
89 231
265 360
3 54
65 333
263 279
132 336
117 319
92 205
17 186
91 376
38 75
2 162
130 272
145 370
28 294
70 210
2 86
144 217
17 364
257 322
128 383
28 240
32 126
224 339
183 280
21 78
20 58
31 159
13 361
20 228
302 315
345 387
149 378
94 236
162 308
109 130
80 294
219 388
205 370
73 394
352 380
135 197
34 179
99 214
95 309
43 382
48 146
77 382
188 362
4 206
168 379
102 356
198 256
58 142
182 386
236 387
154 266
22 96
245 325
206 300
13 32
198 250
251 288
47 161
48 265
179 220
234 304
133 162
66 135
188 293
6 217
43 224
169 378
94 124
43 321
80 81
75 147
20 314
62 177
218 226
47 289
34 159
6 144
79 92
65 224
289 349
229 262
27 102
357 370
36 80
109 374
48 165
163 242
54 385
185 371
50 298
251 337
116 342
314 343
4 254
0 357
347 370
252 375
191 225
291 374
114 134
223 299
106 391
56 126
79 259
353 392
335 347
36 78
272 374
100 193
56 81
337 360
213 351
336 393
58 243
57 180
214 228
10 96
71 318
119 319
3 219
244 366
77 203
88 304
10 291
37 181
185 285
53 244
105 253
216 271
44 184
28 331
186 246
22 120
28 215
33 358
220 246
204 379
106 317
322 328
1 275
70 78
125 142
90 348
7 131
26 34
203 262
124 163
93 249
325 396
39 337
55 329
151 241
32 398
27 362
54 274
110 202
50 163
0 75
144 369
67 258
103 329
3 150
3 138
95 300
0 370
23 278
34 220
384 385
210 354
112 399
29 177
139 385
206 395
69 329
166 284
12 288
208 349
238 331
15 28
66 276
159 387
47 326
123 396
133 275
83 111
42 241
108 236
53 365
230 304
177 385
232 379
21 173
15 350
225 235
37 348
128 209
82 103
21 210
235 245
109 272
247 342
303 345
204 258
108 163
136 226
269 341
219 358
4 315
197 216
289 378
52 77
359 368
40 193
383 397
87 103
308 373
208 286
299 387
82 325
74 103
99 269
31 299
42 167
107 182
301 333
308 383
14 128
234 292
52 230
334 397
8 90
119 287
88 100
46 192
187 332
80 156
76 83
99 152
94 298
105 181
14 59
150 385
264 318
324 346
156 237
2 288
110 366
64 243
18 129
36 107
102 362
152 214
138 139
144 185
187 338
86 373
4 95
204 372
78 81
242 303
182 350
54 77
31 387
101 135
280 340
109 179
73 258
86 162
45 129
174 371
22 273
141 156
112 376
104 283
179 272
85 90
87 341
88 278
82 123
89 116
29 319
115 196
62 134
132 322
95 226
96 374
44 386
16 129
227 276
277 345
334 383
69 239
66 271
154 191
150 366
98 312
8 32
177 200
153 355
19 172
144 285
153 207
136 315
68 165
334 392
254 309
325 391
11 263
245 269
282 284
13 126
143 330
61 316
130 291
13 295
255 353
138 150
216 346
233 311
255 392
217 369
71 354
17 26
282 293
87 325
30 198
261 365
102 133
148 323
101 355
270 277
22 291
163 359
57 317
164 285
258 281
4 202
275 375
53 287
45 93
89 145
32 296
33 138
24 333
59 353
29 119
104 258
96 291
31 268
169 289
69 87
33 230
254 395
107 116
256 388
170 230
121 203
294 361
80 313
179 213
24 167
4 309
79 116
117 134
72 240
77 150
242 268
161 187
13 253
30 276
9 312
184 231
16 247
67 281
159 242
259 342
92 172
220 364
168 204
63 209
121 230
86 297
172 205
140 334
143 391
35 289
54 170
76 393
35 149
237 386
11 285
240 295
344 372
158 328
23 88
101 346
268 387
161 240
82 396
209 375
236 267
168 394
23 127
30 388
29 384
137 311
15 313
379 394
64 273
128 334
227 255
44 107
3 139
76 336
13 398
94 163
40 229
104 394
59 367
39 241
80 141
136 309
269 325
97 129
325 341
127 164
143 154
40 384
189 363
203 385
220 387
152 269
284 305
215 240
47 169
45 75
111 336
191 235
272 390
209 397
2 241
101 216
86 288
105 189
117 316
216 324
13 248
251 297
188 294
68 69
42 224
62 384
125 233
112 318
161 378
297 308
88 127
276 382
246 351
307 319
212 260
226 302
11 185
91 377
171 226
148 279
10 130
40 262
140 383
45 92
277 299
63 392
146 195
145 357
138 177
112 131
275 338
168 180
100 127
297 333
96 390
60 280
3 77
109 246
77 384
19 205
23 100
221 229
5 12
347 357
225 328
9 300
232 281
209 293
61 218
92 259
60 257
113 187
182 201
65 151
20 343
50 196
25 238
130 390
17 130
22 243
35 349
43 52
112 377
160 235
95 254
113 252
18 259
14 367
22 214
58 314
7 70
311 351
100 278
117 261
281 283
114 261
46 279
36 386
294 306
58 120
70 376
82 245
290 398
69 165
200 307
2 308
289 332
201 210
210 376
155 395
103 330
142 314
61 95
42 389
6 174
264 377
187 289
0 172
56 398
260 367
113 275
22 374
28 295
15 294
42 339
108 359
84 98
30 260
50 236
0 147
45 172
46 234
4 302
110 206
28 306
132 158
198 276
89 178
89 335
26 246
33 77
57 258
97 324
78 182
33 52
83 393
17 109
158 225
114 119
87 269
128 367
55 106
35 208
56 210
73 281
140 167
222 249
38 346
161 356
247 347
309 315
33 382
190 229
26 109
272 364
160 291
91 131
151 251
190 221
127 262
2 333
175 369
62 319
288 373
148 164
152 265
71 377
52 385
123 245
191 257
103 123
178 205
208 289
45 247
281 372
100 190
79 335
27 375
88 234
54 139
133 282
2 297
193 292
167 333
64 360
63 133
25 81
39 51
83 122
334 367
35 68
36 201
128 353
213 233
231 335
232 283
292 304
156 210
111 280
67 73
133 293
81 350
22 314
103 269
29 62
240 332
40 177
158 330
227 256
97 271
220 223
10 374
268 359
58 64
48 286
248 295
41 307
17 272
44 231
98 222
116 182
149 338
25 36
181 296
142 228
236 242
242 299
115 298
61 136
8 398
148 285
62 114
174 263
165 341
18 255
60 183
63 305
266 280
4 366
100 164
37 67
53 117
46 278
185 279
6 371
295 361
241 373
30 227
139 150
77 385
102 252
123 191
239 349
36 237
45 347
50 108
54 321
7 112
120 243
155 222
166 238
58 273
161 289
70 131
93 147
108 299
8 126
216 355
29 41
137 234
42 51
21 377
374 390
20 273
44 116
277 387
254 300
38 147
165 378
71 376
281 379
211 298
108 320
1 375
95 315
23 46
138 384
201 237
132 257
114 117
132 330
31 246
188 305
247 259
177 274
120 374
291 380
248 331
235 322
167 301
74 391
48 69
167 224
19 92
5 265
195 273
5 360
117 287
29 327
43 170
3 366
244 309
269 396
291 352
76 143
159 268
180 317
281 344
177 229
137 192
95 206
102 161
192 233
165 239
37 85
141 182
316 365
280 336
85 326
114 287
36 182
46 88
128 140
5 286
115 118
1 27
27 293
55 74
32 105
128 397
305 310
200 384
5 48
38 93
55 57
149 169
82 158
67 85
318 377
29 114
203 229
197 202
25 80
251 333
101 300
2 373
108 268
117 119
209 353
368 369
119 365
17 374
268 320
67 204
144 263
196 368
21 131
242 387
183 266
129 247
39 288
382 388
70 399
88 292
3 33
93 324
15 156
25 310
122 132
54 382
59 212
242 359
376 399
149 165
306 313
173 237
99 195
256 276
1 252
172 357
185 263
185 194
300 395
14 353
32 189
5 337
21 112
204 394
313 361
324 355
10 160
12 208
33 54
184 335
94 368
1 162
234 278
137 278
205 231
87 106
151 373
54 138
260 276
94 108
82 154
132 154
279 285
153 216
20 243
41 327
198 219
42 65
183 336
167 339
318 399
78 210
51 151
253 348
92 247
104 204
122 393
118 211
274 385
239 391
104 281
52 54
90 398
68 239
127 304
164 193
241 297
192 311
93 101
146 337
134 261
97 216
161 169
217 303
39 151
19 357
104 168
199 321
103 325
32 348
24 301
197 206
85 348
323 369
45 97
197 207
25 284
222 312
155 249
145 205
214 380
240 306
54 358
341 396
253 295
26 364
40 221
64 337
59 128
7 201
156 201
41 200
212 367
218 315
159 299
31 320
209 305
273 343
62 307
359 387
227 250
0 129
117 365
79 107
132 143
75 370
81 361
27 166
364 390
203 274
191 322
61 302
174 323
17 246
29 200
20 64
18 247
74 106
20 51
131 173
140 212
201 386
148 174
57 232
354 399
29 274
89 357
95 136
47 72
145 172
32 253
335 342
317 344
279 323
281 394
148 263
44 335
208 378
3 52
23 164
367 383
163 320
3 382
262 304
140 353
65 241
339 389
225 245
94 359
174 279
56 313
143 266
200 229
72 326
33 219
118 298
110 153
21 399
67 379
160 225
317 372
162 252
258 379
57 344
64 228
104
96
217
110
43
40
41
80
106
55
157
46
37
44
72
123
106
51
84
125
40
107
140
59
89
48
191
122
221
115
62
32
101
87
167
231
127
138
171
51
107
134
131
42
76
66
60
14
50
83
107
98
54
124
65
118
152
57
122
101
32
126
67
67
150
88
111
138
151
94
102
59
140
132
77
43
150
159
74
145
72
152
167
89
71
160
168
208
57
158
105
61
160
19
128
146
127
101
44
147
93
95
149
87
129
85
93
153
194
105
138
108
65
103
45
22
145
58
130
122
116
65
140
66
164
169
50
67
84
48
88
84
91
148
182
204
151
74
155
112
126
113
74
121
123
121
12
104
69
124
68
80
118
112
61
81
81
40
18
70
54
37
211
132
45
120
91
107
85
134
94
192
128
64
96
76
174
128
153
76
122
133
96
150
29
103
119
61
103
62
48
107
92
142
120
131
57
209
101
49
144
208
71
128
128
124
72
52
144
34
102
129
163
53
15
108
175
21
47
150
74
229
151
51
114
83
42
179
42
162
97
81
90
45
201
110
100
105
60
237
167
148
36
83
52
45
24
32
64
72
42
116
21
117
38
157
38
143
123
117
116
112
110
170
113
62
166
144
47
114
42
111
160
58
129
91
169
196
212
70
139
137
26
94
134
35
92
191
33
86
85
128
122
33
219
115
88
44
11
50
112
84
170
100
167
63
97
182
58
150
90
88
91
76
79
133
119
133
76
133
77
118
61
89
191
99
85
112
60
88
182
146
123
119
88
74
109
88
43
121
133
104
60
119
40
139
26
164
106
122
72
75
84
120
95
64
100
71
164
69
108
160
76
192
54
66
25
60
81
117
156
79
94
216
50
35
88
101
84
91
161
232
94
94
56
67
182
37
60
81
42
118
92
166
50
44
9
23
51
135
104
84
128
41
146
70
92
86
101
70
153
113
126
71
11
82
74
193
85
60
198
81
38
100
174
81
90
69
121
21
111
76
158
31
113
52
57
61
64
67
94
77
119
125
71
132
128
149
35
93
107
67
49
196
68
21
107
84
132
156
151
184
81
185
130
102
74
75
32
179
193
136
171
126
157
146
128
24
241
115
101
148
51
68
103
181
262
190
194
176
102
101
151
43
59
83
155
25
176
109
109
38
119
31
155
87
22
127
79
156
48
69
98
65
80
185
72
87
96
124
76
61
149
33
172
63
42
80
58
85
143
165
192
77
44
55
18
101
138
74
69
121
96
88
17
162
110
151
176
80
62
55
132
71
141
126
106
98
24
12
133
23
90
202
39
76
120
28
65
116
168
96
44
75
70
90
35
51
86
162
198
126
69
40
161
54
161
67
133
137
67
37
64
21
31
180
50
198
97
226
220
117
87
182
77
71
73
129
193
62
121
13
67
151
97
24
106
74
33
140
69
59
46
113
200
131
140
46
100
93
107
79
157
114
120
40
63
135
62
154
78
69
101
77
126
117
94
59
30
89
167
134
118
209
92
86
43
42
55
179
116
61
126
190
57
27
140
119
34
165
117
121
56
75
171
134
68
53
119
163
34
120
94
76
181
28
37
92
62
70
86
140
126
80
21
55
56
88
55
89
71
44
80
54
59
73
139
90
140
178
25
56
28
22
85
92
89
141
90
54
50
80
147
76
114
67
144
37
110
115
133
62
81
104
68
127
24
102
32
108
43
66
98
129
37
135
149
252
39
97
80
137
174
97
54
110
122
127
72
47
108
48
116
92
162
30
82
94
108
48
137
52
119
68
44
115
68
108
73
161
99
67
111
54
158
91
36
102
88
63
111
22
107
114
38
100
142
89
35
218
191
79
83
76
91
96
152
83
43
142
127
42
134
85
163
95
95
96
100
30
173
86
212
109
94
123
75
123
88
116
129
118
65
200
78
164
57
83
89
93
155
57
36
57
18
75
121
156
83
69
87
42
64
68
122
98
88
71
65
40
68
76
102
138
78
114
62
152
115
37
149
131
148
97
103
152
131
53
81
164
20
164
230
104
67
41
85
70
128
179
83
125
102
202
104
135
171
66
234
63
33
163
18
282
193
24
119
81
120
81
95
72
170
69
53
145
89
105
73
188
102
107
111
120
161
65
52
80
85
36
129
63
136
213
52
69
215
114
60
170
79
100
48
93
127
98
111
128
17
84
46
68
72
89
74
74
129
136
62
69
123
179
120
106
109
155
52
52
121
52
57
182
99
172
56
55
140
103
76
71
72
91
162
132
39
131
80
76
147
139
164
12
89
158
162
19
110
96
114
15
180
52
126
162
46
202
96
32
151
182
116
140
22
174
117
124
37
74
87
86
39
106
134
110
69
66
101
68
67
191
142
49
55
59
77
120
19
148
97
119
190
133
129
108
27
82
140
195
66
199
78
66
153
100
112
141
172
101
58
173
164
54
132
139
44
213
49
115
66
150
92
138
161
69
36
118
120
99
78
84
103
171
116
84
74
91
87
107
151
153
82
132
28
150
81
119
125
71
55
86
155
107
180
131
175
97
35
97
120
165
59
112
97
65
64
95
102
65
34
73
41
96
110
25
150
213
121
57
213
128
68
93
112
39
102
149
153
76
66
51
33
138
45
161
87
129
66
194
151
13
150
97
75
29
90
181
66
223
18
79
224
8
142
95
85
37
91
39
174
120
153
91
129
234
121
35
37
77
220
135
67
134
178
123
174
85
115
46
169
89
53
104
112
49
239
81
60
78
131
96
131
201
131
55
80
153
131
138
99
95
87
87
106
97
58
77
66
47
89
16
84
176
91
28
44
136
114
50
129
193
105
157
94
99
110
151
150
86
79
33
180
83
111
119
60
75
72
49
177
99
100
109
83
95
174
64
101
207
138
147
55
160
138
49
99
99
125
84
196
149
103
31
142
193
88
57
13
46
59
53
132
161
81
116
144
200
94
36
31
87
74
237
195
202
53
39
125
97
99
49
91
106
68
110
71
33
93
108
76
88
137
68
96
85
158
142
187
124
105
116
155
94
157
62
172
178
99
149
142
135
56
167
56
70
91
120
57
130
64
139
136
143
121
67
77
95
103
46
61
218
120
185
119
162
108
98
98
128
90
54
74
76
110
53
49
29
133
92
100
201
65
50
109
49
157
117
42
121
19
130
53
73
177
62
147
102
117
127
22
44
94
123
114
38
89
62
183
66
127
76
107
87
24
176
41
106
71
140
128
131
183
120
24
115
132
146
98
9
131
9
166
134
112
131
127
84
22
41
21
88
62
161
53
155
175
115
55
85
254
101
68
77
96
61
72
183
119
172
57
112
71
118
134
182
97
88
110
98
76
98
136
148
29
104
196
118
38
141
180
58
109
162
95
34
241
107
168
55
31
169
114
140
68
63
121
222
118
101
72
138
262
208
66
46
59
201
82
121
66
103
93
84
97
151
139
213
171
92
162
54
46
104
122
72
103
136
9
126
72
37
126
95
30
120
213
25
112
85
154
63
87
136
105
127
99
172
57
47
133
224
185
86
114
161
97
148
116
71
143
123
56
166
74
131
79
215
146
162
115
67
18
45
148
84
129
90
71
81
32
95
85
99
67
43
43
118
72
95
186
142
131
53
88
152
134
74
30
146
177
142
68
189
84
221
128
141
30
73
126
128
102
123
86
72
156
129
103
108
144
22
132
152
142
86
81
167
137
59
59
123
150
184
113
79
32
145
122
63
126
140
133
122
76
90
175
40
150
59
52
178
36
119
29
70
57
108
65
111
141
93
73
126
101
58
76
83
34
159
55
100
90
136
227
9
40
39
167
151
203
69
151
54
55
145
68
205
50
31
98
201
105
198
64
245
173
119
66
151
149
72
62
169
73
43
21
43
99
111
101
86
38
86
90
134
112
65
66
50
73
182
179
51
64
96
138
206
156
166
100
42
67
149
111
143
149
185
67
6
82
45
49
102
83
72
22
58
31
177
153
45
45
119
65
144
203
31
115
93
152
31
69
102
113
86
124
38
183
190
62
97
235
97
32
87
59
115
84
125
195
132
115
64
61
162
67
227
83
141
43
47
94
50
95
166
8
64
129
68
50
148
108
91
75
112
77
111
66
158
27
120
165
49
93
75
152
48
78
57
89
116
15
70
81
99
99
47
75
115
174
57
66
96
178
71
123
125
155
53
72
146
78
150
178
76
50
96
55
120
89
42
196
57
152
158
34
79
169
94
124
73
56
141
12
144
67
122
56
85
90
105
136
56
161
93
178
14
23
93
45
144
228
133
140
162
83
53
137
84
46
75
39
31
199
38
50
92
27
205
79
136
21
153
126
37
98
121
96
97
105
57
71
151
100
44
110
153
97
101
71
112
121
98
35
182
113
44
157
193
39
229
94
83
118
223
61
169
131
77
9
212
42
204
59
125
89
34
135
74
72
40
74
96
27
170
120
133
53
47
151
52
209
137
164
68
59
160
138
65
118
148
48
66
121
71
48
49
123
58
169
165
63
217
31
72
174
44
100
95
132
181
71
93
85
34
181
81
164
139
45
70
52
80
91
27
24
