718 251
152 415
260 208
180 730
536 749
299 0
584 723
751 632
487 646
66 366
208 500
469 92
456 17
684 772
672 417
19 368
207 298
278 196
653 393
450 583
753 452
118 213
357 613
344 729
271 618
74 645
550 561
641 144
94 342
424 102
503 428
15 653
641 707
442 742
783 412
229 576
738 680
639 770
17 704
614 9
245 337
89 623
595 415
648 462
371 482
530 520
470 457
320 625
336 67
308 556
706 598
710 698
545 138
494 125
281 330
507 271
586 707
620 369
190 520
390 37
713 750
555 670
732 69
238 305
771 238
487 594
266 475
388 389
373 0
367 252
570 277
180 311
99 600
188 458
415 344
755 446
214 544
150 173
1 230
212 554
755 654
734 226
183 562
216 244
227 789
175 733
736 124
293 504
759 515
363 356
149 731
617 124
672 139
45 323
204 701
186 451
484 352
144 689
8 184
577 180
799 469
100 226
401 484
673 575
94 791
671 364
526 702
58 159
370 387
798 266
317 167
667 337
552 78
444 55
258 576
187 379
379 785
283 605
274 447
542 234
536 104
429 761
581 652
717 314
669 477
142 679
553 327
284 684
562 363
14 189
482 101
419 111
177 70
30 546
530 327
41 200
321 569
369 343
358 64
504 761
466 665
660 116
737 268
352 501
800 401
637 583
339 727
473 321
258 679
153 396
297 622
129 298
614 472
620 774
100 769
747 157
5 679
258 77
305 781
585 670
80 89
741 207
177 676
257 773
286 413
688 636
557 30
526 601
458 595
108 156
545 98
669 144
739 161
383 134
616 252
707 373
558 727
118 689
361 73
678 718
460 664
658 709
251 140
673 52
625 88
126 106
755 342
700 531
350 312
245 448
702 667
249 597
404 742
463 73
4 383
745 639
686 430
488 563
188 231
631 440
763 653
709 403
289 192
479 213
402 387
356 225
312 614
34 506
488 400
294 349
513 492
100 260
579 147
276 614
348 249
796 389
134 51
515 620
337 359
52 42
90 319
622 303
105 723
207 432
128 229
578 94
605 673
471 382
439 113
751 397
642 248
693 295
707 781
225 705
700 225
448 64
207 118
300 308
504 496
687 299
426 62
568 210
533 603
555 691
568 145
535 538
27 248
219 557
233 10
507 127
500 52
305 670
580 2
772 776
295 294
575 516
673 712
153 797
295 533
263 404
766 114
317 353
754 668
572 253
435 355
646 110
136 121
476 377
58 428
368 162
713 111
233 612
559 197
465 618
704 535
110 710
783 580
137 225
670 199
518 752
36 254
745 796
678 2
420 152
268 134
749 170
582 260
112 434
174 741
389 442
290 308
648 546
47 498
282 791
127 429
187 288
655 567
314 37
466 105
350 486
313 542
633 466
401 333
539 527
213 759
728 780
5 44
470 683
731 396
709 196
191 8
190 19
18 86
697 38
78 436
436 28
502 714
90 305
706 62
521 468
628 135
668 545
185 265
637 337
114 161
771 264
267 75
294 636
443 276
597 302
507 333
119 267
402 251
87 499
160 278
188 13
85 352
573 624
663 617
9 465
35 764
579 724
211 458
761 147
530 317
307 320
460 616
218 343
698 752
381 727
409 557
627 428
393 349
584 35
668 208
45 282
526 775
398 117
708 164
120 141
459 5
584 72
354 595
369 63
510 453
257 732
391 276
304 62
19 583
33 278
31 595
697 81
0 339
703 676
345 292
292 580
727 132
40 566
608 682
453 623
275 422
216 414
595 257
430 617
440 128
156 764
775 255
516 282
774 654
543 504
389 324
584 508
41 81
35 187
269 546
514 328
294 694
744 76
487 756
321 76
157 236
0 234
268 339
195 200
150 375
13 153
62 86
50 165
337 378
184 225
64 142
253 348
53 170
105 201
57 323
3 84
68 178
67 137
324 359
33 116
286 387
225 320
185 266
366 390
188 218
202 205
11 53
151 220
76 247
173 178
286 382
52 212
73 342
295 322
236 266
14 199
117 271
8 383
143 258
118 342
151 277
331 334
302 366
81 285
210 319
270 358
274 296
68 315
84 304
343 397
319 364
102 350
83 198
167 337
24 114
155 358
143 300
89 188
163 233
69 390
228 235
277 331
220 369
5 326
305 348
15 28
171 265
153 341
127 146
133 368
309 354
240 315
75 229
18 301
49 206
119 286
104 340
234 354
6 226
61 337
56 106
129 246
211 355
159 243
133 292
106 316
21 169
295 334
11 29
152 301
227 395
71 331
0 64
34 201
106 341
99 241
208 267
289 299
52 225
207 292
140 379
52 170
3 125
99 212
216 310
0 239
366 374
4 279
24 206
39 361
38 275
46 364
234 309
211 220
193 235
196 201
73 294
212 272
325 386
216 306
198 322
81 109
1 314
70 263
195 276
110 205
330 387
54 63
6 378
186 201
77 169
66 258
8 217
35 191
268 314
147 328
380 381
333 377
23 396
94 288
50 274
235 250
86 318
155 260
342 381
171 278
70 221
238 364
33 349
25 368
280 393
357 363
144 229
93 194
47 206
84 163
91 244
72 133
270 397
131 235
10 79
93 336
81 354
40 71
24 271
78 393
43 301
346 379
205 366
126 329
37 153
167 217
85 90
42 152
248 310
189 223
121 192
154 288
168 217
128 134
230 354
36 51
96 227
332 390
287 314
12 240
103 145
53 130
32 226
253 281
149 287
174 286
233 288
140 346
136 300
25 31
25 177
114 191
132 310
23 127
93 246
173 283
303 364
12 235
101 331
207 377
206 362
170 249
52 99
179 373
18 105
137 390
150 191
33 139
97 275
274 291
188 302
56 61
131 357
95 294
142 234
185 324
120 249
177 222
48 297
86 285
245 303
63 237
19 346
137 261
161 386
302 328
98 129
91 212
317 336
130 250
14 105
47 136
180 346
5 68
19 197
197 303
224 331
123 142
274 321
16 83
175 201
30 46
110 173
113 130
246 393
209 237
171 309
49 117
225 361
36 80
310 311
181 378
294 314
244 272
21 224
86 270
121 139
18 175
214 254
176 243
3 85
30 319
135 246
170 212
51 348
43 351
59 363
93 317
11 250
96 330
203 272
277 322
160 392
53 298
59 235
53 384
180 383
191 375
134 147
137 374
18 199
81 172
194 268
14 124
84 365
71 322
95 189
140 383
188 390
389 391
90 154
52 244
264 390
73 223
292 314
209 290
218 345
31 156
59 68
198 334
152 199
251 396
81 325
121 398
20 201
28 336
165 195
6 243
120 212
118 259
292 370
101 211
143 289
66 189
19 273
141 184
74 267
34 144
0 161
2 198
58 247
112 170
71 151
1 149
228 384
127 148
32 37
89 204
171 358
345 374
314 339
189 380
129 393
185 392
3 163
57 105
40 237
112 166
16 295
89 218
357 384
273 307
156 368
33 307
83 322
67 89
142 325
34 215
284 326
304 385
188 366
47 327
44 350
189 342
46 238
193 250
301 351
13 232
74 204
106 356
6 106
265 270
332 374
65 168
273 379
45 238
76 394
55 344
130 384
181 348
211 280
183 371
147 344
22 362
57 128
24 47
168 383
13 256
134 387
34 75
120 361
178 357
193 315
30 208
45 245
173 269
270 376
282 313
41 97
241 286
63 295
183 184
93 355
73 149
113 240
17 83
318 371
84 293
65 197
248 297
66 259
3 94
228 240
52 120
8 65
279 356
161 172
138 363
350 383
27 354
212 241
21 324
97 288
37 179
103 190
65 217
160 359
6 341
36 262
223 380
60 281
89 352
44 87
260 397
144 186
91 184
131 173
89 108
98 246
31 38
32 153
123 186
157 399
28 93
317 334
211 277
61 341
169 277
301 391
118 223
77 277
85 125
131 240
245 319
41 368
3 288
147 330
133 370
32 341
49 362
10 82
146 251
137 218
103 291
85 97
135 393
128 330
133 377
37 256
140 273
26 245
254 345
4 106
198 295
222 340
26 167
105 308
300 375
181 226
285 343
78 107
9 194
56 341
317 355
292 333
16 334
225 353
63 71
69 188
59 113
195 373
303 319
62 371
25 41
157 297
139 279
158 163
207 333
224 322
184 361
136 206
203 387
38 156
279 398
185 219
191 394
218 261
206 375
330 344
165 296
290 374
62 376
133 339
104 257
281 348
20 100
101 246
34 308
54 254
56 176
41 370
250 360
222 275
146 365
21 211
230 231
158 293
302 390
147 227
127 150
199 351
187 291
122 378
1 294
160 185
151 334
254 374
143 299
5 248
103 274
344 395
58 342
23 116
180 307
4 176
269 357
55 263
300 394
216 266
16 322
185 236
86 358
90 97
90 257
179 181
63 347
167 242
56 243
141 265
166 361
283 384
148 396
242 245
45 391
4 398
132 157
147 267
115 381
183 265
186 229
126 128
11 113
5 48
285 358
209 380
109 325
162 177
66 342
175 186
101 324
7 388
20 75
168 197
238 303
2 284
186 215
11 228
60 256
85 177
115 149
295 347
25 275
259 381
114 271
70 241
270 371
124 291
150 396
268 333
14 43
1 115
27 320
64 109
51 181
28 317
266 359
228 283
31 370
147 302
98 280
30 210
67 204
242 337
117 136
82 271
64 161
161 285
138 240
49 143
18 57
100 215
210 389
237 261
314 333
307 316
51 305
15 372
11 235
78 280
146 192
21 198
46 208
87 136
168 350
108 289
155 285
190 373
158 365
277 334
216 335
137 352
165 373
306 312
247 394
84 158
249 384
258 394
288 304
6 159
3 304
260 343
54 345
107 312
102 299
40 347
166 252
151 295
125 275
37 181
36 373
96 395
73 189
4 6
122 159
27 91
186 308
120 170
67 352
60 305
221 382
188 374
31 72
196 308
123 239
67 218
328 332
146 396
47 251
26 303
141 320
50 103
212 225
2 254
86 397
319 389
149 294
179 256
176 356
130 235
74 390
159 176
258 299
119 272
238 245
36 190
157 248
248 311
140 307
346 383
184 265
111 123
196 301
178 367
214 332
35 117
124 152
164 209
31 41
170 353
55 328
286 329
81 309
117 191
87 143
116 158
157 182
264 302
14 301
138 367
151 317
77 266
58 79
27 171
60 348
235 360
170 225
23 251
132 266
231 239
49 375
127 233
131 384
99 320
168 273
185 359
75 215
45 303
369 372
94 304
45 197
329 382
16 63
19 350
15 268
48 326
204 352
35 58
213 271
103 296
137 188
297 326
42 301
268 287
43 196
257 288
113 360
8 242
34 229
326 399
139 398
71 115
78 129
103 187
237 374
126 387
350 362
120 225
282 318
208 330
9 314
51 256
160 266
0 325
75 196
21 135
264 267
175 196
195 388
327 396
62 397
204 264
21 77
121 316
218 390
130 228
126 395
48 399
104 154
275 385
61 159
85 94
115 294
204 302
169 324
238 319
138 399
56 378
77 324
122 243
37 232
10 189
51 262
44 289
114 258
43 124
18 201
107 160
237 254
8 140
32 378
368 370
208 227
119 203
56 122
104 222
55 203
199 301
210 238
0 309
124 321
13 60
124 301
148 251
280 369
50 195
297 399
110 269
256 373
263 382
48 367
107 169
8 167
24 213
200 276
36 165
105 175
235 315
209 218
210 303
188 290
105 196
180 316
313 371
178 297
28 151
207 268
272 286
124 187
197 238
226 378
327 375
49 258
91 361
95 149
255 319
174 221
294 333
238 389
155 270
25 156
78 246
90 275
110 202
161 325
317 369
263 272
230 234
5 399
157 311
264 352
17 110
154 257
114 117
103 321
200 262
9 268
93 372
212 244
266 324
19 379
163 293
70 344
112 361
75 144
197 217
29 228
132 216
136 375
217 242
89 302
236 284
11 193
182 284
226 337
8 180
79 82
139 316
157 326
73 381
241 272
11 240
196 229
122 242
77 236
113 235
85 257
19 65
107 359
61 176
184 320
142 161
158 349
67 302
27 278
208 264
144 308
38 340
116 146
39 353
209 259
35 82
65 167
45 364
73 95
166 353
303 391
220 355
205 332
14 308
46 210
29 193
113 193
8 346
196 199
9 336
6 61
174 241
117 213
57 199
146 158
78 135
0 386
6 32
142 239
54 188
108 352
288 385
92 184
192 307
157 367
142 231
155 309
32 181
69 328
160 306
9 28
13 181
7 165
129 369
144 215
155 161
243 316
37 348
318 397
221 239
309 358
142 186
183 318
224 334
51 165
59 315
26 337
150 213
182 326
365 396
194 339
172 285
141 171
188 345
297 363
74 147
187 296
101 169
41 177
270 318
48 138
279 316
8 273
46 227
279 341
48 178
90 94
195 262
64 285
18 43
0 123
90 288
10 223
74 89
258 300
60 181
106 307
183 282
91 265
275 340
239 323
232 281
26 389
190 338
62 270
8 379
134 395
268 336
21 277
114 394
76 191
243 341
243 279
76 114
14 57
69 366
111 239
87 394
370 377
321 338
83 295
89 137
60 232
111 221
47 362
4 356
157 284
150 327
80 373
99 244
24 117
141 270
287 292
173 384
125 288
172 270
177 275
140 316
121 349
222 385
112 250
22 350
303 389
213 327
7 276
48 157
156 340
164 261
77 185
91 320
75 100
17 202
32 373
228 298
114 300
164 381
217 379
181 373
118 189
35 271
246 355
132 335
260 285
240 363
241 382
161 358
237 345
23 192
46 289
72 125
50 296
126 344
165 338
188 214
231 323
2 182
48 68
117 375
63 322
39 183
244 249
254 290
343 358
67 102
233 365
252 361
116 192
39 166
379 383
70 126
90 162
78 98
205 269
7 373
333 339
32 348
176 316
145 165
65 383
93 369
159 337
7 200
293 365
29 298
225 244
60 179
120 130
114 247
4 243
97 125
249 298
287 333
69 205
292 368
84 257
73 287
69 214
14 351
219 392
203 328
118 380
183 313
142 386
205 214
77 198
90 304
163 365
5 297
10 76
175 308
226 243
220 336
237 290
46 102
98 393
197 242
124 351
23 146
58 73
72 368
61 217
151 322
85 222
9 317
185 216
123 231
85 162
90 104
97 385
170 244
29 130
193 228
187 321
251 327
9 93
17 182
131 193
50 187
86 260
98 312
71 334
197 273
109 142
206 251
62 318
268 292
276 388
160 216
171 376
205 374
139 356
259 380
213 375
22 150
200 388
7 36
107 135
101 277
160 312
160 324
22 206
102 289
98 135
152 351
255 391
53 228
94 233
173 357
49 136
10 58
210 255
21 101
154 222
168 346
33 192
39 282
161 234
3 385
190 200
79 191
24 191
354 358
278 309
148 233
26 197
28 220
89 374
45 319
180 273
160 219
57 351
117 150
224 324
169 359
1 73
202 214
78 369
280 355
79 247
193 298
217 346
51 60
22 136
80 190
45 210
262 373
105 111
131 283
107 392
29 131
291 321
11 130
75 308
76 79
256 348
157 335
107 393
253 305
6 153
209 345
72 377
13 281
217 337
79 394
24 148
85 233
243 378
46 319
45 255
292 339
120 250
191 247
263 329
31 368
35 114
7 262
51 373
129 280
96 134
216 392
20 144
149 223
292 377
112 249
12 59
35 213
349 396
221 329
207 368
172 343
258 375
24 150
2 110
322 334
6 176
50 190
263 387
96 264
77 101
352 390
316 398
36 200
290 345
137 302
85 385
181 190
136 394
25 38
83 334
33 121
80 262
267 330
148 365
29 363
119 387
50 321
188 237
353 361
224 277
77 224
86 371
35 247
13 305
80 388
86 376
51 195
35 394
141 371
146 349
191 271
204 227
96 267
165 190
66 87
13 253
285 309
302 352
60 253
163 396
0 231
86 343
92 171
244 320
110 284
26 391
24 251
257 385
371 397
30 238
93 280
232 253
240 357
32 256
155 376
127 396
10 73
162 288
159 378
27 92
296 338
95 342
84 288
125 177
85 288
187 274
209 254
371 376
9 15
40 115
231 234
316 356
15 194
189 381
26 255
116 349
88 187
87 258
61 226
138 297
11 249
131 228
88 100
90 125
182 202
342 380
25 125
43 152
0 142
34 186
189 259
167 197
172 358
171 354
4 56
119 241
16 71
190 262
31 377
40 54
312 392
270 343
154 385
19 168
61 243
287 336
159 226
374 390
280 317
216 219
101 107
150 251
223 259
45 389
22 383
81 161
246 280
29 283
81 386
106 139
136 362
211 224
49 87
172 309
44 102
11 298
193 240
172 260
101 224
174 230
248 335
159 341
86 172
40 345
201 308
2 83
245 255
7 195
47 213
207 370
376 397
80 195
217 273
111 231
227 330
26 242
49 300
165 262
155 172
164 189
2 17
219 312
304 365
241 263
94 148
194 372
137 204
230 286
128 395
212 320
59 399
255 303
287 294
192 398
3 233
267 395
227 264
106 279
42 128
230 382
41 72
101 393
188 352
127 251
149 381
323 329
3 90
100 144
198 224
147 264
1 95
22 47
29 113
147 387
67 264
136 150
131 269
63 290
364 389
214 374
112 353
29 357
91 225
16 40
196 351
130 193
86 155
223 342
87 118
40 290
70 119
190 195
65 379
197 245
113 315
24 35
10 66
8 307
330 395
241 244
326 367
95 381
92 270
204 289
216 311
114 375
36 195
21 359
285 376
52 112
29 235
70 286
12 193
262 388
174 354
132 248
81 142
210 364
344 387
57 221
13 37
363 367
66 380
63 83
331 355
71 347
275 288
9 372
7 190
313 397
111 323
30 267
28 355
1 381
59 178
133 333
29 384
168 379
54 218
145 321
347 381
272 382
130 249
174 382
278 354
180 379
235 298
3 97
306 392
119 382
97 177
64 325
94 97
4 316
277 324
178 399
145 291
125 222
191 327
131 298
41 125
49 394
166 225
108 302
15 93
167 245
59 240
94 162
355 369
215 229
219 306
273 346
64 234
49 114
7 50
221 286
322 331
161 309
26 45
313 318
80 200
22 327
14 229
57 111
20 308
27 184
293 304
54 209
132 311
297 367
68 363
90 222
211 331
55 119
291 338
270 313
273 383
387 395
157 310
236 311
124 196
117 206
166 250
175 229
34 100
8 168
107 324
19 383
3 365
40 209
164 380
311 326
232 305
32 179
20 196
48 363
111 175
282 371
141 183
87 300
277 359
93 220
219 266
133 207
101 280
3 162
82 247
343 376
43 199
124 199
79 114
88 276
14 175
112 120
176 279
311 335
99 119
208 364
92 265
116 121
81 234
12 250
55 147
299 300
114 150
201 229
265 371
12 113
161 343
123 325
66 118
281 305
138 357
72 370
67 289
117 327
211 317
74 264
97 222
164 259
53 249
278 358
51 80
101 135
10 247
67 108
1 342
107 306
107 266
328 366
227 267
88 274
190 388
114 213
96 208
265 320
44 300
184 353
47 117
42 351
54 237
62 183
42 57
220 317
18 196
225 252
234 358
135 280
209 261
67 74
44 143
230 278
368 377
59 138
104 385
245 389
122 226
367 399
55 387
20 34
124 274
91 141
228 357
315 360
92 358
71 295
119 263
375 394
291 296
50 338
78 355
135 369
85 275
109 386
329 344
91 171
55 134
70 387
179 190
226 341
218 352
11 384
178 363
18 42
29 240
20 88
92 376
52 272
42 199
145 338
207 339
176 341
69 374
151 336
211 246
89 261
317 331
363 399
113 228
260 270
229 308
75 88
132 236
130 298
90 177
261 290
191 213
14 196
167 273
134 330
197 346
55 395
5 367
298 384
14 201
52 249
23 158
9 220
310 335
174 329
106 398
190 256
0 81
96 344
170 361
0 354
95 223
200 373
42 43
173 228
179 305
145 296
58 95
21 331
35 76
155 343
74 227
296 321
211 334
151 211
188 261
147 395
74 302
12 315
92 320
77 359
260 376
92 141
99 272
25 72
356 398
113 250
74 352
221 230
120 244
12 360
162 233
9 287
182 236
58 76
250 315
70 329
233 396
70 382
1 223
233 304
58 82
69 332
89 390
108 137
16 198
54 261
11 131
65 273
148 327
129 135
268 294
15 336
55 330
14 152
27 141
134 344
338 373
235 240
284 399
156 370
24 127
39 252
23 349
13 348
87 299
152 391
56 159
54 347
62 260
27 212
103 165
91 92
163 304
65 242
236 326
14 18
36 388
152 389
68 138
98 107
221 323
210 245
102 143
20 229
283 357
326 335
64 386
44 299
307 379
40 63
108 204
174 263
74 108
171 270
146 293
106 243
95 287
32 56
198 277
16 347
171 320
269 283
202 284
105 123
97 162
255 389
295 331
61 106
112 252
106 176
29 173
51 190
150 206
94 365
141 318
132 185
218 237
341 378
38 222
123 175
169 185
8 19
355 372
75 201
181 256
358 376
18 323
4 341
126 134
128 344
48 59
90 385
206 213
74 96
30 364
118 381
188 254
126 330
35 79
214 366
40 254
13 179
18 111
111 201
25 370
115 223
2 202
113 298
332 366
192 349
245 391
160 169
76 82
61 122
207 314
66 164
96 147
127 327
33 398
138 178
50 145
136 258
30 227
125 162
314 336
230 239
152 255
110 182
17 284
41 377
105 239
118 164
211 369
234 278
52 53
64 81
261 345
246 369
179 348
252 353
17 205
247 271
206 327
85 304
263 286
24 375
122 337
65 346
7 80
149 336
119 174
216 359
6 56
10 95
56 226
127 365
92 278
115 347
103 338
107 129
230 263
53 120
94 125
62 313
61 378
27 265
154 275
220 331
40 259
18 351
139 176
55 70
54 290
232 348
32 51
154 340
105 323
51 179
1 287
47 150
188 209
128 329
172 376
68 297
63 254
70 174
248 326
215 308
74 137
24 327
4 139
10 342
140 180
151 331
112 225
223 381
108 218
179 232
169 266
125
68
145
49
57
75
96
73
171
89
57
207
63
143
76
150
201
137
49
180
118
162
52
50
125
217
100
47
38
135
29
98
52
58
185
111
150
129
169
136
135
82
164
107
61
158
129
111
52
127
43
144
54
135
89
66
114
51
189
113
60
98
140
224
74
198
70
168
177
53
109
89
129
94
83
56
130
79
128
129
171
165
170
100
98
54
61
82
122
57
178
165
140
83
152
68
51
93
136
29
119
91
81
66
160
95
75
25
54
125
117
87
71
88
25
38
122
103
17
257
72
208
147
33
181
164
60
78
126
141
64
92
79
87
57
140
176
184
112
125
131
83
103
105
108
77
165
70
155
188
97
97
101
189
40
58
140
133
48
113
56
52
104
103
66
157
26
13
64
62
26
38
27
63
97
43
81
140
171
122
123
58
85
130
52
78
111
54
98
71
167
68
186
63
52
85
128
39
89
204
161
64
156
138
77
86
135
95
74
133
93
32
142
145
110
92
94
139
50
107
95
95
99
49
58
78
15
103
43
158
165
144
17
57
49
57
106
111
56
221
103
116
64
109
58
157
68
104
96
64
145
121
189
71
30
46
15
97
146
63
33
57
95
166
166
54
17
80
93
135
137
116
82
142
98
40
198
154
58
79
156
119
115
72
125
64
156
157
153
145
148
59
62
92
110
49
146
72
112
50
98
117
83
78
84
55
38
48
110
154
120
15
59
126
111
60
272
100
131
54
109
85
99
56
91
145
132
57
103
29
40
55
159
148
51
103
124
45
49
196
248
148
125
117
43
56
88
128
216
107
84
88
51
56
64
125
92
46
104
84
54
113
63
49
71
76
64
117
100
52
23
78
155
121
66
92
118
44
163
31
166
60
46
131
108
95
70
164
97
43
20
58
51
84
134
54
121
149
43
100
43
209
29
76
64
127
86
103
120
100
89
39
128
31
190
146
68
77
126
156
276
43
178
10
39
122
153
77
171
93
164
85
113
72
126
85
165
47
112
145
180
144
107
124
106
152
78
121
69
91
167
36
65
136
157
151
120
139
56
76
68
39
79
44
111
91
38
31
87
114
180
54
158
120
147
41
179
122
42
115
113
77
125
136
144
92
70
76
72
58
121
29
121
137
68
75
136
218
65
91
153
124
27
74
45
170
131
173
241
111
175
116
80
141
88
49
72
90
17
178
137
74
64
41
151
75
35
86
52
42
131
85
116
22
117
120
20
181
175
42
56
148
120
131
100
97
205
59
44
135
48
108
11
79
23
108
82
43
126
133
115
242
160
106
78
69
99
66
107
85
171
43
155
113
62
168
55
6
78
74
102
142
45
121
205
62
123
89
118
110
178
83
99
165
198
55
52
23
49
93
44
53
63
156
146
203
94
22
65
57
201
89
41
201
178
122
216
48
108
125
103
236
72
42
101
123
111
105
111
128
63
19
11
192
121
87
38
114
102
104
79
95
72
68
78
57
83
50
144
139
45
102
72
93
121
62
101
101
92
37
76
171
33
51
35
151
25
113
106
71
175
128
164
65
47
60
69
87
155
73
91
61
11
96
143
96
154
183
86
92
56
150
99
49
61
76
71
101
165
126
110
92
152
106
133
140
51
53
96
75
213
140
72
131
117
56
86
59
31
28
142
78
121
109
9
85
82
69
126
27
53
179
11
180
92
115
51
58
62
96
180
54
126
119
27
68
70
91
76
148
179
66
137
60
58
21
122
113
143
70
140
126
103
170
199
122
82
85
86
205
119
63
114
84
133
33
112
62
237
169
96
56
38
54
210
52
50
108
87
8
81
109
74
54
126
198
177
129
108
170
34
130
128
32
66
95
25
51
81
60
83
171
68
28
152
155
61
113
70
63
122
106
116
48
64
62
146
93
10
141
98
95
96
56
121
164
145
70
100
101
157
159
118
179
180
10
159
59
169
186
109
143
197
45
74
187
46
62
100
190
136
100
107
211
235
99
81
134
87
72
43
187
122
29
72
62
87
130
54
152
111
37
94
64
29
117
75
57
35
100
78
46
83
24
119
18
137
110
171
118
25
195
92
73
125
106
183
238
132
98
76
140
149
141
97
66
110
55
136
11
35
86
127
133
82
150
138
37
118
79
70
99
97
16
162
123
113
124
151
100
106
103
68
114
258
67
74
150
32
97
213
39
133
138
191
25
95
81
66
114
186
91
224
55
92
70
98
101
23
186
66
128
17
64
60
135
159
174
165
194
58
59
56
70
167
85
56
105
58
74
145
161
35
122
122
50
123
156
148
59
252
165
86
152
118
109
118
17
136
50
46
141
88
173
103
170
67
106
120
67
124
63
15
51
110
79
69
104
25
128
94
21
78
152
141
118
109
58
163
141
178
87
211
24
78
144
101
187
198
111
46
110
17
145
63
89
88
81
94
45
42
64
171
126
85
160
100
19
103
190
265
136
31
42
178
91
75
143
50
72
139
176
42
96
103
85
118
141
119
50
135
107
121
152
161
115
80
127
139
133
131
106
26
156
83
109
69
131
100
106
17
66
70
69
216
130
179
29
49
102
212
48
44
95
31
149
185
41
105
121
68
69
88
30
117
73
124
115
7
148
243
172
144
86
83
86
34
161
94
184
87
64
130
69
51
78
177
96
119
82
280
65
119
175
123
65
180
147
194
91
170
31
57
67
125
30
89
87
100
150
156
50
45
110
111
26
59
60
58
44
79
77
37
93
31
48
175
107
60
72
108
32
140
68
96
148
29
133
53
59
82
87
40
159
41
71
205
92
81
14
71
61
72
122
130
58
141
37
94
146
26
22
18
145
17
115
141
64
95
152
96
124
158
169
76
84
165
125
120
110
112
82
84
80
108
44
104
23
135
119
257
89
152
149
98
108
71
174
46
96
75
61
70
207
60
54
104
168
113
83
56
76
43
57
51
108
72
95
214
73
54
34
117
143
70
102
166
92
83
15
149
117
22
132
45
24
69
105
75
58
66
159
56
61
50
199
52
35
154
203
111
69
18
114
146
177
168
72
66
191
196
158
94
62
50
33
125
170
69
75
52
43
151
76
9
8
95
88
98
207
115
149
26
45
65
67
148
30
133
91
83
28
108
136
144
115
225
93
50
111
108
99
43
157
74
47
51
61
137
44
26
127
139
36
33
235
22
116
145
168
92
89
113
45
177
42
17
76
98
147
116
64
78
59
71
22
87
112
63
35
67
121
59
78
55
165
104
10
101
263
113
47
117
104
174
82
26
79
25
60
30
142
140
70
110
90
59
115
141
124
132
78
39
150
106
184
100
71
166
75
28
202
95
37
138
53
54
77
64
102
73
107
103
71
129
71
177
78
71
99
101
67
121
114
62
95
84
59
112
139
107
117
57
132
60
92
77
79
10
108
61
62
74
144
114
39
58
107
83
61
60
35
83
36
163
123
56
47
47
87
82
191
66
123
145
64
173
210
77
142
73
71
101
80
116
177
40
49
105
134
92
106
41
66
19
82
72
145
119
64
69
33
63
62
201
76
54
158
119
103
148
89
69
122
121
145
62
78
30
70
94
5
90
118
95
96
98
52
55
34
19
147
88
97
170
115
76
41
58
81
120
104
51
92
125
139
89
128
220
165
139
52
108
119
91
60
145
102
148
50
42
227
25
74
196
78
63
207
70
101
230
100
198
111
132
70
88
101
59
158
146
180
62
79
135
14
157
119
114
145
68
147
177
132
169
76
146
110
130
169
42
66
194
101
73
33
103
32
93
52
37
74
138
188
125
52
97
292
177
121
12
150
196
99
139
59
84
169
120
99
55
77
118
38
81
136
112
57
67
83
66
126
62
77
156
44
65
53
32
147
188
119
59
49
95
68
68
62
46
138
103
119
107
57
70
168
141
59
91
93
150
46
29
125
97
142
63
97
126
88
69
50
96
144
77
118
67
120
91
103
33
204
58
35
121
140
87
25
104
26
109
157
76
79
43
52
157
91
11
159
156
112
76
134
73
166
48
71
165
128
221
51
123
60
59
24
72
64
153
85
98
62
48
66
48
88
105
55
50
83
82
86
57
61
80
25
108
239
119
74
134
110
187
37
67
61
126
90
99
125
131
96
76
41
91
44
82
144
100
150
74
22
190
52
199
150
125
100
93
65
140
94
103
155
59
130
70
105
84
117
124
40
125
169
97
151
99
65
101
155
98
273
48
50
151
35
61
52
108
94
97
39
135
94
123
57
116
147
156
180
78
53
172
59
198
112
123
50
24
77
154
155
122
128
229
93
138
179
159
147
25
68
59
52
46
139
161
40
81
136
34
94
69
52
56
72
75
158
164
115
93
87
95
94
31
30
80
93
79
35
131
77
44
54
49
21
213
62
61
58
125
75
163
84
150
103
92
60
92
45
79
40
64
81
76
95
101
163
36
85
27
80
40
35
66
144
137
191
26
105
48
157
71
128
59
136
117
126
106
47
110
93
90
154
152
118
77
182
55
30
162
100
125
101
93
46
101
190
65
186
166
138
142
90
67
86
75
89
6
44
56
38
54
175
80
