398 733
64 593
624 766
319 699
378 367
471 348
720 27
145 388
675 541
380 220
664 795
438 242
775 303
582 684
601 595
306 98
680 653
695 238
262 64
21 692
575 650
503 272
151 235
455 791
373 621
656 402
73 641
661 763
762 526
489 205
665 382
136 35
110 356
54 750
28 338
265 551
567 416
599 748
131 2
719 473
103 414
0 508
308 690
78 316
94 449
255 142
405 648
623 495
616 688
7 661
363 230
623 342
300 212
280 506
602 310
571 707
269 117
252 367
487 5
334 518
596 476
403 327
541 115
317 372
628 681
406 141
349 669
189 188
399 215
540 743
116 428
209 160
271 716
763 751
365 736
149 333
504 443
786 476
682 495
703 231
332 305
595 664
715 469
223 525
372 538
104 85
140 458
243 436
662 548
366 787
772 372
180 247
707 636
349 771
248 24
21 433
443 636
574 269
23 706
353 652
48 77
295 342
100 28
325 647
571 192
716 247
330 390
374 57
317 478
360 283
450 145
671 511
521 58
656 175
152 553
136 518
619 39
746 232
453 674
795 785
45 524
512 361
396 351
556 47
448 179
149 646
569 687
617 448
344 441
570 475
177 255
222 152
631 11
560 656
36 390
569 562
715 262
409 191
167 777
614 494
168 32
654 394
243 725
415 729
205 459
513 7
563 326
547 137
754 69
716 701
170 553
693 754
202 761
800 114
51 540
243 84
393 479
700 81
214 710
194 393
32 320
283 739
118 172
238 32
81 785
478 527
767 683
750 113
689 591
271 791
728 183
460 570
707 287
164 112
566 249
248 45
49 113
217 783
385 102
594 47
760 329
778 479
693 301
112 563
348 143
486 729
556 617
451 507
398 600
63 56
748 144
523 76
567 741
766 167
781 730
714 277
649 24
483 467
49 591
46 299
750 377
156 509
585 737
237 347
584 186
280 406
8 301
556 742
194 567
418 706
685 790
391 94
663 154
614 237
248 300
675 263
568 557
262 239
394 208
536 680
32 772
99 344
21 584
542 632
91 327
46 250
106 455
443 476
92 424
465 423
248 784
642 760
717 142
507 671
281 182
674 566
460 74
333 177
682 398
90 42
545 422
399 416
456 149
643 271
728 438
314 543
570 333
287 425
215 98
274 37
676 42
749 494
692 386
699 40
787 769
352 221
56 19
736 546
532 429
563 614
659 473
448 686
603 353
794 252
279 222
400 492
763 397
424 586
224 75
593 198
501 22
309 46
105 420
455 326
295 288
520 501
412 85
1 301
308 494
98 79
762 653
25 682
437 549
498 520
613 254
685 144
0 419
358 219
284 600
221 683
201 192
268 569
607 667
163 321
94 8
516 485
512 737
55 110
328 634
518 418
344 780
126 769
508 314
231 531
200 342
755 29
511 38
364 138
642 506
711 454
381 208
6 508
54 491
156 542
614 118
324 428
484 30
3 502
244 692
366 291
144 720
543 523
603 104
65 485
782 575
76 337
471 129
418 289
370 491
780 86
410 552
134 147
64 755
288 237
646 684
597 713
606 401
201 87
538 665
537 304
402 694
727 776
656 408
652 383
400 303
669 65
306 277
186 282
249 499
132 349
726 274
429 302
585 475
629 181
610 327
698 497
180 74
15 365
82 401
401 762
117 710
428 681
460 262
212 182
30 463
116 332
20 453
279 258
262 159
712 205
244 576
570 726
258 720
299 551
300 127
324 12
122 384
115 75
207 86
222 637
441 204
191 519
542 479
656 683
650 550
200 429
333 366
513 535
583 554
680 191
436 462
780 57
572 446
207 337
107 340
291 143
338 795
36 708
529 131
713 133
282 330
174 204
135 259
268 337
1 222
293 304
87 144
35 303
71 173
132 196
32 394
199 325
368 374
41 366
91 363
76 240
138 320
60 308
167 193
98 360
170 399
156 187
131 337
32 365
236 326
114 313
36 392
109 255
302 362
237 287
113 232
25 336
117 193
308 384
31 140
7 272
337 356
105 369
18 268
292 383
9 218
110 276
83 303
7 32
123 145
205 386
158 372
129 139
45 290
36 60
4 122
82 181
86 144
155 337
244 309
72 289
45 131
34 325
126 223
212 369
179 196
246 262
23 296
264 274
278 328
84 265
335 371
47 352
40 44
208 370
288 373
65 124
264 367
51 243
137 310
48 55
119 341
221 376
86 385
18 56
291 348
84 188
9 68
160 206
283 387
138 230
52 367
296 371
117 136
120 364
24 46
320 332
125 158
144 201
116 132
275 283
75 376
86 272
56 248
70 228
26 360
260 309
136 350
28 77
55 81
162 290
17 136
133 233
15 107
64 81
166 280
43 206
337 378
67 71
212 399
85 239
38 294
156 227
6 250
255 310
73 151
33 301
202 371
56 155
222 311
185 261
265 282
221 358
108 128
51 146
214 304
325 358
245 278
244 251
79 172
41 120
103 298
141 262
76 299
309 355
135 216
389 399
65 218
172 195
137 242
82 251
208 303
48 383
108 315
140 378
278 315
97 174
140 163
146 302
138 158
170 193
87 348
4 241
215 350
95 323
131 173
0 209
151 341
44 226
38 102
290 368
66 298
53 83
332 397
144 348
94 163
3 74
167 399
7 376
62 147
279 377
22 347
210 341
106 386
244 355
67 368
334 383
184 237
322 345
6 345
2 231
29 380
14 20
291 370
105 263
166 194
65 307
295 299
20 48
284 353
156 241
80 386
349 394
127 129
211 276
334 335
311 323
146 174
121 273
126 202
138 360
79 369
51 354
12 263
47 60
16 64
219 338
115 183
208 291
193 399
114 381
93 396
180 266
104 213
130 363
150 303
92 280
92 149
24 188
33 360
72 230
277 357
81 186
135 186
175 271
45 248
219 233
226 272
37 207
75 221
153 190
100 176
54 339
153 232
31 294
72 372
323 366
118 143
101 205
115 201
17 182
156 328
105 117
127 392
39 309
140 377
85 173
92 166
70 358
187 387
205 315
182 243
369 389
57 101
55 338
17 79
219 371
160 357
14 135
59 156
157 250
41 312
265 390
146 246
62 322
34 43
246 336
217 367
128 328
46 118
235 308
163 337
45 374
177 372
285 399
21 97
98 397
295 382
172 182
364 366
210 231
157 305
43 349
50 137
236 270
104 353
149 341
304 349
149 383
152 230
136 369
3 103
247 386
188 267
148 167
134 366
167 232
54 146
60 260
24 96
246 354
58 316
185 219
148 232
83 150
148 329
32 221
187 197
113 399
154 312
228 272
53 303
17 389
58 270
44 364
219 296
246 339
149 254
6 196
220 397
72 158
84 373
141 342
212 232
60 129
229 299
133 259
49 98
329 391
349 365
269 284
240 336
82 244
113 213
119 254
17 350
19 49
129 258
69 202
174 243
53 108
85 377
84 156
100 189
112 147
192 335
202 231
31 279
134 364
17 117
121 246
209 361
79 170
20 186
76 382
327 362
196 345
61 109
239 294
289 320
43 325
88 308
157 391
148 253
217 333
248 356
231 334
63 315
281 332
183 313
32 43
64 334
121 146
100 279
175 378
112 306
384 388
178 184
11 380
206 325
18 175
17 170
234 363
289 318
303 373
325 357
117 263
247 315
148 190
249 268
268 356
113 285
136 195
21 29
41 311
209 359
163 356
224 365
197 299
214 347
174 339
36 258
233 338
342 343
107 271
13 192
308 355
169 372
55 371
16 383
226 323
31 102
159 393
22 363
60 127
14 186
103 288
265 330
31 239
6 253
237 255
236 316
149 166
16 168
312 366
89 300
78 88
66 74
39 111
55 219
55 292
163 378
83 348
370 379
109 351
112 270
250 345
78 309
60 392
65 137
252 309
95 358
128 156
16 149
140 239
46 261
157 196
158 320
78 260
79 215
214 274
61 351
286 317
46 267
305 391
59 278
236 276
28 82
127 336
105 215
245 328
30 238
209 340
240 352
106 247
113 369
50 218
234 367
8 111
43 199
214 393
91 293
150 208
235 257
80 274
189 279
137 307
110 236
5 273
54 213
251 257
44 272
26 222
283 382
244 252
157 190
39 260
164 301
157 345
104 284
161 169
359 361
44 323
43 277
55 126
168 257
42 103
101 386
199 225
108 348
284 354
154 317
157 399
13 55
97 339
123 132
202 335
84 328
68 287
200 244
260 308
142 372
260 342
116 123
165 330
69 371
62 112
382 392
26 183
11 310
165 227
155 356
74 143
165 283
239 297
237 310
115 226
148 157
46 340
109 319
153 391
46 209
161 300
288 370
129 382
35 83
28 251
230 372
295 321
353 389
153 193
108 247
304 393
85 279
107 178
253 305
159 385
155 248
13 371
279 297
347 393
285 353
191 398
101 106
46 96
308 352
3 66
63 80
314 345
108 373
63 101
223 233
382 387
204 213
327 344
262 354
374 395
143 361
95 364
287 333
87 159
94 268
226 312
318 379
25 252
273 344
167 285
54 284
178 211
226 358
120 198
160 277
129 240
26 281
118 361
160 325
204 269
7 70
318 372
33 220
304 347
148 153
149 210
192 296
221 365
64 126
135 387
32 40
365 376
218 255
191 236
244 266
29 124
101 214
54 354
146 339
88 111
323 364
282 283
99 288
125 379
81 335
35 245
71 290
365 394
41 323
13 202
40 86
81 133
328 330
113 314
86 228
156 330
155 378
266 309
87 205
331 377
155 175
81 383
336 392
82 111
7 394
130 290
72 161
11 29
98 281
310 380
45 368
30 342
145 306
95 357
108 245
1 26
20 133
25 260
70 226
53 59
258 295
137 287
343 354
93 359
136 172
63 106
203 214
44 358
7 228
164 320
25 141
84 267
122 319
19 332
88 168
75 293
5 122
143 209
201 208
97 354
5 61
283 321
344 362
114 303
35 278
13 126
164 397
255 287
30 252
214 333
6 148
182 215
161 230
162 331
27 37
111 260
149 334
179 270
125 289
10 202
39 244
195 350
68 380
261 361
140 337
0 261
71 337
240 295
11 327
72 318
56 268
253 345
126 335
163 175
50 52
44 228
45 234
147 191
139 352
243 354
25 342
46 103
167 305
39 82
10 341
105 136
168 324
104 147
44 366
196 250
47 308
111 308
300 396
336 342
238 244
101 203
12 90
111 384
142 169
190 193
123 270
5 121
27 231
128 278
28 324
140 356
84 245
28 181
12 180
40 228
300 359
65 326
14 259
189 377
278 373
261 340
108 328
179 322
112 123
321 387
197 275
120 323
117 170
133 223
47 78
248 378
144 159
150 201
287 310
290 363
69 192
125 360
352 382
207 335
167 190
49 222
158 177
163 268
53 245
113 353
172 215
142 318
62 306
293 394
83 144
14 81
148 391
20 259
240 299
198 311
217 274
70 272
40 226
100 256
182 195
68 255
144 381
151 210
212 314
1 183
90 252
184 310
110 211
299 392
57 385
112 398
26 397
171 387
314 353
301 320
155 249
142 158
270 316
127 260
46 188
279 294
152 169
0 143
89 93
93 300
239 256
35 348
50 255
118 209
66 99
52 217
174 213
2 192
325 349
141 252
211 307
295 392
94 175
50 310
8 168
184 307
127 343
17 172
85 176
229 241
19 281
34 357
90 180
15 374
123 179
169 396
36 299
20 81
165 282
173 248
116 345
116 253
57 205
256 279
317 323
57 87
117 350
43 365
350 369
35 370
237 307
152 289
189 239
52 287
339 354
208 381
340 361
109 287
122 351
59 108
299 382
64 383
22 130
59 373
54 246
243 284
47 111
141 343
23 185
237 395
19 220
150 381
242 398
48 126
131 155
102 256
72 142
197 390
164 360
191 326
258 299
15 395
58 306
79 105
2 210
2 335
286 358
44 312
275 387
61 80
280 324
24 103
212 285
12 350
295 387
54 262
88 235
110 124
52 255
113 204
209 261
95 312
17 105
47 129
83 201
116 179
12 172
151 383
106 128
120 366
165 321
67 91
275 382
61 327
297 377
190 285
51 54
14 216
262 343
49 198
76 258
81 292
126 207
109 274
271 375
104 269
124 242
160 225
79 136
187 295
132 345
149 280
171 282
274 319
109 327
19 397
131 248
131 290
238 342
124 380
200 266
129 352
185 233
169 177
128 247
80 367
261 296
52 264
14 388
15 307
340 359
76 390
311 366
218 287
181 244
74 93
349 393
77 181
139 392
45 56
42 99
138 152
182 350
234 333
11 68
35 291
52 333
195 215
26 198
288 379
68 124
285 369
289 372
252 266
112 179
27 151
1 120
321 352
63 205
131 395
205 247
301 360
4 106
313 381
8 260
170 190
234 395
16 280
135 321
258 382
250 253
351 362
37 192
152 372
265 328
191 316
74 359
69 185
207 371
136 182
122 241
88 384
221 325
46 361
97 246
186 338
60 382
196 253
118 261
233 261
18 375
75 365
44 86
84 282
121 240
152 301
145 236
225 277
238 343
197 258
46 66
69 296
57 203
117 195
67 130
8 47
108 278
78 251
15 155
3 372
18 378
7 75
51 141
193 232
53 373
215 369
57 304
128 205
234 374
252 343
67 331
206 357
12 200
186 259
75 304
45 155
154 222
4 63
303 313
67 162
70 86
356 378
138 177
289 379
136 263
111 139
257 355
50 109
102 377
55 192
232 399
56 395
106 315
172 243
8 384
62 326
248 337
3 161
220 281
10 210
168 235
6 329
0 359
307 374
24 66
160 224
21 339
21 273
107 211
154 183
100 297
87 385
171 330
85 102
127 352
74 209
9 11
55 133
173 356
116 250
156 265
71 368
320 360
118 185
321 388
240 258
15 56
76 392
302 339
197 227
211 236
218 380
60 139
151 194
193 369
116 322
96 188
43 224
206 277
92 235
68 218
227 229
76 227
68 327
83 208
81 126
162 173
25 51
190 399
42 372
19 33
239 377
362 380
75 393
153 167
189 294
134 286
288 291
139 384
186 388
348 373
167 391
40 70
99 298
130 347
111 355
3 318
36 129
352 392
178 307
163 248
229 390
228 358
370 381
56 374
216 259
137 218
76 197
145 270
65 242
185 209
4 80
180 200
220 332
0 93
267 330
129 392
81 334
120 183
176 297
188 298
38 140
32 293
43 160
254 341
204 314
73 119
292 334
13 81
311 312
64 292
199 277
24 267
90 200
44 376
214 217
62 314
87 247
16 92
50 237
33 281
11 362
136 243
129 275
31 85
269 353
255 319
97 243
23 143
325 365
47 384
172 350
131 368
10 151
28 39
262 336
23 359
34 134
3 298
38 377
75 224
224 325
223 338
116 196
86 115
171 187
132 250
18 163
134 357
109 346
291 373
259 388
109 344
33 98
78 111
192 371
259 338
18 248
61 319
97 213
65 178
249 375
247 278
348 381
66 361
158 289
57 63
236 306
40 376
67 290
189 297
52 234
32 325
28 257
203 393
301 332
77 82
203 205
28 355
73 166
175 337
117 369
363 368
224 394
37 231
149 151
358 376
126 219
36 127
217 234
98 220
39 355
143 185
184 395
102 279
173 331
292 335
161 177
7 40
36 240
78 384
6 305
20 292
251 309
45 395
85 189
123 322
158 318
97 146
189 256
234 237
141 238
89 396
47 127
241 315
100 377
3 93
165 387
51 262
235 384
121 339
122 386
142 230
142 161
88 355
158 379
16 334
10 231
80 109
251 355
4 344
53 291
39 251
281 397
286 364
21 174
20 219
74 89
319 344
35 59
134 160
27 202
65 184
0 340
161 396
176 189
126 371
24 298
227 390
22 162
198 222
168 384
191 270
142 152
50 287
34 160
36 336
85 297
173 337
215 284
312 364
153 329
250 305
9 109
82 260
312 323
200 238
119 166
174 269
34 206
124 326
102 140
47 260
256 294
136 215
138 164
152 320
176 377
80 101
166 254
239 279
228 323
5 351
74 340
58 145
199 221
71 248
25 343
286 366
221 224
132 179
48 334
96 340
9 137
48 292
138 301
180 263
194 254
9 287
9 310
18 94
92 383
179 306
101 346
111 309
274 346
79 117
126 192
26 125
216 388
147 398
119 151
46 99
187 283
319 346
126 292
71 331
0 300
15 271
71 131
45 71
325 394
319 351
115 150
131 234
73 210
43 225
24 330
268 378
217 346
33 320
246 302
311 317
4 61
214 346
370 373
90 244
96 261
18 155
242 326
26 98
121 302
75 347
293 347
86 226
84 330
9 380
190 369
274 333
1 114
12 136
25 127
75 394
17 215
8 355
13 20
35 53
30 336
110 137
333 346
85 100
170 285
305 329
171 283
274 367
218 237
8 78
1 154
159 203
219 223
226 228
146 262
61 344
187 275
145 316
134 228
67 131
96 233
199 206
159 304
163 249
29 242
73 254
116 314
63 386
154 198
89 143
41 222
52 395
78 308
49 397
216 275
267 282
93 161
11 137
82 309
135 388
170 389
95 286
5 302
143 340
58 123
92 168
102 294
32 70
2 151
62 123
89 359
105 389
70 376
303 381
36 352
177 301
45 363
95 366
77 244
132 253
105 195
160 199
306 316
127 308
175 268
118 340
137 255
173 378
113 212
8 88
2 10
112 316
21 362
53 87
59 245
105 182
15 178
258 392
111 235
34 199
127 141
123 306
35 288
218 310
200 252
213 284
112 236
171 188
147 322
41 154
83 370
11 344
16 48
65 276
0 89
142 289
293 393
184 374
154 323
17 195
276 307
124 218
56 368
122 273
241 390
179 250
180 195
137 380
32 349
20 338
145 191
40 358
270 306
120 317
73 194
150 183
158 161
38 239
42 66
133 219
69 207
32 75
55 69
6 391
368 395
170 232
139 308
213 243
317 366
197 295
19 98
91 290
213 215
260 355
62 398
315 386
165 295
9 255
238 252
179 314
156 390
74 300
42 72
163 271
142 177
206 225
294 377
61 122
275 321
166 341
228 376
10 37
183 201
6 157
126 133
24 99
229 258
155 268
327 351
21 302
48 64
164 220
96 361
81 223
0 361
94 375
107 276
80 346
151 254
15 184
202 207
110 380
237 374
56 131
170 212
38 256
224 349
328 390
55 207
37 371
309 342
51 336
216 321
68 310
177 230
319 327
78 355
53 278
208 313
214 367
33 332
95 134
52 237
39 77
125 320
112 145
91 130
169 230
63 128
326 398
63 247
245 291
17 369
13 133
203 304
48 335
37 69
120 312
278 348
37 335
283 295
114 115
286 357
129 295
184 211
133 338
99 103
60 352
61 273
104 398
232 369
13 64
118 233
252 342
251 324
167 329
293 365
126 233
105 172
67 363
75 349
20 126
263 350
94 155
180 350
141 336
80 344
157 232
8 257
291 303
29 110
37 55
176 279
191 306
104 174
221 394
32 358
275 295
52 368
183 198
185 361
165 171
90 266
114 183
3 99
194 280
152 158
32 376
8 308
359 396
83 313
34 277
7 349
192 202
26 49
42 74
207 296
237 368
49 281
356 377
16 166
64 335
187 330
42 318
104 204
172 180
242 380
346 367
96 171
94 249
175 248
273 351
150 313
102 189
54 243
52 346
106 122
317 364
35 373
273 327
215 243
232 285
0 74
123 316
96 118
29 362
154 311
171 267
114 150
30 141
113 269
119 194
186 223
212 353
81 259
128 241
9 50
232 389
174 284
113 389
93 143
157 329
65 110
288 298
57 159
333 367
41 364
25 30
110 242
56 234
7 221
0 23
273 362
59 84
276 326
143 359
34 224
14 384
349 376
249 271
105 350
126 338
110 178
197 283
17 243
9 237
169 300
13 292
47 139
178 276
223 259
37 202
1 49
33 164
97 284
27 341
293 349
152 318
83 114
31 189
82 355
73 341
127 139
30 51
114 201
201 313
22 91
68 137
83 291
198 281
43 394
59 328
272 376
31 356
240 392
3 42
161 318
50 319
186 216
285 389
15 45
25 238
240 382
15 249
173 377
51 343
97 269
66 340
106 205
208 379
216 387
155 374
8 235
58 236
7 159
13 219
47 88
149 194
127 342
80 319
164 332
13 48
152 177
10 27
31 173
255 333
33 397
12 195
112 191
197 229
22 290
40 272
128 315
107 375
86 201
50 68
57 214
123 191
56 378
192 207
120 311
102 239
41 317
165 197
3 72
51 246
188 282
91 347
18 271
83 381
128 386
139 260
99 340
55 335
179 345
344 351
42 298
79 350
213 353
20 223
13 338
311 364
11 21
57 393
35 208
121 299
190 232
42 161
238 309
79 195
59 265
66 103
185 296
303 348
32 272
187 227
31 38
115 313
212 389
11 218
122 344
72 169
53 348
7 385
181 251
39 78
30 343
46 298
234 264
2 37
257 324
11 351
18 249
76 229
187 390
99 188
147 314
213 269
48 81
221 349
74 396
76 275
106 241
234 368
245 288
336 343
157 285
147 269
227 241
98 332
13 335
4 386
155 163
4 319
332 360
32 224
73 149
133 292
264 368
65 310
129 321
15 18
151 231
115 381
321 382
157 167
54 174
55 202
134 358
65 211
231 341
130 293
253 391
217 264
124 137
120 154
120 222
248 268
157 253
39 181
187 265
79 389
227 265
272 358
2 202
62 191
197 382
31 377
54 97
199 224
188 330
100 239
1 198
110 326
170 369
201 381
2 27
94 271
196 322
144 385
57 247
148 305
58 112
146 354
78 82
11 124
43 221
18 337
44 70
96 267
312 317
131 363
264 346
175 249
190 329
27 210
231 335
77 251
76 295
19 26
71 363
161 372
314 322
376 394
133 186
85 331
264 333
165 275
42 142
204 353
187 282
273 302
101 274
303 370
194 341
143 261
165 187
158 230
22 67
150 370
147 204
128 265
122 327
360 397
245 373
114 208
61
172
148
49
93
58
60
106
139
30
48
85
98
110
140
93
141
141
59
278
117
138
109
74
89
24
54
120
176
129
129
69
202
63
46
152
59
109
100
122
28
160
24
56
161
83
135
75
81
127
35
106
86
120
35
124
79
131
93
116
137
49
92
112
138
109
67
92
40
102
127
151
63
105
63
81
149
63
120
132
213
140
43
43
58
112
153
154
67
123
121
140
141
190
49
84
60
100
77
26
232
123
40
144
124
89
55
133
119
100
30
173
18
88
161
121
97
93
128
84
81
172
24
51
215
117
124
106
90
144
189
164
112
173
106
144
20
169
48
135
10
147
69
16
80
87
83
96
120
174
103
58
160
67
157
67
138
89
91
180
118
38
105
23
61
167
101
101
125
60
36
146
47
33
61
33
76
86
46
130
137
13
77
157
126
33
59
62
73
192
144
100
196
160
82
153
151
76
118
58
57
162
182
163
85
145
65
42
134
71
105
44
63
155
90
119
26
71
70
186
128
123
186
73
109
108
81
155
137
135
113
76
55
102
144
149
64
86
174
132
42
145
77
127
25
131
30
93
56
30
100
106
81
68
75
69
159
90
56
151
27
109
68
64
140
53
93
61
25
106
90
196
67
57
114
200
147
127
145
85
131
36
75
41
28
66
187
154
60
96
63
92
137
175
109
118
150
85
54
107
194
123
47
159
85
115
43
110
158
67
50
31
59
180
88
41
164
137
40
132
112
97
115
164
178
113
111
20
56
36
72
76
129
41
56
134
128
62
201
42
52
89
157
95
83
94
32
169
28
108
116
97
65
163
65
149
46
85
94
151
116
74
99
60
233
38
92
236
83
38
92
104
109
179
138
113
28
100
97
79
49
193
113
73
216
70
114
86
50
114
161
88
37
198
147
130
77
36
186
15
128
124
60
142
147
116
37
33
28
123
141
124
183
33
72
51
100
61
128
83
90
108
164
64
65
122
77
87
112
62
52
68
126
165
104
64
151
104
71
198
101
58
97
105
64
117
154
107
81
131
74
171
194
62
78
59
78
201
82
109
66
91
207
115
57
190
59
47
171
114
139
108
116
53
89
122
210
77
177
78
65
124
104
30
82
76
52
163
80
160
122
135
141
66
105
128
89
96
87
52
177
118
112
105
181
204
135
129
66
65
177
76
118
76
194
92
23
102
93
103
57
104
101
259
96
117
150
133
28
136
144
177
152
116
23
63
144
91
107
50
77
85
150
108
97
63
78
18
13
72
160
89
68
52
109
70
153
159
147
66
108
90
109
210
115
92
96
77
94
61
35
35
100
77
139
129
155
99
73
57
129
215
124
21
109
131
46
133
82
63
136
26
144
60
37
168
185
144
122
62
104
126
88
137
101
175
86
141
116
47
89
63
59
91
236
219
117
116
62
30
125
112
73
86
190
186
118
176
54
80
138
185
100
130
142
180
142
130
67
84
26
61
42
61
89
95
153
113
38
178
79
96
104
103
151
144
50
33
56
139
170
180
23
94
75
96
74
40
128
35
81
153
113
61
80
172
155
35
109
9
69
109
85
104
72
47
156
48
80
219
206
275
85
35
90
52
166
194
97
122
87
72
142
98
101
34
105
64
77
132
70
152
18
194
105
6
189
20
183
148
121
93
44
51
20
67
121
74
185
53
103
85
145
113
21
133
121
46
86
59
66
28
168
111
43
75
107
50
113
168
90
69
99
105
142
35
160
32
179
81
38
15
27
181
83
133
64
196
147
123
50
54
66
61
99
90
144
174
62
60
58
129
61
38
86
130
91
139
149
94
131
153
188
203
102
132
189
133
130
95
131
87
152
47
36
120
100
73
217
20
33
13
87
81
21
103
42
82
116
144
60
57
84
77
61
78
120
18
218
119
115
105
25
58
61
90
57
71
70
52
105
135
97
226
95
207
90
201
116
72
181
97
95
91
74
120
118
75
53
127
174
115
66
77
93
59
56
86
89
18
142
74
220
49
82
111
197
133
30
63
175
175
48
134
109
54
116
123
205
69
94
183
231
153
33
170
69
119
58
36
74
156
88
105
64
98
108
65
176
146
108
130
120
120
80
64
202
149
53
147
60
128
37
24
92
72
49
40
77
140
34
162
86
128
56
132
91
59
60
55
46
41
66
24
116
131
84
105
123
59
48
181
86
163
148
60
149
52
161
18
173
44
90
88
49
118
93
29
79
78
55
216
125
102
58
212
180
66
134
107
50
118
48
139
111
66
175
93
81
217
66
77
63
125
40
185
39
61
129
75
47
97
149
22
71
58
154
117
101
154
18
176
81
61
76
113
162
118
202
83
53
163
113
48
43
126
116
100
23
129
154
167
64
83
120
105
94
206
70
117
96
119
73
173
216
24
139
59
69
166
147
219
54
79
131
93
152
84
68
157
137
50
29
53
94
119
43
154
46
95
190
43
78
124
75
142
149
75
131
112
72
126
58
65
159
136
117
128
75
103
109
91
44
116
86
88
127
32
113
178
87
112
136
102
41
179
178
121
81
20
19
209
11
152
185
227
65
94
200
93
45
144
89
87
83
87
149
72
127
64
117
160
195
67
19
80
69
57
187
153
82
45
103
114
65
228
34
103
59
95
22
115
85
81
117
80
76
75
65
116
141
8
148
86
137
60
93
148
57
50
62
115
65
128
92
38
107
166
75
114
61
73
85
68
186
69
101
84
153
80
77
111
67
39
104
101
174
98
112
114
154
201
85
48
46
72
122
168
97
79
40
145
51
82
67
64
44
30
81
170
97
153
115
97
150
63
229
56
65
114
43
33
111
69
70
68
35
141
72
119
97
106
137
73
88
30
123
80
88
83
109
122
116
72
125
73
55
126
83
123
131
51
97
40
81
96
71
105
102
101
169
98
83
34
71
98
180
155
180
46
48
36
65
173
157
94
178
73
90
112
46
136
195
158
87
31
83
82
116
53
43
97
88
183
91
71
125
155
95
129
23
201
63
134
74
94
30
37
66
56
84
141
77
73
127
121
139
33
133
140
116
123
96
152
83
76
48
219
205
122
67
192
48
140
126
115
30
81
64
42
92
24
113
36
150
44
59
90
142
85
38
31
126
175
201
185
189
27
72
144
90
31
53
281
121
123
168
82
151
196
95
40
59
74
171
107
83
253
219
190
40
97
170
92
18
103
98
134
164
146
66
49
82
99
111
60
58
81
139
106
84
137
185
99
97
45
106
68
88
148
132
94
163
171
79
98
80
106
68
111
118
121
96
48
30
157
56
100
140
149
56
91
73
82
46
191
24
102
146
105
166
41
127
133
103
147
101
31
31
96
57
101
45
81
72
33
163
137
183
113
176
90
122
98
271
73
29
168
160
89
50
69
99
39
158
71
88
35
26
67
68
45
91
88
124
163
55
165
107
67
55
85
25
149
42
114
73
133
169
64
161
139
103
107
105
132
116
104
129
72
64
121
76
78
154
145
64
23
100
107
75
48
49
55
115
119
103
134
63
35
53
49
151
87
48
75
118
140
96
38
95
84
63
29
121
69
65
38
76
121
57
114
128
125
162
125
68
80
223
59
99
114
116
58
96
113
26
37
66
40
120
53
167
129
123
93
76
147
185
66
67
94
94
190
215
95
198
51
47
125
136
54
19
60
118
37
79
51
104
29
90
112
140
152
85
12
36
113
74
108
96
66
101
69
74
82
73
162
63
115
76
122
124
93
45
41
12
96
116
161
100
123
54
166
73
95
88
103
42
55
107
90
173
170
108
173
64
173
159
188
88
90
92
147
27
101
26
100
72
189
106
70
123
167
120
142
81
117
170
189
49
109
29
83
116
116
199
81
90
154
85
143
102
36
136
129
85
157
79
62
86
23
64
93
155
223
82
98
131
74
41
84
97
82
113
110
65
38
46
126
94
52
106
152
62
33
131
103
32
203
96
110
148
160
33
66
65
11
143
135
187
78
43
106
79
75
140
61
92
52
80
112
110
127
128
101
61
9
62
29
33
173
117
57
175
112
160
180
159
86
98
46
66
89
85
44
63
104
253
105
51
115
123
37
40
125
72
132
68
116
73
160
175
139
114
105
157
74
147
152
132
54
187
72
124
107
184
71
80
98
61
38
63
91
127
125
197
50
88
155
15
52
162
159
102
165
89
129
19
91
36
12
131
60
160
109
108
129
42
146
67
125
54
167
39
172
113
140
67
100
66
82
106
154
57
58
140
93
67
190
53
44
104
94
61
41
43
103
149
80
214
82
152
94
63
37
219
46
80
148
146
68
85
134
119
160
115
91
42
195
125
202
34
161
109
74
131
117
109
46
98
103
115
199
105
173
63
133
204
119
118
66
69
54
143
127
65
107
58
250
199
166
67
97
23
153
27
78
68
140
120
99
65
101
89
162
54
96
84
82
84
42
65
44
53
77
98
248
80
69
60
114
100
113
65
70
86
56
159
99
55
95
69
168
70
123
74
108
132
41
87
48
74
51
183
40
84
145
59
90
126
159
116
199
132
80
185
95
231
171
193
138
101
37
56
