619 254
225 776
126 84
583 754
83 69
555 753
472 700
238 444
779 233
46 163
131 412
609 518
49 413
508 444
294 768
649 251
197 436
489 442
439 332
313 589
126 623
567 299
117 601
567 467
231 727
614 716
11 432
523 600
564 738
540 514
500 156
300 570
718 259
208 792
154 181
47 128
653 49
269 149
117 633
515 55
496 713
118 640
293 70
603 560
351 319
7 464
176 327
29 212
385 268
19 156
335 736
241 719
668 521
718 451
136 156
396 142
685 195
116 533
643 312
292 259
352 639
9 368
155 211
672 172
755 745
552 452
229 747
54 143
143 408
542 426
506 398
638 386
18 178
578 333
539 128
332 795
591 190
627 573
556 98
568 521
40 75
129 321
116 405
109 421
278 521
766 474
284 342
237 61
248 28
644 461
367 432
720 384
164 635
794 469
463 606
781 170
612 34
457 616
692 262
417 694
456 565
210 381
502 91
711 57
430 415
623 532
774 223
600 633
238 758
311 581
779 253
582 567
635 634
380 625
338 569
796 480
640 564
144 5
510 52
617 512
777 342
68 455
15 287
484 187
345 310
40 703
546 176
344 82
165 671
358 386
155 101
422 688
501 421
527 358
787 64
581 394
790 48
800 85
682 527
320 577
547 93
617 264
380 591
209 751
386 527
771 759
652 43
743 215
582 645
707 0
694 168
45 104
699 14
526 540
142 192
271 42
511 37
716 370
782 603
324 509
265 589
757 676
200 729
493 276
644 430
763 331
651 227
375 168
699 21
270 665
753 568
698 634
473 462
39 345
179 188
315 399
424 576
673 74
551 153
252 365
32 202
449 483
315 691
247 147
425 642
88 500
112 668
745 9
307 367
312 715
209 462
178 762
517 10
50 90
281 565
191 341
7 558
578 320
204 279
345 120
341 686
276 738
409 175
382 91
357 284
683 346
222 581
545 411
293 496
541 297
181 512
166 300
380 762
16 260
144 326
730 685
675 366
413 609
234 407
409 304
270 190
755 170
655 24
384 734
395 431
227 721
144 655
391 635
271 691
135 286
168 146
66 241
631 298
417 518
87 16
474 302
60 285
484 737
330 573
546 207
631 209
298 273
409 619
528 241
582 592
762 299
551 165
261 42
733 619
61 418
1 506
599 691
249 563
364 206
594 377
722 88
648 175
418 368
618 119
658 381
524 273
409 774
590 444
616 559
495 602
26 636
346 409
61 27
661 738
479 225
238 780
273 721
309 282
788 276
671 58
217 730
96 344
521 544
275 674
635 725
107 472
386 223
542 15
258 165
454 204
140 25
766 413
389 133
571 578
218 195
114 741
258 98
680 693
761 410
487 690
744 302
501 471
220 707
303 616
380 123
733 585
443 149
130 272
55 292
756 114
560 366
468 657
540 41
572 442
109 236
699 176
338 347
352 310
703 287
199 72
94 659
491 34
104 580
478 209
228 709
223 481
463 796
724 638
79 643
656 158
257 190
26 515
374 639
514 465
677 163
167 520
64 272
402 722
57 556
675 271
73 242
592 334
374 738
266 681
559 435
608 117
760 700
3 4
430 730
258 722
108 711
84 799
655 232
330 619
646 455
426 377
341 301
184 216
303 142
333 333
143 95
320 39
95 633
797 229
584 537
132 389
572 703
499 618
20 198
684 152
490 341
137 297
240 335
343 752
127 674
540 730
209 434
622 644
476 380
784 388
44 720
195 768
198 17
5 568
262 538
244 285
367 788
778 201
302 495
521 87
711 295
155 23
668 378
722 24
448 142
321 178
743 412
10 65
307 354
548 800
175 174
620 67
429 139
261 18
130 279
129 188
105 138
164 262
142 233
51 108
230 289
172 296
51 201
67 193
65 69
78 118
158 322
4 267
20 369
143 162
52 138
311 312
59 351
66 344
47 67
131 223
165 313
123 318
283 395
20 315
71 205
100 217
146 396
17 181
120 245
127 199
1 33
95 382
0 232
7 208
130 386
27 153
161 341
60 298
195 367
164 259
64 268
29 153
22 357
135 336
71 216
214 229
254 259
273 382
170 322
25 372
289 325
76 239
230 352
278 338
102 118
64 322
30 397
35 72
204 351
54 230
190 210
272 311
50 200
47 231
162 297
57 330
12 45
136 137
50 223
38 357
174 352
51 344
243 260
6 306
263 359
145 215
188 311
209 260
32 295
77 263
201 271
64 292
99 223
367 380
60 348
231 302
23 207
4 193
240 324
175 266
132 172
54 62
39 78
81 214
183 395
146 177
18 257
113 242
302 331
271 319
128 345
84 194
63 310
88 247
183 283
261 381
107 251
116 263
50 201
31 348
13 69
125 345
9 363
261 343
156 316
46 367
114 348
73 209
37 353
19 31
134 137
229 331
141 334
168 388
177 274
310 329
129 266
9 35
186 226
227 327
204 241
50 189
74 246
263 288
225 271
192 282
27 277
29 328
8 32
185 250
203 397
13 23
57 326
19 109
256 340
17 132
23 119
289 395
219 350
87 356
44 272
2 314
213 363
228 319
239 246
292 322
169 182
7 320
83 360
149 274
135 254
79 111
165 295
229 276
10 276
3 279
85 115
74 340
10 360
182 278
7 190
56 347
51 162
108 225
374 391
309 331
236 303
69 308
228 271
199 299
245 313
25 292
133 197
98 295
14 108
145 268
44 204
289 352
52 105
40 321
202 284
66 297
58 336
128 319
32 347
56 329
46 198
133 207
231 309
157 295
13 339
244 372
107 148
169 228
120 157
94 362
111 359
23 328
126 243
95 221
24 201
23 296
21 197
141 240
229 302
115 286
146 152
22 315
272 354
25 279
35 180
268 292
262 339
302 335
298 348
173 236
123 301
61 122
11 52
90 266
239 243
73 336
272 351
144 159
8 358
2 285
220 325
147 382
81 229
110 382
71 164
51 225
103 137
248 292
10 83
46 302
171 372
253 390
352 395
56 63
50 337
154 289
186 315
194 298
16 210
135 339
207 254
159 379
109 379
251 370
95 304
229 399
227 348
78 178
33 270
45 121
41 317
209 365
89 119
40 343
220 283
75 212
143 376
22 41
116 171
191 346
303 399
149 187
42 88
202 287
132 207
98 347
119 263
223 332
315 323
38 315
6 370
183 289
129 393
265 323
56 324
146 274
35 363
97 362
24 344
11 116
92 186
292 341
102 384
195 380
48 124
58 197
283 289
258 329
255 388
118 192
131 327
69 262
170 171
1 143
306 362
2 130
175 354
103 168
3 394
97 306
1 270
245 273
207 308
51 278
155 356
23 262
46 195
157 165
334 347
63 256
182 228
105 359
217 327
80 151
72 151
267 342
197 209
113 227
76 178
305 336
159 383
91 205
317 333
175 393
59 325
184 242
177 388
205 387
199 287
170 300
175 179
31 159
22 323
97 242
39 307
177 255
208 320
9 231
162 376
58 205
197 232
307 316
284 397
30 384
30 123
166 347
353 390
60 182
193 267
52 349
310 364
160 252
179 195
70 172
58 387
135 305
208 379
35 67
291 353
78 140
83 249
56 364
310 324
68 190
234 267
159 238
60 200
197 305
152 388
81 211
139 194
124 311
65 339
146 149
37 291
173 331
143 275
196 333
182 368
209 243
113 217
21 243
72 231
47 331
311 354
34 309
179 371
96 222
256 329
84 160
1 376
69 207
165 374
21 141
124 351
278 344
16 190
201 228
71 259
20 57
91 165
6 99
203 299
28 279
345 346
120 374
62 230
225 344
223 261
131 237
86 367
253 281
9 193
142 238
37 42
236 331
172 328
188 393
271 278
183 390
122 303
200 337
74 102
277 288
84 379
13 17
131 227
84 208
54 352
131 332
155 247
0 15
100 264
162 191
44 393
18 365
237 321
1 24
167 281
317 323
110 147
314 377
107 244
217 242
91 216
186 345
86 179
256 258
31 383
59 220
142 327
52 116
116 119
66 270
117 386
186 375
37 183
191 290
74 239
241 351
5 28
65 207
145 161
285 314
4 80
54 174
133 135
66 201
293 374
56 166
287 301
328 339
301 389
79 119
45 249
128 297
231 363
199 353
127 203
99 212
342 392
108 201
43 111
365 373
247 314
124 241
11 263
247 291
25 28
132 339
54 395
96 396
177 222
323 357
225 275
100 176
152 274
87 314
68 82
36 96
109 252
113 184
69 328
95 106
7 179
134 136
71 135
178 384
236 309
240 347
26 45
112 171
42 155
57 333
103 134
271 338
47 335
164 216
70 305
56 150
98 385
21 209
153 277
40 294
27 244
90 224
122 331
29 277
140 178
21 305
49 151
77 119
169 278
299 397
212 381
96 146
28 361
92 128
95 310
97 184
68 371
36 103
46 366
314 355
255 304
52 300
97 176
10 16
207 305
213 331
106 110
104 224
128 162
0 166
84 109
5 251
267 392
326 378
229 366
3 361
27 94
215 292
51 66
116 244
32 334
110 165
34 352
156 307
166 334
334 385
15 32
285 355
312 393
178 246
35 151
66 162
215 341
124 312
275 297
205 259
1 191
123 126
13 373
319 344
63 364
155 291
79 277
189 200
224 257
32 382
201 344
126 178
91 374
68 83
42 356
167 299
133 373
151 392
259 387
161 215
11 359
315 375
148 288
167 202
49 193
106 358
111 288
60 217
86 354
8 95
118 316
335 399
136 187
39 140
204 354
49 72
87 291
58 216
93 391
80 234
131 343
101 190
46 229
158 248
185 317
256 347
133 209
20 323
244 359
52 263
223 337
337 368
139 238
210 320
70 365
218 367
17 373
37 199
214 360
21 73
55 397
117 267
146 222
34 174
34 62
73 254
19 160
49 80
54 355
39 316
57 210
151 267
80 392
24 297
55 203
231 236
264 277
104 373
153 264
302 399
127 353
367 393
117 234
103 152
235 260
181 328
250 378
57 280
125 186
125 315
26 250
48 219
33 108
113 176
41 315
94 242
124 393
50 75
151 193
168 187
169 344
38 369
38 323
83 280
44 311
123 239
75 381
189 368
30 126
167 199
161 171
234 342
290 346
63 329
127 247
155 314
15 58
44 312
164 349
142 227
19 348
43 263
166 329
62 174
123 243
106 382
351 354
53 93
81 360
303 331
124 188
273 295
13 181
84 320
147 358
82 83
4 130
325 390
128 369
322 372
180 231
261 337
121 326
27 97
212 343
325 352
68 101
338 344
31 238
149 152
286 374
71 349
261 332
157 391
202 299
154 174
77 105
350 365
24 143
23 79
211 366
119 349
65 328
145 341
245 295
2 386
202 253
220 390
312 351
73 135
210 330
32 147
204 311
379 383
171 248
17 69
8 245
20 38
10 249
28 394
251 372
12 249
79 105
80 193
231 335
135 164
86 393
62 154
77 372
198 214
237 370
172 233
6 332
46 360
0 334
209 336
109 160
269 284
99 343
13 308
83 276
66 376
225 297
37 325
99 131
302 366
42 353
171 300
226 315
1 108
8 382
99 294
55 299
50 368
150 364
133 305
30 102
9 47
256 310
82 280
98 334
17 70
213 231
129 175
211 302
77 244
8 273
85 374
377 386
287 389
59 272
12 82
264 306
113 142
214 276
111 153
194 208
110 295
17 328
47 72
162 275
49 67
85 293
20 357
29 296
173 276
163 269
102 140
157 374
78 307
58 259
254 336
161 322
166 240
2 355
93 286
47 363
212 368
174 283
31 298
69 296
77 288
12 173
37 390
157 293
162 319
164 254
207 339
86 124
114 142
123 269
6 343
205 216
51 297
88 377
139 160
12 83
69 70
30 284
355 395
11 77
150 221
43 359
16 218
39 74
225 319
154 230
337 343
185 280
32 98
217 227
59 380
77 138
101 179
26 173
72 180
195 360
20 317
23 308
184 217
26 249
287 397
12 61
268 279
357 369
44 354
36 274
6 294
53 349
275 319
296 328
242 327
82 276
179 218
124 272
186 369
58 334
219 257
273 358
227 242
194 238
262 349
285 377
135 262
247 377
147 150
295 385
213 335
193 342
77 359
244 263
188 266
101 195
120 273
207 262
132 373
125 265
49 180
129 224
90 104
356 398
91 157
389 397
314 386
17 65
30 269
194 383
126 246
7 16
49 363
250 333
61 249
177 258
181 233
239 318
76 246
219 351
170 248
7 218
21 163
52 89
286 293
143 270
105 263
213 236
180 213
69 339
9 72
202 281
0 240
109 194
44 219
40 237
302 309
60 142
190 330
241 312
81 366
25 268
189 344
157 216
324 340
308 339
31 379
148 244
272 380
203 287
27 288
38 92
19 60
142 176
147 310
36 177
220 353
160 379
91 293
79 263
105 111
108 270
15 240
11 105
274 388
197 336
26 326
117 285
48 312
118 156
122 335
290 369
51 319
40 370
77 111
57 185
92 226
162 225
14 75
198 366
254 387
91 391
120 165
97 100
91 387
131 184
41 369
265 333
123 284
58 313
238 348
93 115
93 374
9 67
163 365
25 370
165 273
28 237
135 207
114 194
16 371
65 308
76 126
30 178
183 353
260 269
50 182
63 150
136 388
59 241
218 320
269 318
112 322
125 346
136 255
35 392
211 229
324 329
110 273
160 298
256 324
19 139
0 347
340 396
8 110
291 314
42 127
23 69
59 204
113 114
276 360
3 5
114 159
277 362
76 256
44 188
108 344
6 237
111 263
182 271
123 397
196 317
78 396
20 128
200 327
120 293
132 328
152 177
221 358
94 100
198 229
68 360
28 40
292 372
171 215
2 4
223 343
139 348
82 249
332 381
315 369
153 359
192 316
147 221
175 311
87 155
245 385
12 280
219 312
125 323
121 249
62 399
114 238
62 352
198 367
71 254
31 84
264 362
257 350
191 376
87 183
142 348
24 51
31 252
282 316
265 375
174 395
77 107
174 183
124 354
65 132
137 304
239 269
12 121
79 288
89 262
164 387
257 373
277 359
11 111
72 363
103 187
206 330
69 132
185 333
32 106
143 225
196 265
15 232
11 119
226 357
198 380
215 268
79 153
17 104
156 192
96 307
234 285
57 121
24 271
266 393
165 245
66 275
20 186
346 375
158 161
129 354
223 368
100 233
160 206
123 202
205 232
53 91
240 256
158 300
7 101
150 329
44 129
141 232
327 348
16 360
44 124
41 323
78 340
50 381
68 280
105 116
261 368
9 180
75 337
154 309
94 97
20 22
313 334
15 166
53 293
190 320
63 324
290 375
285 386
105 288
220 289
129 257
189 278
175 188
55 389
130 355
60 113
118 384
85 286
226 345
193 392
32 385
358 382
55 167
5 237
34 289
295 313
15 347
224 266
19 114
15 56
129 311
22 317
74 78
42 199
192 384
116 138
112 292
23 29
141 347
42 398
179 393
258 324
366 399
102 307
84 383
95 147
4 35
171 322
45 250
215 322
28 251
119 359
140 307
95 137
169 271
299 301
36 149
46 399
13 132
127 299
167 353
132 296
322 341
317 378
222 274
337 381
123 389
112 372
168 255
5 25
8 147
205 385
288 359
163 243
106 221
109 348
134 187
183 325
43 244
109 298
248 322
54 130
18 350
301 318
212 261
315 345
214 302
56 147
121 280
44 351
130 285
87 377
326 333
268 361
60 227
247 356
86 380
214 366
168 274
17 172
98 166
112 251
135 308
38 41
2 230
266 311
11 89
64 161
184 306
158 170
265 315
133 235
20 226
62 289
51 143
66 319
291 398
212 337
140 396
30 318
128 226
284 318
10 280
321 394
55 199
80 342
148 251
275 376
149 388
107 361
30 389
101 371
82 121
140 246
111 116
179 367
232 336
94 217
279 361
169 298
115 293
265 357
174 325
130 314
20 41
41 92
16 320
266 354
318 389
166 256
67 180
128 186
251 361
110 358
94 227
308 328
198 352
36 222
165 293
18 163
43 288
34 54
221 382
53 286
204 272
112 148
201 225
43 77
234 386
286 391
241 380
320 371
209 305
86 272
51 228
63 347
189 337
20 92
34 395
99 306
290 345
158 215
305 365
101 360
51 271
64 145
331 399
4 285
200 368
189 271
86 311
163 260
196 326
37 289
66 108
206 252
31 206
283 390
185 330
71 336
27 264
58 73
211 214
100 362
88 398
89 349
125 290
52 119
211 380
41 226
195 198
253 287
10 371
258 340
120 286
155 398
283 325
177 396
84 252
155 377
106 273
26 61
14 271
238 298
103 149
12 26
87 88
282 307
14 201
163 235
24 66
215 248
198 211
96 177
76 240
335 363
42 87
5 370
138 300
249 280
311 351
62 302
150 256
133 336
81 276
329 364
39 118
3 370
35 80
56 98
10 82
41 186
35 49
109 114
243 318
32 110
157 259
137 255
214 399
130 230
36 152
22 38
31 139
167 287
163 209
307 384
153 288
179 188
104 350
311 393
230 355
148 361
216 259
67 72
194 206
79 359
40 361
1 66
99 332
45 326
113 348
294 362
202 397
312 354
284 389
118 140
167 397
62 309
108 275
202 389
6 131
30 301
182 338
60 242
51 275
294 306
80 267
39 192
74 140
88 314
78 246
36 396
46 81
351 393
195 211
140 156
63 166
278 298
34 154
205 313
146 168
181 296
249 360
24 162
320 379
148 372
123 246
196 250
345 375
229 309
97 227
94 184
150 324
66 225
126 318
222 388
10 12
157 286
56 240
91 259
57 317
345 369
169 338
154 395
184 227
331 335
150 310
131 306
167 390
97 217
39 156
46 101
2 54
9 151
17 207
112 244
13 328
94 176
67 363
48 204
156 282
323 375
60 327
111 244
325 353
51 338
134 304
159 208
131 294
26 121
226 369
4 234
199 203
43 119
161 292
85 391
248 341
15 313
47 49
24 225
204 281
178 239
5 361
139 142
152 222
4 392
109 139
139 298
240 329
82 360
114 139
142 184
279 372
256 364
100 277
237 394
105 119
223 381
42 291
13 172
316 384
10 121
196 378
361 370
255 364
16 68
270 376
126 239
25 251
172 181
13 296
58 98
81 302
103 177
267 285
190 218
163 318
281 284
66 143
22 57
182 189
5 40
161 248
67 80
41 357
64 341
14 368
313 385
204 253
236 276
168 222
91 286
75 368
70 132
24 108
194 252
224 350
261 321
167 253
50 332
63 240
188 354
10 68
37 220
251 279
3 40
5 394
14 189
19 194
157 205
156 384
70 339
143 191
73 305
283 353
48 281
180 335
216 385
199 390
134 255
149 168
228 278
30 239
370 394
101 218
204 312
58 232
232 334
216 387
54 154
0 141
244 288
28 370
38 128
102 389
248 300
77 116
36 146
255 274
206 210
140 340
121 185
118 282
73 197
218 371
27 362
96 274
9 49
48 253
13 70
294 343
3 25
174 230
99 337
228 338
32 245
122 231
194 379
104 172
280 330
189 201
124 204
0 76
19 252
183 220
23 339
39 102
142 217
309 335
279 292
161 300
107 372
241 272
25 361
158 171
113 327
183 291
64 215
321 343
106 147
127 287
74 178
69 135
65 262
237 294
24 275
332 343
108 376
219 235
27 148
90 175
252 379
84 159
204 219
62 395
293 391
355 386
149 222
34 230
74 126
90 350
282 384
71 387
152 187
138 170
24 319
76 166
190 371
118 307
141 166
200 223
104 132
55 301
29 359
70 373
141 197
43 116
197 254
8 106
108 143
13 207
14 50
317 357
168 177
140 384
167 301
303 335
83 185
78 156
176 184
120 391
47 213
37 283
323 369
122 213
18 373
17 296
47 180
102 316
176 233
15 98
274 396
262 308
103 274
50 212
173 303
122 173
254 262
301 397
38 186
3 28
186 290
212 223
31 109
130 377
231 303
276 366
56 256
236 399
304 364
257 365
207 328
46 214
98 313
16 101
184 327
44 48
283 291
236 335
181 224
300 322
110 245
3 251
209 235
7 371
202 301
88 356
265 378
119 138
174 289
2 193
180 363
213 303
93 293
195 218
332 337
247 398
77 112
228 344
55 202
297 319
35 193
31 114
58 141
86 175
15 334
203 356
86 188
275 344
82 214
284 301
130 395
89 164
83 121
101 367
55 253
99 227
53 115
211 399
222 396
176 217
221 304
90 129
165 385
103 222
131 337
276 303
241 354
3 268
94 264
95 358
182 200
125 375
142 144
70 133
88 155
187 388
281 390
78 384
117 377
61 173
33 143
43 105
287 299
239 260
96 282
333 378
185 326
21 336
4 355
107 111
4 151
30 74
22 333
107 112
176 242
11 79
186 323
68 276
189 228
19 238
18 235
41 128
2 117
69 305
31 160
154 352
258 396
87 398
315 357
38 226
144 233
6 40
45 196
11 43
195 366
157 387
231 331
127 356
237 343
354 393
178 340
243 269
206 379
78 102
212 332
32 313
29 79
92 369
195 214
81 399
32 273
13 65
272 312
58 385
87 247
67 151
11 23
254 305
15 141
299 389
39 384
107 288
271 344
46 211
55 287
120 295
173 249
85 93
2 234
42 247
19 298
230 395
192 307
133 365
23 65
18 219
142 242
65 296
377 398
171 341
53 391
332 368
88 291
309 366
208 383
136 304
29 65
104 257
103 388
56 310
74 384
97 264
129 350
122 236
78 258
81 195
103 304
109 238
1 275
186 357
235 365
94 306
250 326
48 351
368 381
30 246
103 146
38 317
166 310
124 219
350 373
251 268
0 58
70 207
309 399
160 194
91 120
144 176
33 376
166 324
73 133
40 306
0 21
320 330
294 370
39 282
121 250
2 80
31 194
112 116
45 185
114 144
152 168
33 191
102 156
43 79
36 168
73 232
8 221
324 364
103 255
171 292
21 260
221 310
99 184
21 232
53 85
167 203
131
61
77
244
111
197
85
72
156
31
131
135
77
87
54
16
99
111
48
168
93
169
36
151
95
117
155
70
108
90
59
47
64
51
216
117
80
58
65
85
64
202
72
115
85
123
72
124
82
88
192
99
131
82
33
85
141
147
117
37
96
94
81
95
70
39
60
75
105
135
63
71
44
54
66
44
157
78
54
110
47
20
189
132
143
75
82
147
69
127
57
108
134
132
46
95
103
98
85
174
111
201
88
73
34
51
95
73
35
66
68
41
176
55
122
28
161
118
52
92
45
58
195
96
34
37
61
35
51
35
26
89
87
117
90
97
48
112
65
96
118
171
121
110
21
71
60
132
121
123
223
162
100
166
131
60
184
83
72
111
122
23
78
97
126
175
176
82
83
50
66
39
85
115
50
135
163
18
60
75
99
91
146
186
69
171
257
74
120
109
146
55
61
118
138
197
67
78
148
111
124
138
155
65
39
145
114
87
86
153
50
64
134
27
76
41
87
69
88
75
54
204
91
74
125
34
127
74
105
129
42
91
23
103
152
52
65
26
111
105
82
83
16
97
119
59
153
89
136
101
54
74
216
37
116
96
115
110
135
65
169
133
13
142
164
56
140
165
158
117
79
75
75
32
90
253
202
166
93
182
100
86
58
59
43
64
95
165
120
141
130
92
34
206
110
52
79
185
96
35
118
152
85
76
136
70
95
81
143
196
78
102
66
202
40
119
114
26
100
110
72
107
35
59
152
72
27
125
85
69
41
177
142
44
33
114
85
42
93
57
90
104
51
96
67
67
74
194
112
60
101
49
82
172
222
92
90
80
124
119
78
66
7
112
173
173
182
76
74
162
179
96
63
113
51
182
17
92
73
117
189
31
143
65
87
43
103
89
57
34
201
131
188
29
139
182
115
45
210
212
141
39
119
216
85
73
82
79
18
162
117
30
133
74
78
39
230
126
93
85
163
112
66
130
40
90
217
53
80
149
76
244
16
111
21
106
142
107
167
112
68
53
22
67
82
145
40
18
76
135
88
162
62
153
135
86
81
142
130
128
27
107
90
61
92
211
197
108
92
65
43
48
178
49
122
222
153
46
125
138
144
71
72
111
107
48
51
102
61
10
98
183
158
180
122
88
176
99
81
44
95
151
64
49
152
74
108
92
59
82
50
26
83
83
116
78
111
88
100
122
77
161
47
145
179
121
98
96
118
91
160
206
123
90
125
107
38
54
56
15
30
83
51
83
81
141
150
107
114
21
143
49
112
93
78
202
117
154
114
113
125
113
176
142
109
105
112
80
89
144
72
187
126
168
64
19
72
92
76
73
97
87
152
125
60
117
112
193
157
82
24
41
98
77
13
25
114
131
78
77
48
30
84
82
95
71
154
68
44
108
87
80
76
120
99
22
49
43
154
101
43
164
68
20
195
130
117
26
88
71
109
156
34
79
175
158
89
117
243
125
143
165
107
177
137
63
93
16
36
19
82
92
99
124
158
136
107
33
153
51
45
52
134
67
208
171
64
123
112
90
52
110
114
130
129
195
8
212
183
88
72
97
192
69
116
193
171
98
103
107
175
48
108
114
144
25
92
132
100
56
55
33
157
65
56
110
164
149
227
184
15
96
198
163
11
59
106
35
27
93
80
131
47
65
219
194
61
183
112
140
110
130
28
93
109
82
259
150
92
96
133
158
118
126
48
83
18
61
138
97
73
179
76
123
109
41
130
48
163
84
65
34
127
164
137
22
133
44
59
100
88
106
55
201
16
203
101
95
15
164
35
20
137
72
29
208
209
97
195
146
170
118
150
53
50
44
143
81
113
24
81
15
41
103
66
122
54
58
95
56
18
33
74
113
55
140
143
39
125
157
127
120
76
132
256
89
122
76
122
85
38
138
137
104
146
93
82
43
53
181
67
140
64
99
47
93
74
112
101
102
53
44
87
19
71
91
53
109
70
92
135
92
47
136
77
177
64
103
132
29
33
81
161
183
118
105
200
145
85
90
104
144
27
130
68
92
74
88
117
79
78
236
51
84
132
45
91
101
54
85
49
70
49
59
32
143
41
32
75
170
137
98
33
59
70
58
72
123
131
169
65
140
189
78
93
111
58
131
151
126
146
150
62
203
92
86
65
75
29
32
134
100
162
123
15
55
96
108
89
101
83
78
71
196
95
52
222
90
11
75
59
56
74
41
65
116
114
48
67
71
55
77
155
135
60
79
89
108
97
34
129
139
183
43
112
97
101
129
66
65
148
84
139
103
154
31
67
49
136
36
238
46
89
24
198
145
45
78
98
118
65
83
53
69
121
70
46
57
129
123
93
246
80
165
73
25
94
49
177
212
108
156
111
144
12
53
48
84
106
95
56
51
154
38
214
26
149
301
185
189
34
44
38
133
41
35
52
74
38
155
64
58
179
177
95
50
181
85
122
94
113
73
47
138
93
164
124
113
132
156
126
171
133
91
123
53
187
181
133
50
84
57
125
148
86
105
55
52
77
42
98
136
77
211
67
118
22
41
98
101
147
45
33
47
252
168
20
116
138
151
43
137
83
44
73
58
176
51
136
81
108
163
117
111
29
103
89
93
92
139
65
126
137
10
86
40
175
70
65
45
185
137
193
106
182
54
37
105
200
186
106
53
147
106
164
138
123
113
53
80
50
125
86
112
185
25
41
63
94
216
37
173
46
71
98
16
57
70
64
115
26
59
134
26
160
155
128
161
78
119
36
90
101
79
76
108
50
94
66
96
133
121
30
55
62
181
108
50
57
162
103
88
161
68
96
156
112
85
33
189
90
177
82
78
58
63
134
107
125
251
57
104
83
73
63
128
228
93
87
276
55
71
174
37
77
72
81
128
57
112
62
104
190
77
62
87
46
145
88
177
87
69
84
129
66
36
165
136
80
131
92
169
99
52
70
29
155
75
54
15
175
77
139
145
61
70
139
216
39
178
70
48
184
55
153
107
30
55
172
102
114
154
86
101
35
114
107
88
120
87
109
73
81
88
175
159
98
120
148
139
40
54
132
194
200
60
146
141
52
84
145
82
190
55
151
144
77
90
40
122
124
92
75
45
136
43
70
110
198
93
103
170
141
68
50
121
89
185
186
196
42
47
196
166
92
44
88
44
97
72
14
40
216
92
187
83
78
163
40
198
30
8
205
79
214
36
95
151
229
27
137
76
52
111
88
122
139
77
57
87
138
126
46
34
80
79
55
114
115
80
47
152
113
57
148
132
106
105
105
190
59
17
13
142
80
107
18
79
48
52
122
105
125
233
67
71
78
63
51
74
91
78
114
157
53
68
96
164
61
55
153
68
118
66
92
93
132
160
43
60
96
134
66
57
57
87
101
112
78
165
43
47
92
86
39
140
128
90
50
83
85
131
120
184
35
72
106
147
207
88
130
67
207
122
168
168
191
89
80
52
127
121
177
105
104
185
125
86
48
95
61
86
20
75
133
93
23
96
213
89
185
102
34
116
76
91
51
242
52
71
143
105
128
56
190
125
28
133
108
91
160
119
136
99
101
16
136
131
54
79
46
81
30
48
74
56
29
124
232
123
119
208
31
87
72
116
132
114
19
69
82
113
110
60
81
89
72
188
127
109
168
139
172
116
51
126
28
75
124
155
71
101
75
21
114
72
121
88
124
43
62
32
104
151
60
130
108
91
20
44
86
132
136
154
106
122
144
95
77
113
132
75
91
157
175
123
33
27
205
131
43
70
39
85
38
100
13
48
25
70
83
44
23
16
112
161
106
68
124
23
50
67
174
65
148
117
191
99
80
110
25
127
80
44
83
138
122
71
74
103
59
52
86
113
54
125
279
38
27
74
176
19
82
117
80
46
149
84
71
104
112
37
65
71
149
167
169
59
93
165
89
27
211
92
70
74
97
167
63
113
202
53
184
72
95
147
75
109
137
125
105
173
75
99
32
86
100
118
110
123
67
159
111
108
227
191
118
90
42
171
42
122
54
24
144
90
125
143
44
119
88
99
189
154
29
91
58
83
51
43
153
138
66
101
139
231
120
174
43
46
63
152
82
113
132
121
141
134
148
100
88
43
172
87
115
71
91
31
56
119
226
48
68
172
75
64
14
73
51
118
81
34
113
40
42
234
167
193
70
159
160
136
97
108
46
147
44
123
127
76
136
77
174
164
148
65
142
46
37
70
106
78
48
203
90
103
105
117
93
30
151
206
138
121
102
184
178
145
75
161
45
134
78
96
110
127
35
73
60
90
152
115
71
96
91
42
68
70
74
147
72
125
87
91
69
70
34
193
68
168
78
60
43
79
89
125
98
87
68
130
112
32
62
133
103
102
71
53
141
24
46
28
60
170
52
150
79
46
44
62
73
48
72
100
78
89
251
118
187
201
130
26
196
131
105
96
37
101
106
164
100
103
117
204
28
94
51
85
113
71
58
59
87
119
75
152
156
67
132
166
118
136
30
132
133
40
76
108
148
141
76
76
97
91
165
21
90
100
78
17
109
141
52
65
165
88
68
64
70
65
159
145
93
136
223
