607 317
240 33
511 240
345 128
66 428
94 40
714 126
712 47
270 313
1 666
429 34
60 110
306 691
181 485
363 142
767 238
391 781
642 397
438 141
360 176
321 191
63 301
86 197
356 479
438 776
157 1
49 346
594 229
110 768
118 632
205 591
246 339
214 389
596 680
281 771
349 633
190 357
417 602
87 590
74 623
120 537
718 394
769 430
275 281
284 681
667 193
570 457
375 290
504 214
635 584
170 427
100 191
508 651
705 585
600 738
323 129
54 779
171 434
83 531
572 583
331 27
526 520
758 784
37 42
186 254
478 577
556 267
537 16
759 217
675 397
187 741
694 65
404 433
390 664
154 482
671 220
671 703
675 270
555 93
788 511
200 35
181 724
539 32
17 504
707 469
131 319
516 318
562 380
576 197
232 571
588 493
790 428
520 657
202 151
346 663
615 36
549 515
147 222
129 584
42 613
349 541
172 214
188 187
386 384
100 644
117 44
486 517
773 724
492 206
800 608
238 375
644 288
41 130
119 543
351 715
211 462
146 5
588 519
110 423
48 203
207 360
667 537
598 325
591 281
617 362
510 763
487 638
626 537
529 141
750 757
438 704
141 517
223 142
536 357
378 518
277 300
790 205
210 677
342 216
223 715
577 370
723 181
35 321
156 408
697 398
60 353
99 616
773 655
658 190
46 154
103 579
481 56
29 738
783 368
423 109
159 315
103 341
75 302
283 542
102 541
362 394
455 168
675 478
342 235
670 514
202 699
85 43
167 571
673 170
755 467
759 505
346 71
273 268
365 724
173 271
446 541
152 324
789 254
309 118
637 493
246 650
753 587
355 789
265 17
172 229
743 781
414 302
676 749
61 338
724 132
176 621
407 66
507 183
223 763
624 384
254 336
787 452
148 143
612 479
58 63
433 797
422 609
161 563
703 513
102 742
295 13
129 491
313 184
409 771
134 479
251 617
730 188
93 126
360 773
75 463
386 440
693 476
187 33
344 634
264 587
491 46
757 15
293 168
390 364
584 19
639 768
504 669
67 512
49 596
560 185
628 732
95 458
385 108
7 35
196 687
540 332
14 187
421 78
414 89
553 610
693 527
781 100
721 228
128 234
749 518
631 491
327 746
94 153
290 149
315 369
360 154
610 404
176 698
720 717
354 122
15 490
531 635
641 37
221 25
641 215
467 226
615 383
370 0
301 643
496 699
338 641
639 383
185 351
326 227
264 539
61 442
760 348
351 170
337 14
473 601
475 148
762 799
749 772
147 233
178 627
276 387
310 399
40 490
112 520
632 416
67 362
406 465
535 725
93 31
328 178
201 444
764 121
175 98
215 631
755 330
264 553
728 43
581 456
26 665
145 649
542 738
225 369
513 442
18 262
472 209
160 353
458 572
699 199
609 727
303 40
149 35
559 783
197 188
492 686
571 316
386 148
422 408
201 618
450 477
723 372
88 35
758 122
77 483
237 148
42 434
25 284
558 9
320 588
29 788
87 107
198 528
4 309
685 43
155 799
558 225
442 565
50 796
194 543
168 453
573 727
2 237
460 263
279 20
285 246
754 210
5 85
646 200
374 10
671 369
543 713
375 51
416 498
637 557
770 799
546 551
106 640
531 34
456 177
712 429
658 375
383 425
460 430
109 673
15 52
306 515
706 91
289 173
243 116
464 669
427 539
23 536
181 20
769 327
355 263
525 477
710 371
677 248
369 643
397 623
34 259
237 515
581 104
112 218
534 643
712 540
410 39
274 715
276 543
499 579
534 283
371 403
628 211
23 144
485 210
286 525
75 16
478 330
512 772
220 757
769 506
41 359
364 387
121 384
165 180
16 213
163 343
287 339
25 217
294 375
251 284
40 209
18 238
97 278
60 385
12 94
163 373
47 268
187 225
153 372
44 139
24 125
195 301
224 326
27 229
146 228
11 363
60 205
61 106
40 113
100 327
206 214
347 385
250 315
125 339
14 289
121 203
219 394
30 167
167 330
31 249
39 146
68 211
386 398
4 270
10 350
22 247
380 394
349 383
146 159
249 281
40 58
222 248
34 193
75 376
204 336
262 350
125 264
124 266
372 375
258 342
227 282
351 369
192 357
64 184
111 376
329 345
12 218
17 266
73 94
155 176
51 278
13 338
4 118
222 289
173 208
0 140
274 368
135 343
108 275
39 362
0 261
113 150
65 126
260 341
22 236
82 95
84 240
42 358
257 296
226 256
69 359
140 261
207 268
110 120
201 335
78 128
322 324
84 170
220 237
122 314
242 376
5 288
54 230
128 192
163 268
12 263
21 379
319 375
16 130
112 392
68 136
167 202
356 381
238 385
72 160
182 208
67 82
73 201
80 342
215 360
19 254
249 280
84 169
40 283
224 257
166 320
71 365
275 393
108 304
316 361
233 345
273 347
49 352
113 283
247 382
3 289
66 389
298 328
6 189
35 327
160 215
107 129
86 133
21 331
151 237
56 333
83 322
169 358
111 123
230 300
9 39
334 391
28 328
307 344
67 220
206 322
38 113
54 225
75 77
34 139
18 237
36 176
140 194
18 232
29 299
320 395
61 354
14 55
32 267
35 73
73 378
214 324
3 19
22 278
197 247
19 207
191 350
59 96
40 131
32 110
171 262
32 143
10 385
122 133
269 387
85 156
287 313
265 327
44 263
252 299
16 24
31 32
52 92
85 267
91 169
117 198
15 136
287 349
261 266
61 96
73 218
152 204
93 197
244 384
53 384
107 277
178 248
78 381
22 149
175 388
313 368
180 210
37 73
108 229
21 156
89 330
63 199
272 315
39 228
132 248
145 285
193 386
112 236
86 396
124 359
225 311
43 135
83 370
10 191
210 295
158 394
202 330
219 269
113 202
210 219
70 252
191 347
182 213
137 293
85 155
84 358
270 324
69 375
181 384
3 254
13 337
142 285
127 245
264 313
2 260
110 301
81 398
212 329
261 359
88 391
89 317
10 151
120 305
114 213
47 373
302 318
314 389
380 387
171 254
26 188
250 272
7 71
79 196
92 368
286 369
50 290
109 181
73 173
259 391
250 289
54 76
179 240
92 274
47 163
105 395
189 291
88 128
25 116
176 305
199 233
166 363
152 328
313 349
219 317
139 234
217 310
234 299
199 345
147 253
150 159
147 181
64 176
229 334
65 335
110 135
114 246
33 230
288 310
61 90
218 327
10 238
29 98
12 173
118 209
81 193
357 393
151 385
8 43
290 338
181 244
64 243
177 344
178 222
205 309
78 224
3 248
143 338
85 305
239 388
63 288
82 220
169 216
138 289
234 252
296 365
19 272
142 303
107 353
92 264
70 204
156 188
138 268
363 395
27 111
169 203
334 389
257 332
162 216
6 7
174 382
200 213
125 287
48 393
311 397
350 385
105 320
66 314
26 157
98 113
56 204
136 242
232 315
64 97
25 310
136 344
204 362
221 296
155 174
245 352
74 338
211 291
238 315
157 379
13 50
89 158
59 352
14 315
384 399
37 377
158 219
62 185
115 290
235 314
122 123
198 297
201 377
78 326
240 244
319 348
170 203
102 382
3 315
187 277
119 382
1 258
218 378
65 175
12 34
80 258
148 376
191 232
211 242
159 202
264 383
121 240
36 301
45 168
63 320
78 95
52 256
49 127
115 338
41 358
120 267
207 248
252 333
348 375
58 370
157 188
32 195
29 190
126 264
144 359
216 245
41 372
354 388
46 297
219 295
61 374
137 180
164 240
20 272
207 366
160 223
286 351
124 348
115 380
102 312
227 255
37 306
297 302
247 392
16 246
364 394
192 260
66 334
302 374
13 115
248 323
80 105
377 378
168 307
107 276
8 110
168 365
259 346
251 359
0 314
232 237
90 198
143 290
255 282
28 56
101 197
144 284
42 84
213 246
158 269
95 326
21 303
117 245
130 264
58 113
206 283
144 375
70 139
103 390
79 384
218 377
10 154
12 180
47 138
203 244
18 357
9 152
254 350
299 355
2 389
67 95
179 198
45 148
4 231
35 378
81 139
303 340
32 280
170 399
300 397
156 285
35 94
29 39
135 172
159 283
38 99
102 323
55 366
189 332
108 192
210 293
118 338
92 126
62 107
8 172
43 268
239 256
55 178
40 150
313 383
16 114
53 181
108 357
196 244
23 351
188 325
68 242
57 338
128 275
28 336
129 187
72 360
27 123
58 159
48 357
163 289
112 329
162 240
56 298
21 26
2 108
154 357
31 301
197 212
85 188
98 355
33 349
231 282
127 164
85 157
37 201
5 63
117 179
119 247
31 110
30 210
119 149
70 333
175 306
76 308
174 278
137 139
53 240
185 187
140 251
150 167
48 229
268 289
265 377
20 366
12 35
226 287
96 117
30 279
84 399
233 363
133 140
152 298
77 111
148 168
306 388
20 343
258 371
144 358
300 308
7 296
282 370
164 179
74 206
303 325
36 85
36 120
133 314
2 393
171 237
71 296
14 250
70 165
149 329
69 266
93 312
33 76
25 80
135 195
8 280
161 275
154 315
85 174
184 243
273 309
23 360
139 386
75 259
74 209
134 364
76 230
2 192
92 226
154 191
187 230
280 281
260 357
82 257
199 320
11 329
61 117
127 240
67 381
183 342
105 217
100 134
304 341
67 224
5 105
92 256
28 81
125 397
120 301
23 100
45 141
59 354
100 364
137 165
31 280
289 315
265 378
104 355
31 267
212 392
43 343
41 375
223 390
128 381
95 332
266 359
76 277
32 50
197 312
269 394
269 337
38 58
33 54
7 257
153 294
54 339
92 239
66 86
237 238
77 259
248 366
179 245
72 223
68 141
87 314
150 228
50 338
45 242
154 161
31 36
23 390
216 358
281 360
234 293
269 295
187 276
126 201
142 188
63 166
78 220
299 317
98 167
74 231
236 379
80 183
122 140
196 399
51 184
331 340
60 350
139 165
200 208
215 316
19 138
6 296
37 65
11 149
335 378
80 116
6 241
141 148
237 385
319 372
264 287
80 292
198 245
132 366
62 276
231 270
154 232
142 331
190 293
114 173
81 234
60 262
76 225
216 244
116 217
38 104
63 345
194 359
142 145
40 167
236 392
203 384
332 365
46 302
55 272
68 307
180 263
25 288
125 300
71 221
141 307
260 304
128 229
198 284
49 164
152 336
179 297
183 273
50 57
215 361
110 280
90 354
97 197
1 183
325 331
103 360
20 268
240 352
273 350
177 294
88 192
112 345
33 339
295 387
266 284
13 380
74 290
52 388
224 356
12 44
19 20
131 202
153 319
10 262
341 393
17 251
94 377
67 326
69 358
119 236
13 330
190 202
349 397
211 321
174 184
275 304
176 267
103 223
31 172
260 393
189 211
191 237
116 320
301 305
12 265
92 349
97 101
292 367
71 257
29 279
93 367
165 193
73 114
296 321
139 252
41 144
152 362
6 211
185 276
48 108
140 235
156 305
148 259
218 265
255 370
83 282
389 396
5 329
146 355
30 202
17 348
119 379
41 153
192 393
148 307
18 154
96 106
154 275
262 273
167 190
12 246
22 243
18 275
172 268
112 212
173 213
24 213
193 333
106 369
26 142
207 272
45 259
292 371
17 359
1 205
25 258
108 341
121 164
96 374
25 371
203 240
210 263
51 119
175 274
220 385
151 356
55 254
93 292
99 228
149 392
43 172
116 310
23 286
194 284
105 288
90 179
70 234
232 250
168 189
65 306
126 256
189 321
345 392
261 284
175 351
57 143
97 243
289 366
279 317
183 205
133 389
29 146
141 168
82 381
316 390
174 243
214 227
84 164
89 293
77 307
27 88
80 217
162 358
142 379
197 292
23 364
103 215
105 116
231 322
56 152
255 270
153 271
104 228
269 364
127 198
308 339
330 337
219 293
175 318
101 174
17 69
26 145
129 253
97 184
52 383
141 321
310 371
309 350
270 322
70 398
87 140
46 198
101 312
13 206
312 323
30 219
77 242
126 306
304 393
226 264
15 141
222 323
38 39
248 367
37 335
94 327
16 182
335 351
87 261
257 326
32 36
74 330
49 121
81 165
137 252
194 348
35 218
11 247
288 320
91 358
256 313
33 383
228 370
270 282
18 315
161 260
87 235
281 390
327 387
103 316
2 334
146 150
189 241
91 153
130 226
58 227
45 346
215 318
163 207
166 310
69 319
71 95
142 325
257 365
0 124
8 31
91 196
166 199
82 356
53 109
179 203
41 294
243 278
77 376
54 300
29 355
286 318
173 182
107 253
119 392
263 327
222 367
185 253
214 231
44 210
211 344
69 194
247 329
66 123
319 359
48 161
93 323
30 317
23 394
38 228
205 262
155 156
180 317
138 373
227 370
41 348
22 382
3 14
55 289
84 244
13 57
24 397
204 328
51 212
303 331
28 152
169 399
17 261
219 387
297 374
323 367
171 309
58 83
238 254
8 343
262 385
97 102
271 372
112 247
106 374
166 233
90 127
235 389
1 371
60 309
220 356
138 250
62 277
26 331
73 265
130 208
52 349
56 362
42 196
165 293
170 240
0 111
17 284
98 146
1 217
162 179
134 351
114 208
11 166
81 204
8 301
116 371
75 344
27 259
14 272
233 395
126 383
113 159
376 391
201 378
182 200
15 344
76 253
184 278
149 212
131 283
48 389
340 379
23 134
9 298
109 244
17 194
164 203
64 278
137 279
190 299
44 180
89 387
28 204
31 195
217 258
15 211
29 38
175 335
339 349
39 150
70 81
31 120
39 298
89 269
214 270
17 144
73 130
186 223
164 198
53 121
121 216
101 278
90 117
46 96
87 124
19 268
296 332
35 265
230 308
226 383
167 337
157 325
132 323
253 276
90 245
204 333
255 322
141 211
52 274
192 304
76 129
27 346
311 349
30 295
49 53
174 176
146 362
26 156
52 313
1 309
199 363
23 72
0 123
112 119
221 241
7 221
75 168
282 322
214 322
318 361
76 107
346 391
52 226
79 399
131 209
8 249
92 287
102 278
185 225
56 336
55 207
242 344
137 317
269 380
343 373
263 265
145 188
69 284
58 206
274 388
97 382
72 286
251 261
2 229
40 227
328 336
104 362
6 141
173 246
178 366
268 343
41 271
242 307
117 127
38 150
54 308
221 332
94 114
139 193
41 42
30 337
199 329
58 322
55 248
5 199
302 361
11 63
102 197
318 369
158 380
35 37
90 297
143 267
14 232
194 266
160 316
21 285
165 234
8 195
94 378
219 327
113 227
111 259
110 281
6 291
158 387
22 119
201 306
333 336
36 155
161 357
179 352
68 344
4 214
105 329
171 178
73 377
95 381
288 395
234 398
68 177
37 378
98 150
40 202
158 295
69 251
107 147
236 340
106 388
347 350
106 335
256 274
118 270
5 310
69 144
27 334
28 362
26 325
246 386
126 274
67 151
124 140
144 319
56 328
175 369
30 89
14 18
171 232
117 352
93 101
101 382
220 326
222 366
15 177
318 374
92 383
180 219
127 352
113 206
110 195
105 310
155 305
100 158
17 124
114 377
238 350
15 68
210 317
308 349
94 173
106 318
22 212
11 345
97 174
253 353
116 288
21 142
27 66
274 335
276 353
21 157
218 263
262 347
33 300
72 351
205 273
12 114
171 273
316 318
106 175
102 243
201 369
159 206
203 216
161 304
259 307
57 74
86 389
217 292
42 91
215 390
161 192
64 102
125 349
32 305
199 288
105 166
54 187
118 214
209 322
134 286
182 246
24 200
307 391
69 261
170 384
124 284
87 251
42 169
119 340
51 197
58 283
99 104
58 282
98 202
282 324
79 244
52 239
154 237
230 339
121 162
58 131
4 324
118 231
190 279
170 244
195 249
307 376
291 365
14 19
298 336
171 350
125 313
44 246
277 353
23 215
79 170
46 117
86 235
41 319
4 285
292 310
126 226
164 245
102 184
14 178
82 326
27 391
222 272
109 147
75 242
136 211
255 324
280 301
94 218
225 339
7 241
225 230
335 388
37 274
75 391
156 157
154 385
37 369
33 308
178 367
46 90
209 283
3 171
81 299
104 146
124 194
203 399
20 250
124 261
13 74
339 397
19 289
107 185
84 384
170 181
95 356
306 369
18 161
7 189
49 59
120 143
145 157
267 301
64 312
123 235
50 74
283 322
227 322
105 199
131 159
346 376
164 216
129 277
134 175
61 388
92 313
169 244
30 330
168 346
20 138
0 235
57 290
184 382
65 106
251 297
63 363
35 263
272 289
291 321
200 397
306 335
46 374
60 347
89 380
89 210
271 375
21 85
65 388
54 287
122 235
191 238
62 129
102 132
108 161
11 112
209 231
39 355
279 293
330 380
104 299
7 365
190 317
55 250
75 111
160 281
295 394
149 345
136 177
89 295
145 331
131 330
76 187
151 220
264 349
160 390
223 360
105 371
335 369
48 334
52 126
93 132
261 348
36 305
108 334
6 168
9 99
170 196
300 311
235 396
17 140
74 283
21 188
123 314
333 398
256 388
186 373
81 333
78 82
16 173
72 103
5 395
137 210
114 182
251 266
183 258
275 357
360 390
359 375
45 307
51 247
131 337
38 355
67 356
276 277
51 149
65 354
177 242
37 175
88 334
85 176
119 303
120 176
38 146
295 364
162 203
89 337
172 195
109 399
3 55
132 312
5 116
48 304
193 398
95 257
113 167
59 383
142 156
358 375
108 128
294 319
54 311
206 209
138 163
82 224
294 372
11 392
11 212
217 371
228 298
141 189
316 360
241 296
70 193
53 203
154 238
223 316
2 48
87 133
99 355
278 382
318 351
181 399
248 289
12 386
267 305
249 390
64 155
59 239
145 156
3 232
138 343
192 275
241 365
226 313
28 70
42 79
122 124
62 187
42 153
48 275
227 283
4 322
244 399
129 276
88 259
136 141
216 240
123 334
60 183
32 290
25 105
148 346
45 211
139 180
98 190
65 201
309 342
22 51
34 386
47 223
132 292
6 321
165 398
108 393
179 216
159 322
252 279
139 398
295 327
27 148
150 283
278 312
36 267
169 170
32 120
106 306
331 379
348 359
9 228
19 315
295 380
2 66
207 289
156 176
239 383
15 242
264 368
67 78
129 185
287 397
90 96
57 209
208 213
86 87
215 351
96 297
63 233
64 174
35 377
112 199
20 289
300 349
140 266
101 243
286 390
287 311
45 376
16 208
69 348
125 311
62 253
2 341
1 80
172 343
21 145
209 338
207 222
323 366
95 224
157 303
94 263
164 384
10 220
21 325
259 376
195 280
160 249
253 277
75 211
39 99
162 198
60 342
167 279
6 71
268 373
0 66
57 115
141 291
214 282
325 379
3 272
232 238
254 272
59 117
300 339
72 318
51 243
104 150
34 182
206 338
101 184
53 147
66 88
36 143
68 75
50 118
120 155
160 360
166 288
3 178
148 391
43 195
243 382
160 286
162 384
224 381
232 350
13 290
189 307
20 163
258 310
256 383
189 365
264 397
104 298
1 342
241 321
3 250
284 297
149 247
185 353
113 131
158 364
14 154
116 166
321 365
51 382
36 110
24 130
161 393
226 368
20 222
157 285
34 398
180 234
93 102
192 334
185 277
79 109
59 256
10 347
194 251
20 248
72 316
300 313
130 313
44 386
207 250
83 227
66 235
137 234
186 341
169 196
310 320
72 215
31 135
299 362
307 346
241 291
205 342
8 135
84 162
206 231
178 254
187 308
40 206
211 307
41 91
121 245
19 250
60 171
29 150
223 249
78 356
99 298
144 271
103 160
2 304
162 245
174 267
341 396
133 235
263 377
44 265
274 306
271 319
70 137
108 260
187 253
6 307
101 102
186 396
134 369
114 265
81 137
24 208
183 309
146 299
52 368
51 97
7 332
273 342
6 332
298 362
65 274
121 352
112 149
171 347
88 346
325 340
271 294
48 341
127 179
81 252
201 274
165 252
75 141
53 352
162 164
54 349
286 361
158 327
138 207
130 368
26 285
287 308
121 127
279 299
254 315
133 396
135 249
103 186
138 272
250 254
149 236
131 206
87 194
266 348
11 199
345 363
10 237
47 186
284 359
45 75
121 179
202 337
60 273
129 353
75 307
122 194
99 146
304 357
22 97
64 101
387 394
13 131
188 285
141 344
34 246
38 159
50 143
286 360
71 332
126 239
355 362
29 104
168 211
334 393
168 391
71 189
86 314
140 314
120 195
32 57
155 267
232 254
13 209
4 282
117 354
234 279
110 267
245 297
216 384
80 310
191 385
126 388
167 317
93 184
52 264
84 216
65 369
1 367
21 340
168 259
311 339
126 313
34 213
197 329
145 325
28 333
5 166
229 381
126 368
269 330
293 317
177 372
184 312
103 281
88 229
123 389
240 384
219 263
124 314
107 187
62 353
38 98
5 320
150 202
32 301
63 395
75 148
89 219
97 312
20 207
144 348
16 200
72 361
103 249
6 365
287 300
82 151
84 203
215 286
58 150
273 385
90 374
122 261
96 354
209 214
40 98
39 98
131 167
30 293
79 169
142 157
83 255
143 305
31 43
337 380
117 297
124 251
44 94
319 358
231 324
159 227
55 222
364 380
36 195
75 346
94 265
74 131
199 395
230 253
264 300
48 192
225 308
326 356
226 349
100 394
151 191
303 379
212 247
14 254
188 331
45 391
116 395
180 293
118 143
205 258
227 231
0 122
171 191
166 395
237 350
80 371
157 331
194 261
132 367
106 354
239 354
72 390
98 159
141 242
39 104
30 190
286 316
166 329
164 352
29 362
41 69
74 115
48 260
192 229
46 251
144 266
40 159
50 115
111 122
168
83
105
116
33
111
105
96
167
30
70
81
14
185
83
65
190
60
81
83
123
61
57
99
140
128
83
61
10
149
111
50
73
95
138
127
91
53
157
110
43
81
142
34
140
107
69
153
124
36
38
41
59
37
119
106
67
78
82
90
51
61
131
76
54
120
162
27
130
17
161
105
74
85
122
132
156
151
89
101
101
81
166
82
211
158
76
114
110
77
66
61
131
34
135
143
154
114
134
71
143
15
86
107
39
111
65
38
174
32
83
28
218
147
110
139
44
73
194
15
132
86
49
22
180
18
40
114
42
117
106
51
81
44
137
91
75
142
12
73
52
49
130
165
156
271
126
129
124
152
167
114
247
89
72
95
57
50
145
204
157
110
114
157
80
52
72
89
129
146
75
131
140
164
61
76
100
162
45
73
110
174
22
207
34
79
123
156
97
69
84
86
33
128
88
100
73
22
62
64
151
125
67
118
95
112
81
81
112
126
82
72
75
149
84
84
57
74
91
87
16
120
111
57
92
154
57
49
41
110
40
63
55
96
55
117
90
19
53
29
95
32
126
111
16
96
112
93
25
51
26
55
60
115
159
113
68
48
106
48
180
68
142
109
26
41
36
114
98
228
55
82
160
22
95
153
182
118
139
121
74
206
25
69
61
196
109
74
111
55
112
75
98
199
44
175
201
64
104
105
83
182
157
193
101
165
80
153
166
68
106
140
65
96
202
162
99
88
84
146
130
73
46
88
105
54
181
102
69
123
24
163
118
56
193
87
57
115
212
132
96
73
37
168
137
204
46
39
104
73
59
80
141
76
91
145
120
110
100
96
96
98
56
184
41
214
194
149
73
121
184
62
106
148
61
42
41
49
71
61
145
196
64
149
151
149
77
146
71
42
101
105
129
44
175
54
121
156
149
63
75
40
126
174
65
118
65
104
52
60
149
82
170
112
189
161
113
114
129
95
125
25
89
129
53
68
73
71
112
72
161
145
12
124
127
129
101
174
31
146
114
38
107
146
244
38
59
162
99
151
43
110
100
53
49
162
68
133
181
126
128
115
39
158
126
111
152
51
70
38
73
52
85
32
77
139
103
108
49
78
208
73
92
191
55
12
96
112
75
44
133
11
104
75
36
52
33
23
105
119
128
116
64
116
168
107
132
65
96
45
41
84
99
105
77
138
87
178
78
109
56
91
140
89
65
149
58
171
121
62
137
331
110
68
151
105
123
104
152
155
95
103
175
14
115
138
191
100
69
55
159
99
118
51
69
130
150
139
190
176
106
71
40
214
80
59
56
81
29
106
146
96
26
87
185
54
98
79
18
66
70
41
29
148
17
74
57
122
52
12
122
138
117
108
172
72
46
148
71
114
127
127
118
71
60
69
54
155
108
107
37
128
149
77
76
284
89
44
158
191
137
34
112
49
128
139
46
75
224
11
34
104
144
110
128
64
78
83
81
12
118
121
87
69
125
141
103
43
264
154
118
55
119
127
91
159
91
39
93
84
37
103
43
13
72
131
113
102
41
108
174
136
214
68
195
80
24
118
86
80
77
236
107
99
72
100
71
111
101
205
170
82
61
72
131
130
213
74
134
123
147
128
147
65
86
59
181
31
113
47
56
46
54
114
46
42
80
108
140
97
97
145
94
79
125
125
37
96
61
78
113
132
84
106
118
67
24
79
133
114
83
149
115
16
144
40
134
109
65
75
54
94
103
156
192
210
160
90
29
60
96
92
113
164
59
53
50
120
147
67
56
77
24
140
38
77
121
156
92
66
98
127
52
95
36
56
45
149
184
146
64
32
192
126
76
101
154
158
227
64
44
271
100
53
22
69
66
49
9
102
43
111
157
27
63
48
145
138
54
123
101
131
70
65
84
87
59
74
161
149
130
213
142
75
38
46
86
106
69
63
141
174
47
108
92
51
110
155
80
148
131
33
162
52
40
21
71
126
69
66
119
106
69
189
59
44
102
176
39
87
38
53
49
59
89
207
45
75
228
58
69
79
150
90
145
44
25
123
85
132
156
90
53
80
88
147
77
206
121
130
42
21
138
93
102
67
22
109
33
73
139
92
197
96
95
33
96
82
136
140
69
69
172
17
49
207
152
57
102
54
119
71
146
136
217
58
185
147
81
87
128
13
112
14
175
174
166
120
92
97
78
150
154
135
53
101
109
155
60
91
48
62
198
91
103
128
151
64
153
131
40
32
63
14
121
145
105
35
51
132
16
117
173
128
159
123
106
125
43
158
73
108
70
65
157
170
42
30
242
54
166
73
66
74
74
158
42
44
75
123
88
119
117
106
67
202
103
61
72
147
95
122
119
202
149
56
62
46
134
133
187
133
76
94
92
44
194
32
126
100
114
138
240
51
188
167
99
39
130
73
90
58
194
215
191
139
52
173
141
90
173
72
47
111
33
92
37
137
40
72
42
161
81
73
35
278
52
50
101
154
93
146
105
73
20
69
69
145
41
52
110
37
84
82
77
66
148
80
101
93
78
157
68
42
158
147
170
92
29
49
60
115
69
42
166
58
121
97
24
179
67
278
133
153
111
201
77
114
88
97
114
82
96
108
173
102
131
146
110
35
138
116
59
41
54
98
76
209
79
242
39
95
38
93
105
172
65
39
84
117
40
35
56
50
100
85
66
44
133
58
150
106
153
65
92
25
29
77
72
129
75
84
90
105
71
103
145
144
68
73
154
83
66
174
54
39
147
164
26
45
167
150
62
131
193
78
10
89
131
234
139
10
90
27
65
187
121
66
93
64
166
94
84
78
53
41
173
96
52
125
56
161
95
55
91
40
102
114
181
172
113
116
112
103
46
45
41
205
116
126
94
130
218
18
37
129
46
140
47
55
85
83
92
118
106
212
97
36
83
117
156
89
124
85
96
118
94
102
74
137
18
13
58
15
132
147
74
126
94
93
112
201
127
137
69
119
129
74
45
84
35
58
107
139
73
164
64
66
77
124
75
82
134
52
113
86
160
128
84
110
69
111
93
187
157
92
136
48
98
70
74
87
77
60
64
12
31
205
106
101
92
188
82
203
174
58
70
82
90
39
60
138
95
53
47
66
65
84
89
174
141
62
96
157
131
41
161
192
66
78
58
98
60
184
82
129
74
48
65
148
118
69
56
74
110
48
54
216
65
165
185
239
218
120
81
200
91
109
130
129
90
79
88
86
34
113
63
95
84
25
205
88
72
126
135
87
68
91
49
169
115
71
26
82
69
7
180
37
147
129
98
143
145
118
57
189
84
57
33
97
114
36
98
101
63
59
84
94
45
86
123
141
101
118
129
58
107
103
98
32
87
28
138
140
34
150
51
55
92
58
189
177
118
112
140
172
128
120
57
56
195
92
180
131
125
103
89
82
123
129
38
114
61
64
124
44
57
158
133
31
86
79
144
169
81
73
27
123
82
45
114
106
47
187
139
38
95
73
60
13
52
145
79
124
91
129
61
138
29
42
93
23
120
81
32
164
133
113
154
68
186
30
102
33
58
114
94
88
211
144
72
52
193
133
74
99
61
99
49
188
61
111
132
74
122
163
143
65
164
34
119
74
136
103
147
166
143
142
20
78
105
148
123
82
38
121
165
70
103
158
12
164
182
156
72
184
86
133
111
19
73
39
82
117
17
215
108
85
71
41
58
57
117
72
200
64
152
68
94
85
224
183
189
91
49
57
158
29
58
97
81
134
181
139
62
83
81
163
74
60
43
75
67
63
174
85
170
71
145
114
123
85
129
116
70
168
81
77
134
125
96
128
124
114
101
85
77
121
84
57
117
44
125
58
69
146
117
16
233
168
64
182
125
123
110
14
98
65
111
66
104
88
130
167
84
176
123
203
19
79
208
157
53
64
65
132
74
36
48
86
155
72
114
72
62
128
77
74
96
136
132
160
93
131
23
99
89
176
50
90
74
190
147
58
69
148
151
47
117
75
161
24
50
66
113
32
17
43
78
62
57
204
138
50
234
126
41
84
120
197
161
102
190
62
61
68
170
108
70
98
171
45
59
97
66
144
176
32
139
89
165
156
38
116
138
95
112
58
136
148
178
25
97
62
95
112
99
54
92
73
51
154
68
100
98
102
170
151
131
116
53
40
107
63
51
120
184
222
168
107
95
129
68
152
102
71
68
48
90
122
37
76
42
17
56
57
189
126
40
112
98
37
98
28
124
119
100
33
48
43
199
35
33
71
138
107
188
132
121
136
142
125
44
88
151
125
122
123
178
140
136
62
89
129
106
76
34
117
160
109
98
174
55
143
151
207
110
24
219
56
156
47
197
135
101
54
109
39
135
194
242
22
87
13
166
60
129
61
40
62
12
49
124
85
219
60
32
115
46
87
71
133
178
77
43
133
125
159
130
64
130
95
36
109
178
124
94
94
133
73
83
95
113
122
81
58
46
94
88
166
113
59
148
103
62
76
136
42
37
51
121
111
210
104
64
134
167
34
91
53
57
72
124
11
46
155
102
131
141
48
49
62
63
191
63
60
86
76
50
66
144
165
50
115
125
