757 376
723 387
34 710
382 695
589 41
69 490
223 455
530 264
601 399
353 709
670 671
670 119
159 246
708 415
543 677
196 119
191 699
321 755
76 450
229 284
713 161
39 322
115 50
600 175
728 770
202 674
653 719
511 217
387 275
6 661
199 436
401 543
53 679
332 687
743 335
642 588
524 556
29 36
234 762
55 748
463 218
763 181
214 760
419 112
160 345
511 298
160 538
557 188
73 300
152 253
29 759
491 13
452 600
762 192
318 620
87 162
697 735
306 236
641 360
689 390
554 645
510 265
94 393
142 241
621 22
333 413
582 180
244 411
353 778
606 638
140 136
446 104
504 422
28 391
533 390
162 592
716 397
508 104
735 207
396 444
689 70
610 228
26 743
228 178
184 584
435 654
97 442
400 92
396 372
133 710
157 607
135 248
575 322
734 398
577 96
227 323
36 345
142 74
326 2
469 56
159 453
436 670
295 588
687 596
366 183
291 606
425 179
96 452
614 706
166 611
608 471
437 331
354 395
261 424
27 5
232 40
541 117
684 211
336 770
388 169
606 15
506 441
407 683
165 630
80 214
396 521
648 380
599 505
465 170
39 603
750 294
479 783
187 649
496 112
682 771
491 697
418 185
727 265
702 142
594 759
90 348
552 213
227 716
742 154
231 793
140 264
420 513
261 723
5 343
186 383
747 727
663 335
209 77
690 664
453 145
503 400
26 148
5 350
719 631
335 148
664 685
147 135
212 387
171 544
199 91
370 491
656 488
431 123
508 277
207 322
447 302
761 779
747 498
128 800
653 458
785 512
667 207
755 49
0 327
273 362
4 575
726 697
73 341
78 727
644 612
471 686
28 56
436 220
672 623
682 589
426 738
310 112
674 115
44 122
501 221
290 342
673 534
286 496
417 79
366 629
129 644
508 779
527 330
761 650
166 126
223 153
662 787
658 442
177 681
131 794
69 393
680 93
702 558
91 256
445 776
41 371
414 450
71 448
300 753
626 743
243 152
472 696
335 283
758 523
750 81
547 303
487 644
575 480
134 700
535 705
357 790
621 528
762 712
267 311
558 54
391 710
316 107
761 165
508 737
37 287
703 200
538 297
651 577
518 528
12 686
227 529
696 293
741 788
444 419
372 455
265 562
350 508
666 675
478 62
287 407
670 791
244 38
103 338
387 133
587 733
79 504
740 387
297 282
145 706
483 71
754 564
181 57
711 378
321 122
645 638
521 539
630 781
262 316
179 119
409 519
361 507
49 644
292 256
288 439
412 653
502 526
561 618
493 651
385 252
272 536
322 29
534 464
189 70
91 221
779 44
749 276
634 428
280 565
45 114
658 423
113 118
635 792
396 66
206 473
280 18
395 79
266 674
750 100
313 421
427 641
31 794
709 311
94 590
713 85
610 334
23 412
542 791
338 456
301 28
115 666
321 420
719 100
507 786
543 365
247 111
105 357
403 588
355 400
789 328
361 306
443 572
594 441
174 83
462 466
89 800
350 308
29 88
475 512
426 198
652 397
676 169
583 609
6 442
410 783
629 235
289 666
700 234
19 700
168 382
665 31
53 526
554 377
70 615
250 477
90 795
360 260
752 466
757 201
789 724
352 448
590 524
505 39
215 424
232 153
190 146
509 570
762 593
575 30
15 312
577 352
144 282
69 387
551 671
3 4
407 105
611 577
48 773
715 332
707 616
471 455
251 557
374 32
592 137
124 711
273 71
563 783
508 396
121 606
255 181
368 362
450 571
262 512
379 484
677 13
257 399
655 275
179 394
647 699
386 476
610 401
750 27
555 370
69 156
513 621
56 731
143 302
100 298
133 264
290 341
246 290
56 247
16 25
289 302
89 200
67 391
100 357
91 145
77 154
165 312
88 248
33 340
105 199
74 364
283 324
314 378
347 382
197 251
134 219
39 305
291 294
24 353
36 243
262 330
190 235
9 218
43 258
11 192
105 301
168 241
116 377
129 180
65 112
185 279
185 304
317 380
30 348
66 116
281 360
131 214
166 294
86 366
9 230
49 63
208 228
5 260
219 380
336 370
67 149
138 308
205 358
63 124
38 147
195 272
13 261
358 383
41 240
84 375
0 76
117 341
45 61
93 267
172 223
250 292
122 304
9 118
200 228
258 300
213 257
162 357
290 306
172 351
104 258
89 208
40 187
137 246
60 229
128 167
204 287
276 307
29 32
184 269
115 287
151 390
63 288
204 327
56 171
310 337
119 369
36 280
149 169
30 100
210 215
165 275
44 149
224 316
182 210
312 354
22 293
302 395
49 124
139 219
85 135
7 47
154 333
298 386
34 306
65 384
221 238
53 78
244 342
11 335
306 390
142 218
89 209
141 339
388 395
198 376
56 134
41 352
118 235
92 346
158 361
18 260
26 108
195 330
104 268
20 240
313 376
76 351
15 327
167 264
146 387
85 235
20 316
286 326
253 356
58 394
43 106
55 295
60 367
226 398
64 94
240 335
87 154
6 100
60 226
37 114
131 311
246 390
106 167
273 359
5 310
230 338
220 319
198 297
85 221
210 320
26 296
175 351
139 296
258 369
150 203
29 244
162 343
16 132
40 333
166 174
181 353
135 317
177 289
322 354
61 170
126 151
120 234
177 308
26 252
77 99
197 386
115 164
199 321
298 348
104 119
45 170
103 188
17 235
249 312
79 165
43 119
56 181
109 163
254 315
325 385
176 339
27 61
152 266
143 316
181 252
304 321
209 329
87 167
62 320
210 217
112 303
54 292
126 309
79 216
56 160
146 393
26 392
332 360
160 181
197 245
44 140
278 389
71 87
30 162
130 290
8 58
66 339
114 186
35 231
11 377
238 311
130 372
9 17
113 162
25 301
83 220
68 230
155 396
74 155
88 111
134 255
107 217
249 387
90 314
41 78
83 358
121 374
33 147
95 162
278 354
7 202
80 138
81 390
71 133
135 238
195 389
208 263
219 296
127 326
73 148
201 317
39 329
156 331
45 225
245 375
135 185
242 373
222 283
20 176
21 157
18 366
341 352
250 386
186 293
134 206
20 237
73 337
168 202
261 323
164 273
118 230
277 350
74 121
58 59
348 357
216 248
71 198
179 389
84 245
196 212
360 385
15 164
26 134
200 378
2 32
55 204
233 272
130 137
10 108
169 233
110 166
243 270
40 128
87 376
162 391
116 264
114 331
154 167
152 327
207 291
0 323
12 288
80 177
54 301
117 138
285 313
64 80
50 244
321 325
23 141
123 200
48 288
32 276
92 241
46 382
248 381
243 360
126 267
182 239
115 299
33 301
242 269
6 348
326 394
282 304
2 29
303 322
110 355
10 269
175 196
321 385
159 236
243 286
98 285
280 332
85 279
364 396
182 366
26 219
158 181
254 303
171 353
77 356
237 240
6 298
344 388
40 61
41 237
167 369
143 335
16 301
159 191
44 365
184 252
202 318
97 164
214 238
67 113
229 238
45 241
280 286
216 374
96 239
349 371
139 311
8 334
30 149
219 271
75 84
96 148
72 121
81 176
2 371
173 183
223 361
185 238
206 255
245 386
320 343
75 382
94 133
77 133
378 399
103 189
1 93
87 369
224 308
331 397
147 301
139 201
29 342
96 182
99 253
263 378
15 152
188 373
112 249
245 292
153 188
177 302
35 242
128 187
269 336
165 387
22 287
22 266
195 222
84 163
65 312
49 91
193 293
73 157
274 385
50 82
271 380
225 241
116 133
140 257
140 366
96 366
140 182
95 272
229 367
52 226
140 215
135 229
332 385
148 239
138 335
55 288
214 338
71 77
131 380
28 187
146 325
212 242
336 367
285 379
16 378
74 381
16 38
0 261
164 379
240 352
20 117
32 129
175 212
71 167
64 344
53 240
231 355
74 396
95 233
295 331
256 287
33 54
18 337
55 161
83 319
21 215
38 144
297 369
156 397
52 85
46 84
32 82
173 349
61 168
189 223
71 369
104 106
164 256
220 383
111 384
72 286
4 94
9 190
62 366
52 385
162 169
194 333
22 368
105 292
10 184
55 293
44 343
8 346
4 120
102 250
95 262
184 373
175 265
71 253
290 323
203 361
256 313
256 379
32 314
208 314
58 151
179 272
201 214
27 194
176 335
324 384
226 282
160 269
10 373
40 154
86 100
192 344
61 194
172 265
166 231
315 322
28 170
127 174
229 259
116 234
243 355
178 239
146 332
15 220
227 231
99 264
354 393
342 371
102 105
171 247
92 396
7 92
183 305
63 365
35 212
157 178
160 219
16 228
305 371
22 37
102 292
318 364
15 287
79 328
211 316
70 161
106 258
227 286
150 232
115 266
25 123
236 258
75 90
105 284
167 198
142 208
183 342
57 104
80 308
47 116
374 381
231 370
195 254
36 360
132 142
361 373
189 242
35 189
56 206
141 194
10 160
255 296
7 241
32 183
56 150
25 42
53 237
197 312
34 267
159 369
19 169
106 333
234 264
369 376
154 258
224 302
55 124
222 272
58 291
45 92
103 196
75 163
39 50
48 96
52 325
298 357
297 300
97 204
314 382
269 373
179 254
128 133
9 68
217 337
145 365
190 221
212 223
74 202
264 356
125 393
135 221
305 349
243 280
96 140
153 184
282 398
268 379
73 96
267 372
55 397
191 268
121 328
54 105
13 294
152 299
149 343
240 341
104 350
59 151
312 393
222 233
156 295
134 392
51 264
49 365
102 375
25 208
177 395
307 345
205 273
75 123
311 380
144 147
123 314
156 293
286 374
49 213
90 123
88 112
40 136
167 258
42 218
346 396
222 262
26 139
26 259
151 334
84 132
8 318
200 263
270 286
92 225
28 333
160 392
16 142
261 372
216 249
202 396
201 311
329 349
16 147
122 221
185 221
188 269
0 372
183 314
99 133
32 399
108 392
237 302
156 186
251 393
80 120
165 354
48 213
236 379
46 90
69 367
94 120
14 229
94 234
152 204
164 359
123 208
278 312
9 122
2 183
269 392
5 18
177 224
146 328
214 221
143 240
52 282
206 296
339 341
289 395
161 295
310 366
304 325
1 334
276 314
78 290
200 314
225 364
187 283
131 190
8 326
180 276
77 234
184 336
87 159
2 39
299 379
346 394
180 347
275 393
273 295
30 343
10 181
85 185
266 287
270 355
249 315
84 109
48 257
134 271
15 205
101 279
37 193
119 187
168 170
299 376
148 363
191 236
229 282
278 303
82 183
6 245
75 307
98 313
34 261
35 103
27 128
78 341
121 286
132 228
103 373
360 398
69 370
12 19
121 381
27 40
82 399
241 318
223 351
271 296
236 313
233 262
119 167
59 267
35 196
205 319
48 140
254 389
220 358
39 183
238 380
41 143
172 212
207 394
200 208
62 86
202 364
166 207
12 365
7 141
125 165
125 321
121 248
192 308
108 160
221 229
108 219
209 378
67 389
161 359
150 353
315 384
274 275
280 328
49 288
375 386
5 337
357 391
164 358
48 320
50 305
103 153
182 257
137 240
250 375
164 327
40 106
207 334
5 217
139 259
6 162
182 320
3 279
135 367
102 340
26 206
233 330
175 223
121 332
109 200
280 385
67 254
52 398
174 334
13 59
217 366
103 265
48 91
155 248
43 71
223 265
251 274
198 264
202 225
106 187
157 182
183 263
305 329
334 394
20 53
34 130
135 201
303 354
113 303
68 338
302 316
24 206
6 278
100 107
13 334
1 76
182 363
112 254
42 147
236 319
63 145
39 371
62 140
10 26
245 284
122 185
291 394
164 205
148 157
158 373
30 389
197 375
387 393
78 176
36 398
57 262
65 354
119 258
27 66
15 204
129 345
41 53
158 188
17 218
55 70
73 178
28 283
75 200
134 296
17 118
23 377
131 238
50 349
346 364
21 178
183 378
29 276
78 137
38 142
36 281
30 298
330 384
146 274
183 209
13 76
137 341
9 235
118 338
39 82
73 210
101 304
279 321
15 273
309 396
251 354
201 238
65 322
267 334
259 380
213 239
203 373
79 248
26 56
281 370
14 367
120 344
17 147
11 20
50 371
106 119
358 359
222 350
234 362
43 369
92 318
50 399
68 118
32 39
89 228
246 372
249 303
72 318
27 47
31 385
59 291
84 382
172 196
122 190
146 385
147 340
12 213
161 327
254 278
138 316
177 316
168 225
206 271
124 213
20 335
80 388
118 218
143 352
35 184
72 155
62 182
121 227
125 146
96 363
16 208
33 122
262 350
51 356
32 244
1 59
91 124
258 268
244 276
70 273
34 76
17 38
157 310
251 387
167 333
192 316
289 308
174 294
79 393
189 373
105 375
235 304
158 189
78 237
98 379
198 253
147 218
13 93
239 363
23 94
235 279
302 308
303 389
254 357
46 75
108 259
0 93
20 138
257 320
46 245
67 357
71 297
344 362
275 387
101 221
62 257
117 176
238 317
56 252
293 397
276 342
136 154
90 109
191 220
31 275
173 209
231 242
153 203
204 205
58 126
104 333
51 234
16 89
324 350
152 256
303 312
51 253
0 34
98 376
245 348
306 372
115 327
31 146
145 288
221 226
77 94
101 226
188 252
112 322
237 352
119 136
381 396
15 358
14 259
40 168
3 122
70 193
104 159
85 282
166 196
165 274
78 352
68 190
56 232
151 246
14 238
83 205
151 309
106 154
35 336
98 299
52 279
270 280
138 211
31 251
145 213
129 276
9 33
143 308
19 277
28 350
61 225
137 290
309 364
8 74
91 213
181 203
283 330
349 399
297 376
60 398
71 300
48 145
153 181
48 239
22 327
125 274
251 284
62 107
113 348
215 363
216 328
37 331
73 215
31 387
132 263
266 273
120 388
241 364
18 62
211 308
270 332
3 101
70 295
328 374
197 250
215 320
209 349
2 342
128 194
195 324
183 399
91 257
79 249
205 359
54 199
32 342
256 266
159 268
348 386
43 87
7 27
9 340
287 327
293 331
76 267
13 207
300 376
23 335
202 381
72 74
8 364
0 267
48 363
224 395
186 331
21 363
184 242
2 82
84 90
162 179
164 204
184 370
189 196
267 306
183 349
86 210
260 345
183 371
220 359
98 256
327 359
19 95
288 397
173 378
69 108
26 160
124 145
42 144
15 359
10 392
7 225
4 234
246 341
10 188
138 192
66 81
45 202
226 304
74 346
65 254
277 330
259 392
15 319
216 387
242 370
131 338
354 387
87 300
88 322
281 336
51 362
282 367
19 233
15 266
228 378
30 391
31 125
83 359
56 392
83 383
296 380
73 310
128 154
74 318
113 254
151 306
34 93
64 234
44 320
10 158
20 192
185 282
57 222
259 271
150 181
50 329
66 141
157 363
108 252
50 183
290 372
142 144
142 340
189 212
35 188
91 288
52 360
97 295
153 373
221 282
319 379
25 132
44 391
113 278
110 207
103 158
29 129
3 9
67 162
25 109
47 377
137 306
64 120
110 127
3 190
155 374
109 208
19 262
318 396
69 336
78 335
125 387
62 73
187 194
11 211
200 382
195 262
89 263
253 264
102 199
59 93
20 211
356 362
20 352
84 123
90 382
198 258
37 186
110 326
26 271
1 267
257 365
31 321
53 352
67 278
178 363
95 195
85 304
58 334
82 305
212 373
76 334
44 169
153 392
97 327
106 128
185 229
17 230
59 372
281 367
14 60
12 91
81 141
60 336
89 314
190 214
166 291
343 357
97 287
70 97
71 154
70 327
197 284
18 217
67 348
34 246
99 356
101 235
135 226
20 78
283 333
312 387
54 102
260 307
85 122
179 233
339 390
58 364
24 247
96 157
323 372
21 148
61 202
325 360
127 227
64 388
165 393
222 324
64 362
152 273
199 304
99 297
77 116
129 347
285 376
45 318
103 212
22 295
140 320
166 355
248 374
280 360
142 147
88 324
59 207
68 235
86 217
8 396
133 154
196 223
33 235
69 269
261 267
103 242
193 397
273 327
141 168
12 145
221 304
6 391
262 277
126 207
24 255
79 88
251 312
55 213
112 354
21 96
213 288
23 47
173 329
210 257
184 189
332 374
204 273
72 346
153 160
10 153
357 389
173 371
58 309
186 193
157 215
22 186
211 224
106 136
19 272
192 302
99 198
43 300
152 319
38 42
80 192
65 249
73 366
165 216
15 83
122 235
331 368
127 231
18 345
154 369
270 360
104 283
123 132
122 279
266 327
86 107
169 272
67 179
7 61
123 382
97 161
320 366
219 259
359 383
92 309
5 86
13 351
165 251
150 247
284 292
14 135
314 347
203 232
7 168
1 13
90 163
66 377
113 179
24 150
39 399
8 394
132 200
144 218
262 272
274 332
48 182
5 345
13 267
183 228
2 399
184 188
62 210
82 342
4 362
1 34
307 382
65 113
70 204
198 369
47 81
31 325
6 386
23 81
355 370
20 302
49 145
39 244
200 307
179 195
222 277
35 269
43 198
72 328
186 368
29 347
59 334
245 250
167 297
14 398
219 392
4 64
155 346
133 253
2 244
182 215
229 317
149 162
89 183
289 316
249 322
202 346
212 361
15 70
291 334
152 164
193 295
16 123
8 294
100 391
130 246
93 351
103 361
215 366
283 350
16 42
224 289
61 241
3 304
94 116
50 342
104 136
117 137
27 187
328 332
146 165
278 315
109 132
89 378
236 285
60 281
113 389
178 215
196 231
128 136
303 315
23 176
342 399
195 233
17 33
71 258
101 190
126 334
153 269
54 250
90 132
103 184
22 114
108 139
75 109
81 339
274 387
341 390
109 382
215 310
265 361
56 255
201 380
96 215
207 294
101 122
195 384
8 291
70 397
126 291
140 210
12 63
164 319
205 383
161 273
222 330
133 356
34 290
69 281
311 317
273 358
208 378
367 398
136 258
335 341
189 370
220 273
96 210
125 325
125 251
265 373
27 168
105 340
138 302
71 99
133 167
27 141
65 315
198 300
197 278
92 202
79 387
37 368
31 274
24 181
134 150
35 373
24 232
169 343
185 190
21 239
138 143
156 193
44 162
82 244
235 338
210 366
137 372
143 224
138 240
107 210
163 245
152 379
6 113
15 161
174 207
6 357
217 260
276 347
279 304
43 297
322 384
0 13
295 397
36 270
8 126
20 143
107 260
97 266
329 371
206 219
152 287
72 381
343 391
124 397
115 152
78 240
315 354
191 319
80 211
113 357
132 208
196 242
219 255
7 194
18 107
151 372
252 392
46 109
28 330
34 323
130 306
42 142
97 273
31 165
35 69
10 252
197 348
38 218
243 332
79 354
115 379
77 264
72 374
111 170
117 246
101 282
76 93
294 334
250 284
47 194
14 226
268 319
214 317
85 226
211 302
139 206
26 255
11 138
23 66
119 333
102 284
3 85
57 277
308 395
256 299
256 285
47 66
60 69
155 318
117 339
87 198
6 30
16 263
293 295
174 326
130 323
26 153
191 258
3 33
192 335
63 213
200 347
57 383
76 294
246 306
29 180
188 189
85 101
301 340
30 67
161 204
210 310
92 364
112 315
2 276
216 354
30 357
61 141
225 318
5 107
86 260
257 366
171 232
180 345
160 252
115 313
12 49
234 356
394 396
199 279
192 377
127 166
207 326
33 218
39 349
1 372
37 293
281 398
76 261
45 111
62 217
17 68
80 224
292 386
139 271
58 92
25 263
43 154
78 117
110 294
21 257
28 222
44 95
126 394
172 175
95 169
228 314
136 283
6 67
215 337
11 308
175 361
115 256
318 346
110 174
6 389
136 167
192 211
45 168
259 311
54 340
52 304
308 344
181 232
119 159
153 158
109 123
284 375
299 313
319 358
148 215
211 388
105 250
284 386
65 303
226 367
272 277
187 333
162 389
90 200
189 269
65 278
11 316
255 271
134 247
294 326
252 269
14 281
46 163
24 134
292 375
136 187
291 326
213 365
216 393
25 142
285 299
134 171
346 381
58 294
274 393
124 156
112 384
75 132
23 339
72 248
142 301
165 249
269 370
91 365
294 394
125 275
30 113
117 335
11 80
1 261
300 369
228 263
127 355
82 371
249 354
68 218
313 379
43 167
244 399
153 252
44 257
164 287
232 353
13 174
143 237
201 229
24 171
18 210
139 380
190 230
95 179
284 348
80 344
174 291
3 199
63 91
205 220
204 359
273 287
45 194
278 348
32 347
168 194
114 368
57 350
28 324
142 263
204 295
101 185
24 56
249 251
274 325
71 264
78 143
70 359
80 316
25 228
130 341
48 63
21 48
101 135
120 362
174 394
249 275
103 269
149 357
39 342
146 275
212 265
318 381
55 156
217 310
188 242
227 326
249 393
90 307
136 333
62 215
110 231
79 312
110 291
148 178
4 344
47 141
312 315
185 226
14 282
87 297
77 253
164 266
227 355
93 261
3 235
87 258
218 230
202 241
149 391
96 178
117 240
245 298
176 341
371 399
124 288
19 49
52 321
211 344
40 194
197 292
114 293
18 86
131 201
275 312
135 282
158 203
59 76
111 324
28 111
227 243
324 330
126 294
158 265
155 381
251 275
263 314
0 1
131 317
59 126
129 307
293 368
247 255
51 99
2 50
60 282
36 355
236 268
193 331
59 261
128 333
307 347
308 316
191 379
159 258
69 188
160 188
69 184
330 350
233 277
262 324
8 309
94 377
7 45
36 332
305 399
34 372
190 338
176 390
53 143
129 382
20 41
88 384
176 240
33 199
364 394
122 199
121 155
110 227
4 356
21 182
86 310
94 362
150 171
80 302
113 315
248 328
55 193
319 383
59 294
22 97
81 117
21 140
35 370
108 271
138 237
163 298
167 300
103
86
77
80
75
157
45
109
95
81
179
34
163
125
104
104
78
156
157
74
137
146
78
85
71
217
70
118
133
206
59
17
199
52
165
93
44
134
123
59
141
181
129
73
107
80
216
39
82
46
171
115
156
166
15
171
47
72
123
87
74
94
122
73
64
64
58
34
97
144
65
105
222
80
92
55
92
141
34
123
86
109
110
134
64
51
154
91
87
44
129
64
139
96
137
104
57
43
129
94
131
40
280
206
189
102
179
178
155
139
74
106
121
57
20
64
101
85
92
139
111
121
69
58
223
167
75
104
64
101
148
95
185
96
52
164
137
83
140
102
40
94
155
116
60
85
164
120
132
140
179
57
120
76
101
87
149
54
96
59
150
59
144
147
148
99
190
70
79
115
51
49
129
136
61
84
120
88
125
61
102
174
68
136
135
49
65
93
34
209
34
159
167
129
112
85
12
91
62
55
65
130
132
44
78
81
93
54
179
82
52
178
55
26
181
88
197
141
124
137
103
20
64
205
81
175
108
89
54
122
133
180
74
14
99
67
172
35
72
62
161
84
74
106
163
97
132
141
107
119
73
55
137
44
90
71
132
21
116
109
45
49
54
168
101
149
120
146
68
78
125
60
132
100
166
169
54
77
114
169
152
166
68
55
118
117
97
140
54
71
68
63
196
12
54
136
66
80
32
69
166
101
191
180
53
75
83
120
85
201
129
141
44
249
167
68
119
111
177
71
78
89
123
125
164
154
117
184
182
57
117
105
62
112
158
113
154
150
45
156
53
88
27
28
96
38
88
72
105
147
178
44
61
196
17
70
128
105
110
143
165
109
169
169
54
72
38
151
142
83
130
176
85
90
76
30
49
37
123
182
121
122
64
22
83
151
76
206
16
100
20
26
39
70
143
125
167
112
38
28
62
66
92
166
104
97
76
32
158
194
13
115
148
120
46
75
48
14
119
178
18
166
31
110
33
71
83
52
66
94
58
150
60
109
163
93
136
43
171
104
166
118
94
170
194
81
50
226
36
147
69
153
94
151
68
125
170
68
85
75
164
137
146
101
182
197
90
89
111
130
110
83
203
69
26
292
82
118
185
82
105
150
77
189
50
47
177
89
325
116
172
106
71
57
90
41
233
173
66
136
145
133
73
100
136
103
49
125
140
25
102
71
22
150
134
151
93
212
60
197
136
59
179
187
122
71
115
135
60
70
66
44
79
230
37
30
127
216
147
105
180
48
146
98
76
93
41
81
93
116
85
19
154
63
22
127
63
125
36
74
63
178
151
89
62
107
192
89
167
40
179
104
92
53
182
86
29
94
71
149
64
108
69
85
142
224
129
20
201
209
74
57
131
224
98
147
107
98
56
101
34
97
35
114
68
73
77
113
173
101
19
186
177
147
53
93
29
109
47
112
124
38
182
127
91
55
20
139
83
71
220
40
42
191
96
53
98
210
89
158
50
144
73
26
96
159
48
30
153
120
103
140
131
43
115
153
85
206
16
60
179
104
185
97
68
70
95
45
186
48
104
118
54
51
50
15
145
76
26
84
114
127
146
111
102
98
191
110
258
81
69
116
184
154
237
68
83
81
77
98
151
176
122
121
113
84
79
154
67
71
31
85
93
91
58
137
91
171
124
35
68
148
169
90
158
209
137
168
64
159
175
174
47
70
145
174
67
27
82
100
69
119
122
59
81
149
99
157
153
87
13
173
59
88
167
119
48
60
90
84
120
53
163
61
114
76
135
108
111
56
121
111
31
149
63
143
44
177
57
117
68
32
59
137
58
91
112
113
105
98
115
39
120
41
67
103
102
82
140
77
196
30
109
73
198
64
210
134
96
147
72
114
87
71
169
70
181
35
67
116
110
67
27
167
45
144
171
227
181
130
60
212
67
157
121
157
72
57
166
187
227
167
68
54
120
106
91
66
157
185
104
88
69
123
172
66
53
156
69
68
149
174
145
26
187
86
164
202
32
68
120
104
79
168
72
113
21
22
142
137
12
122
118
72
45
38
181
60
184
19
115
23
106
141
62
84
77
23
82
145
157
84
51
116
131
149
133
105
38
145
30
185
20
93
56
129
32
82
83
115
20
185
109
65
38
135
83
90
149
119
114
133
12
182
97
90
66
55
120
45
56
25
158
106
26
140
16
89
146
153
112
100
137
74
84
131
145
153
89
98
58
115
77
123
92
95
40
64
105
90
72
37
137
83
27
41
60
139
140
57
112
57
141
70
125
112
99
100
119
88
147
122
83
105
58
101
120
131
143
111
203
155
117
86
97
132
85
53
98
123
71
97
61
32
30
152
91
113
104
49
107
133
33
123
191
107
117
75
18
96
97
11
65
194
72
50
100
106
159
46
92
114
104
110
80
80
31
121
43
166
123
143
125
120
14
45
78
88
118
141
220
61
206
121
156
94
66
42
125
79
111
200
27
152
120
159
63
123
52
105
77
150
111
68
218
126
35
53
61
101
183
52
72
102
126
91
85
167
228
54
41
99
33
142
60
125
134
122
73
56
178
176
107
117
120
98
87
88
125
37
33
167
131
100
35
181
110
45
165
45
42
125
70
164
46
90
82
103
94
56
67
55
135
104
183
195
88
134
59
80
122
39
49
62
56
43
98
68
57
77
182
128
157
83
135
158
196
188
72
184
116
93
39
106
102
65
48
108
98
177
118
81
74
68
71
57
55
130
96
102
87
59
89
106
24
70
34
99
104
68
186
20
56
61
142
80
72
112
49
33
56
57
112
160
142
115
116
169
114
103
136
71
204
129
102
144
150
198
189
221
92
138
117
176
120
69
57
59
37
108
44
123
76
175
46
99
143
147
83
37
53
145
66
132
71
17
61
180
50
126
174
51
61
105
36
21
121
103
124
164
92
136
103
62
60
42
137
27
178
100
18
91
49
190
20
42
136
144
118
68
151
99
88
174
104
163
143
90
31
100
93
63
70
70
184
116
143
53
95
62
11
89
168
72
80
56
110
157
115
61
120
48
98
65
171
39
78
188
108
187
92
59
165
26
83
105
126
178
151
64
56
118
105
50
151
21
181
114
107
35
100
166
129
49
72
112
88
141
101
44
49
118
64
101
45
124
206
40
121
120
145
107
227
63
67
39
98
87
188
60
124
21
113
35
47
133
134
100
158
76
251
147
25
48
77
90
44
142
46
100
84
92
142
75
66
120
63
97
76
85
102
52
46
29
24
130
74
53
100
109
64
102
144
102
108
171
67
146
69
80
103
139
71
40
185
94
111
70
45
18
59
158
111
82
104
77
43
67
49
84
27
86
50
81
43
142
59
34
184
61
174
80
145
162
44
224
157
70
93
103
51
107
77
237
89
79
152
99
88
65
63
66
99
94
104
41
149
149
123
101
75
167
84
30
94
157
183
117
102
74
182
61
63
178
50
69
112
66
120
138
175
191
78
107
113
69
19
149
74
59
128
147
91
11
104
68
82
167
111
179
49
146
136
124
76
158
118
57
38
112
139
95
50
71
116
59
37
24
51
234
49
164
96
91
21
73
109
99
87
175
118
82
77
166
154
129
116
190
108
172
114
162
62
208
94
162
181
142
126
94
29
57
71
128
109
121
50
147
81
197
142
84
160
78
93
44
114
111
207
17
156
117
74
148
60
67
95
67
22
88
171
41
22
110
69
165
87
43
85
69
161
77
110
121
49
55
26
118
122
58
96
83
43
103
80
117
92
73
37
55
89
157
115
98
47
69
61
69
102
16
98
155
125
56
76
93
50
85
140
146
22
42
70
118
101
164
156
137
189
132
206
61
55
67
130
164
46
199
116
219
41
68
117
66
26
63
136
83
92
113
197
83
138
139
66
159
173
91
59
207
48
16
28
51
26
114
71
107
83
108
33
161
160
64
76
157
107
96
20
95
16
90
173
92
239
141
136
149
117
95
150
100
68
216
179
67
73
141
107
108
110
116
119
86
127
74
177
65
80
27
70
212
70
218
148
199
12
16
74
148
74
68
30
81
147
111
156
96
124
69
50
61
60
114
53
117
64
65
61
91
121
62
84
114
149
113
133
71
115
125
57
166
24
58
58
79
51
73
96
78
113
126
85
76
98
151
39
156
131
81
68
86
184
69
116
114
90
100
125
49
29
34
61
88
21
124
76
30
189
71
109
56
66
98
32
84
61
142
85
99
180
94
109
98
196
22
51
42
74
219
84
101
124
66
158
58
154
84
54
65
108
119
123
91
90
48
193
234
186
90
148
90
149
55
144
135
94
97
72
109
72
85
114
71
74
161
23
169
88
76
127
37
172
32
53
74
134
70
152
97
115
35
38
61
173
74
27
65
56
82
72
100
15
201
61
125
49
171
286
60
63
133
93
69
62
97
81
135
23
47
142
13
24
129
55
74
74
62
151
124
87
143
78
153
25
64
71
90
60
41
116
74
126
83
131
60
68
140
191
59
115
73
113
52
53
113
81
201
114
44
101
181
147
131
42
92
114
66
196
126
99
195
116
82
116
79
68
74
136
113
89
99
141
164
58
