321 130
705 581
583 432
434 361
162 249
412 133
37 520
259 591
702 129
363 701
505 540
644 209
604 50
584 175
54 75
323 556
336 785
700 161
612 626
399 254
292 305
609 519
13 186
603 44
149 621
21 87
250 350
630 93
655 427
288 123
133 511
40 417
126 288
316 390
369 711
321 147
401 188
790 18
676 423
415 307
501 297
680 358
190 569
797 291
634 12
619 665
309 386
355 134
68 178
136 39
466 717
772 446
793 86
505 2
171 132
294 111
69 418
661 152
158 526
458 742
719 142
158 511
654 581
257 627
640 276
545 128
706 302
27 160
43 356
661 67
105 404
678 319
622 736
343 605
527 208
580 465
56 736
358 384
350 698
513 183
363 295
766 470
479 297
665 504
518 36
43 633
90 748
485 741
220 238
47 512
375 35
323 602
581 381
290 750
32 109
766 349
488 38
323 374
338 526
646 665
1 584
434 644
485 326
703 445
676 778
336 425
782 641
190 479
54 748
254 317
494 513
709 635
261 754
492 231
26 60
759 798
114 176
59 561
0 521
499 777
91 242
451 283
449 59
628 210
120 745
718 231
121 409
315 670
528 86
175 730
599 674
38 722
100 669
713 9
312 540
630 602
706 260
64 107
698 605
343 686
205 243
463 645
262 160
391 744
592 790
317 71
322 760
129 711
195 610
468 446
501 483
782 147
265 589
149 607
258 97
420 5
648 644
409 82
308 611
50 521
686 442
87 777
78 125
218 248
263 730
341 52
300 782
597 344
520 675
727 737
655 76
438 767
559 10
718 121
230 553
778 258
325 753
348 87
319 615
141 257
342 240
593 610
376 366
106 698
4 239
643 462
43 642
134 464
271 83
725 615
462 657
409 122
745 39
516 508
331 292
507 697
407 522
107 157
500 239
303 313
149 542
434 168
525 531
748 19
366 239
440 414
632 667
31 394
221 37
76 331
126 297
352 27
595 496
109 4
81 717
731 421
455 579
445 383
173 344
336 531
609 620
358 391
140 465
276 224
12 160
333 723
292 234
661 700
467 470
494 592
466 245
700 95
387 296
612 530
90 176
70 19
642 64
334 552
409 64
406 639
385 116
410 482
520 64
638 669
566 278
541 373
35 232
348 172
659 779
475 591
590 428
352 191
608 713
540 164
761 319
95 198
29 55
449 340
443 420
376 682
720 754
487 29
583 484
271 243
786 400
624 392
93 186
495 182
611 187
645 328
2 634
388 520
142 45
782 250
10 212
552 798
722 297
152 226
571 371
706 197
381 321
668 587
276 206
432 156
777 774
431 611
207 551
4 167
270 270
498 541
609 461
782 487
595 82
92 753
667 191
98 386
235 713
448 92
797 620
663 589
709 110
782 351
348 443
224 165
310 172
57 408
464 259
556 623
449 723
367 117
169 599
632 476
403 421
566 594
420 298
449 572
680 639
141 455
255 142
719 273
414 528
554 691
495 45
415 209
55 67
181 93
261 263
132 112
374 768
136 325
292 63
722 714
623 336
261 784
559 270
708 649
420 126
358 759
593 177
441 784
480 76
3 741
57 349
327 200
153 457
734 445
0 68
344 283
59 641
34 406
694 762
95 451
793 112
602 480
290 48
550 520
106 11
679 628
688 788
737 765
103 125
533 67
192 604
68 585
387 78
678 685
281 789
651 791
258 325
778 769
97 611
571 567
457 231
667 232
445 6
143 460
255 699
721 169
448 653
453 457
739 10
162 747
193 274
208 766
795 374
355 72
374 320
314 758
517 648
213 74
660 115
87 91
83 161
353 46
333 462
415 285
225 99
672 692
122 557
362 328
5 336
163 263
184 246
45 130
179 329
148 286
60 377
196 271
38 103
286 362
225 259
5 36
89 100
17 231
2 353
283 336
80 386
175 276
180 251
83 233
12 170
116 360
33 97
46 302
39 395
212 353
114 324
20 226
26 368
92 269
39 386
19 39
125 377
21 75
101 259
103 215
0 304
152 286
126 222
10 202
309 385
24 153
86 293
166 333
82 395
91 219
0 309
139 225
226 288
272 356
50 87
296 383
190 249
260 331
133 192
238 364
106 331
310 398
54 325
117 348
226 343
99 227
38 290
248 260
153 363
269 276
140 288
48 162
173 192
1 357
125 276
296 333
160 215
77 280
216 289
23 172
202 262
190 285
66 301
98 196
17 377
72 397
62 135
54 360
322 374
154 389
124 381
11 17
305 349
78 337
64 334
188 330
130 220
198 244
148 362
88 277
120 234
231 236
28 265
161 214
177 385
40 244
109 326
210 382
113 198
306 372
199 368
150 289
300 390
66 136
117 159
152 178
196 241
38 185
156 281
11 279
199 288
82 102
20 347
141 239
124 183
135 138
262 355
69 170
17 390
131 183
294 377
165 309
5 191
86 124
26 218
69 300
126 317
40 198
14 391
121 257
35 142
86 214
29 188
134 237
348 370
76 132
47 385
189 281
233 353
217 258
71 254
135 181
83 185
67 94
103 345
243 252
52 300
81 215
238 297
129 293
107 286
170 292
37 203
132 186
10 355
154 325
193 262
161 293
171 308
92 332
9 78
157 364
147 381
74 268
389 396
35 247
59 87
177 330
57 377
206 316
191 240
0 29
336 364
109 263
18 206
6 351
74 267
98 219
7 42
59 308
92 250
58 222
14 356
76 341
179 210
19 36
48 360
299 316
50 119
1 111
111 189
69 203
253 338
149 228
17 373
177 393
13 338
95 215
154 396
24 132
9 225
15 219
72 252
272 391
44 236
123 294
153 362
76 214
2 75
63 362
53 261
303 318
239 378
385 393
52 151
190 378
32 277
107 317
301 384
31 351
152 362
92 167
31 305
112 296
5 47
282 303
95 264
89 363
53 84
145 393
58 317
304 343
184 274
14 25
153 200
43 175
174 286
264 384
243 316
84 361
328 337
112 376
30 317
270 363
137 391
73 91
194 226
134 219
72 275
242 361
8 231
30 187
295 349
208 325
240 247
216 315
142 304
162 234
58 107
160 290
20 263
6 100
191 336
138 281
266 360
169 359
215 384
229 315
176 366
344 375
238 385
145 154
36 251
219 271
269 278
140 277
164 383
12 27
86 147
55 145
289 355
71 276
47 251
165 330
143 339
79 253
88 263
41 276
0 343
181 307
11 123
146 366
138 189
79 267
261 322
177 364
223 263
110 150
80 399
66 269
20 288
121 314
235 356
115 369
148 152
51 81
282 326
209 295
17 57
65 128
135 357
98 394
12 172
173 279
180 263
304 318
146 387
34 78
57 300
126 295
164 166
52 203
239 259
100 118
39 121
36 204
82 198
44 133
64 123
155 261
7 134
4 140
156 299
98 134
176 387
126 187
65 242
87 321
1 62
58 310
254 384
256 346
171 337
14 94
52 352
8 377
50 339
74 253
358 359
101 190
14 137
2 250
38 345
45 156
194 232
255 277
168 195
214 348
35 343
48 246
364 393
281 299
172 242
41 71
57 390
308 339
246 274
122 340
8 17
170 173
69 231
145 385
115 358
129 381
133 231
122 261
131 161
74 198
224 274
17 125
325 327
118 159
143 176
93 146
353 355
225 328
224 287
307 313
273 319
236 292
138 316
340 361
55 154
182 312
139 176
129 183
344 351
86 108
60 173
16 93
245 278
178 237
50 141
257 395
171 339
247 309
186 363
197 392
114 391
177 240
211 393
68 349
183 214
297 322
46 182
21 355
28 160
131 186
278 332
54 303
88 140
254 276
50 195
137 346
302 394
101 239
95 301
195 388
306 314
101 378
98 320
48 197
170 300
314 386
61 200
149 150
55 330
41 269
188 396
40 230
43 276
57 173
38 265
42 310
92 265
206 365
122 238
68 70
182 280
275 367
151 377
270 348
63 148
186 370
93 164
163 223
117 370
65 79
26 46
254 273
4 277
76 293
13 123
73 134
18 156
162 324
33 77
235 324
174 362
50 171
350 358
84 242
158 237
228 379
65 253
181 220
45 397
72 227
15 178
215 345
223 282
38 160
145 211
2 245
39 82
50 308
105 182
143 259
50 190
208 354
252 367
34 127
196 320
305 351
235 272
185 262
90 155
210 218
165 393
141 229
111 365
49 325
293 381
156 220
55 396
108 341
94 391
291 345
317 351
27 170
11 294
8 279
0 188
48 224
179 382
28 38
241 302
110 315
20 326
331 397
14 360
212 290
123 338
125 279
51 160
282 288
66 71
6 159
159 398
121 395
88 326
70 222
156 243
6 118
99 365
147 161
90 238
176 337
60 279
285 378
63 158
183 348
229 249
75 185
327 392
57 123
120 277
25 391
45 252
5 157
207 209
38 215
181 313
65 292
16 366
61 375
164 366
22 287
45 227
204 347
260 369
2 278
148 174
121 372
300 377
145 188
33 46
284 369
165 364
24 42
84 128
136 273
250 311
93 225
51 384
141 378
212 355
190 308
128 361
40 82
125 175
152 158
103 160
57 268
102 245
7 158
77 312
213 272
281 357
33 105
127 158
101 285
7 15
49 356
16 328
39 399
32 210
71 319
255 266
241 312
290 311
26 109
154 330
330 354
60 352
96 128
241 320
24 148
257 258
49 235
16 176
110 202
185 250
122 157
187 222
146 166
78 176
333 387
250 265
170 231
149 217
25 256
19 372
335 397
3 217
232 395
124 129
297 340
333 366
58 286
83 160
52 192
219 320
115 284
331 365
89 159
183 293
15 152
32 120
144 248
1 299
261 340
93 387
113 121
6 363
197 255
32 140
60 294
169 358
233 355
238 393
11 57
135 316
279 294
84 340
163 382
179 277
106 335
61 286
77 302
142 154
9 337
207 305
97 399
21 353
191 283
232 399
105 394
124 293
10 193
32 218
102 306
116 255
365 397
153 310
251 304
307 388
98 271
102 257
94 360
17 300
136 319
0 35
85 131
77 221
83 103
207 349
199 326
128 261
173 300
127 376
289 371
67 287
28 250
240 364
8 173
207 295
280 386
85 100
12 23
43 95
80 204
25 114
7 286
235 391
212 311
220 307
252 321
168 307
58 200
24 398
296 376
45 99
73 219
195 308
184 224
358 367
104 248
119 339
143 225
84 122
363 370
322 361
91 152
120 210
191 238
267 283
182 399
76 86
55 188
45 206
66 254
32 329
89 351
100 159
122 364
1 298
106 298
41 265
226 282
88 163
67 224
11 64
328 387
260 359
324 391
111 316
96 297
325 389
308 378
213 391
95 276
211 385
186 348
187 317
91 237
155 238
317 375
46 105
2 311
64 66
221 394
113 306
73 127
4 382
55 318
160 185
143 308
91 158
11 268
56 305
3 314
350 369
326 382
72 130
180 343
117 118
198 334
52 60
163 326
257 314
3 312
116 234
262 353
99 156
234 255
96 374
360 391
228 289
142 303
133 203
227 243
39 314
220 313
124 161
29 35
14 235
125 294
171 328
12 44
264 345
15 158
150 193
157 340
11 373
73 178
7 91
208 389
59 119
3 257
236 390
269 332
101 216
162 266
173 390
205 379
162 360
251 323
15 73
137 256
307 371
21 83
34 337
94 287
276 319
223 288
26 33
65 338
98 237
61 398
71 136
143 171
120 274
187 344
130 156
306 395
261 361
220 243
87 171
191 297
116 266
27 69
309 364
222 351
258 379
10 289
94 224
167 245
87 168
189 335
15 237
228 241
62 220
7 152
162 327
194 386
108 131
147 214
141 249
253 267
189 316
227 252
105 221
205 257
25 94
146 333
191 364
246 287
153 398
99 243
141 195
121 232
53 322
132 153
162 392
194 399
114 137
182 221
307 321
125 373
122 374
242 261
185 353
202 289
100 348
61 187
316 357
82 230
45 220
37 52
16 337
97 199
66 95
93 296
9 239
165 385
209 329
163 277
74 113
123 268
164 296
268 338
156 365
0 47
145 177
370 398
132 348
99 206
110 289
8 57
148 153
153 370
359 367
386 395
331 350
67 162
43 301
110 149
100 186
183 381
232 314
135 156
94 324
5 283
21 371
92 245
61 107
130 252
214 293
217 257
41 332
15 134
70 351
8 151
50 378
90 177
73 237
85 270
157 297
164 376
63 376
112 366
99 220
235 256
34 259
189 357
43 384
105 302
231 390
143 328
130 321
47 304
91 127
85 186
63 152
194 280
240 309
41 215
54 389
238 240
136 276
44 69
94 114
69 390
223 326
197 266
84 322
157 385
21 311
30 351
319 373
351 375
227 248
146 225
280 399
290 353
225 337
209 342
18 181
110 355
18 130
325 396
223 304
163 288
107 200
11 338
129 296
85 348
18 45
46 97
3 102
64 136
242 340
191 201
28 215
150 228
234 266
9 127
213 356
73 158
117 363
48 274
19 323
43 273
93 376
9 176
191 309
315 320
40 334
201 283
157 240
111 138
280 314
119 275
92 278
196 216
326 368
97 182
100 270
130 243
250 353
265 278
104 227
46 368
25 137
227 350
204 395
303 396
136 279
10 229
35 251
16 387
116 162
236 300
78 139
226 326
327 391
206 243
19 204
91 134
19 347
264 301
135 220
33 221
134 158
44 170
58 187
128 322
160 345
279 319
64 71
262 311
144 367
107 187
70 305
205 241
4 32
136 175
6 117
88 223
248 350
144 252
241 271
31 68
13 253
244 332
169 331
218 382
229 388
317 344
108 214
114 346
223 226
99 130
37 380
160 311
8 60
22 67
170 390
62 233
37 352
230 395
198 372
35 309
4 179
99 316
173 231
54 197
59 171
55 142
12 236
106 111
196 219
93 166
75 150
20 26
103 185
29 154
3 182
70 126
105 312
279 373
149 379
277 382
146 337
140 263
148 310
28 185
158 178
56 70
64 332
55 177
57 279
114 235
113 372
56 68
212 233
90 385
78 143
199 347
185 290
241 258
165 354
5 201
205 312
80 180
203 231
31 207
234 360
180 226
356 391
188 354
30 200
34 176
19 232
138 357
0 145
0 247
248 358
164 387
42 362
115 350
80 395
1 281
222 317
232 386
134 178
93 176
16 146
128 242
8 170
140 163
10 315
110 193
62 299
215 291
10 150
1 138
5 297
23 170
141 285
74 338
35 318
58 153
134 271
66 319
333 383
202 229
55 354
237 271
190 195
321 388
168 321
78 127
13 268
21 212
121 198
39 182
281 316
116 197
84 172
114 256
243 365
364 385
104 331
124 214
147 293
19 80
225 387
69 292
260 367
118 363
194 199
117 270
188 389
187 351
142 318
256 324
227 365
19 314
112 166
2 212
53 361
312 379
62 138
88 303
132 214
56 342
342 349
132 147
47 191
19 180
254 319
168 388
182 386
265 332
149 241
264 291
69 133
222 344
140 326
81 103
282 343
268 373
28 103
72 367
100 363
170 236
79 198
56 126
40 121
169 284
292 390
60 300
14 213
202 355
205 258
190 229
141 168
125 136
22 392
27 390
267 372
248 367
26 199
34 139
263 282
51 264
9 139
80 280
122 322
69 236
194 204
51 291
80 199
71 332
14 324
147 183
17 279
68 209
167 332
60 151
107 222
124 132
216 285
89 117
82 121
366 387
286 310
68 305
59 143
17 294
350 359
104 260
29 330
206 220
79 372
17 60
299 357
316 365
143 337
67 184
378 388
48 234
131 293
36 247
70 349
139 259
206 397
154 188
76 161
131 214
386 399
129 147
295 342
48 120
135 299
198 306
156 316
19 121
61 222
55 304
48 266
39 280
47 240
63 91
51 215
197 234
45 181
167 278
87 339
29 55
209 210
164 333
30 61
226 304
166 366
101 249
77 182
335 357
96 261
177 309
266 277
90 211
57 231
230 323
188 208
86 131
131 270
90 165
34 328
120 255
122 155
167 334
193 228
200 398
187 375
217 312
76 124
56 295
111 335
3 39
78 225
357 365
72 144
36 283
182 217
221 302
18 307
238 374
135 313
41 66
251 343
331 335
59 195
149 258
86 132
310 370
38 311
29 318
75 193
208 396
101 315
126 344
94 162
192 352
25 324
113 334
10 216
27 292
7 148
138 156
231 377
117 398
141 190
70 187
152 174
128 292
74 230
76 108
21 185
110 379
167 244
294 373
150 355
12 69
57 294
120 266
80 232
140 382
156 357
4 163
185 212
85 117
200 310
56 349
20 109
66 276
48 255
9 259
0 142
137 197
79 113
313 388
82 306
123 373
132 293
75 262
18 313
48 392
70 317
43 254
323 372
162 197
214 341
34 143
203 380
42 61
128 340
138 335
250 290
172 361
151 173
29 145
67 392
2 262
22 234
13 65
8 294
229 285
168 190
42 286
37 133
85 132
229 313
136 373
96 322
9 143
302 312
194 347
272 389
322 340
169 369
22 224
74 334
233 290
51 103
13 74
60 390
94 346
101 141
5 364
94 256
190 239
316 335
324 346
6 89
75 92
145 354
224 392
60 231
47 247
116 392
295 351
137 360
36 323
88 382
112 333
90 364
7 63
165 177
125 273
33 394
25 346
94 137
279 377
192 380
29 142
173 352
18 135
209 305
274 287
112 176
49 272
42 153
217 379
16 225
21 290
90 157
219 394
48 67
15 98
247 343
128 253
85 370
43 319
36 336
253 268
81 160
82 257
104 350
67 274
56 207
78 259
93 333
194 288
24 370
231 300
223 343
197 327
154 208
57 60
2 265
289 315
151 352
91 178
59 190
93 366
100 117
226 263
202 371
108 293
86 183
97 221
298 335
1 189
360 392
28 290
130 181
201 267
218 329
115 359
57 338
198 267
248 359
167 265
176 225
254 301
112 146
112 383
151 300
127 139
263 326
288 368
109 382
46 221
40 113
96 340
75 311
106 189
12 292
138 299
107 344
260 358
58 398
104 358
219 237
331 359
20 368
262 290
31 349
32 179
329 382
154 354
8 300
14 114
48 287
18 99
58 375
0 55
122 297
102 217
116 327
52 380
212 262
4 210
157 191
241 379
314 395
67 137
59 339
108 183
35 55
58 61
204 343
180 194
75 353
263 288
15 271
328 339
23 236
108 124
83 353
185 311
249 285
127 178
145 165
76 183
71 269
121 306
23 69
7 178
22 274
283 323
122 242
189 298
111 298
29 396
133 380
265 269
113 267
190 388
255 392
228 258
76 131
77 105
68 295
104 359
16 166
180 204
152 237
363 398
175 273
252 275
201 336
311 353
86 161
229 307
64 244
81 264
193 202
232 280
37 192
23 27
80 314
109 199
19 395
192 203
67 234
27 231
146 176
254 264
96 361
229 289
91 98
162 391
249 378
35 304
221 312
10 110
230 306
127 225
233 262
109 288
205 228
240 385
244 334
129 383
271 320
212 250
381 383
233 311
42 58
156 206
61 317
131 341
145 330
193 289
188 318
201 323
165 211
21 233
227 331
206 252
215 301
107 375
74 79
23 292
120 179
167 269
95 384
316 397
84 96
156 227
42 200
50 168
305 342
204 251
172 322
68 207
111 357
166 387
266 392
104 169
21 262
247 304
177 211
81 345
297 336
233 371
295 329
119 308
130 307
62 357
173 377
47 55
108 161
117 186
49 213
112 387
22 246
30 58
32 382
125 319
3 205
359 369
27 236
85 363
10 249
335 365
28 345
64 319
45 321
73 239
126 305
15 91
75 355
30 344
20 194
82 314
132 183
7 362
124 147
32 209
112 164
216 320
175 254
3 280
81 291
87 195
179 255
121 230
87 308
96 122
142 282
46 77
350 367
157 309
99 357
113 230
337 387
75 290
231 380
204 232
40 306
3 258
115 260
250 278
72 104
175 319
166 337
268 294
355 371
5 309
124 131
47 309
90 393
76 147
51 345
27 57
30 398
174 310
216 229
35 47
2 290
149 205
146 328
280 395
204 323
40 102
120 246
348 363
31 295
137 392
48 116
115 169
232 347
102 121
86 341
64 373
331 369
116 277
127 259
249 289
132 370
154 318
30 375
70 207
354 393
196 315
247 251
37 231
10 371
165 238
146 164
18 243
186 270
14 256
19 306
104 367
64 269
227 397
221 386
243 397
93 337
240 283
166 176
272 325
240 336
34 225
234 392
68 342
50 59
54 396
184 287
192 231
97 105
54 327
327 360
193 355
109 368
216 249
80 347
239 285
30 222
155 374
198 230
135 281
192 300
256 391
169 260
39 80
288 326
11 13
242 322
297 364
276 301
324 356
134 152
195 321
140 179
77 399
265 290
61 344
63 178
155 211
7 174
62 281
199 399
130 206
318 396
230 372
310 362
24 362
17 173
9 34
141 388
156 397
210 329
4 120
28 311
200 286
14 162
18 220
31 342
149 312
313 371
87 119
47 177
53 172
38 41
52 173
89 118
249 315
93 112
77 386
77 97
205 217
215 264
282 304
157 177
95 254
169 350
53 374
119 171
159 363
13 79
4 88
96 242
126 351
260 397
22 184
126 375
65 361
53 242
63 127
347 386
213 235
99 252
181 371
273 276
12 361
33 182
110 228
88 226
150 202
157 238
176 328
0 177
31 70
49 391
84 261
0 240
80 194
36 201
141 216
206 227
64 167
87 275
260 350
22 48
88 288
56 351
260 284
39 232
23 44
180 347
42 174
309 336
250 262
157 336
137 324
220 371
221 399
222 375
24 310
20 199
137 162
66 125
86 381
284 331
42 398
285 315
2 92
72 248
39 257
42 148
295 305
75 250
280 347
258 312
261 374
5 240
88 282
31 56
33 302
272 327
197 360
285 320
169 365
106 138
292 361
207 342
150 379
347 399
99 397
284 359
213 324
246 255
300 352
53 96
14 346
45 243
144 275
8 390
75 212
83 311
70 295
29 304
19
104
72
29
181
63
62
22
101
79
116
115
124
192
152
79
57
88
118
154
107
107
40
195
55
34
82
104
53
132
115
76
140
121
104
100
112
93
98
50
128
37
7
87
90
188
117
70
85
78
86
155
142
115
86
38
143
134
48
108
141
72
198
112
224
198
167
62
125
143
107
211
100
159
66
133
101
79
90
128
61
181
63
202
73
102
58
138
58
75
197
75
132
200
10
147
99
97
71
98
48
98
143
197
14
33
134
148
106
103
90
167
47
66
61
75
136
44
73
109
131
75
79
19
148
107
111
112
31
42
80
91
87
107
93
105
174
59
43
48
57
81
91
190
55
92
159
58
52
57
92
137
112
123
129
200
110
129
117
132
53
145
144
38
53
140
29
55
49
259
47
54
57
126
165
102
29
92
151
196
66
159
114
14
188
32
50
105
93
107
71
171
145
138
199
54
53
238
123
38
96
94
23
103
78
99
54
51
43
152
153
43
129
65
59
180
49
96
86
31
138
24
140
67
61
166
102
110
34
111
121
189
67
111
53
70
185
92
33
96
86
90
32
71
124
90
39
61
155
239
54
31
114
73
179
38
69
133
112
112
174
18
132
118
171
170
73
119
24
66
98
81
128
147
83
25
73
65
57
107
163
80
191
64
71
110
154
99
81
85
73
68
142
108
94
74
48
133
85
24
33
65
36
53
98
145
94
102
38
82
196
70
176
130
62
97
90
67
170
85
147
87
12
62
67
84
133
127
87
147
64
171
148
119
147
97
218
67
86
53
27
126
130
225
51
173
176
66
178
53
67
78
187
47
93
31
99
9
123
51
83
69
49
102
102
103
134
12
190
42
70
103
38
62
35
208
130
80
202
44
242
137
212
80
82
99
138
65
200
89
107
65
17
57
201
100
65
150
51
104
181
137
113
76
60
115
72
156
179
125
20
127
177
25
147
87
30
75
80
143
86
109
102
169
162
145
25
82
85
129
50
32
23
66
63
47
214
57
149
75
94
131
125
62
86
172
75
117
71
72
70
82
69
198
134
231
129
152
112
133
55
78
185
131
112
79
46
113
140
115
62
63
115
71
154
71
78
49
106
23
81
55
170
122
98
49
51
54
158
138
118
42
77
147
89
76
116
190
11
122
219
188
160
73
14
63
85
200
208
64
142
129
139
190
46
32
31
189
134
113
98
63
208
122
146
153
146
44
77
95
169
186
58
16
178
46
72
167
76
52
78
146
129
100
93
91
57
107
43
133
189
152
92
125
124
141
181
102
43
115
96
71
108
22
108
73
62
90
91
151
166
77
8
11
143
115
87
155
165
121
149
29
112
138
25
35
109
143
39
81
73
75
123
129
92
98
157
82
106
106
44
86
9
107
31
71
54
43
85
24
148
68
106
113
222
79
69
48
80
50
11
75
147
126
81
104
154
36
133
58
53
48
70
46
28
91
153
131
121
61
77
14
116
176
78
165
56
121
35
146
140
117
104
120
192
180
84
83
81
54
76
80
80
105
178
75
90
116
62
66
118
85
109
65
68
44
115
172
67
14
62
105
136
70
116
211
123
39
23
182
10
176
21
115
81
27
95
168
35
161
104
37
124
12
157
17
88
107
40
150
149
74
53
94
181
35
98
70
74
106
172
139
70
34
71
100
168
90
80
108
75
70
89
51
99
37
17
174
102
203
121
162
296
50
104
35
25
34
126
113
28
108
36
198
78
160
266
105
133
42
11
57
156
14
90
161
122
188
50
83
82
128
77
169
41
67
27
76
217
119
72
84
185
87
167
77
92
95
43
38
51
65
69
110
139
75
44
42
14
82
73
86
142
128
86
128
111
142
30
130
50
66
132
99
125
62
134
23
127
182
140
57
49
94
130
161
109
71
82
161
64
81
198
92
41
125
187
155
238
50
104
127
127
62
153
103
69
67
87
48
54
21
140
110
209
72
15
171
159
11
163
99
54
117
159
57
76
135
110
198
75
198
90
92
159
10
187
195
68
134
103
90
71
65
179
128
133
60
86
39
84
84
26
57
100
150
102
65
212
126
192
58
152
209
80
67
62
60
105
86
82
132
138
41
79
90
102
145
237
106
123
95
140
117
199
144
41
75
69
58
152
73
101
82
75
89
103
32
50
164
171
172
122
73
62
46
87
105
172
105
35
66
167
34
56
31
83
132
162
18
51
63
24
121
209
150
78
85
95
55
62
89
75
107
69
155
157
135
228
116
30
34
46
77
68
105
104
117
128
90
220
169
109
43
109
52
161
68
79
120
76
79
21
69
24
42
42
80
142
104
73
146
120
109
161
26
42
69
61
124
14
90
72
73
142
90
113
122
133
175
69
167
105
85
181
139
84
81
108
175
35
100
147
8
84
72
107
107
37
56
208
179
93
87
85
162
58
68
155
169
132
81
56
132
90
102
51
81
125
128
112
140
45
83
109
36
74
63
22
101
77
177
59
43
99
85
216
97
51
57
25
91
59
85
64
117
80
141
96
34
128
183
141
51
166
25
83
59
42
145
37
188
47
46
25
48
83
91
188
103
77
85
41
79
130
67
78
72
112
121
79
125
240
65
124
126
175
72
44
168
84
44
82
113
67
120
103
192
107
109
15
70
202
44
66
52
79
42
181
34
29
163
59
50
121
72
118
140
131
129
100
51
136
101
138
114
94
80
71
113
74
77
106
105
88
44
79
12
44
65
88
85
147
102
109
158
173
207
71
211
78
88
52
35
53
134
85
171
143
118
83
101
149
134
164
60
63
68
170
63
54
155
152
194
185
44
81
97
98
184
146
102
88
20
122
87
62
129
178
82
131
50
13
122
190
65
162
41
116
20
175
101
37
59
51
82
76
38
115
73
96
117
15
46
40
103
75
183
126
210
47
99
77
110
84
114
177
102
79
72
180
155
117
60
111
134
50
136
169
35
170
92
85
88
55
40
151
76
39
143
62
82
43
87
72
138
128
181
42
72
81
136
122
30
114
91
167
21
121
154
53
178
50
146
68
74
27
105
188
71
94
172
91
78
172
84
81
119
71
221
84
85
17
157
184
96
30
120
58
122
139
68
108
59
150
124
89
113
57
80
197
68
174
201
74
78
154
122
219
92
79
180
67
95
72
59
115
88
162
163
12
77
109
103
106
18
125
75
99
74
149
142
108
134
45
34
94
139
150
107
135
111
91
22
37
29
143
129
83
135
62
52
124
28
101
60
63
75
119
105
231
44
22
75
123
45
44
123
88
84
75
91
194
133
132
80
99
38
123
178
97
125
13
89
139
29
223
76
78
55
76
71
71
121
128
63
35
161
149
137
51
128
26
223
103
207
106
108
48
181
81
46
54
78
81
46
56
191
144
78
64
45
53
54
202
72
183
110
127
14
132
142
65
126
168
111
129
102
84
139
82
118
76
187
203
57
33
78
69
64
49
141
142
38
95
55
105
83
121
163
67
40
125
73
127
62
89
57
122
116
188
50
73
82
121
131
110
108
117
63
117
134
62
61
88
121
139
49
63
62
125
127
99
108
87
113
70
76
96
79
75
20
61
145
83
75
22
67
206
124
45
72
165
110
202
90
51
93
128
102
46
175
104
50
26
103
83
145
125
32
113
109
78
58
108
90
112
122
134
48
127
135
64
154
53
29
121
181
26
144
196
154
259
201
60
189
123
138
50
77
41
95
166
123
92
36
94
152
19
166
112
53
54
71
110
107
44
35
133
88
146
91
40
24
104
110
20
98
132
133
126
77
203
57
57
80
41
125
57
87
126
116
20
119
43
124
123
66
59
69
95
108
50
98
148
128
50
21
172
153
243
88
72
43
99
73
41
122
34
65
75
184
88
67
215
87
74
62
33
175
103
68
68
99
94
82
204
163
122
134
70
195
93
211
97
144
55
66
183
69
105
43
64
65
107
121
228
225
183
196
159
135
189
162
76
143
87
75
90
90
48
181
112
166
69
138
176
94
66
85
108
129
54
104
54
56
107
75
142
183
132
122
147
98
178
145
178
165
115
61
93
49
52
121
88
107
134
88
99
105
63
107
61
130
154
64
135
147
106
87
69
158
75
156
184
97
102
91
174
130
165
87
135
118
183
80
26
222
128
162
186
126
67
35
104
64
71
36
181
98
197
184
66
132
95
51
45
30
31
63
73
169
121
80
71
39
17
29
36
97
63
75
65
90
201
161
34
99
16
101
58
88
209
167
111
69
101
95
202
91
133
98
130
17
145
74
52
51
42
125
48
16
141
72
89
85
133
135
64
11
208
152
47
42
101
67
153
100
118
62
67
198
97
90
84
77
150
74
117
174
87
171
119
126
41
71
124
66
110
128
176
163
132
104
104
59
210
98
119
116
92
120
24
108
89
125
149
75
89
62
95
86
72
121
105
80
130
86
59
151
76
94
128
93
87
62
83
68
178
66
12
66
14
39
100
108
238
177
127
153
62
94
100
75
55
96
60
67
47
151
39
75
199
36
86
98
158
72
147
56
109
91
62
94
114
166
46
104
41
121
58
34
114
54
159
