200 794
462 232
740 213
541 566
555 584
329 208
661 634
55 231
273 432
10 310
369 602
298 219
597 17
676 342
656 200
138 256
692 207
498 535
135 314
648 738
218 173
245 255
370 371
95 417
528 14
503 265
370 644
8 726
568 708
738 637
412 317
371 528
25 86
110 345
245 496
77 401
651 240
751 653
764 358
219 217
790 483
110 552
659 537
723 444
7 70
633 425
362 736
275 86
540 540
151 470
540 727
359 553
571 111
215 797
186 174
468 723
41 653
582 122
167 662
141 78
638 75
792 490
19 379
560 192
293 731
281 708
344 330
342 367
121 475
231 630
456 408
460 754
673 408
645 136
218 320
364 456
133 747
245 415
14 22
291 793
153 79
310 721
230 518
457 206
691 112
224 195
299 465
704 234
713 357
197 107
457 1
5 530
62 146
341 313
250 266
331 776
365 753
772 649
314 271
176 445
44 690
752 306
380 105
39 135
557 348
742 488
324 569
544 786
137 302
588 519
725 700
752 42
242 340
422 502
346 780
339 59
125 61
376 428
704 382
273 422
444 664
510 175
635 11
571 56
193 182
196 210
773 340
74 739
408 290
58 18
161 33
668 53
701 306
669 529
208 468
688 430
419 427
330 467
739 357
539 555
674 453
545 302
24 57
427 743
556 374
70 561
496 542
186 213
729 755
733 516
82 103
469 644
723 403
589 667
375 300
210 125
408 604
791 202
347 386
387 428
482 251
141 284
513 38
294 479
502 450
370 403
713 534
396 634
573 406
239 454
580 498
541 230
580 520
318 466
262 188
431 524
223 404
58 96
351 701
274 209
619 67
706 87
356 250
685 58
504 631
327 10
186 100
70 27
414 755
570 100
698 108
484 104
272 645
610 125
168 769
291 173
644 715
205 493
587 631
714 188
393 336
476 460
671 127
12 86
135 527
785 506
499 165
574 444
387 222
197 601
767 788
770 424
441 605
77 241
9 166
374 774
591 307
87 76
13 34
241 636
214 45
376 443
707 632
87 596
626 576
93 175
276 669
60 689
75 644
789 595
447 183
337 233
701 747
362 529
404 379
61 330
522 475
742 238
200 396
462 304
176 159
79 162
222 513
490 224
85 338
76 790
381 217
247 230
794 282
142 529
649 791
318 497
25 179
288 143
470 287
776 697
773 21
84 515
303 676
463 769
349 26
244 7
109 146
73 126
445 462
237 697
324 426
736 101
179 542
282 368
284 288
464 296
344 678
271 667
271 777
650 317
558 554
314 762
165 653
743 287
314 250
164 103
126 151
747 552
124 470
284 646
31 110
763 393
752 295
700 766
162 121
358 379
585 264
145 175
792 231
586 253
354 92
67 599
229 357
72 111
155 303
707 316
414 655
679 440
10 693
602 491
615 73
599 417
278 143
136 795
180 25
462 92
415 471
766 153
282 536
402 596
42 331
252 32
607 66
392 154
498 701
410 215
15 297
661 190
386 601
579 376
383 187
725 682
513 397
333 132
447 752
413 748
405 498
541 620
386 652
500 182
515 231
358 678
728 705
484 778
309 45
550 296
65 122
563 376
310 538
20 535
694 415
116 402
688 270
388 145
247 787
419 720
577 714
666 329
780 32
386 748
51 543
482 549
103 233
128 218
443 744
28 612
40 283
742 250
472 195
663 217
635 738
291 451
658 46
135 203
589 736
28 414
653 292
280 94
720 371
289 244
368 109
730 299
118 323
626 791
495 382
775 46
633 791
187 115
103 182
775 251
120 70
604 86
429 623
8 431
496 724
789 454
223 779
373 551
60 536
369 497
154 71
618 648
518 15
189 76
87 323
13 132
67 269
140 303
204 394
147 369
13 374
159 165
162 189
161 244
130 396
235 378
101 248
243 364
207 307
216 343
75 137
89 399
157 363
135 152
111 354
25 271
109 305
92 103
301 377
140 166
319 321
150 299
146 175
132 288
41 145
134 197
22 159
386 396
366 379
249 268
106 344
109 133
215 355
55 188
15 358
153 370
177 386
209 268
137 163
262 263
256 381
100 361
184 333
88 377
60 306
80 281
108 161
179 253
1 25
1 243
93 270
192 272
132 275
10 51
110 327
148 327
60 190
72 152
203 342
159 221
55 320
212 302
14 16
51 251
180 189
28 397
46 178
77 238
16 87
204 257
222 327
18 244
181 190
28 390
95 114
36 372
1 364
144 325
151 320
38 118
36 87
182 375
75 221
19 250
60 73
38 88
107 379
145 228
221 266
173 266
16 365
232 382
40 205
41 204
141 254
24 90
58 219
80 399
8 173
163 173
331 360
326 349
217 299
183 381
39 240
98 375
123 318
260 296
265 392
254 271
145 204
100 227
138 374
37 338
227 361
129 187
0 79
100 304
118 303
131 180
259 330
73 202
96 188
0 309
59 80
26 167
98 182
39 54
78 129
228 304
43 105
92 177
131 368
315 324
54 147
67 291
71 259
62 244
297 345
31 395
321 349
35 62
95 355
237 279
111 181
79 392
168 380
225 262
182 280
253 308
58 265
69 192
219 285
235 244
310 396
358 359
103 177
120 184
143 259
225 369
310 317
197 284
196 382
262 342
163 367
331 355
89 240
6 153
106 314
60 122
176 298
43 72
47 373
173 221
361 394
163 266
281 396
5 179
244 378
167 324
123 306
82 268
72 135
104 341
131 190
145 361
158 266
2 313
96 178
167 212
261 310
316 362
40 391
23 33
57 193
132 138
50 55
75 117
160 254
195 308
13 88
119 298
151 388
120 320
348 365
213 384
0 265
141 295
92 342
48 170
125 369
92 225
42 172
41 257
183 256
83 243
332 395
172 305
123 180
81 95
43 346
0 274
191 335
290 383
92 263
50 390
97 283
25 364
216 372
274 392
383 396
339 390
34 82
27 245
281 290
145 257
84 181
272 285
223 257
42 224
52 57
22 93
282 384
83 160
274 350
269 298
370 397
258 272
329 349
29 110
33 235
63 171
60 189
243 336
340 376
104 328
113 201
89 290
3 357
82 314
87 365
23 347
222 229
49 347
76 309
22 165
204 356
156 393
297 304
29 37
121 335
127 227
93 200
76 245
141 341
160 364
71 390
127 245
176 269
360 390
48 357
92 286
70 136
132 377
79 274
109 276
4 172
358 362
101 279
201 380
228 297
32 177
169 197
44 78
124 125
52 193
330 339
66 291
106 393
46 114
257 394
15 300
301 372
118 135
235 362
52 387
123 398
121 364
161 300
242 249
294 363
75 251
12 306
177 342
251 367
156 302
121 230
81 277
28 352
211 287
208 321
71 351
65 265
158 269
196 379
159 291
45 72
282 293
98 231
81 96
76 127
104 168
293 359
54 124
9 362
51 324
7 322
204 268
214 252
19 382
90 191
47 115
52 123
24 162
177 286
15 108
173 367
101 126
196 370
206 335
179 231
199 365
158 159
31 233
3 276
2 363
119 173
88 346
42 305
102 349
169 238
197 242
241 262
63 335
324 388
171 335
52 189
223 394
126 248
86 266
192 265
37 255
173 395
86 169
22 67
302 388
165 234
302 324
16 199
257 345
29 327
69 273
177 299
326 376
142 286
24 318
280 375
101 377
19 366
279 377
177 263
207 328
7 213
59 310
192 273
43 287
183 202
103 286
53 309
23 49
12 123
191 398
109 172
152 374
88 374
28 107
164 236
183 368
136 165
167 315
1 254
22 30
161 359
149 283
70 159
64 81
103 299
86 137
310 399
120 302
191 311
237 385
219 278
12 24
11 98
34 169
144 207
105 211
0 76
171 243
119 176
86 367
87 279
292 295
204 249
322 362
272 337
170 305
345 356
232 366
17 236
154 182
152 287
301 353
38 211
156 388
21 270
348 353
155 399
266 291
111 190
100 223
117 136
318 387
5 326
207 305
52 180
11 179
26 388
137 395
286 299
11 247
43 205
33 108
241 299
253 376
8 137
12 162
4 198
197 204
73 190
6 198
120 212
230 335
181 267
256 267
224 397
61 283
3 172
20 124
270 375
318 368
141 171
74 112
18 33
33 244
8 163
116 281
54 125
138 152
242 268
55 339
29 283
220 261
249 284
1 83
266 367
121 206
208 246
93 291
153 196
52 306
36 292
110 338
286 342
45 303
112 270
105 391
72 346
150 386
232 327
54 293
97 327
166 283
117 158
88 126
348 363
232 255
30 271
25 160
103 203
102 376
85 147
65 178
37 110
20 39
38 288
225 384
69 278
274 277
158 200
307 325
8 269
329 373
101 363
182 231
205 391
193 318
55 143
4 17
2 294
41 268
174 247
84 267
225 252
141 216
122 306
20 174
102 326
179 375
88 101
31 393
112 176
36 295
122 318
160 336
90 398
117 312
64 258
189 387
11 231
8 298
27 227
189 191
351 355
41 249
212 357
368 387
296 376
30 254
279 385
141 343
235 371
225 263
5 280
9 316
188 331
27 100
311 349
87 348
42 149
115 329
57 189
8 176
297 361
46 331
32 203
180 193
167 302
65 226
35 389
217 386
129 218
28 366
223 228
80 310
130 386
1 336
105 166
50 153
275 348
196 289
21 85
48 276
306 318
8 367
230 243
294 313
99 284
396 399
255 338
8 119
28 196
95 277
2 279
85 125
288 377
30 200
181 256
281 386
46 355
7 362
31 106
40 105
235 316
61 391
4 48
287 391
344 393
85 124
196 366
330 390
275 372
315 393
77 119
34 134
54 155
247 375
169 176
246 349
65 258
90 162
23 35
340 373
32 44
41 284
221 332
43 391
11 270
89 220
168 207
303 346
68 257
126 374
155 373
41 394
169 242
103 252
35 235
139 172
46 81
6 327
99 169
11 94
348 372
25 239
102 329
17 175
150 177
34 163
113 332
4 276
87 237
183 354
262 299
95 96
142 203
72 307
37 327
32 299
151 333
58 278
279 294
28 198
170 276
128 271
32 150
148 232
371 389
88 132
174 375
260 340
188 215
80 89
174 308
279 348
3 170
199 323
20 85
339 360
256 354
46 95
88 353
150 262
20 125
82 197
15 125
366 370
133 305
93 182
108 235
54 85
188 355
3 198
53 79
135 140
184 320
9 62
70 164
142 217
43 152
51 393
59 281
312 332
105 205
39 85
175 393
234 291
95 274
167 272
69 219
30 239
336 341
185 261
22 66
49 68
115 373
226 272
85 179
255 327
131 183
12 318
11 375
213 359
75 159
102 296
2 199
296 373
16 323
86 173
33 347
38 287
275 353
84 131
145 223
14 365
308 329
43 140
370 382
47 261
117 165
336 364
155 240
96 143
2 16
170 207
19 289
312 395
332 393
62 322
205 283
156 315
81 274
128 208
224 276
334 388
155 281
20 240
32 286
170 236
118 152
359 369
79 277
46 272
27 127
200 291
17 276
64 79
48 139
182 246
22 158
186 220
153 198
88 152
77 176
71 331
71 188
201 312
232 250
156 212
3 109
112 238
240 383
136 159
1 271
317 373
205 211
242 314
165 266
45 207
217 263
23 389
174 179
183 267
198 224
262 290
226 285
19 370
216 295
69 226
10 156
212 388
123 189
290 396
21 39
99 197
155 290
10 315
186 290
116 130
97 255
164 380
27 56
132 372
157 294
77 112
314 344
26 178
168 328
257 356
101 138
135 346
8 169
99 238
89 383
22 234
243 335
144 380
77 169
23 284
258 337
94 112
143 215
15 369
112 298
323 365
92 262
243 254
132 279
207 236
182 208
273 285
74 94
153 397
279 301
126 279
134 169
125 147
351 360
101 385
67 200
96 277
292 372
111 183
206 336
168 325
121 243
45 346
182 321
305 307
175 357
24 189
1 321
18 161
220 317
31 332
185 260
144 328
80 217
190 313
20 147
44 177
53 274
7 252
4 333
13 275
50 320
315 388
304 361
179 308
28 153
120 334
140 346
113 175
276 333
213 358
154 200
15 378
58 76
208 319
190 267
186 399
35 244
111 131
85 195
64 274
5 11
206 311
95 215
162 191
93 154
1 160
199 313
14 87
3 184
42 166
56 297
220 310
111 267
26 324
75 395
44 142
128 182
50 107
155 186
240 293
39 174
206 364
124 155
43 303
43 118
317 340
21 375
92 252
14 199
76 194
131 267
73 387
162 311
316 371
137 266
108 358
192 285
244 322
20 253
121 336
128 254
38 126
237 288
62 371
92 299
300 378
165 200
96 351
122 180
139 146
315 334
208 231
37 97
167 337
335 336
85 247
2 157
164 201
292 341
181 354
110 222
83 206
199 363
76 227
231 246
19 28
45 140
134 176
46 351
142 177
82 242
347 371
56 227
5 182
92 241
192 258
72 140
38 152
30 234
228 278
288 301
168 343
116 150
193 387
100 297
148 289
166 205
45 168
66 98
73 323
165 221
153 366
245 309
9 235
68 284
75 266
170 172
289 366
75 165
65 277
83 230
379 382
26 272
117 291
26 156
51 106
22 291
276 305
15 213
28 370
157 237
104 307
248 279
203 286
117 234
352 397
267 313
64 265
62 235
63 336
86 119
227 297
67 158
96 355
241 384
138 301
29 222
185 317
77 269
59 130
60 387
260 376
60 180
21 179
127 304
71 320
53 392
91 394
68 249
146 276
27 228
167 388
181 381
3 4
41 356
198 333
103 214
246 326
87 363
115 260
171 292
102 311
107 390
63 295
60 131
60 193
96 114
143 331
39 147
75 136
60 202
143 188
306 387
1 121
52 318
230 321
59 383
84 183
82 169
241 252
191 206
63 206
301 348
16 36
116 217
8 266
137 173
66 154
95 178
219 273
225 241
122 368
309 392
311 398
297 394
230 319
153 352
4 139
208 326
62 316
288 385
136 221
149 166
345 361
60 183
192 209
125 247
61 211
79 81
88 118
186 383
210 232
56 304
25 243
196 250
110 232
231 280
138 288
71 143
196 352
366 382
68 347
75 86
293 369
226 258
130 399
80 186
3 146
206 243
176 238
78 187
8 86
64 350
82 209
327 338
5 208
96 331
159 312
324 393
228 361
71 339
13 372
248 385
39 125
33 378
25 83
35 347
296 349
80 130
24 123
175 264
143 351
97 229
289 382
152 391
133 140
129 142
188 360
43 135
80 383
48 146
302 334
132 353
14 202
12 180
180 183
263 384
146 236
39 247
113 393
62 389
70 264
70 234
106 233
60 84
216 292
5 98
19 196
223 361
3 139
56 228
89 281
145 394
233 395
316 378
105 283
1 239
180 368
2 385
297 356
32 342
94 375
82 134
201 328
109 170
237 377
79 350
78 142
115 340
160 239
119 269
37 229
21 247
284 347
221 395
17 48
101 288
16 348
134 242
69 285
25 341
147 293
157 313
215 331
132 348
30 128
150 286
89 396
108 244
9 244
39 94
54 369
127 194
46 277
148 255
10 212
225 358
61 166
308 373
60 181
40 149
104 343
40 43
74 298
41 297
15 33
83 364
4 109
33 161
6 224
23 68
188 330
171 295
58 209
103 150
75 312
70 328
179 195
57 123
3 17
130 310
78 203
71 360
45 325
126 287
142 218
41 223
227 228
5 246
225 282
196 232
182 326
116 187
65 274
204 284
140 152
335 364
321 364
186 396
13 118
244 316
148 338
293 384
110 255
10 106
14 73
178 258
71 330
69 265
177 203
11 195
352 370
11 174
302 337
25 171
14 323
356 361
289 379
345 394
151 184
15 359
107 370
60 123
81 273
325 343
175 332
117 137
31 113
33 300
109 224
299 342
118 374
46 215
324 334
162 398
80 116
57 318
10 388
34 314
214 342
59 290
143 339
29 229
232 289
73 84
28 50
188 259
42 133
259 339
33 35
244 300
250 382
31 251
72 374
136 264
15 147
46 96
21 74
26 334
213 362
144 343
202 267
246 319
296 340
20 155
94 270
55 71
119 169
25 336
272 334
233 251
147 359
263 286
113 233
54 240
113 395
43 211
179 247
57 387
54 290
91 389
120 167
18 235
72 88
118 346
152 211
223 356
393 395
12 122
145 249
32 142
164 328
15 18
124 240
290 399
179 280
163 314
114 215
194 350
25 254
133 166
128 154
45 135
321 326
240 290
10 393
277 350
124 293
139 333
118 287
250 370
186 240
30 66
110 148
192 219
122 183
18 108
143 330
177 218
85 240
136 234
102 260
36 348
60 368
32 103
23 371
29 338
20 54
51 395
107 352
175 233
259 390
103 263
130 261
147 240
139 170
41 68
7 225
233 332
359 384
133 149
59 399
63 121
190 202
55 390
241 282
100 127
383 399
10 167
193 306
320 352
13 301
53 76
47 340
126 377
233 393
254 336
72 303
20 308
215 277
267 381
109 207
172 224
55 351
4 224
358 384
143 355
156 167
6 37
133 283
98 154
150 342
64 226
34 86
164 264
49 204
77 367
144 307
131 306
211 391
141 292
209 278
356 394
226 265
217 342
143 360
53 350
258 265
249 257
6 29
148 210
55 330
49 268
127 309
101 132
103 342
59 186
78 218
104 380
74 300
90 311
67 93
246 321
178 334
18 300
172 276
86 251
306 368
263 282
153 333
17 357
219 265
113 264
158 234
2 87
33 316
259 331
68 204
158 165
77 298
56 127
117 266
244 347
111 256
137 221
330 360
365 372
5 195
319 326
330 355
4 184
201 236
233 344
105 140
158 291
38 101
83 321
81 272
136 201
334 337
249 394
195 253
210 289
169 367
25 141
208 230
59 396
350 392
133 224
42 109
296 329
91 145
181 183
163 344
231 375
66 93
45 305
230 349
81 114
196 397
142 187
97 338
77 134
163 169
51 344
94 280
51 315
99 176
81 178
64 95
223 297
61 105
149 205
123 387
250 366
98 270
64 178
28 320
124 147
328 380
13 138
289 338
114 277
53 194
165 291
59 386
19 148
189 318
96 215
70 380
129 217
3 333
193 202
88 287
99 347
49 197
319 349
178 337
270 280
203 218
56 223
47 329
49 99
138 377
40 61
220 399
83 336
5 231
50 352
84 202
118 140
23 244
262 282
57 306
331 351
181 368
120 151
325 328
137 251
77 99
66 67
108 300
189 306
114 355
24 398
152 303
196 338
160 171
119 163
363 377
151 212
75 173
348 377
301 374
281 399
59 116
46 188
15 161
61 205
80 290
59 217
131 181
8 34
70 312
2 323
10 324
50 339
84 190
202 323
151 156
7 358
264 312
29 255
48 305
230 364
247 270
20 247
282 369
205 229
22 200
57 63
262 293
120 351
229 283
192 226
329 376
89 186
240 282
320 390
47 317
144 168
39 179
369 384
100 228
34 197
116 386
227 304
238 298
19 232
194 309
263 299
74 270
147 247
50 370
94 98
118 301
14 36
183 190
65 285
263 342
207 343
253 329
73 193
185 340
18 74
151 302
194 392
70 201
79 95
275 301
93 98
296 319
0 53
225 359
85 174
72 118
232 338
83 121
99 134
171 336
316 322
171 341
186 281
64 273
57 73
69 209
95 350
83 208
226 273
222 338
81 226
349 376
109 139
107 339
9 322
159 234
34 242
352 366
353 372
1 230
3 48
94 247
38 374
65 273
49 134
44 286
250 379
67 165
216 325
86 163
295 336
19 352
258 285
156 324
86 314
22 117
174 253
58 69
128 200
48 236
167 334
251 314
184 212
282 290
262 384
92 150
265 278
92 384
187 217
180 387
32 218
37 222
354 381
10 26
104 144
67 266
89 155
199 237
195 329
26 315
66 200
177 217
35 316
281 383
180 306
64 65
87 199
237 363
259 360
11 280
214 241
17 146
135 303
287 374
2 237
248 294
212 324
16 237
178 272
145 297
126 138
104 325
43 149
221 312
46 337
44 103
117 221
1 335
370 379
19 379
92 214
145 345
82 163
136 312
34 367
94 179
155 383
168 307
178 355
0 350
44 203
244 362
164 207
31 51
146 357
102 319
49 284
21 94
12 368
58 228
119 266
79 114
237 294
102 115
198 397
173 251
66 158
17 139
343 380
6 397
160 243
134 238
31 175
210 338
251 344
264 332
104 216
118 138
235 322
307 343
145 356
6 222
141 144
258 273
201 264
13 353
295 341
279 363
88 301
279 288
257 284
363 385
127 228
156 334
47 220
231 326
137 367
197 249
219 226
80 396
27 304
139 357
209 219
355 360
197 268
120 388
248 363
61 149
102 340
330 331
210 255
116 396
251 395
12 398
241 263
211 374
91 257
121 171
91 356
134 268
328 343
49 257
319 376
40 283
56 361
160 271
65 192
239 271
11 21
49 249
358 369
0 392
187 218
48 109
302 315
346 374
97 222
4 146
185 296
92 282
294 385
261 340
55 360
216 275
207 325
39 124
128 239
123 162
189 193
257 297
157 385
52 162
241 342
26 337
206 230
212 315
115 185
150 263
115 376
181 202
48 172
111 381
125 240
122 131
18 378
91 345
132 301
30 154
101 301
250 289
81 258
126 288
225 293
35 284
216 341
29 97
180 318
347 378
230 326
163 251
47 253
6 196
115 296
44 129
75 332
77 86
0 194
261 317
265 273
10 334
138 287
161 358
117 159
253 373
174 195
68 99
36 365
152 346
199 202
55 259
319 329
31 344
200 234
60 318
93 128
330 351
56 100
40 211
64 277
113 312
139 276
88 138
161 378
219 258
293 358
45 307
108 378
110 289
51 233
130 220
22 154
97 110
150 217
239 254
83 335
104 141
5 375
35 371
267 354
98 280
11 182
121 191
105 149
103 241
243 271
288 363
119 367
112 269
36 323
26 302
80 386
8 77
44 218
38 138
175 312
248 288
188 351
135 374
214 286
131 318
47 308
194 245
65 81
148
130
97
38
116
117
150
40
115
130
63
158
83
53
94
182
78
34
127
53
69
88
55
25
66
186
131
34
171
117
79
74
145
48
123
78
78
196
83
189
44
114
89
143
67
55
71
99
62
117
28
36
48
79
157
70
80
132
55
86
54
107
155
86
158
30
73
133
42
151
145
230
37
127
57
118
59
153
37
126
39
64
97
55
138
111
157
183
44
59
151
90
142
168
104
65
90
158
43
52
211
158
101
38
103
27
61
62
49
140
179
89
75
131
89
30
206
36
57
165
99
31
193
51
149
150
56
33
72
189
18
30
64
158
86
210
91
84
28
23
47
46
34
199
221
40
93
65
63
102
109
124
96
43
99
27
231
53
47
31
125
58
128
154
100
132
152
213
203
92
50
64
62
214
72
79
77
160
13
182
117
147
44
94
43
76
55
164
69
112
185
94
97
171
80
54
88
86
62
183
52
124
106
57
94
93
107
140
131
106
145
156
294
120
33
158
163
54
114
123
228
53
56
106
120
174
112
160
87
41
31
97
211
191
141
80
61
158
31
188
19
65
51
161
134
151
42
110
61
83
57
60
211
77
143
160
95
107
103
27
203
164
99
58
75
97
129
58
199
136
90
90
140
100
300
59
27
99
62
88
8
125
72
68
173
87
107
113
98
65
70
105
202
233
29
111
89
35
137
66
53
73
115
59
81
61
82
148
163
105
110
53
86
108
66
169
136
184
149
30
57
58
148
85
12
69
60
66
82
192
120
124
55
57
111
95
106
163
128
32
55
128
222
132
57
131
316
137
150
81
32
136
38
48
115
40
164
141
122
18
63
100
100
129
100
98
89
63
55
78
79
138
19
129
81
106
70
110
125
90
75
38
119
138
67
191
86
142
42
234
141
139
31
69
28
35
67
176
48
118
35
176
166
47
136
111
133
103
20
69
48
209
96
59
148
92
126
176
169
40
156
56
102
82
119
84
41
79
100
126
130
126
160
85
214
93
145
39
194
13
15
67
29
38
39
187
167
57
60
72
181
34
62
124
119
117
87
105
102
24
68
145
139
70
162
72
91
90
258
55
75
98
70
190
136
167
118
108
109
134
73
105
166
85
81
37
110
113
119
62
94
49
121
162
78
63
64
128
242
84
100
38
115
38
18
120
127
124
74
10
42
77
199
71
63
76
76
88
71
54
104
145
136
227
82
25
139
32
45
156
159
113
82
17
92
62
197
117
115
159
102
41
103
145
81
203
74
113
76
63
82
78
96
115
203
55
84
64
143
155
96
66
82
158
122
103
65
197
123
238
88
109
168
166
53
108
137
109
120
62
49
110
10
63
122
51
179
161
32
102
82
67
27
133
52
104
149
94
134
91
73
137
122
75
143
201
66
153
175
40
20
43
166
230
126
67
71
11
125
35
92
87
50
52
96
57
45
97
79
49
36
60
98
148
160
53
48
86
54
73
69
79
138
76
132
112
61
167
62
115
49
229
78
147
93
96
70
59
159
178
159
61
94
82
171
146
124
157
106
140
58
58
131
94
37
61
29
50
95
221
121
85
66
222
117
128
144
17
214
163
73
127
60
40
72
72
96
64
52
105
57
114
184
125
45
62
19
75
75
115
112
88
168
77
204
135
108
99
69
135
146
73
200
128
105
168
93
25
77
71
123
34
71
76
102
128
15
140
175
204
143
89
80
173
102
152
25
81
68
86
95
69
63
144
44
45
115
79
49
107
39
31
151
65
89
113
76
60
98
90
110
102
73
102
71
102
157
27
93
110
87
83
70
72
41
169
69
46
83
156
71
149
155
124
21
73
43
89
42
107
66
113
47
96
189
81
76
202
107
69
187
108
150
162
71
155
73
121
37
72
183
177
50
102
102
175
63
65
59
117
81
81
128
98
59
138
77
118
176
80
46
142
32
141
130
113
154
29
75
87
17
86
122
143
46
107
85
165
98
64
23
73
140
73
113
109
53
71
102
98
78
149
78
23
58
113
126
147
79
73
113
64
55
109
135
154
87
115
71
91
79
87
67
52
186
95
138
59
155
95
49
108
77
114
149
142
55
142
82
46
73
42
43
125
249
71
40
72
122
101
137
99
38
158
77
135
39
46
161
151
87
103
87
92
134
61
107
47
152
98
97
40
92
52
132
67
138
136
119
137
107
111
231
102
129
219
109
107
17
197
116
71
163
24
103
55
64
104
165
146
112
82
87
137
55
108
125
46
52
56
78
99
195
59
148
230
80
113
131
196
171
120
10
146
94
135
39
96
62
145
103
196
65
85
107
52
267
69
121
145
136
64
60
129
164
122
12
105
50
173
92
152
66
10
63
105
68
68
16
169
151
78
61
204
110
35
103
137
135
134
158
124
118
153
46
50
37
84
76
131
120
94
46
226
60
133
164
191
33
125
153
129
188
47
205
55
109
122
122
55
60
44
81
112
84
102
86
140
62
18
83
83
82
42
33
124
147
119
143
87
112
91
183
78
115
64
93
123
16
124
130
126
48
89
213
232
104
114
86
72
99
151
59
61
47
100
124
216
157
193
118
42
29
187
128
67
178
157
31
188
78
163
104
176
83
65
68
145
54
130
63
57
91
56
95
197
66
64
134
101
60
150
37
57
85
57
35
138
110
92
47
123
154
59
107
77
193
139
148
40
69
77
66
77
109
168
163
137
70
173
50
108
94
144
88
108
128
63
140
54
67
31
79
67
57
71
226
103
83
70
129
124
132
91
97
95
23
107
89
54
64
85
118
142
57
109
156
109
31
175
131
163
124
76
75
50
91
30
140
126
163
118
133
74
117
55
147
142
128
262
120
191
185
47
121
58
65
226
54
95
126
128
121
73
103
68
89
80
127
43
193
82
54
101
27
81
98
63
60
127
143
118
184
148
164
119
90
161
89
153
124
125
51
67
67
81
140
146
159
23
188
90
127
45
70
144
56
19
194
126
97
70
44
190
209
135
22
95
156
64
95
135
22
30
48
91
27
37
88
98
103
170
134
200
91
37
93
89
52
19
51
66
136
43
128
68
60
171
27
94
51
109
10
166
92
185
87
40
58
117
45
110
81
155
76
158
23
125
106
40
75
85
117
121
163
97
56
88
130
140
90
212
49
83
86
33
111
151
69
30
84
69
88
77
104
74
74
81
168
129
143
82
140
100
181
139
83
134
19
58
117
115
144
221
144
95
60
91
206
59
156
234
147
80
85
99
91
139
83
145
132
62
91
104
126
78
69
63
146
85
116
105
148
111
190
120
89
69
201
90
146
162
149
216
143
144
101
110
59
57
191
217
82
51
136
153
72
118
115
102
139
71
118
105
29
61
121
29
67
147
168
171
99
100
174
238
101
36
123
23
71
183
168
100
49
145
56
55
103
72
91
86
55
121
115
75
121
194
64
91
46
137
134
129
205
72
130
9
216
66
80
74
81
129
113
132
26
84
90
141
91
41
231
84
133
68
112
175
33
55
156
161
59
215
64
88
84
25
144
189
124
87
140
151
173
138
116
188
128
125
96
107
51
144
81
101
161
94
98
171
60
37
115
197
103
147
56
31
116
58
36
49
178
70
127
70
171
59
17
55
106
129
81
151
91
174
7
78
171
73
94
57
109
214
45
129
71
113
88
169
58
130
79
28
61
145
30
104
250
173
147
103
82
132
65
149
110
54
141
41
28
59
65
62
182
164
234
40
173
15
68
183
74
56
137
207
58
156
103
115
259
43
107
131
97
82
47
85
15
65
66
120
81
75
53
152
74
21
96
116
128
102
26
212
100
131
156
77
85
98
72
19
97
51
59
95
169
58
94
148
104
80
50
176
42
59
57
70
86
166
76
73
104
158
42
198
104
105
142
176
6
197
140
122
177
76
16
98
63
170
64
69
29
94
51
73
112
72
65
50
171
25
204
133
55
54
171
154
147
95
113
82
45
147
173
136
69
54
133
158
156
61
108
55
28
126
50
71
46
151
79
86
114
73
190
60
20
46
61
20
80
102
180
17
39
98
28
85
98
110
40
100
110
92
133
122
73
192
31
152
165
164
160
140
98
86
141
117
50
38
89
113
20
207
181
55
34
140
68
28
100
228
107
72
109
170
105
79
111
93
130
102
58
109
175
115
65
79
110
54
110
91
68
96
116
44
59
24
159
95
87
20
153
57
166
76
142
68
69
197
113
22
66
112
161
146
126
123
155
105
95
40
114
63
99
125
76
199
201
107
63
186
85
212
121
143
115
101
108
20
147
154
54
61
106
151
105
124
128
79
258
146
69
137
60
121
192
54
154
131
79
199
55
94
86
76
98
45
62
29
123
94
73
63
98
113
34
19
23
112
49
142
46
120
56
193
109
76
18
126
132
73
75
131
87
176
108
87
105
49
70
129
114
92
27
61
47
109
73
38
156
107
128
112
47
56
86
108
99
116
66
53
33
37
72
92
190
53
57
115
57
114
157
171
53
35
57
61
128
69
113
23
132
143
30
110
191
117
39
56
115
109
39
93
95
53
82
81
49
135
110
114
101
98
38
