600 149
121 453
311 555
140 41
722 431
792 777
509 85
773 360
152 243
763 179
174 40
80 264
427 123
255 501
0 766
82 429
777 742
460 36
111 783
45 623
96 347
736 626
553 344
782 661
559 676
354 246
539 112
309 453
66 756
356 62
799 704
242 698
448 325
119 609
563 482
78 341
606 604
734 729
60 616
537 171
571 677
790 250
113 774
38 471
677 453
782 740
740 207
482 524
305 766
370 597
255 470
730 740
474 399
117 560
321 480
78 667
508 125
316 189
18 230
499 596
194 577
513 636
728 361
743 494
399 265
282 193
631 523
722 53
389 775
439 106
155 590
597 378
567 140
269 489
353 57
753 76
424 368
437 598
143 532
237 78
467 613
353 721
242 317
240 775
255 300
257 287
661 627
388 654
623 224
144 491
471 747
774 320
660 450
73 575
309 800
329 503
452 578
38 487
334 16
440 163
659 71
105 655
717 232
370 712
577 567
407 703
24 242
708 293
204 198
483 367
756 469
134 791
685 367
386 125
416 332
209 589
291 114
386 214
447 482
519 39
717 90
493 219
590 21
302 67
646 401
54 384
375 99
207 600
525 336
632 31
752 511
159 242
119 95
552 685
355 24
13 273
791 60
650 32
540 147
223 252
589 761
481 162
223 728
674 635
153 659
41 49
679 179
486 8
549 520
413 627
463 401
772 576
401 343
404 223
231 74
571 158
716 195
344 226
152 604
94 171
85 328
793 378
397 119
43 605
39 375
705 64
481 681
69 771
205 333
625 584
227 186
479 547
135 446
739 559
267 716
322 241
26 511
390 449
584 51
116 509
48 448
474 701
344 521
486 451
81 499
640 150
75 382
48 292
130 363
272 144
471 710
593 370
346 352
526 401
538 133
501 162
404 299
207 71
557 135
607 135
65 534
550 754
226 339
467 463
162 547
597 613
253 674
746 298
384 277
351 568
126 223
787 140
91 799
45 125
263 53
636 723
753 178
369 97
437 450
7 566
773 190
461 647
441 126
665 751
44 784
131 797
412 647
329 378
425 720
161 626
372 147
791 371
125 488
236 2
190 480
438 155
732 112
429 113
253 58
466 383
723 505
499 777
342 309
793 578
568 475
314 149
320 109
166 766
276 182
347 272
678 754
337 562
539 369
401 519
244 367
209 480
233 172
191 677
336 361
104 575
242 232
298 315
271 37
557 232
422 274
746 317
439 237
499 279
295 336
742 336
417 584
699 749
174 410
601 124
197 400
215 561
714 6
466 768
372 669
744 639
426 165
263 461
619 507
582 726
750 663
186 447
783 544
233 557
311 194
499 495
181 232
12 365
324 324
769 59
496 155
497 207
663 435
342 615
779 573
183 644
2 181
252 128
609 140
312 644
173 15
545 164
509 142
106 375
72 440
310 612
700 674
105 4
6 539
46 263
53 356
600 393
598 451
670 201
419 43
652 129
677 384
327 475
69 142
627 643
233 792
228 714
276 62
203 76
185 139
550 800
146 49
650 317
308 663
613 72
20 10
596 406
648 140
419 561
692 559
562 403
782 321
6 756
189 723
284 306
286 177
744 167
528 161
299 282
636 448
25 35
74 124
206 120
701 54
109 480
746 787
322 652
42 688
780 12
413 300
183 133
98 792
629 477
103 489
630 357
489 463
761 594
574 660
212 196
124 156
314 45
359 564
268 647
671 228
146 97
326 313
421 595
735 237
162 69
83 725
82 742
371 575
273 790
725 581
222 612
185 65
431 37
775 394
554 522
516 613
695 448
530 62
387 191
745 380
210 340
374 278
51 718
334 252
0 388
602 646
711 198
0 319
251 297
46 220
177 203
83 324
278 297
36 169
146 156
134 385
169 398
116 344
86 398
108 359
181 241
219 312
166 190
252 339
11 187
20 35
0 155
360 378
298 382
196 242
92 320
64 196
74 369
23 284
39 306
151 298
97 180
32 267
142 206
30 279
240 382
72 198
45 354
191 252
141 235
118 177
213 334
120 352
282 387
58 159
84 347
195 306
1 272
43 97
120 293
90 277
26 56
156 376
37 271
28 356
1 89
53 200
332 371
249 261
43 312
176 200
125 314
248 256
4 386
173 298
37 223
22 109
243 382
24 205
215 323
304 330
245 246
242 347
29 134
33 158
335 363
240 338
61 221
359 367
70 204
91 207
276 293
84 254
87 278
165 236
64 117
194 390
265 340
3 10
197 377
255 272
7 265
175 396
125 397
225 247
33 101
49 209
146 372
376 399
394 396
107 269
62 91
71 191
7 231
356 378
69 126
116 123
63 110
217 246
192 261
173 338
56 138
213 349
37 51
209 270
99 294
308 362
90 241
93 163
166 228
109 193
111 379
315 339
192 242
279 365
4 389
269 392
18 225
78 259
155 194
65 189
137 352
33 55
50 234
31 206
243 298
345 399
38 93
226 270
132 377
193 339
208 266
23 310
26 72
84 260
55 395
97 176
108 256
238 327
53 179
38 356
10 327
153 280
135 160
152 258
156 220
214 233
242 374
142 257
126 162
8 290
89 255
161 269
26 306
238 369
113 230
123 262
171 337
196 249
82 261
11 135
68 94
266 295
12 237
60 158
82 254
10 304
90 190
121 263
169 282
46 399
26 194
240 286
243 365
351 377
300 350
135 313
215 283
291 397
192 258
263 295
9 376
151 382
9 216
24 61
16 37
207 340
286 365
36 40
40 283
295 346
145 334
245 288
208 394
348 361
27 281
37 250
172 285
40 388
297 355
49 370
148 387
65 170
180 362
232 353
76 239
86 169
11 58
275 383
61 96
233 238
63 389
145 322
130 240
31 325
296 361
22 128
89 234
208 264
46 372
253 380
161 392
172 272
74 246
6 147
197 384
340 386
24 201
26 178
78 362
24 388
41 207
62 320
70 383
13 95
51 250
17 385
96 337
79 301
85 260
328 373
206 332
5 51
350 368
123 214
214 262
14 167
65 344
350 373
0 336
125 164
13 54
46 211
231 340
69 162
165 293
17 69
93 312
107 331
8 139
353 362
170 189
265 269
100 333
211 236
57 288
44 361
328 359
41 102
36 86
116 326
147 385
62 265
143 284
11 210
90 166
233 262
18 167
109 252
370 375
234 281
39 263
142 325
125 186
133 366
110 130
124 296
40 215
84 261
106 159
2 370
86 205
53 184
12 113
269 340
16 271
15 308
223 271
112 331
150 364
223 310
19 55
281 321
143 279
52 109
42 167
101 144
28 167
145 311
190 221
45 271
18 360
104 205
151 338
12 99
60 229
33 70
154 238
302 336
197 304
23 37
143 310
40 366
69 280
49 355
42 225
296 316
156 345
169 338
317 372
292 347
20 307
187 313
116 238
83 342
50 54
20 164
165 352
25 347
337 370
183 193
132 349
19 93
204 287
315 363
323 366
116 246
310 323
26 346
105 228
150 203
125 307
156 399
229 383
202 393
261 374
90 181
121 267
193 335
69 237
9 102
117 391
67 165
199 302
289 364
61 190
102 220
170 367
212 379
39 305
4 240
106 187
249 292
261 268
307 314
4 110
324 325
256 301
22 315
62 207
70 259
181 277
200 219
318 385
35 313
121 266
46 156
378 379
130 243
340 392
311 330
3 327
47 118
230 237
58 135
154 377
65 157
89 362
246 326
99 280
187 314
68 277
99 237
21 284
211 345
83 381
351 359
227 292
48 103
149 226
142 174
201 283
18 224
172 353
202 268
47 183
196 358
90 329
173 240
238 384
154 262
46 102
32 152
327 373
194 195
58 313
223 354
91 340
28 224
84 343
296 320
35 188
192 374
108 139
15 180
270 337
224 341
277 329
49 337
237 280
241 329
53 70
67 120
46 376
154 384
160 187
230 280
235 280
46 216
156 317
8 108
47 387
92 124
130 151
231 392
75 276
181 228
249 394
136 357
103 355
2 380
319 333
163 200
89 179
122 333
75 120
168 274
1 353
127 158
179 204
79 116
89 353
163 219
317 336
73 321
239 252
222 280
72 305
21 365
118 183
115 287
135 291
155 185
149 380
162 217
197 351
238 326
301 344
84 393
161 386
209 337
110 389
140 223
96 149
242 249
250 354
6 390
25 153
273 302
207 269
132 350
164 186
97 312
266 267
185 273
253 270
320 389
108 131
67 136
179 200
99 235
1 15
214 238
40 398
22 191
254 393
84 85
100 336
244 387
117 153
11 313
64 264
57 248
41 376
52 76
183 289
179 362
137 333
19 33
97 308
15 43
257 299
95 209
258 374
88 317
54 73
2 309
202 254
53 259
60 299
76 150
86 338
57 245
279 298
248 301
241 277
256 328
133 398
45 51
15 164
327 377
309 370
172 232
223 250
157 249
158 229
200 362
6 138
218 364
189 256
84 202
230 246
189 344
238 262
197 327
13 255
33 93
217 237
109 150
63 286
132 330
230 245
85 393
204 232
148 244
70 158
86 143
180 186
145 350
44 124
14 224
114 196
255 281
101 229
53 204
148 289
143 169
89 285
166 181
130 298
212 225
232 234
284 365
216 345
185 317
160 314
127 204
250 310
273 333
158 299
218 253
213 368
72 155
71 252
162 222
155 199
315 348
31 174
47 364
4 44
99 141
122 178
153 391
167 341
29 113
2 297
194 346
1 285
13 281
39 194
192 292
140 329
283 329
92 296
25 64
112 363
247 324
83 174
71 124
124 315
184 200
272 285
1 308
82 347
47 59
154 214
176 180
351 373
256 290
85 343
317 319
142 247
278 303
190 277
29 318
30 51
163 259
115 158
87 105
180 308
139 260
42 378
211 220
139 290
214 327
130 365
226 375
149 221
47 171
7 392
229 299
5 354
16 30
151 365
102 317
236 293
309 355
158 275
80 149
30 37
176 184
244 282
15 307
328 368
196 208
189 248
26 390
155 302
111 225
69 385
208 358
85 261
92 282
276 357
109 239
162 230
124 389
34 316
167 212
128 191
154 327
118 253
78 234
257 342
114 239
193 252
244 335
156 216
196 394
304 377
27 73
305 306
341 395
71 316
25 391
128 339
131 367
111 247
164 291
127 383
113 217
25 394
203 364
251 370
273 336
125 291
6 119
189 288
48 381
48 68
378 395
204 259
265 392
236 345
50 255
237 385
131 139
67 75
349 350
25 175
116 214
23 279
121 294
28 379
124 335
56 390
60 275
25 117
275 287
141 295
97 184
91 392
102 156
184 353
32 239
81 94
54 321
146 317
231 269
255 285
90 228
0 72
19 101
91 161
185 199
157 288
1 232
79 384
198 390
216 376
133 388
206 257
242 292
63 130
81 105
161 231
152 358
138 306
330 384
242 358
13 27
112 269
33 299
311 349
31 332
9 156
98 134
47 148
200 259
311 334
29 246
96 375
42 379
4 296
282 316
273 319
14 341
205 366
38 55
44 389
40 201
118 289
65 260
49 251
1 362
57 396
93 259
0 199
3 145
3 132
154 326
240 389
337 380
188 272
12 280
309 332
270 375
203 289
14 28
1 184
260 290
119 390
173 286
6 26
332 355
324 381
112 392
47 337
68 81
334 349
4 62
79 214
294 346
68 103
64 394
75 352
176 219
62 392
79 123
320 331
155 305
82 168
133 283
126 318
60 127
147 318
6 194
81 87
142 342
8 210
60 204
264 358
235 237
183 218
85 268
178 333
4 7
78 204
198 199
106 300
116 301
98 262
172 308
284 310
151 279
53 78
98 369
168 254
70 78
235 391
326 369
103 228
108 260
327 384
197 214
198 305
180 353
153 157
328 351
225 360
213 322
21 243
12 235
100 352
59 80
103 105
6 17
170 344
101 356
2 49
19 38
19 163
1 179
178 273
18 111
9 46
21 86
186 307
143 398
18 42
337 375
10 330
140 250
198 302
302 333
53 93
71 339
44 320
152 196
118 364
76 196
120 165
51 310
74 98
42 247
330 377
296 389
119 178
29 98
270 370
253 337
46 345
217 230
67 137
61 388
117 264
2 182
348 389
199 336
62 112
12 230
256 359
124 363
40 133
23 30
107 207
47 96
268 343
111 360
34 361
20 187
83 325
81 228
61 133
151 243
42 224
58 300
132 159
50 281
282 361
69 113
24 398
201 241
199 319
271 310
258 268
83 142
62 386
12 162
3 334
39 195
48 94
230 391
64 208
220 399
152 192
193 364
215 310
95 321
146 216
113 280
169 205
165 276
366 398
46 146
29 126
231 265
169 323
325 342
127 371
120 236
247 342
145 349
141 306
311 377
129 137
51 354
52 239
107 265
58 106
39 198
297 332
100 137
61 366
195 294
77 171
79 351
35 160
26 198
210 368
91 265
279 284
14 395
156 372
177 218
129 333
31 83
359 368
141 280
51 271
65 288
208 249
193 239
141 294
23 45
147 390
297 370
242 343
182 321
188 314
126 217
142 324
130 338
97 362
264 394
13 50
228 277
34 289
72 346
80 221
24 323
100 122
39 346
170 256
55 144
36 398
49 297
116 189
183 364
32 64
132 322
106 135
111 167
173 279
57 344
138 346
186 188
60 383
17 147
160 164
157 175
172 362
4 63
188 274
93 184
17 119
79 197
15 353
158 259
190 241
158 204
65 245
51 284
171 289
25 208
113 162
252 335
170 328
35 125
40 323
153 394
75 211
102 146
64 396
128 267
320 392
127 299
191 315
170 248
319 336
361 389
195 346
213 350
59 96
138 198
247 360
50 285
242 261
196 264
5 37
256 344
189 246
175 347
316 335
291 314
64 266
114 208
89 232
25 242
100 120
94 381
41 340
185 319
208 242
180 184
221 388
117 266
102 107
94 324
131 210
327 359
21 310
95 182
34 282
109 128
108 290
216 399
121 195
81 278
13 73
22 339
114 394
66 338
49 309
52 193
103 226
189 301
296 335
36 366
4 112
105 181
157 396
131 290
158 383
160 186
76 114
12 69
110 386
77 337
74 318
374 394
135 300
75 136
143 323
77 80
56 195
140 215
160 307
21 151
79 262
245 344
132 213
87 103
48 81
35 186
48 142
79 327
82 393
16 45
7 269
166 388
244 289
122 129
232 362
66 361
294 295
274 285
159 373
157 391
59 221
123 134
45 284
27 95
10 311
187 291
9 211
191 339
22 193
316 361
146 185
70 229
11 106
63 173
108 170
112 124
38 163
35 314
127 287
134 318
75 357
9 399
62 269
78 179
305 346
249 396
68 228
292 343
78 89
302 319
95 251
82 84
122 137
55 163
77 149
100 319
268 374
268 347
214 369
118 171
27 321
110 240
174 332
7 340
8 11
256 260
115 204
279 310
224 395
132 373
245 248
71 363
263 305
299 383
88 372
365 382
70 115
82 85
314 397
126 246
24 366
65 175
83 94
29 385
190 228
251 253
66 282
54 281
108 367
24 133
258 292
200 312
290 367
225 379
74 126
80 166
77 221
154 233
176 312
140 201
159 350
2 95
161 340
113 222
120 136
22 252
343 347
42 111
328 367
150 218
120 319
52 218
86 310
52 364
293 357
141 346
57 189
153 208
54 95
55 101
192 268
144 229
160 188
234 272
168 393
101 395
149 337
33 38
162 235
35 164
278 332
155 273
29 369
43 176
67 293
191 363
243 286
309 371
153 264
218 239
197 238
28 42
21 298
212 224
10 377
67 236
96 270
127 229
101 378
146 336
52 183
62 340
31 142
197 373
133 166
204 275
56 194
37 284
343 374
257 383
87 226
38 259
49 149
71 335
72 194
112 296
56 198
137 165
386 392
2 209
69 318
98 123
149 375
184 232
93 176
32 264
227 258
322 373
106 313
120 137
256 367
115 383
210 290
282 348
46 317
297 380
199 273
149 278
51 223
175 288
33 53
102 376
87 375
374 396
292 374
11 160
89 172
294 306
47 203
104 388
322 368
118 218
352 357
170 290
248 344
73 95
144 158
186 291
154 197
179 353
57 65
144 257
64 153
7 62
134 369
102 399
60 70
129 165
167 395
141 195
248 367
205 398
199 333
59 388
53 158
133 181
30 284
59 171
79 154
221 226
316 339
133 201
92 348
155 263
242 396
34 364
170 301
43 362
58 187
0 302
49 380
182 380
173 243
246 369
52 150
95 370
347 374
67 276
68 105
175 249
93 200
186 308
167 225
283 366
303 371
279 382
315 335
327 328
132 368
100 129
154 351
148 282
43 184
325 381
92 361
105 149
288 396
39 295
139 170
360 379
82 202
155 346
13 234
198 306
159 213
3 373
272 274
76 152
138 305
130 382
250 271
261 347
162 280
283 398
157 394
222 237
49 303
57 157
27 54
96 221
300 322
99 162
9 345
25 396
0 185
231 386
123 369
38 219
59 77
16 354
37 354
81 332
77 375
234 255
96 388
242 258
213 300
4 320
177 321
121 141
244 348
39 138
230 235
203 218
87 355
77 96
70 299
36 323
308 353
138 194
29 74
222 294
236 352
44 92
359 373
60 78
111 212
24 283
209 380
15 186
108 210
44 296
104 282
181 190
174 381
27 50
91 231
146 345
162 237
97 200
315 316
2 251
262 369
10 154
34 244
71 315
299 342
192 227
36 143
82 343
323 398
174 325
18 378
12 217
35 291
266 358
69 99
41 46
179 259
10 197
0 273
146 319
85 139
86 323
104 169
185 336
6 306
370 380
76 358
125 160
67 352
41 220
21 143
216 220
138 155
3 304
151 286
1 172
150 193
42 212
186 397
137 178
174 371
258 261
194 305
74 134
227 268
55 356
102 207
297 309
142 381
325 371
61 166
317 399
79 238
289 387
92 389
242 268
303 332
35 307
6 56
144 299
172 179
99 391
20 186
81 103
335 339
80 270
89 184
34 387
28 395
27 182
155 198
235 294
78 353
115 299
44 63
25 249
69 235
173 365
75 236
15 362
160 291
35 187
44 348
60 287
74 123
112 320
114 152
202 274
280 391
56 346
218 289
139 367
124 348
254 274
327 351
29 217
202 343
50 321
40 140
128 252
8 131
10 384
303 355
164 314
164 397
7 207
167 379
123 238
151 173
347 396
260 367
80 96
72 273
30 45
32 114
49 270
56 141
179 184
78 158
179 232
140 283
22 335
195 305
198 273
28 360
18 379
274 393
206 371
159 210
270 380
198 346
77 270
193 315
0 198
62 231
3 330
121 295
167 224
15 172
93 219
17 390
153 266
115 275
75 165
69 222
183 239
18 247
220 376
100 165
63 240
34 148
33 259
48 174
261 292
39 56
320 363
324 342
209 297
186 314
64 358
358 394
36 205
222 235
12 222
303 309
268 292
335 348
244 361
8 367
71 193
197 330
251 380
31 371
138 195
83 247
296 348
338 365
130 286
100 178
105 278
82 268
23 365
3 311
104 148
351 384
80 388
48 83
5 16
293 352
249 374
207 265
136 293
125 188
316 348
42 360
106 210
125 308
61 181
143 382
252 315
126 237
191 193
377 384
62 107
128 239
119 147
248 260
21 23
178 390
80 226
20 125
15 125
243 279
214 326
20 160
59 61
28 341
115 127
110 286
40 61
271 354
73 287
372 399
67 357
234 285
257 325
264 266
191 335
90 105
16 51
20 188
24 40
114 358
19 356
245 301
4 392
108 328
16 284
32 196
156 236
32 150
157 208
130 173
16 23
201 329
373 377
276 352
61 80
12 126
304 384
128 193
54 182
205 323
89 204
226 278
33 144
10 373
182 209
72 302
189 245
368 373
191 331
215 271
296 315
85 347
355 371
184 362
206 303
379 395
123 246
78 232
18 212
251 309
172 234
25 157
338 382
96 171
159 368
167 378
244 316
88 185
165 319
38 101
194 198
150 183
175 394
168 202
32 76
119 122
39 155
73 255
44 240
356 395
227 374
138 294
126 230
375 380
166 221
21 173
85 168
182 370
135 187
182 251
113 126
331 363
101 158
229 257
18 28
19 219
132 145
206 383
72 199
117 157
70 127
150 239
116 245
31 342
65 248
287 383
204 234
74 217
37 310
105 190
76 109
22 71
115 229
212 360
104 387
125 180
48 324
133 140
7 91
67 100
87 149
206 325
77 226
91 269
90 201
188 307
170 260
341 356
216 236
254 268
87 297
174 342
209 251
43 308
66 169
11 35
262 326
80 375
160 313
129 178
117 208
7 161
20 314
99 222
79 326
330 350
232 285
13 287
39 294
52 203
102 345
3 377
118 203
129 352
298 365
244 339
224 379
297 303
269 386
73 281
4 92
5 30
49 375
32 358
39 72
146 399
167 356
107 376
154 301
64 249
26 119
52 252
286 382
84 139
54 177
66 104
65 256
70 275
124 191
306 346
9 220
301 351
248 288
183 203
149 270
127 275
17 318
55 378
75 293
80 171
11 131
33 229
164 307
5 45
181 221
256 351
66 348
49 77
56 294
92 316
124 320
141 222
103 278
253 370
224 360
70 144
102 372
221 375
215 223
88 263
118 150
113 237
143 205
195 295
28 378
28 212
182 253
373 384
261 343
211 216
50 73
84 268
21 279
167 360
88 146
194 306
85 202
123 326
286 298
84 168
31 257
185 302
330 373
21 382
22 363
304 311
7 386
144 342
137 276
197 359
132 384
56 306
242 394
372 376
159 322
177 253
366 388
267 295
114 264
3 384
207 376
40 205
124 316
13 275
209 370
174 206
102 216
371 383
13 321
209 309
278 355
27 227
32 109
288 344
184 308
60 115
72 138
47 289
49 226
43 180
136 211
249 347
322 350
105 226
15 20
136 236
233 304
145 213
206 355
49 87
36 104
57 175
37 45
226 228
220 345
29 123
215 250
327 330
356 379
26 138
208 396
122 390
173 382
154
145
42
93
19
117
47
58
124
81
145
104
70
141
66
55
60
50
53
57
192
147
128
77
48
107
44
118
18
116
124
115
120
213
13
84
131
84
193
164
94
98
117
67
28
199
27
147
28
45
94
115
120
79
155
125
69
135
73
66
126
183
97
93
213
204
182
120
62
108
125
80
63
142
185
58
109
48
90
98
145
58
69
61
92
70
43
123
171
110
35
75
94
134
57
81
115
70
95
100
11
51
125
75
77
29
100
170
113
103
243
14
179
66
63
87
101
139
80
208
48
117
56
52
97
69
58
53
71
74
192
178
73
40
105
128
155
83
71
173
192
76
182
142
60
59
57
72
189
72
163
244
165
123
152
26
61
35
75
143
117
78
146
26
50
141
183
60
107
213
89
18
136
87
37
48
161
103
42
35
159
71
105
125
91
149
53
39
126
144
64
28
154
51
63
104
135
63
157
96
71
27
79
105
103
136
194
105
67
14
116
157
41
120
136
153
93
91
162
97
209
45
44
97
42
103
42
186
71
118
133
65
184
31
165
204
152
134
223
137
82
148
139
134
75
54
136
80
99
122
178
166
46
29
189
46
95
124
29
144
236
127
91
189
145
124
75
107
12
87
38
123
181
11
84
8
100
161
136
106
116
156
81
90
89
56
89
127
162
164
19
21
33
74
108
125
75
229
117
82
168
55
60
116
24
101
72
77
254
101
142
132
46
75
102
21
114
151
230
48
106
155
118
126
70
35
39
129
198
52
38
105
166
34
68
44
196
48
127
40
70
166
174
171
103
17
99
175
191
215
68
134
55
69
77
173
70
33
141
100
13
134
28
62
105
97
183
33
125
42
60
5
62
242
167
44
78
16
167
81
170
28
103
95
123
123
116
146
116
148
164
29
242
165
36
35
209
186
145
115
124
112
113
145
124
107
135
39
91
189
82
68
117
104
43
54
231
48
109
51
100
58
116
185
20
277
130
103
137
61
107
144
100
98
122
21
79
87
53
154
53
122
55
44
125
93
70
140
63
82
40
39
135
128
110
43
74
78
161
172
68
187
91
81
148
53
133
102
106
196
215
42
163
42
133
37
156
77
73
97
69
178
156
110
73
96
72
127
84
245
148
131
54
140
57
101
65
50
180
130
203
71
110
128
55
162
43
57
161
62
119
74
80
201
177
127
164
92
11
98
12
49
81
59
38
156
112
57
85
59
96
97
120
88
27
149
116
90
112
93
146
141
133
147
73
49
32
203
138
166
56
136
105
99
103
136
102
146
90
109
122
13
58
35
116
116
139
133
80
175
43
67
7
75
121
95
62
140
65
149
172
178
87
37
21
103
119
74
91
96
117
91
125
73
90
148
29
181
43
74
87
36
99
94
129
219
123
71
229
108
49
154
45
93
171
90
128
56
122
31
42
93
171
172
83
112
100
88
65
61
160
31
123
156
185
180
56
64
110
98
109
194
120
105
99
125
166
52
103
104
102
160
164
191
160
151
143
61
69
86
84
57
158
232
149
82
60
41
41
58
95
33
70
72
123
141
159
126
121
180
93
96
39
95
61
106
19
77
39
150
149
178
38
72
109
89
62
188
72
65
138
96
183
50
141
60
39
85
152
103
73
86
75
182
205
47
72
31
95
62
32
44
137
115
114
161
68
239
35
100
186
67
70
180
179
96
166
62
193
98
140
29
95
158
31
45
50
130
73
184
109
91
159
153
10
27
138
47
103
61
141
143
79
101
42
102
147
125
239
88
36
54
156
20
114
36
64
199
197
75
99
258
199
138
57
163
134
85
177
79
83
157
61
148
22
138
67
31
170
161
114
62
107
145
47
30
239
60
88
65
57
80
56
104
17
52
153
98
74
73
108
84
41
116
168
128
181
63
95
106
41
153
63
115
112
57
121
129
46
44
68
94
41
187
86
214
73
78
75
33
91
128
159
70
258
32
57
115
91
109
189
58
145
44
53
138
68
62
75
118
51
21
95
90
91
119
39
35
67
128
48
99
63
97
186
122
107
162
37
44
140
215
27
83
90
34
89
17
90
72
204
139
77
123
68
187
66
91
75
40
203
99
84
34
90
83
108
76
127
89
138
125
41
80
75
80
101
77
92
107
94
49
91
76
80
38
52
191
200
183
79
144
22
96
156
219
20
46
155
106
75
54
198
112
102
70
86
329
56
98
83
33
114
132
170
114
73
90
129
92
156
63
117
72
149
115
52
144
62
56
36
89
211
26
61
31
89
16
116
167
103
91
19
86
108
43
56
191
58
43
148
92
121
102
85
141
56
40
63
101
64
41
90
166
108
172
67
227
15
143
108
101
95
44
123
152
50
36
183
187
17
40
163
103
46
100
31
230
195
69
69
233
41
39
169
134
113
181
65
117
78
216
85
116
70
116
132
95
142
124
224
145
51
18
181
83
74
184
112
181
154
134
131
88
61
66
116
36
145
51
66
145
54
185
120
91
62
173
62
118
63
61
81
70
102
52
96
127
48
183
55
68
104
70
150
156
210
63
95
129
44
97
61
90
116
142
112
38
166
77
162
107
155
97
35
126
74
186
198
69
61
91
81
67
29
174
44
195
80
149
113
95
99
45
172
96
180
86
94
147
107
143
102
269
46
74
11
86
177
99
85
34
91
69
69
193
95
181
197
116
132
144
189
62
68
166
75
147
65
124
69
64
57
51
42
125
68
129
123
30
55
45
70
181
120
100
115
62
47
80
78
91
64
45
95
85
91
35
132
185
67
123
96
109
134
116
30
77
51
173
121
89
85
95
69
129
106
54
113
124
169
113
92
60
89
20
12
111
89
120
162
65
156
83
146
101
56
84
128
114
70
172
76
29
28
130
127
221
94
177
130
88
103
96
72
54
62
73
86
156
119
23
216
106
81
99
67
90
124
82
110
57
57
64
149
99
145
139
54
79
89
58
94
101
108
142
126
115
196
70
155
160
136
56
189
106
199
72
128
65
52
49
206
62
182
62
44
122
71
70
128
228
125
40
107
59
89
42
78
67
158
111
101
34
109
164
129
98
28
169
129
32
88
118
25
125
108
73
101
210
119
28
106
98
192
58
45
72
43
55
104
127
70
45
194
109
52
66
64
164
25
104
156
183
57
8
146
170
130
65
215
144
118
66
108
157
35
50
145
108
152
13
79
47
133
201
100
112
156
189
95
52
112
20
173
182
93
84
102
133
248
48
136
89
71
76
67
68
84
177
118
175
125
71
48
18
87
59
38
89
234
60
47
151
74
42
75
90
184
26
46
101
33
31
177
175
93
143
89
32
29
92
97
116
160
197
115
175
41
125
81
101
36
157
117
77
36
16
63
163
43
148
131
103
92
43
102
196
39
207
11
113
118
94
103
50
93
166
51
113
166
18
35
175
53
136
52
37
60
148
95
93
76
120
116
115
130
71
104
131
104
109
36
90
28
177
136
52
184
173
59
91
55
89
16
174
41
128
77
135
120
80
73
68
74
190
73
116
110
93
117
38
172
69
63
53
87
42
43
81
94
113
47
86
158
121
107
87
123
76
152
156
177
206
51
51
72
67
87
230
144
65
55
127
53
53
89
139
77
116
85
131
146
108
83
135
205
120
58
9
58
23
35
118
116
90
110
43
54
127
44
104
84
58
111
99
66
135
56
90
165
45
91
95
58
96
62
136
113
90
29
109
75
106
16
30
32
141
190
222
69
69
60
35
114
171
145
114
64
110
80
107
39
91
56
230
92
70
101
113
28
37
25
34
49
163
105
170
196
166
86
67
53
95
83
229
128
160
81
117
185
138
101
90
74
166
59
120
106
35
63
105
95
65
159
72
192
74
190
155
134
30
85
184
66
117
64
58
78
154
106
134
26
59
77
97
14
199
99
70
96
113
134
91
78
67
56
87
68
77
15
64
141
165
113
155
94
54
154
131
143
96
106
63
83
87
127
165
58
65
60
114
70
86
125
183
102
47
73
67
225
133
206
125
100
42
136
112
110
91
66
127
155
61
41
100
58
117
75
91
124
90
29
55
124
44
141
208
44
146
91
57
181
101
67
127
54
159
100
121
59
101
60
125
207
139
90
184
120
168
95
80
87
20
43
154
21
106
110
100
153
165
137
168
166
14
63
182
226
240
40
123
52
111
117
54
176
27
50
137
203
153
125
204
36
79
169
105
69
92
105
79
141
33
103
89
74
203
155
149
92
179
127
107
49
176
74
77
119
81
88
78
67
99
96
129
65
51
103
125
166
125
99
206
158
109
134
204
60
70
62
49
42
131
55
36
62
105
64
65
44
71
221
103
87
108
103
92
171
69
40
96
53
79
66
159
113
93
80
116
114
127
199
132
160
60
99
128
160
50
18
112
60
88
37
102
175
51
175
60
41
131
117
92
119
138
95
79
51
112
198
68
211
26
123
112
71
109
208
165
81
123
147
70
171
151
11
112
130
152
124
178
67
181
122
57
68
57
66
70
68
39
163
100
57
57
245
218
97
179
195
153
61
154
71
187
57
111
80
180
173
57
91
136
53
