569 618
375 615
575 226
514 160
92 513
39 337
514 432
769 78
271 755
314 545
191 636
287 116
448 474
139 794
737 282
260 109
473 679
400 333
415 672
142 729
0 102
609 430
768 37
671 782
482 277
710 412
435 763
99 204
448 294
628 452
304 180
160 309
608 649
111 416
195 617
190 331
76 397
774 228
753 713
442 417
524 735
560 79
137 326
308 261
220 426
177 769
355 121
135 185
84 470
8 90
432 429
545 273
396 252
643 510
274 192
476 146
342 233
60 112
296 783
507 84
485 293
575 746
783 168
791 171
231 70
552 783
92 682
44 762
58 678
705 227
693 199
313 204
76 4
91 71
74 604
608 19
22 57
55 129
330 779
432 604
122 660
619 775
92 319
740 572
794 57
46 254
486 559
676 248
214 345
3 21
786 375
461 169
267 190
206 713
463 102
752 51
325 53
373 679
499 761
174 620
265 503
89 756
373 406
226 382
348 434
388 291
81 71
773 343
154 545
139 630
433 451
84 715
641 60
291 390
381 230
95 227
244 588
534 367
196 171
287 773
615 165
292 363
523 576
401 476
374 289
759 546
354 535
538 737
251 775
339 177
460 705
395 219
392 268
247 251
353 716
710 3
89 108
243 61
245 124
278 450
505 507
445 67
457 205
378 384
308 135
686 311
294 635
242 144
631 754
263 568
25 369
251 591
774 702
94 745
305 5
293 67
333 139
85 783
725 347
480 336
680 640
548 265
80 375
53 84
508 362
150 761
373 49
172 599
317 354
425 276
243 0
198 201
721 434
484 493
547 357
18 784
31 509
156 324
457 413
99 714
731 542
612 229
544 111
500 725
386 192
649 449
424 253
57 485
266 115
717 126
241 357
494 465
773 753
459 43
431 53
273 640
257 182
781 341
518 670
17 242
644 638
100 98
185 317
526 411
246 13
312 494
168 778
199 260
706 559
293 254
516 617
608 424
72 745
410 278
598 409
359 694
297 498
383 297
99 561
648 138
656 418
76 139
311 19
230 405
307 454
327 609
419 134
306 150
0 123
449 415
412 301
219 660
519 281
714 46
270 627
525 670
459 364
284 434
309 717
199 16
134 134
513 88
786 579
664 117
188 623
688 653
46 216
157 729
484 688
385 599
679 166
494 623
414 178
664 364
295 661
757 610
185 161
319 526
555 436
610 7
365 46
734 586
498 12
400 551
668 264
308 622
629 465
122 170
284 45
639 263
494 730
694 461
599 588
525 85
386 87
416 263
417 441
230 712
321 246
182 471
82 211
137 445
633 690
215 63
341 583
494 758
277 320
771 696
640 202
234 597
665 48
58 19
696 515
752 120
211 34
222 267
99 725
662 92
106 578
93 281
251 315
511 551
754 204
328 543
288 139
310 587
557 58
31 343
773 766
172 200
254 543
638 547
12 404
314 32
664 387
698 203
558 171
116 704
233 465
131 617
558 340
734 649
124 107
750 726
157 255
531 85
198 425
704 615
527 628
385 226
88 330
2 116
628 613
683 421
70 490
702 219
439 224
504 135
100 104
483 99
295 342
216 55
630 531
725 533
338 126
545 692
126 137
230 241
774 664
367 551
548 131
192 187
353 556
597 417
438 250
574 417
134 70
49 695
141 168
646 345
173 582
102 180
69 363
403 394
455 722
700 143
593 172
269 250
39 128
114 646
416 472
176 727
240 228
448 653
568 36
36 106
737 132
575 503
255 214
410 606
21 687
797 647
707 598
449 504
348 316
646 351
10 4
407 420
94 716
690 356
347 619
265 650
614 744
76 507
705 711
468 764
351 85
590 185
484 484
90 528
20 49
278 329
25 158
95 290
16 210
359 385
14 87
166 194
266 271
228 375
29 333
100 205
130 364
309 324
221 361
255 382
186 275
30 196
45 93
141 274
27 280
65 148
176 334
6 203
225 284
86 173
145 158
4 176
240 346
92 367
38 323
97 134
147 227
259 374
104 224
186 329
276 387
271 292
44 190
182 325
343 382
139 205
79 263
19 179
95 376
86 251
273 374
77 163
257 352
347 367
323 348
181 366
234 265
225 352
159 174
109 167
1 265
126 352
152 348
20 375
5 150
116 310
144 344
280 299
8 58
42 362
111 153
94 194
244 360
181 264
43 71
136 338
39 229
325 374
235 345
0 332
26 270
110 383
80 179
54 372
210 301
127 235
193 339
61 65
7 84
42 162
24 354
30 56
262 374
55 59
164 203
245 394
154 204
29 53
98 270
99 289
94 337
185 214
99 319
105 384
40 61
18 248
115 361
94 226
28 232
214 220
267 358
66 80
29 185
223 326
179 317
55 339
214 355
266 353
70 243
237 318
221 346
64 294
68 380
115 324
126 205
45 371
287 323
268 341
76 291
85 246
88 326
26 364
299 324
180 327
57 368
137 239
53 208
163 338
151 305
54 227
138 304
53 271
26 130
90 389
31 299
238 254
106 322
243 365
217 384
2 181
284 305
275 354
171 378
43 56
207 324
61 148
11 155
225 249
172 185
53 292
321 323
52 354
182 306
138 144
47 240
207 295
5 330
93 247
183 364
71 278
119 134
340 384
173 191
273 350
127 345
151 195
207 367
195 391
76 163
79 249
32 272
23 323
104 276
40 198
66 68
10 319
103 340
321 381
59 262
317 388
243 250
298 319
6 173
256 309
156 304
21 211
151 289
38 381
60 169
92 227
21 266
0 328
285 364
52 186
163 331
250 335
256 358
224 237
166 260
199 280
7 233
17 213
168 190
26 285
4 281
229 276
7 95
155 204
150 362
253 389
118 358
101 388
242 255
204 222
185 211
204 313
125 242
19 206
229 236
60 354
100 257
1 352
270 345
224 257
53 311
101 165
244 319
144 304
90 158
184 252
2 120
92 347
100 149
353 355
11 96
114 329
6 398
233 290
99 369
15 304
9 205
138 283
132 213
140 398
132 329
268 313
267 309
93 371
59 337
48 399
91 252
111 317
120 181
289 391
245 382
62 63
95 135
263 284
103 223
116 195
244 289
105 169
3 273
31 207
287 381
82 162
281 334
131 142
17 217
305 390
9 284
25 271
50 110
1 79
213 230
319 360
21 214
64 341
24 169
70 87
218 334
55 91
14 264
248 364
25 197
296 388
250 315
15 188
49 163
171 309
26 395
286 340
12 191
30 54
393 399
116 234
184 329
118 171
308 323
99 167
6 355
195 289
78 215
7 376
289 360
350 397
9 225
36 362
255 321
218 360
215 254
65 392
44 326
56 278
69 250
368 375
214 253
4 298
88 103
77 331
126 249
97 238
133 300
137 188
180 292
242 321
314 359
214 314
95 189
165 206
164 236
191 398
336 354
230 275
218 319
208 261
316 397
245 255
43 286
110 387
174 214
306 325
220 271
231 277
39 387
87 250
116 149
11 144
125 343
102 387
85 280
145 359
118 351
223 237
222 260
6 117
87 181
198 248
66 296
31 202
260 396
161 232
347 378
114 186
44 103
293 302
359 389
0 200
265 284
69 302
49 89
52 230
163 386
111 212
202 295
243 376
267 346
117 174
166 274
287 321
294 341
1 349
28 186
168 384
75 297
186 213
199 299
58 78
120 350
282 332
21 314
366 397
45 247
208 382
195 265
14 107
38 152
3 350
208 343
137 268
96 222
246 280
1 249
46 396
117 203
210 251
162 330
20 163
14 145
131 132
74 298
219 366
136 221
69 288
240 267
158 389
192 394
97 215
169 354
50 229
169 213
43 278
162 362
321 394
40 285
157 296
42 324
129 144
123 387
106 201
183 285
205 216
17 236
153 157
240 361
60 186
91 226
56 209
34 151
172 314
126 349
28 275
161 320
179 212
8 128
197 389
56 71
266 342
72 386
241 273
198 251
19 296
284 303
111 296
325 339
16 198
46 226
288 365
32 345
140 377
35 207
133 378
124 217
200 272
163 375
133 209
12 383
129 227
96 268
1 225
246 361
171 372
164 174
82 307
288 366
126 263
21 258
92 378
10 109
105 213
72 106
154 313
103 121
52 275
261 321
24 161
9 257
155 222
158 359
18 215
270 364
70 335
76 89
42 299
229 370
148 282
163 201
22 95
60 164
92 304
54 209
367 372
91 337
61 127
185 266
220 333
206 371
0 235
204 239
101 157
70 365
204 283
40 270
101 111
35 103
323 394
29 220
66 179
64 138
10 167
50 276
54 196
83 208
11 15
22 376
121 190
83 242
153 206
32 282
62 189
112 219
175 212
5 307
205 237
137 341
102 168
288 315
209 378
36 48
182 339
103 190
301 398
38 308
134 254
284 352
14 158
122 377
130 248
211 314
151 310
39 370
27 246
50 178
22 293
122 328
274 344
113 237
136 163
123 383
152 323
14 37
225 234
116 391
87 264
21 185
189 243
189 297
106 386
77 221
73 322
58 134
241 306
201 346
147 256
281 326
32 160
165 371
159 236
87 315
18 130
286 300
209 286
73 375
85 299
16 328
162 307
256 351
25 185
234 254
205 257
16 251
69 315
106 375
215 238
31 88
180 382
183 198
195 254
91 336
63 376
231 391
138 147
287 394
295 378
56 129
19 388
111 357
222 268
249 379
25 389
158 253
165 247
335 365
191 383
143 363
149 305
100 224
274 396
42 330
170 268
53 342
57 375
279 281
124 213
2 366
59 273
19 247
279 318
114 275
124 230
256 267
79 379
312 362
174 203
150 307
203 214
241 337
322 338
153 247
33 48
211 353
205 224
190 340
136 322
169 186
131 329
108 298
51 181
30 129
132 230
243 297
3 55
36 334
154 222
28 236
54 147
35 202
28 159
47 361
225 303
86 383
18 379
36 330
185 353
351 372
216 224
133 295
117 320
50 387
229 363
202 207
17 124
81 282
247 296
87 269
182 241
208 255
169 275
19 101
183 345
240 256
16 364
18 134
146 391
295 367
314 389
58 128
53 377
82 85
276 370
82 330
189 365
98 364
284 349
273 337
65 81
62 376
178 236
43 133
252 329
141 193
103 113
49 331
192 348
347 372
54 304
68 179
81 127
121 286
225 305
240 338
285 395
216 318
33 326
189 233
90 172
104 387
173 370
107 389
167 360
41 75
116 244
43 367
20 368
59 339
186 230
182 366
219 250
298 399
12 398
120 366
385 389
35 42
214 266
94 273
267 361
216 303
188 227
307 362
142 354
191 258
64 204
121 237
55 252
66 357
229 387
74 80
271 333
55 182
136 201
55 337
125 292
28 60
12 123
10 99
88 300
177 299
262 306
130 395
198 270
105 124
213 275
99 244
212 296
9 349
146 151
169 230
5 85
122 301
293 376
64 188
288 397
31 82
104 139
90 107
39 50
86 122
9 126
171 351
122 251
240 358
71 92
12 140
40 248
49 368
245 282
218 393
33 362
16 183
3 337
100 216
110 276
52 217
151 391
316 350
305 349
282 394
269 335
63 189
265 390
4 399
289 310
144 227
264 269
72 76
225 254
47 346
292 343
88 295
66 388
260 274
110 229
96 313
49 375
129 344
110 191
7 293
351 358
123 370
38 348
111 380
124 384
137 294
59 141
330 362
211 220
3 182
48 187
373 379
109 360
160 382
29 342
273 325
271 343
219 288
198 210
0 32
108 399
64 283
109 244
63 302
116 289
211 214
73 338
132 217
190 223
96 274
161 181
212 317
154 155
50 370
30 227
133 207
6 258
121 340
151 265
133 367
183 235
96 260
171 358
185 292
8 119
2 51
73 163
93 231
19 111
44 318
352 390
84 233
117 258
194 339
57 73
33 187
334 393
257 310
40 364
150 312
295 324
225 265
279 326
152 381
22 135
212 380
132 169
41 350
105 132
180 261
64 137
265 305
40 395
226 252
127 183
139 318
108 319
25 220
29 314
59 241
297 365
72 73
27 85
12 50
37 62
58 277
54 367
106 356
11 30
48 281
110 363
11 344
61 98
4 48
331 368
208 311
169 217
20 331
187 393
74 319
249 349
122 140
233 297
88 190
182 337
5 312
218 298
183 270
153 212
159 164
222 313
21 353
153 317
49 386
54 378
113 223
45 206
303 352
62 302
243 290
77 368
334 399
322 356
77 338
125 180
105 186
317 371
1 390
39 178
239 341
31 177
75 112
152 192
275 336
321 382
38 192
33 281
106 291
146 234
158 314
160 321
56 114
250 288
46 144
37 63
185 220
261 382
27 47
283 294
96 166
192 287
59 325
174 355
30 71
136 240
8 78
315 365
214 258
219 243
255 327
245 332
215 390
83 382
108 279
87 145
9 216
181 288
67 153
357 388
52 56
187 399
59 193
125 255
155 268
139 237
137 155
348 381
42 177
220 385
9 100
16 373
108 393
266 333
140 173
136 356
203 355
178 276
41 306
34 319
186 354
247 317
219 297
10 34
76 386
309 351
88 177
193 194
155 188
327 348
147 304
127 285
302 315
185 333
173 301
314 385
41 241
220 359
34 167
61 81
11 227
346 361
204 268
1 18
181 316
137 170
16 248
22 84
200 382
48 393
101 317
124 132
210 328
39 102
113 286
69 335
257 305
12 370
163 221
58 238
145 253
94 325
52 213
74 369
25 333
90 197
220 253
149 310
102 143
60 159
217 230
10 244
70 219
14 335
20 76
92 133
154 268
195 225
296 317
272 328
31 324
64 268
4 334
18 373
142 186
132 186
318 326
45 128
4 218
249 390
120 397
221 240
149 151
177 202
28 169
96 396
110 178
0 272
41 374
12 387
101 212
299 330
264 288
196 351
103 326
247 277
74 218
39 276
55 94
160 261
189 293
29 214
303 305
266 355
30 378
304 344
57 77
154 170
204 341
6 191
238 277
216 237
113 139
80 99
182 350
311 332
298 369
234 391
348 394
99 360
322 346
226 274
317 369
145 389
167 244
70 250
272 332
28 354
82 299
93 277
179 357
135 290
35 300
182 316
173 383
249 263
5 362
126 257
41 325
148 394
0 210
186 336
267 280
383 398
276 383
313 396
36 281
114 184
14 197
88 202
68 357
71 378
43 209
87 335
62 365
112 297
214 385
21 220
65 127
34 360
86 210
53 185
23 148
52 132
34 289
191 203
79 86
27 358
7 135
36 82
173 398
150 162
42 82
44 223
210 235
212 388
52 329
367 378
77 136
263 349
370 387
72 291
15 137
85 199
142 336
23 392
234 305
198 328
95 293
205 303
28 230
177 324
241 339
379 390
131 275
160 394
295 300
137 204
38 321
108 218
201 322
257 303
164 320
242 381
83 343
29 266
10 360
370 383
192 308
154 260
52 114
102 276
270 285
220 353
144 396
49 228
12 39
240 322
250 297
3 316
153 296
287 348
35 190
9 352
102 104
137 138
20 228
190 300
311 342
31 330
122 272
140 383
113 190
1 97
16 235
61 183
241 325
111 179
200 327
47 358
207 309
171 347
51 60
25 253
111 388
38 287
272 342
114 131
58 119
346 358
246 299
277 371
62 293
50 123
18 79
94 241
89 163
333 389
55 226
89 291
80 369
167 298
128 277
253 385
172 271
245 321
40 65
29 355
46 129
160 282
325 337
129 184
70 302
337 339
146 225
115 199
305 352
100 318
130 285
319 369
358 361
239 283
16 345
57 136
2 316
342 377
185 314
71 156
251 328
83 292
254 265
189 315
2 161
57 201
160 332
75 374
19 93
357 380
24 51
67 175
112 135
32 245
300 340
116 151
50 102
59 350
80 319
68 111
100 310
284 390
67 157
268 294
78 238
98 285
34 109
78 134
168 286
12 229
107 197
248 373
162 312
7 189
57 163
149 234
19 153
178 229
32 332
227 344
239 294
110 123
182 273
174 320
34 244
45 165
109 319
66 369
190 286
172 220
43 384
52 184
66 317
120 243
153 179
55 142
14 302
24 159
241 350
2 232
11 156
112 374
94 339
83 261
303 349
134 238
35 177
88 286
112 243
223 318
179 369
157 212
213 354
72 89
260 313
233 293
52 131
131 252
337 350
33 162
198 373
21 29
283 341
17 105
76 106
130 270
242 343
139 216
257 284
92 372
258 377
220 389
146 195
288 335
120 316
235 248
41 182
331 375
106 163
68 369
172 333
259 290
166 222
249 284
252 336
37 302
66 111
217 275
141 262
36 307
15 64
203 258
219 397
52 124
113 121
170 222
129 304
235 328
101 153
36 312
71 196
251 373
170 341
1 284
3 91
99 109
97 373
327 382
247 371
13 371
77 228
46 344
139 224
115 267
194 260
56 329
40 183
30 156
80 109
95 233
248 270
143 387
120 250
98 183
84 376
93 206
144 156
36 150
91 339
180 242
59 306
23 81
307 312
159 320
178 203
91 142
73 291
47 351
71 227
66 380
121 168
59 94
19 371
114 213
349 390
248 328
74 399
40 235
180 208
75 290
250 365
185 271
163 291
265 391
132 384
11 304
86 301
4 187
152 287
83 327
292 311
75 306
110 173
44 237
73 356
9 310
13 206
29 377
24 232
27 361
110 398
253 333
19 165
190 326
52 105
278 367
221 338
14 69
251 301
253 314
24 28
228 331
216 310
280 361
228 368
153 165
3 339
9 303
68 388
344 396
261 343
30 92
196 304
64 239
291 386
98 127
176 393
26 98
171 196
113 340
47 256
4 393
57 228
211 355
179 296
235 251
263 383
146 254
52 169
97 254
263 379
127 270
159 232
24 186
47 171
3 397
372 378
332 382
126 284
40 345
255 348
211 266
105 217
117 355
101 179
170 239
6 229
164 178
314 333
91 94
298 360
49 57
41 337
124 275
321 348
12 173
192 323
195 305
365 376
114 278
364 395
15 147
167 319
15 227
118 309
152 321
245 261
53 266
8 93
83 125
149 289
295 372
106 338
94 193
171 256
212 357
201 356
249 352
83 321
108 167
227 304
49 76
112 259
47 280
50 143
370 398
140 301
146 390
138 196
180 255
156 396
48 176
39 236
69 70
208 327
264 315
109 369
71 209
201 338
15 283
15 144
44 139
263 352
207 347
11 147
120 219
322 358
29 353
208 292
40 127
209 347
132 275
255 287
198 235
8 238
137 283
248 285
141 194
183 395
82 177
84 293
160 200
350 366
81 148
83 255
147 196
98 395
234 289
103 300
73 106
309 358
196 227
327 332
104 237
2 288
71 129
13 101
70 288
11 188
221 375
112 290
96 155
168 340
157 175
94 141
42 202
107 158
131 186
67 111
223 279
19 317
73 201
52 336
13 157
33 334
363 387
136 375
65 285
5 299
140 191
155 313
29 211
250 376
207 372
110 370
17 384
23 394
220 266
70 189
270 395
255 261
179 388
34 99
17 230
159 230
38 394
29 271
27 267
287 308
19 45
295 347
269 288
135 233
108 360
231 244
120 288
247 388
143 168
105 275
275 329
47 309
22 233
17 363
2 269
69 264
1 379
93 128
87 288
115 246
100 139
216 257
338 346
209 372
183 248
30 144
273 306
255 381
50 363
96 154
101 296
68 296
51 320
4 108
144 188
220 314
104 143
45 277
125 208
105 230
211 258
82 150
9 305
92 196
69 87
277 391
143 276
213 217
264 335
133 372
25 107
266 377
18 364
25 314
259 306
36 162
181 397
136 368
69 269
302 376
6 178
25 90
97 390
119 277
204 294
178 363
82 362
307 330
118 196
61 392
65 98
136 346
17 143
155 396
214 353
209 278
12 110
131 336
196 372
31 42
7 22
200 282
296 357
116 146
78 119
10 231
56 131
209 367
102 363
176 187
316 366
16 270
316 337
51 161
40 98
206 247
34 231
118 256
57 331
167 289
63 293
132 354
261 327
273 339
6 164
51 232
238 391
74 109
25 172
250 302
109 218
201 221
328 345
117 159
147 188
156 344
92 147
129 156
113 168
114 132
2 397
258 355
39 110
224 318
75 259
145 264
8 277
31 35
114 252
48 334
194 274
98 130
121 300
131 184
59 182
54 71
16 130
242 261
139 223
11 138
77 375
47 267
64 155
0 122
125 382
170 294
67 101
130 373
57 221
193 262
321 327
221 267
35 88
195 231
241 374
88 223
221 368
323 381
104 123
146 305
47 118
16 18
80 388
78 128
248 251
123 276
231 234
46 274
201 240
41 59
8 134
225 390
51 174
66 153
315 335
104 113
203 353
77 201
325 350
276 363
15 155
39 363
189 250
119 128
202 300
146 265
187 334
112 233
60 232
99 231
37 335
76 375
190 202
294 356
219 365
13 165
79 251
189 376
178 387
47 115
200 245
133 347
311 377
32 200
0 198
267 322
70 315
57 338
145 314
13 45
41 259
290 297
142 252
126 216
83 180
200 332
5 162
46 227
171 207
199 246
81 392
141 339
151 234
232 320
158 197
79 373
61 345
179 247
134 215
160 327
28 213
163 368
166 313
56 184
176 399
33 36
119 238
306 374
145 269
254 390
60 161
293 365
180 343
117 164
15 138
148 392
349 352
12 276
236 363
113 224
70 264
37 69
195 234
34 116
27 115
257 349
46 156
24 60
127 392
104 205
80 317
152 394
89 386
298 393
84 95
54 92
27 346
73 136
181 269
253 359
156 227
198 345
189 219
153 388
130 183
18 97
115 280
152 308
101 175
126 303
9 149
125 261
118 147
7 62
21 355
85 115
302 335
196 378
30 344
41 273
258 353
111 157
109 298
27 221
338 356
272 311
10 289
187 218
170 204
166 396
177 330
122 210
106 136
57 106
282 392
150 330
44 279
141 241
3 241
67 212
30 304
138 188
5 36
292 342
218 399
86 140
254 391
364 373
5 82
153 175
245 327
248 345
115 299
160 245
188 304
145 385
18
141
108
174
80
10
180
61
142
105
134
140
45
117
88
51
14
87
115
141
33
224
44
72
62
194
55
107
19
77
29
104
137
101
79
81
55
124
117
86
154
99
85
104
92
174
66
65
86
69
198
65
43
83
82
46
142
45
90
36
63
122
54
171
111
133
84
103
112
194
147
29
17
127
80
64
99
84
175
117
98
72
145
129
75
162
71
195
141
127
71
180
168
142
39
75
113
178
58
61
74
172
79
144
206
151
24
102
36
71
23
122
59
167
220
172
54
94
42
78
127
94
87
173
126
68
224
126
170
87
75
170
85
55
142
102
84
162
155
198
172
108
137
91
91
93
60
46
79
52
43
123
83
129
211
58
199
70
132
102
71
41
113
122
135
82
101
102
48
110
138
118
209
38
95
121
167
144
202
107
79
153
229
189
114
36
150
105
134
55
90
18
18
200
165
153
46
121
120
36
149
123
75
78
17
196
85
128
192
71
88
100
37
122
72
38
161
94
103
124
55
136
58
107
61
163
97
146
142
201
108
95
109
46
166
61
107
165
167
26
173
9
60
138
151
84
89
169
30
49
124
42
173
93
120
92
51
66
70
159
134
19
69
142
65
79
123
81
199
125
117
72
154
169
54
111
130
110
60
77
46
102
56
59
116
80
112
43
114
58
260
22
106
15
55
48
36
81
84
51
26
109
95
61
104
40
109
86
196
111
171
123
110
54
115
160
87
130
66
47
87
57
142
79
56
161
140
195
103
119
109
189
61
207
97
62
141
22
74
46
135
73
51
196
187
79
204
48
107
118
46
188
34
44
58
94
151
86
43
137
79
134
89
112
106
70
67
53
102
141
93
186
107
208
103
125
82
141
196
64
134
84
80
16
41
99
40
173
75
108
147
66
255
63
190
108
91
16
64
77
79
185
56
110
72
53
87
97
19
104
99
31
84
150
90
119
101
176
98
146
42
83
215
48
86
57
43
43
22
146
65
99
85
111
123
84
97
33
177
110
58
186
113
127
88
87
25
78
126
119
43
117
67
142
111
22
153
98
72
18
90
91
101
107
198
108
83
74
32
115
33
54
84
54
104
105
74
125
68
94
67
61
96
78
151
63
141
76
204
31
137
201
55
113
183
126
42
37
88
158
107
159
64
52
96
149
74
92
151
98
77
80
133
135
125
52
128
129
72
107
160
66
114
79
137
114
30
28
50
59
147
123
84
85
138
225
179
128
26
93
57
153
63
128
143
175
29
164
99
94
52
107
238
80
141
71
173
91
60
180
56
130
135
51
115
89
127
144
150
54
71
91
100
254
23
121
156
63
61
92
127
161
47
104
131
81
39
199
161
150
96
148
36
128
89
54
136
73
86
119
182
64
107
85
161
166
77
35
102
169
73
131
43
68
75
101
186
80
200
157
48
81
96
83
107
169
42
68
143
100
171
52
16
127
61
86
121
30
120
110
55
80
129
69
96
145
26
45
97
59
52
23
137
163
49
89
70
43
166
18
100
147
27
60
41
179
185
86
142
94
83
86
66
39
77
64
112
77
178
160
61
57
122
47
86
132
103
121
224
68
133
85
126
75
182
42
16
56
126
93
131
142
90
50
134
163
53
175
60
136
36
148
162
124
62
58
52
78
150
255
192
235
68
127
216
30
189
175
46
98
79
113
200
76
104
101
27
68
128
76
138
47
79
72
114
65
195
98
193
71
76
73
122
56
160
44
84
118
51
64
23
128
87
115
94
76
36
27
16
36
139
172
54
245
38
31
98
83
120
182
83
34
61
69
27
122
72
94
125
178
79
188
69
97
159
56
50
34
102
108
97
90
196
77
114
60
20
116
39
54
224
181
61
73
136
51
79
115
57
42
70
110
49
136
24
106
81
54
100
109
101
132
65
41
101
124
98
88
15
98
174
57
125
149
41
146
56
27
37
88
31
75
176
81
74
111
46
84
72
51
47
141
41
81
95
171
197
42
83
62
77
180
73
79
100
173
114
151
227
43
191
124
40
156
65
49
141
74
124
37
111
44
86
43
48
75
77
104
64
223
57
150
8
191
103
175
90
147
256
72
63
116
107
189
138
93
121
66
145
109
32
69
92
122
86
183
78
67
181
53
20
66
70
33
39
60
255
70
158
24
50
137
190
23
113
93
54
74
147
191
67
29
52
39
66
95
61
152
118
77
66
27
98
134
83
124
108
170
93
31
64
47
74
112
35
144
31
66
81
104
85
52
113
87
197
72
226
174
139
46
138
129
78
100
148
129
63
39
82
82
38
193
85
54
162
87
60
97
66
94
58
112
37
65
108
30
77
48
117
46
128
171
137
78
166
125
131
45
96
98
63
150
78
135
126
87
229
69
19
66
183
99
165
32
17
189
169
22
101
40
177
130
109
132
77
161
42
66
143
35
27
126
81
31
173
187
86
185
93
110
41
106
85
168
46
92
108
62
54
78
89
92
65
93
32
56
62
57
125
55
67
178
59
106
112
71
95
180
87
54
76
220
48
103
89
84
124
107
21
140
116
104
111
82
175
192
45
129
144
64
110
74
51
64
99
67
64
61
105
52
114
51
69
156
75
119
62
99
79
102
51
233
54
36
91
90
196
135
119
76
163
109
35
125
24
115
256
81
202
143
75
118
185
104
55
31
65
111
70
146
178
140
27
125
86
47
60
95
64
48
41
51
140
51
73
80
61
198
107
46
94
84
77
140
49
172
70
143
130
104
146
80
44
19
140
78
59
19
170
71
21
183
74
122
33
168
131
40
158
45
215
51
42
81
169
111
90
112
25
80
27
214
136
159
124
110
75
223
19
19
107
28
111
142
88
179
19
59
150
45
23
93
199
162
113
74
157
146
128
84
156
135
31
197
76
35
68
57
63
131
104
184
58
112
64
89
80
113
118
85
160
96
45
90
171
46
147
82
106
154
83
169
69
217
67
80
100
108
114
30
136
62
166
163
129
21
172
126
118
90
68
105
135
114
125
8
140
106
126
176
21
51
171
144
52
59
69
23
91
81
52
47
34
26
23
40
21
109
153
134
144
71
97
96
41
139
101
70
68
188
82
134
34
35
99
112
41
177
176
117
180
78
69
111
54
153
81
72
86
80
176
50
12
72
159
117
82
112
68
76
128
160
49
181
100
98
49
100
50
128
61
138
125
61
119
54
91
49
163
109
144
63
110
77
37
201
105
75
25
127
143
132
164
59
158
75
89
49
39
213
86
22
73
183
72
70
30
53
66
96
51
138
150
103
263
150
73
159
138
128
144
141
102
164
195
103
80
166
119
90
53
66
42
87
208
118
189
178
84
110
57
132
187
89
127
27
61
130
7
102
91
174
95
169
93
178
58
197
75
65
112
109
45
124
68
55
42
172
182
55
114
17
161
39
84
145
202
34
93
125
67
88
138
160
53
67
132
128
163
89
79
41
130
58
15
134
127
35
112
114
87
78
91
130
153
211
29
90
83
98
103
138
23
137
84
96
82
178
97
142
168
97
188
100
91
96
57
105
80
63
79
90
91
183
55
94
117
109
143
39
52
61
112
133
43
84
58
101
162
63
60
77
143
174
93
192
59
64
82
112
58
112
101
73
102
168
43
109
7
176
62
131
65
66
153
121
152
133
84
38
129
68
215
13
74
66
116
21
84
166
187
106
119
41
122
98
89
124
191
28
111
110
129
143
164
85
167
95
45
78
53
54
50
195
89
115
54
134
184
165
61
60
71
69
180
28
69
63
159
66
93
85
142
68
77
111
107
121
181
126
48
15
52
41
190
95
194
81
97
59
52
129
103
47
101
130
101
174
77
56
85
81
168
161
152
42
175
68
141
136
66
67
130
82
52
44
76
58
79
39
102
133
74
62
35
101
110
61
38
104
127
57
31
61
181
202
89
121
67
112
113
75
73
101
40
124
140
145
173
131
144
146
150
117
111
121
170
106
89
93
128
62
152
17
62
62
48
53
55
81
118
68
92
69
90
130
69
81
84
55
142
103
16
40
86
98
40
93
181
64
70
42
75
123
58
184
149
25
187
158
116
138
175
58
34
58
100
105
113
81
61
53
196
14
72
87
51
171
38
149
81
183
76
127
73
39
60
187
92
46
53
73
174
110
58
124
81
50
143
81
150
83
92
119
126
53
94
121
141
152
152
142
218
130
94
170
69
133
121
267
62
116
168
48
129
136
62
76
88
136
64
137
65
91
29
33
184
63
63
99
60
160
143
124
35
142
24
128
110
96
36
177
89
97
67
17
74
235
112
176
119
138
90
45
78
165
165
153
113
46
137
66
112
99
115
96
120
23
73
103
57
152
131
129
85
117
56
126
176
198
78
31
33
34
51
34
62
86
175
150
117
31
115
32
94
66
41
92
192
60
189
39
195
63
8
86
79
110
66
87
37
105
56
133
116
24
123
133
48
145
96
81
110
48
118
59
72
172
93
92
88
145
141
69
169
128
126
33
44
178
90
94
77
121
185
131
92
121
95
98
58
181
173
102
153
72
153
146
113
46
81
81
42
72
60
