541 512
536 140
392 577
192 61
363 502
168 123
98 573
36 274
370 787
641 23
773 378
253 564
412 326
94 171
687 162
780 328
345 606
403 748
37 252
346 557
135 121
115 654
235 738
111 400
510 658
259 233
85 160
352 46
46 254
6 399
379 356
752 456
604 582
609 149
607 352
355 499
769 634
767 284
570 693
196 557
412 419
745 488
671 359
516 336
682 397
736 222
484 508
458 484
683 18
207 563
84 671
523 723
631 294
605 214
2 280
200 605
68 656
537 73
602 526
472 507
607 156
257 738
608 17
254 26
115 309
339 374
454 41
159 98
760 775
275 177
566 465
390 310
391 364
91 110
69 639
699 128
580 556
8 75
715 381
84 165
511 249
379 323
718 735
354 695
459 338
795 104
538 569
120 590
731 201
519 654
169 104
661 618
319 710
346 478
112 409
277 595
29 569
43 637
735 397
347 767
300 217
431 356
152 694
117 480
706 665
651 29
1 740
586 337
197 87
451 653
679 477
716 202
32 628
114 151
594 100
539 410
521 80
118 350
587 686
177 138
791 429
321 13
55 633
55 117
231 366
690 10
612 135
221 372
194 136
329 354
273 402
347 228
633 774
573 643
753 213
290 680
371 319
256 780
385 167
392 165
24 35
673 766
342 232
711 713
538 654
432 49
701 254
530 758
302 188
480 659
85 796
61 780
771 532
654 377
38 784
375 626
113 494
655 65
13 381
223 629
628 345
659 20
120 373
662 153
737 38
551 322
4 103
593 421
713 677
481 133
172 249
640 797
452 15
677 149
423 471
81 6
382 447
55 169
367 704
550 723
782 771
793 279
408 59
239 490
231 207
223 334
272 730
690 734
115 334
501 742
370 490
730 85
372 500
171 159
285 281
280 490
662 188
683 792
632 79
130 275
37 306
618 250
365 140
156 509
662 314
23 748
636 116
168 362
693 472
756 224
740 13
329 52
598 736
91 388
694 575
408 640
245 239
408 274
727 136
368 286
392 465
657 364
397 617
249 10
538 434
49 609
462 755
778 286
278 784
83 445
263 419
631 738
10 435
643 689
513 109
562 81
691 64
28 205
748 277
791 682
797 115
325 475
194 703
606 54
737 335
588 574
632 222
317 108
647 65
187 173
727 239
659 466
19 728
523 565
775 4
252 267
190 591
364 92
548 115
518 131
90 623
548 293
616 122
108 238
20 596
497 531
474 727
759 143
325 617
347 352
33 745
123 408
25 219
239 44
484 694
649 391
147 639
77 435
228 14
739 576
434 563
229 767
255 712
632 454
80 549
162 386
683 514
57 340
293 399
786 42
85 554
48 558
562 615
287 223
35 428
499 786
510 666
254 72
274 241
774 405
794 449
532 257
788 424
512 488
654 728
652 316
183 447
164 727
684 380
538 268
765 332
209 448
276 341
309 254
259 343
209 266
138 69
318 437
657 161
203 182
78 389
288 286
179 733
700 303
308 102
417 78
181 106
573 90
211 735
542 746
285 514
294 22
257 152
425 212
221 796
445 798
786 327
739 459
139 405
278 255
371 468
155 459
120 52
761 637
204 438
70 39
405 546
184 670
738 65
99 501
379 379
170 321
466 309
516 185
432 441
73 571
548 506
595 279
240 6
300 198
153 30
537 85
464 495
797 89
525 286
690 241
195 698
648 698
365 635
796 367
403 447
158 733
392 516
91 26
152 447
118 385
512 555
381 575
51 13
635 649
431 661
18 739
244 763
616 62
663 695
110 87
795 286
552 229
477 432
452 174
579 311
481 563
297 526
610 230
585 792
381 545
752 310
29 164
53 698
381 707
64 188
25 255
265 376
69 293
10 78
201 246
72 136
177 397
153 275
243 248
78 275
267 363
232 294
205 270
271 375
341 374
113 177
26 73
297 331
31 299
187 231
52 201
71 352
191 210
127 314
117 375
186 228
201 387
194 339
6 291
54 200
223 331
47 174
387 393
120 300
203 374
39 256
162 338
60 114
147 179
213 271
70 303
60 126
173 318
149 215
281 328
3 90
175 345
9 62
28 263
44 153
52 390
12 352
200 287
130 314
34 275
234 259
183 344
126 206
88 365
126 318
62 161
219 313
50 112
11 95
281 382
16 215
225 290
121 358
60 206
82 187
107 261
161 236
124 127
116 259
126 262
24 274
271 277
362 391
194 255
13 20
63 108
132 141
94 229
124 314
6 96
105 198
151 381
289 348
90 249
298 321
43 309
137 334
140 378
128 332
134 146
96 112
271 320
188 213
28 200
22 281
114 258
95 268
336 386
10 244
71 217
67 119
102 366
306 311
196 246
234 235
340 370
150 151
48 210
76 245
48 105
253 265
235 327
67 108
298 339
190 241
191 267
246 365
223 297
41 120
63 358
2 268
149 296
186 281
125 236
25 359
114 116
59 280
23 229
293 339
128 326
80 387
368 377
117 351
40 388
50 56
33 206
191 363
96 97
122 225
35 340
244 336
5 20
15 386
215 377
67 90
144 296
52 160
104 143
171 304
244 323
23 375
42 153
75 267
53 196
49 159
78 120
212 233
306 338
129 136
2 372
281 282
117 188
27 121
229 277
71 84
87 355
64 263
366 371
45 209
208 283
225 284
107 305
45 111
110 251
81 101
12 101
303 388
100 293
39 55
299 337
25 184
74 97
106 270
21 74
171 394
10 336
259 389
50 260
316 345
122 260
247 297
178 215
206 383
143 239
183 311
143 343
298 359
85 240
114 235
238 386
43 261
81 217
195 330
112 260
93 241
230 288
174 220
177 272
89 109
41 286
262 383
138 389
268 368
5 249
11 392
66 182
22 382
134 250
159 366
81 136
111 173
171 197
83 155
147 394
20 67
174 340
47 388
207 351
20 385
52 107
208 286
65 81
175 378
116 327
167 275
13 263
78 153
224 356
16 95
17 226
78 310
138 333
301 309
22 135
14 206
316 385
159 256
306 374
194 312
78 244
21 50
147 266
255 293
132 231
322 371
137 282
357 393
39 49
31 208
376 391
298 313
201 357
169 259
1 259
209 386
158 287
373 378
4 19
13 123
241 392
15 238
226 266
111 218
307 371
75 206
48 125
14 196
45 146
54 287
309 387
86 292
117 271
91 279
22 242
186 382
34 305
37 244
20 193
30 219
113 123
46 59
140 373
10 369
208 251
163 218
126 173
264 355
290 355
3 358
110 283
58 283
215 380
46 47
103 374
171 212
238 244
153 204
50 381
77 378
42 204
52 246
9 236
176 241
123 385
87 276
139 333
44 208
137 281
364 387
170 315
272 397
43 390
184 293
138 139
68 180
183 330
166 177
171 231
98 308
32 86
45 134
256 276
377 395
15 244
11 39
329 394
24 38
157 198
158 213
52 221
27 257
3 278
149 274
92 135
328 371
258 361
57 327
150 270
25 293
12 30
232 277
268 377
216 319
266 295
4 35
303 356
304 384
13 177
5 385
313 321
77 140
240 289
140 175
174 388
22 328
147 189
91 214
16 368
135 268
20 79
65 269
281 322
124 230
202 324
212 304
132 304
7 237
222 268
157 161
165 261
260 355
139 389
98 208
47 265
208 337
79 113
242 366
102 242
127 311
213 277
218 267
357 387
20 128
20 119
266 329
16 222
226 335
162 375
261 390
172 182
188 351
56 264
43 84
47 354
141 171
213 320
40 340
70 167
225 355
175 373
35 241
26 79
170 216
49 95
31 120
38 51
37 209
95 392
27 247
7 200
111 209
144 179
26 237
53 60
131 148
187 384
323 365
12 81
17 335
41 302
227 250
65 312
34 160
142 333
44 251
246 318
206 318
42 160
103 229
68 82
354 388
148 298
61 186
20 108
38 89
101 352
2 346
22 334
254 348
13 237
183 392
92 282
22 61
48 348
28 177
61 242
142 148
118 379
74 398
63 278
85 348
170 199
194 314
12 269
12 217
131 219
73 345
196 318
125 254
165 309
114 206
97 260
4 176
57 258
154 398
334 382
160 308
0 303
97 398
285 306
59 376
20 26
15 37
233 304
23 271
315 351
170 351
299 302
141 304
94 285
174 362
138 142
85 218
348 363
118 231
136 350
31 110
191 348
216 339
255 298
56 122
4 372
68 143
137 328
242 307
85 363
245 292
132 394
60 163
89 144
232 320
16 155
141 384
47 59
89 292
279 343
45 238
10 120
203 341
165 301
209 250
181 227
32 292
93 220
5 326
74 260
124 130
275 308
42 221
91 379
134 209
15 369
297 324
317 340
189 335
173 196
112 355
346 377
214 279
104 379
44 308
81 269
19 155
129 288
314 321
40 220
22 228
107 390
143 180
106 205
120 369
212 329
125 161
25 321
238 396
51 147
164 191
319 332
7 287
136 217
301 387
123 140
302 369
98 302
237 272
261 364
234 327
131 139
238 336
93 340
47 370
316 360
67 316
58 76
0 46
34 107
257 324
100 216
104 233
168 187
48 161
254 363
282 382
34 204
190 372
38 296
237 397
96 291
163 262
64 162
338 374
23 162
94 271
82 197
22 137
67 385
127 207
125 164
128 249
30 350
55 159
63 273
164 236
313 339
183 195
33 262
154 205
16 19
92 186
26 113
28 54
238 250
0 253
125 157
273 326
204 308
3 67
19 377
19 35
188 287
168 233
51 296
211 324
253 376
158 200
227 238
43 352
25 194
139 142
193 249
229 320
97 264
10 31
36 214
1 234
120 302
242 328
256 347
17 99
373 385
91 104
26 177
73 79
310 396
33 318
342 360
109 296
157 236
176 192
5 319
23 338
101 350
68 187
63 223
86 253
301 364
51 179
118 133
17 83
119 193
205 381
198 262
24 189
151 205
108 316
192 220
154 252
160 221
149 266
156 277
160 204
191 236
300 337
71 72
185 207
109 149
162 213
4 93
156 374
32 133
93 192
64 207
87 256
77 397
17 399
174 176
38 212
139 257
148 202
177 237
29 232
34 52
110 286
84 101
6 290
48 157
102 322
90 385
67 342
100 142
83 99
126 327
180 187
105 157
192 340
304 367
42 323
50 252
227 310
47 362
246 393
34 165
241 317
9 48
179 295
40 174
52 204
338 375
190 340
211 223
220 372
112 291
63 297
72 350
242 347
151 252
217 219
6 349
98 300
100 339
117 213
202 325
221 275
95 159
11 330
312 321
77 166
48 248
168 239
67 128
89 149
3 297
22 282
66 145
51 329
131 138
51 274
26 263
102 307
124 185
23 374
30 65
246 357
112 122
160 390
288 312
146 238
61 228
41 208
117 162
105 125
42 244
169 361
336 369
181 238
118 179
72 81
71 81
69 324
328 347
284 349
55 87
159 276
233 384
97 122
98 244
288 317
50 154
57 361
82 384
299 300
290 349
51 89
157 243
10 302
302 337
284 355
83 135
118 329
185 255
40 101
103 271
4 395
114 361
129 350
192 370
160 275
243 383
96 284
251 283
37 310
133 292
9 198
191 218
155 222
92 178
316 373
215 222
367 384
122 355
44 283
321 339
280 391
281 334
194 216
3 223
127 185
13 79
128 193
132 171
199 315
115 224
195 230
89 133
166 397
231 233
192 346
238 310
117 338
155 368
181 386
70 283
22 307
14 163
9 105
151 270
37 250
0 356
51 226
330 392
58 86
103 277
258 327
181 209
56 225
262 327
158 294
142 293
194 298
178 399
295 335
191 289
113 119
111 146
82 104
9 243
104 343
117 199
35 220
378 385
19 95
74 87
26 397
127 312
67 113
5 90
80 309
99 178
50 97
7 263
255 313
163 206
97 112
284 291
13 113
198 206
227 244
62 383
182 325
307 347
151 154
15 227
117 207
75 218
149 380
118 384
8 92
261 357
37 181
146 323
18 263
5 119
313 359
204 323
44 78
213 229
176 317
340 354
271 285
82 180
11 49
210 254
188 199
14 318
285 374
104 384
242 322
195 392
155 380
71 219
56 270
291 355
143 367
28 199
79 263
104 239
147 212
113 193
364 390
309 364
50 102
231 394
341 349
106 154
105 164
162 287
265 362
65 72
57 116
381 398
142 219
183 230
92 228
69 359
231 384
33 60
0 86
273 331
213 294
235 383
165 390
306 341
207 271
122 264
78 302
88 111
116 361
61 334
39 203
94 213
328 334
24 109
201 365
82 304
14 218
30 81
100 131
148 359
143 187
65 129
41 110
29 287
35 192
227 396
43 165
6 225
127 344
225 291
224 303
322 366
156 290
69 298
86 356
32 214
57 259
147 226
216 315
75 318
106 252
228 282
70 356
250 365
86 265
130 317
345 385
212 231
142 359
357 364
24 89
85 289
32 76
25 313
184 216
170 263
312 314
88 134
7 28
39 183
176 354
90 326
52 323
156 349
144 274
38 118
9 157
85 191
126 163
342 378
285 375
158 320
346 395
159 347
185 314
228 281
146 209
239 343
189 274
286 337
87 290
180 239
59 174
75 191
36 343
175 360
212 394
278 297
276 366
44 275
212 367
175 316
119 249
11 183
261 309
50 398
240 348
138 202
280 362
54 272
35 395
120 299
184 249
1 361
40 72
72 269
50 122
100 148
66 325
174 190
71 136
11 159
88 146
50 205
25 100
73 113
82 168
179 274
294 320
240 363
245 253
69 184
114 248
295 329
333 389
76 253
13 397
255 339
273 358
94 277
270 398
1 116
179 296
152 279
197 304
1 327
41 300
3 63
51 189
187 233
59 265
96 290
21 56
372 395
69 100
190 220
104 168
32 245
287 320
15 181
221 305
52 357
206 248
248 383
62 157
195 241
222 280
141 367
215 368
244 396
65 317
235 243
0 76
276 347
162 285
225 260
301 357
89 296
323 396
42 44
0 70
105 243
128 319
233 367
46 362
23 94
6 260
145 172
12 71
360 373
35 93
253 356
25 148
306 344
253 391
327 383
47 303
8 99
311 341
49 203
5 128
21 122
94 341
80 353
185 351
34 221
51 149
35 372
45 365
94 103
210 236
29 320
191 240
243 327
88 250
20 316
126 258
116 169
31 98
8 17
8 178
18 272
150 205
51 295
228 382
11 256
73 385
220 370
62 105
121 223
83 368
301 353
50 270
167 283
34 167
346 372
265 280
10 98
90 128
182 202
59 362
187 367
61 92
93 330
157 206
262 318
207 375
59 303
153 221
265 391
46 265
67 193
322 328
168 367
64 287
86 245
228 334
347 366
161 248
4 241
72 101
38 233
217 333
55 276
305 323
31 300
44 160
96 225
93 372
2 222
115 167
88 196
210 348
114 383
266 335
270 381
141 231
367 379
226 274
21 97
322 347
19 392
140 166
80 364
199 263
52 305
164 210
10 300
209 365
160 305
111 134
10 15
73 177
235 361
74 122
201 261
216 255
75 163
20 326
74 225
92 99
234 361
132 212
362 388
259 353
196 393
19 346
35 330
141 187
345 378
9 125
56 74
60 262
127 351
247 257
214 343
356 376
277 320
8 399
22 366
77 345
259 361
20 73
190 370
46 391
99 228
8 335
147 329
129 314
130 312
132 187
80 301
299 369
1 353
1 169
133 245
18 200
38 144
33 173
300 302
114 126
230 317
21 260
23 320
79 397
162 320
6 87
100 359
93 190
134 238
144 292
92 399
83 92
251 286
132 197
59 391
34 390
124 207
76 376
134 365
76 292
87 284
30 40
16 268
61 135
12 84
145 325
241 330
193 326
14 88
23 285
60 196
74 264
123 397
170 184
260 290
179 189
19 395
66 116
178 368
307 322
368 399
230 344
193 319
22 186
255 315
15 396
324 331
316 326
273 297
190 395
154 270
35 190
157 248
57 66
71 101
280 377
205 252
131 333
168 384
0 376
305 357
35 176
261 387
116 258
222 377
147 295
265 356
24 51
198 248
204 221
61 281
292 296
10 299
283 286
141 143
342 373
27 324
261 301
127 130
192 395
184 319
229 232
236 248
131 217
100 298
5 316
94 375
61 137
108 326
88 267
223 273
146 365
48 236
75 173
156 229
207 285
189 266
218 240
52 393
30 71
2 19
322 382
27 331
277 294
81 350
0 59
229 271
274 296
279 286
9 248
209 238
72 129
109 222
126 198
133 144
38 179
119 128
40 354
4 220
354 370
146 250
2 16
109 215
143 304
203 306
155 268
94 374
352 364
249 319
2 368
25 69
344 374
15 310
18 54
198 243
57 235
242 371
153 305
219 269
53 246
280 395
158 232
169 234
46 376
181 336
162 271
118 233
53 393
249 326
79 237
198 383
53 387
43 107
188 207
271 374
116 172
187 197
278 358
264 291
254 289
173 206
223 358
90 316
275 283
67 73
43 115
112 225
54 237
34 153
227 336
328 366
150 154
107 160
66 234
236 348
167 224
119 319
336 396
266 296
103 203
189 226
38 133
51 118
155 377
46 253
179 329
24 149
105 383
357 390
106 151
53 201
79 177
96 264
163 318
162 207
14 111
0 265
145 182
82 143
3 326
7 18
6 284
252 381
164 289
131 359
293 313
86 391
338 341
134 267
123 177
104 214
120 337
3 360
111 365
307 328
175 342
31 152
58 70
116 234
244 310
13 26
9 383
156 203
67 360
46 174
49 256
116 235
83 178
108 128
116 145
7 272
220 241
194 313
260 276
118 144
252 398
27 211
33 126
234 389
122 398
63 121
106 381
255 321
10 310
109 274
210 289
108 119
310 336
148 332
117 287
280 372
23 213
46 356
135 186
277 349
31 302
7 54
165 364
169 389
136 269
129 312
103 156
222 380
44 98
21 347
288 314
98 299
106 150
347 371
9 161
285 351
63 324
2 395
57 172
55 256
165 357
32 58
280 346
20 113
108 297
114 262
46 303
310 386
102 347
98 337
211 331
5 113
48 164
320 375
104 367
327 361
258 259
65 130
65 136
2 215
298 315
51 266
278 360
297 332
12 136
4 340
129 269
24 144
124 288
289 363
229 294
155 215
127 285
90 193
154 381
20 90
203 349
150 381
257 325
11 55
301 390
143 384
238 323
131 142
22 322
4 190
28 272
201 390
233 379
74 112
0 245
3 316
324 332
68 197
85 267
5 193
30 136
73 123
199 351
40 350
135 282
4 346
23 277
121 331
340 372
220 354
105 248
114 327
187 304
185 315
386 396
33 53
90 108
140 345
273 278
76 86
105 236
17 178
29 277
195 317
174 354
56 112
310 369
253 292
207 338
152 214
17 266
110 208
56 398
157 383
45 88
23 117
285 338
186 328
40 370
251 275
91 384
224 388
98 120
99 399
217 352
161 243
121 257
107 165
202 257
341 344
222 368
197 231
38 329
14 75
215 399
345 373
18 237
285 344
145 257
380 399
78 308
141 197
108 273
25 216
194 293
30 129
290 291
156 341
192 241
37 238
144 149
247 324
24 292
91 233
16 377
63 211
265 303
69 148
46 280
81 219
67 326
24 133
3 5
66 172
353 389
248 262
138 257
183 306
61 328
29 294
311 374
33 196
161 383
82 141
132 367
58 245
121 211
353 387
77 123
18 28
241 340
74 355
73 342
39 159
33 163
192 372
182 211
368 380
293 298
13 73
53 357
163 196
111 196
139 202
142 313
162 188
80 352
271 338
72 84
84 352
194 321
152 300
163 173
142 339
168 343
37 45
25 339
64 200
231 304
271 341
282 366
27 202
205 398
164 254
80 261
213 375
31 337
21 102
43 364
113 385
307 366
274 380
16 395
105 161
133 296
29 158
226 295
102 328
174 370
4 192
31 41
360 385
81 84
282 328
36 168
94 320
211 257
339 359
28 237
49 55
102 276
169 353
182 257
137 382
214 286
55 95
96 355
25 298
240 267
151 398
111 250
152 337
0 58
104 187
143 233
61 382
2 377
36 104
76 356
372 377
379 384
137 186
0 224
133 379
88 209
86 376
33 114
34 42
202 247
309 390
102 371
2 155
184 255
123 166
213 287
25 315
65 350
88 218
223 278
26 123
56 260
196 365
269 350
44 221
111 267
136 219
266 274
83 399
87 260
230 311
81 129
70 115
78 98
189 295
106 398
331 358
30 101
41 337
94 294
181 396
107 357
55 347
27 145
42 275
297 358
32 91
181 310
188 375
97 225
14 173
153 160
2 280
124 312
227 386
5 108
119 326
249 332
30 269
173 218
71 269
103 341
57 234
68 141
63 331
27 182
42 305
110 337
176 340
21 276
332 359
96 122
153 308
37 336
235 258
18 177
21 87
64 351
45 250
79 123
115 388
316 342
94 338
64 199
114 198
342 345
37 386
303 376
93 195
12 350
57 114
284 290
189 329
125 210
65 288
244 369
118 367
130 230
184 315
271 306
201 393
103 349
73 316
60 318
94 162
185 312
179 212
221 308
156 284
44 110
3 108
3 273
303 362
225 264
19 268
220 340
172 325
293 359
100 313
184 332
27 325
354 362
109 380
124 285
169 258
91 343
35 392
20 342
98 369
204 305
93 176
50 74
93 317
24 296
131 313
51 144
278 331
89 274
176 190
70 224
234 258
311 344
112 264
56 97
1 258
30 72
213 338
235 259
229 349
222 346
164 348
216 293
169 325
62 243
176 370
202 359
148 313
148 293
252 270
12 219
127 230
131 293
114 243
15 336
6 355
143 168
37 396
247 332
242 282
64 117
211 247
118 212
79 272
117 320
40 176
189 296
42 78
206 262
184 298
111 318
41 279
211 297
186 282
216 298
73 77
69 332
58 356
342 385
130 288
117 285
5 67
37 227
42 308
90 119
137 228
328 382
41 152
50 276
309 357
153 167
36 239
190 192
78 299
176 220
78 221
12 72
61 282
231 367
62 248
36 279
69
49
47
92
95
56
102
43
17
118
121
101
32
16
68
21
181
150
169
73
107
47
141
161
56
89
142
92
79
108
99
48
79
124
37
97
92
66
166
98
84
110
60
41
191
40
95
41
57
165
96
95
63
40
104
145
32
90
73
131
89
57
150
98
81
41
188
175
195
100
55
68
155
31
66
28
120
92
130
70
109
243
44
136
94
180
109
64
80
96
84
151
52
56
157
198
89
82
137
85
66
85
63
122
128
100
98
122
52
99
94
96
51
105
49
101
45
37
110
38
90
135
90
119
83
69
215
38
57
55
63
148
162
79
70
70
54
146
77
86
34
126
180
179
69
96
52
64
108
130
27
60
58
90
121
103
26
67
102
119
78
155
151
83
55
182
108
25
116
25
95
117
177
61
57
72
113
190
42
36
128
98
98
36
142
163
104
35
84
82
88
158
234
131
125
62
177
152
150
241
88
258
51
19
49
58
149
66
45
173
55
74
41
153
84
113
141
122
93
108
144
68
49
94
157
23
93
99
196
138
74
123
74
56
48
136
94
117
85
154
137
136
167
185
172
106
120
126
13
181
95
57
131
64
129
85
96
127
74
48
34
193
91
39
82
81
80
79
74
36
111
167
46
136
192
139
170
59
195
22
113
30
97
63
240
120
135
102
169
112
107
94
153
66
94
156
26
144
36
77
146
101
101
53
110
123
223
46
101
84
184
105
149
231
101
50
185
170
128
169
94
159
204
78
128
85
129
174
111
14
53
85
152
135
58
69
43
163
67
86
159
166
107
45
163
85
81
176
79
60
112
77
73
107
33
90
153
161
80
188
19
94
44
78
200
105
52
131
118
177
71
66
113
48
210
151
25
132
102
72
168
113
102
132
116
57
66
112
164
70
128
92
12
50
174
127
55
88
176
133
123
79
64
27
87
68
123
189
74
113
134
39
74
69
88
58
82
15
182
85
65
122
127
214
144
40
100
179
203
173
154
83
119
91
97
85
70
114
33
168
165
164
101
129
85
161
119
162
44
152
160
123
69
166
85
221
91
154
46
114
250
72
159
118
176
41
116
143
177
126
114
175
117
62
182
76
80
136
152
86
112
83
84
79
120
136
131
138
56
101
32
126
96
63
73
103
78
109
181
124
154
181
206
44
70
46
37
60
174
155
80
42
69
98
154
57
152
84
205
54
127
176
57
69
72
199
84
42
121
78
26
70
65
76
43
59
19
87
96
122
121
110
123
73
95
94
45
125
114
86
151
116
151
52
274
50
170
59
92
137
92
69
107
107
177
80
83
104
62
126
16
37
152
160
147
36
183
92
62
43
106
68
160
157
133
119
25
138
60
130
76
131
75
62
141
115
126
56
16
89
91
107
160
107
53
57
44
65
123
44
91
46
95
113
151
81
85
114
115
90
138
122
62
65
62
170
198
66
92
30
106
85
153
88
90
23
132
110
216
271
70
11
100
212
132
185
140
38
102
68
59
49
114
94
63
75
61
111
125
39
42
61
65
112
78
54
12
96
90
135
119
57
73
87
182
181
103
96
123
125
68
80
89
55
118
152
55
210
109
209
84
69
144
179
183
60
85
111
81
83
42
144
73
130
130
106
140
65
231
57
49
51
169
194
115
17
27
67
89
60
152
133
80
41
41
179
60
107
51
48
87
89
126
214
136
77
85
116
73
87
86
83
74
121
101
122
90
92
38
40
35
169
141
188
95
63
91
81
139
50
102
140
122
152
73
24
96
147
131
112
109
69
106
23
192
207
57
241
166
46
17
119
60
175
20
177
62
69
102
150
90
148
61
178
105
197
191
166
76
66
88
118
122
13
57
85
112
84
131
147
71
101
95
46
31
109
211
35
100
67
112
149
104
18
38
49
129
67
106
99
105
118
115
98
83
18
15
124
113
27
19
72
119
15
176
30
162
68
51
166
68
86
88
100
113
40
108
84
138
155
185
72
98
226
107
279
226
105
74
92
161
44
56
129
81
196
127
77
15
66
75
82
89
128
62
144
23
74
76
86
59
94
170
63
42
71
105
46
152
113
108
82
107
201
122
136
118
51
177
84
74
92
89
118
120
51
97
74
137
189
118
133
184
165
165
28
202
105
187
85
104
138
130
53
51
150
125
168
115
51
106
18
148
154
195
104
66
86
127
83
157
38
49
74
102
79
162
117
113
163
121
43
63
26
75
27
82
162
47
50
90
176
128
70
163
109
94
128
178
169
108
134
97
103
39
89
71
98
158
95
105
89
56
192
15
147
95
134
57
130
24
26
23
136
126
33
81
39
155
31
127
71
147
96
102
122
32
136
92
146
100
123
78
173
55
191
77
116
25
98
74
161
169
98
88
252
102
119
73
68
189
38
124
155
149
60
89
83
60
77
111
39
98
88
30
135
70
213
129
47
82
149
118
42
96
121
103
152
126
98
184
53
55
66
123
103
192
94
139
181
141
109
45
105
76
117
78
32
127
79
39
24
70
153
98
93
91
70
135
109
165
161
124
74
127
85
126
94
85
84
124
19
129
89
70
57
68
18
31
13
83
91
44
90
33
159
137
28
85
131
151
50
144
213
52
73
116
138
143
118
109
61
50
165
135
133
161
77
63
113
106
153
140
142
244
71
153
150
60
181
85
55
94
175
112
146
229
152
202
58
176
51
83
154
34
149
78
210
78
157
66
128
36
47
33
79
58
161
175
117
98
80
69
86
89
94
146
126
95
81
148
82
163
88
108
157
150
100
158
25
84
54
128
81
63
87
108
46
56
81
56
184
186
48
91
61
97
32
28
95
67
132
57
97
146
90
57
154
107
112
160
97
99
60
126
47
62
95
112
221
112
59
167
103
114
53
78
159
132
143
201
23
164
181
134
58
103
80
107
191
83
99
75
60
57
76
74
102
150
79
31
34
42
86
56
172
108
150
152
115
150
75
181
177
72
160
181
61
97
68
76
129
84
132
140
98
74
149
112
116
90
39
114
122
28
108
104
82
72
63
88
197
88
80
103
100
49
15
131
103
152
51
112
118
56
185
145
151
87
113
69
102
86
42
70
45
179
54
171
183
91
187
81
115
61
53
85
127
202
90
63
30
50
60
182
68
21
51
81
99
36
53
87
139
60
52
154
142
125
80
124
112
44
177
80
65
105
130
76
41
98
42
58
63
49
55
61
77
113
145
126
105
126
20
90
125
85
37
121
99
28
76
146
164
68
130
131
84
143
79
96
62
30
136
183
33
83
165
68
75
105
141
17
132
106
140
14
125
155
127
230
56
183
70
78
87
124
73
145
107
120
134
38
130
133
86
104
208
69
181
35
64
64
72
194
61
45
71
12
59
138
121
49
45
69
28
63
15
104
143
92
140
57
97
80
255
118
122
75
67
113
191
125
87
33
35
90
126
180
169
99
48
41
97
250
168
105
84
104
139
119
67
19
161
90
137
24
112
60
106
71
77
38
72
181
123
40
116
154
194
55
96
48
63
45
73
26
117
109
124
82
74
179
124
30
113
262
76
109
32
185
154
56
90
108
48
87
85
60
77
87
64
142
50
174
68
48
98
85
109
174
82
95
181
71
45
53
50
97
122
129
92
118
164
66
82
111
157
130
116
72
79
151
16
102
19
76
181
107
103
88
147
105
161
87
44
106
77
114
86
51
87
81
82
94
93
55
67
60
197
87
94
33
94
46
132
136
140
129
130
56
74
84
109
139
204
97
17
90
67
34
73
36
87
48
214
158
78
108
87
171
177
211
50
128
63
38
144
135
99
209
75
82
130
96
193
88
76
105
41
152
67
102
83
150
36
109
18
124
96
93
176
115
87
177
45
58
83
74
32
155
185
105
154
62
45
133
176
77
73
86
103
109
135
110
12
102
140
149
86
153
29
93
115
63
125
100
55
71
80
51
43
137
23
141
38
14
128
48
89
156
160
76
186
59
167
134
277
63
99
127
77
24
105
145
126
99
154
130
15
184
54
88
160
86
24
45
92
133
117
194
92
91
89
105
112
148
85
158
58
69
153
109
39
114
174
116
196
176
79
147
75
20
176
112
148
92
109
222
97
67
39
127
102
127
157
94
75
81
120
78
163
40
89
25
140
110
81
48
115
159
60
73
66
64
87
127
150
68
60
67
83
125
52
101
99
78
163
204
100
146
197
153
107
64
25
98
60
139
47
133
95
83
89
82
107
101
85
205
94
148
129
109
46
82
86
77
57
111
97
104
88
110
28
98
131
73
52
58
77
111
70
77
181
128
109
9
59
87
126
129
106
52
92
130
51
54
98
94
72
124
133
78
101
210
44
79
54
41
106
41
152
57
68
65
98
90
49
193
196
218
119
129
148
30
86
43
133
14
87
180
86
78
114
101
97
11
75
65
68
34
85
88
71
110
57
86
214
63
37
223
88
85
64
114
159
73
56
8
70
56
75
192
71
52
115
126
207
166
122
141
143
41
84
84
228
86
64
31
221
41
168
60
57
65
73
17
33
67
44
44
115
169
158
180
119
17
148
53
103
83
72
80
141
104
