189 639
234 699
401 36
362 622
301 270
552 625
422 593
513 459
129 314
446 328
360 249
58 322
200 586
706 76
31 673
144 592
275 373
93 29
235 413
442 625
147 604
50 272
17 553
217 757
722 57
557 92
371 490
713 296
440 799
697 716
502 380
31 509
599 310
640 96
761 549
153 751
593 521
391 531
781 156
497 46
319 115
31 68
105 519
18 275
407 97
722 740
563 96
703 186
689 91
797 350
491 489
13 789
334 344
687 788
50 33
792 676
319 213
481 551
451 444
619 244
664 113
624 630
331 291
501 666
574 578
170 796
212 689
368 308
28 82
133 451
397 217
616 730
446 667
541 431
74 503
67 126
625 99
65 189
420 229
261 724
164 663
349 195
503 178
550 705
589 444
633 237
349 319
621 57
183 426
382 72
446 720
293 336
197 225
433 157
683 580
358 542
567 195
79 760
437 277
395 94
462 180
191 32
516 397
497 71
324 117
82 172
478 432
745 326
121 567
478 390
785 136
619 197
296 220
162 6
164 590
760 690
50 466
462 511
361 723
516 53
381 232
449 216
617 93
612 143
656 657
60 463
247 40
746 252
638 290
446 793
535 404
799 175
210 113
643 714
796 195
798 45
719 517
722 691
329 398
659 577
74 43
46 50
750 347
392 298
177 258
722 314
678 192
151 149
413 355
215 764
301 560
243 529
69 380
266 97
11 419
568 50
59 130
107 761
44 260
640 735
70 793
702 779
759 468
667 628
382 605
20 583
558 451
557 752
720 319
480 30
768 330
372 72
327 433
81 594
360 358
400 385
791 79
422 273
396 328
528 658
152 797
487 338
34 105
772 523
782 392
370 394
514 515
139 352
573 133
29 745
699 671
187 242
197 408
282 682
736 127
92 121
486 530
703 750
622 691
606 461
580 643
301 258
58 664
569 464
111 401
785 425
600 252
721 665
128 750
649 472
11 384
626 798
7 737
283 713
310 577
513 359
194 144
673 725
520 62
32 194
98 253
192 779
103 72
354 767
391 126
174 693
327 503
737 619
519 710
71 570
305 174
22 373
220 214
426 371
321 574
377 60
123 122
440 368
562 726
229 656
520 94
338 454
515 259
408 46
497 586
317 570
742 623
325 152
773 538
633 568
14 0
80 376
84 401
622 237
652 480
341 136
91 226
167 157
546 552
521 421
247 134
142 8
312 692
545 754
311 703
628 217
349 415
358 234
254 469
177 476
238 265
596 529
161 335
287 333
638 594
628 654
775 690
358 68
140 437
774 714
333 192
180 370
335 136
480 378
661 24
3 525
427 412
215 123
545 144
295 727
689 120
530 513
291 79
455 487
569 56
583 411
728 405
55 234
330 702
463 573
206 517
778 654
249 609
737 198
2 800
233 351
256 796
521 726
387 462
345 528
172 115
662 665
761 776
675 207
632 669
162 612
355 649
499 695
151 129
416 530
437 628
98 221
735 87
151 550
746 633
344 269
299 358
134 29
454 85
338 243
479 139
493 602
314 632
422 184
530 278
261 236
593 172
540 496
197 516
194 24
695 646
514 242
253 621
209 96
158 296
90 550
195 157
431 436
503 420
700 331
789 760
608 797
291 310
235 232
174 413
346 206
681 74
406 243
236 512
460 169
393 449
647 355
79 521
716 60
162 747
195 341
736 354
110 465
299 438
371 605
296 231
670 111
296 772
369 275
479 422
556 554
42 330
724 626
656 463
626 259
140 260
603 732
127 54
705 604
512 788
473 487
6 470
724 535
706 634
229 748
562 294
639 756
353 456
488 6
252 86
237 396
99 338
751 613
219 180
258 700
57 117
23 364
335 353
82 100
102 283
102 106
5 244
309 319
11 152
101 113
33 60
132 287
141 222
140 195
324 397
196 319
209 378
166 203
81 329
221 364
127 170
109 237
187 354
95 245
16 138
48 363
348 374
11 396
67 373
109 283
104 277
169 328
201 329
85 379
88 269
311 340
61 139
144 270
201 352
124 314
34 248
19 63
44 99
246 397
214 234
136 387
108 315
49 170
112 230
59 111
105 236
221 306
30 374
197 391
8 365
158 297
14 212
258 337
79 306
230 282
72 320
204 354
47 127
135 322
109 215
280 329
92 232
185 360
40 230
144 232
237 283
320 369
29 133
108 323
383 397
253 336
37 308
155 240
198 381
98 177
10 325
124 311
36 337
86 273
118 289
158 256
94 163
48 194
175 360
16 326
231 396
33 290
78 121
38 194
251 252
74 108
40 282
190 217
177 178
314 381
157 180
223 372
77 158
40 292
150 214
26 309
3 369
333 359
119 218
167 238
88 204
189 202
3 316
197 217
178 237
175 233
144 272
307 384
53 312
300 323
210 376
101 394
257 346
230 255
164 320
42 125
241 368
70 355
174 266
220 380
268 269
333 357
1 66
383 388
254 271
60 76
258 271
260 394
142 205
224 235
31 362
121 333
99 235
66 399
191 398
234 309
184 296
264 289
175 237
204 252
62 352
0 66
262 298
235 243
58 117
78 120
121 341
109 374
14 51
4 329
56 267
106 293
387 397
63 179
31 125
254 378
72 317
4 91
164 234
19 320
43 297
62 373
37 309
179 317
323 345
14 173
112 201
5 258
43 219
4 370
0 15
105 256
94 387
16 395
20 315
227 248
56 355
293 347
157 160
213 399
142 366
159 211
206 334
146 313
29 190
216 232
99 171
308 360
94 249
64 200
195 382
52 174
146 290
5 179
142 170
174 185
281 395
116 154
42 116
76 356
11 210
272 365
38 303
389 399
69 204
39 155
88 395
187 252
21 256
34 183
191 270
172 241
12 114
71 381
71 159
102 348
79 389
126 132
227 383
107 142
56 335
71 83
232 398
232 346
195 318
308 392
40 171
287 398
180 221
90 307
249 375
8 220
207 324
15 20
167 381
260 343
129 384
131 303
10 143
163 383
270 335
199 254
329 370
206 379
157 221
112 370
68 141
88 354
26 360
38 322
329 355
146 303
78 100
3 6
262 399
93 100
186 375
152 154
73 106
153 260
74 367
50 337
53 161
224 243
246 388
123 188
196 299
306 389
325 329
84 295
109 259
56 201
163 340
231 251
193 399
157 189
75 219
59 253
125 154
364 389
193 298
272 281
104 235
174 178
77 321
23 180
84 254
161 217
216 236
286 347
13 371
22 386
45 161
264 316
201 335
226 234
152 210
349 361
340 377
149 364
69 88
204 396
160 189
150 358
201 270
148 286
298 332
7 374
226 309
145 349
57 331
263 317
151 300
78 267
264 372
126 394
147 346
32 361
103 393
213 389
124 190
71 263
150 309
76 87
60 87
3 332
89 328
66 225
288 330
82 341
46 123
383 387
105 195
102 109
41 250
97 208
115 324
77 156
41 222
281 354
38 110
10 67
109 181
140 222
207 246
81 247
200 275
17 261
51 97
10 355
276 301
100 357
13 24
219 297
85 265
58 348
43 158
68 182
80 315
65 180
46 288
305 365
216 257
126 292
239 342
75 236
86 143
16 352
14 97
318 343
365 395
27 170
163 275
172 185
4 201
4 270
139 387
228 263
108 345
1 23
100 359
112 329
58 374
171 224
200 314
142 349
151 268
71 211
267 280
261 327
62 91
100 333
84 130
60 123
107 168
155 294
115 137
137 197
247 280
193 239
61 249
82 242
132 318
227 388
298 316
78 359
198 200
36 258
138 185
76 294
343 394
0 302
99 277
71 314
290 356
44 243
95 369
22 362
48 60
28 307
14 189
327 339
310 346
54 222
138 266
12 338
1 193
234 245
55 301
33 76
15 315
108 114
119 328
26 172
190 311
206 390
58 286
17 54
121 177
280 370
147 310
326 395
203 337
59 379
82 359
5 63
132 257
215 283
53 391
76 123
16 91
31 74
120 333
185 266
147 195
54 182
31 165
198 217
259 283
220 297
46 188
17 327
70 120
123 336
113 382
13 356
227 301
292 394
13 284
79 149
5 200
126 153
51 157
46 119
163 377
91 326
170 296
130 215
84 203
284 363
326 352
109 286
60 356
316 332
125 362
102 259
4 56
44 224
29 45
21 376
204 367
37 95
33 87
208 225
268 300
279 350
192 365
81 255
23 399
229 362
275 340
223 298
45 137
111 265
190 207
244 331
231 376
66 149
53 211
154 210
114 300
98 143
343 346
35 149
163 311
34 387
2 235
111 313
271 375
136 254
30 102
70 177
57 291
190 340
290 322
173 202
120 177
46 218
181 237
177 373
137 276
25 155
287 318
256 321
83 200
5 61
89 277
59 390
245 309
58 347
33 284
123 288
141 182
47 194
88 281
52 326
29 161
112 335
132 216
178 233
163 314
165 285
95 164
229 345
172 308
52 62
6 319
217 391
305 395
3 214
140 327
206 253
79 264
71 391
22 31
74 285
302 332
255 280
145 361
0 20
36 209
16 305
188 240
150 302
133 314
56 329
164 332
195 236
214 309
318 346
124 340
109 348
204 251
162 205
42 367
86 373
185 233
81 120
186 291
136 183
71 217
99 328
62 143
164 369
137 340
27 349
325 370
168 361
332 369
132 394
46 294
240 288
34 246
131 194
166 337
152 252
173 345
270 353
45 217
82 288
19 244
31 229
105 156
23 221
311 388
293 319
145 366
325 373
28 384
210 252
324 383
6 299
2 89
257 318
221 389
162 296
68 140
313 379
79 239
131 134
105 147
1 399
173 362
108 229
81 280
23 389
148 233
231 252
260 287
25 103
268 395
2 171
73 374
280 282
92 191
232 353
94 139
178 373
91 305
71 238
137 324
117 293
143 373
152 204
55 350
171 235
153 287
301 397
127 168
34 136
316 369
276 324
146 265
50 106
16 368
10 329
230 280
30 181
214 302
191 344
92 380
1 213
227 246
280 355
64 271
154 252
283 348
193 264
322 371
159 381
144 380
289 372
157 364
94 274
70 359
7 166
175 266
199 203
201 325
142 296
268 368
181 283
24 176
56 81
3 234
201 370
111 253
68 222
190 314
60 371
171 243
5 375
328 330
96 288
59 128
108 173
150 151
120 357
84 337
148 237
91 138
256 380
63 83
48 356
188 336
71 351
80 225
142 168
39 169
246 377
207 397
233 286
22 173
20 323
193 262
27 142
72 228
111 123
97 189
83 238
45 197
305 326
24 284
97 364
153 282
216 260
153 292
207 227
26 37
41 75
262 264
49 184
73 259
96 265
303 313
220 344
238 307
118 264
247 355
19 164
31 345
251 396
40 247
82 330
357 373
66 80
137 207
140 261
13 290
273 352
154 386
97 160
119 169
132 260
54 327
189 212
108 362
291 337
57 385
353 398
312 350
43 256
76 188
51 304
71 133
169 243
10 81
49 142
102 181
159 197
77 297
230 247
120 355
354 395
291 385
138 392
109 233
240 294
232 335
124 207
73 348
105 321
123 265
94 388
248 397
209 271
25 122
36 64
62 273
86 91
12 300
6 164
111 206
89 235
52 138
202 212
245 369
36 271
25 76
273 326
57 244
15 229
10 56
58 293
110 134
130 166
377 388
35 225
284 356
187 272
236 257
154 231
30 283
61 198
33 122
56 112
17 140
129 263
363 371
96 123
68 156
177 357
238 263
215 348
63 317
117 319
192 278
12 15
194 322
244 375
271 337
85 313
64 258
179 244
83 317
136 209
138 368
243 277
21 297
110 176
132 343
9 177
181 215
76 122
260 292
340 383
203 291
11 231
288 336
49 205
133 381
29 159
307 317
183 248
194 371
116 285
216 287
152 396
143 178
8 344
85 253
13 60
233 237
30 106
42 362
11 158
196 385
354 365
1 79
258 375
128 265
49 168
41 156
82 121
7 130
192 269
141 156
56 325
147 216
122 155
22 165
356 363
19 369
176 322
285 386
97 180
126 343
78 333
83 263
12 151
124 198
182 222
158 376
140 382
25 288
21 43
242 390
157 304
105 297
66 239
134 194
64 375
24 322
8 380
213 298
159 391
299 319
27 366
224 255
7 203
266 368
33 356
329 373
35 160
14 165
99 243
82 93
162 183
80 114
23 225
183 397
158 219
279 301
152 376
144 191
63 228
120 325
377 397
95 309
66 364
86 178
161 391
281 305
0 80
48 290
44 235
30 259
39 218
148 185
112 353
159 198
244 299
277 292
372 389
111 379
297 321
106 109
30 215
50 58
10 70
115 207
93 121
183 205
61 163
315 323
98 121
123 371
25 294
159 217
95 214
101 126
118 223
74 229
260 398
349 366
79 298
62 325
44 328
36 249
114 338
127 303
65 364
179 307
278 281
291 375
51 160
15 323
95 319
145 168
153 343
17 141
12 358
36 254
55 115
79 289
214 342
236 310
145 170
160 304
379 390
128 349
117 385
8 251
12 302
234 332
106 385
362 367
24 135
75 141
87 294
124 133
144 344
119 294
34 227
50 186
96 111
38 176
23 65
311 314
9 98
332 342
278 367
198 391
25 87
189 208
249 274
274 275
136 162
85 128
150 234
192 305
40 153
211 351
148 175
259 348
218 294
97 304
165 202
80 239
127 142
162 248
173 229
6 37
121 359
356 371
156 195
30 109
35 389
20 114
209 254
150 226
175 286
101 339
158 321
195 222
128 361
169 240
165 173
141 250
46 76
52 86
306 372
45 115
41 141
122 356
60 122
92 353
106 259
83 307
150 245
287 394
227 377
128 379
32 334
35 364
86 352
191 335
246 324
334 341
187 204
241 308
126 339
184 205
107 296
63 90
218 240
377 383
139 274
224 333
111 146
263 381
142 184
37 319
213 264
33 371
12 323
120 267
186 299
7 337
83 179
57 258
207 388
77 105
181 334
10 373
68 250
147 257
189 304
54 68
218 393
57 196
43 376
216 310
322 363
45 312
10 62
71 198
42 345
132 147
355 370
17 382
0 342
236 382
55 279
113 339
101 343
214 332
110 322
193 289
94 136
197 312
168 170
237 286
293 385
216 318
192 354
35 208
61 274
62 201
256 297
29 217
119 240
9 233
7 293
23 149
19 331
324 340
68 75
87 155
8 396
31 386
130 259
2 328
243 328
67 143
204 278
63 307
219 321
55 137
83 381
296 366
90 228
13 194
214 245
148 174
161 197
241 392
198 275
201 267
0 315
192 395
253 313
252 396
133 217
18 395
99 224
162 184
86 326
6 331
167 384
95 150
252 367
24 48
63 72
75 156
225 364
92 335
51 189
59 96
116 367
133 159
340 388
14 202
11 43
361 366
77 220
207 377
283 374
55 324
42 323
167 228
230 355
36 203
106 283
2 99
115 276
35 157
18 268
271 291
29 207
261 382
26 226
103 330
161 312
193 332
262 332
15 345
47 313
152 187
339 343
70 78
346 398
276 350
66 79
61 311
23 79
4 352
38 134
32 59
265 313
185 286
95 226
193 342
41 140
269 323
8 11
163 388
137 388
24 194
53 217
105 219
91 273
264 298
0 114
13 48
58 360
103 240
242 334
48 322
210 231
26 241
180 208
160 208
216 346
127 145
104 224
238 384
11 297
226 241
246 340
44 277
50 117
207 340
0 239
222 382
75 222
31 116
62 329
115 190
89 104
64 249
73 84
84 209
133 275
12 20
27 107
15 80
79 399
106 347
100 330
7 385
216 343
31 367
63 331
26 319
90 129
224 277
368 392
60 290
226 392
156 236
214 369
114 315
179 200
360 392
187 396
47 290
163 190
321 380
239 399
140 250
120 329
17 113
61 275
83 228
84 166
286 374
92 346
191 232
144 353
187 365
45 350
133 198
140 182
170 184
275 311
186 196
236 318
64 274
42 69
23 35
69 278
27 127
238 381
65 389
246 301
113 222
96 336
263 384
211 381
0 12
281 365
159 314
102 130
72 90
87 122
216 398
260 346
85 206
56 370
111 188
182 195
203 209
151 358
97 212
10 357
102 374
59 206
59 313
28 129
253 379
267 373
115 301
19 72
117 186
17 222
186 293
143 325
330 359
347 374
24 356
110 131
135 176
18 368
116 362
73 295
87 356
104 153
191 353
42 74
353 370
258 291
140 141
47 303
17 41
138 326
138 241
208 364
81 355
52 91
110 194
286 360
88 192
77 195
130 348
15 114
76 290
208 221
127 134
175 185
222 261
95 234
39 294
104 282
132 346
168 349
267 325
27 168
4 62
47 110
122 294
176 363
116 386
9 283
6 320
74 345
56 280
290 371
21 220
192 281
119 393
52 352
7 50
35 180
257 287
239 315
18 192
275 314
57 186
130 374
31 42
46 155
199 295
53 197
11 21
79 262
35 221
13 322
149 306
139 383
228 238
310 343
72 331
244 258
98 357
101 382
289 399
376 396
106 286
24 363
130 295
85 336
96 206
207 279
121 357
187 344
104 247
23 306
8 272
35 97
70 267
113 261
65 208
49 107
65 149
4 112
75 77
115 279
186 258
244 320
11 376
85 146
109 130
172 360
188 288
69 269
32 379
133 311
26 95
206 265
30 130
344 365
93 333
74 386
44 93
239 302
125 386
166 259
32 128
58 109
163 274
20 108
13 363
142 145
124 163
104 171
78 98
205 366
322 356
106 348
199 378
54 141
190 377
210 251
124 388
96 341
7 259
16 273
22 345
148 178
264 332
21 158
335 370
172 368
170 366
35 65
132 310
24 290
44 89
172 226
9 178
296 349
81 267
128 206
93 330
269 358
112 355
198 314
122 188
96 253
26 392
175 347
40 277
167 351
120 373
233 283
20 173
6 72
226 245
96 188
137 217
57 319
351 381
74 116
39 119
320 331
139 249
8 144
13 33
107 184
337 375
10 78
45 53
73 337
70 333
54 250
227 324
215 259
26 308
198 238
171 277
56 247
54 382
6 57
25 46
166 295
112 280
89 99
33 48
75 105
65 157
160 180
1 225
223 264
77 256
199 209
324 388
249 271
91 352
34 162
52 67
194 290
30 348
157 208
267 355
50 293
79 213
137 190
351 391
47 146
89 224
5 331
227 340
147 236
162 387
133 391
32 390
107 366
338 358
169 218
191 380
69 252
49 145
160 212
136 248
40 394
153 394
158 220
65 221
228 307
116 125
73 130
61 124
180 364
110 135
3 245
50 57
262 289
152 251
185 392
341 390
272 396
168 366
42 108
289 298
179 228
129 307
174 326
107 145
41 182
1 289
106 374
119 155
36 375
111 336
28 223
225 239
107 170
193 213
58 385
42 229
207 311
190 388
172 392
166 199
228 317
269 367
240 328
114 323
132 153
33 123
41 54
149 221
52 273
89 171
25 188
15 108
124 275
272 305
268 358
103 218
265 379
238 317
132 398
301 324
269 300
9 237
289 389
252 278
69 367
93 359
102 215
58 106
129 223
22 74
79 193
196 244
54 140
298 399
122 371
213 262
27 128
93 224
174 175
167 307
310 382
75 195
184 366
82 96
310 318
84 199
232 270
39 328
71 167
295 361
103 169
70 357
12 239
118 262
78 177
241 360
113 327
179 238
223 289
1 239
18 88
88 268
247 255
22 285
74 362
279 312
205 296
73 102
52 185
40 104
50 385
272 380
251 376
6 369
8 187
272 344
344 396
67 325
21 219
267 329
121 242
222 236
29 197
269 338
66 193
323 338
92 398
276 279
25 240
104 230
122 123
46 87
183 387
69 192
156 182
204 281
18 281
50 196
219 256
246 383
73 203
257 310
263 307
330 333
266 360
224 282
59 85
266 308
86 325
76 371
45 279
143 148
67 178
222 318
203 295
69 354
27 145
299 331
156 219
103 328
248 387
301 377
101 327
290 363
103 119
44 171
143 177
149 180
67 174
327 382
213 372
37 226
255 282
75 182
285 362
48 371
18 354
19 299
347 360
2 277
29 137
169 393
31 285
179 331
15 173
11 251
152 231
20 345
81 282
59 336
241 266
234 369
0 1
94 377
46 240
165 345
136 378
147 318
190 324
117 196
59 265
266 392
273 305
196 293
196 258
16 18
68 195
7 348
62 67
265 336
112 232
66 389
70 121
143 357
115 350
57 299
88 278
287 346
116 252
227 397
100 121
300 338
47 265
308 347
388 397
25 119
138 174
212 304
339 382
81 230
287 310
345 362
94 383
85 111
100 341
247 282
240 330
39 103
107 349
242 341
127 313
67 86
74 125
213 289
101 261
2 243
164 245
32 253
55 276
187 251
166 348
1 389
278 354
167 263
6 19
269 354
61 314
262 316
2 44
32 206
172 266
217 311
48 76
51 212
220 321
176 194
186 385
1 149
79 372
77 219
90 317
198 311
84 378
117 299
134 303
344 380
137 279
21 321
39 240
92 144
92 270
62 86
118 316
23 66
1 80
120 280
253 265
9 181
39 393
10 201
5 64
61 200
287 343
149 389
41 68
259 374
73 166
56 230
257 398
267 357
220 256
17 68
83 167
22 229
4 335
135 363
165 229
3 164
155 218
334 390
40 255
128 253
50 291
196 337
218 328
20 80
163 249
324 377
97 157
9 148
207 276
49 366
211 391
146 253
118 298
286 308
27 361
18 305
156 222
194 303
7 291
107 127
86 174
70 100
230 260
3 95
12 342
228 384
125 252
207 301
10 120
300 358
268 338
4 325
10 267
138 172
222 327
104 292
12 315
159 351
34 397
35 189
139 163
235 277
269 278
261 339
110 303
78 357
87 284
0 225
124 274
36 199
164 316
187 281
186 337
381 391
125 367
7 106
46 122
185 241
104 255
299 320
28 90
38 131
259 295
7 186
196 291
25 218
98 242
264 399
89 243
175 178
7 73
302 342
47 134
151 338
170 349
70 81
245 332
127 131
60
163
30
85
105
113
100
128
127
39
64
29
152
168
48
106
26
28
115
72
181
111
157
58
167
115
42
95
36
18
70
87
48
27
106
89
182
62
61
38
31
215
24
14
25
25
182
43
91
119
188
81
77
187
124
81
112
60
171
132
91
94
103
210
99
145
56
64
102
143
100
172
58
75
132
197
204
83
69
17
38
29
170
99
66
114
133
86
89
78
201
104
61
79
47
97
64
75
95
186
173
74
213
77
22
128
35
90
21
63
167
93
48
101
173
73
199
132
88
99
173
132
78
92
76
72
108
146
139
78
96
146
48
51
206
119
135
106
207
183
132
92
85
141
93
134
68
44
66
58
90
126
46
88
115
106
72
39
254
78
90
114
100
35
54
21
82
117
124
18
130
106
135
138
82
110
44
143
213
49
80
122
80
46
50
92
58
145
128
67
48
178
150
21
111
111
74
38
73
136
188
76
115
55
38
94
140
106
138
71
115
40
89
137
161
116
160
76
123
53
143
55
101
31
38
47
82
105
87
60
87
100
81
74
85
55
187
75
47
124
152
145
58
17
55
100
180
149
173
103
57
78
116
78
182
18
101
44
133
140
49
126
139
201
62
68
152
113
103
50
107
63
37
98
51
65
100
112
41
40
152
127
43
97
46
134
178
22
162
125
62
76
182
132
111
115
165
79
95
31
124
95
106
100
75
100
92
70
54
164
69
177
84
149
188
74
95
52
73
82
63
93
52
129
115
91
63
107
158
159
56
83
117
79
183
72
159
92
146
107
81
100
76
76
184
117
155
78
189
57
60
156
91
116
80
71
116
144
111
45
79
122
58
105
45
167
73
70
140
38
115
97
41
68
58
99
143
151
131
194
161
145
109
150
22
80
85
61
43
139
23
119
41
135
137
67
156
172
135
63
72
120
139
150
51
8
40
76
81
137
64
84
140
68
153
104
131
69
123
81
68
186
48
131
82
127
154
80
45
322
160
147
70
177
55
157
122
7
26
21
49
138
183
199
67
72
46
92
148
118
110
219
117
50
46
83
157
74
142
124
92
114
186
82
124
214
178
107
106
68
45
61
29
74
83
56
82
85
82
127
46
77
226
118
70
56
223
120
56
68
97
57
53
99
162
47
156
45
70
154
180
92
85
76
161
54
147
63
132
56
173
189
141
37
25
28
59
130
91
102
177
112
180
153
41
73
76
164
60
78
30
102
72
30
93
125
174
64
69
119
85
51
186
25
75
170
60
132
85
62
119
110
147
109
88
76
104
74
65
102
93
119
111
64
123
90
81
47
90
199
64
60
85
52
129
98
164
79
180
60
89
63
198
196
97
66
119
67
177
152
119
54
66
132
131
129
108
134
47
75
79
94
96
18
156
61
67
171
112
70
66
56
161
156
61
34
111
86
115
110
115
151
81
48
102
114
100
76
216
151
109
132
49
35
56
186
149
119
78
35
137
35
93
71
18
43
60
94
78
90
134
121
121
111
34
52
27
76
182
54
126
47
63
50
203
37
148
72
152
110
59
182
144
145
71
60
51
82
127
130
142
141
15
32
59
148
51
92
182
92
60
83
120
70
148
46
126
48
59
124
89
73
75
53
120
81
106
132
179
17
51
102
123
65
114
135
138
55
195
48
128
172
149
39
77
144
62
86
33
31
61
61
105
120
89
184
92
101
114
60
44
127
96
192
106
162
48
76
80
167
23
56
64
123
159
153
94
83
130
106
197
76
41
85
98
163
34
165
60
55
118
70
124
58
169
50
140
47
102
64
59
258
108
40
83
204
87
90
138
138
130
73
58
179
165
169
73
163
101
148
75
106
164
77
126
205
119
117
98
100
169
79
62
20
157
247
153
14
75
43
98
173
111
103
69
102
46
112
142
47
114
71
50
153
44
66
64
176
167
137
109
97
96
148
87
130
70
110
56
173
143
97
91
152
137
131
138
69
58
151
30
71
56
20
104
93
166
101
116
145
84
167
63
28
126
145
50
87
32
75
12
136
33
101
33
156
127
109
76
28
193
194
81
174
104
150
144
164
66
168
69
114
113
122
156
193
110
57
111
149
55
177
94
92
107
86
151
244
94
37
100
38
91
101
105
42
171
123
65
114
64
131
121
167
183
137
106
101
199
108
251
70
133
126
37
121
57
84
54
180
75
83
128
84
74
53
88
80
126
74
59
102
102
207
143
107
64
32
60
58
109
140
244
46
135
177
147
51
71
81
127
70
150
148
109
97
60
71
175
240
122
60
121
222
55
155
110
85
11
167
64
231
130
83
93
162
146
55
137
191
186
66
125
94
153
55
105
215
227
81
156
48
103
222
48
129
223
85
46
78
117
90
68
93
191
63
112
166
157
58
112
72
38
92
39
117
231
108
91
273
213
70
196
62
74
102
42
188
40
15
132
59
18
167
92
86
147
161
165
175
33
124
83
58
89
133
115
95
88
41
84
34
84
103
14
98
203
15
73
144
139
134
57
120
168
93
48
35
141
99
87
153
34
88
61
101
45
175
78
55
138
61
67
130
41
166
29
117
57
163
56
81
63
40
100
147
57
91
150
133
126
92
96
95
38
89
163
199
82
164
84
76
114
18
129
37
69
72
61
94
69
61
55
165
7
114
93
109
77
112
56
50
106
60
70
46
95
195
150
118
152
216
115
13
92
77
36
68
132
66
46
179
81
77
23
52
111
84
132
94
79
160
109
125
26
59
170
118
174
144
24
37
65
100
233
92
62
109
69
94
107
89
64
88
108
38
139
138
186
75
77
61
178
154
93
148
174
74
168
148
34
55
187
152
91
85
116
122
174
126
100
137
153
130
105
108
95
161
131
183
154
9
28
62
54
160
40
31
62
23
91
77
193
22
150
87
124
167
103
110
98
80
62
75
35
68
64
86
150
84
134
60
152
148
123
91
141
25
108
86
138
107
250
106
102
76
103
165
68
92
120
163
31
112
106
50
117
154
122
141
118
48
154
24
85
77
138
80
79
126
122
79
68
198
142
72
50
70
119
213
157
30
90
105
83
69
173
85
55
83
160
72
194
29
132
88
107
91
85
29
231
100
219
47
219
121
111
30
115
10
54
118
53
74
99
84
171
155
51
79
57
57
56
179
88
129
70
89
101
99
128
72
87
81
185
118
156
60
21
111
81
94
63
139
54
46
136
92
101
65
167
113
175
42
125
55
45
42
52
252
127
218
123
93
41
132
46
59
100
54
141
162
65
74
176
197
88
39
74
143
206
101
56
110
70
140
58
65
151
99
109
101
105
174
96
78
90
62
132
13
49
128
195
114
122
125
86
136
75
193
100
36
102
91
125
116
143
65
96
108
47
187
63
199
82
52
98
112
110
67
41
99
55
144
191
63
158
92
103
171
110
75
24
117
86
118
82
132
155
41
91
27
137
95
158
194
60
108
171
59
178
17
101
55
114
101
47
84
79
163
149
116
72
128
136
201
86
50
144
132
39
69
97
115
49
71
188
84
86
169
110
87
98
128
58
72
30
148
186
214
88
139
67
93
41
120
24
115
54
187
37
94
117
112
17
48
124
68
68
66
164
112
63
230
60
118
95
79
61
96
82
86
63
24
54
76
43
40
89
27
89
88
63
105
181
54
110
49
53
153
72
149
122
145
148
81
22
119
66
41
18
57
120
134
215
204
125
103
20
77
171
168
48
126
51
99
293
107
38
94
149
16
67
60
61
168
149
24
75
74
115
67
93
83
143
47
86
141
97
117
87
40
54
120
27
115
60
33
161
125
46
126
181
200
80
90
40
181
192
55
88
57
36
153
171
89
66
43
83
138
41
172
105
133
130
225
64
79
156
72
55
143
163
70
167
114
28
79
132
66
85
103
109
207
64
125
206
35
53
46
134
143
47
110
6
42
233
148
126
40
47
168
90
98
22
188
81
96
89
158
132
68
28
79
63
86
136
139
166
48
209
184
47
114
78
108
110
96
156
143
103
33
81
51
125
108
181
64
139
94
86
54
68
134
105
50
103
115
197
41
44
42
130
131
57
139
177
14
100
174
29
102
104
66
80
97
43
51
143
157
59
48
221
173
85
43
141
175
63
49
173
224
56
135
88
53
83
77
125
76
168
221
57
75
116
161
141
137
141
203
42
47
69
159
43
74
13
189
141
106
92
78
188
127
133
128
43
58
64
179
47
147
28
130
20
165
34
106
52
62
36
167
91
49
149
87
142
57
23
42
84
52
129
74
119
53
144
113
83
75
130
143
152
105
80
123
139
183
68
152
116
153
112
158
49
103
39
219
193
132
80
42
91
99
95
119
97
42
46
15
65
37
106
106
86
77
200
54
91
148
232
106
39
105
54
54
98
114
74
103
63
149
61
78
88
77
169
73
207
78
103
104
81
136
179
69
180
99
177
180
235
149
215
143
76
72
78
187
94
41
47
146
149
123
168
146
127
58
40
122
78
167
36
86
155
142
121
119
135
63
67
135
92
125
141
38
83
102
29
98
114
84
137
182
127
40
160
43
18
162
58
164
149
137
230
