332 575
346 226
669 713
661 64
681 457
101 415
562 793
498 728
408 285
354 707
77 26
108 318
406 113
219 309
742 768
450 747
598 702
123 329
639 355
323 313
35 193
247 400
596 438
95 120
36 742
417 677
378 714
487 40
159 484
206 699
513 436
727 272
147 60
110 110
280 101
69 406
41 391
49 571
154 665
791 697
719 48
532 421
337 605
242 232
718 173
710 434
684 393
378 63
443 374
553 246
294 230
480 446
779 213
671 422
177 435
684 738
116 63
624 110
79 159
127 56
658 740
743 152
656 752
635 687
671 337
689 66
101 50
646 298
0 666
318 237
53 733
189 197
338 632
92 56
602 324
48 487
615 477
97 567
114 746
40 237
624 468
366 677
5 29
645 383
693 145
464 625
394 636
714 529
200 194
333 347
749 28
137 347
741 354
329 736
684 751
413 552
474 357
480 410
649 740
304 152
194 44
500 347
391 318
421 586
191 299
145 423
717 278
751 626
126 175
295 20
473 3
785 554
463 24
219 687
336 31
152 7
395 628
301 165
161 94
47 582
286 500
549 339
391 96
708 245
701 522
770 120
676 597
505 225
365 651
63 675
600 462
312 204
226 679
477 249
741 330
332 506
325 54
567 332
508 505
48 761
689 502
235 376
264 155
173 546
649 85
363 793
511 233
762 606
746 302
489 575
737 103
776 624
796 330
517 775
12 530
156 297
370 70
324 776
290 218
377 122
764 200
369 657
620 708
39 434
282 53
323 629
144 640
311 350
596 325
414 762
455 510
436 403
559 405
787 300
159 364
692 467
124 549
166 189
139 210
676 522
34 541
249 732
130 267
350 52
464 526
5 701
343 26
526 774
639 110
549 786
660 222
565 66
640 241
231 370
109 555
700 741
296 741
107 535
179 100
620 680
645 186
139 443
269 402
166 457
353 196
266 30
152 731
274 731
88 532
288 708
770 657
489 94
61 268
551 763
314 785
396 106
485 646
108 572
90 452
29 304
158 519
111 209
329 376
374 397
553 320
368 482
285 231
63 33
366 432
404 244
97 624
143 204
170 98
486 657
731 153
651 205
263 793
448 486
319 267
343 470
707 511
467 34
237 234
668 525
597 535
300 233
466 568
574 282
786 675
10 506
434 101
794 561
629 637
609 410
322 671
541 794
171 540
511 403
632 584
43 465
545 95
699 711
608 335
58 2
117 171
360 6
353 582
430 18
722 711
506 75
530 562
491 622
43 551
529 537
100 447
398 190
282 758
219 109
543 639
492 296
136 226
218 479
432 3
684 29
413 467
608 744
623 12
415 363
656 395
146 283
627 666
707 618
519 0
558 755
253 640
54 124
799 673
568 575
347 573
270 738
642 465
256 176
10 705
279 149
150 264
741 760
357 154
19 313
104 201
191 381
122 657
253 499
410 798
258 782
410 621
788 658
503 691
493 197
141 169
251 207
490 138
750 273
466 244
576 203
510 115
82 579
491 339
388 671
584 767
488 570
640 155
438 266
627 218
524 44
115 399
504 50
10 439
50 684
719 265
441 440
330 455
761 439
499 306
738 191
44 621
319 662
525 245
247 372
735 383
581 156
562 651
305 417
337 41
146 332
324 513
19 301
709 231
209 607
61 145
98 256
431 77
658 112
54 668
167 386
555 355
755 41
499 701
499 100
217 355
530 793
631 605
60 254
298 514
434 108
201 109
157 561
798 641
233 302
351 149
331 501
315 129
598 257
790 444
601 62
499 439
75 524
553 294
591 594
213 251
104 387
568 391
590 439
15 305
654 227
468 680
132 26
364 702
488 430
789 637
110 756
261 268
27 110
7 255
191 286
338 356
189 328
16 199
195 261
213 328
169 396
33 73
232 277
317 346
120 239
41 384
29 181
210 376
140 243
198 374
337 362
254 327
210 296
148 356
100 198
300 391
34 136
159 215
225 239
323 332
175 341
178 231
137 247
274 334
235 323
214 276
346 386
178 318
33 232
45 341
216 366
292 335
87 179
108 318
55 268
50 226
98 261
49 127
208 325
3 188
128 345
244 297
23 33
37 217
94 98
31 52
7 187
91 155
28 54
176 256
21 141
109 164
135 372
168 386
33 198
258 387
44 123
175 382
60 98
18 262
212 355
102 229
32 59
72 298
49 224
280 318
368 377
243 258
216 271
79 212
48 101
321 338
166 310
107 398
146 323
101 224
279 342
182 231
194 230
107 147
123 321
137 262
235 356
183 265
360 373
37 344
119 208
168 224
23 358
11 91
237 384
264 358
11 155
291 370
304 359
68 344
214 236
5 363
353 363
2 199
309 368
333 383
214 299
11 355
6 328
104 155
54 105
199 350
224 342
107 376
64 92
121 386
42 165
109 352
172 390
11 212
127 323
187 213
92 148
7 394
77 375
18 288
8 102
253 288
77 208
97 101
164 352
235 332
0 354
355 371
81 327
278 366
170 273
72 128
208 272
98 162
157 313
141 202
28 281
350 387
49 146
171 228
132 299
121 224
13 141
283 286
50 131
7 233
120 354
20 308
22 41
2 55
4 45
31 321
55 60
209 276
110 241
40 283
164 186
122 352
200 393
70 185
289 304
156 215
271 329
184 284
333 367
22 253
250 367
89 222
299 313
173 321
133 322
27 282
98 285
377 388
122 378
225 372
68 185
62 261
208 385
75 385
129 310
246 273
150 234
87 240
209 254
87 175
232 318
32 115
178 308
170 237
162 290
197 325
35 259
70 78
71 177
4 124
43 158
182 280
96 342
196 209
152 348
5 35
101 342
99 158
19 69
174 334
112 282
147 151
170 329
334 363
163 259
133 342
12 215
123 338
27 112
201 203
103 116
17 389
221 264
105 309
37 249
205 352
41 390
310 362
27 333
108 221
120 311
112 292
6 153
269 367
139 399
11 353
198 277
47 215
59 118
148 321
79 219
143 220
178 280
50 242
57 349
246 329
38 113
361 383
1 238
97 171
119 230
308 359
72 345
199 252
153 369
230 337
66 263
250 373
103 266
7 316
319 388
176 194
310 337
74 83
36 389
15 153
51 284
86 103
279 386
215 250
165 294
139 185
161 396
22 172
7 153
216 329
316 350
372 379
210 268
176 208
334 389
235 393
53 288
47 352
57 361
144 361
93 254
108 308
88 242
20 79
6 189
210 291
4 341
139 302
39 305
9 81
20 371
77 217
27 335
237 339
88 319
43 245
28 256
176 217
224 247
29 132
80 244
44 52
270 297
52 234
118 232
208 220
4 288
226 238
153 255
33 264
95 314
174 363
141 368
200 349
8 133
158 319
181 207
35 274
148 338
9 327
280 304
130 391
85 271
306 380
46 64
315 376
81 165
5 334
196 299
37 385
56 115
42 86
264 308
34 117
153 366
210 315
175 240
340 354
267 360
3 150
258 297
128 327
192 323
88 178
28 274
84 200
247 346
260 367
180 325
124 240
157 196
131 380
119 362
216 233
252 387
7 15
99 306
271 394
125 160
119 325
204 306
23 318
47 183
104 368
118 374
215 306
35 36
267 282
69 131
192 235
84 361
84 234
137 168
14 55
112 333
157 299
171 339
176 325
210 398
54 309
25 128
32 100
119 272
121 168
270 273
77 325
309 353
39 376
184 237
122 306
71 88
162 328
106 173
30 51
80 140
12 373
47 159
356 393
25 233
145 312
15 366
76 300
3 65
65 144
183 215
199 285
187 293
81 86
23 58
27 211
190 330
100 118
275 306
49 346
220 375
177 221
200 323
33 66
135 298
161 327
235 381
119 154
22 390
25 26
36 259
77 119
126 252
99 131
100 395
137 386
93 276
110 269
194 256
147 251
6 187
341 382
207 313
190 393
78 302
117 301
150 361
56 59
44 150
200 235
78 206
46 348
219 371
25 81
172 257
91 289
168 247
42 161
24 139
0 372
76 80
384 397
34 164
23 66
185 344
269 333
32 374
124 126
93 214
12 159
123 235
190 356
52 123
72 116
96 171
191 383
15 312
18 168
153 328
47 114
147 398
8 331
231 264
279 322
337 399
2 60
203 274
193 309
117 380
68 129
180 272
60 261
376 398
340 379
325 344
11 174
133 146
307 371
60 162
121 172
290 350
10 82
72 266
16 290
64 348
177 318
72 165
9 276
41 364
67 393
24 302
286 383
149 184
252 258
31 134
78 399
151 291
44 200
211 360
112 267
89 167
57 330
95 170
21 193
183 352
30 97
4 46
178 182
166 357
26 93
145 196
48 171
188 383
94 268
101 257
3 383
8 229
100 115
52 160
191 335
96 279
48 96
127 317
144 383
217 385
52 343
36 334
280 308
14 94
64 67
165 345
179 240
51 397
66 115
22 391
114 156
233 350
12 156
307 355
194 325
295 358
147 291
61 234
110 267
197 385
3 40
320 373
160 234
60 195
106 148
98 199
16 285
56 118
324 335
259 385
30 339
93 157
330 393
348 382
332 349
5 389
27 367
58 108
303 380
147 248
133 317
23 118
202 222
75 218
142 158
53 80
157 236
8 287
177 308
272 385
113 209
105 218
79 355
220 281
166 217
74 364
22 76
94 305
123 343
248 296
113 299
91 363
228 339
6 293
44 343
47 360
155 174
48 326
71 231
79 308
186 352
110 335
50 245
28 203
39 268
129 399
223 340
266 354
19 167
40 90
142 301
116 314
21 202
169 312
4 53
70 139
272 325
249 259
85 149
81 128
52 356
222 340
188 361
116 128
4 175
55 261
12 306
275 378
97 384
13 193
55 63
187 369
85 116
79 307
53 83
120 379
43 301
12 250
229 275
196 207
87 124
39 315
158 301
187 189
157 207
128 314
233 366
268 305
249 336
99 378
106 123
53 175
241 335
200 332
110 292
225 284
21 368
5 274
16 293
70 337
63 195
340 372
60 63
83 253
21 309
13 242
363 389
27 360
213 285
280 359
57 383
25 396
18 64
28 201
213 293
338 343
141 309
66 82
81 396
163 218
65 188
269 320
219 392
141 347
296 398
178 264
23 56
30 391
0 42
38 132
67 106
85 233
149 271
96 257
212 371
221 308
13 388
26 161
74 381
18 53
55 195
123 356
192 356
126 291
100 374
204 245
77 272
58 308
174 309
339 384
4 300
102 287
210 261
31 106
27 269
236 299
38 206
249 272
260 335
20 221
143 176
45 288
38 166
91 334
56 395
88 388
188 200
75 336
211 333
242 377
57 191
146 342
133 279
178 359
270 329
201 363
289 359
138 149
225 354
119 217
17 353
135 239
244 387
168 262
337 344
138 273
190 192
245 319
276 313
30 384
35 218
194 385
161 254
32 395
62 285
246 270
109 205
188 330
218 334
105 203
154 180
69 319
95 184
278 387
63 162
228 340
34 99
145 157
42 72
84 343
35 105
61 125
52 321
106 134
93 209
222 223
180 249
72 86
239 354
259 336
216 316
2 94
161 165
1 204
241 282
9 93
79 359
53 253
144 283
57 188
193 347
178 304
160 343
52 61
137 390
46 83
94 195
13 368
59 100
37 77
184 329
71 388
127 146
61 343
226 319
130 253
32 198
76 253
0 298
114 352
215 373
85 216
30 390
84 144
174 353
180 208
103 149
181 209
121 364
100 205
107 126
101 326
37 208
189 369
66 395
62 98
19 102
190 332
308 318
103 246
11 389
67 74
339 397
132 294
213 255
148 152
10 227
53 300
165 254
150 365
142 303
184 273
67 247
62 63
12 378
25 161
44 61
123 148
128 161
20 58
199 290
190 381
189 285
100 232
159 380
143 256
197 208
24 68
122 215
153 189
105 334
157 276
60 62
151 376
158 245
63 199
202 309
71 319
58 318
134 321
224 262
53 348
107 248
159 275
202 347
3 57
154 385
48 287
7 213
381 386
218 389
35 334
3 84
202 351
104 289
248 376
203 363
107 315
228 239
59 73
323 349
127 279
149 216
249 385
170 284
142 374
233 316
122 360
136 352
129 185
206 399
324 367
236 276
74 262
270 271
12 122
11 359
29 206
237 397
260 383
54 203
16 328
136 205
155 304
219 359
274 389
114 183
197 256
65 365
39 296
87 251
96 101
113 132
70 302
25 216
151 398
172 253
93 207
3 283
136 156
44 125
143 194
2 285
225 228
73 82
105 201
146 317
156 352
24 337
22 80
174 368
157 312
244 258
59 66
62 195
89 238
203 220
122 183
201 389
191 260
1 69
63 252
0 165
117 303
30 172
80 130
93 181
72 327
155 182
293 369
158 226
230 344
175 179
10 263
158 242
269 324
64 262
48 339
147 210
228 284
38 310
70 129
32 33
31 123
160 321
2 62
222 351
90 283
18 74
51 257
119 344
108 264
166 230
193 363
255 369
132 357
88 231
283 365
32 73
179 300
189 255
324 333
104 304
106 356
308 358
19 89
1 158
99 303
4 179
272 344
14 261
194 197
45 382
87 126
342 386
69 117
10 115
317 322
93 145
222 228
91 174
81 345
138 246
230 310
132 181
49 381
239 379
136 164
113 207
181 313
241 333
37 194
64 83
14 268
18 46
161 314
170 246
81 254
163 336
1 275
204 378
39 248
278 297
9 161
17 155
252 370
9 26
46 175
167 202
134 173
68 362
256 375
211 373
9 128
18 253
159 250
315 398
116 161
247 381
27 292
347 377
2 195
41 97
60 94
16 98
257 384
167 351
23 108
93 396
223 351
85 394
296 376
234 343
294 345
279 346
26 169
168 364
117 378
193 202
50 69
77 197
99 117
92 348
128 254
48 102
143 375
127 133
36 392
60 285
4 140
35 389
22 300
49 323
217 325
72 161
281 311
168 381
314 327
273 329
79 221
247 386
59 198
75 272
328 369
109 186
340 351
15 394
49 247
147 315
90 150
257 397
357 375
131 306
251 398
112 269
359 371
25 327
66 227
65 90
51 237
13 155
364 390
17 174
113 181
191 367
294 357
301 319
47 122
11 17
241 360
111 151
97 257
24 362
114 205
93 196
17 289
196 276
233 394
123 160
55 94
43 226
88 177
227 263
108 177
42 116
146 346
77 230
73 227
218 259
260 333
119 180
343 356
51 384
135 340
65 361
309 363
84 235
264 280
40 65
18 67
131 303
33 56
237 284
47 186
131 245
149 270
325 385
327 394
61 84
118 198
138 329
292 333
124 243
122 373
196 313
99 380
139 337
36 163
308 371
40 150
22 130
175 300
71 178
33 318
194 272
21 347
18 83
111 147
26 312
56 227
47 265
34 303
105 389
110 333
37 272
153 293
171 223
117 306
163 274
156 265
64 74
244 273
69 245
56 232
116 266
50 238
104 353
174 389
48 223
38 230
29 299
45 175
43 50
302 344
105 174
260 320
311 354
259 274
2 268
180 385
86 116
108 280
26 145
121 262
27 267
43 242
200 361
179 243
49 386
7 293
130 244
151 210
293 328
221 280
114 186
187 366
103 298
133 229
103 329
9 345
80 243
354 379
82 227
112 360
133 346
224 326
85 314
103 184
1 245
70 362
77 176
11 289
19 222
296 315
266 298
30 138
120 281
75 249
117 158
179 258
42 266
175 243
120 225
279 331
134 338
73 295
364 386
125 343
253 391
69 226
0 135
199 370
6 213
27 241
326 342
51 170
135 311
0 72
225 340
58 358
54 334
26 327
2 290
332 393
165 298
170 184
201 274
34 380
216 278
211 320
207 299
363 368
154 272
65 283
19 238
192 332
25 86
44 84
228 351
47 156
215 360
297 370
239 340
61 356
174 193
85 246
208 217
1 50
76 244
371 392
57 84
4 240
142 277
260 324
23 73
101 121
45 140
63 290
13 104
160 356
33 108
156 159
37 180
24 70
171 397
127 346
171 287
73 395
185 337
45 348
332 381
6 369
98 290
192 200
136 265
206 310
105 363
45 240
9 196
243 300
13 347
184 246
80 175
1 229
78 139
111 251
121 247
190 338
207 209
197 220
262 390
29 38
123 190
69 238
0 379
366 394
344 362
68 70
193 368
232 374
39 398
58 295
9 254
172 384
181 276
6 255
86 128
47 136
182 304
217 375
235 330
271 278
216 394
34 277
142 319
11 219
223 228
125 150
80 391
87 111
84 188
231 318
159 373
214 313
135 225
54 281
5 163
189 293
225 379
125 234
92 382
149 246
42 345
140 300
138 384
79 392
61 150
277 374
62 94
288 300
69 204
103 314
258 370
181 236
43 88
37 119
297 387
156 360
204 275
49 133
56 73
88 301
132 209
217 230
316 366
96 287
229 322
178 221
138 170
320 324
226 242
177 231
57 144
347 368
24 399
75 154
224 364
97 397
108 231
120 340
38 357
129 337
255 328
212 392
234 356
118 277
148 173
46 288
11 182
51 171
224 386
77 194
219 307
146 331
86 314
195 268
107 151
30 397
4 243
347 351
99 142
71 318
31 356
134 348
104 377
28 220
63 285
106 321
64 134
239 284
151 248
114 164
59 227
15 25
167 223
261 305
187 328
127 331
144 330
101 364
270 387
122 156
241 269
42 298
59 232
75 208
109 265
254 345
138 237
182 212
236 313
229 331
330 332
317 320
41 51
32 118
142 380
86 327
33 358
16 213
182 289
23 295
122 250
192 393
381 393
13 377
144 286
62 162
304 388
141 363
2 261
168 390
278 316
51 97
41 397
33 58
55 62
3 144
89 223
15 316
91 353
153 213
96 326
303 319
323 346
194 220
390 391
108 178
252 350
67 192
99 204
74 168
3 361
156 183
121 137
320 367
86 161
35 163
221 371
16 162
68 302
219 355
76 130
9 396
1 131
74 224
248 398
145 214
8 279
59 395
29 113
218 274
126 243
98 328
248 268
87 140
191 333
220 256
265 282
147 376
109 114
250 360
138 270
95 298
28 143
17 304
134 152
95 237
73 263
83 262
90 365
80 300
129 362
285 293
285 328
30 41
47 250
29 207
97 339
211 250
152 321
5 105
39 210
132 207
104 388
107 111
264 318
191 269
211 335
176 220
146 322
239 351
327 396
21 351
54 201
24 129
182 221
279 326
99 301
233 271
26 396
69 158
278 350
26 81
152 173
93 299
176 375
123 393
105 274
290 387
44 160
40 144
131 226
322 346
254 396
330 349
326 364
45 46
37 325
302 362
114 122
210 248
155 289
195 305
101 137
2 98
151 296
85 329
60 268
113 206
121 390
83 288
194 208
12 47
78 129
311 372
35 336
226 245
162 199
212 307
149 273
77 385
338 393
322 331
183 186
283 361
172 391
242 301
155 353
76 391
333 335
8 322
63 98
214 312
67 381
211 269
257 390
4 80
159 306
82 263
280 289
181 299
158 238
95 103
124 175
20 295
231 280
72 81
241 292
9 169
215 378
309 347
90 125
367 373
70 399
231 308
32 56
137 364
194 217
248 315
153 187
143 357
46 53
25 394
44 234
223 287
116 327
165 266
10 59
74 137
151 315
41 172
187 255
31 148
95 266
253 300
33 295
48 257
2 63
240 243
297 350
271 316
230 362
256 357
331 342
5 36
110 112
335 367
117 204
307 392
4 76
31 338
207 236
311 379
36 336
17 334
126 179
58 221
260 349
50 117
198 232
253 390
164 205
16 63
128 165
64 288
284 339
46 92
177 264
197 217
289 353
378 380
129 302
84 330
182 359
24 78
58 264
129 230
89 351
129 139
42 128
197 375
122 159
29 294
134 148
84 150
68 337
127 322
43 319
107 251
24 185
370 387
209 299
190 235
213 369
31 173
50 319
137 224
211 241
25 116
54 363
273 297
102 331
101 279
0 266
6 285
207 276
133 331
67 168
194 375
10 56
290 370
7 366
141 193
66 73
28 105
14 195
131 204
67 262
162 285
12 360
321 356
112 335
39 151
121 342
302 337
55 305
107 296
89 102
140 179
140 240
114 136
136 183
233 278
242 388
45 53
57 65
246 271
164 183
186 265
32 66
224 279
17 91
92 152
135 379
341 348
188 349
109 136
260 269
41 257
212 359
74 386
34 205
109 183
107 291
16 252
301 303
10 395
221 231
71 280
115 395
19 245
354 372
117 142
106 338
74 121
184 270
92 341
149 329
167 347
212 219
128 396
130 300
91 309
167 222
335 360
154 249
44 356
200 330
40 365
221 318
32 232
51 339
330 361
151 251
30 257
244 370
157 214
49 317
201 334
5 218
276 299
33 118
140 175
61 160
43 388
21 54
355 392
92 173
263 395
75 274
56 198
262 364
228 379
226 301
241 267
50 158
14 305
98 195
40 125
251 376
17 182
120 372
79 371
100 277
126 370
71 242
123 192
159 378
3 286
22 288
74 247
230 325
10 66
166 375
94 261
131 238
107 210
322 342
1 226
316 394
120 135
91 389
48 397
211 324
25 314
244 270
342 346
252 290
23 264
171 284
96 97
201 218
170 339
48 97
65 150
196 236
146 279
92 134
182 353
136 186
33 59
323 381
161 345
121 326
265 352
72 254
192 381
85 103
15 169
129 344
177 178
16 350
2 162
80 253
37 154
34 142
221 359
114 265
75 163
59 115
117 131
181 196
110 282
255 293
124 140
231 304
5 201
238 245
209 345
306 378
87 243
55 98
126 258
11 304
95 246
239 372
138 184
211 367
191 324
185 302
196 214
144 188
45 300
177 280
243 244
10 73
225 237
20 358
298 354
135 354
185 362
75 180
156 186
193 377
130 172
104 182
176 385
204 229
145 169
131 158
81 161
131 319
242 319
97 287
81 116
202 368
125 365
56 66
203 281
113 294
189 213
51 138
124 179
172 364
112 241
75 259
176 197
298 379
41 391
190 200
211 260
269 335
46
72
79
131
42
106
69
43
51
225
84
102
106
132
92
58
86
85
49
31
91
48
189
80
91
176
45
55
115
163
17
61
63
82
47
160
82
170
134
153
146
53
34
47
9
118
74
62
66
79
108
22
89
46
237
65
153
125
144
45
80
82
102
166
108
165
182
20
84
156
128
50
125
184
71
79
156
46
71
182
48
79
74
107
121
29
97
206
49
148
104
84
108
45
62
178
80
52
45
155
81
77
126
131
183
82
97
105
148
73
199
146
188
88
62
58
147
93
129
202
68
49
93
26
148
171
60
132
135
94
63
39
87
47
173
165
77
94
147
38
205
205
51
92
43
171
96
176
84
73
134
185
22
170
137
75
134
63
195
98
41
95
27
64
139
39
42
188
163
43
143
55
64
139
234
167
44
195
52
69
106
34
165
78
155
195
108
84
114
23
103
68
121
113
55
144
186
99
149
66
31
84
60
165
170
39
168
50
49
115
94
116
74
95
154
203
87
80
58
139
110
89
151
34
39
86
43
139
103
57
124
222
147
62
112
53
105
60
102
64
26
88
82
121
104
123
69
191
34
39
64
133
27
157
137
127
135
102
63
55
74
38
78
87
10
181
99
116
34
226
85
121
214
149
147
63
102
122
142
66
139
109
84
195
42
137
105
39
58
63
87
89
73
82
41
71
47
25
194
161
183
92
49
83
29
57
100
143
154
78
83
66
66
93
191
88
199
26
182
76
89
70
105
104
42
37
196
138
52
58
108
68
95
113
53
50
135
60
20
143
23
72
154
116
186
67
112
100
33
107
103
87
141
182
84
187
184
134
66
111
74
105
24
115
99
92
32
125
108
104
112
115
75
88
69
70
80
107
179
33
32
67
40
98
113
30
88
153
147
41
124
47
154
83
136
67
146
43
28
165
136
117
182
29
191
205
90
83
82
135
129
199
54
88
57
64
122
154
187
70
128
53
122
85
81
131
80
61
139
89
149
133
52
75
170
107
162
89
62
97
63
167
69
100
132
190
93
65
83
146
18
191
66
221
32
172
41
56
102
73
94
63
131
142
66
32
94
19
20
112
149
215
45
123
106
55
68
153
90
218
148
98
98
185
82
82
149
64
76
82
77
122
57
80
55
41
127
33
92
23
71
141
185
98
189
79
160
167
186
56
96
234
76
33
93
93
169
59
101
162
139
145
12
116
103
96
79
54
124
167
45
26
119
86
75
135
105
233
73
127
62
161
178
97
138
30
176
124
61
40
125
85
88
112
102
127
135
66
85
47
108
9
156
78
95
15
39
28
98
21
62
84
91
91
85
47
110
89
50
58
88
153
214
100
83
179
79
68
137
59
107
113
82
209
79
152
144
105
111
164
104
76
162
78
182
88
153
166
114
66
168
37
208
117
187
38
71
92
79
76
113
123
41
157
19
41
172
95
136
82
76
65
65
40
57
62
79
66
144
92
58
26
110
156
41
94
24
47
109
136
82
169
147
44
173
155
75
46
67
45
63
72
37
108
103
54
153
152
57
116
168
118
38
94
42
73
94
52
94
52
66
80
224
142
78
97
73
98
162
168
65
69
148
166
89
81
28
191
85
250
30
159
125
145
33
35
82
98
155
142
48
168
147
101
119
122
26
16
88
61
140
107
33
15
201
86
123
183
121
132
78
132
85
142
137
25
83
104
148
150
157
102
125
197
35
114
69
83
125
73
84
162
220
199
97
168
75
131
82
77
160
107
42
85
86
38
152
107
79
123
93
21
82
101
64
108
123
111
72
125
147
116
33
115
158
93
37
111
120
121
75
110
166
87
170
167
80
117
66
152
88
63
88
62
121
47
71
47
118
107
131
44
21
101
37
147
151
52
55
83
184
50
145
127
12
69
78
155
127
155
24
22
60
68
141
97
59
59
149
108
35
97
178
14
64
56
42
38
177
77
125
143
69
68
139
78
58
68
29
61
101
85
34
170
175
177
79
129
69
112
20
116
20
79
153
141
171
8
21
182
13
93
51
128
31
78
42
49
178
83
103
86
92
103
107
93
40
144
125
84
109
97
108
135
174
78
65
46
132
131
116
60
109
96
123
85
91
92
53
113
41
71
121
42
73
32
201
28
175
84
187
110
58
125
164
85
164
64
59
180
136
53
157
79
26
85
91
44
102
136
102
69
202
163
73
110
227
50
97
69
164
87
99
120
147
32
67
170
97
161
97
71
43
149
61
71
138
62
235
74
112
126
37
130
145
75
87
45
92
110
68
65
35
136
102
60
157
113
71
166
70
119
56
19
73
80
25
216
170
211
164
77
27
98
123
127
103
46
126
52
77
108
149
48
231
138
123
127
191
103
179
182
51
97
98
63
130
82
48
48
182
142
174
165
117
178
68
142
119
120
65
117
100
55
174
121
97
88
39
147
148
151
157
63
165
167
72
120
38
75
38
86
191
92
134
35
70
60
86
110
54
144
107
38
46
106
131
180
105
132
136
30
69
18
77
103
228
48
104
143
122
86
82
108
67
29
72
110
93
105
103
117
37
155
166
170
112
95
69
90
131
91
47
90
144
95
185
80
50
108
87
122
86
93
63
141
144
116
31
101
34
165
189
54
127
122
51
124
49
39
133
30
79
43
44
59
181
29
101
61
93
70
127
126
32
70
151
60
188
102
35
101
192
87
88
59
75
99
129
207
150
43
184
51
62
55
61
55
81
46
111
158
68
146
126
104
167
32
44
143
174
155
119
78
92
103
22
126
144
121
69
67
93
147
54
145
159
52
119
171
140
196
114
74
99
110
131
158
88
175
100
101
16
118
171
171
107
6
75
22
118
150
173
80
57
50
23
120
108
81
101
79
170
33
169
105
101
68
86
222
105
111
62
147
65
20
23
104
177
66
60
210
36
121
233
170
187
135
147
80
78
54
104
136
60
31
63
120
136
118
72
64
123
104
64
78
97
53
101
109
115
52
16
164
49
103
63
65
52
46
98
15
80
117
22
121
206
97
87
66
175
105
97
114
102
115
174
78
153
27
39
181
77
73
86
21
149
36
118
104
132
77
89
58
194
137
87
231
64
223
118
79
75
75
102
123
127
15
151
84
51
109
122
163
90
82
195
59
142
113
45
42
94
125
134
100
104
52
50
132
60
84
93
91
67
68
153
148
36
53
128
196
81
45
67
94
50
89
156
80
49
122
241
24
67
87
194
106
69
27
31
107
148
56
62
176
122
13
31
132
105
198
35
104
178
82
15
162
168
75
152
90
122
35
63
35
96
56
49
49
53
160
115
39
73
123
170
84
78
62
56
113
68
48
13
213
24
53
30
46
165
185
79
158
78
72
123
87
137
65
184
192
55
113
69
163
138
122
99
227
133
60
186
66
77
99
160
158
130
24
79
111
19
111
89
151
103
43
75
69
93
184
23
51
84
34
118
48
156
91
172
76
64
169
132
81
51
112
75
43
176
89
39
65
27
165
192
124
95
65
114
117
108
7
95
66
54
46
85
45
125
62
80
14
55
31
42
93
54
112
86
82
29
25
112
71
119
100
64
25
129
129
49
71
127
104
68
144
117
180
191
171
31
24
23
92
48
30
170
200
135
156
121
97
63
81
53
219
52
62
69
92
108
141
72
171
53
128
79
85
66
44
21
91
64
105
36
123
42
156
100
100
57
151
92
161
147
61
81
87
82
124
193
67
26
98
96
75
92
149
198
149
153
35
48
139
173
73
133
27
29
150
83
63
77
63
45
106
95
155
53
128
27
126
57
218
178
69
147
173
54
66
90
61
101
53
163
134
52
147
124
146
160
91
145
124
62
105
55
57
28
36
25
198
49
122
66
85
119
74
141
43
74
74
58
97
124
67
133
88
68
79
161
196
101
101
101
69
26
98
179
22
202
17
154
194
123
206
196
71
127
132
21
70
79
115
132
153
62
104
129
76
128
114
183
157
38
197
119
102
97
207
73
120
54
169
78
85
71
77
69
93
142
86
58
36
70
161
69
49
78
102
95
125
196
101
59
142
60
83
109
136
118
76
64
16
22
110
54
123
113
87
122
73
53
144
87
107
135
140
165
33
49
69
62
144
80
123
209
145
197
72
67
82
67
172
14
127
192
98
85
59
96
145
179
159
99
200
97
126
68
150
43
177
55
67
17
95
187
204
9
187
114
79
125
159
48
196
39
109
54
51
119
46
85
84
113
38
192
31
213
73
86
45
98
67
72
85
140
6
186
156
84
107
71
115
133
72
13
14
149
139
179
137
42
53
193
53
134
118
50
122
166
113
54
96
132
118
181
43
209
116
41
50
151
212
69
134
111
148
84
121
198
137
101
170
57
140
115
84
71
78
80
154
96
57
172
45
99
56
133
55
101
84
123
65
96
116
110
86
49
145
80
64
67
59
46
64
118
109
61
156
9
126
42
103
164
106
86
129
23
216
9
48
40
190
103
127
74
95
73
101
15
132
78
119
154
131
102
108
179
96
27
41
135
61
237
80
115
130
33
168
129
38
108
69
89
23
42
53
184
137
102
166
46
