456 758
73 334
172 424
22 367
379 260
689 96
527 83
479 617
753 594
733 96
730 604
151 67
36 238
390 779
305 681
284 490
425 413
266 78
518 273
109 186
235 724
154 441
480 357
433 105
249 250
715 446
509 486
180 97
125 691
699 493
707 223
14 739
451 273
461 562
278 435
229 776
703 264
690 277
788 168
274 464
10 373
387 325
413 324
610 705
283 563
553 502
538 96
513 414
35 432
258 631
635 101
368 73
221 233
365 741
788 765
44 81
46 448
542 622
697 763
627 39
710 742
123 103
597 325
736 628
110 112
93 717
526 205
203 412
241 441
484 216
203 517
488 793
771 742
539 309
377 564
63 100
51 682
265 175
654 433
36 628
236 680
495 549
698 660
531 75
705 40
740 332
785 680
689 401
568 420
256 668
394 748
224 544
279 3
70 790
647 475
216 55
52 151
115 285
389 711
225 682
84 265
164 319
436 540
591 242
65 532
39 264
621 754
702 511
660 252
329 286
790 449
638 118
677 386
628 223
316 300
32 283
505 267
667 365
60 694
623 631
201 123
127 474
46 210
242 365
188 692
269 521
567 671
510 28
729 706
203 269
556 451
527 694
207 729
38 572
535 406
61 563
206 745
518 17
767 307
779 790
770 127
433 130
404 33
36 501
593 487
711 465
273 752
5 587
526 649
500 124
163 242
515 498
673 278
598 10
556 265
624 155
527 238
181 572
214 577
181 323
337 296
168 90
602 51
402 792
19 153
512 625
3 71
491 332
349 744
346 254
347 219
608 385
730 715
77 348
217 440
40 420
338 649
163 462
294 125
411 576
705 76
447 382
69 77
382 525
238 331
302 410
748 698
765 616
242 402
768 462
84 84
423 636
503 777
82 683
594 356
474 660
641 92
369 108
487 675
688 241
289 653
259 132
424 767
620 512
72 446
366 159
397 448
589 698
351 496
685 41
467 780
326 610
92 679
456 324
95 277
11 222
18 485
744 409
89 765
505 324
406 560
471 721
482 535
731 322
378 128
142 388
165 748
198 573
725 151
11 777
94 252
349 112
110 231
555 657
620 619
48 435
763 251
784 619
785 508
251 577
573 101
143 406
454 256
277 279
434 396
642 343
724 745
655 158
321 71
641 204
258 52
50 299
719 419
418 497
350 484
666 512
579 624
657 54
392 239
699 58
380 704
369 390
188 478
758 481
434 725
193 257
1 241
162 408
626 384
100 417
402 500
557 165
261 432
52 114
775 321
286 532
106 416
740 421
396 703
443 314
436 236
338 313
758 198
550 321
467 224
258 682
643 410
683 742
193 278
60 715
475 55
186 261
66 550
477 396
758 149
76 731
127 25
176 156
394 289
572 72
597 788
303 264
212 691
127 416
401 478
718 218
612 631
449 20
593 311
220 354
503 456
412 748
582 171
666 422
202 4
427 710
244 99
728 740
203 247
3 362
755 182
158 791
111 465
691 376
418 19
667 430
511 760
741 266
117 10
38 685
503 523
639 338
3 401
341 638
343 785
613 246
311 182
676 417
699 791
0 19
286 97
794 317
229 178
123 116
546 564
670 786
569 639
555 78
582 443
212 386
478 437
338 800
698 282
263 694
235 509
539 145
127 771
567 99
470 462
411 175
430 798
666 16
128 194
534 508
16 66
303 353
207 355
653 294
800 558
613 199
486 697
196 239
246 194
55 678
469 73
146 744
537 542
697 650
44 400
106 524
735 775
338 702
324 513
272 309
770 497
704 85
514 508
130 493
679 688
210 131
212 141
506 403
94 148
569 338
422 186
568 726
353 409
196 640
345 331
464 406
62 154
141 374
62 308
103 335
196 240
22 244
206 261
294 305
6 83
20 132
342 389
122 215
1 100
19 362
59 259
159 291
105 230
26 330
193 373
175 276
31 289
120 342
135 292
118 295
39 68
5 259
195 198
34 67
355 357
69 359
308 335
15 382
49 80
204 378
151 376
66 355
210 221
49 285
52 77
82 119
128 317
4 42
40 48
98 311
52 265
92 95
129 288
96 182
242 298
90 260
19 232
69 284
87 252
146 353
58 128
138 274
288 291
108 369
204 303
149 355
258 394
56 175
134 293
119 377
85 223
175 204
151 386
247 369
65 295
248 340
336 372
302 397
114 281
7 165
107 263
81 102
102 220
35 132
314 328
82 128
97 173
296 328
94 145
28 356
22 219
44 382
17 250
16 206
292 379
73 116
98 176
49 211
349 366
59 196
121 322
192 210
83 137
151 363
132 353
55 339
228 282
20 89
31 373
4 298
231 248
6 46
271 369
13 90
295 356
52 372
87 313
269 322
63 186
29 255
202 210
240 355
126 256
41 109
228 320
138 327
313 323
51 141
178 231
189 217
167 213
0 192
20 353
182 190
76 373
61 343
165 198
29 203
15 68
150 265
96 392
166 339
61 190
181 279
28 226
32 213
35 302
67 366
26 363
316 390
223 341
29 145
76 289
2 262
78 313
131 326
1 105
102 253
44 125
104 135
232 362
118 193
109 398
159 366
72 86
132 226
195 221
87 268
74 220
191 220
97 150
110 217
17 178
150 232
145 252
131 395
104 379
47 399
22 47
145 384
62 393
236 305
132 302
99 132
241 269
142 374
145 189
131 346
169 298
55 364
185 272
34 188
13 360
21 267
391 399
168 278
147 292
160 281
174 272
34 272
134 399
132 136
180 209
26 310
15 254
12 115
52 318
31 76
286 313
238 384
212 295
225 366
103 108
53 98
308 331
24 372
193 289
19 64
246 345
148 233
100 232
89 353
18 156
25 189
338 345
182 328
47 310
0 326
110 277
122 232
8 63
275 382
43 233
71 202
267 269
155 247
282 294
112 313
80 302
125 275
26 47
152 199
126 306
2 174
201 336
114 243
275 354
65 289
2 225
206 253
87 325
23 149
176 200
57 346
157 397
37 352
160 398
9 209
125 382
159 288
106 300
21 262
132 375
10 63
95 161
204 216
222 344
209 259
221 326
106 207
38 140
330 376
6 240
99 136
110 384
100 115
190 273
371 372
113 152
219 279
40 319
23 307
30 282
67 241
30 36
144 348
10 82
15 34
0 221
287 388
40 235
330 363
200 211
94 255
59 84
23 359
109 169
279 298
196 385
254 304
61 273
27 343
258 298
45 363
80 200
206 396
31 118
236 341
46 357
3 175
41 261
111 257
210 360
160 383
21 241
150 318
115 266
39 185
8 86
259 361
51 340
99 124
94 313
50 209
11 120
130 363
84 180
14 353
23 290
24 129
57 148
73 393
11 328
116 156
101 291
52 129
350 391
134 391
154 308
16 396
117 268
133 292
269 303
290 324
19 230
250 316
65 212
52 150
68 354
127 307
61 161
34 68
186 246
265 291
2 349
115 122
167 279
347 357
67 272
135 147
37 108
37 305
124 375
36 236
24 301
38 228
48 216
60 172
57 256
30 305
151 310
68 262
278 315
192 360
288 371
181 350
171 286
46 240
82 388
48 378
79 118
65 356
48 175
108 199
294 385
13 334
315 370
247 249
67 267
131 370
168 334
141 149
110 263
115 215
237 377
67 177
331 393
278 311
144 203
39 188
114 301
77 342
43 119
310 330
77 340
121 204
116 284
53 90
98 260
126 148
81 376
159 265
245 331
11 64
21 174
287 317
48 269
20 146
0 315
241 322
57 306
33 222
65 76
107 145
4 32
41 213
365 383
201 316
185 188
153 162
18 219
25 87
9 140
20 302
108 152
158 227
127 290
79 373
252 337
7 57
143 379
200 353
17 92
112 331
143 235
7 81
43 126
236 282
46 149
216 292
363 386
8 237
45 203
281 383
53 334
174 349
74 211
297 389
99 285
150 371
16 293
194 268
177 303
168 351
246 380
159 309
87 217
122 164
168 260
138 352
299 357
137 347
262 387
67 225
148 195
237 368
140 228
189 277
225 303
32 219
57 131
85 274
67 68
108 249
72 317
68 272
91 157
198 370
159 349
325 337
246 287
120 161
246 317
81 386
60 186
120 201
281 298
344 376
295 375
311 315
221 264
175 235
163 202
40 173
265 318
6 137
11 95
37 152
73 308
23 374
51 142
358 386
52 342
376 386
149 357
2 303
228 385
179 270
79 212
108 367
257 385
153 361
26 45
70 227
102 304
31 93
174 177
21 303
221 370
326 395
207 233
166 364
12 105
250 340
37 199
169 281
203 255
204 269
76 212
165 195
173 214
133 379
104 292
263 277
16 22
268 337
104 387
181 213
24 243
228 247
235 276
53 260
141 394
144 363
269 276
12 100
261 396
42 298
183 382
302 353
342 390
1 3
133 216
240 312
98 278
117 331
172 246
18 242
207 256
239 354
117 171
249 335
149 374
295 373
123 349
25 107
33 220
343 392
136 321
45 151
188 309
188 349
28 124
343 362
71 326
194 245
27 95
51 197
347 355
42 279
124 226
28 118
47 134
291 371
252 277
318 342
273 392
161 389
21 67
115 251
177 267
148 256
160 243
85 327
17 316
243 281
99 397
163 351
171 268
58 246
125 354
17 248
123 365
172 287
114 169
172 388
350 399
13 163
82 377
160 169
64 75
359 394
222 386
128 377
265 371
26 222
191 278
168 381
234 346
294 320
18 154
6 347
82 172
118 373
365 398
18 69
27 64
182 296
197 224
76 329
155 249
297 342
62 367
95 250
67 174
241 303
32 242
21 225
170 301
34 185
33 102
27 316
161 343
87 277
178 197
113 312
305 327
149 271
141 359
286 348
221 311
35 321
25 313
75 364
77 390
61 392
244 261
107 238
4 169
256 346
110 238
73 167
135 143
3 378
53 278
14 285
31 229
154 335
55 75
58 106
150 362
36 108
13 98
178 201
267 366
163 210
41 281
223 327
66 116
179 191
298 398
50 257
75 273
235 378
60 72
97 230
24 383
98 381
60 338
99 353
332 378
119 346
208 270
113 335
214 251
245 323
109 243
25 217
372 389
225 241
55 190
90 168
138 341
297 362
59 361
278 381
26 130
264 278
187 377
73 194
97 101
75 166
73 219
3 173
121 276
358 399
327 341
21 121
277 337
83 149
9 180
148 207
103 308
10 187
43 395
259 385
344 386
132 285
49 353
297 343
122 266
4 160
112 268
63 237
107 384
313 325
45 130
87 117
64 343
59 162
155 196
212 373
143 204
118 212
310 391
7 195
282 320
246 338
179 220
82 187
350 358
79 135
14 200
252 313
185 261
38 282
38 236
198 315
300 395
91 239
263 384
108 305
196 247
62 331
187 368
280 298
67 262
258 280
169 258
3 235
11 190
5 209
183 304
70 239
164 215
204 235
17 390
14 176
180 361
178 340
124 132
161 297
50 247
136 375
96 273
72 246
7 148
199 352
74 183
193 295
5 180
44 211
24 265
103 156
100 105
87 286
105 232
181 399
206 358
126 131
256 344
27 61
50 162
64 190
288 318
197 205
95 316
236 320
35 226
74 179
68 174
44 158
34 39
171 194
43 106
83 127
111 155
244 391
74 270
43 300
93 289
44 275
109 114
257 259
22 391
47 350
178 248
75 339
24 52
60 317
240 271
116 219
8 368
96 122
169 170
329 373
342 371
305 352
10 368
126 165
156 284
27 120
218 375
316 340
268 325
331 367
112 117
71 192
59 299
13 311
227 354
43 388
223 323
118 289
49 397
100 122
4 41
208 253
150 291
75 182
81 330
21 276
176 211
93 218
218 229
379 387
39 275
317 380
309 366
21 177
389 390
90 278
105 215
27 161
43 306
5 228
36 199
66 312
77 389
206 270
93 356
289 329
69 116
13 264
60 388
22 293
77 178
180 385
55 96
244 293
17 95
4 281
78 255
61 182
289 373
25 78
142 307
88 144
28 373
109 170
173 251
1 97
217 277
87 337
131 207
128 186
129 150
41 160
30 236
60 380
121 269
254 270
171 245
299 347
60 128
95 314
52 288
37 223
69 242
322 387
293 399
0 360
169 336
51 231
5 257
94 325
242 394
190 296
28 375
11 343
166 182
20 226
221 315
55 166
201 372
90 334
339 364
293 350
83 240
222 363
33 81
54 317
113 369
307 324
145 238
201 342
138 236
100 214
130 134
210 326
78 112
225 267
310 363
186 388
41 298
175 216
174 262
22 399
58 60
53 381
151 222
267 349
160 298
96 164
23 142
238 368
133 135
264 311
107 255
316 389
83 299
13 168
153 299
79 329
201 389
262 354
287 380
189 384
270 358
290 307
172 186
117 286
42 181
151 330
68 188
47 391
178 316
155 369
136 226
168 311
217 263
70 354
194 283
112 337
51 324
260 311
69 156
39 382
63 187
213 219
200 381
8 187
274 352
32 284
46 83
199 305
190 343
207 306
98 202
56 204
311 360
1 173
246 388
220 253
208 382
330 344
188 366
85 323
101 288
23 224
175 332
77 316
187 237
312 355
53 315
9 385
150 288
28 289
65 329
117 337
119 256
171 331
155 312
30 37
57 344
60 345
323 331
344 363
260 315
109 281
251 266
26 358
323 337
59 153
65 118
241 267
161 296
2 177
16 181
70 177
28 65
196 259
76 295
250 314
85 341
25 277
46 271
166 190
253 304
271 355
81 363
240 347
234 256
61 75
245 308
293 358
178 250
128 287
97 100
245 367
64 392
91 354
129 159
58 287
120 390
148 198
54 139
231 336
162 196
363 376
4 258
63 82
19 392
318 371
10 237
22 167
335 367
319 378
183 206
242 280
66 271
54 172
14 80
62 283
254 382
126 234
58 172
18 284
3 48
98 168
61 64
0 210
131 148
50 59
224 359
205 359
164 273
157 227
6 357
180 259
286 323
4 301
29 325
86 186
209 257
80 285
293 310
78 337
141 197
130 348
283 393
120 389
183 208
200 333
105 122
19 122
27 297
6 149
108 352
208 254
172 317
194 393
32 116
16 244
145 277
33 179
75 164
70 158
210 264
17 340
55 273
39 174
260 264
50 385
3 319
60 246
20 124
44 239
229 289
67 188
56 143
25 110
112 245
49 239
88 391
18 32
30 199
79 133
18 73
2 67
88 134
50 240
23 51
199 327
40 332
372 390
224 394
77 201
163 311
239 275
16 261
111 247
84 257
70 125
290 374
165 344
82 186
188 272
150 230
227 397
244 399
108 335
273 343
184 288
7 179
20 99
104 143
267 276
230 232
274 327
61 296
176 333
53 168
53 163
167 181
208 304
256 306
124 302
79 147
342 372
32 258
120 297
112 252
186 317
111 196
227 239
89 302
219 283
91 262
13 202
38 294
129 318
124 397
122 230
83 374
69 394
260 381
12 214
14 381
178 336
167 283
310 386
66 156
177 379
104 216
206 254
238 263
154 283
282 305
96 190
119 233
26 376
86 237
25 263
283 308
105 214
125 158
223 274
141 205
121 379
69 280
267 303
15 125
175 378
260 278
32 280
296 314
103 154
20 285
33 386
285 302
182 392
78 87
201 340
92 314
171 348
193 212
56 378
24 371
335 369
102 330
20 80
77 372
164 392
24 318
281 398
171 393
83 355
72 186
242 258
162 299
120 316
235 332
317 338
103 312
5 111
243 301
1 251
183 220
41 279
14 333
29 107
308 367
42 398
234 306
240 299
181 391
284 394
185 365
162 361
36 37
40 378
113 199
368 384
116 154
123 272
206 244
272 349
11 161
142 290
139 246
104 322
170 205
93 229
297 390
196 209
136 146
105 115
50 196
176 381
199 249
30 228
263 368
154 156
36 327
79 193
186 237
183 253
182 273
205 231
170 258
17 120
16 399
102 222
305 320
249 369
5 9
226 375
326 370
281 301
97 214
117 313
58 380
223 352
48 235
64 273
18 283
319 332
271 312
112 286
177 322
303 322
129 265
83 347
323 325
235 269
236 274
90 202
112 323
88 268
8 377
214 230
106 338
70 262
166 273
0 311
204 387
36 138
74 102
280 284
233 346
130 310
72 139
8 10
49 200
285 353
22 213
128 246
39 125
87 323
204 322
18 116
33 330
30 108
67 309
45 144
7 198
218 321
65 218
233 395
126 207
62 245
9 259
219 393
124 136
312 369
118 329
48 143
169 301
37 327
134 350
83 357
29 263
57 126
134 348
95 389
36 152
308 393
89 200
84 361
25 29
99 302
32 298
102 183
141 224
126 233
42 213
184 188
49 158
182 364
217 252
148 165
96 215
273 364
145 325
140 294
211 333
36 352
36 305
177 262
125 239
206 208
218 289
14 49
137 307
276 322
88 130
212 329
317 388
182 339
56 216
45 344
47 88
12 215
123 188
71 210
90 360
98 315
2 276
25 252
291 318
32 42
324 374
148 370
226 356
41 114
252 325
129 371
161 316
213 242
186 377
130 151
198 221
45 310
26 386
194 331
56 332
53 202
253 270
198 233
0 71
289 295
97 251
126 346
103 369
7 191
67 123
64 161
66 284
32 279
85 352
130 144
123 184
192 326
75 190
155 271
92 250
94 203
5 385
4 280
115 230
176 260
133 147
202 264
184 309
46 299
85 138
53 351
172 377
14 89
111 240
106 345
268 286
62 268
229 295
183 270
88 171
209 361
81 344
208 275
47 293
377 388
27 390
36 367
80 89
145 255
110 189
274 341
0 370
50 111
190 364
24 288
78 94
5 247
45 376
281 365
86 128
179 183
182 343
140 282
197 359
177 387
282 327
88 194
177 241
113 249
74 382
46 355
4 114
128 172
213 279
15 208
248 316
127 374
40 175
137 290
118 218
261 398
28 212
60 287
1 378
100 251
212 289
16 350
321 375
207 300
47 130
101 366
65 373
91 275
15 272
30 249
148 346
264 370
1 214
209 385
287 338
12 232
90 264
6 299
172 380
128 388
215 266
90 315
271 357
117 245
265 288
167 219
157 239
11 27
62 194
52 371
104 133
44 91
0 202
64 96
240 357
80 397
152 335
202 311
276 303
180 196
121 303
9 294
104 147
286 337
175 269
165 233
321 356
23 324
129 291
41 398
185 396
114 398
25 337
178 205
189 252
21 269
62 73
56 276
100 266
196 257
116 167
111 357
216 235
64 182
102 270
206 304
23 197
225 269
175 319
126 395
73 283
51 224
197 248
11 61
81 222
88 348
242 279
203 348
55 182
35 136
248 250
56 269
160 365
34 174
21 322
22 181
3 40
91 227
123 309
174 188
143 147
80 132
109 160
268 331
236 327
131 165
112 325
116 283
5 84
309 383
197 231
280 394
131 195
1 115
101 309
18 66
49 89
106 395
2 267
228 294
162 357
89 397
79 292
207 346
45 348
258 359
76 79
145 337
50 299
121 262
338 380
48 332
4 170
84 209
57 165
17 201
89 99
108 113
137 153
162 347
205 224
113 247
4 109
94 107
58 345
26 151
54 72
15 354
2 241
295 329
233 306
236 352
75 96
287 345
109 298
62 171
114 383
33 253
352 367
78 286
43 207
135 379
20 35
224 248
22 279
24 291
78 268
58 317
35 146
10 377
145 263
6 374
2 21
98 264
201 250
80 353
149 290
102 179
243 383
181 293
214 232
313 337
123 366
151 358
11 296
233 256
205 394
163 334
32 69
59 209
249 312
200 285
123 383
19 96
0 264
121 177
30 327
218 295
45 386
224 231
191 315
220 270
286 325
9 228
26 81
31 329
45 330
158 354
242 284
127 347
91 125
184 243
109 301
162 257
103 249
184 366
143 292
181 244
87 112
307 374
170 336
207 395
180 257
139 317
131 198
97 232
293 391
226 321
48 204
165 346
94 144
81 151
114 365
114 160
6 355
12 251
119 234
80 99
106 287
330 386
99 200
195 315
226 302
167 293
306 346
76 193
66 69
55 64
6 127
21 387
192 221
199 367
183 254
68 185
117 323
310 358
89 124
144 255
334 351
12 266
268 313
270 304
63 377
105 266
73 156
52 243
39 272
365 396
230 251
333 381
5 196
23 141
63 86
86 172
194 308
127 137
284 359
75 343
160 301
86 187
37 367
12 122
230 362
48 56
152 367
241 276
54 380
101 159
28 295
205 336
92 248
228 305
260 333
23 231
77 336
136 302
31 295
15 275
173 378
210 311
51 248
276 378
252 323
300 345
115 214
169 243
109 383
6 290
71 360
193 329
46 347
143 216
90 98
53 311
58 338
158 239
95 120
46 127
12 230
244 350
5 50
280 359
38 320
149 347
58 72
27 389
132 146
138 223
158 397
101 129
318 372
184 383
161 390
245 268
84 259
52 291
30 320
327 352
100 230
191 195
218 356
25 325
68 349
133 143
222 376
3 332
36 223
9 84
16 358
84 385
161 314
80 124
152 352
195 370
103 113
0 163
57 233
119 306
25 145
70 157
90 311
13 53
119 126
264 315
91 158
76 118
121 387
165 256
73 154
50 155
231 340
28 193
13 351
184 349
72 380
134 310
131 221
269 378
56 235
59 257
49 99
139 380
93 295
30 352
253 358
17 389
202 315
201 390
8 82
41 42
362 392
30 152
116 242
11 314
49 302
189 238
202 360
176 278
163 360
65 193
72 128
89 285
16 304
301 383
131 233
184 365
101 265
50 357
222 330
153 257
29 94
7 33
190 328
189 263
54 246
217 323
204 276
190 392
47 358
19 343
83 290
67 349
39 354
0 90
257 361
140 320
66 154
18 167
90 163
124 285
309 349
157 158
46 374
345 380
310 399
105 251
254 396
142 324
225 276
38 305
78 325
70 91
159 184
72 172
356 375
310 350
26 350
233 234
75 392
56 322
65 375
74 208
162 240
20 136
71 221
322 379
113 155
10 86
15 39
124
138
31
29
198
138
73
151
25
41
64
111
128
49
100
104
164
70
46
110
65
157
23
91
108
42
34
93
89
144
149
136
120
103
135
156
59
86
101
205
48
213
130
83
93
136
27
215
80
103
102
24
75
68
103
30
51
89
139
52
167
47
66
87
22
87
26
150
45
49
177
90
48
78
177
88
79
59
216
142
164
37
113
200
94
124
68
109
50
79
215
86
76
124
54
88
155
26
156
138
135
94
192
78
81
43
77
72
129
92
38
131
111
105
63
114
94
154
58
95
59
95
99
160
64
113
99
48
12
14
69
148
140
54
64
111
125
196
103
89
213
70
71
79
79
67
43
149
21
161
123
133
132
46
71
43
130
77
137
69
61
140
70
145
113
162
80
86
56
104
55
63
173
90
72
146
57
50
86
114
135
86
105
70
68
133
119
74
69
158
179
26
94
49
150
36
60
90
156
77
45
143
57
51
127
184
125
97
156
88
55
182
163
71
89
65
42
139
63
164
115
161
121
151
42
108
76
126
168
93
110
71
39
46
157
106
123
101
106
122
165
68
57
109
81
186
121
36
85
22
83
122
57
107
90
123
123
32
175
180
159
45
140
95
121
50
131
137
76
150
71
188
190
186
21
126
164
159
117
102
102
78
62
78
110
43
99
72
178
113
95
132
143
73
184
145
60
28
161
128
96
182
39
102
75
87
48
189
41
76
140
93
199
74
206
89
103
143
209
106
82
129
194
62
34
71
181
107
71
98
116
61
159
203
70
39
27
118
201
100
47
171
130
150
50
98
86
16
57
219
145
56
87
136
92
191
99
93
111
175
66
85
88
13
50
113
50
140
113
144
96
50
46
52
124
107
20
84
245
90
96
88
92
42
41
175
127
107
222
170
201
115
54
73
69
91
124
151
182
156
89
53
33
79
47
86
8
127
94
85
177
99
156
141
127
91
79
107
204
133
113
72
67
65
139
105
105
107
31
23
65
146
101
117
110
105
186
143
162
121
164
73
78
115
50
116
94
126
122
129
195
67
88
75
140
72
150
124
63
100
146
133
128
119
29
151
88
182
95
156
149
110
89
156
217
75
136
123
108
54
101
31
182
18
109
87
10
81
66
136
72
58
110
106
53
45
68
97
32
165
182
19
110
97
115
161
151
83
130
106
207
169
112
121
125
102
105
89
198
144
121
53
76
89
125
23
33
99
96
157
131
47
53
89
126
181
30
165
133
78
171
157
88
156
105
72
168
110
16
86
35
40
163
89
77
131
89
147
20
112
93
115
199
208
82
79
97
148
99
67
115
71
179
81
134
41
176
166
112
80
65
91
162
67
66
67
25
57
34
175
85
147
106
42
84
161
133
162
55
176
135
156
48
75
44
117
113
160
119
141
65
52
16
79
144
37
90
65
42
135
93
128
154
91
85
57
118
17
132
74
207
104
27
17
84
150
116
114
58
50
41
89
148
72
63
187
137
93
87
125
75
171
138
158
192
115
139
109
152
146
87
189
69
27
155
61
146
90
93
136
93
72
33
193
102
50
91
97
90
156
125
143
96
182
150
54
40
79
106
58
128
63
110
74
119
160
96
70
85
68
62
126
201
36
102
60
59
84
78
87
149
69
123
128
119
144
101
141
175
106
215
59
192
166
91
195
192
60
115
32
127
85
88
160
100
102
102
51
154
17
59
55
35
59
128
111
116
69
80
59
18
148
51
159
61
128
44
84
70
73
246
187
111
69
26
182
143
127
131
180
68
106
72
153
86
116
65
154
72
71
205
96
165
57
116
130
131
64
103
107
89
121
116
66
51
185
147
66
106
88
103
62
95
123
181
137
170
70
50
100
77
130
114
74
60
88
86
49
54
108
74
184
195
168
181
66
36
86
85
83
112
134
76
41
181
94
169
96
45
50
190
197
155
102
72
80
102
43
174
108
28
32
181
61
208
167
114
46
75
110
85
179
44
61
36
124
101
91
160
87
159
78
39
24
17
120
102
34
219
81
80
80
204
78
60
76
73
204
158
54
139
27
96
111
91
125
124
156
70
145
105
163
106
172
119
183
27
36
179
29
131
100
92
52
120
125
55
27
114
74
156
107
146
95
45
103
162
66
115
96
230
152
101
115
193
150
85
124
160
113
114
47
125
96
74
103
64
77
136
158
128
36
120
72
108
60
145
123
54
167
139
114
51
140
142
129
125
34
96
105
28
80
52
123
51
111
132
170
124
75
171
102
202
128
27
59
121
32
87
32
167
119
101
141
205
73
146
63
125
110
123
181
55
68
148
39
102
90
30
114
144
76
134
53
55
23
118
66
33
73
96
102
106
77
123
115
25
97
196
80
49
83
85
112
109
112
76
79
101
177
92
168
79
37
122
138
127
55
98
25
222
111
78
82
75
94
109
177
76
88
153
154
73
43
161
48
77
155
62
106
133
105
74
108
105
50
132
30
44
127
63
173
147
98
43
70
107
17
102
30
150
128
90
33
102
125
84
87
58
119
95
185
152
94
26
33
77
150
99
64
124
40
91
34
82
158
146
48
64
28
132
43
190
31
37
22
111
138
64
129
74
140
56
16
65
91
100
51
82
139
135
155
124
57
59
153
141
158
37
32
158
95
189
83
86
96
139
77
138
70
64
127
56
56
53
70
160
83
75
152
86
70
69
102
180
74
102
174
20
130
70
63
132
110
60
102
83
144
97
92
61
136
44
139
132
28
45
95
92
90
95
58
86
41
197
65
110
84
50
100
104
60
193
104
101
43
84
105
177
152
64
126
45
173
174
145
62
243
91
103
94
96
49
183
118
131
80
128
126
153
174
81
179
101
67
108
94
42
16
100
191
55
79
83
119
108
118
68
111
147
30
106
102
85
187
47
69
82
62
51
65
119
103
77
56
57
98
61
110
66
48
68
114
107
119
21
129
172
18
35
179
60
134
134
18
52
82
164
92
158
81
68
37
159
148
192
64
75
65
200
117
39
31
104
131
155
148
78
78
183
152
112
46
72
54
82
115
100
95
33
53
43
145
104
37
169
102
139
17
156
79
68
34
104
118
135
39
49
172
62
144
69
40
174
103
53
103
49
111
100
206
218
176
81
40
83
99
43
109
20
57
92
110
39
81
18
127
102
119
111
153
123
85
148
49
72
59
110
149
119
62
113
46
122
136
122
97
157
75
223
63
103
49
54
105
17
166
76
118
37
103
107
139
91
32
44
121
81
64
71
71
47
106
38
132
160
110
121
194
131
87
78
175
209
131
110
77
33
104
38
106
99
97
45
53
148
158
183
68
101
146
57
216
165
118
101
121
106
31
70
159
111
41
140
110
54
83
77
114
147
124
168
113
87
134
134
73
29
78
87
103
82
43
72
83
112
68
89
52
87
85
122
190
123
96
156
71
82
219
52
134
91
121
194
85
71
86
157
28
164
26
52
92
42
124
73
124
198
83
138
127
138
197
209
131
108
98
152
147
47
115
139
177
9
29
96
84
162
96
153
149
90
91
43
125
66
109
86
59
259
105
74
115
128
62
179
66
128
86
130
63
184
108
89
123
140
43
95
183
66
53
47
94
116
81
69
118
116
74
105
11
66
74
30
56
103
109
103
229
52
138
88
73
254
30
106
127
121
82
144
150
173
119
165
127
53
155
75
96
110
120
36
174
72
185
137
40
154
132
48
52
73
78
91
37
90
101
180
102
169
125
86
28
45
38
123
172
151
23
70
44
195
102
86
90
153
43
134
165
117
148
123
48
85
37
65
101
89
86
157
114
199
120
66
127
118
115
51
152
34
37
82
64
50
106
89
97
81
143
87
97
38
36
121
51
171
163
111
141
56
137
101
60
175
137
68
59
127
99
130
92
156
65
106
97
168
89
123
65
57
124
38
203
95
45
78
131
23
101
69
133
42
182
120
112
81
91
63
146
121
100
57
101
66
107
48
196
69
73
94
129
106
141
91
54
186
57
172
78
102
78
59
128
48
49
123
71
79
141
154
71
60
67
44
55
131
112
139
134
59
142
67
16
24
63
34
128
128
89
92
129
67
119
93
109
134
85
137
126
119
68
37
189
79
17
75
74
57
90
82
72
75
71
115
177
136
107
49
183
174
45
26
93
184
104
150
112
66
166
36
69
87
77
31
167
124
125
146
145
167
113
161
82
63
95
94
55
169
53
157
148
120
108
130
78
68
48
48
78
95
77
103
95
74
156
156
74
180
52
128
105
105
114
103
185
185
144
111
134
132
46
108
65
61
39
122
46
101
110
187
115
73
142
75
87
104
117
54
75
52
69
190
49
22
31
76
37
118
179
24
35
15
32
196
73
78
113
105
70
179
115
61
159
92
32
74
149
129
173
61
79
188
117
73
166
41
170
147
98
136
192
100
33
101
32
36
109
17
196
95
80
146
150
91
28
135
84
141
198
43
148
142
117
159
101
114
141
72
137
147
52
171
113
83
120
195
38
41
204
100
104
95
122
24
76
220
18
55
116
59
73
50
61
116
148
161
64
121
109
73
81
170
186
167
28
