581 322
734 302
412 165
776 315
420 427
775 222
116 441
679 401
797 665
445 128
392 88
268 21
127 340
469 713
379 559
331 237
355 416
20 662
531 336
413 139
135 691
658 624
238 56
662 714
321 64
399 564
139 409
253 224
684 85
359 443
504 37
432 245
357 565
298 575
161 760
216 192
90 145
401 121
266 517
251 377
401 384
486 260
312 437
105 128
636 285
35 393
334 734
702 770
175 615
493 405
32 135
117 646
600 292
615 165
340 84
601 418
671 498
705 289
62 725
747 84
771 538
410 213
667 128
754 236
194 630
46 50
639 673
754 170
508 397
393 251
164 475
224 312
570 737
156 223
591 23
696 194
103 299
794 365
412 9
493 229
232 448
67 174
612 772
484 438
54 275
303 294
224 446
631 396
204 185
205 27
570 726
748 487
345 128
433 716
256 265
87 314
194 202
14 344
647 387
472 288
534 12
773 677
352 343
771 465
284 278
244 45
480 748
259 443
83 550
666 35
323 792
452 283
76 456
36 19
232 273
105 799
137 621
279 331
270 7
694 361
244 721
451 649
458 608
417 310
733 666
316 512
599 320
76 784
450 430
78 444
549 366
155 433
419 485
610 80
139 486
367 97
84 47
400 496
657 127
11 200
65 185
460 74
129 58
579 412
422 748
273 568
231 136
96 625
49 613
577 75
462 152
503 203
749 577
288 266
260 499
109 693
441 44
638 478
550 245
586 6
269 156
13 559
488 496
140 243
565 330
520 1
693 95
562 443
237 209
49 415
396 23
110 488
605 185
121 630
587 622
39 248
765 688
387 440
518 713
365 527
259 193
300 639
51 522
132 716
143 69
195 104
314 460
600 603
319 592
59 457
359 161
290 279
529 651
348 403
325 603
104 220
681 93
523 767
700 46
465 688
476 792
6 794
543 468
566 702
598 330
524 346
414 39
684 300
731 83
696 684
724 554
108 316
265 597
484 43
771 720
328 227
417 229
142 451
538 776
73 395
362 539
21 347
339 226
218 269
603 286
218 589
271 672
597 497
592 195
499 147
467 373
725 534
267 232
691 126
239 239
361 89
730 396
525 736
455 166
88 717
333 384
78 204
95 754
304 403
320 195
160 156
459 88
563 57
299 349
584 94
86 558
675 23
104 182
235 757
466 221
570 646
532 447
553 83
671 442
314 225
55 542
131 751
393 337
288 723
301 723
236 606
716 66
583 384
463 605
555 281
792 289
253 433
266 526
439 684
290 384
40 703
27 305
640 536
688 139
49 531
436 448
522 255
294 324
516 416
522 366
144 649
416 701
605 472
226 517
475 520
70 169
413 356
318 7
263 174
200 786
638 4
690 38
69 531
179 126
188 54
773 199
742 771
772 773
446 225
7 236
346 534
620 604
714 728
282 620
250 196
733 231
588 456
682 503
689 629
266 467
244 18
440 583
235 117
545 392
605 651
342 796
795 609
336 266
751 684
346 417
96 449
536 723
590 437
15 351
105 406
218 773
558 143
717 189
714 421
371 194
505 355
486 159
502 768
139 192
710 410
51 761
123 704
374 187
399 179
366 297
775 481
678 121
325 672
799 542
175 662
256 140
94 782
587 126
254 514
666 631
267 493
36 54
55 175
5 106
120 344
488 503
167 306
518 133
778 619
87 180
446 599
730 742
543 222
241 220
358 194
578 173
486 574
772 636
100 681
740 400
120 91
726 629
614 645
657 579
669 182
423 585
426 223
62 556
458 791
421 62
386 151
603 507
80 224
770 59
729 286
670 418
87 785
666 99
122 23
166 557
24 754
425 275
177 195
124 364
87 135
111 396
275 340
239 261
303 396
15 191
258 374
145 225
119 390
45 97
94 234
90 203
101 366
166 346
146 317
42 324
16 324
62 392
106 337
119 207
289 360
29 240
233 332
197 237
151 229
117 248
43 184
306 378
74 257
150 238
166 208
365 371
162 256
70 86
191 322
23 366
75 379
184 299
295 296
106 286
169 325
76 84
237 337
110 264
15 259
127 391
131 325
46 264
106 326
129 169
4 128
25 365
47 307
16 42
68 318
72 203
75 332
166 266
89 185
0 205
133 392
176 363
85 102
96 368
38 154
87 267
160 309
15 369
95 221
169 221
24 135
137 177
256 318
133 247
127 351
24 235
28 251
17 275
7 98
93 144
161 260
35 245
183 373
84 175
94 191
144 383
14 25
48 349
49 318
254 381
83 283
64 308
203 326
51 173
100 257
60 345
40 291
28 346
80 154
298 397
169 189
38 355
171 297
219 328
49 335
139 175
185 317
29 42
332 346
264 320
49 280
180 234
90 197
245 298
86 355
190 343
106 237
185 350
131 217
150 246
91 103
20 341
155 261
27 293
250 382
7 333
22 89
183 239
158 269
6 325
88 317
277 386
57 310
197 383
41 99
6 26
133 149
167 267
220 380
122 365
171 217
68 128
33 125
50 358
136 393
144 320
49 68
145 265
91 333
52 158
196 208
197 337
52 224
290 387
187 378
67 75
375 393
11 105
111 216
7 339
6 219
66 319
154 353
19 343
209 354
94 223
167 227
356 375
302 366
0 164
38 353
238 336
112 189
268 371
1 77
197 218
76 211
190 334
184 375
140 357
251 295
169 328
321 376
196 296
0 44
174 319
151 367
276 328
79 254
0 204
192 319
70 171
15 85
232 259
104 322
189 329
170 206
40 230
113 393
195 338
60 348
263 308
66 255
249 362
101 323
243 274
82 90
28 233
162 360
41 111
104 234
28 166
365 380
67 310
143 256
202 287
218 326
101 124
4 230
313 354
115 127
140 252
103 374
72 90
238 254
79 151
244 342
178 197
72 237
326 337
247 257
145 181
139 304
32 188
40 177
46 320
321 363
12 329
278 392
63 310
177 193
211 276
311 386
4 132
152 372
150 151
100 165
109 251
178 199
88 338
130 284
264 347
275 373
45 328
277 312
68 205
369 385
78 170
121 122
51 155
23 82
195 364
21 378
130 205
61 303
224 269
20 373
124 363
48 116
187 255
343 385
229 246
356 393
155 275
74 165
84 195
151 254
241 338
45 329
41 396
60 210
136 142
10 78
141 246
20 285
329 398
116 373
97 219
29 193
371 380
171 189
187 319
363 376
223 361
226 253
55 311
9 19
314 355
38 107
215 259
117 282
15 344
196 233
203 319
23 47
76 276
38 314
207 389
120 349
292 315
237 326
212 265
274 324
85 248
107 243
28 109
70 131
215 244
10 170
36 241
71 361
135 190
19 150
30 257
52 126
285 349
41 367
124 176
49 83
191 259
214 323
127 395
109 196
227 327
68 284
64 116
150 362
112 169
256 360
240 243
226 265
120 263
21 306
252 399
188 194
263 264
127 261
72 218
249 352
110 253
302 307
87 390
10 19
13 93
6 70
34 351
163 387
85 191
84 276
80 288
103 236
215 222
259 322
268 365
107 355
37 235
242 395
245 397
278 332
78 384
136 356
272 288
74 249
45 189
12 26
81 399
69 303
44 204
10 246
36 252
5 75
236 390
74 149
84 241
240 274
231 345
48 64
241 357
127 340
88 298
303 381
48 394
81 252
239 242
18 269
183 285
58 351
0 126
43 399
239 275
253 294
151 281
193 324
147 382
203 377
178 218
298 317
41 303
51 285
132 162
96 338
149 331
72 82
184 185
108 250
377 378
154 288
52 269
43 245
13 106
174 192
42 271
73 163
58 239
229 362
26 129
17 148
16 243
6 329
258 312
215 369
338 397
158 224
85 344
261 294
316 380
321 372
33 145
49 230
74 133
46 286
109 296
186 193
129 219
260 279
2 342
6 129
18 335
50 290
115 261
28 296
188 308
28 59
21 174
102 248
168 232
57 389
160 293
92 235
212 308
35 96
344 396
130 143
126 204
35 168
138 352
6 189
13 286
71 117
25 305
175 304
285 373
99 281
182 189
210 312
88 397
45 129
71 94
91 345
325 329
176 301
334 385
181 212
83 256
197 203
58 201
129 217
66 209
149 257
60 152
51 116
254 336
391 395
174 255
42 186
27 180
147 148
236 374
102 291
174 306
156 384
267 311
35 309
94 309
247 352
283 284
114 191
138 166
214 302
11 315
255 306
133 159
34 253
166 233
43 364
115 351
281 367
227 311
137 289
88 309
43 136
214 366
97 276
219 325
178 192
4 83
227 277
186 314
31 111
99 111
88 146
277 378
0 267
198 266
136 184
195 252
186 355
79 381
181 226
3 63
41 254
222 369
31 79
126 267
14 220
27 153
49 283
3 77
33 272
15 222
56 227
74 100
205 230
18 318
261 330
126 269
146 298
27 232
60 321
167 283
39 243
172 367
10 92
50 364
31 69
153 232
216 342
49 205
25 137
4 40
104 191
154 272
21 319
183 349
151 336
138 278
112 129
104 248
262 344
65 393
33 308
104 153
121 380
118 292
233 278
36 364
28 278
7 87
67 278
148 260
2 385
340 351
202 311
323 376
29 177
3 57
193 243
93 383
62 166
81 290
117 274
375 399
165 247
152 376
31 254
211 359
19 135
157 390
181 194
15 153
147 155
22 315
94 168
9 156
60 103
41 79
58 373
115 391
11 24
228 370
76 398
301 323
381 396
130 204
89 118
183 242
6 112
293 317
175 195
90 326
131 134
43 81
158 370
222 244
104 232
243 324
160 168
98 333
108 148
149 352
41 281
177 324
161 382
80 355
98 390
132 177
6 171
31 99
262 396
167 318
232 368
250 297
69 344
112 325
55 167
332 379
53 370
252 338
176 302
19 190
223 368
35 88
164 224
1 5
212 272
124 372
186 324
299 315
21 66
191 232
81 140
231 312
140 241
312 386
81 241
37 135
91 348
13 237
87 98
256 327
12 398
56 258
61 334
227 386
133 295
174 377
8 363
119 236
105 185
162 280
106 273
69 381
23 354
23 66
108 171
194 347
244 259
155 183
121 316
14 137
74 109
87 327
145 154
86 271
178 237
153 259
298 299
77 374
278 379
142 375
168 368
276 304
27 223
122 316
42 355
248 274
266 296
146 350
11 22
27 309
71 114
182 250
327 386
123 262
35 180
132 289
108 182
258 333
157 277
38 145
69 216
154 314
287 311
289 365
51 341
190 342
372 376
155 173
16 177
233 379
148 173
85 117
142 299
252 290
109 392
84 95
168 223
367 370
6 217
214 301
62 346
104 282
225 265
167 311
222 334
272 355
288 314
361 398
179 305
11 89
15 334
104 117
299 393
12 211
157 311
308 347
130 318
58 340
198 295
54 190
25 268
211 398
36 43
318 327
287 327
11 299
105 118
78 156
148 161
98 258
64 173
241 290
75 233
61 69
148 250
212 226
31 123
334 343
176 366
10 206
289 316
128 132
31 396
16 29
161 279
358 399
182 297
283 318
245 338
178 337
32 179
153 282
51 147
8 124
356 358
43 142
209 313
242 341
210 231
164 205
29 243
25 32
90 218
66 313
160 317
236 333
85 94
143 267
180 368
83 360
32 194
301 366
138 346
293 309
322 344
171 325
288 394
196 278
196 266
21 187
15 244
143 311
122 273
99 254
297 382
57 119
96 309
255 319
83 128
306 377
229 238
59 166
15 215
125 314
352 370
56 287
5 310
143 283
100 149
16 40
133 249
153 191
57 207
25 316
98 119
28 392
236 258
222 342
108 161
176 372
109 295
140 195
147 250
144 199
25 132
162 202
72 337
111 262
333 390
153 234
34 115
84 304
101 321
216 254
164 335
194 305
188 212
202 327
33 305
58 395
231 348
248 282
116 147
312 378
184 298
32 316
9 150
130 164
175 241
188 305
284 335
144 273
76 163
1 63
111 381
127 201
139 357
9 141
37 385
80 353
58 127
51 183
222 322
20 239
189 219
166 296
174 187
313 378
196 392
47 214
146 293
209 307
44 269
46 120
42 314
11 292
30 247
36 81
95 211
302 323
182 279
6 169
54 135
346 379
300 332
242 391
13 144
172 331
273 286
35 293
62 379
294 330
8 101
29 324
26 329
33 265
190 369
14 380
67 332
94 104
94 368
28 266
63 67
145 188
137 220
124 323
120 253
55 390
158 367
157 386
134 217
53 352
79 367
242 261
106 144
37 190
342 385
167 202
1 3
13 199
2 61
239 341
254 367
145 308
100 247
208 388
204 224
108 147
95 328
163 338
140 290
7 55
112 219
180 232
95 276
374 390
187 306
166 392
2 381
12 361
220 305
144 200
198 296
354 377
69 396
63 389
101 363
284 318
181 308
226 308
19 37
133 352
95 398
40 102
70 134
357 358
163 195
185 375
34 294
88 96
235 384
225 308
219 398
360 371
65 136
334 369
42 274
176 209
61 369
138 392
48 51
138 233
9 384
209 323
17 147
34 242
69 222
194 220
130 283
171 260
232 309
7 236
258 390
354 378
213 257
66 203
18 68
263 347
15 322
116 285
26 359
132 360
354 376
146 160
84 387
20 183
5 332
152 321
186 243
86 107
222 259
96 168
168 309
56 386
304 387
51 373
59 198
310 389
152 348
313 372
69 322
87 258
213 384
49 284
122 268
130 267
225 394
171 182
59 388
28 62
126 164
210 378
41 158
94 153
80 107
182 382
283 335
20 116
218 237
25 380
61 238
46 110
162 289
14 305
65 375
263 330
59 266
79 99
121 286
215 232
73 88
90 337
175 276
152 313
13 197
79 281
99 123
93 286
64 285
206 213
238 343
129 325
39 271
10 385
173 285
127 242
149 249
65 142
71 104
136 375
31 381
20 261
44 126
359 361
46 144
73 397
296 388
202 256
216 303
125 179
125 355
36 290
66 354
66 174
317 350
261 340
33 38
262 291
44 52
18 284
111 303
90 237
346 392
101 307
357 399
114 232
2 238
76 95
239 351
48 173
108 260
86 314
21 354
293 350
52 207
114 368
26 217
154 355
75 300
97 169
195 241
61 216
177 280
107 186
27 368
61 343
270 389
155 341
72 197
147 173
364 387
241 252
66 377
225 272
202 283
101 176
351 391
181 264
17 373
269 367
157 287
164 318
39 274
230 291
93 199
60 363
123 291
39 107
137 280
170 235
74 247
193 240
56 277
103 333
151 238
9 37
24 315
63 332
357 364
38 125
50 356
107 271
202 227
271 314
5 63
46 226
252 357
250 260
216 381
80 271
24 92
27 114
260 382
55 98
57 63
4 177
147 285
245 375
121 268
10 54
120 294
176 214
307 323
13 383
110 263
27 35
36 50
125 272
1 57
88 368
169 219
126 224
7 258
309 350
342 343
157 227
279 297
256 311
306 313
140 387
167 327
306 319
190 244
26 325
50 399
243 271
158 281
29 137
238 362
91 152
47 366
201 395
180 244
147 373
158 228
196 251
244 334
64 212
20 173
53 62
45 219
73 338
69 334
31 61
362 370
30 246
8 321
228 331
199 273
32 33
0 269
124 313
81 357
169 329
135 384
10 135
198 208
125 305
62 278
89 393
65 358
172 379
251 296
279 382
112 297
208 266
323 363
137 179
271 274
257 362
197 326
117 153
134 325
254 303
269 281
66 306
62 138
110 320
83 202
73 96
19 238
45 169
124 209
94 114
116 349
156 170
167 287
202 360
185 299
141 156
120 226
62 233
35 397
84 221
134 394
53 172
109 198
140 364
14 188
333 345
13 337
148 382
242 340
85 282
43 375
88 180
96 397
89 105
2 19
122 371
43 290
129 329
45 221
214 307
108 382
3 389
111 123
159 295
197 200
8 376
318 335
95 359
37 343
128 230
261 341
138 379
141 206
233 346
42 243
68 130
336 362
166 278
331 370
12 95
290 357
321 348
121 365
2 190
188 347
30 213
20 349
313 376
34 183
185 245
137 305
11 118
125 186
55 318
76 359
46 253
267 284
77 270
108 297
7 390
51 349
143 167
82 218
7 374
97 328
316 371
121 273
168 180
208 346
87 143
104 114
329 359
35 160
205 284
81 364
149 247
27 168
22 146
53 249
124 376
152 210
47 302
111 254
238 303
159 165
60 91
226 264
18 130
334 342
81 387
180 293
26 219
192 268
226 263
82 203
196 198
125 220
131 329
195 387
28 138
54 292
181 263
194 212
240 262
265 308
208 233
163 211
156 206
19 342
118 315
61 254
4 16
0 18
206 235
16 274
22 105
253 263
161 182
9 246
14 194
359 398
298 375
85 322
218 337
253 330
170 384
10 235
87 204
109 133
30 141
58 275
139 290
113 358
56 157
125 353
331 362
136 399
156 246
100 159
64 265
215 334
187 354
22 185
73 195
357 387
77 236
8 176
229 336
191 282
245 252
171 279
183 341
40 240
171 250
194 308
271 355
96 245
236 339
331 352
19 385
155 239
21 313
113 136
1 389
112 182
226 347
140 304
35 146
55 143
33 194
175 387
10 24
193 274
300 310
181 265
150 336
240 324
180 350
172 370
69 123
241 364
143 287
107 154
270 300
55 327
242 351
53 331
266 388
65 356
179 188
206 384
10 141
251 266
113 356
274 282
124 354
319 377
37 54
72 178
32 305
319 354
285 341
135 385
306 354
93 106
144 286
50 81
73 252
30 100
105 317
130 335
98 339
160 350
20 155
72 326
124 214
1 270
7 119
244 369
101 376
341 349
216 343
331 336
46 263
200 237
160 180
101 372
176 307
217 325
42 107
341 373
59 208
109 266
201 340
55 287
299 375
293 368
180 309
124 307
0 130
234 368
255 377
25 220
10 156
44 57
75 278
142 185
112 171
172 352
68 283
87 339
334 381
131 171
12 359
221 276
223 234
290 358
83 280
155 285
47 209
157 258
119 333
234 309
115 242
268 380
105 299
26 131
42 193
211 361
363 372
155 242
235 385
76 361
92 385
44 207
36 140
68 83
23 209
62 133
206 246
157 312
58 341
192 203
75 310
61 342
103 345
106 199
74 159
225 288
14 316
86 154
61 396
106 197
2 369
119 374
33 188
61 381
3 270
240 248
150 229
1 119
241 387
65 113
192 199
90 255
32 220
266 392
309 368
352 362
268 316
74 295
176 323
8 372
5 389
217 329
37 92
129 171
310 332
102 282
221 328
52 164
92 190
78 213
138 196
339 374
89 315
56 231
270 310
8 323
100 213
13 178
121 192
149 159
10 384
289 371
116 173
227 287
205 318
80 314
178 203
146 185
0 52
132 280
117 191
25 122
40 324
152 363
106 383
9 336
68 335
132 179
212 225
198 251
67 300
323 372
16 240
275 395
18 164
43 252
145 194
238 381
84 211
96 234
301 302
53 379
49 128
54 235
2 150
23 307
107 314
34 330
168 234
155 373
310 379
93 273
85 104
16 193
68 256
56 210
246 384
1 207
128 177
21 376
333 339
68 230
34 341
213 247
13 273
263 320
189 325
46 347
2 343
89 299
79 158
209 376
41 151
153 215
33 212
254 281
164 269
261 391
14 365
179 220
71 223
301 307
203 218
42 240
184 393
210 376
102 240
30 156
203 237
123 344
233 392
56 312
200 383
31 216
24 118
21 377
141 213
142 393
173 373
314 353
228 367
53 138
9 385
243 248
323 366
37 384
165 213
97 221
40 193
119 389
143 327
48 285
232 234
210 348
25 179
88 293
88 245
239 373
0 224
219 359
26 398
200 337
157 327
125 154
28 208
114 223
152 231
196 346
93 121
209 366
114 234
151 158
164 204
252 387
134 171
33 220
287 386
13 326
267 327
267 318
5 300
3 374
116 394
333 374
338 364
48 225
239 340
204 269
34 261
115 294
110 120
5 67
55 87
44 224
87 119
228 352
22 317
145 353
4 291
64 349
53 228
90 178
30 165
133 138
239 391
40 262
28 198
26 70
36 375
63 270
106 200
121 199
49 256
142 184
86 131
112 329
4 280
62 196
216 396
40 128
230 284
256 283
81 139
132 137
85 153
48 265
178 326
78 206
187 377
102 193
13 200
128 280
198 388
167 256
4 29
219 329
38 288
52 204
343 381
120 264
36 399
339 390
143 318
61 385
83 162
278 346
337 383
140 175
123 396
253 264
215 322
213 246
88 168
272 353
50 357
5 270
80 86
192 326
188 220
181 188
28 196
290 399
58 155
35 350
252 364
171 382
166 196
368 397
181 347
4 137
31 41
17 58
6 134
35 234
191 248
39 248
127 239
101 209
264 330
340 391
340 395
60 231
91 231
91 312
27 94
102 344
166 198
247 249
163 397
124 366
14 179
164 284
98 267
2 9
115 340
219 221
249 257
39 117
145 212
9 238
258 287
170 292
258 339
257 331
18 205
316 365
207 224
288 355
33 181
161 250
119 339
99 396
192 255
129 189
311 327
153 322
120 330
201 391
91 210
353 355
156 213
79 303
231 378
58 391
164 267
94 232
313 377
38 272
89 184
216 334
249 331
30 149
161 297
277 287
307 366
173 349
95 97
63 300
250 279
8 214
6 131
32 380
36 357
112 134
35 368
101 214
230 335
14 32
185 298
58 242
182 260
140 399
62 75
2 37
228 379
22 299
27 234
24 292
47 301
277 306
159 247
272 314
139 140
24 54
112 217
163 361
106 178
203 255
29 186
12 76
54 92
145 272
102 262
183 261
63 75
122 380
172 228
105 315
108 279
199 286
9 229
106 218
288 353
290 364
257 352
139 241
229 331
205 335
2 334
16 186
141 384
364 399
31 303
168 397
168 293
13 121
154 271
204 267
345 348
20 51
22 118
1 310
64 225
135 235
190 385
10 37
133 257
342 369
55 267
343 369
145 288
200 218
260 297
32 125
70 217
190 222
261 351
92 135
259 369
59
170
65
155
104
157
89
94
92
81
67
88
52
27
87
21
52
59
77
60
119
129
70
135
36
195
102
127
31
64
125
179
194
128
173
90
106
68
89
59
115
50
156
35
19
134
57
178
87
49
172
63
115
95
94
64
103
108
142
88
126
186
56
57
84
68
99
160
93
104
66
109
84
30
94
129
75
75
77
85
104
73
84
109
145
35
70
99
76
79
252
62
25
167
129
61
91
141
94
50
62
155
92
70
93
118
49
85
237
112
145
122
64
97
117
75
184
55
157
71
22
113
54
25
90
126
91
82
23
110
141
136
204
93
56
94
143
178
19
116
99
140
51
100
181
46
133
190
87
67
41
7
91
185
68
70
38
119
94
175
95
45
64
123
58
162
253
65
53
34
70
40
116
215
19
53
81
43
15
109
177
209
60
173
85
101
83
50
20
131
87
120
61
88
146
60
91
132
51
59
215
113
116
33
37
155
45
19
97
107
31
70
183
83
93
110
95
148
25
73
101
195
19
105
58
84
156
49
135
65
190
108
61
149
133
42
83
101
48
138
194
139
122
122
125
28
34
120
120
58
88
163
69
117
149
146
22
91
64
185
76
134
91
40
105
69
113
99
104
31
83
160
181
171
177
61
117
190
72
136
66
161
28
96
128
120
213
68
138
64
61
151
90
138
65
61
34
190
30
30
170
90
152
185
188
145
84
153
94
21
31
130
99
65
107
89
67
114
103
64
131
87
99
62
66
73
71
50
80
54
144
100
119
95
169
64
78
178
74
146
80
100
68
22
29
169
113
72
273
117
119
138
52
116
189
161
57
42
198
124
14
123
39
65
143
185
112
111
156
77
75
115
131
152
71
149
146
167
95
189
156
108
188
61
117
54
41
58
163
52
79
95
96
102
101
170
30
24
112
93
66
27
144
170
66
112
145
65
128
98
148
84
149
13
186
42
60
143
74
159
155
43
66
44
106
102
141
83
181
103
53
123
73
143
22
43
78
70
180
122
70
182
91
35
65
104
88
84
90
67
125
88
131
56
45
29
19
126
41
36
189
66
17
33
183
108
121
91
174
82
128
147
112
192
49
125
127
28
132
218
93
165
58
217
175
83
144
28
56
63
87
74
48
55
94
73
29
69
85
30
139
102
162
130
136
63
69
142
46
147
112
219
47
58
36
85
78
123
75
128
84
108
176
103
192
99
115
97
43
56
121
141
35
149
101
80
177
58
149
109
92
175
84
28
150
57
61
88
17
127
69
68
96
218
139
106
22
178
76
168
204
117
111
67
66
176
134
142
107
6
57
118
85
80
62
32
171
86
135
98
14
157
115
38
88
132
112
155
159
85
63
70
108
46
198
117
82
50
15
146
152
205
69
88
33
101
135
103
78
175
85
70
117
210
90
115
30
168
48
134
109
105
147
191
89
80
66
102
55
77
179
219
91
115
115
157
199
208
92
78
139
102
144
43
64
133
67
169
130
83
95
149
56
54
55
71
95
123
166
136
36
98
143
130
57
78
84
117
57
26
90
33
127
96
75
218
125
25
136
58
148
95
24
210
74
66
125
165
119
143
125
104
108
143
149
87
34
74
132
96
156
205
60
38
95
199
74
89
58
23
184
58
62
139
77
64
49
98
57
82
115
198
88
114
142
80
65
68
87
77
75
68
106
111
90
52
156
89
117
77
62
99
75
91
141
146
126
71
93
38
130
58
40
84
82
93
211
32
151
98
109
198
87
70
124
46
107
96
197
212
103
26
171
84
103
86
94
182
174
153
71
83
74
187
203
147
68
180
114
121
159
61
51
69
198
34
46
43
133
94
90
85
102
106
139
69
148
57
52
100
53
140
150
52
47
137
31
83
124
57
83
60
34
125
92
163
68
65
157
74
95
87
69
34
195
161
68
87
75
92
90
15
137
92
77
127
184
114
92
30
38
57
86
97
27
203
108
72
117
66
153
194
92
180
79
128
167
109
143
121
114
165
109
153
179
150
150
100
51
130
34
53
110
190
91
82
50
99
117
25
147
161
167
172
89
52
112
56
163
70
83
115
123
160
94
51
138
48
143
134
96
222
112
163
55
146
39
48
190
19
148
64
143
170
96
145
65
82
127
75
63
27
82
79
122
47
116
59
69
82
100
151
107
105
26
47
184
44
56
49
84
121
55
154
75
93
39
48
30
126
106
105
79
66
98
88
191
229
114
37
233
170
80
143
115
60
76
116
121
20
135
18
154
77
149
150
36
61
88
22
126
172
82
27
137
105
135
125
30
155
109
167
200
97
20
159
73
61
54
71
57
123
89
115
143
101
183
123
142
74
125
41
121
187
176
117
131
41
70
70
186
127
85
153
25
105
86
107
42
67
87
22
151
170
46
115
130
161
220
107
95
126
139
11
55
65
84
46
64
43
146
86
85
48
49
178
99
64
75
103
118
79
41
237
228
43
89
110
168
70
186
155
237
94
57
173
50
91
153
88
37
74
75
72
106
52
215
184
68
41
77
121
144
218
40
116
35
74
69
124
64
109
150
88
229
79
58
52
47
116
106
55
83
110
122
65
31
116
64
81
72
31
80
178
56
61
11
164
196
76
46
84
87
35
37
129
20
102
43
92
52
102
160
174
39
15
233
182
70
55
123
78
99
52
239
107
105
166
79
116
55
57
112
107
82
126
138
66
133
167
36
163
59
44
194
114
45
29
54
144
121
20
110
174
93
68
108
69
89
200
87
71
118
197
52
126
98
71
92
33
76
67
75
61
69
55
73
91
45
29
58
66
59
115
99
71
167
129
198
76
73
92
112
101
120
54
228
63
143
104
57
155
55
168
100
72
128
78
152
145
141
22
126
143
55
130
47
66
131
159
127
24
44
75
45
152
76
158
71
71
136
153
44
116
92
24
36
87
126
111
65
55
42
77
106
65
125
99
56
79
61
61
169
90
37
65
55
103
153
183
94
79
85
49
114
39
87
65
115
81
81
133
127
59
142
77
145
131
141
150
108
116
87
77
81
67
31
47
86
99
47
51
72
24
130
117
116
136
49
72
51
128
130
187
19
126
70
102
194
92
200
26
43
92
49
124
62
7
97
71
65
106
108
155
148
74
21
45
59
50
227
129
87
44
102
184
113
180
128
177
83
14
70
39
121
162
94
239
67
146
85
58
116
170
223
175
167
66
88
145
57
147
77
87
85
101
192
88
13
101
146
56
103
30
116
102
102
37
82
71
126
193
99
56
116
191
57
108
122
219
142
136
111
159
123
93
80
64
203
87
19
127
71
140
24
163
75
64
165
73
66
93
66
42
86
117
18
79
105
188
142
35
41
94
199
170
62
116
28
46
93
66
157
26
190
142
273
64
77
126
141
11
146
50
158
119
37
107
145
13
136
132
48
190
154
121
86
93
77
63
131
45
74
129
105
44
56
111
132
104
61
103
166
159
115
87
98
222
109
53
119
107
96
33
29
77
151
94
158
87
24
189
160
42
110
67
154
116
113
218
50
142
50
153
150
72
23
56
86
244
100
159
133
93
123
85
49
90
132
74
55
165
47
187
175
80
140
117
80
62
95
124
160
145
194
184
118
52
31
71
29
93
91
149
166
135
162
127
57
50
46
59
39
168
44
42
109
138
61
79
47
195
35
148
28
105
167
137
145
158
65
94
17
111
81
151
66
58
59
166
107
54
166
90
116
99
72
130
51
57
86
113
66
71
90
74
146
185
89
131
107
122
83
77
130
67
87
109
108
119
55
133
113
95
104
85
36
57
57
56
67
98
69
95
32
19
132
38
63
24
78
180
50
89
104
79
29
76
100
115
122
227
38
138
20
75
161
93
99
106
117
95
128
65
234
26
52
60
79
96
56
185
123
115
145
151
64
21
26
58
189
141
55
73
84
76
168
111
143
99
115
126
118
9
136
216
42
60
63
79
58
166
153
70
49
131
125
60
148
58
139
23
104
68
155
185
66
167
40
129
69
216
70
94
158
59
65
104
112
89
122
138
76
114
70
264
230
160
83
71
148
102
120
94
142
90
54
117
53
123
184
119
53
194
119
85
53
55
161
40
166
109
45
100
67
87
91
60
182
36
55
121
39
73
108
109
80
51
119
57
164
93
90
63
147
112
13
64
90
81
174
34
72
140
84
193
88
78
41
20
124
189
17
122
118
70
22
43
153
174
17
181
18
181
78
142
102
166
132
132
96
90
179
185
139
59
74
59
136
177
59
111
52
57
69
125
49
147
191
139
86
103
48
89
65
83
181
86
91
113
14
36
135
89
80
179
95
106
118
52
26
51
171
166
165
70
46
125
191
125
85
82
161
17
147
115
147
103
142
198
31
80
134
54
138
169
96
153
46
104
93
109
53
61
41
50
44
109
215
74
231
121
63
161
85
78
115
136
116
55
182
70
113
97
88
111
116
114
43
39
161
43
41
79
109
101
109
185
38
20
69
187
161
48
126
155
72
97
72
104
101
167
110
75
72
110
151
204
102
28
64
88
109
33
108
70
188
79
24
119
56
171
64
73
112
