175 714
151 422
279 766
683 255
345 203
8 696
166 336
472 151
532 269
777 409
315 74
303 733
428 457
493 484
357 671
424 384
57 199
374 785
219 210
795 319
631 70
660 352
135 764
753 692
166 749
583 703
331 627
469 506
427 26
497 99
189 698
497 649
623 337
187 498
647 346
225 62
509 740
565 95
263 607
364 515
592 430
627 492
269 494
83 330
67 284
538 705
245 373
238 626
126 335
580 309
362 659
678 728
1 628
602 564
312 686
151 709
137 349
449 474
368 212
592 439
731 377
385 147
80 88
204 770
113 784
719 498
160 335
694 410
140 772
288 722
80 403
710 596
118 718
381 475
140 492
289 585
561 658
146 440
200 240
124 362
401 454
406 13
635 571
386 644
175 99
143 288
613 733
745 198
19 163
350 699
729 149
297 695
4 620
123 8
250 475
644 261
662 131
777 685
12 217
726 779
512 679
85 39
436 208
551 422
157 414
108 331
448 194
725 504
266 196
546 44
67 467
92 440
621 327
535 466
449 634
554 495
624 40
365 4
111 150
312 637
239 779
189 131
489 442
23 740
514 631
19 669
452 296
273 142
686 699
599 315
153 328
741 225
201 582
302 30
320 85
150 757
122 305
142 628
579 1
73 562
411 298
209 23
88 113
38 14
52 652
369 34
32 616
606 680
392 231
482 582
18 600
660 451
306 792
284 230
41 684
556 703
118 411
81 341
579 347
231 335
222 633
761 157
328 374
765 663
231 602
336 782
604 396
258 667
691 191
40 235
8 367
742 375
27 126
760 508
151 727
266 486
544 11
505 269
209 48
224 225
329 108
699 172
68 28
412 594
783 697
438 162
130 135
48 42
283 4
141 657
288 459
405 96
551 500
43 38
25 501
199 329
336 769
169 169
475 528
40 263
270 737
180 722
75 683
32 582
506 54
248 130
563 787
321 55
233 592
178 306
205 234
252 197
118 214
766 392
103 370
37 536
302 666
672 193
724 39
779 556
432 620
171 310
495 681
377 390
615 391
14 395
331 742
722 220
623 738
31 542
645 131
383 543
78 542
309 153
275 645
421 545
647 537
799 489
262 548
788 421
677 627
441 629
36 184
171 780
424 181
529 55
544 338
549 527
683 361
388 652
463 535
715 134
393 121
153 510
561 242
603 256
667 748
238 140
675 535
256 419
225 465
158 588
113 720
710 519
640 763
27 88
230 638
236 425
23 655
769 620
39 381
15 331
653 631
322 603
50 213
332 494
183 666
192 632
559 592
252 296
213 342
291 648
382 398
678 28
562 2
737 66
377 428
217 298
166 365
511 85
184 616
562 707
593 58
745 658
1 201
638 544
1 704
408 523
188 45
264 259
694 612
336 614
442 128
192 585
7 770
137 187
277 511
390 417
595 637
541 194
82 699
122 714
484 607
349 603
396 295
407 378
109 761
238 275
580 680
391 86
562 435
222 596
34 315
551 268
137 267
524 396
397 566
386 334
104 422
244 353
346 621
426 565
223 393
192 594
11 483
129 171
615 38
95 782
390 56
456 421
312 757
245 787
583 606
577 242
395 57
557 685
96 329
215 428
617 700
727 112
755 768
632 22
317 195
664 140
710 127
579 566
159 139
382 526
590 278
778 589
112 274
55 600
729 181
136 295
672 777
27 598
676 547
630 368
792 429
444 493
538 131
446 40
99 10
537 219
670 272
679 5
434 304
54 317
732 578
640 776
128 546
109 554
204 454
48 165
273 170
649 457
145 457
231 159
608 1
127 620
277 798
557 168
488 248
180 200
304 694
290 752
53 300
416 5
132 387
261 758
58 148
137 333
5 268
171 213
254 392
22 262
98 383
235 326
254 343
165 226
86 206
144 365
76 278
48 56
119 273
324 363
309 391
135 337
107 237
34 112
32 358
208 238
135 174
207 338
133 207
371 397
185 252
93 143
94 190
175 260
17 226
35 133
90 168
192 355
26 119
59 320
71 82
341 390
74 380
181 251
43 79
16 172
43 396
290 333
86 264
119 313
0 24
258 263
193 372
255 323
118 335
24 311
91 234
118 383
163 269
54 394
21 112
151 224
7 106
270 271
65 107
251 362
359 378
282 307
108 233
260 382
268 296
31 222
157 170
80 282
310 311
14 54
42 275
22 174
279 287
142 356
245 284
200 399
20 336
49 254
107 366
275 306
244 252
103 325
63 201
200 340
49 358
309 323
61 233
215 334
12 27
350 364
59 224
262 310
6 280
90 285
46 347
22 72
62 143
166 320
26 249
86 348
77 382
225 271
17 152
79 157
19 213
219 378
168 354
148 352
77 328
189 276
272 342
90 251
287 299
29 37
203 361
267 382
341 395
41 53
8 177
251 349
161 227
206 291
205 384
70 270
192 320
114 222
110 232
145 338
48 363
134 252
202 310
209 280
29 370
38 160
249 330
366 378
35 188
256 364
49 112
356 393
233 384
60 368
21 224
98 169
218 354
187 193
19 171
98 199
124 149
146 150
34 49
257 387
45 291
154 202
236 258
112 374
22 316
52 296
183 249
173 359
280 332
226 340
43 346
231 275
318 342
194 232
68 135
84 197
295 366
18 108
8 323
68 316
108 387
44 169
134 207
201 311
206 228
45 100
50 54
41 59
64 68
164 277
286 339
133 134
20 283
181 227
77 398
72 262
18 299
129 255
176 292
138 292
113 320
214 328
352 384
279 329
258 378
160 208
68 337
71 366
34 374
71 240
31 345
112 166
37 109
82 355
41 385
73 369
256 264
16 383
288 332
126 392
10 133
71 293
216 281
199 271
89 249
54 216
171 239
103 115
72 202
91 200
137 389
157 225
240 300
34 158
211 384
95 129
173 237
281 394
157 396
183 331
75 208
175 190
120 200
52 154
261 389
197 356
395 399
49 255
104 382
69 200
290 389
6 287
239 368
236 295
158 246
213 239
23 293
7 244
90 349
165 390
152 340
97 184
308 342
61 252
68 174
175 306
267 347
114 220
40 59
346 377
70 225
273 313
186 356
46 259
39 73
10 180
215 232
128 228
91 167
51 128
156 386
45 222
10 145
220 326
238 321
11 89
12 13
229 365
114 124
28 191
141 298
292 388
50 119
223 315
39 326
33 253
101 182
299 317
84 186
196 226
264 348
90 362
230 353
227 362
183 241
82 308
190 267
335 393
25 147
67 239
56 214
7 29
203 215
20 37
316 337
126 376
60 67
208 333
283 375
8 49
138 245
264 364
126 177
26 330
276 290
143 187
25 86
72 174
195 288
240 272
105 396
313 326
149 331
43 44
236 355
70 214
178 205
121 178
152 395
144 268
269 378
297 357
112 248
80 369
56 130
338 344
23 51
88 294
62 186
361 365
2 196
4 108
203 365
63 243
1 398
45 318
65 173
323 358
123 296
159 317
211 257
96 251
25 345
90 181
13 192
146 203
348 379
12 339
333 389
251 353
34 129
3 374
259 332
206 379
295 342
167 266
176 388
323 343
60 248
146 268
67 151
55 311
14 394
84 178
139 194
382 386
197 393
390 395
266 290
132 208
135 201
0 30
180 252
15 286
51 350
166 385
26 281
219 263
85 360
121 186
387 393
21 34
73 282
8 246
140 148
245 289
154 296
205 257
119 234
145 207
84 356
86 256
191 252
268 365
155 222
27 235
344 371
65 263
353 354
62 142
223 286
81 397
297 326
66 136
291 348
3 217
52 268
174 262
16 169
22 337
119 330
121 387
170 271
179 387
151 385
314 376
236 385
161 349
11 69
157 271
204 245
208 321
144 154
109 289
4 352
336 375
22 311
296 304
234 266
71 263
163 184
320 325
40 385
42 94
184 350
47 167
174 201
84 257
54 281
292 351
73 275
76 342
183 235
132 333
168 353
347 382
48 66
93 101
328 398
47 277
55 189
53 308
32 367
111 386
141 188
29 302
91 216
11 394
175 275
122 369
38 234
49 343
116 284
127 134
228 264
61 185
43 48
103 224
136 221
109 138
12 307
164 303
322 396
261 303
9 368
40 115
3 227
188 207
41 151
108 384
28 344
165 340
145 344
18 384
228 379
253 381
41 115
78 317
78 299
219 269
86 379
230 354
23 128
201 243
74 77
124 342
220 312
15 223
236 263
87 131
129 358
129 367
210 393
116 375
83 114
254 373
228 256
269 359
79 130
270 377
215 229
364 379
157 322
162 327
274 294
92 365
287 317
6 130
191 319
50 330
148 185
144 203
220 249
39 231
182 187
258 366
261 290
54 91
53 366
29 185
280 288
32 34
293 300
70 328
12 15
47 321
67 367
85 324
186 335
14 216
58 352
207 319
351 375
1 156
136 346
259 329
135 262
162 315
213 248
92 361
220 331
346 360
88 274
0 174
160 266
123 154
15 315
63 135
130 136
16 88
284 351
48 221
1 386
14 89
73 231
229 361
45 155
183 220
79 346
314 315
240 293
244 302
31 241
28 397
48 157
263 366
37 336
36 206
130 195
307 315
235 357
128 264
93 187
195 280
90 161
40 367
319 338
49 246
278 355
235 250
132 160
51 99
9 237
27 369
53 278
282 327
13 122
380 389
267 332
205 211
52 92
158 367
95 112
105 377
6 159
194 203
34 60
61 102
128 364
106 392
119 281
51 264
88 169
37 391
64 337
130 363
28 338
139 365
27 198
28 371
161 354
44 322
51 86
97 163
250 326
52 365
18 153
146 154
196 340
39 357
62 265
113 247
35 141
308 348
36 345
70 79
214 288
218 349
204 284
30 174
58 61
259 347
2 152
40 224
57 80
22 243
82 258
31 149
326 331
29 289
61 302
58 106
32 158
49 129
233 257
291 318
97 269
143 193
279 299
157 214
115 355
83 330
57 339
97 128
118 186
108 153
86 364
160 321
215 365
26 273
46 332
226 394
277 321
37 370
272 300
278 312
143 182
7 102
12 122
94 347
358 373
43 136
16 98
26 313
20 230
24 174
73 286
282 315
9 60
301 330
375 388
14 249
297 331
177 246
19 239
47 333
15 327
37 245
173 219
200 394
183 231
210 317
164 208
130 221
52 125
6 48
125 144
252 344
55 72
3 255
112 224
21 367
40 166
124 312
25 76
100 318
344 397
212 324
23 269
52 203
121 305
12 297
190 260
182 193
11 399
88 265
112 358
302 319
181 349
83 183
303 333
142 187
168 227
68 243
42 190
41 236
83 313
231 313
228 348
173 263
41 192
2 226
79 288
22 55
69 91
9 213
265 383
134 319
111 328
76 308
11 226
77 111
116 283
168 217
199 294
13 115
6 221
76 100
20 292
102 185
72 316
21 32
115 320
57 122
32 129
76 318
191 338
153 317
159 209
112 158
159 332
84 121
154 268
298 372
87 362
187 372
69 399
18 211
171 248
284 388
106 244
338 371
157 270
35 298
5 202
127 387
147 348
160 276
4 61
66 130
181 354
142 182
16 294
142 172
10 338
98 274
153 179
33 386
86 155
290 303
132 261
210 299
34 166
32 95
345 348
89 216
124 278
73 80
190 347
20 351
1 77
109 116
108 352
120 390
59 115
76 124
210 211
108 205
199 396
169 383
323 392
38 47
185 191
179 317
68 262
318 345
25 228
232 381
195 287
18 387
27 113
50 249
94 259
92 125
340 395
178 188
11 196
99 264
174 243
71 359
54 69
258 300
204 289
12 286
55 135
134 338
173 368
145 397
169 294
100 222
167 281
8 392
126 327
46 280
257 384
195 329
205 233
128 256
102 302
12 223
143 265
162 223
0 201
75 119
101 142
54 234
205 387
312 331
123 304
80 223
194 215
144 361
38 266
122 325
65 366
305 356
176 204
135 243
248 367
110 111
94 260
172 383
12 282
335 356
228 364
4 153
113 122
0 311
56 136
69 226
254 358
54 89
53 82
0 72
71 300
76 345
155 348
197 212
105 214
25 155
131 227
212 305
127 384
27 297
21 60
109 388
139 229
216 234
42 238
300 378
86 291
34 224
54 119
50 313
5 125
139 381
87 168
328 386
197 387
55 310
211 387
8 373
31 76
261 277
145 191
82 366
24 316
143 372
5 123
160 290
273 281
132 290
4 233
199 377
27 122
191 344
147 318
94 382
5 154
63 341
17 196
129 323
18 197
321 333
160 167
23 163
26 216
8 343
108 127
112 255
147 228
280 329
309 343
1 74
46 329
109 292
340 390
198 369
309 370
76 222
13 247
82 272
109 204
123 310
2 340
39 275
236 366
242 294
290 321
343 358
167 234
147 155
242 383
142 265
26 50
95 358
177 392
253 386
94 175
174 316
2 69
177 373
240 269
100 291
119 301
48 105
13 113
308 345
38 238
77 156
246 325
71 272
156 398
56 79
155 291
202 311
116 336
85 209
115 247
77 104
138 388
277 303
221 324
390 399
90 96
176 336
289 370
287 329
138 336
55 262
44 346
88 383
35 178
9 239
241 249
253 382
65 237
106 148
193 265
16 242
254 391
32 224
9 19
242 274
41 258
77 386
128 184
118 242
73 357
57 73
48 130
219 359
301 313
59 192
196 395
87 251
186 197
69 340
212 393
272 308
1 328
309 392
16 199
231 235
79 156
160 303
156 214
23 350
153 211
37 204
310 316
166 224
57 297
108 211
96 168
327 376
225 322
235 331
66 209
324 360
102 148
138 351
69 216
117 338
252 338
96 181
41 366
17 165
68 72
140 376
175 267
22 68
217 374
40 41
28 319
25 291
142 186
93 298
36 100
86 318
129 246
48 79
266 277
67 213
148 244
70 111
93 141
81 319
88 172
13 57
18 393
140 315
23 184
15 307
93 182
42 259
59 385
145 319
356 387
207 344
262 316
79 104
51 228
209 363
79 214
124 222
104 156
283 351
127 205
96 217
95 343
48 398
266 276
277 333
181 362
286 307
51 256
231 297
158 224
20 116
150 229
144 202
132 164
40 151
198 250
136 360
110 194
10 134
381 389
131 168
154 304
231 326
2 341
18 317
280 287
152 196
95 255
318 348
99 379
121 197
44 199
163 359
74 253
26 301
39 297
51 364
125 268
135 311
377 396
102 392
113 192
128 240
144 310
105 346
92 268
198 297
35 84
48 346
159 279
149 312
134 145
20 375
49 323
297 369
109 284
198 235
22 24
225 270
104 386
139 215
264 379
18 210
217 353
179 287
35 205
4 244
217 362
35 257
66 85
283 388
183 326
172 242
71 163
113 325
234 281
212 335
47 164
70 398
5 144
218 283
346 396
210 287
56 398
1 382
89 91
32 248
82 295
156 328
195 317
260 306
198 331
84 141
165 395
34 367
23 97
61 244
354 362
115 192
137 189
36 45
92 203
31 100
235 297
38 321
71 269
6 66
147 345
116 388
175 382
152 226
47 234
13 369
175 238
97 293
53 342
83 220
204 370
278 342
289 371
7 370
176 284
103 192
283 336
5 304
203 229
169 199
89 394
81 371
132 321
116 351
121 257
71 378
75 301
307 339
59 151
251 285
190 275
62 182
224 385
21 67
127 233
101 265
147 272
11 54
40 320
278 308
159 287
10 207
211 299
20 388
127 211
260 347
182 372
15 140
160 277
273 330
38 208
107 263
80 286
8 358
85 130
62 172
85 363
190 306
76 147
31 114
2 390
305 335
191 371
117 207
43 271
1 104
222 345
263 295
254 309
169 274
36 291
284 336
35 121
370 391
43 214
182 265
154 310
62 118
164 321
61 106
67 385
99 350
118 356
361 381
104 328
184 269
38 164
128 293
261 333
1 111
108 179
215 361
12 80
61 191
177 343
139 150
214 398
273 301
277 389
281 330
268 361
186 212
209 221
56 156
282 286
0 55
27 250
228 291
149 250
0 135
119 216
52 361
122 339
250 297
300 359
28 81
133 188
104 347
6 209
336 351
45 345
323 373
183 312
5 52
118 197
233 352
181 353
162 282
29 245
90 353
31 124
179 393
96 349
91 394
131 362
10 319
176 245
2 120
120 341
31 312
117 133
13 339
46 159
211 233
99 364
204 371
130 209
136 324
212 274
63 120
87 90
247 278
162 286
289 292
336 388
251 354
254 323
164 290
49 158
83 249
94 238
130 288
266 321
106 302
180 207
33 260
103 166
309 373
44 360
62 383
167 394
55 201
112 246
61 180
76 291
313 330
179 211
53 295
2 165
79 398
246 323
329 332
139 380
48 288
349 354
259 267
66 288
110 215
189 311
168 181
123 125
192 247
11 200
152 165
14 330
101 187
1 347
86 228
81 117
134 180
93 193
2 200
136 157
29 109
146 361
24 64
38 281
211 393
285 349
150 215
4 58
279 317
90 354
12 369
199 274
285 354
294 383
254 255
91 395
300 366
332 347
33 74
194 334
50 89
118 142
223 282
185 244
47 208
166 367
25 348
3 168
142 383
24 243
59 113
209 287
8 254
144 296
132 303
224 367
376 392
319 371
36 155
26 83
33 382
42 175
7 309
75 238
259 382
169 242
84 298
288 398
34 248
211 352
87 227
189 290
101 193
235 369
78 211
134 233
125 154
78 210
149 220
48 136
293 359
262 311
159 195
139 146
17 340
179 210
261 381
331 357
76 155
140 314
7 289
164 333
25 318
140 327
46 267
218 375
12 73
41 295
97 350
108 299
277 290
315 339
271 322
326 357
255 343
38 119
50 83
105 130
284 292
291 345
41 82
44 98
100 124
3 131
61 319
96 353
127 180
6 56
107 258
64 243
148 314
128 163
292 336
80 307
112 367
218 285
60 239
180 233
91 281
157 377
232 361
52 150
37 292
78 287
237 368
214 270
96 354
136 363
0 276
269 293
52 146
137 290
47 266
94 306
108 257
295 355
190 259
69 394
126 314
63 399
195 279
33 94
46 195
153 299
122 320
74 381
30 55
22 64
199 322
83 301
174 311
177 376
201 276
29 204
260 267
113 115
104 288
62 372
99 256
216 394
39 80
286 315
43 377
169 396
85 221
261 380
230 251
80 297
127 352
213 237
101 143
110 328
189 389
170 377
164 238
27 57
305 393
37 289
279 280
128 272
117 397
25 45
18 179
7 302
250 331
55 276
32 112
126 140
311 316
152 390
167 216
19 60
6 288
240 366
78 179
263 378
208 303
246 358
92 150
121 205
253 380
103 113
199 242
229 232
2 395
58 102
117 344
384 387
21 129
57 369
8 255
187 265
129 158
95 217
67 248
218 351
342 355
158 325
66 221
203 232
51 348
152 399
164 266
103 122
3 95
283 285
183 313
59 103
186 305
82 342
160 234
109 336
73 307
94 267
307 327
102 106
93 372
88 242
341 399
6 195
217 230
53 247
40 113
2 11
241 331
110 334
101 372
219 237
132 277
9 67
100 155
197 305
105 157
66 363
373 391
116 138
96 230
9 171
208 266
137 276
127 257
184 293
25 308
178 298
247 355
7 185
252 302
225 334
245 292
24 30
121 298
36 222
177 254
231 331
319 344
304 337
88 98
181 217
221 287
125 146
269 300
81 338
241 312
343 373
22 135
16 212
73 297
314 327
44 377
161 181
24 201
74 386
125 202
131 181
11 91
31 45
66 195
78 393
53 355
90 217
180 191
29 371
81 344
125 150
75 273
155 345
14 50
351 388
14 83
39 235
274 383
82 236
82 240
15 282
27 331
139 203
343 391
161 362
256 348
150 268
47 290
109 245
116 292
275 357
114 149
105 360
28 145
255 374
18 78
71 258
250 369
133 145
202 262
85 136
200 395
121 356
53 258
349 362
256 379
212 360
194 229
303 321
136 209
20 96
53 236
109 176
105 136
92 144
57 250
338 397
30 276
12 57
92 146
319 397
48 85
80 315
79 105
64 135
197 335
139 361
138 284
155 318
141 178
229 334
308 318
80 339
34 171
52 144
120 395
195 221
179 299
373 392
153 352
69 395
100 345
40 103
21 248
177 323
325 339
40 325
32 166
30 201
360 363
64 316
131 161
124 345
135 316
56 288
380 381
202 268
118 212
161 251
87 161
4 148
158 358
104 398
47 160
283 292
191 302
149 241
43 322
315 327
322 377
223 327
43 105
43 157
138 176
16 274
173 239
95 374
87 181
14 26
232 380
125 296
14 119
62 187
260 332
173 378
158 166
32 49
172 265
86 147
142 335
59 166
65 258
245 370
259 260
137 277
149 198
24 55
120 399
137 261
185 302
170 322
255 373
11 340
217 227
172 294
24 68
55 174
200 341
98 242
70 156
258 295
8 309
226 395
153 384
1 288
56 66
21 171
224 320
213 368
195 209
44 274
31 220
5 296
67 171
51 379
6 79
271 377
171 368
271 396
281 301
172 187
11 395
83 241
150 361
255 358
81 191
38 273
160 333
10 188
305 324
72 310
209 324
56 346
238 306
163 293
170 270
114 312
147 291
144 150
159 329
189 277
149 235
66 79
114 241
70 110
276 277
105 363
223 307
165 196
33 77
45 76
13 198
112 129
77 253
42 306
60 171
72 311
146 365
107 219
107 378
357 369
114 183
58 314
98 294
21 166
103 320
139 232
26 75
47 281
340 399
65 151
10 233
72 135
2 399
162 307
150 203
58 244
240 378
237 239
62 101
42 260
147 308
168 251
168 362
180 319
20 353
221 363
102 244
60 213
48 214
82 300
160 164
89 226
44 396
121 393
24 63
118 305
81 145
90 227
128 348
111 156
62 193
159 280
227 374
308 355
107 173
220 241
15 339
38 75
56 105
170 225
144 146
57 198
129 343
117 145
214 346
121 335
50 301
106 185
150 365
24 135
175 259
252 319
13 250
28 117
231 357
13 27
181 230
157 346
73
134
123
79
128
61
182
32
41
92
206
157
116
23
42
70
79
101
123
37
139
88
52
104
51
105
79
200
99
90
119
200
142
165
45
89
140
35
109
117
77
181
100
31
52
115
42
54
116
79
55
84
96
89
86
15
48
120
80
79
19
144
106
52
181
67
160
55
149
146
106
80
64
49
44
155
90
30
95
187
121
70
191
76
77
92
41
149
151
129
73
230
158
104
49
241
158
116
115
88
126
73
132
89
112
76
210
55
150
121
59
49
198
37
92
90
56
89
111
150
52
38
168
105
94
111
92
190
166
46
90
88
39
61
90
138
111
149
153
76
68
184
110
187
61
94
200
14
87
135
145
50
224
42
32
39
28
124
52
186
90
200
100
41
20
179
218
71
54
189
91
91
19
78
116
137
56
167
124
65
81
65
56
100
152
73
176
127
119
13
174
95
116
68
62
130
68
109
167
62
122
114
228
130
193
91
122
85
51
164
35
60
83
104
58
125
52
175
72
50
111
151
104
131
27
120
62
114
88
124
101
127
134
60
135
64
79
82
107
41
87
72
178
63
148
178
11
24
38
83
64
82
47
112
37
17
49
65
121
47
32
35
19
95
131
62
74
74
63
76
58
176
109
74
109
115
138
92
110
63
123
131
132
142
69
68
60
86
93
91
42
80
90
51
97
93
61
43
84
115
168
169
65
109
101
144
132
192
39
54
82
107
26
113
111
38
87
37
58
90
104
78
109
44
97
62
66
73
165
104
187
184
102
37
113
48
184
155
62
12
139
97
204
51
68
146
24
59
108
86
44
110
103
167
171
128
68
85
98
78
133
124
89
72
70
47
119
113
149
93
139
44
84
85
99
47
128
93
89
143
59
97
131
43
88
56
172
171
257
110
62
142
55
123
124
32
102
154
86
85
102
36
105
148
117
66
55
143
192
69
119
44
72
29
78
13
83
83
155
92
71
97
90
130
65
117
50
196
18
91
236
119
49
112
45
14
95
106
84
147
126
131
59
192
41
107
171
38
133
83
75
76
71
111
120
81
80
31
168
63
85
54
133
61
157
89
81
66
145
158
42
65
71
157
97
83
169
220
89
160
52
181
82
110
112
97
26
90
49
217
77
183
58
28
54
43
86
93
99
159
185
107
184
133
138
135
84
122
63
192
155
84
169
70
90
118
90
92
117
58
85
45
104
170
13
69
83
182
117
45
67
21
28
113
93
149
148
69
49
30
103
25
214
242
156
42
133
58
206
41
217
63
43
105
98
221
102
91
40
173
83
91
174
147
103
85
121
75
20
100
25
58
88
151
138
59
66
70
110
172
26
96
121
94
84
102
120
38
96
78
119
138
108
127
59
91
171
27
81
76
37
130
96
126
104
128
96
70
108
169
84
169
38
166
18
165
144
161
154
191
116
160
118
70
28
65
120
108
25
66
92
152
26
68
67
52
87
38
126
50
124
195
46
36
128
102
110
75
193
162
115
202
183
50
127
126
106
115
58
56
101
73
78
43
166
126
107
28
188
78
174
39
46
57
195
89
78
235
26
88
90
67
119
53
74
118
48
103
86
176
70
89
108
143
173
105
58
42
118
58
121
78
72
29
136
39
86
146
206
100
148
89
76
64
66
131
21
73
98
118
68
79
94
84
101
36
47
75
77
89
128
77
174
66
218
187
128
32
99
135
149
139
142
130
11
169
55
84
50
74
154
156
68
123
115
99
63
171
31
47
119
85
49
58
58
155
149
56
210
120
63
71
115
105
110
46
88
86
63
84
59
65
98
114
111
40
91
211
69
60
72
68
73
67
27
94
160
85
107
132
29
86
85
21
95
119
56
123
200
111
115
70
180
91
122
134
171
178
62
128
66
60
213
71
23
193
95
73
137
157
174
111
115
99
175
57
185
74
105
68
149
62
90
94
186
74
60
115
33
196
128
137
94
176
101
203
71
103
54
112
167
140
102
44
98
121
132
99
82
130
176
93
220
182
194
123
22
153
150
108
44
84
43
110
37
151
68
138
180
119
134
47
108
37
80
128
87
104
181
104
134
101
49
90
114
81
81
60
27
37
150
143
41
30
37
37
58
87
162
146
100
82
119
150
145
164
71
74
83
43
160
84
169
209
65
136
103
76
204
115
58
127
79
118
99
113
120
168
134
47
43
99
63
121
41
103
155
48
149
65
90
61
60
203
110
58
157
95
21
125
58
51
159
76
93
163
118
151
75
54
47
102
72
56
31
94
24
147
112
112
42
153
52
142
69
118
235
157
62
47
102
87
134
73
94
114
74
48
21
159
17
54
43
67
52
128
69
114
116
80
103
131
143
51
149
78
53
39
155
201
228
165
142
31
105
119
202
53
129
47
237
180
62
95
36
69
51
177
87
80
120
54
75
59
56
214
112
42
58
137
107
159
134
181
145
34
188
38
116
93
117
58
44
48
79
143
159
127
141
159
210
85
80
71
94
23
80
171
78
35
104
78
131
62
101
30
55
139
140
111
113
126
73
57
115
81
71
70
146
190
159
56
115
188
64
77
128
83
55
85
44
82
33
161
117
127
94
92
49
43
41
59
85
50
173
102
102
98
39
64
130
22
158
102
253
68
90
174
82
38
78
72
241
86
95
109
44
35
77
63
38
68
38
198
47
217
73
35
88
128
100
45
108
54
105
229
73
50
58
119
76
61
111
87
27
51
158
213
120
224
139
213
68
148
85
69
181
96
24
77
41
153
110
94
94
99
50
129
70
181
64
27
194
99
132
146
97
74
51
103
113
16
44
61
89
43
42
122
184
11
55
107
121
103
71
105
127
117
70
142
134
60
214
199
56
78
92
88
85
42
117
56
59
50
94
41
127
152
167
107
100
130
113
69
59
142
108
67
74
72
76
20
93
76
145
61
102
175
50
74
39
37
89
97
121
83
24
112
79
62
69
20
94
181
89
27
143
165
154
62
157
132
201
100
78
156
118
106
16
81
94
70
75
184
86
101
86
171
83
154
88
167
75
83
121
110
62
34
127
154
97
202
8
76
76
40
75
120
55
143
79
146
100
158
169
64
63
65
44
65
80
54
147
179
174
111
50
77
92
109
49
138
84
18
132
227
114
49
16
99
152
113
40
146
157
117
76
51
105
42
96
146
108
157
60
14
81
98
95
14
199
91
115
77
71
95
91
37
73
175
73
81
138
174
136
27
106
96
81
67
120
131
130
150
58
41
77
144
138
60
143
35
91
36
81
107
110
33
57
45
239
82
125
111
65
171
145
139
118
116
46
52
75
107
62
138
175
108
119
79
42
85
27
73
69
11
40
39
96
47
65
190
56
188
105
72
132
17
62
85
114
151
64
57
26
151
64
110
78
111
60
43
99
94
150
115
151
151
109
60
24
130
81
110
15
83
146
109
52
153
175
125
45
127
100
47
77
117
139
113
148
109
129
42
81
28
90
68
96
29
67
87
50
197
115
91
191
144
12
158
76
79
133
139
231
38
111
65
85
155
83
49
82
109
91
85
112
90
146
109
20
93
123
59
57
24
69
125
114
93
73
109
166
104
191
171
73
218
128
82
78
154
76
32
82
151
74
113
46
120
206
197
38
151
100
58
80
104
72
109
142
117
208
128
169
46
190
84
93
129
129
101
184
100
114
44
42
131
147
15
52
98
58
90
179
35
146
65
91
92
105
54
168
44
91
170
126
47
96
63
126
87
51
152
146
72
170
55
237
55
186
63
113
109
68
106
174
110
207
120
96
84
67
154
135
66
95
138
38
31
31
95
101
75
77
160
48
102
167
77
157
113
151
77
41
56
80
93
174
46
70
70
56
76
94
162
32
133
108
87
216
98
67
117
62
108
124
70
130
126
102
125
139
192
70
105
131
30
145
154
95
57
186
90
80
69
108
63
93
71
89
27
116
211
182
96
102
85
50
23
80
118
181
72
90
76
125
150
95
178
89
76
57
74
37
64
81
102
87
61
181
39
139
126
199
97
81
65
82
132
168
114
95
114
32
73
114
132
63
59
171
102
129
96
45
76
136
137
207
100
131
49
111
39
85
31
153
70
71
181
111
166
79
58
157
96
52
95
115
25
55
122
77
101
75
47
30
167
206
103
46
31
105
113
122
103
94
177
46
41
127
82
127
121
110
34
137
34
33
75
32
92
74
118
92
61
66
134
63
200
124
74
133
81
71
192
54
94
136
158
142
88
69
32
128
98
150
206
74
137
122
85
20
74
71
51
54
106
117
132
170
68
161
121
58
65
181
168
14
154
169
142
64
173
131
135
188
57
119
68
54
224
97
137
173
170
80
89
49
115
21
56
58
142
181
61
163
98
60
20
80
88
68
76
13
211
126
111
50
145
47
30
13
19
88
92
195
102
201
20
137
20
28
85
58
63
81
92
104
46
145
28
69
127
182
87
56
119
63
87
132
116
71
74
62
104
95
41
48
24
145
121
76
61
82
207
80
69
26
186
77
76
32
85
86
84
67
119
157
125
78
55
176
133
67
21
27
190
46
60
157
45
70
108
25
