45 788
500 62
457 437
750 736
189 362
255 789
148 242
262 581
286 456
615 502
693 218
614 794
93 610
112 98
635 662
659 700
662 683
457 181
405 536
709 333
44 164
237 398
750 223
537 319
703 628
273 525
372 728
59 345
765 250
738 519
296 351
319 438
601 106
7 768
395 74
671 89
381 599
216 657
700 671
294 135
478 766
793 509
84 229
1 222
552 635
397 664
752 142
90 333
573 232
792 48
36 625
485 201
197 621
153 686
40 34
323 419
149 44
649 519
556 203
235 555
488 81
137 511
728 231
427 225
460 333
678 259
400 545
639 569
516 485
508 455
494 411
563 800
583 131
454 711
591 514
550 547
335 494
658 131
689 226
49 5
125 739
556 399
482 774
466 570
600 521
559 137
491 309
527 523
85 770
209 340
159 321
654 571
775 0
655 739
530 288
616 679
676 666
249 519
403 221
463 431
530 696
69 553
467 338
340 29
212 375
640 96
91 525
399 776
461 209
466 101
521 20
324 9
632 79
71 405
349 143
349 732
245 480
443 255
528 52
375 276
564 227
123 51
541 78
96 115
375 609
47 293
451 489
699 279
785 696
310 641
137 277
796 560
692 561
443 362
116 89
508 692
324 365
489 222
732 280
722 161
749 528
137 792
425 312
555 477
437 349
335 119
606 607
669 349
298 566
515 66
652 492
302 780
702 17
340 248
81 721
645 297
49 438
235 527
66 248
271 108
31 600
707 513
297 482
273 701
184 568
228 435
768 5
541 628
105 212
408 567
318 681
635 548
192 726
398 708
622 438
633 522
790 301
609 737
321 29
306 171
236 257
119 173
154 543
264 75
407 391
440 557
215 422
210 747
690 507
456 239
610 50
642 459
177 482
153 769
52 492
363 353
565 744
528 765
323 138
358 183
273 381
771 474
633 8
581 278
652 699
183 780
741 504
162 163
304 598
432 640
775 150
234 39
686 264
412 388
476 758
192 482
784 520
93 54
405 278
722 385
47 389
71 335
507 116
729 271
639 500
222 647
53 55
530 140
164 106
157 107
79 153
640 40
66 697
533 153
648 609
450 278
298 704
702 516
590 667
619 785
604 20
636 128
607 512
401 462
256 596
757 454
416 58
191 669
430 504
466 168
155 102
155 555
447 586
94 765
442 697
596 527
667 585
199 293
359 619
45 143
703 259
220 459
482 613
94 204
312 594
486 350
136 569
380 389
730 482
293 585
342 695
365 12
162 760
654 444
9 635
214 363
152 672
636 777
540 136
167 579
71 10
704 416
173 200
82 522
565 540
589 567
627 513
209 642
67 681
354 50
686 2
583 539
58 608
67 77
14 685
502 734
513 733
604 541
543 424
489 193
541 527
139 484
495 102
457 133
505 745
686 526
716 1
599 800
168 75
591 441
695 623
717 29
739 426
581 496
49 542
545 345
322 18
399 213
649 258
502 728
359 313
407 339
558 444
294 259
494 722
15 418
34 511
339 662
81 730
342 462
92 637
783 332
119 27
508 611
22 726
660 622
16 443
766 506
656 744
703 600
297 29
88 28
578 325
709 790
30 136
62 761
596 559
516 102
649 779
169 497
405 765
118 539
447 405
383 164
750 765
135 726
515 517
731 755
265 115
755 781
405 743
576 671
631 214
774 201
60 622
361 742
278 754
421 520
130 608
272 210
601 723
346 74
580 486
762 707
218 61
418 626
90 490
750 441
283 556
134 203
600 622
293 470
667 515
31 418
253 601
746 206
232 395
385 740
375 54
234 775
170 527
432 154
262 446
674 206
173 270
485 743
470 313
103 123
413 143
661 463
67 256
173 270
55 267
100 296
191 273
19 176
50 294
154 288
74 300
51 299
65 318
213 321
296 324
27 47
271 289
94 265
82 395
361 380
105 241
69 81
282 379
94 203
110 122
149 222
21 30
162 381
10 362
284 285
32 72
338 348
28 176
10 260
237 382
0 88
44 238
249 303
115 365
8 381
343 373
45 270
134 226
48 137
44 100
178 183
52 244
155 203
47 90
160 274
12 101
202 240
48 120
27 156
90 394
175 382
39 114
14 238
188 382
127 260
87 300
59 164
310 335
122 278
92 311
186 215
80 232
168 282
121 123
162 329
68 300
214 350
250 374
6 168
57 286
42 181
237 337
285 291
294 328
137 249
61 106
63 117
106 376
16 96
146 238
324 395
29 161
29 188
153 369
77 105
108 189
34 289
295 304
109 391
52 247
105 190
159 371
156 383
133 184
4 21
142 320
14 146
5 187
96 335
4 90
245 377
121 332
301 376
84 297
116 165
212 318
161 188
56 250
185 252
30 136
16 95
37 53
204 338
129 163
211 308
228 374
193 389
92 166
62 127
357 373
23 203
130 221
14 95
22 139
198 199
88 193
229 397
160 364
64 213
112 202
4 257
343 359
112 240
46 139
45 173
32 77
67 234
20 230
56 211
126 243
308 374
64 86
256 310
123 134
121 250
202 306
64 396
246 388
69 356
99 213
26 173
292 364
179 323
67 132
114 398
181 230
7 59
32 85
106 251
13 332
125 220
61 351
45 375
267 352
51 137
122 149
75 356
29 140
175 255
95 370
353 398
78 385
50 160
126 185
18 66
142 235
119 320
173 387
8 392
230 263
179 199
61 376
230 397
138 223
221 383
217 280
177 338
169 375
293 344
98 117
180 369
214 304
190 240
54 280
2 126
10 22
132 161
42 168
16 338
175 305
127 147
229 250
266 279
256 335
160 314
281 312
213 352
294 334
175 286
86 396
179 198
40 73
295 395
251 349
64 102
256 339
103 289
31 329
207 228
253 272
116 392
67 91
109 302
188 268
11 196
212 393
22 138
55 162
66 185
73 324
360 365
57 237
233 278
65 78
72 227
10 393
316 371
112 190
69 126
10 139
252 262
34 114
254 360
84 224
244 269
32 190
208 378
89 275
50 292
359 373
150 286
182 301
104 165
24 256
340 388
35 112
14 96
247 355
145 159
4 275
176 223
309 313
224 382
91 175
350 365
26 270
65 362
150 224
238 370
234 380
25 381
261 386
6 257
207 282
171 234
3 38
83 248
130 158
24 234
205 389
194 326
32 122
22 176
55 392
190 202
120 233
204 238
34 371
3 354
222 233
97 215
139 210
6 42
177 204
9 191
113 221
39 183
72 233
362 393
225 247
251 368
89 386
163 225
82 319
193 272
143 298
25 59
46 210
192 349
215 390
133 396
2 70
187 247
128 357
303 398
11 71
70 99
191 224
157 164
172 276
75 346
57 399
86 265
91 234
47 158
65 212
100 319
115 387
33 345
296 395
103 111
0 345
317 391
79 217
113 383
214 319
18 83
47 113
97 378
52 164
104 386
1 109
108 391
8 116
219 281
33 88
215 301
52 287
170 366
144 184
13 56
326 336
110 118
35 231
170 365
24 310
85 122
20 123
63 249
306 311
33 294
87 284
320 321
40 296
75 333
40 197
103 371
171 256
391 398
343 348
164 368
179 358
113 156
29 268
227 278
237 305
296 304
186 392
118 302
88 232
313 322
209 262
266 351
312 377
97 116
192 215
89 104
70 352
202 311
124 258
140 237
139 393
114 145
98 353
85 227
47 130
14 204
194 336
177 277
15 16
89 257
255 297
214 395
211 358
116 157
220 221
73 173
80 272
105 240
185 375
126 356
145 289
1 302
62 65
165 215
279 351
58 227
249 398
166 311
145 198
222 302
102 352
52 368
170 236
98 218
247 276
143 372
67 335
153 199
27 113
98 199
134 228
289 388
100 324
171 224
15 96
152 306
116 381
223 331
64 142
136 200
17 398
291 313
87 291
80 345
38 204
108 299
20 344
119 218
303 391
24 339
0 328
12 364
210 385
87 356
260 393
231 306
329 381
173 365
23 342
293 341
289 340
197 304
91 339
115 350
26 365
197 295
93 177
203 318
63 353
146 346
129 269
8 261
61 192
18 252
105 112
17 137
350 360
49 306
66 169
268 337
29 41
167 380
132 339
140 268
143 313
14 15
101 351
29 305
175 224
299 303
154 355
328 345
88 328
318 393
28 138
93 357
57 175
191 399
18 367
268 377
17 63
59 390
37 225
146 167
313 372
161 305
170 327
121 217
108 235
137 189
143 309
20 397
273 309
218 321
172 247
32 112
266 368
308 332
155 318
107 365
259 397
260 318
89 90
124 252
180 323
222 227
121 226
334 345
38 310
133 265
256 305
216 268
18 248
289 316
34 398
41 206
11 239
219 331
82 214
64 144
1 122
90 104
184 352
106 314
4 186
185 367
192 390
31 76
114 179
106 326
200 275
50 232
10 223
168 207
181 263
134 217
32 278
360 387
232 330
301 351
251 279
62 363
53 276
14 380
184 267
44 135
129 264
292 368
358 374
116 162
12 351
121 229
47 221
291 297
117 235
116 215
88 334
168 230
151 366
245 268
143 300
94 120
246 289
64 133
18 185
218 235
34 178
108 249
210 363
13 134
267 321
134 308
142 321
99 133
217 293
128 359
173 327
183 340
224 242
216 337
61 182
206 216
100 135
129 244
239 277
183 358
31 200
185 248
208 269
258 269
31 381
13 250
1 118
4 104
20 43
231 241
69 298
207 379
154 328
83 356
101 292
71 307
88 253
196 197
108 137
15 177
201 206
276 330
101 160
206 312
189 299
119 317
270 365
86 315
228 397
27 383
134 229
53 247
98 119
21 89
222 249
242 372
231 240
322 372
56 341
285 297
161 268
34 271
5 366
60 118
243 367
9 286
68 322
107 350
80 355
158 263
32 35
123 344
172 355
295 324
28 223
64 321
194 376
178 316
202 290
197 296
11 307
282 394
135 295
186 261
171 286
178 388
319 324
229 308
80 88
245 312
127 155
65 155
101 266
330 368
192 261
169 258
57 305
180 257
15 38
130 257
9 174
152 166
35 241
21 165
280 341
284 300
7 148
32 231
286 382
8 21
132 382
36 264
156 220
40 214
95 177
61 390
93 204
70 298
307 348
382 399
150 382
71 277
10 78
102 144
103 388
124 209
268 312
255 313
231 311
55 329
123 259
251 390
249 391
219 377
69 87
189 218
73 209
124 169
91 256
59 269
151 365
6 282
112 241
29 201
57 224
18 126
18 169
11 277
63 317
325 336
78 318
314 326
82 304
271 371
170 270
25 116
251 351
60 347
84 284
24 38
79 226
165 200
266 283
228 250
139 363
243 248
89 394
39 145
217 332
63 108
332 341
67 346
147 155
199 317
26 350
36 185
2 184
9 84
68 298
74 372
200 392
19 331
158 168
104 200
357 359
106 283
95 361
117 396
161 206
43 158
172 389
2 99
205 355
167 361
127 138
234 339
178 371
305 382
34 103
154 232
60 222
4 89
255 346
102 321
95 380
199 398
165 261
199 353
239 338
204 370
40 395
139 385
56 228
250 397
187 193
227 347
57 382
162 392
156 194
192 301
157 390
227 302
338 343
217 341
74 313
93 354
129 258
35 311
74 297
76 329
55 136
144 213
110 240
237 268
170 258
132 237
255 285
63 235
293 397
82 197
63 137
285 346
85 278
319 395
8 165
44 262
171 297
26 115
8 162
255 284
226 293
14 234
31 136
32 105
284 291
106 194
15 370
87 143
165 186
111 178
295 296
236 270
244 378
378 384
56 308
82 295
109 249
75 284
113 325
127 223
93 343
265 352
42 263
17 391
188 237
253 328
123 293
115 327
163 366
52 225
102 142
103 178
57 150
257 394
45 254
315 342
283 376
119 153
88 345
75 87
201 216
197 214
335 339
32 241
44 361
137 299
298 322
119 142
48 94
0 334
99 352
90 130
124 208
267 329
7 157
21 104
61 301
100 238
60 149
79 280
266 390
121 280
99 243
335 380
304 319
288 328
45 258
163 236
117 137
348 370
129 384
184 213
30 195
156 326
15 95
140 337
207 397
167 333
118 347
239 307
326 376
35 166
246 371
103 246
207 263
34 388
36 66
134 250
80 253
132 256
72 112
34 246
129 236
97 162
122 222
23 102
97 157
169 248
154 345
158 221
22 62
45 209
258 375
44 167
86 144
53 272
209 375
70 81
228 308
206 237
73 254
161 337
41 201
23 265
111 371
166 290
232 288
30 320
68 69
152 202
123 397
252 333
81 298
98 108
4 165
9 255
15 338
83 333
100 295
255 291
78 362
168 263
109 398
316 388
262 333
234 335
78 127
65 393
296 319
174 399
36 258
59 157
238 380
67 146
236 365
74 175
133 267
258 264
67 175
329 392
138 212
179 353
127 212
51 63
74 84
222 278
124 375
53 330
183 211
186 275
214 360
7 264
325 326
93 277
160 330
38 96
320 323
30 386
102 133
90 275
71 239
145 371
172 187
201 312
84 285
143 322
253 355
190 231
137 235
255 286
7 52
17 98
141 272
288 364
166 306
8 31
19 155
121 341
318 362
302 303
37 163
177 196
181 207
91 310
147 219
9 224
40 324
314 376
39 199
173 350
3 128
14 361
286 297
278 302
109 222
336 383
5 163
171 346
96 234
21 200
39 358
134 293
224 273
195 267
338 370
172 272
129 170
325 383
101 194
144 321
222 303
225 287
59 244
17 189
71 196
13 121
73 319
61 349
47 125
182 349
56 374
98 189
363 385
253 345
73 360
129 327
112 122
0 33
62 212
200 386
67 297
198 371
92 306
160 292
165 192
72 85
36 169
154 253
244 287
147 281
280 332
86 235
254 387
74 255
129 270
5 389
52 384
196 304
283 301
140 206
182 251
145 179
234 256
51 233
102 396
141 205
134 230
193 253
27 221
155 212
168 181
184 195
111 340
86 102
4 386
212 223
30 55
95 96
118 240
80 205
19 127
23 86
67 171
6 90
35 306
66 83
154 334
174 191
196 370
182 192
23 396
233 249
150 305
128 354
97 148
152 311
223 318
28 385
288 330
66 252
354 357
46 62
77 139
126 248
348 357
115 236
350 387
12 292
50 274
222 347
84 242
219 273
21 275
91 335
193 205
10 62
276 355
338 359
157 378
202 231
0 253
295 319
84 346
5 151
89 180
275 386
83 367
277 343
181 282
94 315
41 337
129 208
294 364
53 80
12 266
78 212
81 315
104 275
262 375
321 396
6 379
1 110
38 335
171 175
156 336
85 347
74 286
271 340
133 352
26 360
19 147
164 351
232 328
145 353
218 320
7 269
249 299
106 301
284 346
116 186
14 335
167 238
259 263
224 399
220 325
13 181
134 332
141 253
161 382
263 379
144 352
80 328
114 353
95 238
63 299
49 311
42 125
12 160
38 373
165 392
37 247
214 296
3 373
2 248
1 60
131 337
151 236
180 282
118 222
257 275
195 321
84 372
56 332
234 310
10 385
101 283
124 129
9 150
243 329
75 285
35 105
0 154
111 271
280 293
44 146
144 265
121 308
285 380
191 286
42 130
40 82
22 363
343 354
169 367
230 344
159 211
191 309
203 342
232 294
68 372
40 319
119 323
80 154
123 229
153 320
17 51
133 321
277 370
66 248
121 134
3 338
303 347
150 174
113 376
53 172
70 133
309 372
215 349
63 218
36 124
15 204
71 197
22 385
338 354
233 302
124 327
35 77
291 346
239 348
25 269
66 124
261 392
196 296
144 195
127 318
6 263
130 394
112 152
131 216
117 142
211 374
88 141
54 341
188 399
190 241
17 317
159 198
17 303
178 271
12 50
208 384
28 127
128 373
142 144
36 375
132 305
15 93
309 322
258 327
69 143
269 384
168 379
278 347
174 309
41 131
72 105
135 319
16 204
94 396
9 372
40 295
141 193
61 283
22 260
288 334
351 376
114 371
46 363
79 341
102 315
145 358
52 276
354 373
26 236
62 78
42 379
207 229
300 313
193 355
316 340
34 145
163 187
42 43
304 324
233 299
283 351
209 254
120 362
57 188
298 309
225 244
153 317
31 55
144 267
101 314
330 364
40 304
251 266
37 384
6 181
2 213
31 392
16 38
338 357
99 126
164 266
20 259
279 390
164 251
116 192
301 390
177 307
22 78
132 310
60 110
43 125
37 287
349 390
101 364
171 255
85 222
97 381
140 216
288 345
109 246
182 279
211 340
172 193
10 65
264 378
274 330
208 258
123 217
182 390
364 368
123 230
116 261
336 376
28 260
35 190
73 395
259 293
24 335
252 375
112 231
22 46
230 259
96 204
277 348
201 337
259 344
72 77
115 270
254 324
21 261
65 223
58 299
79 332
205 272
7 378
144 396
7 384
23 315
178 289
194 314
214 324
164 279
3 357
18 36
138 331
123 181
6 394
242 313
46 385
122 227
197 319
188 224
130 263
242 286
185 262
323 369
86 94
184 321
195 213
206 245
88 355
279 368
381 392
249 302
180 394
25 76
53 287
122 190
126 367
60 109
80 193
212 260
13 217
73 214
115 366
152 290
146 380
78 223
36 45
92 290
161 237
21 186
283 314
84 291
11 348
274 294
198 369
131 140
1 222
175 297
26 387
288 294
49 152
27 220
136 267
58 120
130 168
91 132
175 242
2 69
274 364
23 94
301 349
17 299
65 260
142 265
57 171
177 348
60 122
101 106
98 317
74 242
31 162
66 367
354 359
109 149
59 97
9 74
13 229
289 371
248 367
223 260
138 176
160 326
195 320
290 311
39 179
164 390
62 260
142 218
196 239
102 235
69 322
60 246
37 52
291 300
169 252
159 358
157 215
150 175
25 157
232 253
76 162
244 264
8 329
142 396
133 142
264 384
101 326
169 185
28 363
199 391
54 79
197 395
135 296
208 264
366 389
302 347
83 185
77 241
106 351
150 188
22 210
107 173
45 327
104 261
58 85
220 383
2 352
22 223
61 266
273 399
183 198
65 138
98 153
102 265
115 170
50 364
353 391
93 338
47 220
201 245
83 262
72 241
284 297
149 302
84 255
270 387
233 347
100 196
57 91
117 218
188 305
310 339
35 290
281 377
35 139
103 271
78 260
122 302
6 130
182 368
242 297
29 206
156 325
10 127
42 230
120 203
189 317
194 383
26 170
118 122
215 261
68 87
63 189
148 208
125 221
13 228
239 370
56 229
148 264
17 108
189 235
57 84
111 316
62 210
148 384
148 378
60 303
33 334
48 203
108 117
63 98
88 154
39 159
68 356
247 287
39 371
140 161
6 207
110 149
118 149
17 249
299 391
19 212
73 295
24 96
107 387
59 378
14 16
111 289
35 152
108 317
25 97
51 249
124 264
100 167
9 57
1 347
19 219
62 223
173 254
174 273
148 244
59 384
182 266
114 198
209 252
261 349
106 266
283 326
25 162
100 361
12 330
55 381
35 92
281 399
80 141
11 93
328 334
156 376
203 315
134 341
264 269
145 199
72 278
13 397
75 255
19 223
173 360
7 208
188 206
206 377
7 25
271 316
55 200
27 325
57 161
219 312
220 336
232 334
113 336
9 297
242 291
75 300
117 119
271 388
135 395
29 337
99 184
109 347
96 310
70 322
107 360
29 237
246 271
218 317
74 291
84 313
59 148
68 126
64 352
187 272
177 239
81 342
150 273
9 242
136 320
45 124
292 330
121 293
186 386
24 132
146 285
19 138
9 291
198 353
343 357
36 209
8 76
61 251
42 158
231 290
244 384
30 200
254 395
37 276
7 97
115 173
91 171
163 170
2 243
10 318
13 123
60 302
149 347
38 128
49 166
10 363
50 288
75 291
365 387
77 112
70 265
61 215
13 308
80 276
150 191
141 355
163 270
133 144
56 134
276 287
240 290
103 340
100 304
104 257
16 335
86 142
371 388
201 377
103 316
29 131
69 99
41 216
134 397
39 198
92 152
123 250
62 385
56 217
130 379
225 384
232 345
187 366
242 255
49 92
64 235
54 293
81 322
178 340
155 342
386 392
117 189
272 355
164 182
292 314
250 308
65 127
351 390
361 370
114 199
206 337
158 379
25 378
85 241
274 292
3 343
72 122
201 268
340 371
159 183
349 351
68 143
8 25
172 205
94 342
48 362
58 137
20 263
245 281
270 327
109 303
83 169
115 151
21 386
167 262
48 318
171 242
104 186
238 361
252 367
155 260
153 323
81 309
74 284
80 172
101 376
22 28
93 348
64 265
379 394
122 347
120 137
51 108
146 335
33 328
51 117
41 140
183 316
105 202
44 380
39 369
150 399
214 295
198 358
236 366
83 252
89 200
7 244
43 259
29 216
54 226
226 280
159 374
265 396
179 369
258 270
181 379
62 138
263 282
16 93
287 384
41 245
57 242
8 55
187 389
176 331
74 143
135 324
337 377
273 281
138 260
230 379
84 175
85 233
136 195
300 356
20 42
54 332
227 233
274 288
93 370
60 227
165 386
228 229
224 286
105 231
96 373
135 304
12 368
26 45
288 292
236 327
93 239
328 355
187 205
106 182
97 261
219 245
44 333
9 313
181 397
208 244
235 396
6 158
143 356
272 389
1 149
117 317
152 231
213 267
26 107
58 362
51 189
165 275
290 306
27 125
284 356
56 121
84 286
69 70
95 204
107 115
277 307
90 257
115 360
269 378
5 172
21 392
217 226
182 351
54 217
36 252
151 389
50 330
111 388
11 177
148 269
140 201
304 395
194 325
277 338
13 230
125 130
58 233
226 341
11 338
78 393
133 213
71 177
207 250
25 148
174 322
154 294
206 268
146 234
194 283
9 175
48 58
125 158
53 355
28 62
159 179
317 353
265 315
5 205
177 370
52 279
13 293
227 299
183 374
3 359
196 307
10 212
76 381
113 220
297 346
142 195
245 337
82
69
135
81
34
185
131
83
117
16
79
144
45
43
40
217
54
56
61
112
72
152
88
69
96
18
133
83
70
82
78
123
56
53
51
90
25
28
172
126
135
172
97
152
115
155
95
123
76
62
11
112
126
35
108
109
32
60
28
142
63
58
171
125
142
134
117
121
83
110
123
63
48
192
149
59
156
117
116
52
67
56
78
42
35
66
219
90
82
135
15
177
106
98
243
30
93
88
112
85
104
81
53
28
56
114
26
63
67
26
120
44
84
88
110
132
124
165
171
82
9
110
76
108
218
45
77
147
121
98
74
145
185
156
137
132
83
74
77
42
87
114
131
146
100
101
67
153
135
62
84
168
96
39
22
193
137
132
105
48
151
163
121
205
49
85
102
56
66
113
35
95
49
76
93
51
130
29
97
48
54
74
119
108
98
44
12
250
114
66
152
102
132
72
81
49
73
57
90
112
48
116
121
160
11
72
112
161
108
85
54
16
59
81
155
41
95
9
85
39
98
171
181
55
33
50
106
207
72
166
102
118
68
55
54
53
70
83
52
135
87
112
130
84
234
159
77
43
113
127
40
78
217
93
76
147
133
100
98
66
84
164
46
184
111
58
140
94
110
163
30
139
128
77
128
169
108
154
172
170
208
112
53
51
72
105
132
118
81
108
129
46
84
165
114
166
93
111
109
115
150
66
54
156
94
128
96
26
70
80
71
30
91
61
133
217
115
128
72
50
110
129
119
75
164
83
93
148
14
54
58
95
48
54
43
132
186
123
60
210
105
111
118
72
154
151
142
77
197
75
63
89
125
69
77
75
64
160
15
146
177
156
46
87
126
70
59
164
131
75
144
31
127
147
171
60
82
14
39
34
122
79
181
160
158
55
43
82
23
93
122
141
40
144
120
59
110
54
161
79
73
110
37
68
26
33
208
77
126
78
107
165
99
181
156
45
111
100
183
74
124
157
29
41
108
110
68
95
112
41
133
153
165
79
85
23
99
64
109
33
62
148
58
98
58
84
150
157
140
80
57
46
70
41
195
81
103
33
147
230
142
146
83
137
142
32
111
100
40
112
94
122
195
50
142
128
94
173
25
150
56
214
47
91
63
92
110
116
45
49
77
83
39
117
55
89
101
145
72
214
32
32
57
103
97
190
30
180
26
31
56
39
123
40
74
84
151
117
121
49
42
69
83
94
84
86
118
176
165
34
78
157
94
100
109
140
45
120
145
69
12
133
44
79
94
136
53
103
158
86
78
68
58
100
169
88
159
114
102
70
89
22
91
68
40
108
40
157
50
178
57
75
195
104
107
185
31
22
56
79
179
70
87
114
72
181
110
57
98
109
118
119
87
10
108
55
91
91
95
98
163
99
93
37
51
70
28
80
23
90
170
130
26
75
80
69
57
76
100
216
136
117
23
79
140
61
13
47
45
152
108
201
99
201
106
75
146
88
163
131
62
67
108
178
162
57
91
51
144
66
83
200
90
87
86
35
158
23
41
131
78
202
68
26
59
80
61
20
143
97
19
159
102
102
72
128
15
88
58
98
97
90
180
70
66
166
92
53
95
79
67
130
92
88
51
55
115
190
112
227
119
113
119
17
72
99
85
85
118
78
31
185
26
40
71
100
105
92
233
122
111
67
65
174
136
121
180
153
26
134
97
145
75
108
52
158
52
37
54
74
140
99
63
130
67
114
85
64
80
59
51
209
187
17
67
102
168
73
106
40
80
122
111
93
98
216
135
26
196
66
145
104
154
137
93
16
97
140
40
92
168
16
213
101
91
153
119
55
191
37
105
64
59
154
77
196
53
82
71
152
63
55
122
56
179
119
41
84
64
91
164
118
189
47
59
112
156
78
51
69
148
71
221
114
86
72
56
95
102
62
145
31
27
38
172
134
75
37
75
94
26
124
91
101
36
90
157
150
41
23
23
83
132
114
43
86
112
32
127
65
172
139
34
102
26
53
86
116
137
44
144
21
56
101
117
88
99
80
47
65
50
77
87
72
128
66
74
72
88
130
81
145
79
226
165
78
47
191
80
66
151
72
101
173
51
116
71
27
57
108
182
18
110
218
115
29
204
61
116
49
94
296
148
233
91
33
102
41
117
54
148
45
171
72
89
214
23
178
86
243
24
74
69
21
121
151
57
160
92
110
31
92
88
143
147
169
47
139
57
193
17
145
30
140
152
43
70
103
60
42
139
19
133
91
45
47
131
90
17
53
67
59
97
91
141
99
85
144
139
175
92
84
25
97
15
60
51
87
91
153
130
79
165
71
171
67
138
182
62
69
164
76
77
125
70
61
160
69
155
45
108
147
118
75
100
90
119
63
69
98
194
133
46
83
157
49
91
95
217
77
144
112
44
123
121
68
141
41
151
116
66
150
79
120
130
58
112
36
128
59
152
25
118
147
104
130
66
56
128
122
194
155
29
32
160
40
219
86
70
43
90
128
143
45
156
46
122
129
137
93
86
88
103
21
86
68
164
128
166
65
33
137
31
201
34
104
121
126
43
101
108
148
71
94
127
58
126
91
186
119
138
120
51
91
123
119
96
86
100
105
190
188
51
179
71
48
127
72
131
120
48
139
162
27
228
145
33
75
68
46
11
262
48
56
72
96
75
318
78
37
56
7
106
82
142
67
69
193
147
174
42
49
175
132
153
99
160
17
109
127
86
107
101
76
58
66
86
73
122
72
59
131
74
95
62
88
101
122
72
169
141
156
148
110
44
222
98
56
71
60
68
51
54
47
188
88
133
110
74
74
83
130
92
90
32
69
185
251
175
184
130
84
70
116
161
62
180
89
119
49
93
81
105
168
71
74
98
117
125
147
16
92
140
114
108
180
86
54
114
126
112
224
87
102
71
40
102
105
151
115
274
94
75
233
129
75
71
63
121
14
21
143
35
199
176
71
54
27
37
118
176
76
152
181
160
163
98
265
115
62
60
68
70
80
238
124
80
87
117
146
59
166
45
62
50
40
63
74
124
115
48
69
126
49
82
88
106
48
184
54
73
68
138
136
120
149
115
66
66
147
186
112
160
197
57
167
90
84
137
48
187
178
183
29
63
49
71
109
127
144
162
98
23
155
23
86
34
51
185
119
77
107
87
189
70
104
53
86
75
111
121
128
109
180
78
210
43
82
205
96
104
102
75
211
92
104
64
130
44
122
203
134
129
43
205
110
69
228
68
110
73
81
50
67
79
189
92
77
31
47
35
123
88
154
147
87
146
187
38
57
79
45
81
82
129
104
59
52
99
73
82
99
55
184
148
79
105
90
56
126
121
87
86
114
85
108
95
113
192
119
73
85
114
82
80
94
27
143
63
165
36
19
61
195
146
12
96
71
45
94
93
169
69
152
64
54
86
169
70
73
72
111
49
55
162
151
79
86
90
27
79
93
160
87
83
17
33
103
64
25
119
112
51
105
53
39
38
102
231
90
83
39
100
102
47
76
103
116
148
106
96
52
12
91
64
58
137
86
73
108
106
92
136
91
40
58
147
63
114
72
22
125
29
63
42
70
95
84
98
87
222
143
78
44
79
150
35
189
123
145
22
137
35
71
14
94
45
118
111
39
68
11
142
137
107
131
69
43
63
98
57
138
47
42
82
50
201
47
39
92
137
146
78
129
209
176
29
59
58
82
34
131
113
108
145
43
53
61
74
9
101
142
52
85
101
99
132
50
112
63
58
52
167
104
147
87
27
45
184
132
59
112
97
131
48
66
175
94
70
91
90
91
103
100
108
66
103
70
106
135
40
36
95
177
93
60
113
97
47
60
256
131
148
179
79
145
89
131
37
194
73
56
88
130
53
88
117
77
96
75
126
213
113
117
82
68
141
54
92
23
74
70
87
83
166
149
123
193
84
79
128
190
51
46
120
142
212
95
111
164
83
33
130
73
123
145
36
107
57
86
62
91
84
126
79
89
46
82
15
100
121
146
67
164
66
52
119
61
44
46
63
99
107
128
93
60
70
161
136
130
176
101
74
74
147
20
56
68
246
75
123
245
181
87
77
73
60
213
70
36
56
43
193
109
82
170
140
130
97
169
51
83
154
113
88
58
172
147
44
118
73
105
57
63
81
119
99
54
186
98
215
89
128
169
93
171
64
188
109
196
75
122
81
195
106
92
42
54
106
115
13
144
213
128
130
18
148
129
57
108
107
108
74
69
62
53
165
73
151
46
127
236
172
61
196
166
119
142
52
63
63
94
73
213
16
156
58
43
56
75
49
141
138
48
84
111
93
78
131
122
87
48
45
71
58
92
124
72
129
97
81
41
50
95
219
15
115
156
174
112
13
41
118
130
73
76
85
96
139
114
130
79
120
77
140
74
60
151
107
60
240
133
219
46
127
127
35
137
174
59
168
49
150
107
75
53
51
104
181
44
86
65
44
107
118
80
52
170
174
170
77
138
108
39
107
54
245
97
144
122
83
82
136
51
84
97
61
72
64
142
50
119
43
51
96
93
76
90
158
55
118
95
31
73
127
197
132
62
81
64
62
63
37
191
136
