517 794
399 562
381 284
362 620
76 206
505 321
583 699
302 457
160 161
101 470
656 352
457 260
278 681
295 541
192 498
255 14
120 420
306 246
538 628
577 417
433 52
301 334
797 660
618 447
678 39
38 520
744 721
110 573
103 536
451 319
780 584
226 289
153 243
609 649
379 523
547 33
441 103
642 763
140 217
331 641
571 720
753 716
233 706
32 674
728 16
628 154
439 682
16 61
738 436
359 369
491 360
495 405
535 620
312 117
371 249
397 604
712 664
540 231
100 496
249 15
466 244
608 72
645 323
542 172
622 435
77 447
239 607
255 192
405 465
323 734
343 353
520 700
558 321
507 557
18 127
791 234
783 555
728 113
330 393
552 339
475 243
327 721
650 661
538 646
306 355
407 192
663 100
407 620
110 123
768 271
324 16
511 534
673 769
205 183
114 154
517 96
95 198
114 319
295 162
753 623
347 543
723 704
260 16
782 536
107 460
270 767
505 84
332 604
281 151
738 610
799 585
419 787
455 437
634 774
257 505
204 663
116 192
141 789
690 782
86 469
767 59
145 555
405 605
737 726
337 692
95 52
678 335
596 542
149 310
67 357
550 372
209 632
27 301
364 574
255 274
431 80
438 26
630 238
406 756
745 546
373 94
6 691
214 676
134 634
318 556
100 791
108 641
720 559
655 586
726 263
570 180
678 370
247 225
43 604
535 170
159 432
243 776
93 473
573 532
591 162
174 536
448 711
723 395
40 134
361 26
575 466
84 222
37 231
376 578
741 149
448 149
499 38
87 464
790 54
557 96
289 103
104 420
694 193
99 764
131 547
240 440
25 164
525 270
574 600
374 112
403 480
241 302
660 526
145 402
252 696
391 751
238 520
464 526
225 548
528 105
488 135
668 321
78 366
418 131
111 581
495 743
18 236
425 414
99 326
538 488
322 524
6 195
515 209
151 54
464 608
140 702
519 493
383 210
798 78
189 580
103 81
195 58
479 362
57 525
634 586
407 729
436 350
792 75
443 203
292 766
291 155
126 249
643 203
282 737
68 150
186 627
685 173
430 781
275 84
591 498
441 412
61 196
331 240
109 747
61 66
439 291
190 588
580 733
589 368
129 596
268 283
621 681
775 394
258 472
606 123
528 156
605 92
159 59
88 153
336 465
607 480
257 352
430 666
67 474
623 496
230 432
171 720
115 699
777 36
431 475
200 771
393 757
260 529
327 750
680 490
586 478
184 122
162 593
148 177
146 7
541 198
556 446
706 157
702 206
548 781
343 268
173 701
575 242
35 377
666 370
294 695
753 525
722 732
111 353
482 52
29 475
541 81
121 181
789 117
414 200
575 368
488 754
211 779
712 359
537 380
405 171
131 615
588 492
283 172
348 288
468 275
353 220
184 321
619 759
331 246
312 310
559 533
412 385
14 585
160 606
332 792
49 590
322 582
246 205
159 565
758 19
261 51
696 96
460 70
329 787
267 680
401 588
668 556
233 170
293 92
46 454
42 179
371 579
733 620
687 259
704 564
627 764
505 142
5 99
439 365
36 747
521 247
689 417
60 117
472 622
558 18
572 270
689 107
373 257
556 740
118 230
102 622
705 426
693 681
189 754
453 540
27 777
277 675
173 455
35 420
686 320
677 181
290 752
260 95
730 198
225 162
318 18
282 3
615 554
639 587
16 257
331 489
465 579
773 45
186 99
176 509
401 720
354 287
670 344
79 240
586 195
781 714
654 265
193 99
750 231
517 430
277 727
292 46
211 321
554 51
346 586
617 441
73 799
176 83
316 53
254 199
257 639
225 767
154 470
409 572
97 129
204 211
121 375
32 97
105 297
17 395
284 352
155 188
145 238
34 168
277 278
31 256
230 314
100 390
234 302
52 209
37 336
17 310
77 169
354 397
25 218
143 314
125 343
207 341
23 391
184 198
80 182
113 242
163 253
5 305
17 152
138 161
92 287
59 366
93 271
169 384
25 28
75 89
86 277
180 358
166 167
89 149
152 328
73 91
58 172
223 300
116 236
150 275
129 283
219 335
104 258
25 313
57 207
268 285
214 244
42 397
22 110
342 352
6 242
109 110
102 366
54 306
52 344
164 366
340 356
0 349
321 387
12 285
229 292
90 387
100 332
207 250
155 398
57 182
1 390
246 353
192 355
235 339
165 204
4 116
70 377
332 399
163 239
307 388
15 394
199 244
212 223
204 385
109 333
188 288
216 252
257 376
186 256
14 375
6 83
328 365
18 71
106 194
82 148
308 349
112 339
33 246
42 115
344 372
100 168
237 306
185 254
194 291
73 211
81 362
5 29
182 207
35 106
23 270
143 351
127 255
120 373
14 191
189 396
134 310
0 200
280 304
63 275
133 317
139 333
167 236
62 382
64 391
53 394
50 385
35 61
278 361
148 327
72 299
10 378
202 235
245 310
171 194
53 363
103 147
156 228
94 96
144 205
213 320
124 376
144 267
91 158
167 331
116 292
95 174
13 191
250 380
185 202
22 381
37 113
45 86
127 183
29 240
48 352
146 210
6 336
59 321
166 370
19 165
41 123
94 229
36 337
161 376
96 236
57 346
190 232
50 51
156 354
298 360
92 123
56 99
283 330
128 388
169 231
259 302
28 121
290 359
310 377
100 133
182 346
88 125
127 327
228 386
181 331
250 275
7 371
170 198
22 41
210 261
228 268
66 115
250 337
86 361
133 390
174 250
141 313
54 85
41 56
19 385
4 292
111 266
53 98
212 280
55 399
121 160
0 232
330 359
284 298
370 379
258 290
11 80
204 234
40 71
130 243
135 198
160 241
189 386
278 384
171 389
204 311
181 229
28 58
120 213
241 319
2 309
169 177
97 203
38 166
356 392
69 124
266 268
67 318
132 370
247 342
68 371
213 293
121 314
14 248
36 136
315 362
105 324
237 309
327 368
44 120
117 145
90 102
259 269
335 369
62 126
53 225
231 361
157 172
215 239
142 325
147 333
230 281
36 106
9 155
191 267
247 298
179 244
11 29
16 104
271 328
160 272
85 223
57 380
242 349
205 317
79 295
16 398
215 252
114 371
108 175
75 149
142 396
62 243
46 161
27 316
4 331
360 378
8 383
165 255
18 183
168 390
175 225
9 58
136 171
7 180
67 365
194 337
167 370
162 378
205 371
215 393
61 345
144 332
31 245
106 195
170 184
221 312
216 393
259 270
73 209
114 180
178 210
117 297
298 352
295 299
7 114
120 293
24 120
88 292
119 290
21 78
126 378
234 391
225 303
114 193
199 314
366 367
67 303
32 292
279 349
113 349
191 375
218 316
9 172
325 357
316 351
87 399
69 105
122 209
266 376
231 322
238 281
30 99
163 206
11 182
202 339
300 306
95 389
216 374
71 83
341 346
150 154
55 390
15 387
23 64
29 305
56 333
120 222
158 183
74 181
69 190
59 387
105 386
177 231
142 281
296 349
150 380
233 387
162 352
197 203
32 116
21 70
35 289
143 244
69 81
4 350
2 304
348 377
169 364
118 123
65 157
57 275
10 342
35 389
357 396
227 382
194 389
79 243
102 394
36 184
208 215
50 339
40 308
100 205
85 300
81 285
36 323
17 318
3 55
187 369
36 198
112 312
68 202
317 332
66 131
225 328
149 384
126 151
14 121
14 180
244 272
96 350
48 269
143 301
20 171
98 108
109 147
42 285
229 331
40 242
77 86
121 244
256 310
165 234
174 194
172 330
163 331
272 319
221 339
92 118
204 255
48 298
107 144
84 377
48 247
230 244
112 264
261 354
148 335
62 360
268 362
176 188
321 363
56 101
138 266
95 291
31 388
63 159
90 366
3 332
220 266
17 134
93 152
8 93
4 38
6 82
224 268
138 232
92 308
149 364
82 369
72 243
280 377
208 374
26 123
140 198
284 342
329 394
111 190
238 340
58 104
275 341
27 319
303 318
50 72
64 259
67 98
79 299
122 372
76 99
46 138
72 346
51 130
102 233
23 234
11 341
10 196
39 107
209 355
34 185
8 365
17 245
95 194
12 124
39 390
137 278
50 79
3 122
161 232
67 134
181 206
304 377
144 317
46 220
99 335
178 262
333 335
80 305
80 341
8 374
102 387
174 249
73 372
32 226
220 232
251 389
183 219
119 176
27 301
31 186
279 308
46 87
15 59
245 256
65 258
70 312
118 287
56 381
125 215
66 230
136 289
109 139
65 330
202 221
4 96
122 399
275 380
21 310
42 357
116 273
318 365
58 179
178 261
21 49
171 323
277 361
126 284
18 83
72 295
32 38
36 170
69 228
11 240
85 212
1 332
5 182
233 363
196 298
278 334
174 251
220 376
7 78
199 319
13 193
51 299
22 109
110 333
252 271
134 245
40 246
111 232
284 360
99 353
211 385
365 395
55 326
206 370
228 362
138 190
94 253
82 101
84 304
271 393
169 278
187 368
156 397
228 285
84 310
81 268
183 369
217 339
59 367
198 294
227 361
34 254
17 54
113 118
88 253
165 302
210 281
238 354
181 338
73 311
272 314
27 28
261 281
16 119
182 341
6 308
130 295
105 397
358 398
271 374
24 61
6 71
154 337
81 324
225 395
22 26
142 357
69 386
17 309
28 244
200 279
106 337
22 333
375 398
70 84
366 394
124 268
20 323
151 360
210 238
53 329
162 342
13 205
367 387
170 250
137 227
216 274
26 41
86 249
236 331
18 33
54 304
71 242
304 309
53 140
132 283
144 371
54 237
74 331
116 350
42 297
252 274
171 291
363 374
39 357
67 93
293 373
8 271
77 361
98 175
1 55
130 385
192 372
65 104
108 303
46 257
113 279
195 250
222 320
150 250
89 334
196 378
3 390
26 381
63 150
243 299
77 373
34 205
241 244
170 337
163 343
12 386
285 386
16 176
135 140
3 107
374 393
190 220
8 273
134 318
179 375
9 28
357 386
5 217
363 383
227 278
24 86
165 270
326 372
135 184
86 231
228 357
234 311
162 298
140 394
189 357
87 257
62 196
38 292
119 258
192 399
155 176
34 133
252 393
45 159
161 200
81 228
23 255
116 253
201 206
91 311
2 54
67 395
157 330
214 230
37 242
277 322
235 264
44 373
313 316
30 110
149 382
71 296
9 258
230 301
315 324
124 357
9 330
83 183
28 218
253 273
89 364
173 213
14 358
236 253
121 214
86 322
41 287
262 340
93 273
317 390
279 336
104 157
109 335
168 317
162 247
68 254
47 343
208 252
51 202
156 386
231 364
131 230
24 320
70 304
279 296
233 321
7 254
153 313
78 254
9 104
62 284
135 136
104 398
2 348
268 386
131 241
50 235
115 396
64 255
150 159
117 265
340 392
63 337
103 335
276 385
68 112
73 158
126 382
255 269
71 200
281 354
175 387
214 314
119 157
38 273
158 270
157 258
112 185
47 163
222 263
108 233
191 248
19 299
129 197
91 355
34 68
27 179
4 166
91 127
33 183
114 267
101 353
158 255
297 397
160 191
321 366
15 233
62 298
42 189
68 185
67 225
60 80
43 356
242 279
175 329
25 258
45 249
234 255
29 60
108 328
226 379
232 266
158 259
127 259
57 154
65 290
141 340
56 287
255 391
161 220
170 300
190 376
224 397
45 231
234 259
69 362
332 390
280 309
240 348
32 128
191 193
13 114
283 359
106 171
10 151
187 327
183 368
193 214
46 376
47 239
74 239
242 336
87 326
196 334
133 144
218 290
16 188
274 393
207 337
149 177
66 396
255 276
111 220
83 344
145 262
105 362
216 383
27 121
181 343
201 236
14 398
200 232
284 378
86 251
285 362
272 301
122 332
169 293
121 319
74 206
374 383
10 295
166 236
108 395
24 44
147 187
260 358
297 354
159 251
37 40
193 241
123 353
38 116
108 318
262 281
194 250
86 347
67 108
117 392
255 302
110 286
62 378
184 300
18 73
93 395
137 361
302 311
97 226
42 228
224 228
143 210
167 206
84 245
122 344
10 360
1 100
150 282
153 316
54 348
324 362
96 253
21 245
19 391
132 379
177 334
107 133
161 190
161 296
10 298
74 229
152 186
263 293
12 42
105 224
10 284
322 347
45 347
177 364
27 351
124 285
167 201
230 241
26 118
273 292
172 290
125 252
5 299
217 221
28 157
13 100
108 329
74 163
225 363
185 264
141 153
207 282
175 394
21 84
73 355
176 288
85 294
54 280
131 314
325 396
273 350
125 208
20 36
287 381
17 377
51 217
318 395
8 116
112 385
151 342
285 357
333 353
68 235
4 206
55 122
41 118
88 252
35 291
262 392
165 211
222 293
11 305
189 325
172 258
151 378
168 399
30 109
5 79
106 291
231 278
230 272
64 295
45 227
82 246
156 265
89 278
303 395
199 272
29 50
282 380
16 358
165 259
1 34
30 333
153 199
3 326
50 217
355 372
143 272
277 364
5 221
72 130
198 300
61 174
327 369
148 369
167 379
326 332
204 302
103 286
192 264
97 307
51 276
3 168
144 390
50 221
275 282
113 336
227 380
17 306
226 350
73 192
45 380
177 361
95 171
247 352
358 375
185 371
158 211
179 272
102 367
22 56
125 274
309 348
74 338
90 367
151 298
171 345
181 236
163 236
5 50
150 249
249 380
248 371
99 109
148 368
312 339
72 79
67 328
38 350
43 316
92 113
212 309
63 380
38 93
143 262
125 239
30 139
163 181
134 186
142 189
116 379
37 308
304 348
54 294
237 310
1 326
177 227
39 317
96 226
35 174
283 288
154 207
99 333
31 134
88 215
63 207
170 195
193 375
43 153
28 179
111 376
30 76
143 146
196 284
22 30
160 319
90 164
338 343
137 334
55 168
36 140
98 318
386 397
139 147
22 123
33 219
146 301
33 148
203 288
156 224
43 313
208 274
261 297
57 150
28 319
87 122
160 214
62 334
81 386
77 222
150 207
231 347
95 250
1 399
26 101
256 388
117 354
334 364
16 157
29 221
19 295
270 276
41 381
178 238
168 326
108 365
227 334
6 349
232 296
217 235
154 159
302 391
147 286
107 390
57 63
5 130
164 387
146 244
154 380
116 226
17 348
223 305
270 391
190 266
259 368
94 273
33 83
126 298
197 359
24 347
12 228
21 256
160 193
257 344
105 268
169 277
213 263
81 124
169 347
79 346
216 321
101 123
47 338
19 270
106 289
177 277
20 140
234 270
15 321
253 292
0 296
225 365
27 272
334 382
177 278
56 82
58 65
169 322
14 193
99 110
53 175
26 56
224 324
29 217
129 203
161 257
63 154
278 364
60 207
209 399
44 263
51 339
91 192
59 216
33 40
77 277
12 357
147 327
13 267
207 275
105 265
362 397
225 329
40 336
16 172
99 147
51 112
208 271
58 258
114 191
194 195
9 119
229 253
36 289
135 323
187 219
219 369
61 291
254 371
174 389
238 262
133 399
298 342
148 219
54 377
152 303
96 167
29 312
97 128
20 136
11 223
76 139
78 84
278 382
121 301
77 347
53 387
314 319
43 340
42 261
301 314
213 373
212 306
169 361
263 320
130 276
17 237
154 275
276 299
253 343
4 94
2 377
4 253
90 394
154 195
57 282
232 376
55 87
42 325
294 306
151 284
58 157
159 227
127 369
263 373
294 300
246 308
103 109
60 341
168 332
121 179
84 256
45 277
321 329
94 116
19 276
69 324
0 242
37 246
1 355
58 218
61 249
53 303
34 332
155 358
8 94
79 182
38 226
203 283
268 315
149 360
142 261
77 231
70 310
224 386
12 325
91 204
111 296
229 343
291 345
269 352
85 170
6 33
222 373
74 343
151 352
139 335
2 237
265 354
228 397
200 296
55 332
21 304
253 331
240 339
56 353
93 365
210 262
259 327
139 286
36 135
41 353
97 197
129 176
52 73
127 270
158 368
199 351
223 294
76 110
42 386
68 264
21 186
44 173
137 282
19 130
148 187
81 190
212 348
206 331
176 258
160 179
363 387
193 267
345 389
221 235
37 287
189 285
236 379
271 273
66 241
301 319
31 152
27 199
329 363
64 243
53 108
346 380
105 156
173 263
145 340
318 328
75 384
166 331
103 139
275 337
166 292
355 399
39 124
271 365
87 209
187 269
130 217
287 353
101 118
252 374
286 335
165 276
40 200
93 328
17 304
47 74
239 343
71 161
280 310
214 241
19 23
209 372
88 94
56 123
199 301
360 382
146 351
248 267
94 343
170 294
20 289
49 70
188 197
212 237
115 142
121 241
50 130
105 228
195 323
326 390
52 83
88 229
242 308
152 245
54 309
22 99
186 310
204 270
265 397
161 266
126 196
31 307
104 172
9 398
145 178
104 358
42 354
36 195
259 391
77 213
2 280
96 229
197 288
101 381
237 348
111 138
8 38
63 250
45 177
383 393
126 360
277 347
265 297
132 203
240 305
154 250
30 103
237 280
10 243
314 351
26 353
195 337
67 152
72 182
195 198
173 320
66 214
321 394
59 102
1 133
188 358
159 249
153 351
127 234
29 339
35 345
81 224
229 338
221 240
154 194
159 250
23 165
121 272
186 307
106 250
45 150
3 87
30 147
43 146
146 262
96 331
248 260
347 361
95 195
362 386
155 260
127 219
327 335
104 155
258 330
211 276
238 392
51 235
244 319
6 40
57 341
58 398
60 305
213 222
212 300
320 373
196 382
57 80
104 176
115 131
1 168
231 277
271 383
75 364
66 193
12 81
245 280
38 96
60 182
133 332
23 276
49 312
4 229
146 153
291 337
88 343
237 377
104 119
172 176
138 220
8 292
101 287
69 315
217 312
325 386
14 160
30 286
94 292
7 205
60 294
166 379
208 393
106 135
244 314
27 153
245 388
149 334
5 341
64 270
157 176
120 322
289 323
126 334
18 344
242 246
194 289
13 144
207 223
114 205
145 356
100 144
31 128
115 230
35 171
365 383
152 318
45 361
76 335
367 394
32 350
98 303
141 356
264 355
104 188
303 328
138 376
130 299
120 173
238 356
143 199
118 308
208 216
128 203
106 389
218 258
129 359
244 351
24 322
158 302
115 281
172 359
158 204
203 226
245 309
165 391
60 223
14 114
336 349
48 162
178 356
115 189
319 375
5 240
117 238
261 265
10 126
166 350
37 92
208 383
164 394
127 302
63 194
100 371
237 304
251 291
75 278
147 335
135 170
190 268
255 270
118 336
202 264
80 240
95 323
127 148
53 233
180 248
244 301
252 383
173 373
10 62
94 215
131 396
112 217
153 218
119 172
39 285
5 72
98 225
268 324
61 251
13 390
44 222
4 379
328 395
126 162
289 389
128 226
9 157
33 369
15 367
61 86
104 330
110 139
243 295
216 271
162 284
289 291
303 365
122 257
42 281
124 220
219 327
350 379
141 262
241 314
334 384
147 148
27 244
269 327
280 348
163 338
89 384
85 306
15 102
201 379
46 344
26 92
3 39
32 273
122 133
159 380
366 387
301 351
191 214
1 192
206 236
276 302
204 276
361 364
182 305
8 88
151 162
61 389
140 164
19 64
28 199
186 388
70 78
258 359
188 398
298 378
134 388
25 330
211 311
146 314
54 212
98 328
280 306
91 211
180 260
9 16
100 317
205 267
334 360
69 224
129 132
137 346
219 368
96 166
13 317
137 382
217 299
37 118
14 260
76 103
128 288
233 329
25 58
135 289
76 147
228 325
285 325
96 273
255 259
131 272
270 311
12 189
234 368
306 377
290 330
58 119
309 310
80 294
189 228
42 265
95 289
76 286
49 310
321 367
44 322
187 259
152 395
160 375
134 152
45 251
60 240
368 369
132 167
329 387
69 268
41 101
133 326
192 211
149 278
87 344
133 205
128 307
171 289
212 294
227 231
9 65
176 197
111 161
311 368
173 222
113 308
127 187
76 109
197 283
48 342
51 385
112 235
308 336
21 377
214 272
127 158
65 119
11 60
133 168
282 346
33 82
64 165
98 395
326 399
117 261
107 168
79 130
123 287
71 349
291 389
17 67
119 330
18 52
158 311
261 262
156 297
3 133
4 236
224 315
136 323
40 349
56 109
26 287
209 257
202 312
34 371
387 394
201 370
132 201
12 396
23 259
93 318
97 288
372 399
102 321
23 302
209 326
16 155
163 229
35 95
14 267
123 381
50 299
129 288
55 133
19 243
256 307
77 120
145 354
181 253
159 275
112 202
7 260
65 359
85 198
306 309
42 142
364 384
17 280
52 183
220 257
64 352
87 168
16 288
143 230
88 393
107 332
238 261
15 366
140 184
196 360
200 242
179 199
82 353
177 384
77 322
64 342
63 195
0 279
34 100
69 285
77 263
270 302
229 236
342 378
186 245
80 207
40 279
106 174
239 338
92 336
173 293
107 317
200 349
106 323
65 176
151 196
121 199
233 394
178 340
40 113
292 350
115 325
304 310
266 315
16 197
4 167
145 392
44 320
137 380
53 184
108 363
170 223
103 110
120 263
9 176
96 379
179 319
199 316
1 122
175 321
43 141
2 240
276 391
99 139
49 78
218 313
138 268
146 199
305 341
276 295
122 168
214 319
142 230
175 363
241 272
209 344
131 142
249 251
95 106
282 341
235 312
299 385
158 234
210 354
49 84
127 368
215 253
205 254
95 337
174 291
175 233
96 292
77 173
117 178
187 335
16 65
127 311
131 214
6 246
306 348
96 116
77 293
114 248
7 248
25 290
92 101
224 362
80 223
13 371
309 377
20 135
108 225
166 226
178 392
182 282
15 90
91 372
120 320
122 326
156 362
201 331
65 172
116 166
215 343
65
57
123
179
94
141
123
48
85
109
80
144
66
104
10
166
26
155
96
40
55
111
207
58
18
79
148
161
149
170
78
93
140
152
117
183
123
44
122
188
69
61
61
62
37
78
89
86
85
189
105
178
60
118
183
68
86
45
60
149
134
94
170
94
50
107
50
42
176
105
100
138
55
100
145
131
27
54
106
83
162
94
196
51
181
55
170
100
20
60
95
155
130
33
100
31
109
66
108
93
118
89
114
53
87
61
182
46
185
140
93
145
73
126
98
63
22
119
128
76
122
47
41
112
196
81
119
16
80
224
121
64
95
87
28
32
76
165
121
156
86
106
63
149
153
183
69
95
22
65
123
100
153
146
18
168
124
52
40
80
201
60
77
81
45
46
211
126
50
80
99
114
145
117
196
145
114
107
64
87
48
122
64
90
118
83
212
31
39
74
121
42
166
64
81
192
45
128
47
187
161
88
132
122
112
63
97
90
75
67
213
43
130
130
82
75
105
115
98
155
134
52
59
128
115
57
65
104
65
163
166
37
103
118
128
133
40
82
198
160
50
94
176
156
162
87
14
66
117
57
181
84
115
65
45
27
21
53
109
130
99
177
182
70
106
82
108
101
150
65
88
87
74
158
111
85
139
163
63
180
158
135
55
135
111
31
205
80
128
54
152
49
147
158
103
91
66
99
98
137
113
84
102
153
84
80
49
95
74
79
165
128
149
108
112
86
256
163
108
140
14
124
46
119
106
103
58
159
124
249
106
86
45
31
87
69
111
105
89
164
183
60
159
149
92
192
85
115
108
124
85
135
103
36
49
136
86
140
74
128
142
105
49
132
149
47
123
81
73
141
100
118
46
28
112
78
61
61
95
51
33
166
21
59
108
89
136
145
89
123
52
144
80
23
60
90
95
42
68
89
86
99
115
100
98
86
55
193
105
48
105
126
34
181
23
142
64
50
41
157
121
159
105
76
103
86
41
32
41
146
138
79
154
149
118
102
106
75
116
60
73
119
53
35
35
60
133
18
69
57
76
80
60
121
188
89
66
74
187
195
106
66
141
24
85
74
120
71
193
75
120
83
89
115
93
73
93
140
166
182
130
156
154
122
93
43
106
122
129
164
104
40
153
124
102
141
50
144
220
80
14
55
93
107
101
160
37
72
127
64
141
93
44
171
114
112
133
55
40
154
178
17
203
42
156
146
139
45
120
93
188
74
76
39
96
131
62
133
84
117
69
195
184
139
43
79
42
128
57
88
109
57
52
46
156
30
59
155
101
15
72
152
201
60
194
115
159
17
187
28
123
168
143
110
22
119
17
24
41
153
192
106
181
113
46
58
94
62
156
118
47
183
62
117
121
118
103
77
93
113
174
95
33
59
36
133
51
145
55
68
72
46
173
187
113
197
131
135
64
56
34
90
92
77
166
114
94
101
86
41
139
115
39
54
96
92
196
91
212
29
97
35
104
102
105
71
127
110
135
79
157
77
172
55
175
105
72
54
153
80
196
155
102
127
141
82
26
48
212
83
171
85
215
41
105
91
81
66
131
105
125
144
31
51
61
39
97
55
29
32
31
100
130
113
151
118
191
150
141
39
123
85
138
186
67
53
123
86
142
41
121
31
206
117
127
77
106
170
97
98
55
120
81
90
14
88
124
186
174
80
68
62
40
200
117
57
108
11
185
128
108
69
121
139
64
70
151
123
88
95
125
155
24
221
43
69
57
119
134
120
21
127
168
131
29
96
187
171
102
74
105
75
29
137
93
58
59
147
142
210
103
87
32
139
116
103
227
111
142
177
166
212
77
146
76
62
19
123
100
60
152
163
93
159
103
150
35
79
103
64
25
125
148
46
94
172
24
85
171
83
115
29
33
86
16
132
99
15
148
83
30
121
67
102
98
179
70
183
166
84
192
95
127
95
91
133
124
68
83
76
74
121
112
50
123
117
130
37
90
78
75
156
114
117
143
39
166
111
87
38
88
93
155
92
112
164
129
193
60
77
77
166
146
61
187
55
107
62
104
123
157
38
168
12
129
66
148
133
87
148
43
145
131
56
123
40
110
171
117
72
75
69
49
129
54
130
181
137
83
65
211
142
64
167
115
124
97
116
96
141
24
21
90
131
178
73
186
132
78
199
95
153
71
116
86
103
33
41
16
79
46
98
107
38
86
211
50
120
95
122
52
184
61
91
60
170
40
99
118
109
53
122
145
15
41
133
113
142
164
104
131
80
66
20
151
108
119
74
136
104
74
12
139
236
126
314
150
83
33
45
33
69
71
124
75
85
90
65
139
123
47
63
145
105
115
143
63
136
72
77
72
73
126
15
54
84
85
162
68
105
120
117
31
76
67
133
81
163
144
210
86
42
110
150
25
164
131
40
65
109
22
86
215
68
106
165
62
45
205
198
58
49
76
48
108
129
138
85
130
105
225
23
89
43
50
38
66
153
61
134
84
162
73
37
155
38
92
56
98
68
110
154
98
56
111
88
124
113
213
63
41
81
126
104
88
75
179
68
165
38
55
54
223
39
108
127
108
86
86
155
86
68
147
79
80
194
69
125
107
109
113
60
168
37
117
122
139
161
134
189
85
24
34
137
138
111
96
72
127
123
64
47
67
90
123
74
172
173
123
142
64
30
169
77
116
127
78
160
79
128
80
15
63
92
77
122
101
134
138
106
140
102
134
54
69
36
163
109
129
27
94
165
47
95
176
35
72
54
75
78
133
68
27
89
68
174
163
74
45
104
54
77
105
87
20
40
66
108
82
74
59
112
195
80
14
150
91
43
143
176
97
89
94
84
77
199
59
39
119
17
39
143
41
134
10
168
43
118
81
65
130
53
84
138
152
144
103
26
137
70
64
84
120
40
153
80
128
145
53
122
46
101
31
136
48
86
80
66
86
38
100
98
122
70
137
30
48
98
17
64
128
185
15
35
193
127
126
13
37
96
100
65
65
53
87
244
234
84
80
86
87
89
56
66
93
66
142
55
72
163
159
142
78
32
108
186
72
79
147
96
102
81
113
157
49
135
36
167
36
49
107
60
220
64
52
38
122
66
40
107
144
91
136
83
58
56
63
52
71
71
194
108
84
62
82
192
130
88
85
64
112
70
96
166
110
90
76
83
53
119
94
10
59
103
84
211
28
30
147
54
100
61
43
124
100
140
101
65
104
46
81
77
185
97
65
60
176
67
172
163
120
209
112
10
117
58
35
81
48
137
43
132
110
151
60
47
100
121
20
61
172
73
118
58
43
143
56
180
74
126
122
116
65
93
29
106
30
123
62
79
70
154
99
92
88
91
80
132
93
63
108
53
200
67
50
69
18
96
88
20
129
57
169
61
172
21
61
155
74
63
148
75
33
89
106
105
130
80
71
31
105
126
166
190
102
81
86
140
184
160
48
149
165
72
168
100
186
86
45
171
151
38
107
65
76
66
114
90
64
75
73
76
16
74
79
68
167
101
54
61
76
63
154
94
90
181
72
167
22
73
90
90
195
167
67
56
36
126
38
124
82
107
184
72
110
143
53
114
96
45
78
87
46
100
73
68
174
76
128
113
28
140
152
141
171
71
142
169
149
81
239
44
91
181
46
115
122
102
38
43
147
163
113
90
62
40
58
241
91
97
77
128
159
156
83
40
101
50
63
148
124
123
137
114
127
104
193
119
135
173
78
201
142
151
67
63
73
62
128
90
93
112
71
99
165
31
78
175
32
135
111
79
143
188
126
101
43
87
47
92
104
127
119
170
9
141
122
17
111
40
156
128
58
82
126
129
111
24
206
84
78
179
140
35
114
166
188
72
110
105
99
60
61
159
96
192
79
68
95
32
116
120
118
11
180
181
184
67
157
132
92
38
64
214
220
86
165
135
110
120
181
152
168
207
105
57
101
65
122
79
122
77
122
129
119
53
81
145
108
30
130
138
161
115
49
171
156
88
73
97
106
70
98
195
26
137
46
179
156
120
134
56
91
39
156
82
45
181
90
61
72
126
221
91
129
163
58
84
109
186
57
75
78
71
78
130
93
148
117
18
37
94
132
168
94
102
76
43
63
131
97
116
182
65
28
27
158
205
121
62
79
30
22
139
67
63
65
26
31
60
43
160
70
36
91
139
76
31
82
59
140
116
26
22
86
73
92
43
62
135
54
109
47
199
48
82
36
49
70
113
52
136
80
121
92
115
153
45
75
186
221
70
107
111
102
122
231
115
164
186
87
102
134
74
78
80
55
62
90
112
162
234
151
137
110
203
108
188
184
41
44
228
70
119
77
43
164
109
35
69
91
199
30
134
161
95
100
155
78
187
108
73
27
156
125
63
103
124
127
115
208
72
112
42
147
82
124
47
70
74
65
97
84
151
51
133
104
59
72
43
147
74
75
86
184
69
170
172
112
65
178
64
82
91
73
49
25
129
92
31
90
51
55
48
98
96
30
209
180
125
57
38
80
178
143
174
132
45
160
95
123
54
92
43
58
126
86
32
72
143
108
36
29
118
127
127
117
151
115
28
111
65
57
110
160
