492 721
80 60
572 765
470 215
317 403
510 207
447 673
362 448
573 64
669 792
688 732
167 320
790 311
767 367
92 584
482 223
747 779
151 387
705 557
246 124
571 528
60 431
108 614
647 52
685 580
288 433
347 81
27 378
494 242
572 418
177 413
3 712
756 494
628 618
571 246
229 77
696 631
175 270
87 573
148 362
181 638
248 725
640 643
277 350
705 426
47 160
228 370
530 786
446 12
198 645
487 594
74 571
252 784
689 556
550 774
327 92
355 449
768 515
174 192
607 782
702 73
678 446
750 523
44 319
73 155
37 280
753 766
219 579
799 198
221 33
385 735
494 375
148 220
782 69
120 764
460 28
700 549
656 74
593 114
242 385
794 269
654 6
425 130
679 142
580 596
568 399
155 282
643 126
450 749
256 357
685 773
785 183
232 182
491 394
226 258
272 330
774 465
244 472
85 200
352 637
372 672
778 487
111 506
642 658
637 299
112 210
318 64
376 449
538 628
473 13
748 773
681 529
185 245
61 379
236 137
728 461
644 759
81 724
182 553
188 698
131 95
279 671
725 362
408 96
790 660
614 507
753 196
698 697
733 442
172 508
226 192
419 559
75 136
341 201
61 627
172 258
401 637
46 311
486 772
137 232
4 541
427 230
310 529
521 327
407 458
695 241
738 272
464 444
315 488
332 729
136 533
796 345
554 206
706 81
478 553
220 186
793 370
397 442
487 388
239 780
782 522
117 337
347 552
126 284
626 481
744 411
449 112
39 563
18 608
377 708
348 259
509 0
545 108
522 409
312 147
204 106
716 715
424 571
401 113
250 189
579 481
513 757
490 476
107 585
692 91
174 160
434 247
2 278
377 58
481 108
627 110
234 167
538 307
149 611
485 485
65 705
749 476
614 386
508 294
335 774
788 252
75 313
428 433
564 591
610 290
361 686
96 592
597 382
766 58
190 38
102 771
504 82
393 308
416 526
285 286
158 787
323 552
530 309
255 747
769 175
327 635
142 597
130 679
621 678
461 144
667 478
378 272
503 20
106 670
301 221
364 626
112 774
164 280
167 476
736 95
62 390
20 669
525 726
409 736
201 761
436 94
499 193
24 738
539 256
483 88
515 683
370 200
588 381
487 753
770 84
139 590
600 362
351 21
14 598
422 554
170 481
705 647
468 251
632 799
635 208
798 519
702 464
348 773
277 387
165 215
35 530
82 136
598 474
68 588
298 698
653 320
462 456
247 21
301 668
22 51
188 215
76 742
722 679
759 750
694 349
765 765
296 634
38 14
552 766
293 282
208 73
689 53
800 599
703 800
346 353
119 79
164 298
507 590
193 368
219 598
799 725
76 16
731 14
791 592
474 412
133 139
80 492
564 216
442 463
504 195
443 104
171 62
272 170
461 451
367 119
200 477
414 56
44 341
342 208
71 289
783 552
206 367
520 23
51 632
241 159
493 116
322 133
527 795
188 281
671 690
413 429
87 55
596 334
79 646
537 400
239 561
592 707
509 449
497 692
77 554
287 692
275 719
622 61
189 259
615 372
253 596
679 129
203 183
677 17
771 345
433 388
730 61
511 750
651 47
705 65
105 275
441 514
215 799
205 416
381 545
130 225
596 57
120 483
36 100
528 27
231 209
48 469
293 712
408 588
132 718
646 714
385 319
309 105
562 603
256 478
351 440
437 161
307 562
323 537
145 692
772 182
516 713
490 796
554 498
27 251
219 447
258 184
726 763
673 560
151 578
407 530
264 479
308 212
651 750
710 96
418 17
215 515
536 657
449 588
708 338
88 26
722 44
610 447
81 789
10 603
301 334
3 15
10 176
48 109
201 312
176 324
50 108
122 128
101 115
101 128
77 184
293 316
195 398
41 273
9 59
51 334
208 396
44 165
20 203
255 380
31 117
99 205
354 373
1 395
60 341
115 225
114 179
88 248
63 137
225 261
109 390
150 183
55 367
37 135
150 334
285 306
269 281
158 299
331 388
197 339
24 76
106 272
218 336
92 191
3 186
342 360
163 323
48 75
2 322
15 141
299 345
26 309
238 262
87 190
244 320
195 242
116 324
130 155
165 261
62 160
37 112
58 300
211 240
167 268
237 245
177 292
127 382
324 365
349 389
132 300
265 268
277 324
305 320
97 353
206 384
193 221
117 222
159 218
5 302
96 160
32 76
182 378
14 221
52 239
296 358
130 275
138 322
173 247
29 339
66 110
92 179
40 49
107 157
129 150
10 277
20 378
216 373
36 383
0 6
286 348
72 98
30 233
118 391
76 383
70 149
24 42
40 222
32 115
8 23
158 345
171 359
314 350
363 385
1 282
132 290
260 315
73 249
1 296
145 259
9 90
68 219
142 354
333 392
26 321
90 365
215 398
106 367
234 346
127 223
146 200
151 156
140 168
63 314
100 149
313 387
96 128
157 308
152 241
50 368
121 362
164 397
206 268
117 195
12 68
34 152
112 264
147 332
256 324
172 189
15 243
179 360
171 211
118 193
248 347
179 307
45 105
90 258
14 250
176 256
25 369
77 343
147 308
93 158
317 359
205 238
77 81
13 122
119 374
7 202
94 284
57 160
38 250
240 320
31 195
42 223
46 263
32 261
161 201
105 355
134 228
253 318
83 87
184 348
11 316
69 272
206 250
240 244
82 224
148 370
99 281
38 134
241 304
30 39
115 128
19 174
278 295
10 127
86 135
127 176
79 89
134 399
185 275
329 332
331 365
157 325
189 211
97 369
4 370
63 312
126 200
4 263
108 376
65 312
42 256
57 101
226 366
125 267
58 355
263 289
194 332
34 259
131 385
53 62
243 257
135 275
228 318
46 316
110 288
71 329
265 361
49 119
303 308
93 299
43 289
319 381
350 355
64 300
195 328
163 232
16 176
157 345
198 217
115 160
75 227
112 139
41 119
31 242
144 147
117 374
143 327
197 251
76 225
13 156
83 190
44 261
123 188
123 305
337 348
131 162
60 348
130 179
112 291
154 177
35 69
73 297
86 163
215 239
2 258
107 303
79 293
16 66
24 111
287 298
146 279
54 283
138 283
256 277
94 112
198 243
195 231
214 229
10 288
128 165
183 206
82 166
15 257
62 196
63 187
43 95
96 165
218 352
254 393
110 382
23 77
177 393
74 364
51 265
118 330
2 283
120 209
349 396
155 191
99 100
96 101
15 304
133 174
348 356
91 219
99 230
155 275
60 234
21 27
330 391
3 224
120 132
270 339
270 279
363 393
204 243
39 291
176 382
93 308
167 399
66 295
135 232
18 53
175 285
100 169
44 96
58 342
43 89
254 354
30 293
280 288
43 284
210 215
42 324
343 348
40 193
343 346
270 327
297 346
7 157
123 240
12 200
227 244
83 341
31 318
47 248
247 327
27 312
271 325
290 306
166 211
122 270
92 114
51 168
164 225
276 398
149 362
4 43
90 110
18 24
264 355
132 274
50 131
29 397
155 360
64 98
48 227
56 325
123 311
72 105
280 382
132 358
89 95
177 254
170 284
322 347
69 306
223 388
60 396
299 303
237 376
175 209
170 387
62 315
128 196
101 196
179 319
240 305
173 299
159 239
278 280
389 396
360 381
5 241
283 322
203 368
297 349
49 294
39 316
166 305
131 213
41 335
147 202
204 327
61 165
273 335
105 264
147 271
18 36
322 377
167 253
41 159
163 201
147 299
136 230
183 268
181 283
71 345
1 326
95 316
8 359
232 350
179 381
98 105
71 158
70 199
138 347
22 384
23 343
137 201
272 285
56 144
132 326
125 397
233 391
103 127
51 134
46 380
65 201
271 332
120 290
247 251
286 396
232 323
218 239
69 209
99 136
60 77
16 295
373 385
151 344
124 277
172 356
117 364
16 280
208 349
290 296
180 378
118 129
307 367
242 276
354 385
314 379
5 34
37 338
50 254
292 368
81 337
297 396
62 101
70 169
63 235
57 62
108 292
8 227
170 214
27 201
90 388
95 214
106 174
122 279
117 210
80 126
303 325
67 330
72 112
226 246
139 355
70 238
22 228
195 276
93 329
118 384
22 206
131 363
310 369
17 353
125 164
178 240
102 150
120 266
119 239
197 270
269 273
210 374
287 315
97 386
110 280
11 17
113 235
18 76
32 260
181 377
47 181
54 237
155 179
146 344
99 273
79 95
152 243
74 276
380 391
176 277
216 354
63 113
125 180
23 81
135 338
27 113
135 355
122 151
264 338
245 333
2 54
35 272
166 189
28 257
38 51
200 344
85 247
196 261
319 360
100 136
130 307
35 306
10 16
6 88
21 301
47 237
141 371
184 286
71 147
55 178
44 115
133 321
65 350
93 143
164 378
133 381
12 394
294 330
133 313
138 248
5 243
67 340
237 392
226 313
142 386
46 95
10 66
28 192
75 211
189 371
130 191
57 115
202 325
66 278
145 270
347 377
197 397
241 302
150 250
176 388
93 173
118 255
30 353
111 125
139 163
202 345
254 385
2 347
28 241
223 324
173 207
222 328
105 300
154 194
296 395
44 196
34 192
51 167
133 170
37 94
171 317
144 385
58 185
304 371
20 125
109 317
55 188
28 198
197 327
251 329
29 85
57 260
382 388
71 93
220 273
66 280
105 139
90 288
1 358
117 231
182 299
35 114
143 158
19 285
60 184
117 276
179 191
64 105
134 318
268 334
41 269
94 214
44 122
77 286
6 238
163 350
131 351
177 385
134 183
32 62
24 256
305 371
219 375
272 306
144 271
38 206
213 363
51 183
134 168
253 268
26 252
193 206
164 180
83 126
240 371
248 333
66 90
166 224
41 239
232 291
47 377
12 156
202 271
199 336
48 171
61 115
167 265
38 102
174 313
275 342
209 306
75 311
133 387
188 390
45 64
14 206
292 392
191 381
224 240
161 163
153 349
29 207
121 336
40 374
294 340
22 268
31 276
16 382
166 244
29 247
23 356
133 229
346 389
60 389
154 351
231 276
102 357
200 375
185 264
218 269
94 323
51 253
255 357
113 137
0 47
373 386
266 300
345 366
207 251
127 365
11 39
111 383
327 339
97 310
224 305
178 305
30 79
141 226
110 278
45 132
186 226
88 347
236 242
149 199
205 230
274 282
31 236
45 300
111 225
78 87
194 308
58 264
162 354
174 381
0 181
19 319
39 293
35 209
306 395
341 389
147 325
286 349
186 212
33 84
335 336
335 362
6 70
89 316
7 148
74 374
181 248
60 346
92 381
249 396
253 399
166 178
99 220
72 275
172 244
247 329
37 232
37 323
132 266
149 269
1 132
286 297
154 254
169 262
311 390
71 192
109 311
190 337
178 224
281 335
68 375
0 88
47 138
303 351
229 381
79 263
135 139
133 307
142 330
18 383
154 393
19 114
10 116
222 374
52 362
129 380
54 248
28 186
162 373
178 311
63 161
100 238
254 363
61 397
182 308
267 378
205 273
13 279
110 295
14 183
114 155
19 307
60 153
78 337
205 220
59 258
1 266
59 331
114 285
149 335
32 101
87 341
5 15
215 352
177 351
310 357
108 368
97 255
148 372
136 220
160 298
268 399
13 44
122 156
45 98
308 325
58 275
214 387
136 363
205 362
281 372
208 234
118 150
30 46
206 318
13 128
144 202
166 240
162 372
13 165
80 375
107 370
144 303
376 392
54 181
62 76
233 357
41 218
290 358
112 232
129 391
209 272
128 225
179 387
100 205
190 341
220 281
160 196
41 362
195 236
62 96
38 265
37 86
82 240
40 119
313 321
70 262
12 151
96 260
118 221
291 293
211 305
135 323
267 397
33 256
8 317
18 62
143 192
48 390
77 87
190 356
138 237
149 273
11 37
133 246
182 271
120 326
21 113
82 123
218 362
228 276
277 278
148 216
12 122
72 355
77 349
88 138
28 304
131 393
229 307
60 343
19 92
195 228
310 353
81 343
318 399
11 291
150 384
240 311
184 341
100 220
153 341
279 394
121 220
241 257
141 257
44 225
195 364
125 383
17 30
124 256
14 134
167 168
27 137
29 197
204 251
74 117
30 255
152 302
114 307
173 332
106 321
162 363
191 360
68 146
213 354
72 338
58 155
147 182
145 200
93 202
180 267
10 278
168 318
119 364
78 172
52 218
168 236
201 235
36 127
39 353
162 385
15 186
74 210
86 338
232 338
166 371
91 200
28 141
6 333
114 319
89 293
177 213
171 227
112 135
140 399
59 388
213 303
148 162
303 332
14 268
196 260
213 254
189 240
134 253
108 333
68 126
75 317
30 380
98 266
67 294
268 318
208 297
63 379
131 254
0 347
38 183
199 362
211 244
194 351
294 384
131 154
229 284
260 298
381 387
153 396
5 224
106 188
22 183
153 234
67 118
175 306
155 307
169 238
182 332
170 366
245 347
250 384
210 398
271 303
234 249
109 171
64 266
58 72
326 395
108 203
53 383
85 207
129 357
193 384
22 193
152 304
102 233
43 46
220 372
33 36
244 317
131 177
96 115
22 318
29 180
195 222
236 318
97 380
146 394
251 327
210 276
156 394
271 299
184 349
65 314
153 184
210 364
197 329
318 328
233 380
122 165
138 181
286 389
325 370
231 364
86 350
14 22
89 263
58 112
208 346
39 161
26 311
79 380
130 360
202 308
43 263
288 388
47 322
274 296
10 382
128 261
134 268
178 188
72 135
25 148
159 215
114 381
211 359
192 217
29 267
228 374
69 285
11 232
184 389
181 322
86 291
244 305
207 247
14 384
286 346
4 56
84 108
61 261
80 151
186 246
233 255
66 382
95 263
2 59
21 102
80 344
10 324
186 257
333 376
55 174
5 257
254 351
145 146
115 196
282 395
211 227
141 186
143 217
68 80
102 361
13 344
173 182
19 321
81 348
23 337
229 387
201 379
104 339
330 340
46 89
178 371
19 175
161 235
369 380
189 320
98 300
5 152
26 55
11 163
164 267
139 350
158 173
139 264
299 325
333 347
246 313
32 96
205 335
7 107
203 392
183 334
95 284
324 388
20 267
245 392
75 390
169 199
84 392
20 84
65 137
309 367
182 303
177 363
247 339
2 237
38 334
222 364
237 283
8 211
14 51
75 171
110 176
248 322
49 193
179 229
120 306
30 310
199 262
265 301
148 373
155 185
54 138
122 394
26 178
26 123
187 314
180 332
35 175
149 262
24 33
280 295
47 347
42 365
185 342
217 243
176 280
140 265
70 88
184 346
107 202
103 256
299 332
103 324
102 334
142 369
9 10
102 129
220 269
310 386
120 300
161 312
120 395
14 38
49 374
98 379
223 365
201 350
83 259
90 382
91 249
112 275
25 97
208 249
353 369
276 364
57 76
211 320
149 336
57 298
205 269
236 328
14 334
282 326
121 269
77 337
137 161
192 198
149 218
101 315
344 394
251 270
102 255
38 167
233 353
85 251
25 386
192 204
278 382
6 136
113 161
141 246
155 342
319 342
309 321
112 323
228 364
85 267
14 167
234 349
240 390
121 335
150 301
28 152
72 139
34 217
192 243
316 353
138 377
307 321
3 141
22 134
103 331
75 244
23 286
57 96
4 107
147 345
273 281
179 342
8 356
86 323
77 153
9 116
141 212
200 219
225 397
80 146
51 268
140 253
24 36
175 185
116 365
74 239
15 152
296 326
33 383
229 313
44 279
310 391
7 370
9 388
80 91
257 304
45 358
240 309
83 184
75 359
181 237
10 388
7 325
169 205
90 176
55 106
64 120
49 67
234 375
191 307
259 302
9 16
36 103
33 368
85 397
82 305
93 345
126 145
148 369
134 236
155 381
323 338
57 287
113 201
168 253
111 261
173 329
290 300
82 371
237 331
174 367
9 258
199 238
357 361
233 310
111 164
40 294
153 286
55 252
137 312
249 389
121 149
143 198
225 267
274 358
37 291
216 372
62 111
237 333
6 245
188 311
22 328
38 268
72 264
346 349
104 279
6 100
20 180
310 380
308 332
41 352
19 191
73 396
85 197
159 352
133 226
149 169
103 223
180 397
71 143
283 347
210 242
77 356
46 353
12 344
122 344
33 203
2 47
47 54
57 315
93 332
126 375
107 325
92 130
104 145
237 248
78 356
149 205
135 163
52 352
57 196
211 317
281 362
182 351
99 169
16 278
286 337
60 286
66 176
10 365
241 371
195 210
187 379
288 382
36 76
176 365
156 165
188 252
49 221
36 324
151 165
4 289
188 309
50 154
104 270
210 231
170 246
369 391
174 321
19 35
12 13
29 329
170 226
95 289
25 370
164 261
62 115
301 361
106 252
151 200
35 285
279 344
1 274
127 277
105 266
299 308
124 298
21 235
107 148
53 76
127 324
86 232
124 287
11 161
83 153
26 367
84 292
221 250
15 241
25 79
32 57
116 388
56 107
70 205
271 308
150 233
137 350
70 100
172 320
16 90
186 366
330 386
2 331
369 386
0 237
54 322
74 195
60 349
30 316
46 293
118 294
4 89
343 396
170 229
56 157
48 311
104 327
101 160
7 56
87 184
85 173
109 211
135 264
94 338
98 132
85 339
147 194
214 284
263 353
286 343
33 223
136 177
198 257
255 310
114 175
41 52
152 259
82 309
3 304
92 275
93 147
156 344
71 217
61 164
216 220
43 316
65 187
289 366
266 358
150 357
84 203
13 151
21 357
353 380
189 224
83 389
5 304
263 316
209 285
235 361
124 176
231 398
40 250
43 79
4 25
64 358
12 146
56 148
77 348
291 338
189 244
224 244
183 193
120 175
116 288
258 288
35 319
115 165
239 364
228 328
63 350
101 260
155 319
53 225
125 378
203 292
26 188
162 254
98 139
144 157
44 128
201 314
157 370
53 111
41 121
68 91
207 329
165 196
248 376
32 315
248 377
89 214
336 362
305 311
41 336
275 360
76 111
26 106
307 387
73 346
264 275
29 332
112 338
174 387
81 286
91 126
346 396
178 309
104 251
340 372
185 300
36 256
34 104
230 273
62 260
64 132
136 169
45 266
217 327
5 28
372 373
153 208
258 388
118 250
224 320
212 289
78 190
162 216
188 240
212 366
166 311
213 351
104 204
67 384
183 221
11 323
32 128
92 319
130 319
127 256
170 313
87 337
154 292
119 222
117 242
32 160
17 293
11 293
54 59
0 376
215 364
264 342
3 5
21 361
365 388
40 384
16 288
147 303
3 28
194 303
219 234
86 112
172 211
50 177
23 349
74 215
63 201
14 328
8 172
193 294
51 206
386 391
266 326
184 396
106 309
168 399
144 325
47 283
307 381
269 335
17 316
150 255
77 190
274 326
67 391
91 375
301 357
224 371
142 162
380 386
219 249
224 304
136 393
126 146
170 212
52 336
291 323
157 303
247 397
27 63
77 78
163 314
213 385
299 329
197 247
116 258
197 207
282 296
26 174
23 60
17 161
184 234
1 120
18 315
269 362
224 241
23 348
82 189
148 386
22 250
58 130
65 379
129 255
239 352
227 317
36 277
297 343
50 393
80 200
291 316
24 53
61 225
153 389
142 373
46 79
265 334
130 342
77 341
207 327
181 347
90 116
49 340
29 173
137 187
207 397
137 314
351 385
143 243
73 208
283 376
204 270
126 219
84 368
189 305
193 250
245 376
206 328
73 234
54 377
321 367
121 281
9 382
52 159
161 314
218 335
100 230
34 243
123 371
332 378
136 205
205 281
94 360
8 337
213 393
153 346
19 367
97 391
273 336
82 311
227 359
22 334
163 291
202 299
10 90
55 321
34 302
20 164
27 235
243 302
9 288
182 194
187 312
22 51
290 326
108 245
300 306
191 342
29 251
112 355
134 206
7 144
252 390
281 340
15 198
251 339
302 304
1 290
37 72
354 363
56 370
142 148
79 353
237 347
151 394
222 228
43 214
107 144
140 167
25 380
229 360
174 307
3 257
202 303
23 190
13 394
24 383
290 395
12 80
235 312
270 394
20 368
98 355
147 173
159 336
63 65
3 371
212 226
36 53
130 381
11 86
356 359
326 358
68 200
162 230
234 396
59 283
37 163
262 362
192 327
92 360
293 353
0 248
18 111
166 320
4 7
48 188
32 196
135 291
92 307
129 384
120 185
139 232
176 278
104 394
160 315
312 314
86 314
368 392
278 288
183 250
147 158
137 379
22 38
2 181
351 354
37 139
129 310
134 328
113 312
127 388
115 261
274 395
109 227
0 245
97 148
142 372
92 155
337 356
255 391
44 61
307 319
74 398
206 334
40 221
82 178
158 329
55 309
34 204
142 216
306 326
282 358
2 116
18 57
123 252
230 281
42 103
0 138
38 150
66 288
273 362
154 213
221 384
125 225
88 377
298 315
28 34
168 268
85 327
167 334
165 344
102 301
108 392
223 331
144 370
123 309
181 376
19 69
364 374
123 178
16 110
260 287
33 103
103 365
71 299
3 241
119 218
174 309
207 339
177 354
343 349
96 196
100 273
241 243
121 273
234 389
129 233
331 392
268 328
139 275
266 290
99 363
215 231
249 346
58 105
183 384
25 263
22 221
109 359
8 78
242 398
347 376
59 116
131 354
8 190
144 308
229 246
114 191
61 128
33 42
220 335
120 285
40 67
85 329
194 271
158 332
206 221
165 394
269 336
17 39
160 287
88 238
92 342
28 243
191 319
74 231
71 173
175 319
230 363
220 230
246 387
160 260
69 175
348 349
48 317
36 42
79 316
243 304
123 166
103 277
75 109
161 291
271 351
0 333
275 338
325 345
86 139
117 398
252 311
117 228
15 28
54 347
50 292
124 295
292 393
82 320
157 202
330 372
70
39
33
48
58
99
120
179
167
182
113
37
188
110
79
46
115
77
121
140
180
59
143
62
91
89
137
100
16
73
117
142
44
16
70
90
170
48
101
33
50
158
72
33
91
103
150
38
64
110
111
125
161
41
90
117
137
24
170
63
75
183
178
70
122
128
200
56
89
146
107
149
81
95
119
31
77
41
153
92
171
189
147
163
113
118
129
215
132
24
31
32
63
46
177
48
35
164
170
74
157
178
117
40
87
225
81
121
87
147
40
38
102
148
73
48
40
100
176
37
56
138
58
147
168
91
123
42
167
90
52
178
95
169
69
129
136
109
129
117
46
73
57
286
88
41
129
163
163
70
34
212
136
40
60
184
173
127
108
57
121
8
10
17
69
177
69
100
104
120
26
98
79
66
96
156
68
109
40
79
104
100
141
87
80
65
75
74
178
121
97
15
148
54
165
80
83
72
34
89
145
106
146
75
51
47
34
74
36
172
73
139
108
151
43
66
86
141
228
72
219
32
198
202
86
141
60
111
115
140
131
24
58
203
72
158
139
177
110
182
181
71
172
45
103
181
89
95
196
100
58
217
42
91
58
143
54
45
161
75
41
97
83
112
127
60
93
69
125
86
33
61
21
182
23
101
102
102
88
143
80
141
38
32
57
80
133
174
24
135
169
119
60
29
83
105
142
112
37
147
72
53
41
29
92
67
148
39
23
80
83
88
146
212
156
78
120
89
84
108
120
144
51
165
42
24
72
98
154
54
34
61
49
132
123
133
69
59
80
72
155
78
43
38
103
210
35
260
62
136
77
103
56
133
116
84
154
117
124
94
99
80
48
104
117
146
81
36
129
107
109
85
77
94
75
83
41
119
114
70
182
54
121
16
88
110
112
100
32
43
12
48
126
25
88
77
34
100
26
67
110
170
16
85
72
48
58
104
84
89
32
140
71
125
142
146
38
45
92
118
131
14
146
106
149
14
52
23
122
99
71
111
73
118
150
156
93
64
81
79
215
75
104
48
61
88
45
94
43
79
77
188
125
44
71
182
148
57
180
119
44
66
109
153
89
124
187
22
201
59
144
69
127
69
167
26
74
232
151
240
49
46
158
93
73
214
92
29
91
103
27
71
105
88
96
102
35
90
64
168
71
58
53
178
97
95
57
104
89
44
47
139
32
23
85
90
76
56
55
102
77
139
134
146
180
63
90
89
116
67
29
40
56
122
110
45
71
117
46
40
19
186
71
67
146
125
143
149
75
171
145
78
149
52
179
85
101
109
81
178
207
203
209
74
18
56
78
40
133
122
114
140
193
193
178
76
69
170
44
19
167
149
183
192
151
209
90
113
53
164
102
104
70
178
106
134
179
177
175
86
27
95
170
76
134
122
60
215
60
141
110
113
159
125
124
217
50
75
228
34
43
35
37
34
74
93
100
170
143
78
36
19
34
136
21
67
105
137
177
92
137
44
79
62
95
38
119
144
14
117
147
33
110
78
119
91
151
124
106
106
199
169
124
60
162
54
92
98
103
234
174
140
48
125
149
87
92
95
51
168
29
16
167
35
135
103
23
117
121
104
67
66
216
68
55
95
95
94
55
24
59
142
29
95
110
101
71
198
128
99
169
139
89
220
37
69
106
64
96
49
81
57
142
189
60
78
86
172
180
105
134
96
69
95
157
132
88
53
62
128
82
80
77
69
144
117
113
58
171
126
39
30
107
92
69
145
56
87
26
142
16
141
57
49
106
123
26
41
7
115
122
169
164
160
76
195
76
99
155
75
47
139
106
76
113
98
121
139
129
38
125
21
146
53
187
128
192
82
35
162
80
165
52
78
89
55
170
129
147
22
108
101
22
149
85
73
135
94
101
174
29
76
53
156
141
186
66
134
107
171
168
119
226
135
148
72
30
208
127
209
161
89
91
110
74
154
95
23
66
119
156
55
44
176
87
115
80
38
146
82
50
62
180
151
48
114
91
165
114
172
90
201
68
78
125
112
118
90
145
89
216
122
34
71
187
166
99
66
73
84
104
88
91
147
84
101
88
61
104
110
108
171
127
98
29
121
46
105
84
99
179
100
132
114
44
103
28
94
73
69
113
158
35
140
122
46
78
112
186
52
243
153
70
78
56
131
59
177
40
82
80
137
161
43
121
108
170
105
114
161
91
21
210
109
72
105
80
113
114
95
118
69
81
26
120
77
139
158
185
94
42
121
46
28
47
131
145
119
175
198
47
171
72
88
61
105
66
105
58
155
26
99
98
135
14
58
41
192
55
118
181
73
123
95
143
75
86
77
44
67
54
88
121
113
62
164
141
27
73
40
95
91
48
69
39
58
22
59
166
43
108
109
128
141
76
184
211
17
55
166
176
103
126
65
131
30
79
126
47
64
59
29
182
201
48
103
113
55
110
90
174
103
79
42
78
83
51
89
109
41
47
59
151
26
190
52
90
90
124
46
150
93
72
102
16
94
125
115
41
29
107
39
101
26
88
105
106
91
84
101
203
11
51
102
69
250
216
54
74
57
92
63
96
74
61
82
172
26
32
201
74
29
167
127
100
61
17
187
218
84
83
90
87
97
136
27
167
121
62
109
72
86
111
95
94
141
85
84
201
37
154
115
92
64
101
62
126
184
135
153
60
150
75
68
50
97
55
97
106
107
60
143
87
67
103
173
94
178
18
120
70
89
101
37
189
99
108
127
109
103
98
119
84
106
87
56
138
67
183
80
83
82
86
117
105
218
168
112
136
157
131
142
85
20
137
114
70
51
129
88
222
67
79
27
175
105
194
98
151
139
168
182
59
80
69
71
110
39
216
188
93
121
78
100
103
105
61
208
91
128
127
149
32
104
119
89
111
235
149
102
218
43
158
79
26
196
131
91
50
131
46
134
107
77
67
120
79
101
53
69
68
89
64
99
186
115
124
149
36
79
57
183
119
219
196
61
118
62
212
107
28
76
128
190
82
73
146
202
56
51
60
41
190
68
181
129
274
106
107
233
65
86
173
84
130
73
107
95
108
44
243
100
29
151
27
126
40
82
71
81
228
96
64
118
105
75
100
32
160
128
61
71
96
43
47
94
75
87
65
114
28
44
26
223
171
97
101
117
232
67
108
67
48
138
142
87
84
100
50
117
139
54
77
129
94
104
36
78
147
51
49
35
91
69
88
110
144
117
44
146
156
72
80
70
77
40
163
135
77
164
96
55
180
142
173
101
97
157
207
149
112
117
52
30
108
153
36
150
139
56
90
78
162
206
72
62
154
98
50
139
79
50
146
65
108
65
159
29
68
26
156
53
141
67
136
14
67
119
68
18
52
107
11
160
108
95
132
115
100
219
113
9
91
38
177
23
94
51
152
200
154
82
128
75
130
68
19
74
141
161
55
37
86
108
133
21
151
72
176
181
113
85
115
83
138
113
59
98
156
56
204
138
224
185
41
112
147
110
17
47
81
96
86
120
35
100
73
213
133
36
136
100
113
159
185
107
70
132
38
67
145
74
168
195
92
78
168
49
77
76
62
95
126
111
60
99
111
54
79
25
88
54
78
56
189
76
53
70
114
182
49
90
66
43
35
84
80
152
51
107
28
102
84
77
57
92
219
71
120
40
196
99
77
37
154
121
118
47
74
128
101
74
64
154
40
61
143
18
98
73
43
131
80
56
101
35
92
135
151
100
141
84
135
101
60
154
135
64
88
96
74
74
96
195
80
45
70
122
209
126
62
155
159
44
89
83
91
180
74
74
212
168
166
22
31
58
20
35
114
87
123
84
173
37
58
30
67
89
222
177
190
153
114
97
31
73
147
179
133
93
10
134
35
93
39
56
205
90
97
125
97
86
34
177
13
170
62
86
154
60
56
67
17
89
86
72
41
174
57
97
42
30
59
107
28
100
113
11
121
148
95
111
114
45
96
209
27
83
115
53
28
56
46
39
99
54
167
39
66
188
39
104
76
71
53
97
146
175
215
112
69
149
81
149
83
61
119
73
163
62
137
109
42
84
121
85
62
74
11
106
121
75
147
245
88
130
129
53
113
108
157
112
37
183
81
99
72
11
120
106
81
193
28
137
53
108
195
165
122
63
72
178
79
66
111
104
123
155
152
152
166
73
64
123
84
189
51
55
159
70
64
147
99
116
81
119
128
50
137
78
45
107
97
97
54
81
107
191
140
107
143
206
37
122
212
105
99
39
70
135
111
94
152
128
51
71
43
72
27
149
52
76
86
76
33
75
68
73
33
60
61
100
30
141
136
173
77
87
116
76
208
100
88
37
57
71
102
78
145
28
103
128
119
95
147
85
89
200
92
48
81
91
131
80
246
30
29
13
175
65
145
114
72
191
95
26
63
75
30
208
165
54
39
67
185
169
116
136
93
118
107
190
122
82
68
122
112
182
53
76
75
182
89
155
75
79
65
167
173
200
86
73
79
70
136
85
69
153
125
47
126
27
38
48
112
114
41
189
48
113
130
214
115
46
111
54
236
28
82
131
32
120
82
138
139
98
152
50
117
31
139
116
148
41
89
