312 267
434 673
775 743
597 717
724 664
217 533
484 622
64 244
449 479
700 732
593 291
2 211
81 603
25 538
124 600
353 311
648 87
427 379
245 100
190 574
204 443
448 340
487 143
380 464
254 796
152 386
237 24
793 290
571 72
99 674
196 487
121 412
19 693
326 306
451 166
404 782
382 540
785 746
181 23
337 506
407 587
601 213
495 674
59 164
382 111
115 366
328 69
675 100
363 766
480 87
55 756
798 383
384 258
506 245
356 111
750 669
548 464
497 415
200 457
283 604
248 695
482 763
24 691
9 319
516 752
288 259
624 155
362 733
352 17
366 130
145 694
139 624
58 349
756 437
793 587
381 11
42 557
689 746
672 132
97 337
99 588
313 744
630 367
89 6
208 249
645 357
496 336
508 707
464 431
596 36
614 564
335 581
438 273
396 767
366 669
459 447
434 506
360 80
261 251
534 299
274 69
621 715
248 252
726 797
396 517
762 95
312 505
13 455
789 21
518 394
406 537
753 58
501 646
449 137
69 548
302 287
625 97
605 399
333 534
408 34
561 493
206 550
660 546
101 13
636 723
777 99
749 423
207 302
583 281
690 711
673 699
550 159
37 203
539 24
401 675
242 224
33 249
749 11
44 624
177 266
434 405
314 384
721 62
317 54
94 25
101 85
25 285
578 541
421 197
278 654
274 445
54 234
312 177
94 468
617 392
387 708
683 616
90 389
275 745
667 317
693 288
734 186
528 535
175 500
581 154
22 250
124 228
644 66
32 537
704 750
130 289
620 725
594 306
302 741
505 180
43 456
398 737
171 413
245 237
238 276
63 492
475 341
650 587
755 296
147 766
725 547
118 38
547 443
468 447
739 38
249 420
348 514
92 661
20 708
308 642
583 111
124 525
556 528
230 469
470 460
518 370
192 758
193 351
172 69
588 399
753 168
69 48
387 358
380 597
749 517
637 187
752 364
680 71
714 573
547 246
758 266
21 187
295 631
617 425
768 705
264 325
447 609
731 58
74 624
389 466
286 270
13 426
42 478
718 549
724 593
412 452
92 450
493 701
133 639
293 276
456 565
510 548
590 793
85 542
790 676
38 635
475 197
348 273
387 625
553 445
13 255
584 300
502 190
544 481
773 649
576 4
648 420
663 693
58 396
382 392
744 234
226 658
428 116
143 290
28 672
468 0
265 642
336 113
742 85
756 86
155 144
267 550
231 194
756 199
448 623
152 275
219 781
124 152
518 303
745 603
593 798
11 581
118 228
271 322
145 79
505 5
443 629
192 39
432 516
51 200
302 781
674 504
213 527
796 407
477 607
81 229
62 126
527 374
625 467
128 498
633 221
109 743
683 350
276 545
280 699
258 778
139 335
757 279
770 487
63 392
208 92
12 474
548 618
620 623
718 349
308 292
214 576
434 128
70 415
67 786
768 238
309 201
500 165
187 255
346 497
458 605
430 776
426 793
441 158
702 776
625 69
547 364
501 574
297 239
631 178
306 55
213 552
558 364
118 314
628 59
395 537
456 770
10 247
473 303
522 447
101 164
563 86
511 163
773 447
768 578
477 36
463 251
437 242
360 161
364 585
133 148
195 796
790 114
295 298
180 779
240 362
94 228
237 423
599 124
22 75
521 518
390 406
620 340
624 251
598 330
615 525
295 467
745 358
395 582
470 6
137 383
16 684
34 741
267 542
317 191
108 712
757 242
780 540
157 237
495 721
258 148
606 375
564 528
734 326
330 175
8 352
596 754
88 594
477 526
625 373
188 769
30 657
271 2
604 459
140 116
688 327
541 636
6 275
464 228
79 291
192 387
66 358
194 261
190 355
79 258
7 399
145 350
160 183
192 233
184 375
71 192
41 363
106 319
116 212
132 216
169 324
60 217
57 187
40 349
217 261
195 334
164 329
13 180
241 398
67 176
185 274
39 191
250 325
12 240
43 350
82 251
34 247
145 340
215 315
169 219
321 322
175 226
1 155
151 216
37 219
347 398
146 397
88 188
25 301
236 382
47 142
28 167
185 286
99 128
22 174
40 281
100 262
235 320
38 186
107 227
83 279
302 376
210 329
171 237
147 248
275 386
25 31
151 356
136 216
24 351
48 321
64 379
154 389
51 383
159 395
76 180
60 194
166 258
218 244
46 69
98 328
77 124
178 179
12 387
166 290
266 287
21 140
226 253
183 383
193 372
85 389
117 204
67 285
121 287
3 124
7 165
9 324
0 242
151 290
12 233
13 168
98 225
34 241
36 110
90 286
59 373
297 389
49 345
54 143
117 251
142 222
110 235
328 384
137 189
32 240
56 187
212 325
215 376
59 194
17 21
82 117
167 212
4 219
105 111
26 305
30 357
52 148
264 352
200 204
309 383
97 119
340 356
57 339
65 179
298 311
326 332
188 199
36 40
99 273
41 131
1 134
247 398
132 356
136 290
156 228
6 42
221 289
146 399
180 306
138 259
0 316
8 230
82 389
8 224
194 217
57 244
244 339
322 336
136 337
220 310
115 328
240 371
174 247
148 312
20 357
297 362
218 381
10 99
262 374
141 220
137 142
13 76
305 394
121 298
111 142
200 332
129 130
94 176
309 367
26 203
162 197
309 395
69 257
185 303
124 275
93 321
55 219
36 96
296 314
246 273
73 209
128 172
45 313
214 273
117 393
280 345
147 365
174 241
215 255
55 129
36 283
40 235
48 81
94 134
260 345
93 336
31 253
84 378
173 300
81 299
254 361
86 99
354 390
88 230
204 332
112 221
71 223
119 260
138 223
160 383
360 382
61 321
139 170
76 276
204 381
34 312
374 384
209 229
31 45
77 171
112 232
28 195
97 330
53 338
24 81
107 253
288 303
165 337
225 328
49 133
70 296
272 291
127 355
141 190
133 280
134 281
18 203
40 320
82 297
223 233
235 368
161 205
153 180
334 358
304 313
7 284
207 361
99 172
124 129
241 342
195 358
39 106
54 97
211 297
81 155
291 350
2 219
231 304
62 371
173 299
86 109
315 376
136 284
82 85
97 257
362 364
46 119
13 107
34 113
12 238
125 352
70 375
81 285
25 370
203 279
117 154
115 310
62 240
115 353
293 393
23 361
131 164
268 302
57 95
104 319
54 348
86 200
209 228
30 287
85 309
2 324
332 364
325 341
228 286
255 376
11 132
1 269
240 387
338 346
163 287
36 39
156 182
25 177
10 362
0 33
212 334
215 268
110 349
107 306
362 395
29 391
26 392
22 342
383 395
104 110
84 135
33 115
365 393
113 323
163 196
121 331
255 268
117 389
99 326
79 304
166 356
91 194
182 365
48 322
124 130
127 258
20 58
292 339
69 384
229 344
66 131
50 372
136 399
110 208
155 176
40 221
27 376
72 157
26 100
122 182
35 61
67 134
102 234
101 130
185 377
314 375
208 243
28 280
54 330
79 157
116 195
312 317
18 305
90 308
239 274
2 169
89 341
133 250
51 73
32 62
17 95
75 119
81 173
215 302
122 147
0 353
16 212
326 364
34 323
29 240
42 232
291 340
50 375
317 323
20 25
65 316
31 231
211 367
304 385
327 388
107 226
266 311
28 325
31 313
88 109
3 252
225 234
154 362
247 346
213 377
96 388
10 172
38 305
338 347
86 326
100 282
182 228
186 203
94 243
164 195
36 208
328 374
233 375
134 269
90 382
164 358
113 148
25 157
192 375
270 301
172 362
237 275
90 147
209 377
39 118
177 370
115 234
188 230
84 98
187 393
272 394
84 102
103 324
381 389
360 388
117 381
270 318
154 218
114 180
148 348
65 115
59 91
73 303
307 308
351 390
129 324
204 393
179 225
53 273
202 370
296 372
69 348
174 342
253 304
42 289
35 67
177 190
124 252
187 339
63 245
22 113
5 163
132 284
84 318
129 252
325 358
222 352
344 377
50 314
229 249
30 294
170 270
126 367
109 326
209 344
42 379
125 264
137 263
37 103
127 318
219 239
18 26
127 270
11 245
246 363
33 234
79 170
93 155
218 251
76 80
23 319
126 303
339 360
75 97
17 361
6 235
82 218
240 276
23 191
159 297
301 333
58 163
97 143
56 393
206 359
48 158
71 387
179 318
37 55
164 341
180 227
90 182
75 330
160 302
74 228
52 92
125 205
113 312
77 103
312 323
285 300
96 283
68 75
34 317
4 129
48 285
47 263
47 78
30 331
265 394
28 89
43 291
237 386
83 206
6 289
224 319
114 238
302 383
140 230
19 331
65 353
10 214
204 292
152 380
15 207
240 259
54 257
289 327
100 305
41 66
211 383
335 349
207 254
213 229
2 9
235 236
18 143
120 293
47 66
87 232
162 360
113 342
63 165
49 257
247 317
157 370
6 281
301 370
5 298
78 212
78 358
69 97
1 379
47 222
272 340
105 264
100 143
81 300
30 163
128 362
68 143
10 273
199 230
168 387
14 19
278 355
303 343
176 321
52 347
192 240
164 342
109 339
118 266
25 45
235 289
23 104
96 230
80 138
191 319
205 352
60 158
30 58
204 389
182 308
35 48
119 257
74 239
67 94
144 186
38 203
190 198
104 335
120 393
96 199
337 397
91 217
269 289
11 136
160 215
271 354
202 301
8 388
125 189
79 370
4 249
152 316
56 120
37 239
98 234
236 360
43 284
162 236
168 306
47 334
149 256
308 396
281 289
184 271
326 381
31 370
175 306
160 363
76 238
46 97
29 223
91 118
13 227
174 317
256 299
209 213
91 208
79 333
200 292
117 293
59 149
291 394
12 276
0 225
55 274
205 376
277 356
7 337
12 76
104 191
196 238
3 237
184 354
365 382
185 344
234 278
82 204
92 347
0 52
70 233
9 129
11 165
61 379
168 180
159 160
189 222
258 318
29 233
258 399
0 234
184 390
16 358
36 335
6 320
222 264
175 313
120 365
231 253
151 277
33 242
95 96
4 130
12 138
371 372
242 310
132 151
218 293
151 337
311 331
72 304
3 171
0 374
224 230
110 335
49 280
165 284
97 348
9 130
227 306
163 331
28 250
32 193
8 95
112 396
98 102
56 339
131 174
179 234
122 229
221 320
132 290
85 159
74 249
123 144
123 203
362 381
65 328
102 135
196 294
175 180
51 211
24 390
2 103
279 282
28 358
183 395
56 382
263 352
45 79
186 206
181 292
248 360
376 383
265 350
130 171
15 33
46 330
19 287
16 142
147 360
284 337
10 363
16 78
208 335
185 213
128 273
279 350
215 383
200 326
162 248
127 202
21 92
87 396
20 177
124 237
115 278
135 328
136 165
125 142
255 315
109 332
128 295
251 389
86 338
121 266
186 394
9 103
38 83
15 242
238 387
35 176
250 334
41 329
102 328
137 222
178 267
119 345
284 340
190 357
109 187
66 164
166 270
287 331
89 116
262 330
271 351
91 191
283 388
17 140
364 389
229 274
217 299
203 305
67 155
145 265
58 198
14 71
224 361
61 93
32 371
98 267
130 252
117 332
44 54
214 247
298 331
136 146
152 384
226 304
148 257
71 80
120 162
46 75
185 209
131 342
63 72
151 284
7 136
270 333
269 281
120 360
65 310
65 102
206 291
7 151
145 359
72 385
157 253
34 174
83 186
12 192
68 392
105 189
174 323
89 167
0 115
131 358
111 137
186 279
197 382
54 262
1 87
297 383
29 70
130 169
116 358
297 395
241 247
329 358
40 104
144 206
178 225
82 364
125 263
56 162
332 362
235 327
57 140
66 195
321 336
17 207
151 399
3 101
305 350
11 284
239 249
4 9
84 139
67 322
260 369
334 341
24 158
115 242
327 396
349 368
133 345
116 167
124 169
161 255
355 357
75 369
17 181
265 272
145 291
277 340
200 273
162 327
288 343
165 245
154 364
112 269
6 396
69 152
150 366
320 327
209 286
104 368
161 376
19 311
108 189
241 347
165 397
42 281
22 317
228 303
1 221
235 388
260 280
228 344
16 195
16 116
131 195
171 275
112 320
85 154
157 313
189 263
0 310
1 243
288 367
22 49
162 382
71 233
91 298
35 93
138 240
14 223
141 355
211 343
166 378
31 177
211 288
84 270
38 123
46 54
60 149
270 378
124 171
39 104
330 392
221 235
172 332
29 375
39 366
53 346
234 353
292 326
80 233
175 227
22 247
226 313
170 301
109 244
53 398
111 125
89 250
10 295
2 239
214 246
182 213
54 69
197 365
265 279
180 294
36 349
36 319
95 199
88 199
14 233
88 361
201 390
141 207
115 220
234 310
108 111
18 282
213 228
111 352
64 386
56 197
367 395
5 19
126 309
103 169
63 397
181 338
64 336
104 230
21 207
70 192
147 382
159 364
86 273
177 202
158 299
14 387
86 181
135 179
91 349
153 238
145 203
72 146
272 350
74 185
24 285
289 307
160 395
320 368
59 266
261 311
8 188
128 363
98 353
25 202
118 373
152 262
13 114
102 318
170 399
158 173
190 366
178 328
59 261
13 276
160 315
193 240
23 254
194 299
23 39
323 342
146 385
181 273
134 176
43 216
139 270
234 242
302 315
42 64
53 247
166 277
20 30
340 350
76 138
102 267
44 262
54 312
46 262
45 177
277 378
70 71
298 373
133 341
121 163
165 290
28 133
82 362
122 213
132 136
271 390
160 297
268 376
46 143
130 324
162 388
12 29
156 308
21 200
277 290
40 208
90 122
149 217
336 379
28 334
166 170
245 397
248 382
31 157
302 367
183 309
105 263
120 244
153 231
126 288
247 323
235 269
95 188
4 239
203 265
24 300
266 331
154 332
236 388
32 391
128 364
104 283
135 178
85 362
241 346
110 283
270 277
106 266
24 354
166 272
84 179
12 114
4 156
176 322
19 233
11 151
191 335
76 114
32 372
149 173
290 356
174 398
127 220
33 353
44 312
45 333
145 186
105 125
273 326
62 193
7 290
259 391
310 328
5 266
305 380
67 173
1 281
15 310
81 158
335 368
43 151
329 363
247 342
49 369
120 248
66 210
241 312
35 322
287 298
191 366
271 300
167 334
227 313
83 145
302 309
76 387
362 389
246 362
81 93
12 80
113 257
171 252
72 313
208 349
232 379
222 263
60 299
133 260
29 192
158 351
33 225
42 396
29 296
78 116
24 271
148 398
36 104
35 336
25 79
233 387
187 204
10 364
170 378
151 245
226 227
44 119
75 143
36 191
143 330
150 190
101 386
131 341
265 305
183 315
244 393
74 213
58 177
1 176
114 387
163 294
241 317
244 248
152 374
28 116
107 175
357 366
310 353
180 231
279 394
1 94
122 185
9 169
122 228
76 168
23 96
60 261
172 363
140 199
146 165
8 199
317 398
57 88
170 318
47 325
168 238
56 57
145 272
249 344
296 390
338 398
141 278
236 327
5 30
78 329
267 380
240 391
220 353
262 348
121 311
137 264
140 361
16 334
251 381
104 224
171 386
159 383
22 312
193 371
92 398
345 369
300 354
57 200
110 368
253 385
19 71
7 356
364 381
52 242
18 330
102 178
96 188
289 320
51 343
128 214
118 349
84 178
13 306
136 397
80 238
140 188
40 110
66 78
146 151
55 229
88 95
201 300
75 345
116 334
192 223
7 245
225 310
243 281
26 143
45 301
316 380
99 214
158 285
79 301
9 124
22 323
6 327
203 282
101 252
138 391
209 343
112 307
118 298
59 298
85 364
129 171
27 183
55 249
50 62
187 248
108 137
157 301
47 116
40 243
333 370
117 362
198 366
220 355
300 351
191 224
251 393
204 326
172 246
3 386
151 397
371 391
279 305
95 140
8 104
37 169
327 360
12 71
259 372
156 185
116 164
69 312
184 201
73 126
10 128
46 100
187 244
22 257
226 306
158 300
65 374
5 331
319 366
205 255
120 382
38 144
223 387
77 252
36 91
44 46
318 378
38 282
48 67
77 129
287 311
258 301
106 373
118 335
160 255
15 353
14 80
96 104
183 211
156 274
259 371
63 385
74 274
35 155
21 86
131 247
120 147
89 334
348 374
34 342
78 167
3 275
210 295
266 298
148 241
68 119
325 334
209 274
103 129
251 293
61 232
15 115
157 231
8 88
281 320
223 391
184 314
273 338
50 184
68 97
142 189
50 296
43 359
7 132
45 253
106 298
301 399
221 243
102 179
205 268
140 254
248 393
118 191
280 369
356 378
128 246
228 229
11 216
232 336
16 325
153 175
297 367
23 224
249 274
45 304
23 230
287 373
221 368
201 351
93 322
205 315
85 251
218 389
88 140
274 377
10 246
58 287
179 278
204 218
42 87
51 309
112 379
105 142
44 348
2 55
236 289
183 215
120 187
99 338
256 261
243 349
117 218
111 222
311 373
72 79
212 263
96 224
58 150
346 398
55 239
54 384
270 356
35 321
85 297
66 295
20 150
289 396
1 232
5 198
105 205
1 42
295 363
189 264
221 281
32 50
47 167
78 210
316 328
143 262
258 333
248 339
181 200
269 320
31 304
316 384
179 220
62 259
48 173
41 164
15 52
74 229
307 396
77 169
296 354
4 169
99 200
29 193
149 158
221 269
156 229
42 112
114 227
98 115
12 14
185 228
61 64
252 386
41 128
134 155
4 274
170 277
303 344
67 93
226 385
148 323
8 283
119 369
271 285
87 379
116 341
108 264
17 88
27 302
21 338
95 339
80 114
53 214
3 64
85 381
86 292
107 313
149 299
211 309
78 161
231 294
297 309
66 329
6 232
350 394
5 311
206 279
70 201
58 190
90 365
147 236
9 171
109 292
221 327
19 163
374 380
203 394
123 145
316 348
49 113
79 253
182 229
129 219
34 257
34 398
123 186
136 245
67 81
150 198
101 171
143 392
163 198
230 254
142 263
286 293
114 276
139 378
154 381
22 131
4 252
91 368
152 328
114 196
184 351
9 252
210 358
216 284
300 390
114 168
229 377
220 234
201 354
265 340
27 255
111 264
45 370
242 353
348 384
42 269
74 377
134 243
41 210
147 162
51 367
102 225
133 369
346 347
94 194
183 255
80 223
62 372
27 383
85 117
62 138
146 245
187 292
29 259
192 391
32 138
21 181
36 368
274 344
111 189
132 165
59 256
94 155
319 335
16 47
169 252
20 163
183 302
83 123
153 313
69 262
257 345
77 101
31 153
93 176
198 287
41 214
106 366
18 380
50 193
51 288
73 367
57 292
198 357
82 154
296 375
262 384
0 328
234 328
73 343
27 215
340 394
261 299
316 374
84 127
106 191
197 248
138 276
72 399
192 259
213 274
213 344
151 165
195 341
112 281
12 223
56 244
161 315
123 206
4 55
120 339
238 294
20 190
188 339
216 291
157 304
170 333
39 319
96 110
65 225
145 206
147 197
105 352
85 395
146 337
112 289
255 302
138 192
121 373
49 312
88 339
101 129
284 290
17 254
92 338
173 285
243 269
219 249
8 96
62 391
367 383
123 279
175 253
307 327
65 178
197 327
132 245
246 364
57 188
110 191
59 217
177 357
253 313
67 321
201 271
278 353
193 391
61 322
111 212
332 389
132 337
202 355
9 101
0 65
154 204
64 232
258 270
138 387
56 248
167 325
48 155
80 196
282 305
2 37
72 253
218 393
70 184
124 386
60 256
41 295
241 323
231 313
230 361
22 34
153 294
161 268
158 271
115 225
57 199
155 321
159 309
292 332
44 257
228 274
59 311
96 335
168 276
148 347
14 192
185 229
193 259
105 222
7 146
22 241
99 246
164 210
341 358
14 238
127 139
261 266
158 201
210 363
89 325
26 282
152 348
98 135
144 279
6 307
145 279
57 109
89 133
228 377
65 98
263 264
6 221
129 169
141 254
67 158
7 277
66 116
139 258
184 296
150 357
24 173
199 339
29 71
126 343
140 207
153 196
197 236
250 280
303 377
120 197
183 376
195 325
49 260
116 325
126 211
148 346
100 330
223 240
82 381
26 38
100 392
202 220
106 150
175 304
36 118
122 365
197 360
282 392
6 269
53 99
113 241
217 256
220 278
82 159
73 211
6 112
44 113
16 89
9 219
252 308
54 152
199 388
131 317
189 212
136 151
293 365
65 234
44 97
90 197
144 359
104 118
106 118
209 303
138 371
87 112
26 330
43 132
77 324
5 373
141 150
63 146
92 346
317 342
194 349
32 259
168 227
372 375
73 288
118 319
291 359
43 290
48 93
107 180
5 287
149 261
258 378
24 201
72 333
212 222
45 157
333 399
16 66
43 340
245 337
213 286
285 299
56 360
144 145
286 365
111 263
167 358
49 317
257 312
299 300
156 213
332 381
113 317
53 92
5 58
98 316
102 127
61 87
314 372
139 166
18 100
176 336
149 194
58 357
51 126
351 354
33 310
243 368
139 318
13 238
60 173
40 269
101 124
96 235
45 72
127 179
39 224
175 231
225 353
83 144
145 394
2 249
3 130
272 279
74 344
27 315
53 241
266 373
122 156
7 166
160 309
109 200
257 323
204 244
225 278
183 367
20 198
95 230
48 176
278 310
283 335
108 222
94 149
40 368
125 222
44 69
186 282
53 174
154 251
331 373
77 130
172 364
290 399
208 368
142 264
139 179
40 335
268 315
38 279
284 356
235 283
98 179
136 356
43 272
142 212
284 291
135 267
109 181
0 98
313 370
30 121
11 337
46 68
223 259
4 229
84 267
97 262
122 286
80 387
64 87
156 252
180 238
19 121
9 77
16 167
34 148
68 330
61 336
47 212
153 227
159 362
295 329
28 341
101 237
79 399
216 337
98 178
170 258
5 121
30 198
227 231
53 347
99
46
59
117
92
73
95
123
60
176
98
99
92
122
37
43
177
88
56
47
77
150
171
71
71
162
34
118
67
78
94
88
208
37
188
17
84
120
144
109
55
31
20
89
89
145
75
127
126
47
143
222
80
159
91
225
94
20
160
79
89
89
100
127
129
105
76
63
128
26
143
90
125
80
95
49
77
68
13
110
176
92
117
78
99
36
23
160
36
116
99
99
74
28
89
13
47
48
70
212
137
116
129
75
49
23
88
75
60
105
57
81
69
70
49
111
51
165
82
101
122
178
131
115
55
85
142
105
146
72
31
36
65
34
164
53
145
103
80
196
130
43
159
74
121
175
49
16
170
25
121
84
42
55
143
106
159
13
199
73
93
55
166
158
185
96
47
160
102
84
102
44
155
83
212
72
37
170
124
129
100
120
160
93
68
227
71
108
119
149
103
102
46
97
175
134
130
62
86
79
136
135
60
85
126
16
77
23
94
67
87
149
72
64
86
79
138
126
92
70
76
58
145
116
197
59
55
62
144
83
215
179
28
93
198
153
141
131
104
60
62
101
58
118
83
167
51
66
175
25
87
99
77
148
110
38
59
79
138
97
93
44
148
15
89
108
22
138
34
209
57
214
138
62
113
22
77
57
21
69
37
12
133
25
38
165
74
138
76
155
54
56
45
54
218
237
57
85
177
22
76
139
122
71
59
73
62
92
131
110
156
174
84
56
164
208
113
75
74
59
118
64
192
64
128
7
88
38
158
175
32
100
118
180
91
82
21
195
59
122
113
52
129
149
56
58
115
147
67
65
232
94
72
75
124
176
33
187
123
54
49
113
90
138
97
213
139
61
180
15
221
63
18
25
226
49
74
89
38
151
69
92
178
95
168
109
106
22
130
148
43
173
110
141
140
165
20
103
155
143
132
33
167
120
169
127
230
77
93
128
107
121
106
84
130
101
100
71
92
97
67
6
43
52
73
58
33
96
62
164
45
83
50
39
55
35
115
80
114
159
58
73
121
88
64
148
81
96
86
104
82
51
38
13
113
148
214
113
29
64
80
99
41
57
34
152
162
119
64
184
184
73
126
64
107
106
73
168
84
125
87
156
94
91
121
54
66
86
82
85
137
122
108
91
61
132
102
174
84
39
70
80
73
112
141
130
120
141
217
166
32
68
189
116
242
57
209
36
66
81
123
20
52
91
158
121
122
45
168
74
121
46
101
101
40
57
40
118
150
66
87
114
81
63
77
101
201
90
169
153
80
102
98
24
195
104
238
160
100
42
29
171
168
63
71
79
86
90
180
138
146
150
198
74
67
18
93
78
37
104
111
199
166
107
96
97
43
112
155
133
97
83
148
123
82
132
90
162
51
105
130
84
92
57
61
84
95
190
60
54
111
22
148
116
81
133
62
147
187
51
113
113
193
143
138
48
87
206
86
72
105
40
126
124
79
219
49
83
151
66
60
164
106
44
110
76
130
16
149
148
120
45
17
78
78
121
91
29
82
182
40
146
75
74
114
221
74
51
69
88
58
69
173
78
42
103
84
121
111
41
132
100
137
58
44
84
23
40
49
94
141
76
165
46
69
142
49
158
94
48
60
54
34
62
26
85
81
26
110
103
101
117
46
103
167
17
79
53
13
55
78
95
127
17
58
135
138
30
220
79
49
43
47
53
53
174
189
75
144
135
181
58
56
132
147
52
146
41
168
67
44
126
224
92
133
126
129
126
67
79
191
140
52
120
119
184
231
74
84
107
131
32
198
65
75
119
72
92
117
126
197
156
76
80
108
175
46
127
51
108
114
167
26
123
114
161
51
151
65
32
88
70
46
133
23
78
98
90
105
75
79
87
121
20
99
18
135
40
136
160
100
44
152
125
98
57
170
50
107
95
53
87
137
11
54
98
117
111
32
208
133
88
69
129
75
183
75
77
166
53
165
88
73
14
34
150
78
93
68
95
63
51
167
97
98
132
124
114
166
179
71
75
124
71
103
94
53
114
141
89
101
51
245
18
89
165
119
143
84
160
93
119
84
140
157
175
36
110
132
169
129
57
14
124
119
75
78
37
63
106
175
98
65
71
60
78
195
59
194
141
78
95
92
127
58
170
133
97
67
92
138
66
92
212
74
81
30
134
25
14
97
154
213
93
134
83
105
154
58
129
77
18
121
154
120
104
62
137
82
47
25
158
36
146
100
67
117
99
97
79
103
144
170
166
36
155
122
141
132
67
23
56
67
163
31
88
91
63
123
193
46
85
123
128
195
105
148
135
116
97
81
166
142
64
52
163
93
130
80
97
53
112
56
124
88
159
24
167
101
196
51
173
165
190
65
95
89
121
105
158
111
144
123
41
151
141
48
125
195
130
187
186
61
142
99
144
147
45
42
93
60
205
110
7
81
89
183
60
108
135
107
77
69
70
14
133
133
64
82
75
163
85
41
78
97
37
138
88
79
154
113
57
59
82
83
175
63
150
23
134
54
196
141
41
131
52
81
107
123
17
189
189
54
59
177
118
51
67
86
16
31
61
53
67
67
209
130
46
74
178
72
230
145
147
75
96
165
38
85
116
78
99
110
87
29
168
36
40
25
134
63
121
70
53
84
98
74
103
99
29
118
46
58
206
45
66
85
73
39
70
213
145
95
35
71
131
23
50
153
72
37
38
45
32
144
34
234
78
68
80
115
41
113
43
83
128
180
95
41
120
93
127
217
224
59
22
64
120
187
197
148
132
90
139
188
125
65
61
54
25
155
68
160
28
114
88
107
87
48
121
39
170
85
116
167
74
78
209
48
87
74
73
140
72
211
139
198
149
28
152
180
146
49
82
130
80
195
125
93
76
128
91
136
87
52
109
61
100
55
106
146
77
66
117
85
89
29
87
40
183
50
102
104
184
57
66
116
142
152
146
149
35
130
119
43
109
139
48
147
203
59
117
96
88
65
118
53
150
51
92
108
205
105
127
79
101
127
49
83
118
73
65
186
77
129
173
137
162
109
169
184
95
65
35
54
118
59
127
70
82
88
158
89
176
227
155
133
97
43
31
134
8
170
110
79
193
31
108
183
36
100
38
163
146
77
69
51
70
91
96
101
78
75
91
167
48
84
166
70
17
63
119
118
97
156
103
64
128
114
99
95
35
30
103
125
22
218
278
90
95
111
104
119
30
152
172
94
224
126
31
136
166
83
133
68
79
108
73
61
56
114
39
83
65
40
70
46
125
39
91
75
24
126
116
85
160
71
57
77
171
111
126
47
213
30
93
98
63
81
121
149
73
148
110
151
30
149
79
58
84
34
32
118
59
97
62
180
31
61
119
137
79
111
110
210
193
104
176
137
154
68
58
45
186
130
170
80
62
92
109
145
37
146
41
149
50
119
149
79
94
33
48
179
108
121
122
162
33
108
50
133
139
46
8
52
255
81
45
180
148
220
107
139
85
47
185
162
55
127
139
96
105
94
188
121
80
102
122
66
101
83
111
84
150
77
24
188
57
57
179
114
70
67
171
100
31
91
148
193
102
94
163
133
145
173
87
57
118
86
36
106
134
13
155
110
127
48
109
145
44
57
116
159
155
144
76
131
92
131
70
128
99
107
101
50
85
203
55
58
105
34
170
84
92
113
133
154
52
150
55
134
189
56
51
73
65
199
67
115
139
175
150
42
55
78
31
133
97
46
171
73
125
137
31
18
119
58
260
221
156
83
119
163
115
134
79
64
211
107
50
55
74
67
69
77
50
45
163
102
15
103
95
108
128
171
112
90
143
58
66
153
24
26
127
60
72
77
79
123
73
206
27
32
35
65
32
98
52
84
94
67
82
114
168
90
159
117
126
49
69
64
54
122
133
44
66
66
229
154
118
89
164
110
53
83
78
62
129
26
195
38
79
152
78
120
172
68
144
137
70
59
157
22
73
37
46
113
146
164
24
129
54
176
87
53
96
118
69
79
86
127
77
194
40
119
190
94
35
100
133
150
150
51
144
153
65
84
131
129
75
141
90
154
206
85
177
129
89
97
89
59
70
150
140
113
49
99
182
31
28
46
95
103
96
151
149
66
54
76
148
88
166
66
107
114
123
128
124
49
115
142
147
52
116
88
42
96
40
146
192
103
183
109
75
105
100
186
61
133
132
110
11
136
98
76
204
171
215
166
200
153
100
105
61
60
27
89
101
144
81
94
44
137
167
116
60
78
126
92
59
41
13
170
48
172
141
144
110
96
100
41
131
7
35
115
91
69
97
69
104
157
100
9
115
124
98
67
149
70
95
197
25
138
73
125
134
95
195
190
141
83
89
181
68
154
61
50
166
38
40
50
28
104
155
152
44
76
169
48
115
100
59
41
138
177
78
170
31
105
135
10
144
155
136
61
50
154
158
134
94
49
76
132
73
178
107
34
141
56
100
174
87
130
100
31
117
45
126
160
99
68
96
93
77
94
167
130
112
153
68
121
112
88
135
59
102
176
108
135
83
101
20
92
85
112
29
26
30
43
82
41
77
154
69
66
22
144
146
179
56
17
31
96
105
131
