521 587
599 490
292 117
698 19
195 741
710 334
741 455
399 468
26 154
244 447
151 273
546 320
669 495
442 198
54 742
679 315
357 416
371 392
341 516
79 522
583 150
282 142
621 783
348 197
416 185
157 616
143 690
293 707
235 171
149 780
397 62
170 595
31 586
262 761
597 631
103 797
551 131
685 259
478 93
477 194
322 567
491 89
385 239
466 23
713 581
730 581
386 305
216 54
771 393
36 9
468 90
186 663
610 173
586 733
521 15
591 343
728 214
731 563
489 346
321 119
295 537
251 763
245 20
25 419
198 182
202 721
19 269
738 324
618 406
59 38
342 381
777 198
673 407
300 56
211 305
72 308
439 588
17 77
570 514
461 224
182 573
148 521
299 170
133 224
183 70
19 482
70 710
577 708
469 526
191 464
218 122
702 136
125 247
632 772
653 520
428 509
636 793
257 409
761 194
546 141
471 133
795 289
733 639
641 654
633 589
481 782
663 544
56 719
734 114
484 396
574 212
664 788
181 481
615 482
70 570
261 261
422 168
294 455
427 489
248 87
749 394
590 231
504 395
643 169
755 764
443 18
315 364
107 778
746 273
441 374
10 105
237 630
303 113
241 255
498 422
4 623
197 353
689 708
390 429
233 565
328 263
596 374
155 410
603 498
269 770
472 243
369 586
546 643
127 595
579 604
583 431
28 696
73 134
241 418
447 205
702 426
420 545
433 405
685 83
322 174
601 584
733 430
678 484
362 717
371 743
260 56
569 323
9 141
81 46
533 349
27 128
370 456
612 388
380 64
637 514
647 3
478 561
553 624
473 616
273 723
245 44
590 491
260 777
44 498
781 754
514 283
575 494
332 318
712 695
787 209
185 633
570 539
663 719
88 395
525 448
474 663
270 382
378 671
375 357
407 138
457 387
80 484
725 619
201 495
617 524
187 644
264 330
476 268
133 525
64 415
226 434
634 562
621 370
551 241
576 404
186 268
775 475
702 597
723 82
367 557
516 691
548 160
402 631
286 253
413 573
526 198
341 641
6 261
279 94
192 533
363 704
570 357
621 464
97 645
688 179
408 467
61 303
56 533
637 650
750 762
434 342
470 140
62 630
401 483
18 680
698 328
272 578
765 790
392 771
56 66
530 674
20 794
759 35
204 627
204 372
466 763
113 400
86 524
349 30
395 706
614 402
43 445
619 492
754 526
383 530
701 724
77 441
434 140
623 456
495 623
781 100
119 619
744 36
536 274
30 728
146 262
50 29
63 317
104 753
398 573
153 86
408 226
545 681
323 204
246 265
503 261
273 472
395 328
292 149
767 219
90 512
536 34
287 114
408 123
512 587
447 394
287 190
145 716
236 443
109 127
188 671
190 307
478 67
359 340
56 332
413 359
104 623
558 424
770 625
573 597
299 333
128 101
344 474
724 456
169 792
418 56
498 756
382 19
623 686
48 151
457 561
266 342
41 768
717 7
345 777
102 29
402 93
45 428
666 626
510 343
707 621
286 751
213 777
424 267
85 549
192 29
503 44
36 769
771 122
517 392
255 208
753 442
636 744
754 550
742 149
718 536
265 744
286 588
629 663
756 294
148 752
179 12
668 351
341 462
690 476
317 370
155 747
171 568
241 619
757 167
131 591
618 128
642 156
446 389
697 223
232 223
151 131
463 711
60 19
83 290
83 133
199 601
700 174
418 685
479 601
6 194
541 445
332 632
603 448
211 484
493 295
97 227
546 400
144 315
649 126
503 792
10 322
134 40
141 551
700 522
152 235
572 279
53 209
11 737
511 138
315 578
719 238
607 214
222 22
704 717
45 202
13 79
154 281
51 253
124 247
19 32
169 380
318 328
142 254
131 139
47 90
381 390
128 245
334 360
84 351
142 210
36 361
219 224
39 154
56 364
197 226
107 274
149 294
207 273
86 151
140 187
106 162
236 304
123 234
133 206
4 182
73 165
177 250
42 281
193 304
107 322
36 394
87 93
115 133
234 344
256 261
45 57
97 286
38 267
97 298
14 393
88 95
28 90
53 87
51 297
18 171
204 262
82 159
56 372
255 259
131 300
357 360
13 267
143 262
131 246
229 357
82 283
16 312
137 239
141 212
112 210
105 316
169 231
362 372
210 379
6 120
4 314
115 365
93 342
275 383
127 322
83 215
205 358
5 15
174 181
54 291
251 322
79 281
22 96
351 398
257 290
34 103
109 295
277 383
138 157
103 137
148 233
43 315
99 394
184 239
338 344
256 327
64 83
167 392
332 346
112 298
75 304
92 383
81 334
147 149
132 288
288 340
33 346
85 261
158 272
148 360
178 269
146 395
170 299
156 224
3 272
0 177
84 90
104 328
147 177
104 160
2 288
61 332
126 196
154 207
109 134
282 367
34 328
221 361
192 342
225 285
48 67
220 316
67 245
269 282
154 267
217 343
233 360
36 221
88 320
183 201
41 394
31 371
335 387
9 153
177 309
213 273
155 162
296 365
158 384
209 261
44 263
80 190
134 194
28 292
167 375
10 381
25 388
284 365
223 283
16 355
190 371
4 61
91 123
119 292
156 264
46 198
146 224
126 355
172 378
40 395
153 254
213 397
112 229
258 326
41 291
101 349
49 368
94 162
76 269
193 327
135 242
5 245
97 153
3 218
197 222
174 389
80 388
94 204
66 386
340 365
241 267
81 290
40 377
128 396
108 234
302 315
320 374
74 136
196 298
106 345
19 208
80 81
146 197
228 292
77 168
87 220
172 214
107 127
13 281
193 256
250 282
192 238
62 165
187 206
263 341
75 383
19 388
214 376
343 345
31 357
38 241
43 54
17 171
193 277
61 182
44 343
62 119
168 311
38 336
280 325
52 121
304 386
160 309
271 306
198 303
310 355
224 320
150 172
2 73
172 352
56 71
74 383
59 159
1 378
91 158
129 240
375 392
66 75
47 228
1 191
199 267
16 353
98 344
66 375
234 384
299 319
84 180
42 333
39 100
311 366
325 387
223 340
68 268
55 166
230 373
7 353
199 326
233 242
140 223
145 333
156 279
35 356
14 251
114 237
119 180
179 331
311 325
26 297
117 153
13 39
138 295
145 281
214 307
39 267
198 240
133 223
253 371
58 185
142 256
169 329
160 204
115 140
78 143
49 168
257 388
161 313
17 157
144 346
291 302
332 356
85 266
215 365
214 231
123 384
12 232
71 344
52 397
30 317
31 148
65 300
42 46
93 137
215 383
14 337
9 379
173 258
27 61
37 245
222 224
87 250
314 350
319 375
283 340
106 211
188 330
168 387
61 179
45 217
55 231
61 65
14 274
118 243
185 207
146 377
220 255
122 295
52 110
93 96
162 174
100 394
338 359
81 257
108 270
137 342
95 118
322 393
195 220
10 275
118 156
94 211
84 366
76 320
126 303
52 99
301 390
147 250
286 298
84 311
3 108
86 322
71 338
120 155
112 208
347 395
19 85
263 389
240 363
86 278
248 373
311 370
249 370
52 221
164 197
76 279
18 219
8 167
110 397
55 172
33 182
225 394
95 264
248 259
20 225
146 279
180 228
188 239
11 166
124 188
226 230
40 226
130 249
74 284
162 389
319 392
197 377
156 176
201 290
25 253
203 208
47 62
163 259
151 274
167 370
56 98
249 368
53 93
150 307
73 119
274 278
134 295
23 24
33 61
193 266
24 79
123 362
155 161
103 192
36 52
119 228
5 349
168 276
147 195
263 343
246 371
177 294
102 330
23 296
297 300
101 289
288 296
83 381
45 330
83 275
134 376
94 389
122 169
159 292
164 324
243 353
13 42
33 332
129 200
24 293
4 356
331 346
104 204
59 73
10 92
44 345
11 58
27 163
39 145
74 254
176 374
23 140
293 326
131 371
55 391
391 397
113 232
158 218
10 75
106 389
187 355
168 325
12 262
87 318
185 391
109 363
278 314
4 65
188 399
102 217
7 243
218 384
75 277
249 387
114 334
120 161
157 235
206 310
214 260
81 388
85 209
196 355
240 295
109 382
0 191
35 322
96 192
174 354
137 348
9 97
6 263
280 299
200 363
116 199
2 228
22 342
114 290
24 241
161 162
153 196
57 308
91 362
198 305
238 318
76 374
27 346
0 374
47 335
153 379
219 279
205 253
245 349
143 191
173 293
183 257
143 186
325 368
287 333
18 395
313 354
25 148
321 355
172 231
77 368
163 324
60 139
222 259
127 337
265 342
132 228
76 222
181 191
114 271
30 315
35 314
102 202
163 197
44 308
204 211
212 231
144 182
92 215
113 181
139 229
166 169
38 326
165 335
121 273
57 330
37 349
183 261
52 234
362 384
71 289
212 260
242 271
128 349
47 280
149 160
25 190
339 382
35 337
307 378
97 321
150 376
125 336
89 203
84 387
28 64
206 301
98 338
14 127
91 218
275 381
111 192
152 249
0 147
234 372
337 393
19 183
185 329
237 290
178 222
279 320
186 378
102 188
104 238
50 293
100 241
69 249
295 363
68 352
115 215
9 117
152 170
182 332
216 341
27 331
29 297
89 298
109 200
87 282
69 387
12 113
77 249
50 241
201 257
142 193
75 386
66 369
184 247
294 309
99 225
77 276
0 178
319 370
151 393
227 369
224 374
79 207
94 113
23 159
59 132
117 353
108 338
94 174
13 241
27 182
243 264
28 340
99 221
80 357
40 219
14 86
30 326
102 328
41 54
295 305
226 377
64 390
41 241
44 328
75 369
186 262
179 182
159 288
60 395
206 355
97 210
88 156
261 290
69 368
4 332
128 189
190 357
38 302
37 396
40 347
41 50
108 252
213 391
113 262
368 387
35 278
19 237
233 306
8 130
15 212
134 200
76 178
209 327
4 297
20 384
258 315
89 112
119 398
57 389
100 199
51 371
8 77
181 204
245 352
87 342
147 220
25 80
147 269
62 180
7 95
171 243
69 130
4 350
86 337
163 248
11 391
218 344
139 371
59 292
235 353
18 312
208 388
0 149
202 330
56 344
164 373
25 357
197 259
124 265
234 362
157 363
75 236
53 318
372 396
11 231
205 300
209 304
41 43
161 216
57 345
54 302
196 206
187 198
318 342
47 351
45 308
217 328
91 384
357 371
103 238
44 330
152 370
58 380
328 330
180 398
68 378
123 361
31 271
268 378
248 324
65 346
369 386
38 41
2 21
50 394
91 359
150 214
43 336
220 367
120 313
197 373
59 82
45 343
60 286
133 301
262 378
176 178
214 378
25 306
0 320
315 336
9 210
23 283
270 344
52 362
8 392
32 242
165 228
270 359
95 156
110 273
15 67
20 394
148 306
219 264
351 387
67 352
38 50
290 388
12 162
145 154
82 292
26 356
54 336
207 285
9 298
62 335
103 104
34 160
187 321
21 132
283 296
253 300
88 294
107 337
240 287
109 339
212 214
74 206
117 286
27 33
239 399
1 186
181 232
193 261
315 317
113 143
362 397
149 177
249 319
69 168
165 292
17 138
14 322
237 334
46 187
70 303
149 309
91 372
192 265
381 392
2 132
178 195
9 203
43 125
349 396
57 217
288 292
12 389
8 370
280 311
250 316
1 113
78 262
274 337
203 379
10 390
272 323
203 210
122 329
2 292
276 387
156 320
80 229
155 341
256 266
82 340
203 229
275 369
264 279
117 298
187 287
169 382
195 373
108 323
234 396
314 332
56 396
11 169
208 334
62 398
114 257
25 233
96 342
64 365
217 330
55 141
109 157
131 190
88 224
231 260
17 287
148 357
122 129
133 284
25 31
7 312
41 100
119 132
1 268
200 240
287 303
181 378
171 312
81 208
73 228
8 319
278 322
150 232
8 152
72 120
175 323
324 331
114 135
208 290
51 65
17 198
17 70
40 146
194 376
197 230
60 219
165 398
47 398
58 200
71 396
161 354
47 84
167 319
145 185
3 175
228 288
150 268
114 148
133 215
140 310
273 391
116 281
7 118
244 393
160 177
278 337
77 319
110 391
131 205
12 94
44 389
41 336
61 331
147 294
132 292
93 111
299 370
11 285
184 399
78 113
144 179
11 185
16 17
342 348
136 301
242 306
106 217
34 238
201 208
179 346
4 346
289 396
79 116
39 79
173 317
70 126
51 205
6 155
130 370
7 235
168 249
253 358
15 352
128 364
282 316
261 327
111 265
9 286
112 379
262 268
70 305
332 350
252 272
27 230
25 271
13 116
298 379
115 340
307 376
55 169
222 373
181 268
27 144
46 240
215 390
201 237
52 123
202 308
93 265
137 399
377 395
51 300
341 354
43 291
116 241
193 209
31 360
50 100
105 385
30 50
14 151
199 293
138 235
218 252
239 247
47 180
231 382
229 388
58 122
111 239
98 372
221 394
219 395
130 170
10 301
37 234
12 313
329 380
289 364
109 329
190 271
247 265
192 399
76 146
6 313
146 264
121 213
22 111
143 204
53 282
103 328
42 283
34 177
122 382
63 261
150 260
306 360
183 266
20 52
83 390
16 138
95 235
102 399
19 81
360 388
289 359
277 304
57 202
101 189
174 204
201 327
350 356
102 308
166 231
185 213
26 65
44 57
31 190
299 366
260 268
65 356
104 211
116 293
331 332
29 350
32 114
111 137
157 200
158 361
67 101
174 262
145 225
29 127
195 367
260 307
50 326
39 221
141 260
96 111
129 363
63 266
240 303
79 333
38 100
173 326
106 204
58 363
9 89
25 300
216 263
66 304
39 241
34 309
72 161
145 380
207 333
270 338
220 250
114 306
115 223
51 190
235 243
232 262
26 205
150 382
143 174
218 272
59 228
63 183
10 83
316 367
89 229
137 318
175 218
61 144
316 385
26 350
66 392
153 286
72 260
139 253
310 321
129 157
200 305
69 276
189 396
215 284
65 179
53 385
22 53
222 226
361 384
30 293
4 144
290 334
73 258
31 229
11 213
46 305
178 224
90 228
136 142
4 29
110 121
98 189
241 394
209 256
12 174
191 211
311 387
70 187
97 126
27 179
38 315
57 106
208 360
194 307
110 225
132 159
98 364
17 303
335 351
13 154
107 151
255 385
163 230
249 276
92 381
273 285
86 274
28 82
246 358
141 214
130 319
83 392
239 265
261 266
24 39
119 165
194 382
14 107
34 348
276 325
75 227
84 280
70 138
191 309
184 188
185 285
92 392
105 220
212 352
22 192
208 357
249 299
163 226
322 337
293 315
46 303
235 264
217 345
92 275
19 290
17 305
155 313
236 381
127 350
73 292
187 223
50 302
110 221
267 326
108 359
236 383
286 353
137 192
29 65
294 374
70 355
232 378
53 96
13 100
203 298
111 342
158 323
134 307
81 203
156 219
76 219
200 339
0 176
181 186
174 232
127 297
196 254
71 359
90 280
42 140
131 253
147 309
136 206
121 391
128 289
3 252
139 357
20 36
122 194
74 301
57 263
267 293
169 339
91 234
41 302
354 389
95 320
118 171
383 390
65 350
214 382
23 281
84 119
11 273
68 214
60 246
220 282
230 259
65 297
21 90
98 396
21 28
48 341
207 380
43 317
178 320
95 243
143 268
202 328
367 373
125 317
183 327
173 199
141 150
16 70
20 361
18 60
198 287
238 328
269 294
249 325
21 228
1 204
172 260
31 253
173 315
190 358
254 301
296 340
218 338
122 339
176 269
77 170
113 378
77 130
21 59
163 164
157 240
242 244
56 234
19 114
16 198
34 318
12 155
105 255
35 350
202 343
144 332
280 366
19 334
58 129
148 271
125 315
146 156
58 240
37 56
141 172
98 359
69 77
25 360
44 102
39 225
58 169
13 145
10 215
43 302
159 283
156 243
221 225
1 181
189 344
170 375
79 145
188 202
51 358
278 350
168 368
236 386
2 165
168 280
8 375
6 216
1 174
238 330
6 354
123 372
190 360
21 159
196 321
92 369
139 246
151 322
24 42
227 392
144 324
146 219
129 295
50 267
141 382
14 35
227 277
227 386
89 153
154 333
106 174
69 325
369 383
369 381
269 374
61 346
75 92
313 389
7 16
259 373
213 225
152 392
307 339
0 269
248 367
126 206
94 354
304 369
62 73
136 254
139 358
109 169
52 361
70 198
7 264
133 340
68 150
44 45
10 369
252 323
90 292
153 298
10 74
30 125
46 333
12 354
218 270
74 321
146 222
90 366
344 372
201 261
123 364
11 329
79 285
367 385
301 383
195 374
87 348
107 278
170 249
39 116
77 167
170 319
25 371
308 330
100 267
27 197
152 311
31 205
31 80
255 316
252 270
23 82
234 359
48 120
97 196
255 367
103 348
104 309
155 354
78 204
280 387
246 395
85 327
35 251
150 194
201 209
345 389
22 93
141 231
246 347
148 388
176 224
1 78
243 312
78 186
335 398
76 156
18 243
184 265
347 377
357 388
12 345
38 394
21 119
7 138
164 259
122 363
139 347
45 389
107 244
44 202
103 330
21 292
63 209
122 134
241 302
208 237
376 382
130 167
189 289
129 287
138 243
347 358
251 274
202 217
215 275
113 204
20 221
223 296
16 126
135 244
164 331
157 295
192 318
280 335
192 348
52 384
66 277
138 171
145 213
110 213
145 273
328 348
210 286
34 147
152 366
213 285
210 298
183 237
111 399
50 336
71 189
97 254
127 314
95 224
118 235
32 135
13 24
79 225
2 82
78 181
145 285
67 349
74 215
15 349
78 191
195 269
71 372
120 341
299 311
68 260
235 312
185 273
153 210
229 371
58 329
275 390
109 129
2 159
76 88
101 128
19 201
127 356
216 343
17 126
80 253
312 353
47 165
15 245
18 40
1 143
145 207
24 154
152 167
113 150
4 300
34 250
85 183
103 318
178 374
343 389
150 378
104 348
136 321
247 399
54 125
265 399
86 244
1 262
55 214
313 341
161 341
47 119
303 305
118 138
147 282
6 161
116 154
46 287
70 310
72 172
76 176
240 305
124 399
269 320
13 199
188 265
223 284
126 310
6 341
162 232
59 288
9 196
91 98
315 326
250 269
175 272
182 331
289 349
188 192
176 294
23 42
286 379
126 198
7 171
154 241
124 137
146 226
160 238
130 152
49 69
49 77
11 55
129 305
64 340
53 192
56 91
28 288
160 191
127 278
275 301
88 374
148 334
11 380
214 339
15 128
105 259
13 333
6 48
98 289
149 238
199 241
227 236
74 275
89 379
29 314
33 179
185 380
216 313
5 37
68 141
85 237
181 262
237 257
91 338
5 352
94 262
222 377
260 378
186 191
138 312
70 196
241 293
81 112
232 268
50 125
53 342
63 193
56 359
87 147
10 383
25 51
68 232
56 289
177 269
297 350
18 353
67 120
294 320
230 324
20 110
291 336
72 352
342 399
227 375
158 252
33 144
251 393
81 357
26 51
273 380
4 33
167 170
79 154
2 119
114 242
67 128
93 192
208 257
107 393
259 367
0 309
195 282
99 361
174 211
100 116
105 248
8 299
19 257
40 264
109 122
80 360
151 244
272 338
5 67
108 218
318 348
105 367
33 331
3 158
274 393
24 281
24 116
208 229
68 212
157 305
266 327
187 310
31 388
172 212
210 254
112 203
125 173
248 255
36 99
95 279
123 397
30 258
64 366
20 123
307 382
190 300
226 395
45 102
64 90
63 386
40 246
143 378
2 59
190 205
74 115
138 353
236 277
108 344
125 302
12 106
135 151
108 372
122 200
254 321
21 82
170 392
196 310
89 142
85 201
77 152
73 132
108 272
218 323
57 343
29 356
8 170
26 300
166 329
229 379
126 187
21 296
171 353
124 239
189 359
30 173
152 319
249 311
139 395
38 43
177 282
36 225
124 184
257 334
366 370
49 249
108 158
361 362
5 120
3 323
283 288
113 268
56 128
372 384
73 180
20 397
344 359
303 310
80 139
49 325
190 253
178 294
160 211
62 351
281 333
158 175
0 294
233 271
84 398
329 339
51 131
44 106
45 263
21 288
55 212
284 340
358 371
149 191
166 391
152 299
32 334
201 266
284 301
223 365
29 35
141 166
317 326
94 106
81 229
238 348
86 233
206 321
115 284
170 370
302 336
68 72
14 244
137 188
231 329
201 334
34 149
89 210
183 334
205 371
144 331
182 346
90 119
131 358
159 296
66 236
364 372
39 394
39 285
303 355
164 248
276 368
68 172
195 250
36 41
2 296
98 234
104 106
20 99
80 148
58 339
134 382
14 278
20 362
116 267
226 259
63 327
25 205
118 264
80 371
196 210
287 305
220 269
18 264
285 391
86 393
222 279
285 380
334 388
6 162
126 321
104 149
43 50
26 233
82 296
164 230
359 372
186 204
183 290
5 128
65 332
171 235
230 248
49 276
117 210
244 274
28 365
136 383
314 356
24 199
198 355
83 92
113 186
339 376
121 397
258 317
82 288
91 344
176 320
74 133
236 369
88 118
100 302
92 390
34 104
209 266
16 171
99 100
191 204
50 315
165 180
206 284
73 398
278 297
15 37
22 87
58 109
37 364
88 176
63 85
100 293
134 339
94 143
24 267
263 345
251 337
180 351
250 367
82 132
215 301
277 386
84 335
234 364
224 264
270 272
117 312
274 322
143 181
113 174
305 363
76 224
1 232
17 355
162 354
32 237
140 283
143 232
133 365
200 295
86 107
44 217
34 282
163 373
194 339
297 356
28 296
224 279
35 127
60 347
364 396
29 278
277 369
71 98
66 227
97 117
115 206
187 303
180 335
271 360
166 273
45 345
37 128
162 313
48 161
122 307
29 332
178 373
278 356
56 189
91 108
289 344
137 265
72 155
40 60
85
76
111
50
60
101
189
126
138
74
120
151
76
66
66
132
135
76
70
42
99
68
105
170
46
136
105
59
92
204
111
108
71
28
71
79
86
221
34
104
160
28
179
95
43
115
55
104
78
152
163
55
58
88
222
175
126
102
50
68
101
123
106
239
69
184
42
85
165
60
150
156
131
53
109
163
139
93
68
127
67
45
57
35
61
29
119
92
224
81
175
172
63
45
32
74
99
158
184
143
184
67
154
140
80
111
174
18
119
178
15
58
88
241
46
108
113
158
74
45
88
81
71
93
152
82
217
112
89
77
112
108
102
110
88
164
209
82
40
67
54
83
41
124
37
48
107
116
182
72
102
165
152
50
204
105
82
126
107
139
139
96
143
168
84
50
82
47
7
142
17
130
105
116
169
158
66
44
101
162
82
166
37
54
165
98
123
68
103
151
49
103
71
82
85
234
73
66
88
116
118
103
138
224
42
141
182
77
198
93
72
22
159
88
73
113
199
126
124
66
68
141
132
175
120
32
140
70
163
100
148
171
78
47
23
44
84
88
59
74
102
100
80
126
108
105
39
132
82
207
162
73
59
77
95
90
82
136
81
163
70
83
102
108
37
100
75
101
51
48
87
43
125
149
82
72
38
156
26
122
86
93
109
73
157
100
45
39
153
121
26
147
155
88
94
148
37
177
73
161
146
81
192
137
45
77
145
46
119
120
90
183
103
112
61
54
109
104
149
101
166
65
64
101
34
172
143
102
72
52
76
65
68
72
130
214
75
114
38
101
43
127
90
81
119
22
111
142
30
119
108
164
63
69
85
95
79
104
158
175
157
156
164
139
79
72
138
66
113
107
107
174
151
192
64
93
25
74
137
31
70
68
113
134
68
122
105
25
184
120
121
122
102
44
71
102
83
33
119
79
135
53
62
128
48
132
130
43
164
174
101
184
31
94
97
33
78
112
84
33
177
52
105
45
175
95
62
93
63
164
48
89
79
91
112
141
67
106
52
155
120
119
26
165
50
60
118
102
103
100
135
74
136
89
93
80
41
88
73
91
30
110
189
107
93
34
131
55
158
81
223
25
56
68
18
94
38
117
31
75
113
69
88
42
125
70
130
163
189
100
131
102
91
88
201
175
17
35
61
51
170
95
148
46
165
92
52
111
83
109
131
89
87
69
66
119
69
89
94
64
55
71
88
116
111
69
101
179
122
85
206
136
197
56
92
79
196
24
130
64
143
152
83
63
11
122
27
105
80
99
126
138
101
138
126
175
90
46
58
103
54
101
62
76
64
131
123
167
67
71
81
137
57
174
129
81
146
80
185
75
111
16
62
101
67
71
189
158
72
156
139
78
21
56
7
79
84
144
62
67
70
133
64
110
58
125
166
163
90
121
92
157
136
125
50
92
89
117
149
89
77
208
107
55
78
98
29
50
72
49
103
187
86
109
48
13
89
85
77
204
191
112
36
105
148
136
38
47
95
40
92
92
59
89
200
53
92
218
120
36
56
46
65
226
43
21
205
54
34
33
145
178
158
129
58
108
148
183
20
110
64
156
185
173
56
49
205
154
84
60
71
144
54
216
140
89
184
127
113
83
86
189
113
59
126
27
72
223
135
63
141
65
37
14
107
197
123
51
119
212
143
64
140
94
162
129
168
168
46
151
86
17
63
14
65
89
44
95
57
68
30
139
133
218
30
49
150
106
67
111
64
69
65
85
71
204
167
50
95
67
103
128
142
38
47
188
102
123
109
96
176
74
101
166
129
64
63
159
121
12
112
26
113
158
165
75
58
21
153
155
53
110
108
51
92
78
149
60
50
146
108
37
86
82
34
72
129
97
25
196
83
240
38
110
75
50
58
161
132
9
52
72
103
24
82
82
34
118
72
53
60
101
75
179
29
93
97
41
67
44
186
88
7
117
47
105
66
152
78
64
152
86
82
110
69
100
324
192
125
69
87
106
53
54
124
88
120
33
63
104
132
78
104
147
59
74
29
32
137
53
152
110
140
63
60
68
33
91
60
147
116
92
83
138
112
157
64
99
86
58
68
43
95
113
61
87
147
87
148
60
85
60
70
149
73
140
142
165
80
150
91
150
90
206
239
86
113
33
120
108
46
78
17
74
53
159
124
60
112
114
67
169
54
122
101
53
189
50
200
53
194
76
107
91
46
108
179
9
96
82
60
150
267
25
180
80
90
84
124
152
26
119
39
92
119
136
57
78
136
71
85
76
59
163
54
48
174
24
97
8
126
130
66
82
76
92
25
102
122
18
90
108
50
75
98
145
132
132
170
43
108
64
81
93
129
117
125
148
163
235
72
102
20
126
108
84
73
66
67
198
132
106
64
76
67
120
76
45
101
112
182
84
114
109
17
118
158
46
73
10
41
38
134
152
31
119
90
144
158
38
133
146
33
55
201
57
177
84
77
130
119
82
161
89
150
76
79
29
108
205
152
74
86
140
68
104
108
123
180
143
45
149
111
136
56
54
189
76
40
30
48
90
122
98
79
94
145
149
62
97
86
143
51
66
64
128
187
150
71
84
70
125
19
131
148
122
166
165
67
69
167
127
37
150
154
108
164
78
183
151
163
34
52
103
124
109
113
83
71
158
75
125
123
140
94
130
95
74
150
40
22
96
77
34
101
64
35
63
103
60
60
128
174
74
81
150
63
121
44
72
76
218
38
176
85
245
33
157
234
83
193
98
132
205
8
98
115
185
98
49
21
87
84
110
61
67
197
27
106
131
136
161
167
63
145
61
72
65
213
158
162
140
130
114
169
146
104
98
74
20
132
210
94
78
161
152
53
86
92
77
140
104
94
55
69
43
117
72
101
109
60
52
159
69
185
145
54
102
162
107
87
66
88
52
126
162
166
88
103
44
211
88
80
67
115
93
166
72
79
111
60
105
142
53
84
109
119
109
98
41
106
81
113
120
82
142
17
181
115
40
65
60
40
96
197
132
70
82
131
184
40
168
130
112
81
31
165
46
104
82
144
104
38
30
65
81
75
93
132
77
60
100
36
96
82
9
213
101
51
131
173
116
74
120
179
149
122
53
135
93
57
99
201
135
65
65
94
161
89
111
108
77
26
119
106
206
93
154
80
116
63
48
86
89
59
64
168
76
85
55
125
225
129
80
200
118
106
89
143
47
64
187
50
58
136
54
129
48
127
125
145
51
105
133
136
84
84
121
108
198
49
140
136
125
66
153
81
123
186
80
76
61
79
76
79
95
53
151
94
86
55
48
113
79
82
30
49
85
22
101
124
75
142
70
72
107
165
123
29
17
79
40
108
113
110
167
55
77
73
80
235
181
58
84
156
144
69
121
100
68
178
100
54
91
34
87
29
184
199
81
91
59
92
132
122
114
79
95
59
95
103
109
146
226
29
99
137
131
161
66
66
221
79
183
153
100
125
231
115
35
110
94
123
31
151
150
135
73
106
85
90
113
68
45
66
87
213
27
51
189
97
63
16
103
70
33
130
62
54
89
159
140
66
101
136
232
107
141
25
131
55
123
15
27
42
179
126
163
114
62
45
29
64
41
205
167
239
125
8
139
59
162
38
44
129
104
203
77
34
102
58
72
151
87
50
152
148
85
81
95
95
21
117
81
89
180
69
164
157
46
149
115
111
142
169
132
82
124
208
139
113
203
65
180
149
73
148
100
129
152
137
49
71
159
140
147
154
160
201
93
78
37
161
108
83
209
72
49
87
70
76
94
99
125
39
44
163
93
60
187
94
117
78
185
134
132
18
111
113
81
116
175
69
150
107
108
153
51
65
168
117
202
142
62
66
168
165
230
22
139
61
139
51
87
27
47
153
120
124
63
53
106
120
101
206
216
84
151
229
257
15
155
60
81
28
162
50
47
59
144
67
153
28
113
32
87
75
68
61
77
85
31
191
57
212
212
19
103
102
60
125
141
35
72
140
83
76
249
58
146
82
17
102
157
28
47
109
70
99
181
65
130
84
159
167
174
64
106
157
207
160
61
98
75
122
160
88
116
94
86
12
118
25
61
173
127
152
155
187
38
40
151
70
172
98
199
25
121
60
183
174
135
188
30
63
148
79
54
111
43
196
54
95
27
68
123
75
135
141
91
24
42
100
118
157
77
97
192
81
150
142
50
79
121
57
136
23
120
24
45
167
59
165
95
70
125
78
61
57
185
73
29
99
133
31
111
143
141
67
74
130
50
35
26
105
104
214
88
83
63
162
133
139
83
121
86
145
38
66
179
52
77
57
208
72
203
100
172
40
79
124
154
61
173
92
65
84
109
98
117
190
171
91
201
57
75
124
133
78
80
88
167
71
115
89
71
55
59
43
47
58
73
156
127
45
116
33
118
102
99
125
55
101
93
138
131
175
132
65
82
68
70
76
130
80
69
62
100
77
84
61
134
45
50
143
199
108
83
39
83
123
49
64
116
27
100
126
103
43
26
30
21
185
171
130
65
63
36
49
56
71
142
65
32
26
69
183
45
165
77
102
98
152
132
89
169
170
248
101
120
88
107
57
105
83
