423 183
387 352
176 60
611 192
44 686
119 1
350 202
639 408
392 264
514 26
264 511
789 533
421 237
458 428
591 187
647 649
354 487
703 520
319 754
608 126
759 549
237 292
423 106
212 777
383 136
562 772
676 129
46 765
70 769
299 194
135 336
28 257
497 48
737 574
268 67
569 787
117 367
1 229
282 398
158 576
138 288
76 419
228 458
200 661
664 286
101 133
313 244
168 799
29 661
553 167
510 660
674 528
362 146
280 700
96 329
396 799
356 101
432 524
363 504
594 288
338 519
392 69
177 528
781 281
624 129
200 291
480 396
410 352
655 98
677 421
141 162
595 554
447 594
664 608
396 556
141 545
312 200
324 115
585 7
654 741
478 328
449 114
782 238
22 642
443 405
283 486
393 7
350 644
12 218
203 358
115 499
433 498
366 743
105 261
575 758
714 91
515 280
201 210
715 753
127 711
8 16
238 187
463 15
10 200
337 493
174 226
281 150
66 248
491 515
694 284
630 318
737 301
440 112
789 401
54 743
434 324
736 390
705 774
123 393
282 21
530 361
650 118
373 469
434 403
432 577
109 123
43 662
535 741
554 725
153 155
540 85
598 356
529 529
265 0
123 458
714 504
302 680
471 426
758 251
18 457
707 566
772 676
442 421
432 276
184 425
104 18
63 114
442 330
680 142
312 69
100 40
85 727
474 645
274 455
36 415
577 232
248 236
42 281
364 666
768 480
151 616
747 646
127 633
203 49
48 24
706 193
631 331
433 611
318 2
207 388
664 339
184 557
186 122
346 652
260 114
189 668
592 369
142 475
64 696
42 100
397 242
229 648
384 186
793 741
618 426
204 634
275 129
355 8
253 534
142 771
636 31
173 746
717 677
118 712
209 800
401 427
748 677
497 690
669 67
621 375
511 232
481 33
572 677
621 538
743 4
754 217
133 120
505 31
39 276
542 22
534 27
111 301
770 662
785 786
97 125
729 746
307 253
446 246
553 249
644 711
50 784
620 114
709 125
83 120
422 116
297 380
452 717
304 211
310 538
669 586
712 288
224 23
400 452
553 294
295 779
599 372
488 200
201 191
341 387
673 165
569 365
204 186
357 467
681 122
472 300
45 798
69 176
563 713
418 258
344 479
86 333
524 375
93 794
319 202
1 485
288 260
64 722
316 279
558 792
1 618
136 714
727 259
213 400
794 672
8 750
305 288
247 187
711 650
58 87
92 56
433 225
711 578
510 760
244 149
639 140
594 455
434 128
235 109
157 435
184 195
278 346
312 423
407 140
616 461
183 365
226 185
719 618
143 374
467 50
616 497
180 358
247 335
552 435
79 588
392 771
627 644
749 596
88 214
178 46
561 177
160 525
425 131
480 656
180 543
758 492
378 349
373 389
504 177
44 181
173 612
261 30
142 713
367 283
486 741
441 297
529 607
350 96
53 563
666 534
739 99
705 428
582 149
149 459
279 782
126 348
550 23
417 500
240 738
28 422
384 21
773 380
10 468
114 493
722 145
225 782
192 726
305 520
430 341
295 208
103 397
190 799
490 168
127 11
654 177
646 190
25 595
85 760
182 306
449 586
11 39
250 712
672 338
145 510
442 454
149 369
474 82
773 389
27 22
636 480
347 20
104 291
800 434
80 738
371 629
162 597
673 749
574 702
42 407
287 624
786 200
374 480
549 214
19 416
656 257
35 695
700 10
667 245
6 533
324 214
709 792
98 188
255 357
284 630
719 280
648 590
52 18
135 751
636 423
311 281
521 630
387 201
540 594
531 588
205 524
553 180
298 1
345 561
434 59
104 534
220 465
30 287
237 279
102 209
103 297
50 366
278 339
333 343
69 387
134 322
57 353
6 76
66 251
146 179
80 115
335 350
124 326
49 155
230 261
68 198
147 337
33 51
245 252
9 207
283 292
133 168
57 58
99 311
185 368
30 211
227 255
58 370
87 158
46 265
229 271
134 352
62 332
50 127
162 293
44 110
99 362
125 246
21 265
141 161
30 54
12 248
7 283
149 359
48 114
2 150
205 383
302 389
60 85
317 398
154 367
130 201
58 242
189 193
7 69
52 282
315 391
81 341
131 351
74 363
95 375
34 395
170 351
210 288
126 178
269 342
145 164
207 210
250 360
129 380
127 313
21 156
14 19
37 246
164 342
125 214
98 365
195 232
48 178
104 242
19 49
56 224
236 371
165 343
225 280
189 340
47 386
242 370
169 290
199 240
101 266
172 277
8 115
328 372
80 120
160 185
305 312
161 212
43 335
58 232
22 224
201 397
79 366
214 246
268 357
114 362
26 343
66 120
165 376
33 161
156 266
14 155
171 393
141 196
91 124
160 175
79 98
252 346
38 225
92 226
144 290
13 195
4 259
169 262
90 317
94 127
49 299
106 174
77 149
106 186
16 336
68 375
139 154
30 290
67 84
152 392
143 180
62 393
271 296
55 226
53 323
3 344
129 279
87 173
54 211
146 223
232 370
89 169
151 178
79 94
16 326
358 387
42 169
260 335
159 304
141 267
115 248
22 24
104 249
65 291
151 256
62 364
115 305
69 283
224 397
4 83
141 286
96 233
336 396
373 383
64 274
204 375
152 389
143 312
165 239
9 130
198 243
69 199
76 253
244 248
170 230
247 258
22 61
239 344
188 303
328 367
355 397
20 296
254 367
49 307
25 247
231 395
166 176
50 202
171 185
3 371
287 290
16 122
107 297
106 285
64 68
78 190
85 249
34 277
44 351
221 243
233 240
89 284
152 226
300 303
128 272
120 240
217 248
278 354
222 239
81 282
119 231
28 114
191 260
12 143
268 349
116 356
60 336
220 256
261 376
15 229
215 365
154 372
85 104
268 385
89 354
37 157
74 167
20 286
57 326
229 286
60 396
135 358
154 254
147 244
128 313
29 46
211 250
124 363
16 60
262 381
120 176
3 49
202 219
65 89
121 239
96 218
66 353
199 351
83 178
153 399
327 350
31 157
176 235
24 390
96 371
144 262
248 314
184 199
64 343
260 311
82 383
131 199
300 393
156 237
241 279
299 394
86 359
128 366
225 291
146 308
197 313
11 304
112 276
207 209
28 256
23 189
0 24
10 393
6 180
36 250
273 285
195 353
114 245
68 148
0 301
322 332
273 277
373 376
206 214
202 366
110 170
98 219
118 322
98 183
40 65
191 335
37 88
34 231
3 14
123 137
320 361
75 364
47 191
176 184
26 148
178 362
232 353
115 143
27 114
31 308
191 327
35 258
99 386
329 359
118 324
389 392
59 131
311 335
75 171
118 278
229 384
169 287
276 397
182 390
89 290
196 267
4 126
256 362
59 233
86 329
101 106
116 330
0 12
26 222
180 312
54 360
225 281
155 394
67 147
303 364
339 354
151 311
3 394
7 358
114 252
112 282
98 192
91 326
293 317
61 86
42 262
84 123
14 343
206 268
326 370
7 320
26 319
27 28
26 121
65 105
111 383
10 336
142 232
153 225
276 282
107 157
82 261
230 376
232 306
121 198
61 149
148 243
235 275
44 111
248 390
256 346
7 199
302 313
22 301
85 153
39 171
35 128
13 123
319 333
221 321
226 313
226 294
197 226
26 68
49 341
194 327
48 259
174 273
250 339
356 361
324 354
267 296
341 394
50 389
118 134
190 204
199 235
55 294
110 240
124 152
106 277
144 177
37 208
184 358
17 304
28 245
189 194
201 325
17 229
26 221
24 282
191 194
135 271
76 106
29 273
150 357
78 207
207 355
84 232
0 236
342 385
365 379
32 355
84 353
168 359
146 268
14 371
1 67
23 191
0 276
146 214
58 326
54 250
114 374
144 169
34 77
117 213
226 272
284 354
29 338
205 369
165 333
180 270
36 284
50 392
94 247
0 224
3 343
84 195
262 284
24 56
283 289
271 286
99 193
70 125
262 399
52 390
328 331
44 383
200 341
238 281
62 75
216 378
11 159
132 392
101 241
203 358
82 205
143 244
20 140
311 386
111 230
119 187
261 383
196 215
163 298
245 264
217 314
256 374
303 393
70 129
197 389
31 208
135 318
225 238
131 387
99 191
79 219
197 272
22 316
344 376
254 372
87 382
165 205
284 287
60 122
96 314
125 206
299 341
149 186
290 354
140 384
47 334
42 399
219 365
140 267
24 61
77 174
182 270
101 237
227 253
39 162
126 256
128 202
36 354
141 192
15 295
60 74
195 238
137 195
216 253
45 214
62 188
135 320
168 329
148 165
90 177
144 354
266 273
123 147
330 361
64 321
143 248
229 318
8 248
8 390
130 325
123 353
257 378
50 302
194 340
193 386
15 192
220 264
35 127
6 29
332 352
40 360
35 272
121 343
93 211
119 359
280 388
100 268
26 333
0 307
51 271
136 173
8 180
138 205
164 268
161 263
164 357
211 347
122 242
29 106
56 282
37 103
197 202
110 351
181 368
22 112
324 360
167 363
8 312
93 297
110 235
33 271
280 381
109 376
211 324
312 388
45 70
62 352
144 322
15 219
203 283
71 203
363 396
239 343
133 163
280 291
223 268
258 272
219 295
126 374
162 364
318 384
93 107
171 352
217 244
1 115
304 361
265 312
62 177
13 142
65 347
66 80
254 328
339 367
9 32
71 392
53 181
152 315
102 329
151 386
134 177
165 344
127 258
6 46
249 370
125 129
305 306
282 316
160 181
57 108
139 332
23 340
270 390
338 378
231 298
320 387
6 378
150 268
29 216
33 73
7 170
118 354
200 307
53 382
228 396
57 91
155 233
144 287
113 356
118 290
32 102
140 296
282 301
266 285
88 103
32 207
92 294
75 177
4 48
38 280
75 398
40 54
371 394
5 150
295 366
218 394
56 316
284 291
139 331
38 281
102 355
79 365
349 385
78 209
24 301
193 311
79 215
203 318
171 364
124 167
284 347
30 284
179 349
47 340
172 273
22 276
36 339
118 328
209 325
237 273
202 389
13 66
7 184
151 374
120 235
229 296
13 137
181 382
195 242
290 291
253 338
203 384
269 357
12 390
38 381
59 110
14 321
41 367
103 308
137 232
4 374
97 237
27 178
200 233
147 305
69 320
217 236
113 361
175 181
346 386
30 354
33 140
54 93
89 347
136 382
57 124
200 371
177 300
228 336
42 85
3 64
59 166
21 347
160 171
171 303
46 257
58 122
43 364
41 331
257 388
260 362
139 367
200 217
17 318
255 338
248 312
30 360
108 326
152 391
5 342
9 102
33 296
11 135
128 197
83 126
41 139
59 218
141 215
6 253
117 215
156 255
225 381
234 323
5 298
289 358
24 112
50 197
25 35
201 210
265 388
9 201
206 223
15 286
234 327
262 278
87 396
194 323
230 351
115 337
95 204
177 332
308 380
328 339
139 254
294 313
87 363
118 154
217 270
75 293
362 386
140 318
300 322
81 355
149 316
244 314
220 362
202 295
111 351
54 287
68 221
129 214
227 257
31 297
7 235
326 353
256 264
17 358
106 338
82 369
90 322
46 227
98 215
55 234
121 221
142 353
2 163
242 281
271 318
58 396
28 151
300 332
196 296
177 278
32 210
50 247
112 355
41 154
83 259
235 387
287 354
15 384
71 132
118 284
51 358
89 287
9 325
149 395
41 339
15 73
33 286
190 375
44 261
263 267
320 356
30 40
41 134
188 393
241 285
186 277
169 284
82 111
63 261
334 340
200 236
183 263
146 246
78 210
66 123
25 202
197 247
30 339
170 199
201 209
160 364
293 345
123 306
196 286
317 345
76 255
19 274
254 377
57 74
17 159
52 56
189 346
110 373
232 242
362 374
130 355
111 261
117 379
97 279
25 128
183 196
141 263
175 260
180 390
3 321
99 260
163 277
139 328
52 224
89 262
100 179
58 336
46 312
73 286
224 355
15 267
149 168
68 121
164 349
214 223
10 188
10 60
209 210
72 74
23 234
259 345
218 299
23 47
127 202
99 151
73 384
24 182
125 146
45 268
44 376
1 147
16 228
72 302
64 148
124 348
247 272
18 53
97 241
163 231
72 152
163 172
16 104
283 387
89 381
139 372
22 56
125 380
131 184
125 223
102 288
19 68
47 194
81 112
121 222
111 356
67 306
80 244
286 296
104 122
14 394
274 343
122 353
22 397
310 395
63 138
73 203
86 187
109 383
20 271
161 296
309 364
127 272
51 203
183 215
149 187
27 346
8 314
11 20
197 302
48 83
9 210
210 325
323 327
161 192
240 251
18 234
88 308
125 179
37 308
73 267
140 229
9 209
131 176
136 327
70 380
315 392
243 333
79 379
73 318
216 255
130 209
274 344
129 241
239 333
327 340
48 256
158 363
1 337
41 372
24 224
17 51
17 271
43 350
199 387
331 372
203 229
68 95
53 136
102 201
138 369
43 160
246 297
51 289
21 381
60 242
19 299
70 206
64 221
206 269
334 350
6 227
4 256
222 319
183 379
63 82
117 219
17 20
176 240
131 166
0 390
98 117
288 355
234 334
299 371
12 182
192 365
50 391
7 131
149 310
286 384
3 155
303 352
74 326
100 357
142 195
121 274
151 260
36 211
88 297
212 296
88 246
45 246
31 37
173 396
378 390
71 391
69 184
89 291
27 362
144 278
344 373
101 156
52 316
26 239
6 338
127 366
114 256
159 356
21 291
36 54
29 227
247 313
122 326
73 271
44 59
14 49
6 390
88 157
236 341
5 269
63 330
259 317
275 283
83 374
351 383
70 237
169 381
75 309
61 397
107 380
58 74
226 302
35 247
345 377
208 250
223 269
18 92
171 188
61 187
138 383
66 84
46 255
51 384
109 111
35 94
41 287
169 291
98 379
158 368
190 221
183 212
36 287
179 268
56 77
245 346
73 140
352 393
3 299
18 55
58 104
134 339
185 364
248 270
109 373
73 229
136 181
119 149
34 133
133 149
46 76
284 324
85 228
255 265
34 310
282 390
214 380
2 206
44 170
224 301
146 206
45 125
155 299
31 107
302 315
94 365
272 313
216 388
99 256
129 206
26 243
131 235
235 251
304 320
178 193
130 210
160 162
335 340
175 311
12 217
104 281
51 318
227 338
249 281
189 191
34 119
237 285
168 310
33 304
34 163
120 233
32 209
112 288
51 140
91 232
141 212
30 347
201 288
31 103
148 333
5 164
32 397
288 397
141 183
168 187
216 227
151 193
211 360
109 138
38 238
100 164
108 348
94 272
121 243
17 140
151 362
238 305
250 324
92 136
132 203
271 384
162 309
22 355
346 362
320 330
166 240
54 354
25 127
91 122
200 218
48 126
71 229
129 237
196 263
236 307
145 342
376 383
50 226
202 315
80 96
108 132
87 136
132 315
104 336
154 339
203 289
118 339
9 355
64 344
19 321
205 261
173 368
324 339
267 271
63 111
224 282
176 251
81 224
53 350
145 357
68 190
268 269
189 252
131 170
182 282
85 399
80 314
189 386
322 352
16 242
83 345
216 338
67 314
74 91
367 372
241 266
237 241
152 302
319 375
45 223
238 306
123 142
153 336
159 320
192 215
105 241
128 258
90 300
143 147
343 376
86 397
20 159
50 315
46 338
10 228
163 310
112 301
72 348
224 276
18 327
113 116
38 262
295 384
158 173
237 266
49 371
116 170
114 220
39 75
173 382
287 339
24 52
25 366
44 230
260 386
17 33
278 332
5 145
181 185
93 157
58 249
157 360
53 173
21 89
28 264
91 370
154 331
16 370
109 261
73 295
125 268
152 348
45 179
102 207
9 288
266 338
27 151
315 389
19 26
269 385
192 286
144 284
98 213
219 247
80 147
75 352
190 198
100 385
172 241
173 363
109 170
53 234
87 368
8 12
110 166
220 252
1 306
115 147
357 385
261 369
43 175
184 235
220 245
83 317
27 252
50 152
160 309
1 123
61 224
275 358
2 277
0 182
36 41
85 336
97 156
123 337
97 129
95 333
29 186
155 200
4 345
49 321
22 282
184 275
329 397
1 305
247 366
216 265
109 110
59 373
278 322
175 364
327 335
174 186
0 282
38 291
106 273
165 369
157 208
297 308
109 230
95 243
215 379
120 292
62 300
187 395
74 396
46 388
161 286
299 307
30 324
135 304
101 279
58 60
32 130
91 353
330 356
61 359
253 378
104 370
359 395
143 270
32 325
77 186
94 258
72 167
116 361
122 232
228 249
34 186
181 309
77 316
175 335
29 76
172 174
76 378
187 329
53 327
42 153
151 346
186 273
74 124
30 250
194 335
48 374
120 251
167 348
23 350
175 309
107 360
50 128
68 243
213 379
52 301
234 294
37 107
331 377
85 281
145 150
277 310
156 338
66 142
190 325
4 114
94 128
158 167
113 159
199 275
134 278
68 222
283 358
76 216
75 303
119 133
42 144
324 347
232 249
8 217
81 397
63 369
127 128
177 352
77 106
111 330
235 240
254 331
114 178
150 385
86 102
29 266
164 269
363 382
148 239
71 289
106 266
167 302
246 380
183 213
316 359
71 384
307 394
70 279
229 267
241 273
115 314
317 377
39 300
34 174
138 261
63 230
3 274
84 137
291 381
207 325
39 62
249 336
8 270
243 274
166 199
192 196
29 253
26 274
255 257
56 61
25 313
27 245
13 353
21 65
143 314
25 258
174 277
223 246
67 123
393 399
97 101
36 324
107 208
194 334
111 138
144 399
339 372
58 228
70 297
207 288
391 392
307 371
100 349
92 158
20 33
221 274
28 252
19 64
179 214
189 311
40 250
120 131
218 371
327 334
116 320
334 335
40 93
335 386
60 370
27 264
39 364
62 171
232 326
69 358
81 301
185 382
102 397
134 332
68 274
43 185
222 243
267 286
97 266
192 263
40 347
80 337
110 131
41 328
45 380
198 375
188 336
192 267
18 294
90 332
242 336
12 314
44 373
331 367
180 217
39 303
27 256
38 153
2 172
29 378
67 142
278 287
137 353
185 309
71 318
97 285
244 337
220 346
212 286
227 266
55 92
28 220
145 298
132 391
290 347
229 295
34 168
179 357
19 221
136 350
127 197
165 261
20 304
61 316
230 383
25 272
216 257
161 196
28 346
51 229
42 393
117 183
84 337
119 395
298 342
274 321
7 275
202 247
12 270
193 256
300 398
302 348
14 344
45 146
88 208
46 253
175 185
222 333
63 205
257 312
96 244
323 350
171 309
137 142
289 387
164 385
18 136
105 285
31 88
289 318
113 320
79 117
7 166
51 135
113 330
352 398
135 140
197 366
243 319
130 207
95 319
148 274
201 355
227 388
135 159
193 346
152 197
81 288
159 361
180 248
114 346
178 374
140 286
239 243
153 281
30 36
28 362
172 298
252 362
46 378
184 283
63 383
148 222
45 129
150 269
103 107
116 351
24 316
172 206
10 85
92 234
33 229
10 42
44 166
14 299
133 310
24 276
0 270
378 388
40 324
104 153
13 84
105 237
39 398
332 398
314 337
136 368
208 360
176 387
57 348
99 189
318 358
75 90
23 323
145 385
186 266
47 189
180 182
18 350
86 168
225 306
150 298
177 322
4 178
323 334
72 315
43 181
191 193
162 185
112 397
218 233
307 341
275 387
107 308
145 269
16 58
57 72
156 227
32 201
131 240
60 228
193 260
13 232
20 135
19 121
23 194
26 64
227 378
284 381
26 95
59 155
275 289
1 238
52 182
118 287
6 182
123 232
108 353
119 310
109 351
305 337
129 172
70 241
87 167
184 289
39 309
214 268
67 115
262 290
75 393
0 217
133 395
126 151
24 77
72 389
179 269
276 301
47 252
126 259
191 386
287 324
39 352
16 249
97 105
321 394
137 251
146 380
101 273
75 332
34 149
14 274
219 366
110 176
10 153
26 198
57 167
136 158
112 224
72 124
141 213
67 305
150 342
246 308
184 387
166 235
10 399
127 247
179 223
101 285
166 351
102 210
349 357
49 394
276 355
60 104
96 200
94 202
290 324
95 198
169 354
212 267
201 207
104 396
40 211
27 220
39 185
117 365
143 337
66 137
251 292
89 144
231 310
91 108
119 168
156 285
7 176
236 270
255 388
2 298
4 151
204 319
43 309
171 300
90 352
104 228
242 249
161 271
297 380
155 218
33 135
94 366
2 231
76 338
275 292
107 211
176 199
114 151
44 109
188 228
74 348
61 112
6 52
161 267
101 338
95 222
125 269
60 249
184 292
230 373
5 385
95 148
147 314
138 230
99 175
70 214
139 377
81 276
187 359
213 215
15 202
8 143
150 164
46 216
299 321
62 90
80 143
64 239
36 290
84 142
154 328
90 134
48 345
93 360
148 343
70 172
143 217
259 293
75 300
234 350
25 94
126 345
196 212
152 167
85 188
0 180
76 227
293 398
11 33
18 323
36 118
118 367
110 199
164 179
41 118
53 368
23 334
212 263
343 344
114 264
122 195
389 391
39 160
23 335
191 340
257 265
266 279
162 175
7 387
279 285
21 280
265 280
300 352
189 260
69 116
178 256
191 311
17 135
191 334
93 208
54 324
103 246
78 325
64 121
61 329
122 370
23 327
259 377
303 309
198 204
52 77
140 271
11 296
200 394
16 232
32 288
12 180
255 378
195 306
67 337
149 174
166 170
146 269
368 382
121 148
21 255
9 78
22 81
90 398
31 93
168 395
240 292
62 303
193 362
45 206
264 374
64 243
29 101
157 250
128 247
88 107
192 219
133 231
75 160
122 249
115 244
82 138
239 274
105 279
170 235
123 195
80 251
181 350
148 344
155 371
195 370
30 118
192 212
2 342
56 149
284 290
95
18
153
232
98
79
146
104
55
116
97
137
25
78
133
110
197
43
74
35
115
60
29
116
71
101
30
133
55
137
31
78
99
108
130
91
109
115
53
127
72
91
78
117
24
158
71
186
185
114
101
125
66
25
155
90
124
55
73
27
88
141
202
226
120
13
195
114
64
130
56
113
109
96
114
127
168
102
34
107
51
123
42
94
70
178
106
58
89
122
60
52
139
16
135
197
20
82
88
169
39
185
101
14
101
166
114
208
33
132
98
189
97
70
128
108
46
167
120
71
44
40
223
189
167
169
33
140
121
37
104
58
59
159
132
75
87
155
153
91
49
63
266
243
87
96
17
77
49
79
34
62
165
72
118
212
156
21
198
104
150
27
85
43
131
73
179
74
117
121
61
86
85
41
82
121
138
46
146
85
73
19
151
96
90
80
58
141
63
134
126
109
130
176
231
152
141
137
178
57
26
85
130
95
60
121
93
63
79
128
37
185
39
132
78
74
141
60
81
118
93
141
83
104
61
70
68
86
119
131
18
72
122
128
97
115
172
44
70
94
95
176
71
172
74
78
152
48
75
167
147
237
156
83
89
124
179
98
70
71
59
16
163
87
64
69
117
77
13
226
49
90
180
37
10
134
50
99
76
147
122
50
102
90
166
168
112
153
115
43
101
85
89
139
58
86
18
83
74
72
134
83
143
139
84
41
158
55
75
95
116
97
93
16
131
68
55
53
107
70
19
69
61
56
94
126
105
127
129
30
88
191
27
44
50
70
26
45
43
86
46
62
47
73
86
105
69
45
159
142
89
123
73
113
108
130
33
96
138
114
17
125
224
134
176
94
37
68
139
42
61
151
148
84
76
114
158
135
60
133
30
247
174
133
93
61
193
51
67
74
102
82
104
126
68
93
126
76
110
121
115
81
145
63
51
176
113
46
160
179
38
82
230
239
92
195
63
94
132
43
102
139
131
151
53
151
144
107
176
106
236
108
81
161
216
70
57
57
78
71
101
67
61
150
93
110
17
119
87
120
114
113
73
27
76
120
59
122
91
103
169
114
110
75
116
69
82
12
104
157
174
118
68
181
126
115
49
62
90
45
109
47
116
88
109
48
78
42
87
62
126
125
47
48
29
175
65
122
74
89
78
90
189
199
127
184
84
125
98
64
209
61
126
168
41
88
157
25
71
112
102
108
63
102
26
168
77
107
41
156
60
202
73
148
150
19
126
114
96
59
39
135
86
214
136
52
54
54
80
131
187
89
97
43
43
79
101
61
77
102
47
101
126
152
117
86
91
175
74
227
82
61
26
97
72
69
44
89
37
129
92
52
82
130
170
50
127
96
87
140
87
32
25
133
139
115
147
109
86
177
120
90
184
66
98
83
115
158
121
64
103
123
62
65
163
118
200
161
83
17
65
189
145
113
76
107
202
95
110
100
45
173
110
130
56
69
82
88
224
86
104
86
104
86
131
156
82
69
135
87
219
89
133
103
55
59
107
74
33
139
120
74
28
50
29
56
39
155
54
108
72
160
101
73
176
116
15
105
17
76
141
37
56
118
64
51
222
77
78
102
59
134
193
31
118
44
71
236
24
134
87
64
73
137
123
218
30
137
89
182
56
93
206
150
122
74
43
50
44
186
17
53
126
160
182
85
171
71
103
149
99
34
108
137
96
79
102
102
27
70
144
91
146
91
30
79
64
113
167
15
170
57
76
86
94
121
159
171
186
23
95
28
205
172
73
166
136
89
71
42
90
132
24
182
46
69
77
18
113
16
81
62
203
103
181
230
156
79
20
145
61
152
148
75
190
57
129
53
183
93
87
195
49
119
60
153
164
177
105
111
176
191
209
136
72
187
83
132
74
154
38
42
181
37
65
65
118
92
116
98
82
169
82
57
210
52
89
87
153
23
117
117
182
97
125
54
106
68
79
68
105
196
210
96
122
183
140
59
66
58
78
115
88
45
143
149
92
55
236
85
130
108
101
37
73
146
143
124
69
98
95
88
108
67
97
136
89
129
176
129
38
40
66
145
56
164
110
148
12
74
50
156
67
104
106
142
115
184
181
156
37
114
43
70
78
19
167
218
49
124
94
133
66
59
64
72
118
90
70
103
95
85
44
71
74
68
73
78
111
45
128
146
108
167
150
204
54
78
133
108
18
156
197
143
71
111
69
115
110
123
106
124
85
192
88
31
98
123
57
67
72
130
113
72
65
53
88
26
22
28
120
94
93
74
128
148
187
157
85
37
29
195
60
46
80
112
200
54
110
78
125
129
202
77
38
112
61
45
61
126
126
88
104
74
108
41
45
93
143
63
150
72
55
205
114
27
116
155
127
112
79
115
128
216
98
28
93
83
58
35
93
60
160
88
165
180
187
93
81
109
162
45
45
53
92
156
109
171
185
154
41
162
145
199
79
87
74
55
166
75
75
39
83
155
53
257
112
97
43
138
84
153
195
52
40
164
40
146
148
195
31
162
144
198
90
214
44
164
102
82
190
103
182
72
121
194
120
83
76
44
145
87
75
175
145
110
95
92
106
74
33
35
137
64
66
72
94
35
137
143
48
68
25
179
138
135
87
46
106
139
33
80
182
160
101
156
25
76
29
119
58
203
208
76
35
77
87
12
38
120
152
124
119
71
149
72
69
171
12
24
190
42
122
55
84
137
147
126
95
133
146
170
40
80
43
156
113
215
88
97
173
81
77
66
22
212
151
87
237
78
43
129
35
144
125
225
110
162
145
122
42
176
72
121
109
167
65
24
130
126
128
41
57
73
109
177
112
91
178
101
52
111
98
52
70
167
95
128
172
93
155
53
46
157
53
84
189
158
79
123
106
117
120
80
25
91
58
129
64
135
107
62
112
18
20
225
32
56
25
165
83
203
76
176
64
119
198
162
166
125
45
75
81
36
24
39
105
114
144
119
57
107
85
229
119
44
68
89
33
107
104
88
145
107
24
46
197
71
162
136
207
145
139
95
49
60
97
97
73
157
70
83
54
101
43
79
97
151
93
154
198
85
69
60
112
185
90
122
205
88
108
33
70
57
20
65
94
17
109
21
124
92
84
36
119
154
120
152
52
190
70
121
88
74
104
140
162
195
39
44
58
166
23
34
65
145
134
61
114
130
25
58
193
84
202
12
67
41
125
65
229
26
137
83
48
58
170
31
82
108
42
171
133
11
73
17
69
61
117
106
59
50
63
144
66
183
66
161
69
138
24
210
31
69
100
130
81
104
125
128
119
101
15
30
219
161
75
139
96
144
84
278
113
89
172
36
184
56
105
142
82
65
202
85
207
47
80
74
117
91
32
120
144
118
168
57
121
71
99
150
161
46
47
104
99
113
94
156
105
33
95
138
90
48
129
93
71
78
90
197
106
32
126
146
120
39
139
142
87
23
64
107
166
154
80
73
75
63
91
75
111
221
56
85
80
50
41
57
93
105
177
94
54
91
37
128
142
207
170
150
71
24
117
49
197
59
86
89
36
172
137
87
104
69
88
139
148
129
69
63
46
39
68
148
111
77
187
133
105
132
35
72
81
88
162
105
73
105
65
87
96
130
67
111
16
130
72
31
103
104
111
139
74
82
42
187
69
62
108
187
101
137
74
190
75
96
26
126
74
121
165
107
95
34
170
79
172
58
89
20
54
72
89
35
77
152
120
127
45
162
129
79
111
37
140
143
113
66
47
82
54
103
61
203
127
76
217
57
69
207
13
132
79
45
99
131
124
164
66
51
74
166
93
182
92
39
73
61
203
95
105
118
154
82
31
82
30
132
61
80
63
75
227
139
84
56
73
93
168
21
103
216
90
81
46
219
109
184
167
44
78
53
54
193
106
184
62
91
158
126
132
121
108
105
109
161
135
83
87
52
85
107
163
110
135
166
157
47
28
87
141
93
189
137
133
64
51
68
84
50
21
196
145
39
83
63
29
143
179
81
58
58
29
129
76
144
72
149
71
79
42
111
152
29
126
156
135
95
119
170
40
87
56
126
181
141
48
218
145
237
95
9
137
77
39
48
184
38
64
109
191
158
49
93
76
171
77
83
78
98
260
94
23
27
228
34
96
62
18
95
98
91
55
24
123
145
28
27
103
26
53
222
109
147
155
103
40
115
46
37
133
63
194
70
176
201
84
90
120
164
89
65
90
24
86
120
153
50
83
111
36
163
47
36
188
141
171
52
93
158
37
67
88
92
107
74
61
92
89
86
106
50
182
132
137
149
44
157
123
157
91
58
35
125
166
55
117
14
41
190
126
148
130
25
18
93
109
65
124
80
41
174
36
142
40
142
78
109
171
101
16
114
143
104
78
178
146
107
56
147
21
49
21
77
68
91
53
117
122
23
101
137
24
123
107
163
61
136
182
33
114
28
98
109
54
132
90
60
94
16
56
105
90
120
68
30
79
101
168
77
57
141
78
63
139
73
155
9
105
177
203
70
38
97
35
149
18
106
79
92
134
100
101
42
171
145
136
177
60
53
43
42
55
160
104
141
164
67
61
173
60
102
162
126
23
