405 565
642 109
489 497
379 278
644 667
360 180
766 415
12 271
776 125
217 793
2 97
338 617
748 273
479 278
159 196
708 592
176 622
235 500
221 2
433 507
567 650
74 547
50 255
357 453
477 188
19 86
439 413
671 208
196 469
375 89
600 530
541 570
288 643
373 499
541 7
779 609
285 589
736 57
778 314
124 66
777 25
762 588
538 434
550 204
537 217
760 612
219 138
24 198
252 197
762 439
219 273
461 730
28 55
329 473
421 764
427 197
499 354
557 134
498 669
404 339
563 114
468 516
632 65
566 594
553 671
52 291
493 521
770 513
253 341
122 570
111 794
689 624
323 572
577 402
392 215
596 210
233 22
107 434
233 309
436 460
528 708
346 154
173 782
175 295
555 258
48 321
192 448
312 736
347 771
143 82
723 352
75 538
354 184
179 705
48 405
74 421
734 41
39 638
563 530
746 560
131 787
69 145
497 443
183 376
736 797
642 718
419 244
455 606
269 415
739 102
250 246
180 184
572 508
550 535
23 397
665 566
166 489
231 216
248 281
688 4
499 65
480 785
523 608
313 388
10 355
224 531
684 287
693 672
623 142
419 411
478 701
726 414
538 726
452 722
217 56
360 55
465 281
271 398
410 200
276 287
332 726
525 236
198 17
710 670
95 274
568 793
405 428
437 193
115 533
524 358
97 201
166 742
331 515
691 762
699 58
58 22
22 214
332 735
370 471
211 330
564 728
681 661
232 771
205 431
758 106
397 494
32 604
579 519
367 19
46 11
64 110
629 724
61 229
288 619
414 466
73 731
209 56
28 718
595 793
133 781
689 333
111 700
0 729
630 572
214 139
411 329
50 717
312 282
35 362
160 579
125 614
591 759
611 642
356 117
535 33
724 308
361 159
215 27
433 527
609 123
74 106
763 660
73 331
209 221
287 268
363 510
413 32
525 68
432 641
65 332
332 251
674 551
411 40
344 207
306 648
745 124
616 412
606 153
414 127
607 343
209 564
372 712
269 63
576 263
324 553
237 667
90 6
246 435
233 282
464 65
705 520
763 407
105 662
372 230
177 279
496 234
399 709
265 741
371 510
336 319
598 467
430 95
316 763
600 592
601 3
292 675
274 648
427 547
90 301
646 702
78 65
160 458
4 24
41 604
703 668
518 318
272 555
739 495
386 287
198 588
777 511
713 167
98 563
501 457
688 383
312 680
190 551
665 399
106 493
442 144
645 133
100 299
124 785
204 176
283 285
245 770
473 226
402 540
404 333
792 382
538 137
555 163
275 568
441 263
426 584
491 764
664 166
644 647
701 426
74 449
311 767
590 3
9 97
791 608
426 797
493 97
683 519
141 147
286 683
98 351
34 669
197 433
519 667
668 357
35 52
1 5
531 68
519 178
735 204
314 508
672 63
408 755
365 403
511 744
327 10
204 394
660 130
440 662
512 638
13 745
74 176
580 454
193 714
448 52
680 164
799 26
412 67
671 655
234 268
672 14
235 416
595 12
185 111
102 249
725 109
709 641
14 303
170 315
567 279
734 629
97 41
704 633
488 601
727 182
325 22
308 369
310 791
471 308
42 18
697 768
727 667
474 488
696 448
507 27
509 121
468 465
59 630
297 383
205 384
786 447
418 606
596 372
73 75
292 703
295 133
590 787
64 169
65 360
723 540
114 616
241 10
683 562
252 570
158 87
699 128
594 728
163 397
667 633
736 120
501 578
569 25
744 45
147 444
667 692
355 61
215 302
490 615
238 752
604 465
593 176
312 670
462 739
18 477
481 266
792 693
627 508
45 160
511 625
408 624
374 110
4 327
4 171
250 304
172 320
42 263
189 266
192 377
30 31
120 241
23 158
50 78
79 355
68 118
125 220
285 294
252 305
43 389
270 286
60 128
60 306
321 361
344 384
0 277
19 198
66 379
184 332
96 329
58 397
24 55
3 106
61 66
76 222
142 176
17 266
239 258
151 275
185 283
148 262
107 360
173 372
24 141
96 310
162 387
0 247
214 245
46 111
85 114
73 388
287 327
295 323
291 331
4 127
177 182
148 190
261 316
95 299
13 255
105 383
320 396
358 376
225 246
257 288
35 339
192 249
151 162
124 336
89 340
12 90
99 257
44 223
237 242
73 149
11 32
152 256
65 271
257 368
300 369
304 305
161 341
251 382
78 228
87 245
75 217
110 385
190 356
292 304
316 324
87 363
316 334
265 363
42 388
329 331
193 196
31 122
206 229
18 370
34 380
65 172
159 234
54 391
99 260
261 324
19 277
203 328
23 53
254 339
31 167
57 199
284 398
50 203
217 389
128 389
360 398
45 293
32 265
85 248
114 209
160 178
44 389
133 236
121 391
275 387
101 396
26 312
21 253
38 279
3 187
16 369
36 173
107 318
15 230
229 241
17 220
127 350
81 364
155 226
58 318
112 113
23 205
142 222
135 384
206 326
6 352
224 238
215 374
11 214
190 259
11 72
79 146
175 300
97 300
52 170
154 374
336 367
170 366
177 356
5 233
202 271
220 259
136 347
31 63
138 269
212 323
245 298
36 256
50 110
54 121
236 317
175 181
22 336
69 190
141 223
225 245
271 337
140 363
121 285
20 397
32 214
8 378
302 342
127 341
162 322
196 218
167 395
33 238
42 240
151 272
92 213
70 175
301 382
106 258
177 186
50 337
86 103
119 381
29 81
314 344
216 388
125 372
177 319
94 367
106 276
29 206
228 274
133 313
169 250
128 270
143 161
47 320
138 276
189 220
140 242
136 235
97 186
32 363
86 376
13 136
254 335
199 280
3 258
316 374
76 344
248 367
189 262
280 295
23 33
196 364
212 384
74 258
210 274
1 286
46 176
217 280
82 151
9 275
41 99
111 150
170 292
249 349
169 226
157 221
8 343
10 200
35 201
118 159
115 243
163 358
15 341
42 355
98 388
46 184
54 221
20 192
12 180
198 355
14 333
270 324
36 282
72 205
261 334
135 314
78 337
310 374
195 264
123 345
199 316
55 147
146 174
180 219
90 180
62 244
139 328
2 263
49 231
21 356
202 299
138 213
209 271
194 331
10 25
259 372
231 279
97 253
4 383
99 211
49 288
27 343
5 92
208 398
52 348
108 163
45 335
149 361
134 332
15 99
229 306
109 378
200 304
196 233
47 101
96 164
50 228
262 356
324 334
164 215
39 332
52 292
30 167
279 359
15 339
95 392
27 126
179 272
15 41
171 349
101 150
156 172
97 182
170 362
106 138
89 332
71 127
330 358
240 395
160 313
16 93
32 298
92 193
1 62
131 303
5 213
128 281
6 288
140 221
245 246
33 165
114 392
25 155
125 259
257 296
88 311
33 205
379 397
73 361
119 329
93 181
132 160
184 373
49 352
116 163
121 294
145 160
230 260
245 390
153 383
7 85
50 234
167 240
365 375
96 325
49 257
137 163
226 340
4 249
127 383
350 394
147 218
61 79
39 373
148 369
9 162
249 287
218 326
170 200
291 380
77 382
201 350
191 249
20 80
70 272
152 309
58 302
190 232
262 268
209 367
62 291
5 399
239 345
162 237
228 234
314 384
204 328
115 368
21 262
204 210
45 201
62 331
7 156
280 281
208 284
112 321
144 248
34 244
62 329
130 391
11 36
207 380
215 334
193 326
39 340
80 313
77 376
141 393
44 276
187 210
233 258
17 116
214 298
143 201
57 217
176 222
41 293
208 342
134 370
254 341
214 390
22 156
3 185
110 187
241 269
25 362
31 112
52 362
254 383
9 387
21 69
166 300
21 148
157 363
188 299
127 327
68 274
215 343
347 393
229 295
92 233
234 337
78 118
160 365
18 222
108 301
65 248
324 343
124 202
58 130
23 146
74 147
43 75
44 235
48 203
388 395
0 398
22 172
261 374
89 362
285 391
318 397
43 235
94 114
139 385
150 320
104 105
163 227
77 268
325 381
181 300
176 373
124 209
158 174
44 84
335 339
31 98
216 361
252 348
247 277
19 33
107 342
97 369
68 358
88 157
200 366
286 343
168 206
167 388
10 170
128 217
107 379
8 164
7 172
63 98
55 233
118 204
356 369
121 133
337 385
187 345
127 161
85 336
198 277
71 350
173 246
89 297
303 361
43 84
15 115
195 303
106 393
68 228
211 395
31 66
24 44
188 336
120 306
244 331
87 265
14 297
171 249
3 74
105 249
99 230
286 374
302 386
69 91
89 142
130 133
212 326
25 200
60 295
214 265
209 299
203 273
264 267
101 362
131 352
62 154
29 241
204 274
156 396
109 381
110 273
255 338
28 251
343 374
167 183
67 359
130 132
168 314
24 147
24 138
326 384
209 336
261 286
25 250
248 299
254 350
60 207
222 314
66 263
52 250
5 74
168 344
134 176
8 215
94 209
33 152
70 181
122 302
181 322
276 283
12 126
21 268
340 373
271 333
165 174
162 290
90 267
135 212
165 238
18 134
36 214
109 154
250 362
192 327
79 102
59 347
27 261
113 167
25 252
58 317
128 199
289 392
123 312
11 390
103 358
77 289
64 160
29 326
34 229
52 155
29 193
194 244
17 372
57 307
271 299
15 211
281 354
135 206
115 395
37 96
64 397
39 250
137 227
206 384
255 393
79 174
107 398
125 256
91 392
190 262
139 187
74 92
294 311
81 213
163 330
51 294
62 310
64 122
60 354
313 391
31 342
82 93
173 282
138 147
238 277
20 243
266 372
231 352
155 305
58 342
64 375
273 332
57 281
51 121
386 397
87 221
286 316
110 139
253 262
4 377
51 54
199 217
83 337
64 80
97 232
48 328
178 365
200 340
216 240
161 383
71 335
108 227
213 233
143 254
242 290
140 390
71 115
97 166
171 375
131 267
214 246
270 389
89 373
106 233
203 228
67 230
257 352
118 187
91 253
10 304
86 251
108 345
57 354
154 310
186 232
120 207
73 267
1 217
61 263
0 360
321 395
215 324
147 235
311 391
212 241
18 76
208 386
40 96
96 119
194 380
15 335
50 139
351 355
122 379
35 45
55 138
289 382
51 311
32 225
80 285
317 360
137 315
59 185
31 397
83 228
47 150
5 196
74 210
51 58
27 286
34 207
139 210
101 366
10 292
63 243
53 165
183 371
171 178
144 202
164 378
298 390
261 308
22 271
68 139
173 245
116 266
68 357
132 365
151 179
150 172
116 125
224 309
71 254
76 197
115 377
135 168
122 397
26 174
1 324
371 377
8 109
151 387
186 300
339 350
22 333
301 376
342 397
137 330
111 332
274 328
54 285
318 342
145 191
183 243
108 330
240 321
322 387
65 333
4 192
118 385
237 298
51 130
115 230
251 301
258 283
36 246
114 289
3 210
93 225
315 330
100 175
65 202
13 141
302 397
30 98
192 243
300 319
159 315
72 256
187 204
301 330
95 289
50 118
155 304
119 154
334 378
125 189
127 335
107 247
207 295
7 65
261 378
141 338
245 363
83 234
171 191
129 146
26 355
200 250
299 367
263 355
14 273
93 151
57 280
13 393
318 386
183 377
353 380
84 141
62 380
60 281
211 296
180 267
2 79
89 176
48 273
287 383
18 197
259 266
43 44
228 328
209 248
191 365
123 239
200 362
48 111
281 389
94 188
136 185
141 307
15 71
91 148
277 284
2 355
327 383
151 175
217 316
199 286
30 240
226 362
189 259
11 246
34 291
207 306
84 235
202 367
25 52
251 289
1 199
35 99
82 322
9 237
72 173
74 138
194 207
155 362
177 181
217 286
6 131
135 344
257 359
283 347
254 377
132 285
35 41
265 298
63 113
6 231
57 60
80 375
267 361
196 399
112 167
34 306
216 219
71 287
139 204
30 388
127 254
76 370
241 295
73 240
232 356
223 338
29 135
139 239
101 297
327 377
150 366
215 261
26 129
187 213
21 369
40 381
0 238
80 302
103 159
60 217
109 164
166 253
20 63
65 336
231 288
9 322
136 393
159 385
134 222
120 295
42 102
206 241
220 256
241 323
83 385
268 289
85 367
32 246
24 307
91 268
14 150
207 229
194 306
146 312
120 229
304 348
3 213
143 327
162 275
179 181
15 371
185 278
199 270
256 309
61 247
244 329
168 326
76 142
38 195
39 362
216 321
186 319
128 324
37 334
264 288
270 310
80 391
193 399
175 179
109 261
173 225
144 333
184 273
69 369
130 302
282 309
26 56
183 211
238 309
264 303
127 377
102 263
95 367
97 177
107 122
283 393
74 196
275 290
229 323
87 88
181 232
254 327
37 215
40 325
157 265
29 344
312 357
88 140
171 383
276 393
104 394
141 235
155 340
72 224
32 390
2 351
81 196
275 322
246 265
290 346
290 387
63 183
150 156
169 362
72 309
180 303
294 391
23 129
131 231
221 311
251 268
148 266
11 265
48 184
194 291
74 106
200 292
116 251
9 179
276 307
304 362
51 285
127 153
57 389
5 81
77 251
28 86
91 262
237 275
165 277
90 303
111 203
125 266
89 134
53 158
55 74
92 364
28 266
9 100
244 380
43 141
130 313
175 272
242 346
219 303
191 375
75 281
151 322
68 159
278 347
117 203
61 351
78 385
111 297
176 332
149 255
79 158
19 165
167 321
94 299
15 35
143 350
135 193
306 380
31 243
218 269
335 377
78 110
35 394
56 255
170 304
66 351
207 280
68 385
120 353
189 369
173 298
164 374
37 378
137 358
249 327
61 277
249 375
98 395
37 109
206 212
183 395
108 123
38 90
20 64
11 224
170 320
232 300
231 264
161 287
22 150
99 296
317 386
1 310
160 171
211 230
265 390
280 354
280 307
43 281
286 324
173 256
349 383
296 371
100 272
155 169
99 371
13 235
9 151
63 318
37 119
64 132
13 56
85 202
226 348
3 278
174 355
132 375
178 375
15 368
51 391
87 157
156 366
104 153
210 233
15 377
222 370
219 361
41 339
201 339
144 172
152 224
6 257
220 372
103 301
70 151
221 236
11 173
99 368
19 351
13 106
292 362
9 82
181 272
18 176
52 169
340 348
73 216
28 163
38 180
150 297
73 219
110 117
23 174
154 334
166 369
257 260
87 390
101 170
132 313
66 355
21 166
64 192
6 49
105 153
81 193
30 113
123 357
288 303
28 382
341 377
85 124
30 395
86 227
109 334
323 353
142 197
140 298
107 386
82 162
268 382
222 344
152 165
246 298
68 345
42 149
5 193
30 183
155 252
304 340
39 226
32 36
147 233
379 386
4 161
68 123
76 176
226 304
152 205
67 257
86 301
225 363
143 335
105 191
1 270
168 384
71 161
110 228
270 316
43 307
235 307
134 142
22 248
36 72
31 386
19 66
242 363
55 269
226 250
163 315
3 239
44 141
73 321
212 229
115 211
297 332
102 351
116 301
70 100
198 351
19 61
244 291
282 372
138 233
164 381
312 345
143 339
26 102
64 318
318 379
46 332
62 270
30 243
267 288
86 382
56 149
126 180
37 310
256 282
222 364
176 197
134 197
7 47
139 228
46 273
72 152
132 302
292 396
169 305
306 354
155 250
214 363
240 388
132 191
33 158
323 326
131 264
181 319
33 309
314 370
52 304
48 364
55 218
258 278
330 357
181 186
236 311
58 132
237 387
94 124
71 327
175 182
7 336
295 306
87 140
297 366
144 271
86 330
335 341
51 313
131 288
147 276
334 381
151 181
287 377
194 295
146 165
25 170
58 80
295 353
332 373
142 370
188 202
157 346
229 354
109 215
174 205
37 154
78 274
29 218
80 130
22 47
50 328
47 366
41 45
135 399
107 208
115 296
61 198
65 367
269 354
28 116
170 250
15 45
260 368
174 198
34 353
296 395
267 352
161 254
47 156
154 381
169 252
46 364
87 346
24 276
51 133
1 316
134 373
174 351
142 373
82 272
54 133
122 318
60 199
90 126
66 198
345 357
107 284
239 274
98 240
24 235
117 328
67 260
42 73
71 377
111 117
342 386
335 350
120 354
262 369
96 381
108 315
69 259
135 326
47 172
129 355
253 356
219 338
301 358
159 358
164 334
65 144
37 40
81 218
261 343
149 347
78 83
91 166
80 132
193 218
74 283
125 282
137 357
90 288
169 348
234 328
234 385
120 323
126 195
63 397
8 261
250 348
27 308
172 396
246 390
293 339
13 283
376 382
49 131
163 301
17 86
247 360
65 188
145 313
101 200
1 374
16 220
247 284
117 228
75 389
145 375
218 241
32 173
37 325
83 159
14 203
246 363
8 334
93 322
161 335
54 311
69 189
17 125
17 28
204 228
171 365
92 138
175 232
66 112
59 258
90 231
95 114
53 205
14 111
251 376
290 363
166 356
27 324
182 319
163 382
88 221
230 352
1 128
2 198
122 386
77 94
193 384
65 85
2 66
307 354
74 213
133 391
2 19
285 313
39 200
205 277
152 158
13 347
198 284
120 194
33 277
232 369
107 317
210 213
100 151
49 260
148 189
284 386
157 237
224 282
62 316
93 387
40 164
195 279
76 134
78 159
121 313
20 302
262 266
296 352
149 219
108 357
105 171
20 122
152 238
302 318
116 382
97 190
230 257
217 270
12 38
160 302
205 238
253 300
86 315
58 133
49 67
182 300
122 342
61 355
374 378
293 394
29 168
136 255
31 379
77 95
297 373
61 379
87 237
109 374
21 91
84 338
79 129
253 369
4 287
94 95
49 279
28 330
227 357
104 383
130 285
148 268
215 308
42 321
186 356
86 358
92 196
5 138
271 367
200 396
165 247
115 183
106 147
202 209
23 238
28 301
112 395
11 398
317 398
36 372
105 127
43 57
160 191
146 355
153 249
239 278
180 264
339 341
115 371
172 333
90 279
156 320
140 265
111 273
235 393
3 59
196 213
321 388
178 191
13 276
229 353
248 336
79 351
250 340
227 301
47 396
4 105
180 195
197 370
140 157
138 283
103 315
197 332
50 117
87 242
215 378
145 365
98 112
116 148
342 360
298 363
177 300
194 353
48 110
208 317
0 107
201 335
90 195
227 315
3 283
270 374
158 238
197 373
17 227
208 360
310 329
165 205
235 276
18 142
43 223
85 271
44 75
23 165
85 144
110 203
172 366
54 236
82 100
99 339
130 317
315 358
33 53
79 263
53 152
86 116
25 292
327 341
230 371
206 323
188 367
16 225
153 171
193 364
19 355
40 154
237 290
229 326
305 348
176 370
58 386
112 240
368 371
82 387
60 280
211 368
49 359
161 249
104 349
144 209
10 52
249 383
55 276
143 383
211 371
41 368
69 266
217 281
55 283
280 389
58 64
185 258
65 209
119 310
343 378
85 188
216 264
296 368
7 22
185 347
114 188
46 48
39 89
6 90
25 348
55 106
106 136
95 188
78 328
26 146
88 242
44 307
124 367
75 223
44 338
74 233
63 379
37 381
52 252
201 254
82 179
242 275
150 396
133 317
173 265
22 144
163 251
205 309
56 347
36 224
220 282
230 368
63 192
300 356
136 276
16 190
16 69
17 256
108 137
45 99
147 283
320 366
53 309
54 294
245 265
141 276
110 328
118 328
227 330
12 308
103 163
210 239
136 283
118 228
227 358
159 228
241 326
12 195
62 199
85 209
202 248
273 297
224 256
114 124
53 238
164 325
295 354
153 349
28 227
80 160
218 399
103 330
97 356
30 112
110 274
157 242
241 399
6 279
5 55
341 350
197 222
308 324
169 340
308 343
143 341
48 117
161 350
2 61
127 143
67 99
310 316
29 384
96 109
2 102
159 337
29 196
6 359
116 268
140 290
128 316
199 281
82 275
16 232
77 116
25 304
28 125
252 304
324 374
69 262
225 322
37 329
114 367
79 165
102 355
87 290
16 259
75 338
0 198
267 303
98 167
68 137
235 283
131 257
78 139
147 269
284 342
169 304
189 190
184 297
140 236
143 394
98 113
146 158
228 385
131 180
202 336
96 154
192 287
342 379
207 354
99 293
68 78
166 262
70 179
69 148
19 238
158 205
23 312
86 163
173 214
44 281
137 345
87 298
175 177
348 362
66 113
129 312
384 399
51 236
123 137
340 362
173 390
71 371
88 346
71 341
145 178
165 198
35 293
158 165
216 267
118 274
187 239
75 128
133 285
207 353
81 399
22 65
59 239
117 273
22 85
0 19
275 346
71 339
236 391
85 299
19 247
54 88
205 224
131 359
89 250
220 266
182 186
112 388
60 389
90 131
201 394
157 290
260 359
121 311
344 370
248 333
14 117
269 295
34 194
230 296
150 333
26 79
0 284
45 341
34 120
50 159
43 280
20 318
129 174
163 376
158 312
181 182
57 128
161 327
161 377
50 385
327 335
63 122
107 397
133 311
288 352
113 379
315 376
23 152
90 264
106 283
31 113
284 360
138 196
219 267
188 209
110 204
3 233
101 320
255 347
111 184
118 139
187 274
201 293
88 290
103 376
198 247
155 348
366 396
56 136
110 118
19 174
34 331
16 189
64 302
52 305
67 368
70 82
331 380
131 279
42 216
72 372
96 334
72 282
84 223
175 186
190 369
37 164
105 375
103 337
256 372
161 339
105 349
33 174
124 188
170 396
45 339
280 306
216 303
58 122
50 83
24 269
19 79
281 307
301 315
328 385
0 165
210 258
168 212
100 179
264 352
32 245
160 375
326 399
92 210
199 389
237 363
211 257
363 390
59 129
225 298
231 359
94 289
75 84
363 387
126 303
139 274
277 360
84 255
263 351
27 75
306 353
81 92
29 212
29 399
175 319
248 271
16 266
59 278
128 286
94 392
154 329
334 374
45
132
68
145
131
48
142
149
221
31
105
56
162
42
152
29
69
64
186
115
231
51
41
33
87
95
130
126
153
120
27
96
101
106
75
114
97
95
63
65
132
107
33
73
56
113
221
166
47
74
12
98
78
158
189
131
81
47
53
69
107
97
132
91
150
117
91
178
77
148
148
76
128
181
127
134
104
149
64
55
32
109
105
141
175
151
78
46
103
44
208
154
68
65
126
35
97
65
118
69
95
66
84
101
66
142
177
95
87
104
58
64
30
68
61
75
134
158
89
154
101
34
31
221
192
144
197
180
61
116
117
131
152
78
134
53
87
91
156
188
8
104
160
159
56
51
136
93
92
169
58
87
194
215
126
168
131
124
41
78
92
153
95
17
36
80
153
79
68
156
57
168
127
190
107
64
82
43
108
107
117
188
81
81
21
118
60
54
171
136
132
26
140
158
86
126
17
65
117
32
101
160
174
61
141
118
33
55
114
127
99
43
114
179
164
61
28
46
119
14
48
234
191
90
165
67
176
64
79
76
159
203
170
43
46
55
255
99
236
126
93
177
175
60
76
146
141
60
163
220
8
208
85
102
152
122
137
69
175
69
114
153
200
114
41
135
32
101
199
64
201
126
72
38
233
62
150
118
128
26
167
44
95
49
127
105
78
20
64
108
164
157
86
191
133
81
29
72
149
142
124
34
80
208
26
103
55
50
148
65
124
82
27
157
83
63
125
210
65
80
91
132
119
111
101
137
48
85
95
189
42
86
107
125
44
61
144
140
185
129
181
23
64
72
49
196
67
216
78
191
142
75
122
47
128
118
117
105
89
114
117
221
93
77
62
190
195
191
66
132
33
68
83
18
77
101
50
113
181
35
49
24
88
180
56
94
114
119
110
116
62
148
95
41
124
137
173
68
60
61
73
63
80
161
79
79
86
65
100
99
58
90
58
110
40
134
70
92
54
110
131
36
206
84
92
48
55
103
194
70
120
84
101
76
56
72
193
66
81
167
42
168
156
53
90
116
83
33
80
172
219
51
99
130
77
132
72
80
88
69
101
135
61
56
106
45
29
116
49
173
35
136
102
87
97
142
87
71
99
89
74
57
72
73
35
173
95
117
77
96
87
117
52
82
69
49
75
58
109
88
136
52
162
163
136
125
27
55
52
104
73
95
107
76
93
116
142
127
73
126
101
84
95
13
115
121
46
82
42
152
83
76
133
97
90
75
82
201
98
53
46
49
195
100
127
147
36
103
154
240
90
97
96
151
152
155
48
75
68
134
145
135
75
129
65
176
215
154
121
57
120
15
73
148
85
119
95
246
105
142
82
213
99
36
102
112
82
74
102
99
103
27
119
63
93
72
43
183
90
39
105
126
138
37
36
136
86
185
63
46
194
148
100
72
136
165
130
189
34
148
52
135
146
140
61
94
109
105
141
44
106
137
53
48
196
81
155
64
71
145
137
109
44
76
164
169
174
70
168
77
73
34
145
69
190
73
101
93
86
59
60
55
95
155
137
9
101
123
35
51
43
59
18
14
167
169
101
105
70
67
90
44
55
68
102
186
86
148
165
83
113
75
34
125
47
190
90
101
113
80
208
95
123
104
55
106
70
160
36
124
135
71
98
46
46
181
101
145
96
96
113
19
158
100
194
51
142
101
115
105
192
74
17
99
181
54
163
121
42
66
91
175
155
110
106
70
112
120
123
108
83
133
53
183
53
36
120
90
146
86
88
80
55
133
99
49
87
91
80
116
118
67
43
57
58
147
68
121
66
65
56
73
95
98
107
185
121
128
100
136
59
132
76
66
118
118
78
158
35
61
67
75
47
135
22
195
87
89
62
55
97
150
36
39
72
31
154
73
36
80
145
101
37
28
47
187
66
60
223
71
75
167
111
132
94
126
52
62
22
30
51
35
84
80
115
69
53
211
164
106
58
58
70
82
187
62
99
146
136
116
180
95
7
151
41
42
166
58
171
164
148
110
65
83
103
163
92
119
124
81
146
138
71
42
56
67
23
35
116
218
106
33
97
73
72
25
152
15
40
114
165
58
48
102
176
200
37
95
146
30
118
99
69
70
115
96
156
24
24
125
49
115
162
62
39
120
66
75
167
173
77
116
69
81
29
44
84
164
111
67
66
102
85
204
45
34
225
74
20
49
187
90
153
183
68
129
77
156
52
106
91
102
79
82
57
113
92
120
62
53
78
100
134
193
133
81
48
58
44
74
200
169
91
161
192
55
102
55
63
151
54
136
219
167
69
128
115
138
85
62
29
93
22
46
179
68
72
85
74
146
199
126
85
171
199
85
145
161
98
130
94
166
117
80
69
235
116
72
61
226
112
36
60
38
62
59
114
143
82
60
133
63
107
87
171
229
57
119
130
212
76
81
64
70
85
84
164
68
36
44
127
119
81
188
87
170
112
87
17
161
106
70
61
71
100
221
42
107
69
157
148
56
71
152
65
158
133
91
173
128
203
69
11
105
54
100
38
165
111
207
109
97
103
194
98
124
134
83
14
58
70
92
27
143
136
121
16
39
93
62
115
176
143
152
176
37
141
108
89
74
160
77
10
52
119
144
85
105
175
69
117
73
59
84
225
67
87
79
70
74
69
78
130
125
126
137
115
66
93
119
82
209
109
185
83
171
155
126
53
158
57
92
136
161
140
68
170
55
105
22
151
104
46
55
59
82
45
101
35
167
103
60
139
90
197
70
101
97
139
142
143
126
196
113
84
111
87
170
66
98
85
40
29
90
70
167
70
128
44
56
26
118
116
57
100
50
180
111
182
76
136
49
84
23
91
85
51
123
107
128
29
92
105
31
40
57
126
196
83
174
139
131
103
107
161
108
101
33
106
144
34
196
51
35
128
118
103
160
185
104
54
151
64
158
7
73
40
60
71
272
130
113
12
188
155
108
91
67
95
100
55
167
80
155
71
93
59
94
28
72
16
96
56
95
156
96
31
186
175
55
102
82
67
61
91
72
124
68
189
70
153
67
148
99
47
86
42
96
84
146
59
75
211
44
104
116
65
129
56
78
139
30
35
53
63
105
137
112
17
49
116
127
174
143
107
36
50
150
76
40
54
119
113
114
76
15
105
46
69
16
32
94
99
26
155
103
139
58
157
76
86
52
123
93
111
106
214
50
182
164
146
29
149
156
106
70
131
23
90
52
114
68
151
191
97
83
136
98
138
123
143
69
24
111
135
145
121
81
177
145
82
198
99
200
100
63
138
73
98
149
100
17
70
44
100
71
56
157
98
153
162
187
84
111
148
86
72
92
139
100
55
61
97
175
136
44
123
66
162
143
85
62
145
58
32
169
83
142
54
172
51
158
137
52
71
67
131
130
103
151
93
115
114
90
174
104
119
98
86
116
92
196
92
198
87
14
156
43
45
67
116
85
72
75
169
12
153
73
145
222
134
67
125
113
122
198
101
92
87
84
194
99
78
23
43
92
145
42
75
158
95
151
369
68
103
138
107
196
162
60
141
194
160
73
50
67
24
143
50
99
75
127
68
195
143
104
116
165
151
53
72
39
97
100
105
67
64
82
73
107
44
95
120
131
130
85
85
99
82
54
113
72
11
127
43
126
153
80
12
60
52
106
142
24
75
29
79
43
114
87
93
112
176
119
102
180
88
109
60
88
70
75
169
104
156
124
178
91
140
137
100
90
150
22
51
165
102
72
37
72
61
60
65
213
211
122
103
92
76
117
64
62
110
111
83
138
80
61
26
91
104
185
68
67
129
108
32
126
173
118
143
123
138
85
105
167
164
110
117
83
90
98
105
125
47
196
158
76
82
137
56
85
79
89
94
151
70
35
156
39
80
66
67
97
100
162
118
133
123
54
159
65
164
79
114
98
127
135
125
127
17
86
206
25
109
49
39
55
63
31
57
156
129
114
81
41
132
149
52
60
175
41
90
124
59
47
110
131
86
13
143
54
95
191
58
84
105
88
63
97
176
51
109
167
135
67
80
40
121
47
40
140
170
85
97
124
74
71
48
160
63
45
198
134
157
232
61
94
114
97
68
152
179
162
152
53
81
59
76
122
114
48
74
68
151
99
75
152
94
85
213
177
85
40
145
74
140
82
71
68
74
165
123
95
172
30
64
102
54
80
61
60
69
72
61
62
137
77
64
82
159
126
87
148
161
68
31
80
88
34
81
126
72
126
185
75
70
116
44
110
118
121
80
71
65
208
107
75
154
65
173
178
31
70
146
158
69
89
49
108
135
254
87
110
115
74
37
137
59
41
161
128
150
139
92
109
100
94
322
127
17
82
68
118
49
159
147
48
152
99
101
63
63
101
39
89
90
75
47
117
78
76
128
59
33
69
47
62
24
46
36
187
49
119
97
95
70
131
84
99
65
101
126
184
175
60
35
80
23
133
75
173
39
127
112
148
26
125
41
190
207
82
69
142
59
93
79
47
166
116
81
12
167
94
88
58
159
65
126
255
48
160
132
78
66
70
193
161
11
110
210
112
110
129
89
176
38
67
21
171
12
103
111
61
83
