621 623
674 539
483 619
421 730
196 769
570 598
20 497
630 510
56 551
484 282
135 475
520 556
669 693
745 239
137 387
419 537
218 504
541 697
286 782
758 266
519 147
599 328
677 489
230 582
15 78
219 336
152 736
144 669
266 791
232 297
774 351
771 577
739 170
21 254
593 654
342 784
40 235
275 294
88 103
505 746
338 96
248 696
720 458
652 693
609 462
157 135
397 492
89 678
425 322
382 158
664 445
689 299
4 178
51 646
436 754
510 309
468 186
235 527
102 75
661 268
774 642
176 526
557 487
92 787
687 119
367 523
569 525
488 340
373 99
745 296
354 394
53 706
183 508
777 760
670 305
288 388
738 441
744 425
31 204
134 784
708 495
602 514
239 205
127 460
175 535
513 362
769 523
504 210
141 584
645 715
479 374
604 729
20 798
672 715
579 291
786 455
112 224
329 766
272 21
471 441
100 180
101 364
716 687
160 652
408 518
20 591
308 390
272 749
590 223
723 545
352 740
303 148
404 584
47 572
462 616
51 774
5 740
494 485
109 83
583 67
354 424
500 374
531 612
13 676
432 373
445 223
583 772
576 367
538 144
427 67
570 17
344 219
564 382
367 592
591 772
624 75
684 170
511 93
342 134
384 250
190 620
505 360
660 79
562 91
39 87
155 450
84 185
768 27
242 291
570 649
776 23
596 544
78 81
771 374
745 641
697 106
714 610
404 41
570 720
50 432
226 326
420 712
658 370
563 441
405 131
657 8
571 352
223 518
562 262
112 154
8 729
414 84
157 465
8 540
304 634
625 710
638 136
243 499
116 59
636 59
773 230
12 769
665 16
123 19
85 231
67 728
459 135
754 787
57 652
194 716
436 582
670 422
508 392
473 346
738 457
230 113
422 748
86 621
411 124
594 661
232 649
74 106
213 344
566 276
275 152
184 542
233 569
449 381
59 308
701 739
763 665
329 708
339 495
443 498
371 187
414 133
300 646
447 306
737 285
602 219
92 590
783 42
172 255
348 746
216 356
615 542
426 660
638 99
447 596
751 383
215 551
747 226
510 507
43 518
216 527
10 485
687 404
214 416
502 593
110 30
765 398
109 325
12 197
620 306
281 262
544 13
461 287
775 456
647 577
199 171
553 288
691 734
773 304
712 484
219 295
284 32
485 681
53 365
751 399
415 440
64 463
399 516
310 754
314 21
424 84
435 535
423 742
164 757
413 774
463 243
744 556
408 655
313 603
10 378
2 658
272 230
769 325
91 441
221 789
638 51
80 493
445 447
138 44
27 643
536 380
37 160
785 505
539 494
568 785
182 132
365 547
762 684
355 648
329 408
135 792
201 5
697 608
26 497
128 583
438 546
22 330
286 219
626 257
580 137
66 541
437 21
594 14
257 309
277 184
560 39
713 653
755 797
775 35
758 274
442 243
271 454
427 285
69 501
611 243
621 512
144 248
481 579
303 243
208 530
269 781
799 34
186 484
615 530
277 627
454 610
763 108
223 265
183 798
583 210
724 672
732 262
236 775
436 432
105 778
161 794
451 294
630 294
629 70
47 101
322 494
278 91
139 300
561 499
601 736
782 737
436 480
465 589
430 329
618 484
33 40
624 324
269 359
610 61
580 512
256 197
180 616
477 251
759 211
129 493
49 717
470 608
387 591
702 705
775 522
624 601
518 286
626 202
220 31
676 280
515 636
78 688
178 314
746 446
275 470
402 737
340 770
689 597
351 288
800 596
382 477
375 39
91 794
739 530
350 361
1 735
157 196
59 323
798 238
560 657
319 82
228 678
711 417
450 750
516 165
330 775
62 287
170 185
155 227
111 345
211 216
110 380
32 231
377 396
41 336
41 328
10 260
80 86
63 386
67 284
168 219
37 244
178 183
125 139
94 243
17 91
324 399
203 243
181 185
222 254
119 303
200 328
87 128
105 197
63 79
287 358
121 141
32 136
190 321
69 335
91 175
159 317
144 201
119 130
53 375
47 185
217 361
144 285
209 251
19 313
63 185
175 199
203 219
153 229
0 381
47 103
232 287
171 305
285 343
139 214
162 355
153 396
114 329
225 369
152 178
59 341
72 84
37 148
144 354
53 197
59 318
45 195
323 326
216 328
67 121
225 248
53 71
93 175
99 213
165 357
43 348
89 134
113 173
112 299
211 399
42 236
84 205
126 348
229 377
78 96
71 115
131 275
368 387
53 105
17 199
60 334
40 198
6 235
155 179
95 247
37 356
99 337
104 213
61 205
55 85
180 231
129 305
46 290
15 366
304 317
188 283
46 65
4 26
266 379
48 352
100 285
129 164
133 190
32 155
42 396
114 256
314 340
52 343
157 171
81 358
64 176
58 343
77 377
260 297
80 387
313 362
93 251
234 323
132 166
119 309
28 97
31 60
162 236
82 204
170 389
204 301
46 213
237 315
324 336
136 231
116 364
319 358
186 398
11 232
61 72
302 341
47 53
65 133
148 307
5 374
265 299
154 367
1 387
152 354
208 391
322 382
96 390
182 306
66 327
15 104
247 377
5 151
154 381
159 280
190 365
224 356
60 154
107 336
64 136
81 319
27 47
310 381
43 89
43 91
1 319
7 81
1 109
329 365
29 376
86 270
62 163
153 252
33 242
16 177
69 218
303 333
134 348
69 313
120 259
142 357
224 237
302 333
257 277
213 384
90 193
48 316
309 357
50 80
183 295
267 339
102 310
38 178
231 392
149 374
25 376
140 395
244 307
3 196
2 321
23 328
176 179
45 169
123 389
340 352
2 365
55 370
212 315
177 323
4 336
71 364
55 168
108 168
70 124
58 152
202 307
120 293
55 67
281 350
200 216
195 249
253 387
171 385
90 207
0 199
369 381
97 223
148 275
338 339
332 339
187 349
82 249
57 167
14 257
20 143
161 256
160 356
78 242
29 307
15 213
4 324
33 146
11 351
118 152
36 285
73 209
246 269
310 334
96 184
28 324
101 277
236 258
20 186
77 95
180 313
307 356
185 364
69 231
23 360
213 299
74 355
68 394
37 322
68 138
102 209
170 364
257 273
272 366
49 198
127 132
129 171
122 238
240 396
158 288
50 396
128 137
122 374
96 146
49 68
38 343
43 199
122 365
21 355
126 134
136 371
170 274
12 43
252 335
77 396
166 284
101 273
78 146
294 332
141 192
23 323
254 346
355 373
138 198
55 203
163 287
160 307
166 250
114 351
76 80
213 337
59 373
270 286
198 214
161 268
56 398
157 198
314 361
59 371
196 397
347 358
51 74
302 373
335 362
12 89
130 357
233 235
157 385
39 126
77 240
2 190
184 390
55 121
333 398
115 170
108 302
92 389
168 333
299 351
255 295
8 280
272 292
351 365
84 230
60 102
319 327
51 373
41 200
179 342
122 321
212 290
71 116
282 295
217 269
127 141
82 244
9 67
8 297
235 260
246 361
105 304
206 323
9 269
156 210
98 263
86 109
154 383
115 364
217 352
213 350
182 221
147 182
256 393
20 87
51 335
72 172
118 201
7 22
208 257
203 341
72 145
93 334
185 338
76 240
259 281
123 283
187 209
306 342
294 386
141 193
118 289
22 191
182 342
112 114
214 215
265 321
17 256
271 329
151 225
164 214
86 368
115 389
64 330
198 264
37 301
137 398
5 34
213 261
94 203
62 358
91 158
187 311
233 260
267 332
146 184
7 358
140 206
155 221
13 231
42 95
74 302
210 367
254 376
77 253
18 223
129 385
48 124
75 388
25 148
70 293
343 354
139 382
195 204
12 209
87 314
147 150
37 160
28 262
8 113
16 323
67 217
161 271
92 170
0 34
33 208
121 192
128 186
298 360
95 194
82 322
117 232
80 377
233 317
106 293
279 342
102 154
52 78
185 389
17 374
29 222
0 393
75 293
44 358
238 329
156 334
17 34
100 390
317 363
26 189
90 192
195 372
109 387
275 359
22 42
41 174
89 175
49 264
31 86
299 321
76 377
134 175
120 388
310 367
61 363
66 319
43 367
252 276
153 276
218 252
67 340
40 111
26 267
227 342
40 263
76 396
142 342
58 144
38 100
40 138
90 124
156 381
232 347
105 113
121 207
243 355
54 110
161 196
302 355
118 282
131 139
182 279
385 394
66 225
71 274
338 386
47 71
57 177
208 241
79 294
37 275
291 349
246 340
29 148
56 125
16 72
141 166
127 166
1 225
138 164
113 317
260 280
243 373
4 189
13 32
36 184
11 347
244 254
155 312
7 353
173 297
184 242
89 367
38 152
10 145
85 90
15 350
5 149
116 170
313 392
208 273
318 371
16 378
281 337
223 380
94 370
110 399
95 377
218 373
33 391
109 296
26 294
2 256
38 282
126 158
31 368
130 306
158 175
197 298
143 342
76 77
248 296
148 254
194 286
47 197
12 310
139 269
231 313
8 173
19 69
205 234
307 331
31 270
190 366
228 365
100 201
316 361
174 211
165 279
138 214
243 341
6 280
114 122
150 221
106 378
21 250
18 336
76 194
50 253
82 275
88 220
278 332
324 380
103 189
346 391
2 329
54 266
14 101
25 160
309 342
110 268
204 359
251 311
1 327
151 353
13 252
46 384
63 294
43 251
142 176
198 215
36 100
166 355
110 196
82 390
261 265
144 178
11 122
57 230
24 152
232 358
184 208
2 238
216 272
61 326
36 96
235 304
167 234
189 395
111 195
106 388
179 182
289 390
223 399
10 317
17 158
320 346
203 302
68 171
172 363
380 399
101 208
295 372
96 100
336 339
173 317
225 358
99 281
22 109
187 291
87 125
138 345
292 366
18 278
58 183
210 291
331 359
356 388
3 266
152 201
197 220
92 116
282 372
346 376
64 227
261 299
98 394
20 56
76 253
62 117
306 357
173 304
241 320
11 66
35 380
41 107
16 61
44 81
335 373
104 261
72 323
112 133
176 342
158 393
211 262
133 290
2 374
228 366
72 326
176 227
151 319
67 352
144 343
146 390
238 321
4 79
177 315
43 209
111 138
71 375
35 324
179 227
29 331
288 348
115 185
18 399
28 336
68 164
19 231
177 230
76 95
79 386
79 338
193 340
64 221
291 367
152 343
180 392
199 393
270 383
252 392
26 338
249 308
213 259
104 299
279 306
133 272
114 374
302 318
88 205
246 352
70 120
85 284
19 392
301 308
46 104
72 234
186 198
7 225
150 330
277 317
97 110
101 391
56 215
240 247
269 316
173 235
109 270
248 381
50 191
150 312
91 199
47 375
38 118
86 253
21 203
337 384
17 348
206 230
23 140
160 202
67 90
45 249
30 252
112 329
342 357
9 314
255 385
62 232
204 308
353 358
161 226
327 358
276 313
16 205
87 269
280 304
244 382
119 357
225 327
149 393
17 393
243 318
3 268
106 120
296 381
84 234
270 381
88 103
123 364
103 200
60 291
220 304
72 167
301 322
190 329
291 334
138 204
117 350
47 188
21 127
273 391
143 303
325 330
84 326
151 358
103 395
3 226
97 324
207 281
194 240
52 285
142 165
102 251
19 276
61 88
251 334
51 341
21 166
88 298
174 200
99 207
125 361
131 382
168 370
67 370
18 97
4 332
286 368
104 190
33 52
39 256
269 361
229 396
321 351
109 381
177 378
76 247
140 360
68 215
172 277
146 201
198 385
157 264
174 328
277 363
94 355
9 55
172 237
77 236
169 289
275 308
42 253
101 300
88 197
10 72
81 225
63 115
35 262
19 252
258 377
22 253
1 22
39 158
35 110
81 353
244 359
217 340
156 270
280 363
47 364
77 258
49 164
178 201
165 179
131 214
123 274
110 379
80 194
103 140
51 218
40 68
10 326
6 297
38 239
92 181
29 254
78 285
173 233
201 354
135 357
278 336
320 390
382 388
118 239
110 223
111 359
9 316
7 248
86 247
108 219
118 144
228 238
13 313
40 385
28 399
319 347
345 394
203 370
68 385
223 379
235 280
240 258
237 326
267 278
268 397
71 389
35 97
194 253
66 287
6 159
119 306
89 91
261 350
22 319
89 209
25 254
133 174
122 393
4 339
24 38
9 361
147 312
105 173
142 179
210 349
10 277
278 324
135 303
133 366
212 344
261 290
68 198
135 279
148 224
10 363
7 44
12 91
20 128
133 292
29 356
70 106
347 353
24 201
221 325
297 304
83 260
321 329
66 358
22 353
15 299
73 311
11 238
27 140
219 333
229 258
112 366
196 223
42 50
67 124
43 93
59 335
112 292
12 175
94 318
228 321
44 353
76 258
142 155
31 383
32 392
156 310
247 258
12 367
40 157
86 387
62 347
210 334
79 267
91 93
80 109
242 285
159 297
135 143
126 288
223 266
179 357
129 264
231 335
149 158
230 323
315 378
145 237
42 247
66 232
56 269
255 394
72 205
145 277
101 159
148 202
207 337
197 283
59 355
191 396
218 231
53 123
1 381
294 338
6 304
60 310
174 292
40 49
174 272
153 240
156 296
262 380
119 135
31 109
38 285
171 215
45 390
81 287
244 331
111 214
283 375
277 280
13 335
227 357
82 331
125 314
43 310
272 290
280 297
161 266
171 264
68 264
192 207
95 286
154 210
1 80
311 367
17 39
115 116
124 337
329 351
87 398
238 351
169 390
6 173
21 243
253 377
94 108
7 66
192 193
49 214
259 337
104 112
100 320
290 366
180 362
39 397
77 194
1 248
168 203
101 257
164 171
38 45
83 145
141 284
21 94
189 267
267 294
114 190
88 360
38 58
136 227
113 233
165 306
286 377
97 107
76 236
48 193
81 151
32 64
312 325
6 8
159 257
72 363
209 367
263 394
341 373
208 346
131 301
4 294
92 386
96 169
41 395
135 309
65 261
204 394
26 339
15 265
20 398
46 261
225 319
10 172
85 192
65 265
119 179
45 100
111 301
33 78
215 264
4 267
249 289
27 360
247 368
223 262
25 356
33 36
18 262
262 324
211 292
170 181
49 111
124 207
202 376
119 143
54 268
22 80
312 330
238 374
148 160
64 342
345 372
249 390
58 354
13 362
73 187
25 37
25 307
39 288
211 223
53 283
72 230
327 353
114 365
96 346
168 250
254 307
75 106
135 342
121 284
7 151
99 192
257 300
270 387
75 356
37 331
51 243
3 271
94 250
56 87
341 355
146 285
228 299
3 54
92 115
53 113
222 346
30 240
137 143
93 367
294 339
297 317
248 369
178 282
42 80
77 229
74 373
94 302
161 379
106 356
0 369
3 110
129 186
130 309
12 334
337 350
57 72
66 347
19 180
62 81
200 360
108 203
3 161
260 317
97 380
112 265
23 200
147 330
118 183
30 258
258 396
42 191
52 146
105 233
259 350
155 325
224 307
79 115
125 246
135 179
100 184
217 246
47 123
179 306
15 112
34 149
176 303
202 356
57 205
129 215
33 184
110 266
68 111
34 158
40 345
27 375
58 118
26 27
112 261
275 301
40 98
168 302
320 331
100 169
71 283
119 279
144 152
269 340
15 290
318 341
247 286
56 128
152 183
266 268
30 69
116 185
196 266
54 397
41 189
114 271
128 143
90 284
19 362
157 305
210 310
135 176
315 344
26 79
117 213
109 368
48 246
180 218
127 355
179 279
305 385
296 334
54 379
313 335
101 241
109 253
91 134
68 157
78 100
188 197
273 300
53 188
146 169
205 323
278 339
248 327
274 283
154 310
137 309
6 317
86 286
5 393
11 287
84 323
77 153
233 304
122 149
340 361
212 384
46 281
123 188
98 372
178 239
45 289
244 275
77 247
188 364
171 186
115 386
115 181
150 182
205 230
107 262
218 335
245 306
1 7
129 198
94 341
136 330
311 349
89 348
2 114
44 50
55 250
150 325
16 230
56 186
19 335
235 297
35 223
82 308
113 220
332 338
36 78
30 153
183 239
139 314
379 380
112 228
65 212
61 323
37 307
67 85
94 219
202 224
118 178
9 340
147 325
66 81
54 161
55 340
55 141
119 245
191 236
374 393
147 221
33 300
201 343
241 391
98 255
24 343
65 384
18 35
8 220
129 157
56 361
46 259
167 177
59 302
193 352
239 295
10 83
89 251
164 215
58 239
255 345
20 137
75 315
70 259
136 155
116 389
134 288
118 169
364 375
79 332
167 378
159 277
5 369
104 265
149 199
71 123
30 276
17 149
3 397
235 317
108 318
322 359
37 254
163 353
160 224
246 314
146 242
16 315
328 395
114 228
52 242
132 163
212 378
131 244
40 255
143 309
189 278
339 386
49 138
74 341
32 180
111 204
148 331
202 346
154 296
5 11
118 343
168 318
205 360
239 282
178 343
69 276
44 163
42 194
34 199
104 290
143 357
27 189
187 367
4 28
114 226
222 320
240 276
38 146
116 123
206 360
31 154
167 205
159 260
155 330
58 282
244 301
254 331
138 394
142 182
124 352
229 236
18 380
202 254
69 252
70 75
63 92
15 228
76 191
71 188
114 238
209 349
55 217
185 375
296 310
126 175
320 376
229 240
182 312
101 346
138 215
195 289
165 182
57 378
164 264
142 279
24 144
0 248
26 332
136 176
40 394
217 314
218 313
245 309
194 247
362 392
103 360
36 208
202 237
220 298
105 274
135 142
108 371
113 197
53 220
243 302
190 299
98 295
63 338
267 338
204 249
189 336
238 365
115 338
263 385
112 351
32 330
83 277
222 331
169 184
35 399
84 167
265 350
162 396
125 316
102 334
50 353
38 201
291 310
8 105
262 336
204 345
71 185
300 391
111 394
99 259
151 327
266 397
53 364
222 376
85 132
175 348
28 107
116 181
25 29
102 349
32 362
216 292
316 352
12 102
177 234
293 356
106 315
203 250
193 207
24 285
99 350
73 291
142 227
25 202
233 280
241 346
109 156
42 76
261 384
15 261
240 377
350 384
167 230
257 391
46 350
206 234
162 191
57 323
167 326
65 344
31 156
206 328
63 339
97 262
154 291
194 396
224 254
25 224
361 370
74 162
189 200
13 180
174 216
236 396
165 312
160 254
61 84
275 322
379 397
110 262
302 371
53 274
82 359
213 281
50 236
73 251
148 244
91 288
90 141
226 365
290 344
6 260
8 304
51 69
222 390
30 229
293 378
42 77
193 217
221 312
203 318
93 102
43 102
90 99
47 283
14 241
43 175
102 367
344 384
152 239
13 218
46 212
132 192
88 140
169 285
71 170
226 329
165 342
48 340
124 193
36 52
99 117
255 263
217 316
216 395
172 326
8 317
187 251
185 386
54 196
180 335
112 190
34 369
279 357
199 369
107 324
3 223
130 179
186 264
120 384
121 132
59 243
65 290
46 265
140 298
42 377
94 166
228 329
83 172
145 363
365 374
169 343
194 258
308 359
145 172
16 167
15 46
38 144
21 132
233 297
79 339
275 331
68 129
151 369
169 201
65 104
267 336
120 212
23 230
212 261
244 322
45 58
226 271
152 282
31 387
90 121
0 5
286 387
102 291
241 257
271 292
321 365
18 107
95 240
145 326
119 342
153 258
83 280
18 28
2 228
132 284
9 246
125 269
190 265
38 169
61 167
287 347
94 168
91 126
18 324
104 350
181 389
9 217
41 216
128 303
121 193
61 172
10 61
190 351
29 202
15 65
246 316
84 298
196 379
81 327
130 143
67 246
23 57
75 224
76 229
188 274
114 321
39 54
57 206
22 50
59 74
27 103
82 301
161 397
194 377
45 118
89 93
58 178
15 190
183 282
205 298
67 192
221 330
16 234
251 367
85 166
127 284
137 186
149 369
107 399
143 245
5 122
96 222
14 145
82 289
23 234
49 215
117 281
130 245
2 351
163 347
306 309
308 322
56 314
160 376
29 224
249 359
123 375
70 388
85 127
360 395
134 158
7 327
19 218
123 170
250 370
117 287
163 284
256 374
107 278
23 206
20 303
227 279
181 364
83 363
87 361
260 277
4 278
160 331
184 320
49 131
264 385
13 19
51 59
301 359
48 217
226 228
252 313
130 279
132 141
274 364
148 322
204 275
201 285
62 66
223 268
293 315
64 155
186 215
271 366
9 87
344 378
58 201
246 370
110 211
195 345
155 176
333 371
209 311
210 383
81 347
8 233
226 256
36 242
164 186
255 372
159 235
182 357
40 164
151 347
85 193
171 198
364 389
263 345
13 69
188 375
218 276
200 395
21 341
12 251
102 210
57 234
16 326
44 319
280 317
60 383
3 379
67 193
83 326
188 220
98 345
16 57
176 371
13 392
29 244
303 398
9 250
262 399
207 352
14 277
334 367
224 376
197 375
44 347
259 384
316 382
120 344
5 199
219 371
2 122
34 393
6 233
332 336
97 399
330 362
175 251
66 151
147 155
335 392
219 318
318 333
226 292
159 273
74 218
211 380
128 398
85 121
192 284
293 388
60 210
93 209
61 234
67 207
80 253
34 175
100 146
157 263
167 323
272 328
44 62
319 353
67 141
234 326
71 181
119 227
96 320
9 370
316 340
213 265
164 198
208 300
61 230
314 316
139 316
158 348
135 227
14 83
268 379
75 120
225 353
167 206
151 248
105 283
113 304
108 333
229 276
231 362
230 234
158 199
73 349
97 211
196 268
36 146
154 334
85 141
74 243
269 314
241 300
28 278
12 93
104 384
219 302
131 308
140 200
105 188
227 303
78 184
131 322
111 308
264 305
46 344
228 351
55 246
91 348
190 228
213 232
270 368
141 207
24 354
11 321
69 373
331 376
64 142
26 63
241 376
10 280
7 319
154 156
29 37
84 88
55 193
29 160
0 149
112 290
135 306
54
60
72
173
198
58
114
80
98
181
214
139
10
124
94
43
44
71
45
171
72
185
193
69
164
148
112
203
99
67
33
143
83
103
75
161
119
117
93
153
181
75
24
22
185
168
200
38
129
111
62
126
162
151
133
83
12
110
122
49
82
85
139
46
102
104
139
80
89
75
175
121
91
127
142
109
140
86
139
85
28
78
113
227
85
109
109
188
185
103
102
38
190
26
75
89
115
23
65
60
125
136
137
110
60
91
125
55
26
133
190
154
86
48
196
133
243
53
55
91
153
54
137
63
63
80
21
79
50
84
121
110
126
13
168
126
104
100
241
102
88
80
126
30
95
71
170
28
75
25
203
73
174
33
190
93
126
52
44
38
91
177
122
97
111
31
95
109
29
141
122
46
139
119
60
95
28
149
43
51
122
76
69
20
150
58
37
71
93
115
103
198
192
34
69
91
81
106
73
76
52
53
170
55
174
137
35
75
194
175
80
139
67
48
38
177
134
62
25
156
106
184
57
139
65
67
58
147
148
74
112
68
64
134
64
143
81
38
126
95
44
242
187
108
113
22
58
62
200
109
104
59
131
171
105
25
35
22
201
135
94
66
136
123
31
83
82
121
61
63
72
69
155
111
46
181
108
39
61
105
86
159
127
174
86
114
75
90
66
122
65
22
189
133
45
102
74
133
130
72
80
59
138
100
165
107
136
121
91
138
34
75
86
38
175
171
105
129
169
82
200
56
55
45
129
107
88
155
125
44
217
72
88
159
160
190
149
89
67
79
58
234
140
171
32
124
86
41
52
50
13
75
67
135
158
182
205
118
76
154
95
87
194
94
57
201
106
55
213
115
32
47
242
196
155
194
101
70
90
64
88
163
141
88
82
137
65
81
198
76
118
56
245
83
164
83
115
133
78
145
46
154
8
70
99
63
143
135
83
79
40
35
35
25
150
113
57
54
134
142
38
142
121
118
130
143
193
99
124
123
138
80
100
63
129
103
71
9
141
114
47
37
91
167
84
51
141
24
176
111
136
90
60
155
73
58
49
83
87
186
165
128
137
58
81
143
165
161
169
112
125
56
111
29
84
112
252
52
116
112
62
13
134
127
132
133
66
77
30
67
97
102
111
41
32
188
84
91
171
95
98
84
72
74
34
129
51
160
40
78
71
65
96
182
86
88
30
109
30
81
18
156
111
17
23
131
89
105
36
98
67
176
92
91
129
128
56
125
159
250
48
50
123
66
25
50
100
152
105
29
77
206
60
147
43
34
91
108
54
113
135
105
166
115
132
70
60
50
85
157
183
22
161
36
92
111
129
121
92
97
41
97
93
62
136
49
108
148
199
128
172
24
138
150
44
150
175
108
34
166
104
87
75
102
107
207
87
52
126
16
112
107
137
113
120
116
147
43
84
102
182
17
210
86
178
236
107
179
61
54
94
202
213
48
75
80
110
191
31
145
127
54
137
134
42
208
79
144
70
89
84
14
123
68
125
192
192
137
66
150
260
90
226
143
176
135
36
151
165
21
40
85
171
172
54
77
59
82
154
105
64
137
141
232
69
27
132
126
62
159
11
41
95
148
74
105
132
100
99
66
52
97
83
24
135
46
91
66
135
45
72
176
58
73
168
87
62
37
54
102
141
98
123
48
144
136
133
63
26
100
79
91
106
140
157
105
128
129
66
50
119
101
72
64
120
104
59
93
135
58
223
98
93
104
179
139
163
154
39
59
41
29
102
25
82
205
184
80
135
55
64
48
62
67
90
150
55
132
127
119
82
55
129
116
108
115
86
67
165
30
14
38
116
136
99
160
23
122
171
183
161
202
74
105
51
56
36
114
76
99
50
76
104
101
172
63
99
136
162
158
95
174
98
156
99
97
134
188
71
91
37
108
167
101
162
84
125
54
88
20
103
198
113
42
81
36
79
99
65
22
71
178
176
201
122
71
191
67
93
77
66
136
96
61
175
155
116
42
69
87
123
47
45
82
135
135
36
167
24
83
145
96
72
95
69
146
95
47
140
67
132
89
103
74
16
181
85
14
123
60
170
29
25
152
127
137
15
187
155
202
94
20
186
92
104
135
95
164
66
140
89
95
122
30
206
113
50
138
54
38
83
94
161
83
116
91
112
79
154
143
86
202
54
15
133
88
205
72
144
205
27
27
124
84
63
106
31
150
139
31
113
140
72
154
188
38
92
114
100
32
101
59
96
106
140
53
43
45
187
106
76
88
208
202
73
88
95
35
50
74
47
195
122
113
79
180
47
26
88
66
123
138
94
195
130
46
123
27
41
97
118
27
38
138
105
65
135
149
99
135
92
95
96
65
176
54
61
78
74
91
174
108
135
226
78
73
45
56
74
134
208
130
155
120
133
94
75
110
70
96
152
57
133
104
142
51
17
157
73
147
78
147
113
90
126
122
40
135
94
100
75
81
96
113
97
87
58
66
68
141
144
67
96
83
131
20
58
68
165
86
57
92
54
89
70
90
56
88
120
125
105
99
73
136
76
168
64
83
105
105
54
158
106
95
68
143
154
149
55
138
80
169
169
46
48
56
66
31
87
83
133
140
128
105
76
96
52
158
173
74
103
64
39
57
67
118
230
52
124
58
57
35
220
53
79
176
248
93
104
42
89
189
88
94
49
59
103
120
17
228
61
76
42
12
100
80
161
100
30
42
84
92
163
38
102
74
85
86
74
53
149
106
88
73
63
76
103
58
36
91
85
41
174
31
138
29
132
208
51
146
69
72
68
67
112
123
110
18
113
24
154
95
155
169
65
117
182
174
79
106
207
84
193
77
46
89
25
198
185
138
39
113
153
153
111
72
146
126
154
98
99
15
174
111
34
256
187
204
38
142
139
102
114
78
119
122
193
102
89
122
184
9
40
93
164
141
95
87
110
139
131
92
51
113
71
98
151
110
20
109
132
74
75
43
128
63
186
99
51
123
12
98
64
108
66
50
80
128
72
71
94
115
69
121
68
129
110
115
157
52
99
77
31
95
98
181
190
131
46
294
46
88
51
112
84
129
51
209
87
62
50
93
105
34
125
137
72
31
94
98
93
137
44
53
49
155
101
111
86
62
67
78
220
30
75
96
46
83
102
140
61
160
63
51
62
107
58
118
21
64
129
104
102
89
168
97
31
55
98
241
38
117
27
66
128
124
79
170
131
8
40
201
49
111
90
48
128
64
41
76
32
89
79
152
30
180
86
98
85
86
190
81
174
57
34
102
118
207
243
75
221
136
132
60
78
35
39
226
125
124
121
118
155
31
193
79
128
32
19
114
58
81
186
129
171
69
190
136
121
83
80
131
89
120
94
119
37
149
144
89
185
76
79
42
97
132
152
137
128
93
133
67
46
95
88
82
29
303
154
182
90
25
187
114
96
78
144
124
68
49
147
52
56
65
132
73
164
157
84
103
65
52
151
178
111
83
193
46
81
169
105
82
121
78
130
110
113
131
186
45
75
130
101
171
41
154
40
142
160
188
67
38
80
186
58
59
28
211
122
87
36
106
86
57
190
51
106
49
95
110
198
182
32
119
187
103
171
84
19
47
46
191
61
60
75
129
86
61
47
84
66
87
28
103
83
120
156
190
56
69
103
64
39
136
160
132
73
27
33
206
72
23
78
140
94
70
132
41
139
108
230
132
101
52
180
194
70
34
88
99
69
177
109
60
32
83
54
155
180
160
201
52
46
122
132
64
144
119
79
164
66
156
114
97
93
95
72
33
46
113
64
119
94
85
27
91
59
179
53
179
52
140
207
66
95
183
149
36
120
95
85
181
45
69
75
93
96
105
61
42
19
127
136
86
50
87
111
138
66
161
45
184
127
80
116
34
85
29
175
121
48
82
52
47
136
90
80
101
71
138
128
68
155
66
59
35
62
77
84
168
118
61
40
91
49
129
100
67
176
95
68
175
148
30
93
94
37
201
52
62
122
129
107
85
139
138
54
89
117
105
101
29
76
124
35
135
35
61
71
48
190
119
204
29
60
121
120
72
100
149
88
104
167
164
194
118
119
68
70
77
163
43
164
122
78
144
71
149
55
81
160
64
50
66
144
63
111
67
118
172
33
148
105
103
60
95
65
50
165
153
93
123
52
85
75
42
85
96
139
147
201
105
81
102
120
158
166
46
52
109
126
75
70
125
84
75
131
47
118
192
77
85
189
79
89
110
185
156
141
147
102
69
127
189
120
120
97
49
124
139
67
43
64
115
28
56
20
47
139
113
97
51
133
88
71
191
196
83
162
175
112
74
89
74
85
216
107
192
86
116
84
63
119
14
202
157
99
146
73
55
57
174
84
153
110
66
37
51
93
72
114
61
119
25
173
45
206
47
81
61
64
38
123
198
157
42
97
56
93
9
114
122
115
139
37
71
211
80
111
136
115
171
92
46
37
78
45
53
149
63
87
75
162
58
9
56
60
224
45
31
83
58
102
130
194
138
166
88
74
186
204
45
157
17
39
147
73
98
46
112
138
151
61
176
209
151
21
56
120
118
55
49
152
160
146
