438 467
783 265
10 57
571 214
182 673
337 128
623 716
305 581
779 1
344 407
207 113
462 393
364 23
458 663
228 235
391 282
555 13
524 775
452 83
75 463
552 682
72 132
429 504
406 415
233 502
355 247
597 319
193 280
442 144
44 251
311 68
629 498
605 744
582 133
458 86
476 309
556 142
567 121
365 596
224 602
476 358
46 698
580 38
520 726
353 672
222 771
743 140
689 441
444 89
337 593
492 532
294 728
788 61
125 170
696 183
484 270
638 535
330 248
248 664
445 291
71 147
208 587
572 756
293 134
345 649
267 716
558 672
20 325
398 622
101 703
49 333
643 498
420 34
55 27
583 191
506 625
639 600
281 351
454 604
762 783
206 404
448 95
426 778
23 12
287 435
364 492
13 281
14 3
363 63
484 512
88 699
575 423
16 19
35 13
371 466
178 590
772 98
249 344
244 523
339 659
705 121
9 34
487 362
285 15
267 671
165 738
557 87
594 329
206 332
714 631
133 7
138 560
16 34
746 116
537 439
274 298
491 206
756 691
545 680
236 48
136 140
249 770
181 391
257 58
112 309
400 677
359 293
500 260
81 766
263 118
632 105
586 366
146 548
327 97
452 544
712 274
698 57
418 131
792 136
634 269
332 499
719 707
176 603
142 101
616 470
465 792
537 389
743 585
658 98
646 363
474 268
580 716
562 286
402 456
491 692
653 580
569 544
93 385
252 120
591 39
96 330
720 784
791 386
311 439
69 674
750 599
532 366
276 712
694 374
333 178
59 787
419 563
77 579
765 581
252 372
600 181
687 794
231 654
639 444
45 761
43 636
314 775
286 160
132 308
31 6
386 236
448 440
435 375
278 593
746 127
687 46
138 658
506 637
735 329
52 623
470 785
570 524
735 322
797 49
337 296
434 775
245 246
650 528
238 562
789 524
447 100
410 450
583 751
650 185
559 451
539 702
75 127
418 624
313 558
727 509
424 272
776 94
204 213
69 385
716 666
366 406
3 510
690 534
33 143
280 576
613 518
226 731
236 176
53 406
420 17
405 745
660 292
470 319
226 3
534 562
760 282
716 83
648 389
397 32
326 466
775 349
438 111
62 357
639 665
691 729
31 417
199 675
72 580
643 47
354 390
363 56
60 621
123 86
659 449
45 670
67 798
155 110
406 91
648 160
460 55
420 743
191 373
191 647
547 582
583 580
329 633
241 446
375 385
188 161
461 761
429 24
309 9
146 714
660 557
127 449
339 146
419 388
446 598
323 627
757 6
147 466
721 545
48 779
183 201
292 251
467 398
680 93
396 349
638 334
474 171
528 82
363 129
281 398
27 422
443 465
138 431
376 522
3 48
640 359
29 606
76 736
490 63
703 451
164 581
514 414
224 352
32 475
560 246
497 227
337 444
514 153
93 94
106 1
309 167
741 96
48 536
372 584
127 9
171 507
349 566
258 236
220 530
337 286
783 456
44 148
138 116
244 568
497 242
165 679
759 490
717 106
372 611
224 489
17 109
239 497
391 593
556 396
191 28
298 484
370 501
569 266
726 713
562 457
141 780
536 523
454 214
681 353
313 686
317 99
436 649
233 39
16 528
91 174
632 552
161 769
453 633
615 599
753 398
601 448
445 257
180 183
254 531
426 481
309 658
789 783
118 389
292 517
464 385
485 228
570 747
416 502
660 413
448 675
495 420
377 177
33 69
224 621
626 526
40 154
438 397
346 663
719 310
700 381
467 597
559 173
75 756
650 758
107 538
69 619
466 523
519 291
206 602
428 458
527 701
554 70
448 105
625 56
355 329
755 18
342 203
266 338
221 245
241 259
231 298
20 393
218 295
19 306
253 358
307 308
105 272
34 241
22 89
20 192
96 330
35 59
241 395
12 250
61 303
13 212
26 107
55 59
251 254
209 358
168 371
75 383
44 278
104 177
282 300
44 99
267 397
237 371
17 62
5 313
41 69
158 182
170 255
254 388
94 220
55 150
174 305
14 201
69 164
103 271
327 345
50 344
7 278
106 159
155 222
217 320
83 184
252 325
203 332
77 174
38 212
8 52
250 271
277 355
256 325
13 75
87 92
323 357
261 295
336 373
342 358
164 180
228 306
58 363
80 266
38 49
22 389
11 23
77 397
163 338
112 184
100 286
176 341
298 371
102 285
26 298
280 332
288 298
192 383
369 386
13 355
22 294
6 386
39 95
147 222
85 153
100 314
278 316
76 243
73 83
144 209
100 330
334 366
169 275
170 300
136 148
96 236
142 262
51 181
2 297
63 291
149 168
60 378
209 342
131 149
4 376
255 300
272 354
178 253
118 210
150 368
100 258
111 387
318 387
140 296
336 342
262 328
206 294
45 226
221 293
41 180
119 233
8 216
282 385
61 203
36 37
15 25
263 344
65 347
136 330
228 293
222 353
153 294
31 358
65 121
93 312
200 269
32 62
121 181
138 216
236 286
33 74
266 332
25 284
288 346
103 350
69 254
349 372
151 210
136 190
95 111
116 310
169 399
104 347
107 298
359 368
0 370
9 249
137 374
14 27
164 388
83 312
178 358
63 313
108 122
28 205
199 397
5 30
230 269
93 112
284 399
168 197
35 40
286 396
57 284
75 118
47 382
35 55
204 323
30 271
84 309
90 328
17 269
368 390
19 157
95 132
218 365
277 383
215 359
74 175
17 200
149 382
306 351
121 354
72 229
217 268
129 158
87 101
188 326
18 205
2 375
157 228
327 359
62 369
128 179
46 96
157 218
17 43
28 48
110 143
56 222
7 366
51 121
88 291
68 335
22 206
231 235
46 100
97 108
55 390
176 386
116 127
18 48
48 259
40 379
271 350
36 394
192 263
149 371
9 239
154 210
280 318
59 215
132 387
30 88
62 386
147 219
41 282
3 175
23 294
193 346
322 399
203 224
36 384
196 342
5 348
197 346
122 295
171 296
120 211
138 189
92 184
186 276
3 208
173 204
57 115
225 377
69 328
232 390
98 332
90 385
38 331
287 397
102 379
29 70
146 304
219 243
145 195
311 378
34 301
100 148
107 139
188 213
248 286
172 388
175 307
86 242
211 352
195 260
91 209
78 335
65 104
199 322
43 151
154 372
278 363
10 268
0 362
212 349
65 226
125 372
87 112
5 291
290 310
203 391
102 304
76 356
26 340
131 288
204 214
18 34
177 328
53 211
25 126
109 117
4 272
307 384
127 150
5 129
106 310
183 242
311 324
285 379
296 370
150 308
374 399
117 161
47 371
18 229
236 330
228 245
277 335
98 203
46 113
171 389
220 249
36 74
155 353
21 325
178 237
55 232
62 393
2 112
346 382
274 318
211 252
97 305
211 375
30 103
214 323
94 339
63 275
252 317
116 289
170 179
136 248
47 302
242 245
164 300
101 184
164 251
106 290
6 66
35 102
46 216
153 206
47 237
185 374
246 272
84 140
150 345
70 124
362 392
127 345
66 192
187 276
19 218
159 396
195 269
14 227
75 234
17 82
42 159
83 87
12 103
9 163
89 134
53 352
46 314
107 131
238 257
85 140
97 261
194 251
68 78
105 226
127 390
14 320
15 359
221 306
128 343
146 373
81 137
268 360
28 310
63 158
71 225
81 395
117 341
143 252
153 309
10 256
17 369
273 356
1 193
133 291
197 381
153 339
285 304
34 81
49 278
167 181
319 331
249 267
157 274
268 325
0 294
179 300
11 285
65 167
23 206
63 133
135 235
294 392
229 250
361 366
148 236
28 289
300 385
68 331
218 306
38 335
80 305
156 225
197 240
124 157
40 146
79 161
57 169
72 250
172 315
120 256
8 398
186 187
280 365
122 261
71 377
27 217
241 257
77 305
193 197
76 264
194 247
250 257
210 393
66 393
35 390
104 167
289 308
228 242
118 393
88 238
111 172
94 206
30 348
177 391
31 144
32 207
54 208
117 244
11 40
53 325
140 319
217 227
212 383
108 115
77 292
182 348
28 345
130 159
22 171
58 65
102 187
181 347
89 389
71 273
28 137
185 199
110 233
26 166
154 393
205 301
237 288
73 92
125 349
84 163
29 86
102 146
83 92
60 333
304 336
147 273
276 287
127 327
132 318
135 197
197 235
120 252
14 284
79 117
19 280
237 382
150 232
293 306
371 382
153 186
55 127
17 393
153 392
53 143
43 210
188 278
47 329
24 334
37 384
33 258
114 304
177 262
39 142
136 398
69 128
70 160
31 273
67 218
41 164
324 333
71 222
10 129
96 113
21 223
240 381
272 300
159 394
12 238
289 310
334 361
46 54
4 105
27 183
130 286
103 250
224 366
156 377
257 395
223 375
19 274
21 252
11 367
80 280
120 311
196 377
272 328
213 361
53 256
54 189
23 94
242 293
0 22
326 361
247 251
22 339
341 364
55 308
289 345
168 288
203 326
262 391
38 68
274 280
198 398
12 30
71 144
172 247
62 207
82 260
160 242
201 283
139 288
108 183
96 198
217 283
135 381
48 270
94 309
70 86
113 189
109 155
44 347
292 309
225 353
32 386
257 291
74 307
144 342
124 160
73 375
194 388
85 309
191 246
39 321
57 185
24 98
66 210
113 330
340 390
148 396
187 232
156 353
59 127
139 231
162 382
239 338
218 242
132 303
206 370
164 299
51 226
69 191
22 370
334 338
197 382
198 216
200 230
48 137
98 326
246 328
22 296
195 200
156 234
267 276
12 229
174 261
9 292
43 200
91 336
136 286
332 334
267 287
68 212
118 151
59 359
263 264
7 188
222 273
265 331
99 380
160 228
142 376
50 234
367 373
381 382
180 251
48 395
65 363
265 316
52 216
369 393
116 345
191 328
7 49
91 178
45 105
64 68
141 219
184 312
211 311
110 312
179 385
93 101
149 231
80 295
82 230
304 342
94 362
11 379
189 286
73 93
70 242
229 238
21 311
38 265
306 315
344 389
24 318
39 376
186 379
31 377
185 399
21 324
7 326
78 134
352 378
1 197
58 226
174 266
163 292
91 131
72 259
39 203
40 102
231 381
77 108
13 192
186 373
220 309
69 300
63 348
152 340
226 354
250 348
190 248
41 300
47 168
21 211
82 145
146 336
168 346
23 187
285 373
7 265
291 374
222 329
307 327
167 347
47 178
2 73
214 281
25 199
16 290
78 171
172 351
122 305
76 109
73 101
39 303
135 139
89 234
157 160
11 304
343 354
247 315
111 132
37 310
90 180
101 297
286 314
43 195
35 127
130 396
43 393
3 384
225 264
291 313
100 208
394 396
25 57
118 192
54 258
290 301
41 194
302 371
376 391
272 343
145 269
327 368
156 344
41 128
122 365
4 58
23 249
19 293
273 353
202 222
101 375
294 362
141 386
244 341
66 243
298 346
63 129
186 285
171 383
141 341
91 114
273 281
296 316
17 145
202 273
88 348
97 292
127 340
24 361
91 358
227 268
295 318
315 351
125 380
73 87
92 297
248 396
122 266
151 207
70 245
225 273
15 57
129 348
16 394
255 385
252 256
252 311
13 125
120 360
39 391
218 245
239 366
69 90
260 372
268 283
208 258
9 309
71 253
50 89
79 341
98 361
221 315
93 317
1 235
25 215
151 393
297 333
113 138
327 390
231 288
187 379
166 304
133 275
207 386
64 363
125 355
33 394
90 164
325 352
36 175
24 332
214 222
30 129
2 101
52 314
119 158
42 248
147 204
317 337
337 350
192 210
36 310
237 346
101 112
91 304
187 287
185 322
18 81
188 203
237 298
120 268
20 210
39 188
161 176
80 292
169 291
26 139
239 309
35 215
1 240
362 370
299 315
155 281
111 303
31 253
102 373
78 277
80 261
234 344
171 316
73 312
43 207
140 338
5 275
338 361
275 313
47 214
261 365
68 355
50 383
61 142
54 100
97 174
95 262
94 153
10 337
96 138
90 179
160 218
214 302
66 151
30 350
231 346
228 274
135 346
180 299
15 199
135 231
5 374
3 74
33 290
193 240
52 138
51 65
82 125
298 382
48 205
90 128
11 276
67 86
99 265
12 88
107 149
276 379
75 355
127 308
46 189
186 206
168 381
163 249
253 302
224 361
67 160
318 332
21 60
134 171
69 105
4 226
115 305
142 391
254 299
180 254
202 377
102 232
12 271
129 227
140 163
178 302
179 255
58 246
22 362
349 383
126 199
303 391
326 376
20 154
175 208
255 282
264 353
50 389
31 353
61 95
163 309
170 385
26 131
111 318
80 122
196 234
52 236
152 307
119 337
73 112
78 355
120 283
10 120
204 281
99 125
8 279
135 193
94 140
354 385
64 265
41 251
265 278
249 287
19 221
367 379
109 341
119 123
149 346
161 244
24 366
182 227
139 340
2 83
82 195
322 397
362 389
74 208
264 356
202 281
283 360
136 279
18 270
117 141
126 322
155 273
310 384
196 353
19 387
124 183
3 36
247 299
63 227
253 382
280 295
30 123
137 291
162 357
227 320
278 331
119 350
278 347
78 212
38 316
102 166
68 125
56 76
105 328
243 244
213 319
75 263
48 238
211 324
81 257
191 272
22 50
12 72
129 313
97 122
140 239
145 200
45 65
91 144
36 106
43 369
256 311
235 240
6 244
32 369
222 281
47 253
33 106
74 340
5 169
188 224
127 232
247 351
158 313
53 360
167 363
56 156
26 149
199 284
43 118
6 207
227 283
214 329
146 166
189 314
93 184
133 348
41 90
71 178
87 184
172 299
61 177
50 134
46 330
23 379
173 329
70 218
116 368
173 281
166 336
370 389
115 322
174 292
30 63
148 286
64 278
151 243
196 225
148 248
321 334
130 248
247 387
312 317
223 378
173 222
220 287
61 111
113 216
15 126
156 263
105 246
66 118
193 381
156 196
157 245
33 310
314 330
205 395
332 361
273 377
191 388
70 228
259 395
126 185
96 216
85 296
117 219
147 165
26 231
34 259
99 331
190 398
140 309
7 38
103 123
31 71
13 372
266 292
8 198
316 335
110 337
145 260
201 320
117 165
158 348
113 198
55 345
134 277
13 78
204 329
127 152
179 282
73 317
256 268
76 273
67 70
49 188
83 297
123 233
154 192
107 288
233 271
7 213
201 217
81 241
100 130
355 372
165 281
10 143
144 253
0 186
184 297
79 176
211 333
62 210
162 193
82 200
198 279
53 60
20 43
128 170
227 360
143 256
10 350
294 370
120 352
49 224
203 321
120 325
145 230
46 138
343 385
242 365
297 375
141 161
19 228
220 276
213 224
69 272
94 392
123 348
302 329
136 236
16 159
58 376
115 284
3 308
21 375
40 232
131 298
49 64
339 370
29 160
108 261
67 242
15 185
77 199
313 348
144 225
143 337
123 337
20 151
45 121
240 382
4 177
166 373
51 363
110 252
59 150
237 253
117 364
34 48
357 382
95 203
202 225
112 297
189 216
67 228
302 357
114 209
28 395
27 108
94 239
162 240
196 263
207 210
80 97
253 371
84 266
130 258
23 276
153 370
106 394
2 333
78 383
83 101
262 376
130 148
115 320
161 341
71 358
59 232
75 192
341 386
126 287
75 154
347 363
205 257
238 259
148 190
77 115
188 265
91 342
52 113
163 239
134 383
116 327
81 205
62 151
31 225
69 385
52 96
20 32
5 133
308 384
144 358
251 388
205 259
15 322
11 187
4 191
10 360
128 354
112 333
345 368
68 277
33 175
363 380
247 388
163 220
93 297
113 314
49 265
43 269
186 392
301 394
111 247
277 349
73 184
106 301
212 277
217 360
66 75
63 169
169 313
71 353
370 392
209 336
71 302
278 380
129 182
20 118
167 177
68 316
88 257
246 262
234 264
17 195
4 328
26 288
195 230
142 303
111 142
90 191
137 205
84 174
128 255
92 101
122 274
79 364
319 335
10 325
358 371
126 284
165 173
96 314
200 260
20 66
104 376
182 313
83 93
207 369
76 155
353 356
55 327
223 324
203 376
64 347
88 133
274 295
131 146
64 380
185 359
22 392
172 194
76 202
55 215
151 369
207 393
260 269
212 335
186 367
70 183
114 342
113 286
120 143
149 288
245 306
150 215
37 175
201 284
57 199
233 337
68 349
49 331
224 326
4 262
338 366
289 368
215 345
96 189
33 384
137 395
98 321
187 285
33 130
161 386
37 74
265 347
165 204
110 317
24 321
155 356
130 208
168 298
121 167
123 129
218 228
331 380
254 300
39 177
56 353
318 321
74 384
83 112
89 344
57 399
10 158
279 398
77 97
22 134
182 399
16 42
274 365
60 352
2 93
63 182
9 220
190 279
194 299
222 377
108 174
18 72
40 187
302 382
284 322
161 364
48 81
307 390
97 115
124 242
229 270
213 366
96 100
148 258
302 323
196 344
296 319
64 331
44 380
56 225
56 155
57 126
165 222
12 270
60 324
321 326
71 202
276 367
60 120
180 194
92 112
304 373
180 247
321 361
15 397
23 267
6 62
186 362
147 281
13 154
276 285
140 213
21 352
41 179
3 307
86 160
191 262
211 325
238 250
6 243
196 264
21 333
159 290
38 319
313 374
107 340
81 259
43 66
346 371
157 293
19 315
56 273
144 377
40 166
185 215
72 88
159 248
324 352
104 363
19 245
55 116
324 375
90 254
1 135
75 277
150 390
243 356
53 283
48 257
115 199
25 185
87 297
331 335
18 259
235 381
169 182
45 167
18 137
307 340
21 53
11 102
216 236
143 211
37 130
99 347
136 396
100 136
213 316
315 387
347 380
324 378
147 173
216 314
229 259
309 338
95 142
212 316
34 205
52 398
92 375
5 182
14 283
53 268
136 314
295 365
3 152
72 270
36 290
27 201
10 227
210 369
206 379
198 314
171 212
53 120
109 219
61 391
11 186
0 389
129 133
38 64
0 23
39 262
233 350
86 124
53 217
48 241
124 365
42 394
176 244
316 331
108 305
58 177
168 237
323 329
125 212
190 396
9 267
34 270
262 303
150 327
56 202
18 395
113 236
37 394
114 358
245 293
31 202
56 196
303 387
6 151
355 383
126 397
64 125
32 176
0 206
25 169
61 321
10 123
106 396
186 294
132 172
346 357
61 326
290 394
58 104
82 269
49 319
128 300
9 23
31 196
267 379
146 209
162 197
122 174
0 153
55 359
133 250
203 334
52 198
316 319
149 237
85 370
98 334
103 119
35 327
79 141
60 223
160 365
172 180
100 236
172 387
230 372
58 262
43 154
21 378
37 42
5 88
114 166
18 301
240 357
162 323
33 37
6 369
286 330
51 167
19 295
33 36
219 341
224 278
95 376
125 260
15 59
23 220
178 371
52 279
236 248
299 388
13 277
70 157
244 386
203 361
285 367
14 217
230 260
194 254
107 152
160 183
281 329
249 397
17 207
221 351
26 152
10 119
38 213
25 322
292 305
172 251
168 193
236 314
85 339
165 219
105 354
193 357
185 345
37 159
164 194
299 351
92 93
190 286
32 210
42 396
345 359
131 166
219 244
157 365
90 272
170 282
89 294
90 300
31 56
65 181
259 270
102 367
216 330
138 314
171 277
139 152
99 278
4 246
35 232
148 330
190 236
261 305
98 338
234 263
49 335
246 376
141 243
1 381
127 368
118 154
201 227
143 311
105 343
8 96
11 373
205 241
109 165
40 285
187 267
64 99
25 399
99 363
155 202
73 311
223 333
20 369
127 359
73 110
154 269
44 363
157 242
61 262
308 368
30 250
202 214
275 374
218 293
72 238
140 339
265 363
109 141
308 327
266 334
5 63
4 142
49 316
275 399
296 339
150 359
51 347
313 399
84 338
122 280
42 106
57 322
192 372
75 78
333 375
278 319
56 71
141 244
275 291
311 325
318 334
128 385
142 191
49 213
212 331
147 214
84 292
61 132
239 339
193 382
98 366
152 390
168 382
51 104
116 308
41 254
40 276
259 301
0 89
228 365
16 106
134 389
168 357
190 330
212 355
109 173
98 224
209 304
206 362
223 352
55 368
44 64
109 147
72 257
91 146
94 296
37 106
60 311
15 287
94 370
211 223
164 254
284 320
164 191
300 343
326 391
59 327
74 258
23 186
38 278
45 354
189 330
17 151
58 167
349 355
188 391
44 125
193 231
28 34
187 367
23 153
238 270
175 384
311 375
80 174
39 224
34 257
2 92
37 290
275 348
95 303
34 395
114 373
265 380
173 214
23 285
226 246
84 239
23 392
104 246
101 333
32 151
193 235
13 349
171 335
125 230
56 377
333 378
140 366
42 290
65 177
7 224
7 319
169 374
158 227
153 362
123 158
44 265
116 384
27 320
137 257
41 385
141 176
24 266
80 108
133 313
132 142
220 267
76 353
21 120
123 350
0 392
9 84
39 326
35 150
87 93
177 246
28 241
103 233
15 215
128 282
57 320
39 58
81 301
336 358
141 364
31 178
137 241
70 293
28 81
137 289
170 343
3 340
78 349
189 236
131 237
48 301
249 309
127 307
56 144
202 353
177 376
137 275
18 241
30 133
144 202
211 378
134 370
180 388
78 192
6 32
85 239
79 244
156 264
88 250
95 391
56 356
144 178
114 146
192 355
85 94
43 62
182 275
29 124
29 352
112 375
100 113
134 362
167 226
321 332
155 377
308 359
291 348
100 189
35 359
34 290
353 377
22 153
131 336
29 67
255 343
157 295
39 61
24 203
123 271
18 257
143 325
206 392
85 206
121 226
27 305
14 360
212 372
175 258
308 345
190 314
251 299
114 336
304 367
32 244
60 211
115 201
346 381
61 376
183 365
188 376
149 298
40 367
111
199
115
109
55
187
57
154
144
51
73
101
68
76
67
31
56
126
115
17
99
130
70
138
63
129
73
101
48
112
62
123
56
109
81
29
108
113
16
90
33
49
28
105
119
130
131
177
137
20
81
74
96
164
92
211
49
29
76
45
154
190
155
117
78
142
97
144
39
67
72
164
56
52
48
246
131
72
106
200
41
111
147
43
44
126
57
123
63
65
138
155
47
111
32
106
55
141
82
73
132
135
13
123
127
50
12
140
110
122
134
63
42
62
169
54
185
96
105
51
60
85
194
114
61
180
97
86
41
131
78
164
142
82
154
119
103
168
167
55
71
119
49
80
91
52
113
99
120
125
87
108
46
113
156
41
112
94
81
98
29
110
92
147
247
51
69
170
117
64
145
153
65
129
72
105
117
56
161
140
101
202
168
73
225
121
186
203
150
66
39
28
55
110
167
69
152
27
94
15
59
119
28
42
111
70
22
70
131
63
96
154
202
139
153
63
168
71
57
273
81
118
88
116
100
28
63
140
149
214
143
131
177
114
49
38
58
129
223
243
195
105
138
131
168
123
40
157
37
175
135
78
66
56
29
159
172
110
206
31
68
102
82
145
44
116
139
192
51
103
24
93
117
108
131
60
171
64
196
134
53
128
42
175
62
11
151
52
60
71
19
77
92
76
32
41
116
62
124
69
80
112
107
19
129
168
104
105
61
212
34
179
165
180
186
78
100
128
125
112
78
216
69
71
92
60
59
140
30
116
69
131
113
66
176
55
76
119
106
48
81
172
156
72
51
89
68
67
95
41
74
70
62
71
43
103
95
66
20
77
141
163
168
114
80
67
135
183
62
152
83
76
177
167
194
21
22
183
51
62
35
64
44
65
72
137
14
145
66
45
63
107
83
96
60
118
26
190
120
63
16
55
44
146
62
146
168
175
101
38
103
113
17
87
154
118
52
105
165
7
57
15
20
102
61
83
37
92
107
83
48
51
73
259
76
152
153
93
208
186
64
180
137
124
75
87
84
91
22
37
176
63
57
20
127
120
55
16
61
112
63
92
88
60
86
158
88
79
106
45
69
87
121
90
159
124
89
160
184
56
80
78
145
143
69
79
134
38
106
67
186
128
177
96
120
102
97
103
48
44
156
18
128
116
136
124
22
139
77
112
163
87
128
207
63
147
152
125
56
42
104
49
80
50
80
99
21
138
73
89
102
141
76
68
84
173
82
66
64
156
125
79
84
146
152
123
96
48
41
149
157
176
130
131
147
155
95
147
114
150
18
233
127
89
117
183
143
110
72
116
100
40
88
130
205
101
87
176
18
127
120
39
128
209
104
13
24
93
105
84
122
109
93
52
86
163
87
101
19
148
47
178
39
95
142
113
79
60
72
44
162
125
98
68
45
71
31
93
142
92
92
102
41
167
61
66
88
62
203
145
123
37
171
186
120
84
89
107
35
87
102
75
92
134
170
109
279
91
48
44
88
44
78
40
78
77
85
75
8
201
148
153
111
95
27
38
190
98
93
189
108
35
83
166
173
131
82
150
86
71
32
38
137
77
112
118
169
38
123
59
32
53
45
115
86
197
181
55
103
59
159
36
98
168
89
162
76
109
87
98
59
76
18
110
120
143
135
134
105
43
31
78
164
44
90
118
17
41
38
50
69
73
151
65
147
79
66
135
153
76
82
149
94
95
170
139
94
163
196
193
119
99
44
90
23
87
229
44
67
186
111
87
74
115
141
133
237
185
65
86
156
76
224
138
43
161
82
50
54
152
150
197
111
138
73
88
67
24
157
77
238
119
88
71
87
18
41
87
100
119
79
152
127
133
58
61
76
96
84
99
131
78
21
208
74
122
88
139
161
57
64
110
45
148
181
39
51
141
37
180
100
56
95
110
42
236
27
136
239
76
128
151
164
99
55
98
49
146
66
139
98
161
80
38
76
122
27
102
183
44
147
198
96
199
67
47
118
123
132
11
81
57
76
26
57
35
122
69
60
87
205
139
178
47
131
103
46
86
203
43
169
169
20
94
85
151
63
130
59
19
154
53
228
187
127
181
55
179
36
79
42
185
108
205
95
64
146
187
75
223
126
49
71
159
163
61
181
92
195
90
149
127
29
170
109
54
33
77
98
21
80
34
15
102
80
69
55
62
130
144
29
52
156
134
180
61
88
37
51
68
165
178
177
99
120
107
48
90
52
107
123
141
143
41
127
75
125
82
62
100
99
170
44
155
140
105
146
99
58
166
96
206
166
48
132
105
100
65
104
20
77
92
54
180
28
51
155
162
102
131
139
73
83
172
122
86
104
48
150
72
111
60
38
95
68
236
59
212
96
172
197
73
70
95
49
171
93
20
163
57
33
52
80
191
176
199
76
88
114
72
68
103
178
114
152
129
87
87
204
142
139
148
187
96
164
45
56
90
108
172
81
33
73
177
211
120
82
91
97
159
121
90
118
96
26
91
19
21
125
125
39
100
77
73
129
49
166
83
38
90
96
105
104
63
123
38
50
137
88
114
65
80
129
23
18
256
142
198
60
49
95
161
28
32
25
204
126
36
11
80
131
187
148
90
168
16
39
59
17
186
84
96
142
62
152
79
32
20
161
70
33
126
82
35
234
144
92
119
74
157
63
107
53
165
76
51
59
159
117
166
81
52
84
64
144
34
140
56
111
66
127
55
121
138
108
81
157
20
155
137
84
82
79
30
166
89
110
73
37
48
79
127
189
165
110
170
153
89
93
113
59
134
99
92
86
93
133
212
169
107
101
148
138
217
53
71
72
99
105
125
154
100
92
35
184
142
140
104
140
72
155
176
29
82
106
74
46
72
124
198
44
54
72
94
58
167
157
109
70
83
149
36
132
47
112
38
34
93
64
85
185
116
57
12
241
180
203
63
52
115
60
143
193
46
193
70
160
64
12
103
57
175
72
188
36
182
44
19
96
105
50
132
103
186
182
58
156
94
71
70
172
108
36
50
79
62
187
195
112
50
189
104
87
201
73
50
61
123
96
98
76
96
7
177
114
88
74
116
104
38
80
136
25
155
67
106
125
97
23
198
43
53
187
113
108
39
90
82
13
198
37
23
34
49
110
90
33
70
65
87
62
65
28
188
71
54
172
176
54
166
72
56
162
169
68
180
73
37
70
142
122
136
74
114
104
70
47
67
39
105
185
108
110
65
42
51
167
210
137
114
125
6
62
90
93
167
154
125
43
126
130
93
39
130
34
46
155
132
80
24
41
98
149
75
161
82
81
60
63
166
30
141
177
143
79
185
124
167
21
169
83
141
12
135
108
104
119
79
81
101
20
38
125
125
255
140
76
91
46
72
170
17
21
28
151
53
139
91
152
80
79
81
147
74
77
177
36
140
139
81
122
82
148
165
133
62
196
168
72
152
78
102
89
31
105
79
137
139
69
121
104
77
67
157
148
124
143
132
117
159
95
130
33
126
57
67
99
127
83
158
32
89
57
163
200
186
66
94
145
73
141
84
20
53
39
64
133
23
162
40
91
126
131
119
132
168
71
97
20
182
121
105
143
109
125
167
90
98
15
145
87
125
79
86
161
68
258
259
69
181
80
172
78
50
35
73
92
129
153
47
149
174
99
31
60
133
59
150
13
72
147
165
63
96
55
102
127
33
103
124
194
79
49
183
95
109
72
29
51
83
65
76
75
85
151
107
149
64
79
55
84
35
35
72
55
61
106
154
159
56
96
136
42
139
189
140
111
100
125
117
202
49
126
80
47
72
88
50
89
45
86
188
108
79
93
113
86
153
163
102
151
120
84
83
32
88
28
126
97
83
86
86
178
49
52
184
184
63
103
118
183
80
21
152
46
162
134
190
132
234
36
125
130
96
52
116
123
30
78
24
93
49
78
218
79
41
170
140
111
85
74
38
31
161
105
74
145
44
131
79
94
231
82
96
140
49
68
132
43
20
117
83
66
36
47
71
113
225
68
196
60
177
216
88
114
176
29
61
126
117
69
41
55
39
105
17
72
109
95
95
69
51
44
99
137
69
99
132
114
202
133
127
134
37
69
60
117
114
27
161
126
119
167
78
207
111
73
70
104
23
113
51
65
82
49
75
166
93
58
146
98
91
103
110
144
40
189
74
63
104
126
133
147
91
131
173
105
79
39
72
213
134
109
193
108
50
71
69
39
150
66
34
115
109
249
133
38
121
64
52
126
75
134
149
114
77
112
36
37
109
101
221
132
78
78
142
202
131
81
110
63
49
132
30
66
63
188
88
51
79
93
124
77
109
118
196
135
102
174
186
151
77
116
160
39
79
125
44
31
120
95
82
60
70
92
154
102
87
197
119
66
144
210
140
39
127
126
129
144
67
87
113
171
139
139
66
154
81
61
158
35
57
159
70
59
50
89
41
48
179
112
18
90
93
85
141
98
65
74
142
245
266
52
115
189
157
122
64
108
133
62
71
161
62
79
114
149
224
69
49
86
192
110
37
26
165
111
117
189
157
105
62
132
41
105
77
146
57
89
87
101
204
119
17
47
