547 793
479 313
9 40
75 466
148 502
589 188
799 746
440 324
229 534
749 278
392 190
368 165
360 290
680 197
471 362
145 171
85 665
116 101
570 405
385 381
282 706
393 50
392 614
154 76
73 768
166 534
207 69
392 594
394 333
396 738
335 583
564 70
237 656
593 778
629 443
420 581
578 472
665 777
317 633
396 84
338 576
709 466
312 577
194 480
425 544
259 138
690 193
640 721
451 201
109 424
743 785
349 406
507 5
526 675
581 529
274 319
67 732
796 709
596 548
128 386
47 72
35 289
702 343
473 735
220 564
222 628
798 663
346 375
231 16
185 541
628 360
338 443
514 85
164 442
786 588
554 248
661 136
261 776
45 736
445 299
532 504
192 150
600 440
44 310
159 725
673 98
586 168
104 714
369 470
384 122
304 609
748 294
536 756
722 491
775 33
311 477
771 447
387 684
393 282
201 280
784 297
49 472
185 446
254 579
180 256
39 745
462 600
792 459
763 695
285 394
378 309
147 648
527 147
680 769
642 572
185 289
664 206
168 196
655 592
330 322
114 107
290 535
709 458
108 383
473 330
387 604
175 86
728 211
794 330
345 548
723 145
262 106
254 68
379 553
164 788
595 739
541 382
742 120
153 604
103 116
376 777
730 150
439 235
624 193
375 654
470 521
507 485
515 744
111 496
87 325
334 717
408 521
160 369
483 694
656 689
401 267
65 677
710 475
53 295
239 500
601 454
564 213
28 302
793 82
400 311
135 198
476 102
261 437
598 81
86 107
128 70
355 420
541 79
95 611
117 410
329 753
92 186
344 255
654 460
40 638
582 268
491 714
155 568
669 353
325 767
16 771
24 496
647 651
471 614
552 169
596 325
231 295
27 422
428 668
446 703
223 361
343 169
313 112
653 518
748 126
447 617
316 609
319 510
747 555
486 258
167 596
270 165
649 427
434 424
601 568
268 578
378 569
437 563
169 271
668 401
338 336
473 21
666 576
538 632
355 537
195 195
462 333
562 474
507 799
229 115
415 491
553 707
77 311
443 22
630 551
183 404
762 189
393 583
635 295
292 442
208 774
642 24
489 16
608 148
271 356
470 709
188 308
139 344
120 495
311 333
736 734
319 73
484 393
240 262
344 209
658 296
484 742
737 622
121 645
263 31
244 644
477 729
472 231
491 414
638 484
95 483
461 408
61 608
133 761
473 266
436 696
142 262
371 58
800 26
70 300
593 180
583 473
267 766
477 301
294 454
145 82
330 403
564 240
451 648
375 694
225 353
146 522
679 189
381 654
350 571
388 291
304 672
470 466
741 618
260 710
769 296
495 740
323 364
586 84
493 156
215 191
778 119
655 23
700 616
514 660
415 157
175 554
462 173
12 337
102 109
398 587
659 55
263 260
705 602
434 416
234 281
124 620
538 517
650 90
470 493
663 256
27 145
478 146
690 541
536 6
656 480
422 535
405 166
102 416
506 61
354 345
268 537
204 575
579 256
322 266
183 109
95 511
162 704
776 308
39 381
141 753
431 736
200 185
775 87
566 172
541 499
793 136
30 391
776 369
716 266
310 344
300 409
192 559
235 661
562 382
246 476
62 134
382 728
665 267
619 385
34 728
758 10
641 729
82 682
343 444
447 486
6 332
515 703
475 73
568 255
95 140
700 784
699 701
551 347
251 361
315 779
767 378
304 425
681 212
374 662
650 691
470 651
546 610
39 404
762 4
480 656
317 4
19 14
127 334
274 233
517 66
707 720
663 697
123 36
719 125
533 439
304 602
699 670
794 405
162 634
692 401
224 85
31 106
679 54
32 592
168 313
114 298
95 274
73 243
130 296
183 207
119 244
36 146
183 354
70 349
79 273
143 270
26 126
1 79
15 220
354 368
75 364
163 199
293 313
126 132
117 220
41 259
35 212
131 330
199 338
100 343
23 126
112 294
136 349
143 189
106 188
4 243
70 354
207 259
29 175
49 59
353 373
16 179
83 303
196 322
87 156
321 360
145 225
131 206
75 339
43 281
218 377
34 271
101 378
72 216
161 339
19 325
187 387
168 238
125 232
98 164
121 159
31 172
221 261
147 256
46 76
71 171
41 93
229 320
103 210
167 346
79 98
97 144
104 310
263 335
83 227
316 365
245 367
24 105
58 114
180 190
76 238
79 221
38 391
289 348
191 248
60 351
9 128
46 344
132 246
262 399
316 397
7 110
93 122
42 121
137 141
17 330
211 219
76 389
213 310
156 253
17 126
96 393
145 146
54 198
15 304
387 392
52 319
290 333
12 215
84 335
57 386
323 378
256 265
297 313
332 394
70 190
29 194
137 341
144 193
126 330
143 328
112 166
101 192
319 385
244 345
42 326
77 289
24 185
92 291
138 182
146 360
158 162
36 82
84 358
12 98
304 351
75 204
4 301
55 191
189 238
33 92
239 369
84 87
127 344
118 187
51 346
13 373
177 285
288 308
191 241
303 361
129 284
59 242
12 285
126 170
182 301
71 372
46 282
45 295
237 324
98 177
180 364
1 273
24 78
61 83
7 79
175 370
173 311
242 383
163 296
79 124
4 25
53 376
257 264
101 148
166 385
34 207
136 258
112 317
91 344
43 159
114 318
118 298
245 386
88 95
28 79
79 142
82 222
255 289
26 330
82 390
35 321
122 214
19 276
382 397
12 110
15 117
161 277
27 211
17 388
87 263
246 381
121 202
178 271
94 296
192 342
44 360
171 372
72 319
33 37
173 262
365 397
293 385
16 56
21 267
87 355
277 339
29 150
367 392
78 358
76 306
143 238
126 275
299 377
59 383
290 343
219 284
72 237
54 312
71 276
139 275
37 357
122 157
78 355
129 201
81 220
50 386
106 212
189 294
139 351
82 178
21 89
4 148
165 176
274 276
154 357
22 211
200 380
188 278
133 211
233 353
13 141
200 212
5 116
89 300
228 363
19 51
168 293
7 124
154 387
59 323
81 337
13 76
211 305
55 292
264 273
8 210
178 320
135 226
32 289
134 335
150 286
53 153
4 69
14 309
41 107
87 358
154 375
240 256
77 370
105 358
187 357
120 351
67 292
208 261
154 392
1 221
237 363
52 237
35 106
30 129
87 332
311 358
10 48
177 329
265 376
20 184
69 347
23 170
157 259
84 263
216 319
27 305
184 352
94 356
38 201
334 342
170 304
26 68
204 257
92 362
262 311
160 207
142 264
31 293
42 201
165 220
315 353
193 265
57 108
139 365
227 269
11 39
142 155
101 186
296 338
93 318
279 374
236 313
55 280
35 125
194 251
181 265
131 254
95 167
146 314
62 333
88 151
190 349
193 283
119 345
153 251
310 384
81 165
205 253
220 295
161 328
91 333
63 256
208 360
199 231
163 338
116 270
99 266
268 338
128 344
81 396
135 357
201 284
10 11
5 112
157 178
183 250
130 282
90 103
65 255
276 372
104 191
161 270
41 96
69 327
133 151
379 398
86 339
120 388
52 363
32 348
110 215
28 98
40 284
143 161
231 341
79 164
85 199
108 392
201 391
80 146
34 214
25 243
139 304
41 122
41 395
155 177
215 345
102 159
234 359
47 387
32 286
13 130
11 197
83 149
116 353
247 390
93 203
205 301
141 389
191 307
166 363
225 321
146 222
294 339
3 260
188 218
91 290
35 305
5 277
114 118
14 79
240 362
35 211
13 315
274 346
177 196
75 270
133 232
192 323
252 392
183 233
8 327
128 393
101 331
162 361
158 303
147 153
123 174
96 157
37 50
16 253
181 291
58 118
134 332
55 215
82 271
61 158
201 210
218 380
9 127
243 260
111 332
249 329
115 310
97 265
49 378
35 188
208 287
195 369
276 325
256 291
25 69
9 333
34 320
43 102
34 36
239 346
152 323
367 387
1 124
36 312
153 380
147 181
48 264
128 343
104 266
45 131
146 258
30 40
187 392
115 241
323 342
44 151
40 211
76 282
108 245
91 343
8 25
5 86
8 43
65 348
274 359
98 285
194 278
155 164
50 113
256 336
330 396
172 237
99 280
171 276
245 366
118 209
65 103
255 286
83 334
85 297
251 336
209 229
115 248
268 356
336 352
342 378
146 312
333 393
151 212
284 391
203 288
217 229
23 120
15 176
84 235
275 304
93 320
153 181
60 316
39 300
252 298
91 128
79 204
61 227
108 288
153 376
97 279
109 346
298 308
33 226
104 337
277 328
28 155
382 388
51 276
156 355
113 366
83 158
152 230
195 239
124 221
120 330
265 336
142 322
346 359
63 265
84 134
111 358
125 144
196 249
142 257
116 143
21 246
36 340
299 362
34 178
76 143
257 302
6 386
58 209
70 250
67 346
56 358
162 269
325 345
12 28
117 165
74 252
205 311
46 315
81 224
227 242
247 261
260 331
306 398
356 398
46 141
209 217
97 194
324 363
12 119
147 291
258 287
210 326
115 242
105 185
15 17
13 116
152 174
302 317
237 319
35 44
69 205
26 132
215 292
67 215
41 320
129 232
265 352
184 370
235 272
60 382
179 358
239 292
78 105
93 157
30 90
5 180
120 275
49 174
40 121
116 127
25 148
56 78
255 348
288 298
53 181
191 195
278 376
276 359
73 152
54 80
65 205
13 46
30 201
276 345
71 95
251 291
137 338
71 88
275 330
90 391
139 397
253 394
58 217
133 284
64 103
15 295
22 305
16 311
198 318
182 281
91 100
188 380
256 362
295 337
222 271
346 372
23 139
45 197
44 225
56 335
48 294
10 249
181 240
124 204
173 179
252 308
125 284
349 390
97 374
193 194
205 347
124 164
67 345
194 256
31 112
189 277
47 187
41 178
68 132
275 388
8 121
154 367
15 165
125 305
50 57
169 382
81 295
52 324
39 89
333 344
4 281
20 286
18 136
221 247
89 322
270 339
260 281
30 133
113 386
126 396
1 14
109 345
86 277
76 130
27 133
93 96
162 334
23 169
45 337
83 342
4 182
79 285
72 324
60 169
79 155
1 7
3 331
97 352
194 380
64 205
8 350
217 318
315 344
351 397
265 278
20 32
250 344
170 275
86 161
25 64
47 357
149 269
63 181
48 322
105 156
299 376
54 58
131 224
190 233
72 293
53 226
114 229
188 212
181 226
48 142
131 132
7 164
248 384
144 283
109 234
161 189
257 273
193 279
76 313
59 230
197 206
168 297
53 377
49 323
170 330
386 392
114 308
349 354
232 321
239 280
95 350
94 163
11 89
15 337
182 347
177 249
149 242
26 131
64 347
286 391
312 340
233 250
111 205
70 233
85 130
190 328
131 197
180 233
53 380
5 270
42 219
58 312
79 257
28 67
100 371
168 172
313 398
198 217
287 360
19 309
27 212
161 180
100 344
85 313
92 226
128 333
54 259
198 320
209 377
332 335
31 319
68 381
69 281
162 303
38 40
183 214
47 367
98 155
11 249
3 148
64 69
85 236
88 225
163 389
160 271
16 355
95 121
114 198
235 289
176 365
142 302
9 100
0 33
8 69
85 398
30 284
61 303
198 209
250 353
212 305
314 360
343 371
160 178
215 244
23 304
169 397
17 365
166 302
2 397
120 139
146 390
144 279
37 387
137 296
100 333
268 379
122 320
261 309
35 133
29 336
19 28
313 389
55 307
247 309
172 319
95 372
182 311
272 286
44 212
59 149
90 255
169 304
71 234
160 390
116 315
137 199
100 290
269 303
304 397
92 147
205 327
26 254
101 243
45 224
20 77
228 267
213 266
301 327
287 390
193 376
92 251
159 350
220 337
218 376
3 378
29 352
5 364
62 395
72 294
281 331
9 344
143 373
88 202
55 195
175 272
103 391
97 283
303 342
73 102
307 329
65 327
111 253
64 182
206 337
173 253
22 35
241 266
30 211
46 389
188 377
315 373
162 227
119 215
203 318
22 27
140 184
118 318
77 184
194 291
202 326
278 380
95 234
51 325
112 302
211 321
72 385
228 324
53 218
294 302
127 373
51 67
34 82
221 273
67 325
140 352
225 314
86 189
37 47
40 129
30 219
213 248
211 232
136 368
113 367
16 173
82 207
16 399
138 311
89 196
172 324
12 155
31 168
6 50
317 322
97 193
153 256
24 56
239 244
106 200
130 141
138 327
216 237
345 369
227 303
192 378
223 251
189 270
14 258
141 296
18 34
56 355
44 133
190 250
33 135
115 191
23 275
9 91
59 123
3 49
17 275
204 264
187 367
112 189
107 393
31 72
246 267
181 362
281 347
292 345
49 148
0 223
180 328
62 91
357 367
48 257
42 284
72 172
163 268
86 270
89 267
174 323
45 132
110 325
178 395
93 107
272 289
26 224
165 266
334 378
151 360
291 362
95 359
43 350
8 159
103 326
125 283
81 117
253 311
14 247
298 392
206 384
20 272
100 128
66 252
225 360
32 65
47 154
73 230
386 387
109 274
94 379
194 265
45 396
97 336
205 394
259 271
165 337
64 301
355 358
150 272
218 299
213 241
145 151
215 325
338 379
292 325
229 318
131 246
153 299
87 105
229 259
55 239
1 264
40 232
78 185
153 265
25 301
233 364
314 321
324 385
175 184
214 354
235 263
27 144
190 354
121 326
55 119
89 197
338 341
8 347
19 292
86 143
197 246
184 272
45 81
119 325
55 248
96 107
181 256
97 150
36 160
61 334
36 390
179 262
81 330
186 260
6 66
276 346
3 192
159 167
104 213
71 346
80 340
156 179
5 238
15 139
261 390
12 164
239 345
120 170
284 305
197 267
167 372
244 325
157 318
258 309
140 370
80 145
357 366
28 110
64 159
251 362
70 368
53 362
24 358
231 296
16 78
150 370
20 348
39 228
71 359
56 156
249 322
240 251
42 391
24 87
123 323
64 326
7 98
62 250
31 385
59 73
22 125
123 242
8 103
173 399
86 238
16 87
182 205
329 384
124 247
30 38
139 169
135 147
101 260
76 85
49 73
94 199
186 192
130 231
50 366
167 274
61 162
116 373
21 39
127 282
54 340
64 327
326 350
103 121
258 261
20 150
274 372
143 282
127 141
8 301
217 252
109 369
30 391
277 364
123 152
17 23
119 292
111 138
112 270
157 198
222 390
216 385
307 310
366 367
77 235
163 379
151 211
94 338
51 71
80 390
153 291
77 175
202 219
98 142
119 329
0 147
16 262
132 396
156 399
98 110
175 352
300 302
62 128
105 355
110 285
66 108
78 156
43 301
110 329
181 251
254 396
91 127
120 304
254 381
123 378
210 327
72 112
207 320
216 324
308 318
53 299
6 245
238 339
137 231
121 129
99 115
129 202
158 227
6 108
17 170
113 375
76 141
82 160
99 307
125 133
208 309
5 328
115 383
149 383
63 291
55 345
112 385
150 352
306 313
343 393
62 70
57 245
90 201
103 255
44 232
112 339
44 314
93 198
120 169
120 126
127 231
202 274
203 308
22 232
63 362
233 315
63 336
259 320
37 386
7 273
113 357
13 353
158 269
222 312
48 204
129 219
2 60
240 291
37 366
54 271
111 394
17 139
29 97
147 362
18 271
227 361
311 394
267 381
23 388
164 221
47 113
115 266
122 178
62 183
26 396
18 390
109 167
70 183
138 394
176 316
69 182
21 381
18 160
356 379
296 389
307 384
161 364
359 372
22 144
25 281
17 60
36 259
145 312
110 155
52 72
4 73
36 54
136 390
287 309
73 174
236 398
230 280
80 271
60 397
109 276
35 232
182 327
344 353
375 387
213 220
169 365
51 372
83 162
43 69
41 207
282 315
49 260
117 337
195 241
172 363
226 362
109 372
48 300
44 305
79 264
194 336
31 324
207 214
122 395
141 338
55 310
280 369
178 207
40 42
193 374
389 398
150 289
193 240
152 241
56 263
258 390
19 208
145 314
166 324
23 330
376 380
61 149
46 373
296 341
18 222
281 301
270 277
3 101
240 336
87 335
4 43
180 277
302 322
56 185
318 320
60 304
54 229
200 376
134 263
238 313
186 331
286 289
55 369
287 314
75 328
208 225
13 143
68 126
195 280
50 245
133 305
61 269
10 322
292 372
222 340
158 383
104 248
22 374
44 211
44 321
17 120
174 242
131 396
245 392
68 254
274 350
45 206
153 278
169 170
269 383
63 147
297 398
150 175
158 361
156 173
32 255
130 389
5 189
177 384
262 358
67 119
191 213
198 229
16 358
77 272
164 285
109 280
39 363
5 161
84 332
233 328
94 137
207 354
148 260
250 315
228 385
122 207
108 386
104 117
118 229
132 254
163 356
42 129
139 170
141 199
29 140
366 386
211 284
375 386
3 186
169 275
148 281
187 298
40 125
6 57
46 143
99 310
51 171
82 354
36 222
37 135
160 320
251 256
115 213
196 197
2 316
18 82
206 220
48 302
293 306
224 337
17 169
69 301
154 386
240 265
21 228
185 355
156 262
22 283
236 297
2 382
142 204
82 349
145 287
191 310
127 296
60 139
146 340
188 200
90 210
63 240
36 271
201 286
138 301
38 90
141 341
64 65
140 150
241 310
20 255
87 253
54 222
26 170
86 112
5 143
109 292
354 395
22 200
104 220
89 246
230 242
17 351
235 335
285 325
297 306
164 215
276 292
92 223
367 375
181 299
234 276
123 334
25 347
112 161
74 203
225 287
234 372
95 202
371 393
147 226
244 329
20 289
28 215
15 120
328 364
112 172
173 394
168 306
352 370
99 191
76 116
11 196
39 267
240 380
0 135
3 174
146 287
199 296
110 177
0 92
27 232
160 259
74 308
47 135
349 368
179 399
195 230
117 266
28 285
169 351
152 383
14 261
58 229
200 278
145 321
83 361
88 359
203 298
217 308
108 252
2 169
253 358
63 153
66 245
153 194
247 258
147 240
143 339
178 198
138 347
49 243
207 395
135 154
57 367
11 322
62 371
74 298
117 295
24 263
10 89
178 259
58 340
294 300
249 384
67 71
21 216
99 104
173 358
187 217
30 42
241 248
208 258
10 155
52 216
316 351
333 371
82 320
118 308
210 391
300 317
241 383
132 197
268 296
216 228
139 176
271 312
151 225
260 323
51 292
167 234
65 394
47 392
179 253
228 237
40 201
19 67
128 290
304 365
282 373
25 205
149 158
36 80
14 136
78 87
13 127
68 396
44 145
111 173
217 298
308 392
375 392
10 196
4 331
226 299
43 73
104 295
171 346
3 243
148 331
194 240
29 279
193 200
137 389
238 293
168 236
232 305
124 273
182 394
7 285
12 325
75 277
166 172
48 317
110 119
80 314
85 389
133 219
63 251
199 389
72 317
96 122
246 254
236 293
170 388
4 260
56 105
271 340
38 42
46 116
357 386
41 157
143 315
135 375
34 259
18 354
106 376
142 273
279 352
114 217
196 300
141 282
241 242
317 363
40 133
141 231
27 284
212 321
123 149
212 232
72 363
351 365
234 346
145 360
140 336
62 343
28 164
108 367
157 320
155 285
283 374
149 162
129 211
27 283
130 341
243 281
301 347
153 240
35 200
193 380
10 302
172 385
206 295
66 288
12 244
191 280
63 194
12 177
266 383
224 254
109 239
151 219
290 344
70 207
286 348
269 361
42 90
333 343
114 209
99 248
16 156
176 351
18 36
15 365
14 124
40 391
193 278
204 273
206 224
54 114
122 393
49 123
127 130
20 175
87 185
16 111
26 275
130 199
96 371
18 349
25 331
149 227
58 198
169 316
126 224
12 329
272 370
28 325
106 278
154 187
199 341
1 164
15 81
13 282
39 246
300 322
151 321
4 102
113 154
27 40
234 274
56 87
14 273
172 293
338 389
27 35
164 325
340 390
83 269
7 28
88 171
5 75
33 47
9 62
282 389
85 141
104 115
196 206
47 386
55 244
253 262
177 307
138 173
279 283
128 371
40 219
327 394
125 211
82 259
64 210
11 48
248 310
5 339
267 363
25 327
203 252
208 247
338 356
352 374
51 359
181 194
132 224
130 137
148 186
189 339
74 288
227 383
0 251
357 375
73 323
81 126
71 274
156 358
102 350
10 142
145 212
23 396
90 286
153 362
7 221
327 347
85 168
323 334
265 279
367 386
113 245
120 365
137 163
237 385
46 130
47 375
33 357
161 238
42 103
67 171
28 119
160 222
104 241
223 291
27 125
224 396
248 307
166 294
11 300
236 306
61 361
190 368
84 111
7 264
24 355
40 90
293 324
121 210
334 361
147 251
187 375
17 304
299 380
24 335
116 282
165 365
167 350
42 210
232 284
125 374
198 259
76 373
72 166
295 384
144 374
263 332
238 270
19 171
342 361
178 214
138 253
67 276
14 221
187 308
348 394
92 135
96 343
148 243
190 364
234 350
118 217
62 290
94 268
110 164
363 385
54 209
7 14
70 214
357 387
241 280
23 26
80 312
314 340
288 392
107 122
0 291
3 323
138 205
271 390
252 288
253 332
20 370
104 165
243 331
123 383
10 300
214 395
8 64
171 359
129 133
80 222
57 66
244 292
163 341
134 235
38 286
216 363
25 43
183 395
113 387
76 398
166 317
124 264
59 174
59 152
152 195
37 113
99 241
303 334
152 280
66 74
149 334
46 127
25 182
147 223
75 180
174 230
102 230
133 321
224 330
159 326
152 242
150 184
261 287
2 351
294 317
117 213
18 368
150 279
111 311
136 247
85 137
75 161
67 244
52 385
103 347
103 327
106 380
140 175
150 374
34 160
9 290
192 334
85 306
52 228
244 369
99 213
319 324
34 354
188 376
46 231
29 265
62 214
344 373
24 134
292 346
8 326
1 204
88
116
47
73
160
130
44
183
94
111
86
99
96
105
55
94
31
159
131
168
40
126
66
199
129
175
39
72
59
78
25
78
60
118
91
107
105
63
46
137
125
60
95
94
169
128
24
99
170
97
95
90
80
129
27
45
128
72
117
117
64
48
54
121
33
82
134
43
115
15
57
107
84
100
73
162
121
95
92
98
70
119
194
228
173
58
108
85
84
111
32
135
94
98
80
188
129
58
70
211
170
58
68
22
67
81
189
155
91
112
188
96
62
158
118
72
207
82
109
119
18
161
189
162
115
77
179
49
60
233
97
106
71
80
129
82
109
26
97
61
95
94
42
72
58
72
15
45
101
28
86
54
50
36
159
112
154
19
34
52
27
45
39
39
41
108
46
56
176
87
120
111
36
139
147
115
119
128
99
49
149
146
182
99
170
69
110
76
132
60
199
35
50
59
32
81
130
171
111
204
136
79
161
108
147
203
94
114
169
147
51
126
110
134
64
186
167
73
81
145
86
105
39
161
78
85
80
86
37
16
173
128
199
125
103
57
139
99
64
115
79
96
97
69
105
44
79
80
80
217
70
81
103
25
97
17
59
57
68
39
199
43
86
43
92
123
75
144
121
112
183
130
86
9
42
100
77
209
175
55
40
52
46
76
28
133
99
128
187
131
36
84
190
28
36
187
113
113
19
114
68
44
32
49
144
36
80
174
68
124
54
69
78
14
72
107
38
20
179
102
71
72
59
33
172
88
58
97
163
186
152
54
101
169
101
117
70
134
179
97
178
20
117
55
13
183
104
27
135
74
192
150
121
89
97
86
199
74
121
168
172
46
35
186
61
71
57
117
198
28
200
136
10
105
69
22
113
72
137
153
153
26
54
71
84
14
16
145
127
60
178
145
90
82
71
224
135
86
133
189
76
63
135
80
84
130
112
38
91
44
46
156
66
166
107
48
114
74
126
219
33
174
81
151
62
148
75
106
76
102
78
175
194
106
43
117
175
110
39
50
64
64
77
69
160
119
147
108
139
84
82
82
134
45
54
82
118
80
154
165
148
64
43
176
76
91
177
105
98
42
131
20
152
38
173
63
45
128
136
233
177
30
125
68
110
27
111
54
67
129
67
92
153
84
143
125
65
132
108
191
132
68
123
93
76
26
60
188
114
84
137
99
88
112
74
132
175
58
151
198
105
72
60
60
173
115
30
60
24
211
111
66
144
287
55
116
57
50
78
96
13
124
68
218
91
153
92
140
60
75
98
96
169
133
81
43
85
73
215
36
88
116
152
73
65
100
90
128
102
143
136
171
52
82
59
140
114
125
102
82
124
60
96
42
173
83
82
33
68
42
50
45
157
53
46
71
161
109
87
27
94
78
153
153
11
36
74
209
107
34
85
68
168
38
29
57
74
185
24
106
153
89
76
26
96
62
63
19
118
45
86
15
170
79
94
81
50
93
57
80
69
137
43
82
119
29
55
48
188
76
116
154
63
153
61
111
141
89
137
94
52
53
73
221
141
51
151
177
134
125
75
90
103
64
72
56
120
282
139
134
97
189
36
45
68
152
129
67
110
129
118
88
85
112
180
80
63
89
158
100
115
215
148
118
53
130
159
83
78
120
132
168
68
80
92
42
100
87
95
48
75
122
17
32
39
81
82
58
30
43
102
211
96
29
96
132
42
78
106
69
17
62
97
160
69
67
62
140
81
110
22
105
135
166
109
161
59
105
120
67
82
112
84
99
129
73
75
25
44
148
137
168
154
67
70
88
16
148
114
148
104
182
142
70
127
71
92
116
107
183
56
57
66
217
82
86
114
178
203
127
38
112
112
97
25
63
94
109
148
72
180
60
103
79
94
180
132
144
102
60
124
93
50
120
136
50
72
37
24
74
58
132
119
104
135
94
38
131
99
119
70
28
104
61
81
127
61
81
118
120
149
101
90
171
260
36
183
103
20
125
122
108
14
35
136
107
34
48
198
173
40
199
221
54
42
100
86
118
38
21
85
150
23
167
127
187
96
49
102
106
72
99
75
58
163
47
88
77
39
112
169
100
45
144
129
133
195
66
72
29
136
26
79
135
166
148
151
32
95
119
210
116
56
134
124
79
90
55
38
101
41
75
111
91
153
32
125
142
50
59
173
161
148
235
96
153
39
121
81
135
197
61
81
36
105
36
13
92
47
148
149
42
140
105
140
87
91
75
60
117
97
50
19
35
40
92
46
24
80
96
158
60
121
52
130
32
125
77
22
92
189
37
77
52
162
18
181
25
71
63
199
173
72
77
90
50
112
109
125
143
105
101
84
151
48
38
109
77
139
39
95
70
53
99
111
123
81
59
31
108
92
88
62
114
119
80
238
62
89
116
21
182
41
103
101
53
215
137
43
54
126
120
49
31
226
100
34
40
65
129
166
111
44
95
103
133
52
130
133
43
90
173
85
81
40
25
70
29
256
97
89
73
173
245
61
137
133
30
109
23
72
126
204
109
84
118
103
54
84
98
116
85
109
74
109
193
44
184
124
154
55
133
128
124
133
128
129
8
135
132
67
27
141
97
138
174
146
116
112
13
84
152
190
80
104
38
126
142
113
37
207
110
88
76
236
78
103
45
60
37
39
94
142
134
37
147
159
34
123
45
113
85
62
140
48
56
47
109
106
70
118
98
206
69
172
45
88
72
149
152
74
105
108
124
148
90
124
92
107
117
93
243
89
146
50
165
21
55
93
126
197
176
43
191
111
13
74
185
155
70
117
140
167
39
86
129
177
98
35
93
75
139
91
88
179
30
104
61
18
128
200
67
61
113
199
96
106
105
222
156
32
175
143
118
173
92
41
80
106
112
156
82
54
133
79
46
108
103
137
143
36
109
98
18
85
79
98
156
42
50
109
99
100
93
85
188
114
181
71
58
145
86
60
121
55
77
85
162
104
98
75
12
70
70
103
102
50
69
91
122
180
121
202
66
157
85
63
162
77
88
76
80
93
47
99
83
14
221
40
131
32
87
205
89
68
100
105
170
49
106
79
134
85
65
112
32
80
191
128
70
68
29
94
230
176
137
182
147
117
83
69
130
103
14
134
62
50
132
95
181
65
80
73
143
46
101
184
131
154
155
104
113
77
167
135
136
57
44
179
87
120
16
91
43
54
66
185
74
224
160
58
93
22
10
198
97
138
71
130
43
88
77
117
62
57
49
72
181
32
52
58
155
174
142
77
46
46
28
45
133
83
89
27
123
245
120
21
48
128
165
152
68
105
105
201
56
119
32
121
121
54
141
90
156
78
145
89
91
112
74
33
80
34
231
71
29
61
64
114
61
149
54
135
81
88
31
75
45
77
109
163
119
21
47
122
78
131
39
219
157
90
42
91
52
13
116
90
44
166
95
155
93
157
180
74
236
151
79
80
133
159
90
176
147
169
119
105
69
165
119
121
74
61
78
143
73
219
117
92
34
48
114
127
151
60
161
158
26
183
110
89
151
54
83
53
99
94
209
141
72
89
192
72
23
76
133
66
83
63
158
81
59
64
67
103
96
32
86
115
92
214
59
127
185
84
60
261
44
32
60
63
173
170
137
58
99
275
99
196
249
64
160
101
46
215
100
204
108
116
71
167
168
44
108
135
166
55
85
81
71
129
72
101
87
183
217
49
79
111
33
90
120
93
74
211
108
95
53
60
53
57
48
182
86
110
187
179
58
107
140
153
124
104
53
127
137
180
91
110
145
108
32
35
123
103
45
146
98
12
60
91
139
90
16
182
154
108
125
133
33
27
37
146
70
178
141
52
164
71
77
116
80
80
12
152
188
87
56
118
133
103
47
176
158
75
157
127
57
72
70
154
126
44
82
76
78
173
191
59
95
90
65
14
112
45
132
85
64
23
22
105
106
82
47
177
189
168
172
113
113
90
168
81
109
103
125
115
189
54
104
89
104
25
123
158
124
78
125
51
51
115
167
135
84
103
123
114
162
163
32
72
72
186
48
119
158
80
81
106
66
143
96
106
181
58
18
216
26
31
150
161
63
23
113
160
53
101
52
120
139
48
92
136
166
124
152
123
195
54
149
184
86
72
225
91
108
96
91
176
104
148
138
177
48
62
110
143
172
168
189
160
83
52
122
62
182
25
72
70
213
90
129
198
62
44
185
143
77
158
87
84
46
37
126
163
142
55
178
43
72
107
65
41
173
190
106
56
91
61
127
165
11
66
40
167
115
71
150
79
98
175
158
93
193
125
78
65
111
27
57
76
67
166
86
103
61
117
45
83
108
185
12
111
39
97
181
81
75
33
34
143
124
168
100
10
212
164
21
220
43
53
91
83
73
67
55
118
158
30
157
186
203
166
92
21
163
8
163
200
189
89
120
73
63
63
36
78
85
78
53
129
113
47
76
84
80
123
190
130
120
76
107
114
39
51
84
166
111
91
46
66
106
40
77
54
68
65
127
47
132
133
167
21
147
156
94
75
74
84
96
79
67
190
144
108
129
104
76
29
54
129
89
113
97
132
145
46
104
171
194
89
141
85
55
136
