528 314
350 579
756 527
38 76
502 412
430 362
681 435
579 111
575 352
549 297
406 145
20 340
31 651
72 150
16 422
421 602
60 574
484 369
335 795
194 722
482 399
310 594
195 249
553 581
106 340
311 396
384 371
460 76
199 689
251 431
83 249
132 652
795 355
413 319
21 789
651 142
76 435
633 448
240 562
554 219
528 520
15 218
29 622
278 373
345 753
765 275
458 220
468 461
182 1
99 732
540 779
332 741
391 189
44 699
16 481
244 307
245 496
660 541
368 334
140 609
53 732
84 143
667 181
298 137
175 95
145 468
129 309
319 70
649 185
210 586
148 3
636 128
307 23
571 417
384 185
510 610
717 582
113 61
614 420
713 53
690 302
311 603
139 638
102 358
438 771
427 393
483 545
33 126
378 549
511 338
642 175
472 275
363 654
752 179
176 191
160 718
552 747
207 445
60 210
368 11
473 466
208 225
118 77
557 64
347 157
320 254
93 209
369 695
505 533
593 126
299 30
526 707
132 95
491 330
165 215
161 785
662 199
636 492
648 302
204 783
314 346
752 751
97 62
201 44
440 197
787 489
591 91
706 561
592 207
42 609
782 644
41 259
600 651
557 58
284 218
742 244
654 84
103 247
736 468
540 281
275 442
755 22
641 88
440 605
518 238
469 618
311 255
120 88
460 208
332 200
196 353
605 124
734 619
294 220
439 280
509 631
653 305
267 689
661 614
749 151
116 8
414 757
140 788
310 335
164 504
155 471
530 684
120 336
4 39
520 648
611 512
38 527
55 386
308 625
596 706
102 552
384 64
535 59
343 337
263 345
324 420
782 624
453 40
13 290
745 321
462 476
457 678
206 168
365 245
101 166
83 634
66 710
119 245
296 798
26 71
63 734
131 714
596 84
448 532
618 569
76 616
530 497
454 143
38 382
581 243
645 404
526 781
762 383
1 61
721 463
523 196
92 762
153 382
380 778
410 240
52 749
429 201
219 380
331 714
164 104
63 160
124 404
514 596
562 146
624 325
381 290
722 648
167 413
121 603
660 760
311 693
315 134
245 419
104 231
443 138
598 48
214 5
212 730
136 423
97 249
434 778
576 613
604 97
579 364
607 793
775 473
702 330
321 314
489 68
361 341
182 232
423 717
498 709
766 36
461 704
377 485
228 598
92 172
406 592
196 39
470 437
247 676
245 526
329 246
620 28
441 586
725 700
272 154
354 443
84 78
713 767
308 92
789 281
146 750
588 577
218 714
75 129
393 281
689 110
72 357
735 691
730 155
278 282
14 369
269 332
115 761
72 10
539 607
106 135
194 615
179 794
612 118
121 302
750 366
214 660
579 331
555 531
547 170
14 24
306 171
761 732
117 553
564 464
348 296
700 183
67 14
113 102
779 593
186 192
44 427
265 355
433 143
166 734
793 538
639 449
675 110
121 504
348 173
353 565
560 582
195 797
694 167
55 662
447 447
220 313
478 361
264 574
718 370
229 589
3 655
217 689
582 716
623 202
124 665
448 731
237 701
449 84
464 795
573 278
624 769
462 185
166 514
143 334
230 787
273 487
416 647
162 27
687 482
760 566
510 573
176 761
111 162
137 655
564 793
613 155
138 111
754 252
61 676
139 593
770 302
267 499
499 314
422 574
78 158
124 156
676 183
684 445
435 794
443 390
763 426
48 66
256 653
204 739
70 231
145 272
600 167
572 359
48 1
20 493
313 565
148 67
33 761
250 467
24 416
0 525
680 60
34 578
599 37
484 245
48 591
339 603
58 227
126 551
73 189
371 137
198 123
618 799
131 622
573 376
764 51
31 397
18 44
2 245
96 337
44 230
30 391
50 353
166 331
62 281
138 245
7 197
7 71
143 198
3 208
172 221
42 322
0 295
52 317
59 358
94 395
129 357
6 327
50 252
98 131
147 380
111 186
81 390
36 309
137 373
200 389
174 229
31 190
9 295
326 379
38 256
316 392
36 172
56 360
19 275
199 274
21 81
195 357
142 235
28 294
54 378
10 216
125 369
10 394
30 183
229 244
5 58
73 243
114 308
150 179
356 359
3 269
256 289
230 335
32 293
279 309
155 169
15 145
116 321
129 322
6 138
219 306
218 230
74 216
126 133
103 242
30 192
56 97
279 283
36 238
7 109
134 299
120 163
179 247
128 204
171 378
141 399
118 224
17 325
28 237
1 379
159 281
257 363
59 228
192 374
146 247
332 365
209 314
155 166
161 213
94 364
163 282
222 349
169 252
10 340
242 291
60 357
308 395
81 173
36 203
153 317
84 254
39 139
102 219
89 398
208 377
187 219
74 214
20 100
191 215
29 43
291 354
78 314
233 373
13 351
173 318
13 288
9 243
145 222
298 370
206 252
10 74
50 244
8 9
161 254
49 285
157 294
56 382
251 367
78 376
178 225
15 345
70 236
23 40
64 346
171 384
282 284
274 287
207 369
95 372
49 215
139 204
157 371
61 364
84 161
249 303
137 239
33 249
64 355
88 362
18 240
201 302
217 382
125 313
160 286
189 276
273 290
75 143
78 398
34 381
4 323
101 250
32 369
192 391
177 248
107 251
0 113
157 335
8 224
158 199
5 17
55 324
92 345
149 153
39 210
190 200
16 175
177 182
23 155
205 246
234 340
161 240
73 398
340 388
109 223
48 236
320 372
298 377
65 238
120 180
45 80
156 246
110 176
19 350
210 297
40 108
16 301
97 140
37 302
2 127
14 309
80 184
379 390
68 354
94 250
40 201
152 158
3 87
26 120
25 232
74 188
339 396
68 375
11 383
190 333
281 321
243 295
307 313
49 196
66 192
160 377
229 339
22 94
98 239
189 351
153 263
149 317
51 107
60 211
115 162
9 204
133 248
12 386
220 351
144 148
331 339
117 366
179 324
148 210
47 100
259 346
71 278
199 319
8 398
205 327
168 377
9 89
154 225
189 220
115 350
8 73
37 205
107 230
71 151
35 62
2 138
23 108
192 292
2 76
168 298
88 198
211 381
248 336
27 202
158 274
118 156
108 319
130 348
42 200
61 220
50 337
178 303
106 363
97 238
15 265
202 311
169 186
139 388
188 225
142 242
238 316
114 192
33 225
58 277
106 351
21 326
7 223
187 395
114 374
95 196
93 365
83 342
121 300
179 310
11 283
115 320
326 390
198 362
25 180
284 310
127 226
85 268
126 197
89 139
67 72
17 260
205 366
214 277
80 356
22 374
53 191
231 299
93 135
180 382
6 37
86 145
80 246
197 242
266 270
12 190
102 112
69 358
228 352
373 391
192 239
161 337
63 299
213 334
24 342
155 349
186 254
84 337
66 83
10 317
0 9
23 274
41 98
237 261
251 252
90 365
306 380
217 232
106 137
111 174
146 188
290 320
179 284
82 190
384 389
32 359
100 198
80 224
0 338
19 294
252 331
3 276
299 317
184 327
186 345
106 189
274 319
341 392
62 304
22 324
121 130
292 374
253 278
56 344
136 242
165 316
113 139
171 175
207 245
29 344
41 373
103 177
74 149
229 331
265 362
53 322
247 284
48 123
224 338
262 360
71 136
72 236
203 283
126 387
76 307
120 284
25 120
79 141
144 210
4 100
125 307
48 380
184 359
242 387
109 354
279 383
92 258
94 114
317 394
202 216
167 342
43 180
246 327
91 154
100 108
58 225
24 203
280 300
181 313
16 389
187 267
3 122
58 85
237 330
254 345
109 151
103 126
85 260
29 360
115 285
61 276
176 182
28 312
288 364
186 251
296 319
30 239
194 370
191 195
299 394
166 252
39 128
222 319
326 360
68 321
25 179
150 212
126 142
6 366
347 366
20 325
126 242
212 227
276 351
106 391
27 248
96 244
190 397
247 249
228 392
140 180
39 204
153 282
228 301
10 234
40 86
63 231
120 178
59 352
58 249
124 340
309 383
43 140
96 353
56 232
167 212
45 359
210 388
257 364
168 194
88 379
106 373
44 51
146 282
225 247
211 273
219 355
275 294
73 205
327 359
297 375
107 345
42 129
293 327
87 363
183 283
148 216
159 365
263 303
17 85
89 325
161 367
137 292
47 185
73 302
40 349
42 190
85 368
23 319
31 358
307 348
31 228
21 318
245 313
119 320
34 60
197 264
80 327
29 180
181 226
301 392
101 308
112 306
137 233
162 273
134 149
116 365
145 155
1 362
74 394
182 248
185 198
322 329
355 395
136 315
48 346
59 397
244 396
78 117
157 275
15 88
145 362
5 368
262 382
229 300
165 221
81 318
295 398
70 259
35 136
164 316
222 241
6 117
70 160
97 227
0 144
119 372
45 184
0 376
316 341
141 253
285 312
351 363
59 289
105 153
96 206
194 208
262 326
166 186
145 265
183 391
273 372
233 239
171 389
263 299
42 386
257 393
8 338
17 89
10 52
11 172
84 367
30 106
61 257
172 203
205 243
130 266
76 152
189 288
102 288
93 356
108 349
104 231
292 342
161 251
19 119
250 308
48 160
195 381
64 395
3 370
331 353
40 100
26 85
189 257
304 321
174 353
124 311
102 269
320 343
141 385
188 277
0 243
169 222
192 233
236 380
226 300
127 347
21 92
66 212
8 243
258 362
67 394
16 384
103 235
220 276
225 303
95 330
231 267
320 350
148 388
31 333
143 265
241 274
334 367
288 363
12 389
273 312
212 238
51 161
231 317
52 104
164 392
86 185
272 293
51 213
202 234
125 209
216 234
206 353
28 372
9 224
88 258
184 356
46 388
51 157
8 376
361 388
25 310
311 340
193 343
310 324
87 276
167 279
350 372
351 364
64 259
173 390
50 96
173 230
79 136
131 239
67 110
88 318
45 246
91 139
7 103
188 317
99 271
302 314
29 232
91 361
28 330
13 364
129 200
97 164
71 90
30 98
12 42
276 288
69 289
25 268
157 330
116 304
76 181
61 87
154 361
127 158
150 310
335 372
111 252
60 381
88 255
205 314
69 262
38 326
196 352
240 334
174 331
67 271
47 323
152 181
169 287
51 193
66 374
133 235
269 306
293 369
55 163
89 113
76 313
77 346
7 242
29 56
143 145
57 117
122 160
23 75
67 176
289 397
282 324
290 312
98 233
216 388
106 192
208 370
247 282
11 203
213 240
207 327
147 269
22 308
5 33
3 298
26 58
237 343
40 296
149 231
55 282
323 368
44 213
221 238
160 305
71 354
240 337
376 398
352 358
37 78
67 231
145 349
37 347
294 335
46 340
136 142
242 354
109 291
222 274
116 332
331 396
210 340
14 172
288 351
181 307
115 290
62 354
49 195
188 263
151 354
63 267
304 365
96 396
75 169
110 123
77 380
97 344
61 306
133 242
65 221
121 280
344 382
274 296
162 320
190 228
224 376
49 95
89 376
126 151
108 222
132 166
70 123
51 230
35 90
31 196
121 270
201 296
378 384
46 214
14 283
26 268
141 278
318 362
0 89
178 249
75 166
284 324
43 55
333 397
278 281
75 241
20 260
216 340
279 292
10 336
332 375
46 210
88 265
291 375
24 66
51 218
102 355
49 191
136 264
80 359
37 314
172 283
3 168
63 67
301 341
128 375
221 342
112 269
243 376
198 258
31 352
66 167
266 280
52 216
12 200
229 266
69 256
36 383
227 232
96 166
5 85
37 73
56 262
19 312
55 150
14 54
28 261
241 287
220 363
44 240
202 248
140 344
60 285
115 312
59 392
50 206
121 266
16 190
150 342
35 354
213 337
243 398
55 310
31 82
275 330
1 173
163 249
211 285
339 353
313 348
4 325
78 302
100 323
70 380
20 113
4 260
27 176
21 379
179 282
106 393
83 203
68 116
106 233
151 291
322 333
29 140
140 360
188 303
36 54
103 133
219 380
127 313
32 272
9 113
69 326
155 287
157 261
332 354
61 189
15 362
33 85
89 243
231 271
230 371
64 112
171 386
190 389
134 317
244 353
270 300
2 347
252 334
113 361
98 220
236 259
175 341
144 338
163 179
18 218
57 76
259 380
57 274
226 280
1 88
138 366
19 330
142 315
62 90
101 374
12 329
22 101
177 197
80 118
117 347
46 154
137 374
32 327
104 394
258 265
124 214
355 380
96 111
8 295
92 173
36 65
154 214
111 206
142 291
217 284
290 350
105 134
44 193
190 357
112 288
135 184
211 215
30 137
275 372
34 195
234 336
35 315
80 293
184 272
294 371
70 346
35 116
309 378
6 78
65 316
120 179
169 241
308 364
64 147
344 360
46 91
142 151
5 113
0 361
162 211
4 89
60 215
25 43
120 303
21 390
46 144
5 249
75 349
73 376
172 279
36 221
125 138
170 314
23 296
49 53
35 365
223 354
123 259
145 258
131 183
25 140
129 329
35 291
105 263
61 393
142 264
304 356
145 169
86 198
151 223
330 371
149 299
74 124
195 196
223 291
87 208
256 294
140 382
63 149
37 117
235 387
83 238
108 185
19 95
87 220
200 228
106 257
98 391
44 107
38 289
17 113
44 161
385 399
59 175
170 199
16 171
105 282
83 221
101 114
165 227
58 120
255 323
363 364
23 241
25 163
1 258
136 278
75 86
102 122
212 342
162 350
45 272
170 296
135 356
4 73
57 158
244 339
9 139
103 197
104 299
139 361
128 338
62 321
32 45
185 260
32 207
329 357
200 397
187 308
38 328
82 352
112 147
286 298
23 287
164 301
71 291
14 378
84 251
289 328
163 178
66 137
82 289
75 155
213 367
26 178
351 393
53 357
193 213
129 389
115 119
203 309
150 324
77 147
152 266
151 242
139 144
163 284
3 194
9 361
20 323
159 399
209 366
19 372
133 197
353 396
386 389
20 368
54 383
262 344
154 388
30 374
30 373
132 331
239 391
204 332
18 51
0 17
49 60
43 284
358 397
197 235
261 330
121 229
263 277
240 367
258 390
78 205
155 186
152 280
160 380
105 303
79 142
196 211
2 313
109 197
123 380
137 192
191 211
124 202
76 348
47 201
35 375
95 275
166 254
19 28
0 325
124 234
196 285
232 310
90 128
106 239
151 375
226 266
118 338
232 382
52 340
261 371
265 349
68 332
126 291
7 151
65 165
46 216
366 369
120 247
13 276
86 201
43 217
124 216
198 265
27 182
111 254
164 165
83 279
275 312
132 287
118 295
68 90
146 303
191 381
237 372
65 97
99 182
16 129
49 211
71 315
134 282
321 365
114 250
142 278
269 276
326 328
95 333
60 191
178 247
112 355
39 297
66 342
196 273
147 288
57 170
35 278
37 170
82 333
55 179
23 349
195 211
127 152
224 243
145 345
203 279
120 310
5 20
122 269
189 363
192 250
111 166
10 311
378 383
16 42
264 385
60 195
306 355
86 349
122 306
7 133
36 83
185 201
157 230
28 95
74 317
23 222
163 310
286 377
118 246
354 375
278 399
131 391
276 363
55 284
75 145
77 306
6 209
158 226
127 348
257 276
59 200
111 169
207 246
132 274
126 235
11 183
52 214
90 321
93 281
152 307
111 155
0 139
134 153
7 354
11 14
345 362
84 213
135 272
159 321
220 393
1 81
155 222
200 357
93 321
283 383
327 369
270 339
77 305
162 290
64 102
33 58
229 396
225 249
239 374
78 366
104 317
86 108
240 254
209 347
281 365
59 190
123 236
124 148
334 337
43 179
119 273
252 254
129 171
130 226
187 250
132 241
295 338
168 208
176 394
261 335
99 110
241 319
279 342
39 144
196 312
97 217
83 167
77 269
229 270
384 386
9 338
24 83
343 372
12 322
134 146
298 305
53 329
20 89
98 137
17 20
21 173
170 302
63 104
98 373
54 309
13 189
235 242
35 321
213 251
156 224
114 187
38 262
207 359
224 295
153 267
175 358
105 247
24 172
94 101
52 188
278 385
5 325
62 365
62 68
24 167
33 277
22 250
181 348
112 122
245 369
146 149
23 199
133 177
8 156
290 372
6 314
294 328
57 127
192 373
109 242
163 247
253 399
213 218
269 370
18 213
217 227
311 394
335 371
128 332
223 297
127 199
288 306
31 59
145 287
325 361
33 154
45 356
115 211
136 291
76 127
138 347
174 339
24 221
46 124
109 126
76 226
204 338
19 237
41 393
128 354
358 392
17 368
108 201
71 142
346 380
15 198
312 350
91 148
174 244
75 265
287 319
2 307
175 228
139 295
132 158
108 198
172 309
148 340
30 233
155 319
115 273
166 169
102 147
170 347
256 371
90 332
190 352
72 99
247 303
194 298
122 370
159 253
295 376
35 332
134 267
52 394
71 109
7 126
263 282
132 174
58 163
276 306
103 387
206 337
249 277
145 186
236 346
53 381
46 148
266 300
228 358
28 335
180 255
333 357
42 357
157 218
44 218
45 135
237 335
224 398
161 334
66 292
25 178
272 359
13 87
198 323
164 341
58 178
105 146
121 226
189 393
115 372
271 394
191 357
62 332
162 312
62 116
2 125
147 306
80 156
18 161
12 129
81 379
27 336
256 328
163 303
343 350
159 304
155 252
217 324
296 349
16 200
119 350
270 396
34 211
2 348
217 310
175 316
122 305
43 247
135 359
39 338
37 366
22 114
21 38
94 187
224 246
29 382
63 317
53 215
64 380
43 310
315 385
122 286
26 368
160 346
43 163
219 395
256 262
342 374
282 303
57 347
120 249
5 26
311 336
208 305
195 215
214 216
181 280
180 268
97 165
19 273
221 279
125 245
296 302
185 323
138 209
119 343
150 227
117 314
288 355
79 253
330 335
109 297
96 174
199 296
165 341
72 271
73 314
273 285
16 386
208 298
102 160
148 202
165 392
312 372
15 258
261 294
11 279
97 232
290 343
337 367
6 205
260 325
246 293
107 218
325 368
24 279
93 159
86 362
191 322
228 397
58 247
104 271
54 384
330 372
92 107
148 311
167 292
150 217
195 285
40 319
68 128
32 184
35 68
225 277
19 196
287 349
175 301
86 265
226 307
47 260
63 394
333 352
73 78
67 99
142 197
273 350
175 389
182 336
209 369
100 185
10 124
262 328
36 316
135 304
14 383
35 109
149 263
22 192
93 304
79 278
47 368
90 375
257 288
137 391
2 209
68 365
71 242
159 278
41 131
129 190
305 370
94 351
146 263
114 233
168 305
84 334
56 140
100 201
81 326
79 399
85 325
301 316
11 83
166 174
86 222
129 386
167 221
13 257
90 116
63 271
351 355
111 331
256 326
110 271
24 292
97 382
148 214
215 381
254 334
8 89
83 212
83 172
45 293
173 371
41 183
130 181
81 371
104 267
77 122
17 361
152 226
391 393
143 258
239 292
143 362
27 177
237 312
29 217
59 301
165 238
74 104
261 275
116 354
81 92
142 385
212 217
61 363
270 280
152 348
267 271
95 312
250 374
110 236
258 345
98 393
101 134
119 237
54 171
61 288
373 393
138 207
10 202
77 355
74 231
234 311
153 299
128 210
122 380
44 251
209 245
202 340
102 306
42 329
101 187
82 358
197 387
2 152
322 357
50 331
130 300
233 391
184 246
204 210
18 193
39 375
57 199
82 397
78 243
49 273
147 219
105 149
65 227
301 358
156 338
95 237
53 60
328 371
281 304
230 261
314 366
1 15
179 217
176 336
80 135
196 333
226 348
112 380
41 391
200 386
35 151
26 249
4 17
126 177
184 293
223 375
20 47
314 347
124 388
203 383
52 311
27 311
91 388
237 350
146 153
253 385
260 323
227 238
257 373
82 200
28 275
59 82
136 141
119 290
59 333
84 240
42 389
0 91
67 104
12 357
92 230
111 334
199 241
89 295
1 390
113 325
33 303
244 331
91 144
1 318
32 246
13 61
10 104
77 160
258 318
235 264
89 361
75 319
215 285
4 47
172 383
239 373
84 252
267 299
4 20
75 287
130 152
108 296
87 370
95 273
194 269
6 347
38 69
233 374
102 380
289 358
98 106
1 21
13 363
94 308
247 310
4 368
305 377
133 387
127 181
16 392
170 274
130 307
96 252
283 309
48 259
69 328
363 393
265 345
315 321
206 244
65 341
71 375
122 147
220 257
72 110
35 71
30 393
212 221
140 232
128 297
31 200
286 370
117 302
52 74
186 252
48 70
294 330
138 369
52 149
70 77
58 303
260 368
246 359
71 126
144 204
190 322
13 220
107 161
144 388
134 263
181 266
112 395
34 215
202 336
29 97
219 259
370 377
255 318
0 8
255 268
221 227
251 334
318 379
50 111
140 268
130 280
19 335
167 374
88 390
178 284
77 112
30 131
173 326
109 375
72 176
26 33
186 334
175 392
20 85
53 195
149 188
96 331
76 158
64 123
232 344
222 265
91 113
200 322
177 235
262 379
27 234
275 335
87 194
123 346
127 307
100 260
352 397
7 291
77 102
25 29
154 277
6 369
136 385
197 291
15 143
38 379
147 355
125 348
319 349
76 130
95 350
117 170
50 396
240 251
24 374
269 298
75 222
251 345
38 360
131 373
293 359
210 223
151 197
272 356
355 364
105 188
237 275
264 387
216 311
189 364
257 351
278 315
96 339
360 382
207 293
231 394
286 305
14 203
175 386
43 120
65 164
222 287
13 393
79 385
92 390
245 347
184 207
85 323
64 219
24 212
214 225
228 333
143 345
136 197
251 254
43 232
92 218
9 144
156 295
173 379
162 285
90 304
79 315
318 390
38 56
168 370
90 354
102 346
83 292
12 53
82 228
188 214
289 294
277 303
155 241
112 219
139 338
50 339
61 351
99 176
40 302
103 248
9 376
14 36
104 149
68 304
52 124
37
80
155
192
95
87
81
89
185
69
73
112
182
86
105
138
129
123
31
206
210
176
112
86
101
192
30
63
108
52
198
65
79
80
98
131
152
31
58
47
20
167
147
96
27
160
120
55
104
111
122
134
35
130
70
136
92
79
114
83
26
74
89
77
148
53
87
134
123
102
106
150
93
125
22
142
36
162
53
108
77
76
14
110
68
27
45
34
100
169
138
205
154
58
149
152
54
109
80
48
105
78
37
168
165
133
135
109
73
151
129
149
124
74
127
71
80
34
87
194
110
176
100
108
222
55
175
83
105
40
131
50
95
210
128
101
142
161
72
88
88
103
50
95
82
126
104
122
65
106
18
61
115
146
273
123
133
77
126
55
59
112
165
68
100
27
143
167
102
84
53
70
167
75
155
71
80
73
78
22
79
117
127
261
137
57
112
76
84
58
156
102
58
200
201
129
194
71
70
65
128
182
195
127
34
113
74
119
50
28
163
70
179
116
176
36
94
144
104
70
91
72
94
151
185
87
128
83
29
69
46
173
51
24
87
128
155
58
128
79
200
96
65
8
63
155
82
69
221
87
117
129
81
53
116
91
161
74
48
179
173
78
72
54
189
84
75
166
167
15
147
105
122
49
84
99
84
220
75
32
160
75
140
50
163
103
81
156
148
150
109
105
65
64
150
130
30
10
50
54
191
116
32
42
92
211
27
171
51
200
70
119
187
88
40
49
143
184
136
218
78
28
121
165
58
124
157
31
26
187
101
226
65
79
63
60
92
74
43
62
85
114
85
71
146
137
116
137
56
40
20
96
191
63
172
96
129
169
98
109
110
126
69
57
50
127
57
160
111
90
152
59
95
128
170
78
267
122
90
30
104
244
30
45
55
97
174
48
51
268
43
121
168
135
104
156
47
89
143
222
71
156
59
109
171
43
101
153
50
133
114
35
111
119
205
61
261
41
109
120
161
44
200
18
125
103
88
59
32
80
150
58
62
90
31
40
28
141
109
73
67
200
144
136
79
113
18
63
99
28
89
113
107
69
189
55
75
80
109
96
123
143
64
110
19
79
47
15
49
66
165
88
153
87
27
72
44
67
117
48
18
53
89
87
55
66
120
110
141
174
44
73
83
111
82
139
70
168
47
98
80
39
106
85
68
27
18
138
75
141
147
161
27
163
116
217
215
99
12
52
29
17
80
87
40
75
115
93
51
63
144
124
37
74
23
21
137
141
131
78
73
163
167
113
120
55
161
60
72
147
145
76
108
154
99
94
146
106
45
89
61
146
50
49
38
112
205
57
134
115
55
115
221
103
50
181
63
53
151
39
119
65
20
123
223
115
64
143
189
120
45
94
62
147
103
74
76
88
19
164
118
93
23
46
130
124
61
60
171
130
176
94
28
144
257
95
238
132
17
42
154
138
46
36
46
131
75
109
96
43
54
108
137
52
172
29
82
228
78
132
131
165
180
175
29
172
95
69
121
155
108
148
94
173
18
207
84
129
97
95
101
133
102
18
142
84
48
164
194
69
67
32
222
157
114
87
258
225
15
58
54
155
90
167
125
69
40
67
70
124
129
63
193
122
77
157
78
114
61
57
178
125
162
60
95
77
18
27
48
63
54
148
68
119
44
157
74
32
218
115
37
79
47
76
161
121
143
68
149
125
138
163
64
50
77
79
159
116
38
174
48
159
78
99
43
78
124
57
89
63
95
61
64
39
62
47
105
78
114
119
43
42
174
60
167
87
128
77
121
39
91
43
175
96
37
47
39
71
132
57
296
91
210
85
161
91
145
75
126
158
108
123
63
162
36
111
192
128
148
68
92
90
71
96
155
53
145
163
186
83
29
137
136
129
62
85
159
69
55
167
184
120
149
197
96
103
67
41
105
88
240
6
75
144
190
148
46
215
95
14
90
8
57
27
69
156
135
25
139
125
159
66
178
60
30
101
149
85
73
40
250
167
92
96
124
113
33
82
91
141
105
134
16
154
32
64
114
57
29
82
117
65
136
80
78
134
93
186
66
168
32
83
48
42
25
190
59
77
84
177
18
55
226
78
184
81
43
61
62
78
33
169
167
116
150
65
82
165
128
121
118
196
157
20
149
51
79
155
135
185
101
119
193
63
65
75
65
57
43
233
56
72
192
119
130
147
118
92
87
37
135
123
58
37
158
192
122
177
42
80
50
68
82
60
57
218
49
47
69
201
59
49
122
103
51
63
92
140
133
47
137
102
171
151
33
109
111
147
44
74
142
30
58
79
78
81
150
78
76
46
75
137
105
126
136
115
112
8
156
74
105
99
65
25
75
130
251
144
60
81
65
92
135
73
106
105
166
50
95
72
22
200
213
66
78
92
74
18
119
198
55
186
154
160
149
120
115
121
47
72
66
188
89
114
172
162
71
190
59
131
110
41
91
39
101
125
78
27
127
115
74
89
90
115
107
115
103
160
32
42
22
17
102
38
187
48
138
131
72
94
123
65
58
57
107
135
62
142
28
93
57
108
58
163
34
137
119
14
98
137
193
52
22
121
137
32
52
138
60
60
179
50
166
57
157
159
75
53
47
41
46
46
124
108
33
145
56
192
98
97
141
127
94
113
44
82
17
160
67
118
157
164
68
95
46
123
132
84
179
97
96
122
71
113
133
143
50
152
52
36
67
14
48
178
53
31
89
90
36
127
70
177
68
41
116
187
163
34
59
150
31
128
172
111
91
124
167
56
60
61
73
110
82
35
52
20
68
50
117
50
114
74
139
87
101
90
77
121
128
134
95
74
84
51
71
182
48
68
78
90
88
21
43
92
117
126
193
213
116
55
64
68
54
39
124
48
188
83
46
64
107
56
100
205
116
50
102
60
145
149
73
88
65
101
96
87
225
57
12
59
159
151
64
145
135
72
46
73
73
152
85
129
125
195
51
87
135
82
150
123
96
40
54
131
55
82
119
44
31
133
54
170
85
100
172
184
56
109
33
199
68
152
68
137
80
97
87
76
98
70
108
38
27
77
28
65
155
175
198
81
84
63
163
96
44
115
84
113
148
99
90
136
83
126
133
181
119
169
86
86
88
119
70
15
45
25
86
43
155
86
112
69
191
23
172
82
85
115
91
61
50
68
28
178
104
57
135
102
102
70
48
237
85
94
168
140
79
59
105
57
36
85
75
81
48
40
145
60
25
127
125
45
96
109
114
50
220
65
81
112
189
50
71
66
160
108
148
82
51
71
183
40
49
21
83
134
50
79
68
92
122
95
147
43
175
113
126
121
40
184
55
111
123
68
96
81
142
62
111
24
61
58
44
96
72
161
130
42
52
48
157
101
30
171
31
120
240
18
41
27
185
42
143
94
66
106
157
48
90
43
46
190
50
70
41
20
161
75
84
173
189
83
76
48
113
197
108
149
54
77
121
95
122
149
79
148
113
149
41
125
93
41
50
98
134
142
137
116
46
75
150
137
175
53
116
149
150
22
124
189
55
151
148
109
47
95
42
48
73
101
95
119
61
32
66
80
94
51
153
126
38
61
103
160
99
193
46
35
93
115
106
66
75
97
121
81
118
82
69
40
76
133
58
89
178
60
59
91
183
98
85
149
140
135
94
60
23
102
128
22
90
91
72
108
48
125
218
111
96
147
72
131
41
104
137
207
123
13
97
74
206
69
109
97
123
101
84
115
51
112
84
68
90
93
175
26
111
116
89
103
165
134
94
149
104
194
129
156
57
82
80
35
134
137
168
82
80
79
55
148
51
72
124
124
99
201
59
144
26
133
140
46
157
67
58
48
149
70
130
120
71
166
130
76
50
189
158
60
89
20
179
68
86
17
155
115
163
56
134
121
64
60
57
163
82
123
124
15
95
171
74
181
130
102
31
74
125
99
104
122
29
145
139
89
70
140
87
146
67
40
82
116
115
77
112
63
98
133
63
170
81
174
102
81
133
145
122
60
226
70
114
149
124
110
134
174
102
62
95
163
128
55
73
117
68
131
111
201
30
95
103
135
54
54
341
44
120
10
50
77
203
40
179
228
169
108
58
99
151
177
128
29
258
23
180
123
81
58
81
83
123
74
51
33
251
63
55
34
145
64
96
53
110
122
56
140
36
84
40
95
25
10
189
92
53
81
199
176
77
55
101
186
113
57
43
119
169
141
142
68
64
32
31
48
154
105
101
129
199
154
219
20
56
41
77
136
83
179
117
89
172
163
173
48
18
107
63
70
149
172
129
173
120
74
66
250
98
96
125
43
74
188
179
136
108
69
92
74
94
45
93
49
220
96
155
60
106
78
58
87
177
91
219
217
130
88
91
86
82
62
126
64
237
58
84
77
42
174
101
211
58
114
27
163
55
138
88
108
114
70
100
172
150
240
26
206
150
97
113
185
61
72
83
57
17
53
154
27
22
41
225
91
32
130
12
100
85
94
82
61
71
40
80
248
87
111
18
121
100
112
76
132
40
88
96
194
111
65
64
127
131
112
164
60
42
94
171
142
87
80
64
54
198
72
98
220
54
109
82
78
156
63
55
135
111
