316 759
613 258
204 30
752 38
704 255
765 570
697 319
97 382
345 629
639 318
559 340
36 250
245 120
128 433
540 792
109 223
540 220
70 385
86 519
139 160
263 83
31 141
793 225
775 330
599 488
295 79
653 537
689 627
425 630
420 669
381 767
311 135
404 563
774 304
414 240
157 268
294 159
718 189
749 685
253 703
462 621
195 517
87 504
25 374
58 380
192 414
185 464
25 797
697 28
114 19
706 507
374 565
275 207
135 254
103 288
573 218
397 610
690 470
57 305
61 407
640 470
793 455
440 480
444 100
777 475
422 732
668 695
508 770
538 775
569 293
175 458
785 69
781 364
186 83
66 225
22 176
32 775
246 38
780 561
420 510
787 306
251 45
687 125
126 323
722 130
222 346
746 381
722 338
575 10
416 84
532 580
58 183
228 205
658 63
324 274
518 159
215 290
239 793
614 359
750 320
188 284
154 727
118 765
290 194
366 464
46 390
308 758
145 58
284 773
350 594
136 595
357 464
3 575
712 372
746 571
432 522
311 23
780 56
341 720
209 84
287 245
293 729
108 774
6 709
148 353
704 280
274 216
188 546
457 125
795 635
525 695
355 735
667 657
637 464
94 756
515 218
250 79
189 492
492 11
97 105
447 82
743 670
311 37
37 434
389 774
462 711
376 509
664 667
561 86
258 400
417 42
424 309
606 715
297 571
666 319
609 638
684 38
725 199
436 210
554 24
74 571
489 281
751 580
149 333
113 346
561 582
137 215
627 83
417 281
262 732
31 7
581 503
117 89
208 249
789 390
85 239
299 712
598 236
52 95
663 233
732 70
195 368
311 237
429 690
684 749
288 274
176 84
585 463
673 443
176 360
134 534
756 181
381 727
615 627
28 653
252 184
302 251
364 438
151 736
115 97
617 521
250 393
541 48
411 694
488 684
197 239
50 742
26 11
764 71
330 148
336 645
467 176
72 566
367 672
267 28
434 447
428 444
187 274
701 80
755 503
508 468
31 118
770 796
144 760
412 348
286 373
85 369
674 19
193 744
519 627
476 675
666 213
546 65
611 159
69 696
655 274
267 398
375 690
719 32
631 433
120 225
680 676
277 162
234 37
489 626
288 403
715 79
191 307
356 653
566 752
78 96
480 731
700 746
223 444
333 696
780 101
657 780
82 259
648 688
22 183
328 322
757 0
252 236
204 228
539 537
382 490
656 179
51 601
703 183
504 684
449 184
571 636
178 519
710 490
300 540
377 536
133 356
313 536
387 179
618 119
468 463
381 496
246 350
325 676
391 665
602 231
484 231
129 795
796 410
374 698
632 423
709 49
157 335
151 601
311 476
278 398
479 651
733 267
735 530
572 249
232 233
687 592
581 2
680 220
373 498
267 477
772 173
299 180
423 557
37 521
539 764
716 436
219 730
463 627
338 525
197 230
407 59
224 326
549 106
489 126
200 676
285 676
396 364
517 609
509 698
236 403
135 127
118 201
49 544
171 492
189 27
310 53
99 376
788 713
627 263
792 275
327 363
441 9
426 781
782 358
193 627
585 560
449 425
81 536
596 653
465 242
372 378
772 724
740 353
99 193
140 227
648 133
110 321
372 428
428 698
379 581
159 755
179 168
208 136
653 25
162 258
772 238
244 368
652 586
210 350
127 285
458 750
455 670
159 103
275 536
627 599
163 416
653 496
594 304
432 798
70 82
621 582
168 563
570 307
103 462
703 495
52 306
262 51
711 539
461 336
4 91
204 195
33 96
163 791
638 348
580 774
627 61
689 250
184 612
302 294
403 395
670 414
387 135
765 504
588 89
184 258
6 9
204 244
49 107
158 168
79 265
236 336
72 288
50 380
117 180
156 291
93 238
178 375
193 376
249 310
113 348
128 150
240 350
195 307
204 367
113 396
16 95
54 58
98 389
346 395
226 332
220 264
310 324
147 370
69 285
52 300
73 107
117 255
279 391
194 206
233 285
315 360
115 146
246 255
20 331
53 360
151 322
167 202
30 65
297 361
8 109
226 276
156 167
199 375
155 241
31 242
50 311
94 126
89 128
29 289
189 371
251 310
82 351
40 90
16 285
149 362
188 239
128 140
72 174
73 136
128 319
130 230
320 393
166 357
51 146
197 353
296 367
5 383
130 269
244 296
148 319
114 383
81 243
189 362
208 238
62 79
155 165
201 364
85 149
203 213
28 40
60 171
120 394
83 189
149 236
48 246
103 126
296 324
166 350
3 218
3 238
36 307
205 262
159 399
12 31
24 200
124 181
147 241
63 316
125 235
215 265
236 325
31 36
80 335
70 379
203 354
173 360
29 40
25 116
139 178
196 394
18 42
63 128
158 286
274 314
252 256
2 119
12 195
120 196
21 250
85 362
42 379
137 190
350 360
8 210
37 191
148 159
78 219
135 158
219 383
78 298
3 117
182 394
157 268
130 249
45 189
199 326
275 277
19 350
133 188
34 168
270 397
131 144
12 20
273 383
9 10
57 133
270 345
7 164
91 349
1 177
120 300
105 332
263 315
193 341
5 398
351 399
209 397
14 249
173 262
94 182
173 386
360 365
38 333
127 137
97 106
73 368
107 172
48 261
89 278
50 273
3 246
163 276
148 399
20 382
7 13
117 246
122 223
24 133
103 209
101 287
183 204
270 286
31 307
28 203
350 365
79 146
110 393
38 222
239 290
187 200
27 147
102 356
132 141
36 126
137 253
271 344
294 314
6 86
18 160
169 228
295 336
327 349
119 330
2 214
225 295
122 388
213 248
181 282
87 99
19 326
63 150
215 395
216 353
24 290
200 376
53 365
229 269
173 217
60 396
150 337
48 359
181 276
240 327
31 278
107 199
15 175
119 243
117 291
21 91
241 252
25 81
139 387
54 164
302 391
82 218
37 268
18 309
14 251
17 164
145 230
5 298
118 121
13 332
239 372
127 329
32 79
211 270
177 299
140 319
257 349
228 287
1 235
67 324
238 291
46 272
117 261
185 394
346 353
222 333
148 167
39 283
35 100
205 300
25 382
158 270
265 314
3 71
170 385
81 119
293 393
85 317
298 380
180 218
248 284
93 391
71 246
236 295
67 251
5 114
47 206
74 349
37 179
146 304
183 366
118 213
66 256
180 291
285 299
51 275
202 391
79 115
166 240
26 376
17 143
221 387
222 347
190 212
335 361
265 353
103 182
35 173
50 188
92 300
262 263
127 377
202 232
277 305
269 367
67 68
50 57
183 237
242 307
73 186
35 247
1 334
292 352
174 288
23 348
21 259
207 385
65 144
114 301
198 388
159 202
59 332
228 356
152 258
334 373
16 135
274 294
25 142
351 391
174 348
54 257
100 317
28 296
159 318
7 17
188 380
0 169
1 373
144 192
8 153
120 126
263 386
180 246
186 330
137 377
47 122
40 296
87 125
204 230
124 164
69 299
39 321
187 239
167 391
57 273
109 355
87 339
73 172
181 362
106 108
25 136
184 222
190 377
203 367
165 271
314 355
101 388
74 259
21 221
154 334
172 375
260 336
48 291
283 289
57 383
27 363
138 232
112 328
83 352
335 339
65 183
152 249
5 129
37 84
312 356
173 263
236 245
284 289
93 167
140 397
163 365
134 223
118 131
101 320
16 299
311 396
31 103
52 185
4 392
88 391
104 111
5 219
103 262
107 368
30 192
257 350
67 249
50 398
293 340
149 245
317 364
19 139
26 50
152 184
248 289
201 245
34 278
380 383
100 247
250 326
23 33
84 218
192 289
60 188
79 216
147 152
13 46
166 360
341 363
74 91
93 351
126 262
282 295
92 386
114 219
33 80
223 228
75 259
4 125
269 296
1 179
271 370
103 242
152 256
21 75
138 337
119 186
204 324
157 306
197 216
373 389
101 122
125 297
14 390
189 292
102 122
343 379
24 264
123 134
193 271
51 56
153 274
58 257
89 319
132 370
94 120
200 363
50 219
357 358
130 271
210 283
152 344
209 307
104 314
95 318
44 143
383 398
127 190
160 190
13 42
12 242
206 234
299 334
107 139
51 308
24 60
104 294
195 358
42 190
331 382
29 183
302 359
84 180
230 244
212 343
141 333
223 287
76 102
201 325
12 358
46 70
143 379
173 315
193 258
39 340
167 399
2 77
132 258
238 261
286 345
1 9
197 395
122 206
60 187
208 218
179 392
74 175
164 292
254 321
158 211
322 342
106 169
133 171
303 334
65 354
50 372
329 377
205 386
22 191
221 375
237 289
254 289
29 284
217 315
130 310
238 359
194 234
4 361
192 237
58 352
54 365
62 342
81 136
168 322
86 113
85 364
251 338
162 301
50 298
56 308
191 306
42 212
327 350
35 365
195 262
20 214
299 373
300 315
34 211
358 368
90 341
84 246
59 226
138 202
78 162
233 266
11 91
124 276
52 182
233 279
212 267
113 311
26 200
126 185
215 216
59 143
63 319
55 233
246 291
178 221
15 240
362 364
82 246
151 384
69 334
88 302
125 154
83 164
72 348
128 158
196 260
102 388
25 214
27 141
122 198
274 277
34 286
68 251
55 95
162 383
57 380
231 235
277 314
160 194
163 292
98 378
279 351
51 355
173 205
164 226
162 298
135 299
245 362
67 366
247 364
45 70
40 229
248 254
12 36
231 285
216 280
201 295
67 310
86 311
198 228
23 86
0 30
249 324
216 342
198 312
225 362
184 256
45 46
51 277
176 321
156 246
22 335
107 330
377 393
18 267
35 240
44 226
193 241
41 127
15 327
86 339
373 378
6 389
336 395
320 340
44 332
28 244
148 318
94 260
18 328
145 204
52 103
104 281
157 303
213 283
207 375
20 243
183 203
188 396
111 353
129 347
274 305
77 243
232 302
192 354
12 136
213 237
197 265
224 395
184 333
64 273
0 106
154 389
41 253
66 155
309 343
98 154
147 155
245 336
265 275
26 380
27 132
8 56
109 275
163 189
187 220
116 214
175 257
230 251
114 298
92 173
366 374
18 212
13 379
88 359
205 217
79 281
88 148
84 255
93 246
244 313
122 356
272 377
141 147
225 236
69 177
155 271
202 399
160 328
132 363
61 288
46 137
189 364
98 373
184 347
313 367
75 221
7 276
194 212
77 382
197 304
144 374
202 318
267 328
96 317
65 203
68 390
142 382
139 199
171 341
110 212
185 260
358 386
262 300
221 250
71 255
182 262
139 326
7 226
44 105
26 383
111 197
8 51
99 348
236 253
146 314
17 332
19 368
140 150
48 218
178 207
66 141
95 128
42 160
104 216
245 305
171 187
90 271
175 350
99 339
46 127
123 234
2 81
230 296
29 313
118 176
176 254
127 393
37 266
73 358
29 354
53 327
16 286
224 346
111 314
61 219
129 162
86 87
247 292
205 315
182 307
9 373
171 200
265 281
192 338
95 319
155 376
95 211
179 231
26 301
172 186
4 99
11 58
111 265
28 29
13 329
108 169
56 109
106 176
52 242
49 172
35 53
157 361
30 118
93 156
22 297
188 372
86 288
252 333
66 252
269 324
41 377
150 316
9 389
253 305
105 143
191 268
166 175
298 383
81 214
4 303
245 325
41 46
224 384
68 249
53 257
299 378
171 264
217 263
322 384
10 69
104 395
153 277
110 267
183 284
326 357
230 367
45 201
181 292
237 284
201 282
86 99
229 271
179 334
218 227
159 232
84 306
47 134
187 290
111 146
297 392
203 284
201 236
102 206
127 272
54 352
6 87
139 368
115 265
145 354
93 291
132 241
53 240
94 185
82 279
244 323
169 312
103 195
146 308
12 25
328 343
125 392
102 223
209 278
20 81
157 231
147 344
231 268
179 303
19 199
175 327
201 362
38 347
4 231
229 323
48 93
43 143
100 315
173 300
79 304
90 264
287 356
225 282
79 275
92 103
215 342
58 381
15 349
110 127
217 247
247 360
177 334
249 390
45 181
85 96
106 121
165 341
114 162
23 87
214 243
33 348
118 283
3 48
99 113
126 242
63 270
64 298
170 375
134 356
57 396
62 216
322 336
47 76
372 380
60 200
19 327
46 253
83 124
15 257
342 353
160 293
79 280
123 206
21 178
12 119
17 226
208 291
180 208
149 253
139 375
223 388
96 100
48 238
151 345
6 235
195 300
22 361
218 291
109 248
257 381
72 80
356 388
39 121
267 309
231 303
156 238
20 25
95 270
213 254
96 300
128 397
260 346
278 397
285 334
282 362
276 292
55 285
20 136
70 253
76 123
72 113
97 169
34 270
121 254
154 235
341 370
60 273
213 284
40 313
50 383
213 289
71 208
306 361
76 134
40 323
111 281
204 251
145 251
344 370
340 377
220 342
89 150
92 195
100 205
101 102
111 304
174 339
284 367
181 189
22 157
70 329
298 398
218 246
205 360
1 378
165 376
195 242
65 366
95 286
32 109
35 350
70 371
115 308
218 238
145 366
101 134
26 60
6 348
47 102
88 138
11 381
181 371
141 347
182 185
222 252
271 323
160 343
163 247
33 99
36 209
57 239
334 378
165 229
87 348
76 122
207 387
181 325
9 235
81 382
27 241
118 289
57 60
73 119
31 397
284 354
151 168
245 294
133 200
240 360
235 299
227 238
101 223
158 345
109 210
88 159
194 267
64 311
136 186
62 265
156 227
2 382
167 351
130 296
235 334
152 390
139 250
67 390
29 367
77 81
274 275
221 259
69 373
294 304
85 282
281 314
52 195
74 327
32 355
75 91
139 172
4 179
54 381
208 255
251 269
96 247
237 248
214 382
225 245
71 117
104 304
25 331
24 26
15 166
62 215
73 243
41 329
354 367
39 108
11 74
74 257
4 157
107 326
322 395
178 250
273 311
155 258
16 345
29 145
4 297
290 389
13 45
288 348
93 227
135 345
189 276
317 362
210 254
230 269
384 395
155 370
263 360
199 250
204 269
304 314
138 140
181 317
28 32
96 217
36 195
200 372
106 131
265 304
32 146
32 56
3 291
80 297
172 178
28 367
99 125
98 239
17 276
180 238
92 263
336 394
188 311
39 312
138 150
33 297
220 280
38 241
224 322
318 319
198 287
119 368
92 126
2 186
261 291
48 180
7 43
385 387
155 344
77 136
164 352
53 100
57 188
224 342
146 275
118 237
275 314
197 294
210 284
39 320
81 330
68 324
35 54
126 196
92 357
63 140
41 190
69 378
164 365
115 281
102 228
56 248
160 212
215 280
112 212
152 155
101 312
84 157
0 131
92 262
166 349
55 135
228 320
122 234
184 252
89 337
68 130
16 161
126 300
85 325
137 272
1 231
122 134
83 163
141 241
86 348
129 333
188 273
336 346
156 391
34 151
179 266
45 137
132 301
178 385
190 343
70 137
3 180
39 176
59 105
116 382
61 311
190 272
211 278
18 343
228 388
219 273
134 287
258 344
93 218
101 228
97 108
21 387
82 266
177 285
16 211
81 142
349 350
60 372
212 293
133 290
82 268
74 240
85 247
6 297
131 176
24 171
199 368
283 321
165 264
124 292
359 391
270 319
203 237
77 330
183 367
161 286
165 323
17 44
0 176
55 334
334 392
22 306
172 199
17 59
124 352
211 345
83 292
133 372
191 255
149 295
105 226
41 137
29 213
83 226
226 381
40 244
192 254
3 261
146 281
63 397
295 325
29 237
70 325
341 376
65 192
23 339
110 190
164 332
149 201
23 72
205 263
148 279
15 350
301 370
44 59
208 246
279 318
31 209
219 298
11 75
23 335
17 43
4 37
296 323
127 340
139 221
53 217
90 165
112 267
96 173
7 44
134 206
134 234
71 261
155 363
51 109
338 366
37 157
51 153
282 325
197 281
52 196
18 190
202 302
245 295
175 240
109 277
35 166
0 118
32 308
272 293
33 87
233 351
7 124
11 257
52 307
8 213
176 283
23 174
106 254
110 340
26 363
17 105
125 179
28 313
231 233
135 161
115 280
65 145
300 386
196 262
260 322
102 198
36 103
155 193
275 308
37 231
144 338
5 78
275 355
70 272
235 373
345 384
51 304
305 369
110 343
52 262
38 66
66 258
158 278
170 207
119 382
240 349
117 238
2 107
268 303
145 183
82 84
87 113
108 176
66 132
97 388
24 372
310 390
1 299
85 201
198 320
128 211
136 382
180 255
1 69
116 331
52 92
160 267
164 276
84 268
126 182
26 372
200 341
241 258
175 349
30 374
27 193
85 181
43 226
82 93
190 293
237 354
28 56
352 365
291 359
100 360
83 365
224 336
78 398
115 275
104 265
3 156
112 160
190 379
121 131
30 131
56 284
15 360
88 202
210 237
110 160
215 353
282 317
206 287
121 321
62 220
16 69
214 331
153 314
268 392
13 371
210 321
38 129
72 99
119 358
118 144
193 344
333 347
186 326
146 265
121 312
156 218
134 198
225 336
96 205
10 373
15 53
231 266
16 55
231 392
49 330
57 298
110 377
178 199
188 290
177 179
165 370
64 398
262 315
32 51
61 398
223 312
35 315
69 161
227 291
363 370
27 301
125 303
133 396
243 330
92 242
273 298
107 250
135 177
158 397
112 309
62 115
63 89
133 239
0 108
91 221
276 352
39 169
92 205
121 283
19 349
11 259
27 370
88 232
28 284
103 120
250 385
124 189
148 202
193 370
109 274
223 356
197 346
32 275
55 177
250 387
149 282
39 228
42 309
163 181
76 206
21 385
20 77
85 189
271 376
354 366
322 346
375 387
212 328
288 339
1 285
93 359
219 380
24 187
145 367
156 180
6 113
192 203
292 365
281 304
161 345
86 174
58 164
117 208
60 239
225 325
62 281
25 31
322 353
190 328
93 279
229 244
128 278
192 213
183 354
267 343
145 203
104 353
4 6
57 372
53 166
82 167
130 251
6 125
65 251
332 352
26 341
66 152
14 310
229 296
203 289
89 140
57 311
64 219
363 376
77 214
301 363
90 229
130 204
48 156
97 356
198 223
9 378
266 351
10 98
169 320
178 387
160 309
2 330
193 363
100 263
130 390
244 269
172 326
19 357
244 367
186 199
186 368
27 66
126 195
221 385
235 285
133 187
59 379
145 269
236 282
64 288
73 330
225 260
54 83
81 116
33 72
295 362
314 369
230 324
14 67
81 331
151 161
167 318
231 334
21 375
226 352
5 162
43 44
29 56
251 366
84 191
119 136
43 59
128 270
8 283
78 383
99 297
35 205
45 371
8 284
232 399
167 359
270 278
253 325
135 270
156 359
248 283
76 234
132 155
252 347
131 192
230 313
216 395
219 398
89 316
6 154
166 327
157 297
266 303
170 387
15 74
91 175
198 356
77 119
79 215
171 372
13 59
294 305
169 176
66 241
138 159
204 296
9 154
101 198
264 341
74 75
277 369
318 399
90 323
83 276
190 329
132 147
48 227
303 392
52 126
19 166
183 230
273 398
100 173
131 237
72 86
9 334
47 123
18 329
36 52
140 337
275 304
33 339
53 175
89 397
97 228
211 286
280 342
21 139
212 309
181 364
100 217
113 339
38 141
94 394
201 253
111 294
33 335
352 381
120 185
273 380
141 252
168 224
16 177
23 99
8 355
7 105
33 361
120 182
325 362
91 327
3 208
8 248
128 316
78 129
61 174
172 250
251 324
273 372
91 259
84 351
209 242
326 368
30 338
114 398
227 391
277 294
256 390
46 325
110 293
129 141
146 277
79 308
30 144
237 283
2 73
18 379
142 214
14 68
40 230
34 158
243 382
36 242
389 396
1 55
15 54
56 355
20 119
316 337
148 232
186 358
157 191
252 258
190 393
168 286
142 331
340 393
237 254
268 351
132 344
80 339
311 380
35 360
236 362
210 213
45 253
28 355
66 147
92 315
83 332
49 375
201 225
62 280
289 354
149 225
40 367
112 194
42 328
63 211
132 193
136 331
75 387
24 341
240 257
235 392
163 352
137 329
235 303
98 290
28 183
217 360
45 325
103 307
375 385
165 193
157 392
239 396
34 345
60 133
264 323
46 329
232 318
169 321
80 361
301 383
227 359
228 312
6 99
71 180
135 286
2 243
148 391
9 98
189 247
191 361
35 217
68 310
339 348
66 184
179 285
296 313
123 194
37 306
41 70
292 364
275 281
118 192
4 235
55 299
357 386
260 394
42 343
136 214
290 396
80 348
250 375
274 369
163 164
61 64
29 203
0 121
179 235
131 289
72 87
37 392
121 176
43 105
38 252
130 324
266 279
276 332
124 332
121 169
53 54
287 388
179 268
90 244
168 384
3 255
109 153
72 339
247 317
104 197
77 142
116 142
145 324
102 287
293 377
78 114
211 319
167 279
104 146
254 283
272 329
313 323
11 175
115 304
55 69
168 345
263 300
151 224
230 354
13 70
238 246
147 193
53 350
49 199
312 320
7 332
10 389
185 196
99 335
370 376
161 168
185 262
104 346
27 258
73 326
23 113
60 290
14 366
80 99
324 367
151 346
210 248
140 316
301 376
10 378
126 307
177 373
172 368
37 303
315 386
51 314
266 268
229 313
118 254
52 120
23 80
87 154
136 243
338 374
308 355
101 356
147 258
282 364
195 386
257 365
344 376
309 328
49 207
108 121
107 186
102 134
182 196
135 211
106 118
391 399
279 399
233 399
65 374
44 164
32 115
94 196
184 241
46 371
49 170
159 302
26 370
161 384
102 234
232 391
147 184
124 163
353 395
131 254
253 329
316 397
41 272
120 262
153 369
294 369
65 338
380 398
63 337
7 59
29 230
127 293
149 325
54 175
122 287
297 335
24 239
95 135
342 395
97 312
213
85
168
69
116
79
158
51
30
80
44
151
38
129
75
57
98
23
49
88
148
129
132
69
73
39
213
197
109
123
146
79
84
154
119
124
79
165
85
153
74
99
120
86
129
82
130
127
108
130
64
86
212
120
63
73
79
50
91
68
47
83
95
43
136
42
65
101
122
156
26
45
174
26
80
114
126
32
130
153
52
165
88
138
128
74
187
53
87
10
157
51
153
22
121
47
42
57
161
73
70
78
24
64
51
100
49
81
72
196
47
124
167
90
111
128
33
33
153
102
97
115
161
21
130
46
48
182
89
46
99
130
173
96
145
154
97
138
80
101
157
82
136
158
119
45
173
124
63
131
206
53
73
78
107
70
86
121
7
124
185
106
85
75
99
109
155
84
73
117
187
42
61
194
119
48
163
60
59
51
122
88
68
90
106
79
150
89
83
157
91
64
71
306
13
161
63
120
216
82
152
74
116
147
138
147
146
58
177
89
46
137
59
137
94
58
78
182
59
117
109
82
96
59
137
82
59
135
47
174
122
74
82
139
128
116
113
171
115
164
100
17
59
206
163
39
105
120
130
188
73
154
48
87
126
203
197
105
73
44
134
130
37
135
208
185
220
48
39
49
62
62
118
154
148
48
35
48
63
67
74
166
18
64
19
60
113
137
30
117
158
162
90
39
69
194
43
60
120
159
51
207
85
82
161
87
124
138
31
100
75
30
214
111
75
108
58
38
29
125
22
145
52
117
58
133
110
144
103
30
78
88
94
73
50
150
54
169
163
70
107
77
137
81
148
169
103
88
78
49
58
28
109
175
138
98
92
21
77
64
47
150
60
67
74
79
145
118
76
54
110
49
76
106
88
67
70
41
84
122
62
44
76
138
71
212
134
39
224
85
154
186
144
75
52
25
40
67
155
120
96
39
97
105
145
181
178
35
169
12
185
164
121
99
156
140
119
135
79
82
89
133
161
109
79
194
101
39
145
26
71
86
101
176
87
194
112
190
83
182
57
65
30
152
37
147
14
72
123
72
183
46
209
104
103
97
60
108
106
185
70
93
46
92
17
165
171
165
74
84
81
119
223
102
124
82
119
79
156
52
100
88
161
92
91
86
67
109
182
99
82
111
102
118
46
164
66
134
51
27
227
179
143
40
178
114
172
22
57
24
189
49
88
224
44
99
59
71
54
138
91
152
99
175
92
39
110
114
107
210
150
181
189
56
147
89
73
62
82
11
111
48
89
204
92
154
195
105
106
45
58
89
160
99
30
202
176
74
163
25
110
49
83
80
143
167
65
87
171
146
56
101
149
38
81
180
18
121
69
93
106
105
89
16
51
73
121
44
64
26
52
138
62
69
10
96
42
50
225
120
146
71
195
91
23
125
144
124
159
83
66
31
158
23
182
40
28
19
75
118
93
68
102
141
73
105
54
108
102
75
71
90
136
89
65
179
227
46
172
95
115
100
175
107
96
75
65
140
185
161
74
158
36
50
75
39
195
126
128
54
98
47
83
64
104
20
51
127
107
184
133
35
87
112
224
128
32
90
97
70
51
86
99
113
149
9
98
130
146
69
170
151
162
97
185
71
133
127
56
204
125
46
90
88
88
112
139
110
177
46
100
180
195
84
28
115
106
198
36
121
52
74
105
150
88
42
104
177
230
64
166
94
227
34
73
135
126
115
39
73
42
99
44
149
120
119
75
29
119
76
138
123
47
37
87
43
126
47
119
108
90
151
103
145
233
233
123
131
143
170
73
191
149
130
174
152
124
40
92
113
109
198
143
159
66
86
151
98
64
106
106
66
131
22
66
124
79
15
199
82
57
56
53
143
111
153
117
106
61
138
96
131
62
110
83
27
72
172
84
144
76
167
197
114
41
155
21
55
59
124
54
160
35
51
97
123
113
104
84
80
155
127
68
94
91
114
111
202
87
150
59
146
72
31
98
104
103
94
198
59
127
116
166
125
135
96
43
139
52
53
73
109
162
101
129
23
76
44
167
44
69
67
136
180
73
79
28
121
58
168
161
125
59
159
134
69
54
97
46
84
172
61
80
78
99
89
138
118
180
67
8
72
208
88
166
92
67
75
61
33
49
14
108
39
171
105
109
151
104
186
121
206
120
150
70
134
31
134
163
106
55
67
78
135
180
110
75
115
97
26
153
93
125
72
95
43
66
144
106
104
71
87
155
96
69
76
137
118
38
90
89
196
126
159
149
88
108
86
48
95
34
24
128
86
83
92
101
117
77
57
96
59
15
95
54
30
168
168
123
83
87
76
96
205
139
94
84
100
106
58
51
93
45
124
73
111
31
83
120
73
94
54
90
152
59
86
93
89
56
155
77
133
162
242
159
108
103
99
115
108
65
98
55
48
91
215
94
62
206
232
57
87
25
66
99
106
67
127
140
40
100
114
102
213
73
56
59
89
52
119
203
175
168
38
85
136
130
62
72
39
199
92
10
201
137
61
117
36
149
47
158
42
67
48
93
135
57
78
81
84
55
75
34
69
65
188
31
94
116
51
58
134
47
64
179
104
66
64
94
149
101
122
90
148
118
135
61
132
128
52
133
65
206
94
115
72
18
49
233
60
111
53
69
65
119
31
82
76
58
75
191
121
173
207
161
73
43
123
79
54
137
133
80
71
39
139
72
81
123
170
116
82
139
60
49
75
50
87
43
135
74
117
43
155
89
150
115
161
166
60
155
40
125
21
95
113
231
78
10
58
204
212
95
203
94
108
127
92
138
260
45
96
153
237
94
168
68
176
38
48
139
58
159
114
104
69
140
84
136
89
115
148
75
57
90
41
86
155
127
88
48
69
99
119
87
113
113
133
48
112
13
156
123
159
51
148
66
62
75
82
85
82
35
86
119
77
59
76
199
76
147
40
147
107
27
76
138
185
118
10
58
112
176
33
36
251
54
84
74
103
185
83
66
106
81
31
97
67
63
149
61
83
78
156
53
15
70
14
74
80
144
59
96
96
53
35
132
104
90
124
161
93
148
166
72
164
119
59
131
181
190
127
105
102
16
177
112
119
52
116
111
21
56
170
155
115
59
195
121
64
123
101
106
66
78
88
73
113
49
67
67
69
86
91
134
53
134
127
80
125
68
31
75
137
112
47
131
149
158
197
82
125
156
66
159
41
131
17
75
39
83
101
80
62
43
47
68
58
121
114
122
67
154
148
61
84
57
155
39
80
39
27
156
73
99
103
39
102
121
185
83
64
82
185
101
79
75
125
42
103
224
95
103
44
145
139
141
118
74
145
104
122
124
86
76
95
283
77
164
104
72
91
181
40
165
111
80
57
125
58
41
78
60
117
116
85
48
103
62
87
54
34
48
194
129
61
101
93
93
199
47
93
57
155
169
77
239
52
71
42
191
99
69
136
47
125
87
199
121
90
64
89
92
124
108
41
88
152
61
78
183
155
56
76
135
53
111
85
222
20
183
49
56
89
66
152
96
84
84
58
139
70
213
149
53
119
70
107
38
62
150
41
91
84
163
72
126
14
56
81
150
35
76
64
73
104
73
95
106
40
158
79
22
204
96
43
72
78
54
123
61
86
139
142
82
182
30
80
96
79
119
89
32
33
55
92
43
41
124
72
88
73
70
200
38
180
35
120
93
116
173
95
59
142
124
64
185
41
61
76
139
167
77
115
202
83
89
69
101
172
102
147
111
48
121
109
159
115
191
133
37
84
99
82
113
90
102
156
150
129
139
117
74
150
69
122
94
79
110
66
69
138
114
147
57
134
91
10
47
41
66
146
88
155
95
75
40
128
187
158
183
131
47
42
128
79
29
9
124
193
78
91
57
89
150
23
41
78
26
145
70
157
114
62
43
90
209
263
135
212
105
105
148
86
169
135
48
183
74
65
27
74
25
57
99
105
85
155
75
17
109
98
115
60
105
110
141
35
72
104
71
38
100
80
120
113
82
141
57
119
141
78
71
205
159
163
153
116
44
86
98
92
15
83
122
71
78
39
122
61
93
24
133
151
86
86
97
178
52
95
47
117
194
152
39
24
117
139
91
139
122
19
104
68
125
171
47
72
94
197
116
49
136
45
110
153
134
173
140
138
134
168
128
111
61
47
94
90
149
56
70
44
191
178
116
61
124
12
170
78
111
126
164
131
22
80
66
149
44
38
185
64
96
113
45
23
81
111
67
60
93
107
144
114
65
63
78
41
84
86
80
87
44
167
18
54
39
32
64
70
71
85
119
90
21
47
146
45
121
84
117
46
73
47
80
187
191
180
63
16
114
71
68
16
111
34
63
105
150
55
121
35
41
162
100
85
195
137
67
42
132
69
138
102
29
222
83
11
213
81
98
46
148
126
160
98
67
186
135
163
66
78
227
53
46
198
87
113
91
82
98
88
68
108
69
25
89
80
140
54
47
135
41
69
45
66
56
79
51
249
125
89
53
41
135
97
69
92
147
180
82
114
38
126
112
249
65
93
186
98
228
191
46
119
65
183
84
48
74
71
210
62
64
246
89
107
90
27
108
78
133
94
153
98
107
