538 293
512 338
673 15
734 371
47 496
653 241
656 411
535 0
313 335
526 752
653 747
623 518
605 773
232 21
346 370
183 47
754 795
583 224
673 55
669 681
719 182
746 211
716 137
724 207
60 295
412 598
762 475
147 122
788 149
566 202
58 9
781 223
665 134
477 513
274 763
666 219
45 729
426 679
197 653
248 673
598 37
528 217
328 672
90 351
118 564
2 310
726 725
732 573
422 397
401 210
84 55
699 552
733 379
213 112
720 781
23 284
624 84
332 319
38 280
546 441
8 570
363 497
78 710
581 454
559 122
599 82
619 13
27 147
574 540
590 710
196 386
789 713
85 679
318 117
514 567
105 276
622 681
153 89
386 626
202 655
668 769
294 320
45 169
784 603
635 352
219 573
282 757
513 480
31 220
644 369
125 567
49 716
571 785
33 435
562 610
487 624
476 431
564 80
536 326
139 336
104 495
170 657
461 122
574 509
31 34
116 407
6 351
464 766
345 177
90 743
493 798
224 536
453 591
234 222
758 395
264 475
570 432
777 555
50 591
43 622
288 338
135 757
127 28
727 648
280 109
56 300
719 749
153 268
507 426
597 712
408 383
494 285
546 229
579 387
284 96
628 655
215 282
9 252
395 65
720 26
450 100
715 564
651 434
388 88
153 275
707 626
120 678
22 77
276 596
411 367
454 62
756 429
310 692
447 173
316 304
523 392
64 613
687 375
780 329
751 379
492 67
594 319
383 668
380 512
205 603
322 357
79 739
669 585
73 392
28 39
26 292
402 28
199 491
431 543
524 40
391 162
132 661
554 319
743 251
106 172
181 17
181 381
109 325
700 3
571 348
755 152
197 473
336 180
156 481
433 798
394 108
741 15
612 277
214 138
14 114
190 460
549 188
744 353
79 415
607 57
141 548
795 753
276 408
541 675
190 129
145 659
724 38
411 377
220 611
271 326
731 594
193 759
615 453
255 366
364 602
619 721
311 115
216 748
696 38
213 524
705 481
31 692
174 255
471 223
16 313
510 587
443 618
19 490
393 687
450 577
755 146
393 698
198 408
206 285
400 136
652 755
98 267
590 669
435 574
701 757
648 29
180 87
238 494
689 671
635 757
204 125
736 64
56 530
788 314
165 57
710 108
724 54
246 775
181 62
167 379
84 639
760 744
329 741
400 127
401 493
310 499
192 380
730 746
437 287
469 453
194 466
568 323
19 54
106 17
291 37
420 531
617 281
23 325
682 638
413 251
221 314
211 296
479 42
466 318
85 266
503 294
581 652
665 568
503 511
470 332
78 490
102 316
85 756
221 649
421 386
147 287
602 381
225 193
431 270
131 79
167 149
673 135
89 383
442 496
327 425
528 456
559 447
132 732
113 157
685 329
230 342
308 34
331 272
347 71
131 270
41 90
624 161
201 336
66 128
318 671
185 351
118 61
424 301
495 135
292 487
174 216
137 738
212 633
589 533
87 11
417 659
321 348
207 145
770 507
417 558
653 573
7 768
25 577
630 266
313 770
322 133
349 285
664 480
78 753
443 20
14 644
611 720
49 303
578 151
292 26
114 86
186 181
449 323
318 64
220 304
658 371
90 277
637 309
486 454
508 566
783 217
651 625
385 10
241 318
278 774
698 646
756 342
347 577
577 318
724 571
97 3
300 331
233 300
401 378
261 155
6 18
572 251
524 423
277 783
427 221
240 575
756 562
445 707
19 593
11 793
42 391
121 11
213 671
561 277
771 5
259 404
378 292
659 642
672 792
20 93
349 430
465 552
446 571
539 692
800 552
548 581
789 428
45 452
561 459
303 432
308 335
306 344
56 343
13 180
64 311
28 31
231 377
11 282
286 297
183 251
154 209
95 229
11 323
338 379
57 120
65 311
328 394
5 17
55 170
106 170
115 172
51 210
27 346
225 229
101 208
35 311
67 389
344 348
62 255
335 369
165 326
155 300
37 377
276 367
48 149
145 167
37 228
98 266
62 121
250 296
127 290
239 244
107 231
26 114
276 312
112 173
147 194
51 376
17 311
168 182
76 135
181 254
1 184
145 356
133 372
19 360
62 166
310 389
78 238
104 147
207 347
230 296
64 160
49 175
70 385
167 387
170 279
211 373
20 28
193 295
3 157
86 334
150 171
305 367
70 195
179 313
76 129
42 334
123 243
74 283
232 385
28 230
98 363
138 308
230 250
32 311
126 239
132 371
73 190
2 139
29 41
162 314
122 316
132 223
309 320
50 381
363 371
161 352
106 272
258 308
33 298
359 373
165 202
67 313
62 302
222 320
227 397
117 364
63 103
31 178
72 119
124 216
15 294
30 324
339 357
4 332
118 378
206 250
136 305
165 399
112 354
293 347
127 144
68 395
354 391
21 23
195 265
54 80
94 225
26 117
95 225
163 259
21 31
34 373
288 375
171 357
115 186
74 354
11 330
102 318
24 342
156 340
275 276
73 335
183 218
247 285
29 383
17 333
135 243
233 349
60 156
175 374
2 199
158 159
49 187
135 215
175 234
118 119
132 383
63 212
49 153
139 183
241 345
74 395
273 356
231 314
111 375
202 299
9 107
134 308
25 173
10 19
283 391
96 128
115 260
75 351
128 264
74 112
58 170
308 357
87 264
113 292
271 333
156 378
22 185
95 354
24 272
152 257
191 251
57 366
24 170
229 238
99 182
0 161
255 332
123 387
36 287
235 244
51 330
8 209
241 327
117 376
124 348
17 29
145 273
81 336
194 389
120 358
161 266
126 256
104 267
249 253
58 125
299 319
27 249
26 328
320 346
186 195
131 317
68 323
75 127
305 385
12 129
78 228
246 251
222 290
0 266
4 198
129 235
80 215
305 358
143 308
196 318
17 383
20 35
257 314
347 386
144 320
106 380
354 395
117 394
312 358
28 185
187 216
254 261
61 319
138 348
114 396
202 399
103 395
161 333
54 388
141 167
73 308
158 248
72 221
285 397
149 317
178 248
1 278
98 278
86 373
77 294
52 197
140 190
18 218
217 359
87 398
24 58
59 87
136 349
77 249
143 175
20 22
59 398
363 383
129 215
44 100
93 397
114 158
247 332
313 345
120 213
172 186
83 210
180 381
18 296
287 302
193 245
126 262
173 391
354 392
34 257
72 205
46 201
70 312
134 269
164 288
178 355
181 315
23 185
270 392
33 173
22 230
63 323
133 155
97 343
188 242
131 383
59 63
136 222
11 167
88 279
47 364
120 165
244 341
6 212
195 219
81 366
217 373
184 266
257 334
129 281
91 379
166 321
78 162
100 227
391 392
18 32
180 249
29 311
201 262
23 230
57 307
97 199
246 250
371 383
96 353
175 335
19 387
182 290
226 329
274 317
146 302
260 399
119 340
24 125
26 220
150 277
21 355
236 286
3 114
145 360
3 248
16 239
191 218
85 111
76 341
57 81
2 40
140 143
55 58
225 391
1 155
82 310
64 196
41 132
92 244
84 352
202 385
326 366
39 382
45 125
36 109
85 375
62 72
84 89
253 316
167 364
38 288
190 258
114 197
5 271
75 125
53 124
61 260
76 281
115 219
208 288
164 322
336 386
61 163
3 396
112 238
58 279
50 104
26 151
12 69
196 311
169 194
229 329
108 216
14 368
202 213
291 350
222 309
350 352
27 193
72 287
123 210
261 305
30 50
78 325
25 391
44 200
85 322
210 364
197 361
241 295
117 141
266 271
82 179
186 265
27 345
169 365
218 251
159 304
25 226
17 41
87 96
219 375
157 159
233 276
182 297
46 126
95 238
103 398
120 202
18 40
57 209
90 100
37 107
72 146
102 140
142 337
322 382
66 199
59 155
308 344
120 366
295 303
86 152
100 285
185 250
3 350
173 238
109 166
155 353
206 218
15 316
20 250
146 255
64 97
390 399
38 164
58 224
56 97
23 31
70 186
130 347
87 300
108 175
41 196
245 295
23 35
38 39
293 317
77 316
116 291
63 116
59 353
0 371
14 366
152 359
104 268
5 35
18 56
194 310
293 374
213 385
255 378
2 246
46 54
171 308
27 245
211 252
43 198
223 293
252 257
153 234
86 217
189 231
112 391
253 294
247 378
147 310
4 285
234 258
111 242
38 79
284 293
278 317
266 352
25 270
208 382
186 188
192 266
312 367
292 327
123 145
229 354
100 198
81 154
274 386
1 266
193 369
311 343
91 338
34 334
160 174
98 284
54 239
107 377
166 287
205 322
11 103
55 137
162 231
348 357
65 240
119 255
118 332
0 280
273 387
65 97
167 273
210 273
120 305
50 365
21 178
268 316
95 392
94 237
193 327
217 252
26 396
211 217
126 388
3 197
27 241
11 212
233 312
56 65
14 207
82 194
209 367
53 204
135 273
51 117
53 245
76 215
107 189
136 358
121 166
187 335
2 183
356 387
24 236
71 262
102 143
40 199
27 295
59 212
243 356
58 351
138 150
173 270
44 247
34 359
283 298
140 150
19 215
380 397
39 152
124 269
177 184
25 362
164 219
261 312
148 288
128 398
249 316
51 167
122 268
184 363
57 165
129 244
113 320
364 376
31 230
74 391
148 362
47 117
99 286
36 221
102 150
104 389
27 179
173 229
108 187
59 128
1 284
173 298
22 250
111 265
42 78
168 198
20 296
147 370
100 188
87 372
241 294
116 372
108 335
22 296
86 257
125 272
51 220
151 328
68 354
112 225
43 105
64 65
204 327
109 121
169 389
282 330
153 223
227 285
219 242
39 288
295 346
49 223
131 177
115 265
13 269
69 92
14 57
238 392
17 196
9 110
52 157
334 373
274 336
25 214
236 351
67 147
56 296
270 298
141 330
204 295
12 341
33 283
101 288
10 235
191 384
28 355
134 348
303 345
60 340
59 116
186 219
267 310
228 325
17 192
358 367
163 260
4 60
193 204
0 184
183 191
72 156
140 258
235 341
183 206
166 221
331 338
18 251
12 80
59 301
60 332
20 178
254 315
129 237
50 267
22 23
149 347
100 247
198 380
149 289
98 184
75 279
11 337
89 142
104 324
218 250
63 372
358 366
130 207
295 327
129 203
135 281
212 337
269 306
19 76
163 173
43 297
233 290
223 263
47 141
22 246
205 255
104 310
56 240
98 131
82 303
32 296
125 351
10 341
44 90
36 72
77 253
108 258
2 251
150 160
175 190
20 355
304 361
3 304
7 174
149 284
151 159
68 74
112 229
76 243
160 318
242 265
156 255
327 369
134 344
287 331
15 241
80 262
168 397
56 64
38 176
269 348
19 145
43 380
79 382
36 62
143 234
25 238
157 352
160 339
87 103
177 383
139 191
124 335
59 133
329 392
298 329
165 299
70 181
119 378
231 257
142 212
85 208
198 297
20 23
114 361
301 398
196 343
229 391
78 226
271 371
272 380
241 316
161 363
133 184
129 135
126 235
161 271
161 291
148 208
77 295
268 365
174 277
96 155
284 317
257 359
118 255
53 369
57 336
145 376
172 188
256 262
142 220
25 392
34 217
34 252
70 305
15 122
237 393
223 374
347 368
82 88
127 136
20 230
306 308
304 352
298 391
229 392
166 338
158 178
26 394
5 333
162 325
239 388
21 185
331 379
66 240
14 399
39 86
288 322
85 164
58 342
19 273
148 375
3 158
192 363
40 240
122 381
62 221
33 353
116 300
214 362
142 157
27 327
85 200
10 239
166 331
263 280
93 227
113 346
188 265
267 370
53 253
105 181
1 363
116 155
191 206
116 128
216 369
130 149
131 223
95 325
35 333
46 243
142 350
61 259
177 280
47 167
239 256
167 360
60 227
167 330
217 382
128 301
71 201
160 277
167 210
84 350
98 177
99 261
243 273
245 327
252 334
147 169
51 145
356 360
143 190
302 321
84 304
47 51
300 301
25 325
269 308
115 319
121 321
93 198
52 158
144 222
60 247
376 394
122 253
202 390
49 374
209 358
25 329
316 345
80 235
213 358
353 372
270 329
38 208
138 234
87 353
249 294
6 157
293 386
127 236
8 81
260 299
283 353
6 133
275 367
78 214
29 196
196 371
153 374
169 310
125 286
42 162
148 322
10 244
73 134
134 216
27 294
165 209
94 354
111 200
9 393
24 75
323 395
50 169
170 272
93 380
36 91
69 393
242 319
118 247
55 106
49 234
53 77
144 290
207 289
3 151
211 321
77 345
88 137
90 118
53 327
328 376
233 275
3 52
125 279
209 326
38 382
2 206
86 359
87 301
91 340
206 246
316 324
298 353
140 277
317 386
128 300
18 240
50 147
166 302
297 397
332 378
87 283
85 219
54 126
104 365
268 381
153 175
72 91
50 122
48 289
305 349
84 184
143 348
9 189
138 339
52 151
90 247
0 363
177 363
140 339
63 301
264 372
322 375
69 341
39 322
138 140
334 359
143 150
117 210
16 262
286 351
84 157
106 224
309 351
370 389
15 180
103 212
131 278
38 146
168 380
170 224
38 322
57 326
33 74
249 345
138 171
0 98
143 258
307 366
154 165
70 261
254 312
208 322
102 258
14 289
213 232
81 326
151 220
20 32
199 240
67 88
7 97
179 303
241 245
92 110
58 137
113 233
148 164
238 329
1 280
18 199
48 96
7 277
211 302
135 387
139 251
292 346
42 152
19 135
182 286
289 368
122 180
80 244
52 361
40 174
18 206
203 393
316 365
14 326
125 342
116 398
330 387
146 205
169 370
48 207
92 129
20 31
86 211
340 378
279 286
213 261
50 324
195 242
101 205
193 241
12 235
164 375
27 204
85 148
32 56
146 321
69 129
21 35
37 226
41 131
127 309
102 277
135 356
192 271
125 224
37 78
305 312
266 363
8 165
47 145
271 383
93 105
105 254
220 337
136 275
43 168
141 210
141 145
79 205
330 356
89 133
121 211
96 372
62 338
14 299
154 336
262 388
248 361
45 55
46 256
172 195
51 364
299 399
154 326
209 349
167 356
246 384
119 156
98 161
83 394
155 184
6 142
123 360
186 232
1 131
62 287
234 335
40 97
32 250
73 143
39 208
138 190
310 345
276 349
282 364
215 244
73 369
24 286
228 231
138 258
134 369
134 335
3 361
62 91
157 350
57 154
260 319
35 192
304 350
61 390
27 53
139 384
4 100
232 254
43 182
83 376
79 101
98 383
5 23
65 343
276 315
342 351
52 159
303 346
173 392
275 315
17 132
316 381
33 87
251 384
192 383
162 377
41 383
39 164
29 343
103 301
115 242
159 248
215 341
14 130
95 395
78 362
259 298
2 66
73 348
228 377
70 254
65 66
266 383
51 141
226 377
101 382
29 64
118 156
36 166
321 338
117 328
25 229
136 233
14 149
141 376
385 399
191 246
79 164
198 397
323 398
104 169
130 289
10 388
245 369
209 213
175 258
72 109
241 249
292 320
75 290
92 341
6 89
185 355
264 300
221 255
7 160
6 291
177 266
163 270
8 336
24 224
217 321
144 236
144 309
101 146
48 264
52 396
13 344
8 154
90 156
10 129
105 198
91 331
77 204
194 267
69 76
274 293
95 226
36 302
149 368
6 84
279 342
153 258
25 162
121 287
131 263
252 373
99 181
294 345
267 389
271 352
52 350
264 353
306 348
4 397
39 314
206 240
131 347
95 112
162 228
302 338
193 346
240 251
68 94
22 28
81 358
286 309
279 351
300 398
17 343
181 312
212 398
4 93
75 286
46 71
24 182
273 360
56 199
45 137
268 294
50 310
300 353
59 372
283 300
11 63
18 65
108 234
2 240
290 309
61 298
317 368
226 238
139 246
300 372
8 307
172 200
98 280
181 232
276 358
312 349
44 118
83 141
330 364
74 229
249 381
62 109
294 316
69 237
333 352
259 270
176 255
263 317
287 321
18 191
61 270
198 285
125 182
36 379
349 367
49 293
263 386
222 349
143 171
159 361
94 203
1 347
75 236
204 245
15 249
194 313
163 298
84 363
308 348
22 32
133 350
13 15
190 234
222 233
21 28
35 271
154 386
278 293
116 133
226 325
129 341
319 399
190 308
55 224
46 239
96 289
282 356
236 309
39 42
110 393
299 385
19 243
74 225
106 342
103 323
62 146
55 125
122 324
226 229
152 162
50 313
161 383
121 302
168 297
109 287
14 165
192 333
113 136
365 381
147 389
171 339
105 297
207 368
232 265
140 160
243 360
137 224
141 282
138 143
329 391
12 215
6 337
69 215
48 368
281 393
233 367
45 170
102 160
12 92
68 103
9 203
368 390
119 221
99 254
111 148
73 108
93 297
63 300
33 391
185 230
225 395
89 352
222 276
109 338
152 334
84 291
16 201
109 321
107 110
141 220
130 390
51 337
161 184
209 305
145 387
79 288
80 388
72 166
78 329
202 319
287 338
211 359
204 241
141 364
218 246
44 255
270 391
284 347
131 280
115 385
208 375
205 382
114 159
133 301
132 196
122 294
38 205
223 274
125 236
19 356
263 374
30 268
12 244
64 343
94 395
287 379
127 233
200 219
163 362
45 342
105 168
173 259
231 325
97 174
43 99
236 279
45 106
112 392
23 355
192 352
297 380
227 247
275 305
226 392
335 348
75 309
201 256
324 381
120 154
214 238
89 304
8 120
162 226
352 363
42 231
183 240
50 316
91 166
123 273
213 305
188 285
188 200
184 291
171 277
21 22
159 197
7 40
40 66
143 357
99 312
37 231
27 303
122 249
151 197
0 1
250 251
73 216
99 315
55 272
203 237
176 302
157 361
30 365
360 387
210 376
122 345
317 347
90 200
69 281
53 241
237 341
225 354
10 215
164 382
140 318
13 253
94 281
266 291
51 282
69 244
36 331
286 290
57 386
63 142
280 383
216 348
224 342
299 390
46 262
303 313
60 378
224 272
324 365
283 354
327 346
146 166
264 298
41 371
76 387
78 314
33 264
58 88
268 345
252 359
79 176
254 305
37 162
152 314
45 224
33 259
24 279
111 208
238 270
75 182
161 192
232 261
37 325
81 209
79 208
52 114
120 209
104 370
164 208
74 94
280 347
275 312
1 98
325 377
47 282
216 335
230 355
192 371
93 168
146 176
124 134
272 342
18 139
136 367
89 291
239 262
7 66
106 168
126 201
67 310
140 153
128 155
58 272
20 185
71 256
244 388
50 389
138 357
17 371
9 69
16 54
73 124
23 178
36 338
197 304
301 372
19 123
56 66
241 253
172 219
64 318
180 253
15 253
64 199
54 262
142 291
102 153
18 246
215 237
16 126
364 394
13 306
73 187
131 284
87 128
313 389
332 340
111 172
221 340
50 345
136 312
242 260
75 144
116 301
111 164
84 133
372 398
35 178
30 267
53 193
43 286
157 304
236 290
153 318
82 313
216 308
197 248
133 266
172 265
25 78
12 110
307 386
18 250
5 352
228 314
85 288
72 255
33 270
96 264
260 390
30 370
288 382
60 119
139 218
220 328
59 300
2 218
30 381
317 374
47 210
42 257
10 80
128 372
42 314
263 274
183 246
67 82
43 125
80 239
111 115
139 206
55 88
174 339
145 364
85 242
147 267
281 395
24 351
243 387
237 387
145 210
151 396
296 311
124 193
65 199
124 369
100 397
323 330
97 160
21 230
289 347
215 235
278 347
137 170
206 384
336 366
100 200
263 284
43 342
0 177
9 92
150 174
31 185
50 294
49 108
149 207
261 315
84 161
0 132
238 391
131 293
2 18
9 129
83 117
25 112
119 332
158 197
33 354
0 131
69 203
204 346
159 396
295 320
99 290
169 267
13 249
110 377
40 56
349 358
14 390
30 169
172 232
333 371
53 134
89 157
163 329
268 324
77 245
86 252
181 261
91 287
1 177
109 302
72 302
55 279
116 212
80 126
209 275
259 329
66 218
156 332
245 292
80 256
110 189
76 237
27 77
5 192
77 241
144 233
16 46
83 364
41 223
102 190
74 95
307 336
49 274
15 77
19 46
145 243
136 276
216 269
158 361
155 372
112 325
140 234
271 363
219 265
113 222
101 322
55 342
69 135
280 284
25 37
305 315
91 109
115 399
44 156
204 253
111 219
161 177
89 161
165 366
71 126
93 285
157 197
277 339
40 65
29 132
315 349
101 176
60 118
235 239
284 289
276 305
91 221
81 213
8 213
42 228
212 301
213 366
232 315
89 350
263 278
182 351
247 397
8 14
18 66
118 340
173 329
152 228
257 373
133 291
81 367
48 130
45 272
124 308
229 270
203 281
102 234
8 57
96 300
205 302
4 227
264 283
278 284
122 365
54 235
8 366
128 353
127 222
52 304
169 324
18 183
0 383
135 237
172 242
45 58
23 28
188 219
114 151
20 21
113 369
47 83
170 342
171 190
10 126
19 239
233 320
269 344
70 315
210 360
147 313
24 55
50 268
274 374
255 340
195 232
218 240
150 190
47 328
134 306
189 377
190 335
34 211
233 358
290 351
214 329
31 355
193 292
341 393
47 376
245 346
162 214
54 256
139 240
115 202
129 393
112 329
127 320
237 281
263 293
72 340
6 350
81 120
263 347
206 251
35 296
154 307
81 307
125 170
153 190
34 152
175 187
81 165
235 388
275 349
130 368
292 369
186 242
62 321
10 12
38 101
266 280
78 231
29 371
154 366
179 295
63 398
278 280
11 68
188 195
72 176
121 338
312 315
76 356
8 326
112 226
101 164
3 159
135 341
53 295
167 282
79 322
30 104
77 122
47 394
4 247
209 366
114 157
39 79
150 339
67 194
34 86
70 232
279 309
176 205
16 256
275 358
2 191
111 186
310 313
135 360
120 326
146
48
119
104
190
190
91
85
179
85
142
157
111
143
130
153
89
191
17
157
77
81
110
119
95
102
102
67
198
181
12
164
89
36
67
61
88
48
179
89
31
72
175
81
67
72
109
142
206
208
75
32
158
147
185
91
62
48
182
82
110
173
102
90
106
117
70
219
102
142
70
90
71
105
81
153
43
175
87
115
108
53
125
110
158
70
28
100
111
126
73
70
44
181
203
154
91
74
81
186
94
27
189
68
142
101
119
108
91
100
183
77
71
72
103
250
55
116
78
175
146
58
13
63
110
63
7
64
122
107
109
61
51
31
110
66
120
16
134
107
26
101
45
23
44
109
77
180
121
25
177
110
146
124
93
192
57
92
146
87
165
46
78
51
77
137
67
54
100
183
174
202
88
81
96
18
97
70
29
213
98
75
34
66
117
100
122
64
78
63
60
27
47
93
158
204
70
21
62
110
184
41
143
61
57
164
33
70
61
109
49
36
75
119
154
46
69
36
162
27
132
123
87
172
18
42
102
129
109
101
61
84
102
145
192
134
216
76
89
74
27
119
83
186
68
80
118
112
77
153
113
140
147
150
50
126
94
87
88
133
169
49
27
63
95
30
161
99
81
88
46
40
139
119
69
91
51
204
32
84
120
98
116
30
159
127
174
93
27
22
70
80
156
125
191
112
113
111
151
68
136
131
120
108
194
144
175
105
158
39
132
228
131
20
112
86
120
172
20
102
38
38
128
225
161
97
85
77
153
45
98
114
140
66
86
117
62
75
206
62
74
159
60
128
101
91
7
125
57
86
93
87
41
136
149
94
51
41
56
226
79
35
92
78
204
107
53
120
120
21
81
37
67
141
58
93
21
95
166
63
54
67
93
131
126
64
116
167
71
72
63
45
217
39
136
114
100
154
83
210
92
80
134
71
114
73
167
149
171
132
152
110
108
72
47
137
61
21
97
136
174
133
21
61
201
63
195
97
93
149
169
184
22
147
31
201
53
189
86
112
160
198
72
75
62
108
63
141
88
42
150
97
33
85
143
93
29
180
42
143
154
66
74
60
59
101
110
97
138
144
41
72
98
69
78
119
61
109
68
30
85
159
112
165
139
73
77
74
101
84
225
240
158
155
142
92
119
81
214
67
144
160
65
63
138
28
76
24
79
11
141
56
169
164
177
111
185
67
77
72
86
227
80
116
169
92
77
60
90
68
180
60
155
35
81
70
93
74
219
139
130
38
102
52
93
142
152
78
139
110
65
74
182
13
76
116
48
73
36
52
126
109
25
148
160
101
30
145
183
35
55
105
85
147
116
66
21
130
198
186
63
34
79
113
124
98
27
166
27
125
94
161
113
114
119
81
157
105
95
110
79
69
135
31
42
67
151
94
94
128
77
175
79
75
88
135
110
186
86
23
50
118
113
34
119
95
72
198
78
107
173
56
77
123
67
136
92
188
233
101
65
94
91
66
115
63
16
89
161
82
57
65
80
107
183
84
213
85
12
67
77
60
87
169
126
23
173
183
112
171
83
56
72
120
10
63
178
140
78
146
54
129
63
72
94
58
111
120
32
141
96
173
126
90
51
131
189
61
154
34
45
142
86
50
98
196
133
77
67
48
50
34
89
148
150
204
82
167
19
66
90
86
113
44
71
153
51
59
204
44
187
138
168
62
142
181
22
64
91
9
145
102
151
185
114
69
202
107
160
78
118
120
129
22
80
143
61
73
57
71
168
57
109
66
187
69
60
88
130
31
58
82
53
129
89
196
101
37
59
187
93
135
157
47
90
186
88
55
67
57
88
20
106
52
119
110
165
99
30
82
171
168
48
155
99
65
18
82
160
127
103
165
177
59
85
52
76
107
48
155
70
99
96
129
96
154
153
123
106
101
60
66
16
18
151
218
91
61
109
176
32
90
151
144
23
64
41
110
61
75
73
128
20
67
129
137
47
161
134
111
90
142
118
138
164
47
96
170
127
117
117
62
189
85
33
179
91
61
148
137
54
136
169
86
121
82
29
176
140
40
74
170
58
28
86
70
51
158
68
132
96
39
19
72
109
43
70
90
70
35
119
119
36
169
84
98
169
70
52
53
72
33
62
145
46
78
151
81
52
89
79
97
67
116
174
221
46
36
29
174
144
145
76
73
139
38
95
93
71
79
150
222
89
140
80
103
77
78
29
93
152
125
183
125
132
27
25
154
87
40
88
82
93
103
49
18
97
108
54
82
21
124
117
55
67
144
113
89
44
56
160
159
166
46
63
111
73
216
23
101
68
58
27
77
67
170
129
131
152
214
87
42
182
69
65
74
68
106
118
81
103
158
80
57
104
60
102
103
56
73
60
179
38
29
40
45
129
139
85
47
123
190
82
12
153
24
183
172
102
60
134
210
51
179
85
45
125
151
84
82
81
44
86
89
83
196
69
100
57
88
73
135
14
59
162
50
106
109
129
25
104
82
16
62
141
72
76
61
153
200
216
114
132
95
76
165
63
157
126
105
88
154
78
106
7
87
108
180
59
109
61
12
82
156
87
18
64
84
151
210
87
122
54
87
90
67
87
128
123
130
84
127
105
44
138
99
70
42
93
61
45
59
149
61
174
37
84
86
84
28
81
69
163
108
173
144
102
184
117
88
146
14
82
43
161
73
26
87
181
68
87
51
59
43
29
148
87
190
191
79
125
64
66
135
79
97
82
159
95
128
18
230
42
106
101
142
144
118
148
105
129
135
130
110
83
124
13
159
189
136
89
107
87
80
82
86
129
60
204
69
110
30
40
94
62
129
20
166
92
94
147
59
69
143
13
32
83
184
93
90
126
62
93
94
214
129
137
74
225
191
118
38
124
150
95
143
83
51
161
126
169
79
75
79
74
51
139
56
113
116
51
81
184
34
170
75
84
195
82
70
62
144
32
51
47
82
43
63
48
199
127
84
74
59
150
153
107
202
105
94
133
25
70
180
119
71
82
70
157
166
53
80
98
171
55
45
55
101
176
220
124
33
67
122
111
109
114
73
66
169
47
37
57
101
92
102
139
136
182
100
61
54
129
109
133
55
80
95
96
208
145
190
26
167
122
124
170
110
93
70
28
27
44
161
117
124
51
54
134
69
64
84
132
218
94
142
81
65
27
114
69
73
81
73
87
68
89
327
95
56
39
175
53
117
70
55
85
185
123
87
56
20
36
50
59
76
54
45
54
102
27
113
148
77
148
94
48
91
133
200
85
84
80
69
53
189
48
78
158
116
154
57
84
189
151
132
80
18
75
113
137
16
121
107
173
57
80
221
215
233
51
100
63
51
26
75
143
197
24
99
58
21
84
146
104
29
13
108
74
80
51
186
88
122
70
100
139
73
112
104
50
72
64
147
149
127
89
85
70
89
86
130
115
33
119
35
152
65
118
127
58
98
146
44
56
39
109
99
65
28
123
151
73
104
93
73
69
99
195
92
71
119
106
32
99
57
208
116
43
100
101
203
135
119
20
137
102
95
77
217
109
100
42
126
36
53
66
41
144
37
44
68
102
110
82
173
73
162
96
114
109
144
81
57
71
48
40
133
66
36
20
76
44
198
139
131
155
209
92
153
140
36
130
109
102
66
38
126
85
100
133
116
129
48
49
55
80
37
28
85
45
189
80
51
33
98
201
63
210
59
61
48
19
95
100
30
65
81
152
208
101
90
162
105
48
85
94
93
199
92
78
208
86
103
49
51
93
59
74
158
39
43
65
102
38
117
107
157
119
127
96
65
229
130
75
114
134
61
203
118
69
66
161
72
122
47
199
152
98
195
66
56
102
123
80
165
84
159
158
137
49
104
323
121
121
93
193
152
52
98
54
179
137
38
159
71
148
36
63
88
190
43
86
54
19
16
121
109
74
136
86
172
30
109
116
158
229
38
117
60
70
196
109
87
81
97
41
60
196
136
100
130
197
67
38
68
86
113
100
62
158
36
136
86
78
147
119
12
72
95
101
77
121
71
169
114
112
75
104
148
46
74
98
152
140
72
21
188
185
159
58
107
76
192
141
169
58
154
55
127
83
14
144
119
75
121
184
111
113
141
139
86
102
166
173
77
41
51
143
40
144
169
158
86
203
68
50
99
103
106
76
29
197
60
82
181
166
59
77
179
124
62
158
131
174
134
86
97
88
114
28
64
194
56
220
211
175
55
52
40
136
107
129
87
189
141
62
172
179
74
164
167
158
29
110
86
156
137
145
182
57
173
108
38
133
27
31
97
60
110
85
58
141
109
40
157
38
43
190
23
64
65
200
163
106
72
106
48
117
133
159
100
104
102
140
34
182
105
225
204
14
105
135
85
107
120
92
170
90
63
148
121
115
136
185
236
77
146
103
14
107
116
36
102
83
153
194
174
100
147
93
52
54
182
75
29
62
17
121
71
110
34
156
190
157
84
91
17
13
106
68
144
113
70
106
196
57
59
100
29
53
108
78
127
111
26
185
42
34
154
35
128
108
47
58
49
104
167
89
65
95
58
80
92
15
59
129
28
136
43
128
95
120
113
46
