547 402
108 413
669 369
694 222
731 474
212 429
39 626
353 475
327 207
346 484
505 569
297 646
795 557
158 237
437 442
444 536
68 222
761 463
474 501
375 237
154 759
276 495
294 590
643 511
640 690
687 628
247 768
740 727
388 388
146 702
403 549
561 522
572 763
521 205
271 706
99 328
133 499
705 44
392 156
12 233
749 504
333 794
142 563
577 711
274 337
493 557
142 236
612 664
441 593
403 738
29 617
636 420
496 600
678 425
39 683
776 108
747 66
96 460
111 56
787 212
94 127
329 443
48 32
725 665
667 543
483 331
194 424
520 306
472 433
115 799
421 579
178 51
16 285
68 388
250 777
287 619
175 369
33 141
661 617
597 611
200 326
498 316
471 8
752 254
72 759
493 0
497 764
108 765
72 675
727 652
84 655
796 411
154 567
567 168
370 206
332 420
172 335
66 647
731 328
36 76
109 88
756 537
274 630
676 451
97 98
6 180
407 138
636 794
197 369
314 766
481 350
379 293
67 298
769 433
95 403
534 798
23 797
9 595
77 271
650 528
70 79
172 554
545 370
537 205
642 647
376 594
197 215
245 482
116 378
735 624
248 261
194 115
454 50
517 714
419 647
265 338
70 232
717 13
175 109
47 37
496 166
123 119
116 8
671 136
257 2
149 233
239 450
668 20
21 432
332 771
28 332
743 214
476 461
199 92
438 747
682 421
641 743
648 217
396 138
137 303
309 407
251 239
784 172
27 187
447 797
313 447
503 647
551 705
353 211
527 454
40 757
187 702
340 534
175 633
303 209
654 674
188 444
299 597
316 60
187 403
25 178
36 715
674 23
304 299
120 130
2 729
664 712
672 577
454 736
605 34
146 742
417 259
351 483
420 381
281 50
420 656
634 101
248 244
6 333
240 703
383 35
762 537
119 621
588 23
749 330
587 576
154 659
94 669
345 28
555 544
61 446
45 496
267 702
681 338
331 635
96 580
539 725
127 447
304 192
471 708
611 309
544 252
697 402
363 45
200 353
78 50
419 133
312 596
130 409
772 627
652 99
106 646
324 276
270 176
710 580
76 62
262 145
505 38
626 361
147 474
324 122
312 153
767 481
516 638
347 372
700 608
625 46
300 769
743 163
31 794
540 277
791 167
508 792
435 303
757 259
562 38
711 372
471 540
360 764
312 498
11 283
409 639
419 358
14 574
107 799
516 84
799 739
335 543
751 179
675 129
321 493
722 198
680 157
148 270
362 136
67 367
729 369
750 363
32 549
89 181
609 275
715 718
478 368
74 560
560 7
459 733
52 504
390 304
321 658
263 459
447 717
129 56
2 294
413 631
791 493
240 425
41 713
583 603
119 278
629 385
75 395
745 29
639 240
221 241
613 705
459 115
400 170
107 352
644 582
304 579
153 530
393 495
667 662
552 743
75 248
222 265
594 179
46 361
523 259
327 588
440 247
259 59
56 468
519 720
608 773
426 219
431 538
222 208
400 635
583 703
791 222
356 386
674 457
203 515
209 148
20 482
7 708
191 602
210 781
32 171
462 641
658 366
4 349
441 288
734 698
102 686
344 674
524 389
359 178
637 78
337 329
201 391
254 507
224 52
246 469
367 161
425 612
159 343
230 340
767 725
338 16
87 29
656 754
260 676
97 7
704 777
701 169
292 486
513 145
444 400
10 26
295 304
298 528
570 178
173 386
525 38
568 116
95 226
430 55
764 703
277 283
755 132
260 795
618 114
576 740
429 559
784 349
470 561
672 491
235 758
443 668
627 290
69 496
549 776
284 519
106 760
72 628
83 460
234 508
121 565
20 389
73 148
114 397
120 184
163 314
22 75
19 325
146 176
368 376
113 277
182 230
259 367
132 226
25 63
26 389
207 296
92 337
135 371
64 119
78 187
58 291
133 290
16 180
72 150
158 305
57 210
83 268
113 294
323 384
54 345
161 380
199 363
120 141
51 103
222 341
160 244
39 180
105 339
60 100
251 271
131 184
170 395
218 240
321 360
335 392
127 352
265 368
226 274
269 383
48 326
51 332
50 396
275 342
166 219
220 391
14 193
38 94
125 214
84 264
58 364
52 387
16 314
58 120
1 217
94 191
192 367
86 313
84 170
139 370
137 301
70 125
125 261
69 84
392 397
74 212
200 378
57 397
299 332
8 94
92 333
35 112
70 261
80 315
250 318
266 344
73 317
146 289
237 284
0 68
56 147
158 274
34 74
219 323
37 269
35 275
34 288
24 362
6 263
85 375
90 202
124 312
214 227
179 374
85 132
216 219
12 234
29 395
4 332
331 350
65 253
145 273
210 300
175 312
110 122
299 341
117 396
112 377
3 272
267 270
77 339
58 225
144 321
75 214
43 167
244 331
33 123
120 235
150 260
303 315
15 311
134 340
133 166
189 246
306 355
151 330
151 162
143 269
65 81
13 327
313 324
51 238
60 279
118 377
270 372
251 330
261 346
8 168
86 252
345 395
10 209
86 115
47 175
116 185
22 319
89 312
211 278
10 257
261 328
186 362
156 362
285 290
270 289
190 345
54 170
214 346
118 292
80 135
90 207
93 368
212 389
206 231
21 372
193 262
95 192
70 385
193 244
57 239
75 346
93 373
265 376
191 287
92 399
350 380
101 234
305 378
45 385
0 347
66 146
54 181
167 384
144 208
2 155
14 311
320 343
39 339
185 249
153 321
100 138
26 34
88 396
75 309
40 388
106 158
104 235
53 103
218 348
213 276
214 319
254 271
4 155
174 241
80 96
11 288
262 282
106 306
249 264
10 52
198 260
122 347
208 321
22 372
278 392
95 331
61 259
205 297
340 390
59 271
96 307
256 276
77 279
11 214
20 264
122 238
141 291
142 235
115 252
205 308
23 308
174 233
195 340
101 242
271 272
288 363
76 80
12 242
247 389
219 340
4 101
17 40
19 355
300 322
1 300
125 293
1 73
89 245
238 391
101 201
134 261
168 191
130 183
183 380
138 353
21 354
224 358
241 355
67 221
96 351
97 231
86 323
309 319
74 199
17 91
263 278
57 286
156 329
71 321
39 118
130 303
176 354
7 95
126 315
172 394
110 282
104 225
115 384
5 295
210 211
63 245
58 361
65 343
253 282
133 323
16 136
234 245
159 273
99 361
208 223
221 373
182 246
298 377
132 237
230 269
312 344
268 271
352 354
227 267
18 326
107 156
202 206
52 243
255 349
19 168
91 386
107 324
89 379
66 176
147 189
39 72
88 296
7 165
154 390
82 237
150 198
28 331
63 359
53 332
188 290
130 174
193 369
15 70
81 250
195 356
14 68
54 90
1 128
32 115
47 297
38 355
231 345
126 145
84 87
191 320
279 314
213 299
328 390
52 166
202 399
144 178
174 232
110 347
186 304
57 217
162 268
203 255
309 372
201 242
155 299
79 209
340 356
97 296
61 192
64 78
63 379
244 350
210 335
265 284
201 294
11 102
18 169
25 312
21 259
71 353
132 378
140 265
248 251
123 373
76 228
260 342
23 119
95 165
251 268
183 232
46 136
30 356
2 299
62 139
100 235
93 316
68 152
98 222
225 235
185 336
89 234
359 379
223 240
38 226
4 91
16 163
39 292
76 374
36 57
36 92
282 369
86 154
134 390
44 160
45 209
53 155
154 285
218 233
88 231
165 192
44 135
35 307
11 309
176 217
65 262
305 306
315 327
191 306
26 149
68 282
218 355
3 254
349 376
111 343
216 384
13 303
173 337
94 325
140 373
183 371
198 292
72 260
60 235
81 347
13 46
112 150
122 282
239 397
24 43
228 307
38 348
102 363
40 101
31 297
77 105
24 186
171 190
76 108
57 228
63 129
211 322
82 284
161 327
17 201
125 328
10 45
259 372
134 328
384 393
43 133
215 231
220 341
186 344
136 339
7 270
233 236
108 224
160 289
12 229
8 355
190 338
37 182
209 297
142 291
271 302
106 305
82 375
50 88
63 175
35 128
74 382
167 313
52 340
333 354
214 288
24 329
65 282
181 345
204 256
139 361
143 272
194 223
266 281
229 344
268 381
8 232
274 306
73 307
123 221
32 313
4 103
85 255
55 301
3 271
97 396
127 367
170 264
152 369
131 138
5 127
53 299
236 327
297 308
147 196
90 231
286 397
135 350
303 327
211 335
111 320
212 288
118 159
47 312
167 304
298 314
131 321
38 325
5 176
63 312
64 234
269 349
216 393
102 288
68 369
69 87
90 206
163 180
40 201
46 298
337 399
154 164
188 323
256 341
194 360
10 31
165 259
27 266
188 219
316 376
50 117
147 230
268 330
78 234
129 312
272 383
39 136
156 186
121 337
130 161
322 335
202 345
265 305
254 330
42 337
58 62
289 295
138 334
111 191
300 307
138 184
4 242
196 269
16 105
94 274
177 227
202 396
154 258
174 348
217 322
26 199
124 186
18 68
50 90
19 232
171 338
16 279
4 388
352 372
22 309
21 398
44 183
77 163
167 329
84 190
17 294
220 299
6 90
20 338
371 380
325 343
110 253
212 247
83 330
300 397
100 120
55 268
9 165
21 270
213 391
203 375
42 92
104 120
32 252
88 90
130 380
51 53
34 109
156 304
66 179
181 185
66 76
57 114
13 145
307 357
54 296
188 285
11 177
359 365
144 194
21 289
33 250
93 383
310 333
4 294
9 61
168 348
79 124
103 332
163 339
189 203
295 354
36 42
268 366
135 183
96 358
34 212
338 382
50 263
245 308
4 40
36 121
45 52
71 291
112 307
82 132
108 295
93 221
143 349
131 153
59 151
16 118
92 121
23 31
71 153
24 47
186 312
63 89
30 385
189 196
110 343
328 340
99 235
6 117
3 366
97 117
33 93
235 361
109 389
34 363
23 388
13 273
89 229
47 167
72 314
22 177
48 134
313 323
179 295
0 122
81 282
143 316
110 369
226 348
29 190
119 205
257 385
46 314
54 336
1 210
92 310
12 201
120 225
73 210
241 348
87 264
8 19
111 350
44 80
173 206
202 215
220 250
164 188
121 333
98 277
176 351
131 334
280 318
89 344
1 275
45 257
61 331
114 275
105 180
25 234
307 317
146 354
116 170
385 387
238 299
280 391
43 384
151 254
263 283
145 159
58 184
130 327
262 331
156 384
162 366
211 283
2 51
172 372
68 110
226 378
256 277
79 205
67 250
107 365
84 185
57 392
30 125
170 249
31 169
59 268
275 307
97 202
134 195
29 206
53 256
215 396
224 374
87 395
220 302
54 185
45 387
65 369
237 265
2 277
67 122
238 341
56 137
33 318
133 313
66 108
91 242
351 357
176 374
338 389
96 159
102 309
42 202
286 335
206 345
137 182
26 212
81 221
128 307
275 317
233 334
15 18
136 163
192 270
36 310
78 308
63 281
263 396
76 357
168 218
38 305
43 47
139 225
120 361
2 238
33 221
67 110
55 248
161 218
67 318
210 397
5 289
252 313
111 262
349 383
224 357
67 81
36 217
32 107
204 276
21 367
11 75
292 342
75 227
22 267
4 17
6 88
98 276
68 169
58 139
17 242
291 364
74 247
99 225
156 175
85 237
18 385
127 146
253 262
148 300
195 293
329 384
326 385
115 393
228 374
196 383
70 328
45 326
235 364
144 360
119 388
5 374
291 361
154 219
216 313
151 251
84 395
80 224
123 376
30 70
104 141
107 362
48 387
179 357
75 363
27 281
126 161
204 213
182 301
94 355
90 97
7 9
129 344
135 380
267 319
179 224
34 382
259 270
42 283
173 231
260 292
71 142
220 238
352 394
35 159
51 299
207 231
172 309
230 376
358 371
119 308
199 389
137 147
12 294
223 378
65 318
172 311
1 228
54 88
23 187
7 311
168 241
65 67
323 329
93 140
13 377
100 184
17 103
161 174
252 393
286 392
26 41
111 253
225 364
145 298
85 284
257 326
73 228
217 392
372 394
39 260
131 353
84 336
248 366
98 213
232 371
17 101
293 385
45 48
9 270
155 341
166 243
136 298
99 139
110 262
230 349
237 255
35 150
278 283
61 270
117 278
22 227
335 397
28 350
118 273
53 341
86 393
99 120
215 278
126 197
382 389
109 382
81 318
19 94
194 208
87 170
189 255
222 276
230 383
281 362
24 25
147 349
156 324
274 348
5 351
18 387
47 78
321 353
283 286
119 234
88 181
64 101
206 337
205 209
166 340
62 364
101 294
239 310
62 235
88 207
59 330
143 230
211 286
127 354
149 258
50 97
295 351
124 308
153 353
108 358
3 151
159 357
213 341
108 351
310 399
78 175
103 388
126 303
190 395
246 383
109 247
37 246
66 295
89 281
72 292
60 184
280 302
11 22
78 124
13 315
48 356
212 382
200 208
7 192
2 341
25 78
32 324
128 228
82 200
40 242
105 163
352 398
5 108
3 302
7 259
72 342
108 374
164 252
8 174
48 70
247 258
261 390
227 309
237 378
6 231
109 149
73 275
178 321
74 338
225 361
39 163
100 361
172 192
178 208
24 124
43 313
46 145
70 387
186 281
78 129
102 177
200 360
19 320
166 390
3 268
211 392
60 104
9 311
127 289
66 351
56 301
279 339
173 202
145 377
47 304
140 226
180 279
51 388
25 89
84 116
290 390
39 314
178 194
232 287
127 394
98 204
116 249
160 165
144 353
153 291
262 287
244 262
127 295
69 249
149 382
94 306
128 275
80 358
71 100
55 162
13 159
99 370
133 216
256 386
4 113
246 284
332 388
100 104
114 128
143 383
124 245
233 241
15 387
60 225
255 284
177 267
94 218
35 298
221 280
136 377
66 228
20 69
6 207
54 396
139 235
136 180
172 259
78 245
324 384
277 386
168 306
87 345
147 246
191 253
161 197
223 360
171 199
135 358
102 214
0 169
49 290
217 397
72 118
112 118
34 247
147 203
157 316
367 372
94 348
24 312
248 272
58 100
54 97
218 236
177 319
160 331
211 397
47 329
65 347
225 370
248 268
162 251
114 217
193 282
86 285
2 256
58 104
311 326
44 358
62 361
146 352
202 231
18 45
2 53
138 141
69 395
289 398
176 179
162 271
195 261
119 332
76 351
112 292
98 256
255 375
43 304
164 285
187 234
194 240
47 124
318 320
82 85
193 331
10 387
247 382
70 257
302 316
293 328
354 398
269 381
313 393
316 373
197 371
42 215
187 308
86 164
328 356
183 197
208 378
198 342
159 298
47 79
189 349
227 319
27 379
285 390
268 272
34 199
5 179
121 399
214 328
126 334
70 356
94 168
100 225
9 259
104 184
90 345
43 324
19 287
125 356
128 374
68 193
317 342
230 272
232 350
350 371
38 168
113 242
33 368
217 228
8 218
178 353
313 329
316 383
118 314
155 222
14 18
26 109
132 375
182 189
172 319
89 129
109 258
48 293
153 194
182 196
48 195
31 205
51 155
41 258
351 374
276 341
40 294
286 322
210 322
227 288
208 360
35 118
221 250
42 121
79 187
134 356
32 384
33 316
29 87
9 267
189 284
68 347
373 383
28 193
182 349
25 245
8 348
271 381
226 306
253 287
61 165
266 359
183 350
300 317
85 265
170 185
21 146
15 152
161 233
123 316
162 330
184 279
50 278
196 376
155 276
112 136
37 230
134 293
59 248
333 398
36 399
27 359
30 172
362 365
32 216
104 291
129 234
96 273
304 324
221 318
178 200
213 220
141 184
228 300
255 265
96 357
146 398
100 141
197 233
110 193
240 348
15 385
131 141
275 300
157 280
14 152
55 251
189 230
288 346
237 375
225 291
150 275
75 319
98 254
304 384
235 370
112 260
175 304
20 190
95 244
76 128
276 386
86 216
105 136
151 381
159 307
43 323
80 159
189 375
74 389
106 226
243 340
131 236
287 320
304 313
81 343
133 329
242 294
70 293
47 186
133 188
0 282
11 319
130 315
61 95
32 393
51 222
137 246
304 329
196 246
203 349
58 142
15 30
2 98
86 290
326 387
32 329
108 179
140 305
94 106
112 298
75 177
49 154
56 381
174 218
256 299
83 254
210 392
94 174
73 150
66 224
204 277
231 396
49 258
287 350
38 274
49 149
195 390
11 363
114 210
70 326
140 368
360 378
145 303
133 219
41 247
93 123
214 309
46 159
44 380
257 387
220 280
126 327
189 383
91 276
271 330
83 98
313 384
72 198
147 182
285 323
157 366
33 373
281 344
323 393
20 29
86 188
306 325
236 334
40 113
133 285
9 192
187 245
32 86
123 368
283 392
202 207
136 314
117 263
84 181
152 257
14 28
394 398
241 274
118 298
361 364
1 307
175 186
204 386
206 207
76 179
269 272
55 56
111 232
283 396
150 342
26 338
123 250
226 305
236 241
85 378
130 371
160 295
16 46
13 126
58 235
65 193
93 376
111 287
162 381
30 387
143 248
16 377
62 370
46 126
106 348
304 312
37 56
83 151
176 295
80 108
157 271
75 288
118 136
296 345
65 110
233 327
114 300
10 205
167 323
29 207
236 240
328 346
40 234
28 95
42 173
304 362
103 155
253 320
78 79
27 344
69 190
96 224
52 209
5 354
73 114
158 306
273 298
8 233
284 375
48 340
77 99
11 227
191 325
9 367
15 45
168 174
113 276
259 267
188 390
179 228
49 219
170 181
142 225
60 120
116 181
21 352
230 246
314 377
167 216
197 303
15 326
39 105
48 52
200 223
217 239
106 274
171 363
170 336
216 329
178 240
165 331
296 336
158 226
26 74
190 264
71 138
62 225
262 343
259 352
197 327
142 364
169 347
37 147
81 253
124 175
344 359
23 103
128 300
91 113
170 296
165 367
123 140
81 122
118 260
78 89
213 238
129 229
63 344
240 355
71 131
127 333
121 398
102 227
148 210
58 71
210 217
100 291
10 48
87 190
73 300
306 348
147 301
96 108
60 77
25 175
24 304
248 330
1 114
267 309
352 367
195 290
28 369
142 361
129 201
48 257
56 182
15 48
137 349
19 306
253 343
158 348
152 169
143 366
20 395
20 87
151 366
132 305
117 283
305 368
79 308
76 224
274 355
98 386
59 162
74 109
41 382
114 307
262 369
67 347
4 201
178 241
264 395
32 167
106 355
148 322
65 250
171 206
62 120
16 39
143 196
120 139
198 275
27 63
1 57
46 273
99 104
351 358
80 351
11 34
303 380
289 354
193 253
88 185
226 355
172 270
248 271
6 50
267 394
177 214
270 394
21 127
376 383
92 202
153 334
27 365
282 347
78 312
92 215
192 311
289 352
267 372
133 243
266 379
324 393
61 160
10 243
281 365
197 315
260 314
74 149
240 274
26 247
344 379
273 377
174 236
154 290
29 173
73 128
126 130
66 374
14 369
91 277
150 317
84 296
212 363
90 296
55 381
83 271
222 277
271 366
24 175
42 310
367 394
91 294
107 384
37 349
84 249
1 397
2 222
178 223
219 290
28 262
114 228
156 365
67 282
64 388
29 345
322 392
13 298
151 268
216 323
32 43
53 222
49 285
112 317
96 374
124 187
6 54
37 301
37 137
213 256
128 357
316 368
373 376
123 318
132 265
375 376
178 274
61 244
62 99
112 198
97 345
36 397
157 391
185 296
125 319
2 276
5 146
25 129
213 277
148 335
171 389
327 334
161 303
60 141
7 61
283 399
165 289
103 119
281 379
259 394
65 122
248 269
235 291
213 222
31 209
197 380
192 259
272 366
7 172
36 392
194 321
22 102
54 207
25 308
59 254
245 312
155 256
199 212
23 64
29 171
64 187
356 390
203 246
174 197
136 279
168 355
141 153
251 381
130 197
203 284
25 187
289 367
11 212
81 110
195 328
203 237
287 343
293 340
218 241
215 283
222 332
3 157
28 244
347 369
181 336
44 371
10 15
354 367
38 306
279 377
182 203
90 396
222 256
64 308
261 356
124 297
88 345
157 272
196 272
163 279
164 290
53 388
5 66
270 367
124 304
172 267
8 241
77 180
79 297
59 251
250 280
151 271
46 377
20 171
157 302
35 357
194 353
57 211
246 349
161 315
75 102
43 329
114 317
21 394
19 191
0 110
30 326
139 364
138 291
88 202
63 229
82 378
179 351
2 213
178 360
240 241
49 188
92 173
125 227
30 311
180 339
11 346
269 366
229 245
29 231
72 112
261 293
103 222
181 249
17 113
138 153
150 292
246 255
175 281
278 286
48 261
207 396
59 381
155 332
24 156
36 239
146 295
368 373
48 385
210 286
27 89
76 96
171 173
86 133
86 219
26 382
276 277
121 310
97 181
120 291
61 367
248 381
15 257
9 172
34 389
31 45
281 359
111 183
133 384
41 74
48 328
219 390
113 222
41 149
82 265
196 230
149 247
129 245
6 396
315 380
232 380
16 339
51 341
9 95
302 391
255 376
224 351
41 109
258 346
97 207
50 54
141 279
94 158
366 381
293 356
151 248
57 322
348 355
265 375
228 239
21 165
219 285
88 97
108 357
204 254
132 200
22 214
155 388
177 309
207 345
19 348
12 40
181 296
293 390
196 349
42 399
261 340
18 152
322 397
215 399
38 158
106 378
320 325
333 352
30 48
3 83
176 239
357 374
32 304
127 398
6 97
165 270
126 273
95 160
44 350
215 310
115 313
19 111
158 355
119 187
80 357
12 101
33 140
88 336
324 362
58 141
59 83
69 264
234 308
25 124
83 204
168 232
162 248
112 314
35 317
201 234
177 288
23 332
38 106
191 343
49 164
198 317
43 216
278 335
356 385
133 167
154 188
64 245
18 257
4 53
135 224
147
107
123
103
107
88
118
74
64
193
90
36
152
133
31
183
149
85
39
102
20
193
165
90
164
100
165
159
143
74
102
72
180
74
128
62
140
81
121
137
111
95
90
164
139
42
105
149
129
151
86
100
125
105
40
116
96
91
113
96
102
79
64
69
195
93
142
36
75
92
77
134
153
45
176
117
20
214
71
81
70
146
104
62
150
68
39
99
97
186
90
182
93
143
94
173
115
169
138
92
49
85
44
74
110
190
209
115
123
65
47
117
37
171
76
164
176
103
120
66
98
162
104
70
44
29
45
75
40
108
65
73
34
35
135
175
16
55
139
92
179
134
71
125
64
102
63
86
204
76
60
48
182
33
158
55
107
27
75
52
56
81
105
213
76
208
136
42
132
151
108
57
44
134
49
202
133
235
14
66
72
56
193
157
107
67
40
140
68
84
155
64
86
105
75
119
195
191
67
94
67
106
15
73
31
96
73
75
98
208
111
66
75
131
37
207
91
119
48
128
173
109
81
90
31
78
152
197
43
98
37
83
82
109
158
32
144
151
54
88
131
112
170
105
87
117
185
89
88
181
199
78
134
114
99
186
7
20
85
92
42
214
82
39
144
74
160
66
86
64
143
119
54
145
177
172
174
58
171
176
120
70
23
125
186
53
150
131
100
126
125
15
11
84
67
201
63
191
87
115
145
111
223
54
59
66
139
56
124
60
232
41
105
55
73
62
157
71
114
71
125
51
63
57
191
74
35
205
35
98
116
83
83
156
51
120
81
37
48
135
52
49
201
80
138
76
124
161
82
130
108
62
96
46
91
67
140
153
59
141
108
170
108
74
163
120
118
67
71
86
49
67
73
234
75
123
122
82
25
80
71
43
154
129
52
7
76
86
46
175
27
37
120
39
121
62
270
113
169
42
77
202
98
161
68
190
93
13
43
42
77
132
20
68
178
70
168
126
130
178
225
191
190
148
113
97
74
115
101
84
148
19
64
12
101
117
18
119
167
126
185
107
98
139
51
248
121
99
114
32
83
61
86
206
95
175
111
46
35
49
134
106
175
207
79
135
100
62
42
100
183
161
219
67
129
123
93
79
139
204
75
147
39
76
77
95
65
134
100
145
80
83
35
232
140
95
123
185
91
118
129
84
168
187
92
54
60
126
122
75
48
74
183
191
125
249
47
107
199
66
64
135
96
187
134
123
107
172
212
75
170
114
124
98
119
62
68
191
12
87
51
170
126
112
67
148
147
62
137
70
145
57
239
104
109
180
217
161
53
129
58
90
175
195
107
152
73
100
154
52
113
99
88
140
183
96
32
141
131
117
149
122
109
89
105
152
174
97
115
89
34
82
135
113
72
95
85
219
162
150
75
167
110
124
111
115
104
192
63
72
189
76
13
38
128
33
87
90
213
89
56
93
152
71
15
127
31
13
89
154
148
99
107
182
66
107
85
89
80
12
47
55
96
131
118
66
103
10
107
118
78
85
184
91
129
110
50
87
128
97
54
53
127
59
150
135
65
105
28
67
118
76
184
56
101
132
124
117
99
194
43
91
40
151
169
86
12
60
96
163
56
168
145
175
150
50
183
85
77
52
61
51
74
69
91
132
52
102
96
191
57
64
139
97
99
83
148
42
169
139
157
42
73
138
52
98
73
26
100
102
25
35
64
115
124
159
128
167
115
129
154
143
112
82
238
127
77
55
74
83
78
58
91
79
158
105
116
121
12
104
148
140
70
14
111
159
63
156
103
150
180
72
129
151
121
95
165
133
97
71
119
163
120
41
59
62
132
217
47
52
76
94
121
66
61
45
137
194
31
112
83
88
91
145
48
66
145
187
158
83
63
142
179
203
48
75
35
110
165
112
53
47
87
89
179
61
72
94
67
126
44
153
109
146
163
98
134
94
104
86
32
51
31
56
144
62
180
67
70
215
75
64
138
63
56
89
67
64
181
103
58
48
51
166
188
62
163
143
126
81
37
22
204
142
127
62
168
26
82
71
21
147
146
49
57
84
69
111
207
149
112
144
110
137
127
123
155
60
98
127
133
154
116
134
179
179
59
149
84
61
23
108
130
138
80
125
97
88
117
28
77
189
231
73
70
101
82
203
114
47
135
19
117
50
74
69
73
105
69
116
94
30
69
121
96
146
102
71
137
122
100
167
143
59
123
126
98
65
70
141
184
85
46
54
105
142
187
83
110
201
122
187
111
77
70
104
164
132
102
44
17
89
30
30
75
134
118
161
59
121
116
68
105
43
115
59
110
50
58
80
42
90
120
160
40
72
123
127
74
168
34
122
93
19
30
64
67
92
137
58
31
23
74
84
88
71
64
171
49
63
75
123
23
208
122
20
49
92
99
55
98
121
106
79
56
43
23
74
87
163
73
130
139
71
189
40
78
86
45
54
87
107
103
70
91
240
168
117
86
92
75
169
83
148
80
44
25
63
143
182
96
73
81
138
167
49
72
82
125
159
77
79
36
104
131
219
70
18
59
126
102
140
82
132
81
160
97
143
205
44
155
161
150
166
54
78
92
74
105
49
90
159
136
84
16
52
58
92
146
69
81
54
114
32
197
157
169
51
79
68
117
53
105
149
48
64
71
81
188
183
34
27
54
100
105
109
85
119
57
45
81
41
164
97
54
83
76
62
116
21
132
92
163
132
54
94
158
71
213
60
190
26
97
61
130
146
226
42
70
227
75
40
199
89
49
86
96
192
91
37
87
161
116
39
70
142
143
69
49
128
149
198
83
31
83
100
113
47
176
159
145
63
193
106
65
134
131
98
59
80
70
40
202
103
192
43
70
189
166
105
115
167
77
99
91
162
148
154
124
128
118
38
198
63
54
45
67
16
112
40
61
211
90
46
104
107
80
119
92
113
53
89
34
94
210
106
74
34
87
115
114
122
62
66
195
84
97
86
145
203
158
199
112
122
28
151
60
155
32
65
72
55
62
99
187
196
40
144
103
14
146
161
32
101
99
209
117
148
78
80
39
114
125
73
222
82
35
93
115
86
213
141
111
89
56
33
54
77
69
107
123
189
115
76
92
152
27
31
137
152
171
176
169
167
29
89
189
123
176
79
49
46
74
86
219
47
68
187
140
82
160
192
104
105
92
143
216
85
56
74
91
42
239
20
124
67
76
208
54
87
68
65
62
84
44
127
128
85
27
126
163
84
99
79
62
107
161
49
54
51
137
160
219
163
36
146
13
163
113
130
52
100
137
58
147
88
118
77
14
64
119
128
96
106
17
53
158
127
165
115
90
118
48
61
115
40
136
76
29
151
136
192
85
46
211
53
123
143
91
146
154
124
54
82
139
27
140
135
81
56
107
83
67
174
72
67
140
74
100
102
43
79
35
83
42
178
76
152
115
70
223
79
156
141
79
147
147
45
138
62
118
80
51
46
68
103
67
107
165
97
89
54
111
149
80
61
156
89
130
110
119
124
97
36
103
58
65
48
15
148
153
64
65
76
86
64
76
125
182
38
36
19
69
110
79
143
119
113
52
76
45
85
48
49
71
91
57
85
130
61
179
116
148
80
102
99
130
163
98
160
94
55
119
155
40
126
117
19
108
224
78
110
98
69
174
34
100
129
95
108
92
177
135
138
142
249
115
45
158
69
55
126
68
85
158
164
67
97
81
60
164
62
145
109
134
55
220
73
261
79
71
57
65
232
158
79
118
82
73
166
186
132
104
111
173
65
129
150
39
96
249
157
62
86
39
141
98
58
81
138
75
170
128
129
48
97
73
121
92
112
79
82
84
145
167
46
114
206
110
122
36
85
97
46
140
117
134
92
72
67
68
126
75
194
51
88
91
70
48
36
93
217
240
139
77
115
79
146
32
88
79
162
165
73
68
42
129
108
58
140
31
135
124
54
119
112
84
72
111
161
221
124
138
112
194
218
171
120
71
81
182
189
60
146
67
38
67
87
95
109
183
65
89
78
81
136
177
69
91
124
124
149
91
67
85
119
30
131
121
29
52
138
84
102
152
101
27
80
97
88
99
44
177
73
99
202
124
29
84
138
41
143
94
57
224
80
119
101
65
114
95
52
239
74
84
85
110
22
84
185
80
92
93
56
137
53
143
196
134
84
184
32
50
94
17
116
103
24
88
87
36
130
146
45
150
109
147
88
75
18
22
89
27
83
130
55
92
166
111
102
179
38
41
87
69
99
98
146
115
21
114
81
144
116
67
24
141
188
76
56
61
177
182
96
113
122
180
63
110
66
74
113
72
95
172
77
176
123
92
69
57
83
200
104
117
36
28
92
179
199
114
203
170
90
142
134
137
43
113
44
66
102
55
165
99
117
65
160
117
99
84
83
119
68
177
144
103
153
55
153
82
52
48
91
109
41
33
112
142
123
139
145
20
29
119
132
12
141
25
61
63
63
42
65
22
258
43
105
136
158
80
120
103
48
90
78
102
67
91
191
115
131
101
125
96
95
82
219
115
162
165
12
195
72
108
208
70
71
122
120
171
151
46
110
206
64
108
161
111
61
23
215
117
90
159
