383 310
231 235
156 300
67 318
345 464
214 443
240 622
669 763
691 745
702 336
358 223
540 195
614 740
87 59
506 48
135 252
220 296
156 71
316 346
338 731
331 59
295 761
174 378
362 327
618 359
662 643
47 477
731 185
576 423
324 105
107 790
755 79
720 133
690 130
436 103
181 377
317 663
250 61
96 309
156 537
652 547
709 169
198 271
140 115
593 753
708 576
751 692
530 185
585 430
581 550
509 392
785 676
640 137
640 626
268 77
610 272
740 523
430 265
634 611
1 318
438 774
519 348
610 262
263 605
782 430
779 532
81 14
53 721
143 705
759 628
134 755
299 452
761 304
66 345
617 591
22 443
777 48
660 223
398 316
80 624
614 490
194 392
444 414
153 221
25 750
436 272
534 428
228 99
682 374
120 154
289 656
659 270
584 603
131 411
363 115
749 760
577 529
424 45
618 665
268 295
553 748
437 114
721 229
365 555
103 316
132 646
123 242
400 428
326 46
679 520
666 351
203 411
74 328
466 568
97 519
156 80
677 535
29 277
570 376
16 629
154 35
448 75
603 729
492 481
312 419
747 102
8 739
578 91
26 315
560 5
668 757
598 563
35 25
590 336
146 304
189 90
741 144
738 390
131 88
473 208
10 582
444 83
512 744
24 792
671 531
519 196
601 625
765 435
281 574
477 786
159 47
106 253
314 6
734 319
604 424
559 669
519 381
269 144
498 2
239 75
774 720
405 431
598 685
492 690
729 357
532 367
222 169
177 257
209 304
707 13
77 640
113 687
245 570
14 232
512 657
789 170
591 681
351 638
503 523
598 65
186 758
168 458
721 124
458 28
577 319
89 93
425 383
216 633
669 255
779 135
780 775
367 470
98 691
697 69
373 679
305 669
389 242
194 790
139 319
344 627
364 17
606 703
759 133
547 5
712 348
553 643
400 36
395 486
52 344
265 589
640 751
405 33
619 509
538 549
428 30
267 238
89 47
97 41
553 505
83 140
458 153
19 402
70 728
728 310
352 733
580 302
757 388
326 321
763 555
341 797
707 500
700 414
68 568
105 358
136 288
162 701
499 577
467 235
757 202
481 647
293 722
57 300
295 562
219 349
465 230
785 756
223 566
135 503
101 558
68 369
619 766
548 335
719 585
709 92
141 270
321 253
52 95
621 223
48 494
210 455
589 319
137 127
105 205
482 458
716 788
130 306
661 325
416 451
366 548
761 85
498 549
206 364
288 325
325 442
148 457
111 110
124 43
234 152
583 684
399 741
110 35
35 278
796 278
330 271
270 537
308 74
621 761
549 679
469 776
5 795
46 343
758 511
320 782
26 677
211 131
301 95
427 259
336 259
583 114
171 345
719 116
169 402
41 481
752 647
300 101
350 59
293 771
601 378
420 348
231 768
293 350
149 62
633 771
656 332
766 204
475 545
517 607
19 692
567 356
21 153
44 790
632 569
662 418
144 529
27 588
601 200
696 734
624 754
445 50
506 728
20 457
194 731
344 772
274 363
345 224
542 413
329 725
199 138
415 480
591 746
40 225
269 780
502 210
92 11
4 765
312 277
685 185
53 469
241 431
551 770
670 783
545 315
13 451
250 35
386 83
6 576
438 559
21 41
728 94
145 476
228 218
133 441
366 754
514 540
705 64
435 631
633 415
328 294
23 524
449 330
212 61
563 316
216 549
17 102
363 225
210 800
209 594
471 60
453 762
598 717
85 501
336 566
755 73
257 673
666 224
643 85
111 727
243 359
178 518
696 254
421 314
2 151
219 333
136 180
632 630
119 655
231 460
364 672
711 533
368 706
44 327
112 281
121 141
224 306
28 86
326 350
82 186
97 200
133 266
11 139
222 320
184 251
34 97
148 242
84 126
210 339
224 362
277 294
39 359
247 361
63 376
83 393
119 140
279 288
209 376
8 350
101 354
247 274
7 95
19 306
204 223
57 374
49 321
178 270
73 241
16 99
243 333
194 199
81 111
191 207
253 364
100 339
68 192
40 109
250 349
15 265
100 142
33 385
163 378
185 216
94 285
112 208
207 273
283 334
148 376
96 363
14 328
243 299
157 277
65 230
46 190
40 58
27 175
300 358
68 235
204 313
253 382
329 349
155 163
38 134
317 344
120 311
27 346
149 288
259 348
45 230
126 143
215 360
190 264
81 259
227 367
68 171
302 368
255 367
67 222
38 208
85 308
182 202
156 318
159 304
225 371
6 187
167 168
37 370
286 379
69 252
217 343
200 305
13 311
6 90
114 302
58 74
264 350
15 151
87 277
70 386
68 180
319 391
9 164
187 383
294 370
33 193
266 313
32 125
321 394
195 199
46 51
60 149
229 306
37 304
260 351
91 266
81 93
76 169
48 154
15 42
67 289
182 358
64 226
4 161
145 342
198 254
19 194
67 192
199 397
178 213
10 255
135 277
144 252
123 363
14 127
71 124
23 78
42 168
134 234
138 311
195 336
112 117
206 305
5 81
246 388
269 382
159 295
120 150
274 380
175 189
30 386
78 308
183 211
124 348
117 340
36 240
143 320
72 223
3 241
147 226
43 135
285 295
256 373
90 195
136 358
80 144
4 107
207 356
137 204
80 96
45 116
3 128
114 247
238 314
9 153
134 265
161 338
99 227
13 217
124 333
42 234
18 333
270 315
110 313
32 358
111 301
110 153
6 63
330 347
224 240
197 331
58 98
196 296
107 273
123 263
22 271
324 368
252 303
152 353
87 304
210 250
36 397
35 301
38 112
62 260
153 226
12 210
10 334
109 321
54 108
126 344
18 124
300 382
45 56
85 196
73 290
169 193
153 204
268 381
12 201
14 121
49 218
238 282
72 164
27 32
306 341
90 240
91 257
43 337
112 233
107 308
161 273
44 250
20 152
129 203
29 54
110 266
291 398
171 386
111 243
136 182
3 249
77 257
40 398
21 332
92 205
54 370
148 372
147 231
143 222
33 52
24 133
209 381
186 390
7 130
35 387
31 358
95 264
295 304
113 270
63 90
323 359
198 234
85 237
8 160
163 287
31 202
2 254
191 273
59 281
214 377
133 313
36 90
55 325
164 226
148 172
187 246
63 383
121 377
32 182
180 309
232 355
107 161
180 235
49 363
106 262
32 136
174 365
0 227
50 82
50 86
142 287
229 332
31 193
0 85
232 248
37 353
211 354
16 42
260 371
115 138
151 340
19 397
18 367
164 204
250 327
45 144
49 80
2 15
122 339
112 241
41 136
235 331
83 254
274 359
137 226
181 388
71 396
75 330
40 49
23 297
104 198
38 233
202 300
208 241
90 177
215 345
37 87
98 146
241 281
25 74
77 389
107 207
105 187
283 367
79 232
183 206
34 183
236 270
146 394
20 304
38 151
82 161
54 353
57 85
135 150
2 265
79 324
100 329
91 389
224 397
9 204
86 335
150 311
142 149
162 287
258 355
188 257
372 376
110 204
26 347
53 321
330 352
74 92
139 244
183 214
217 276
5 259
305 354
104 134
177 195
44 201
85 296
83 262
213 363
49 213
205 278
113 365
10 367
78 390
80 212
357 373
21 309
27 202
138 150
223 389
118 371
109 116
213 218
126 317
120 138
1 167
26 352
91 384
210 286
107 267
247 388
24 266
99 367
247 323
6 148
89 138
41 384
190 326
35 299
3 104
21 341
178 263
107 186
96 321
54 285
77 91
364 382
5 71
97 214
46 69
51 190
235 395
15 106
217 311
234 254
358 382
209 284
88 366
26 368
57 244
144 230
225 251
272 367
17 120
83 151
174 316
196 237
257 325
9 223
66 280
131 146
55 384
359 380
197 375
5 301
115 311
5 274
81 271
297 334
146 278
57 342
121 354
88 313
188 346
4 268
126 222
12 286
61 351
274 323
67 143
81 392
111 274
220 244
64 291
297 367
384 389
119 170
122 162
284 381
12 44
368 380
260 307
73 208
216 256
255 297
81 387
311 370
33 136
4 191
112 249
41 314
89 262
46 245
333 392
105 235
285 305
194 224
206 211
125 269
88 204
128 173
280 343
181 247
221 352
181 361
226 231
208 290
134 198
13 275
135 370
44 100
50 263
55 62
64 231
151 262
133 318
106 151
106 234
81 396
64 137
107 191
29 354
122 250
239 316
193 385
145 325
213 316
151 254
85 139
124 310
118 184
192 293
26 380
111 396
47 139
4 207
34 121
31 269
138 261
114 380
122 210
118 260
14 158
19 21
76 269
76 358
63 372
163 239
38 234
89 275
12 162
42 392
22 301
21 229
277 360
118 165
153 282
295 305
25 162
60 288
136 314
111 361
139 220
23 308
74 394
286 312
67 344
200 206
41 52
24 313
103 199
323 372
136 346
347 380
15 134
181 301
57 296
133 351
74 146
20 305
183 203
111 348
44 286
90 383
19 229
62 225
172 372
227 345
224 292
20 285
22 111
219 373
166 294
259 396
61 369
229 362
164 223
79 192
163 329
204 266
34 377
14 203
141 354
63 172
53 98
2 167
65 291
39 388
125 300
125 182
43 150
116 144
9 88
1 16
232 380
115 150
52 325
53 74
283 374
154 366
139 342
45 109
122 201
147 164
118 318
327 379
240 309
24 118
63 187
3 117
113 316
78 186
261 337
87 295
44 210
257 384
178 218
189 269
74 96
98 176
161 263
20 206
188 384
51 95
196 297
356 365
180 386
212 218
181 396
176 287
138 216
164 231
292 336
56 65
48 366
161 207
92 131
181 274
123 267
126 289
24 110
102 188
211 305
27 136
54 157
149 378
328 354
109 230
248 324
236 363
88 266
155 174
96 218
6 172
31 364
175 238
76 125
261 393
76 382
34 220
336 399
198 299
16 243
142 349
216 217
186 267
272 283
66 357
140 368
234 265
32 189
159 294
153 223
119 293
165 335
369 390
120 343
243 271
172 209
58 92
155 201
134 151
348 387
146 162
87 159
3 290
3 38
24 307
193 382
29 94
347 368
63 209
332 336
25 53
138 276
140 355
215 283
74 131
50 118
37 159
259 301
115 120
3 112
186 369
68 386
117 281
30 180
174 287
166 215
331 386
35 81
198 233
141 377
125 253
114 232
2 299
128 281
232 368
272 310
31 253
43 138
105 386
2 38
47 298
308 390
154 307
2 16
115 135
87 166
309 331
307 322
121 211
173 391
118 156
57 139
33 182
118 154
254 265
207 268
143 344
183 328
119 324
215 255
170 293
209 372
26 221
52 179
113 213
84 386
184 225
93 274
270 356
79 170
362 399
236 356
3 208
81 299
17 280
150 280
213 315
37 54
223 282
172 388
307 366
0 390
55 184
98 394
210 327
278 287
293 317
79 171
24 88
227 297
19 336
235 386
40 131
244 342
45 69
210 312
50 165
180 331
158 328
50 318
278 379
1 168
32 41
34 354
46 326
193 358
176 205
364 385
181 259
260 318
34 141
130 312
114 359
87 294
62 77
207 267
186 308
139 237
150 217
7 250
30 143
144 212
93 301
100 149
329 378
8 326
128 241
310 333
387 392
138 280
162 379
114 347
70 375
90 397
61 251
29 305
63 242
63 195
99 310
198 265
59 128
33 300
118 307
339 349
301 361
123 270
18 99
67 170
277 337
189 202
65 252
60 362
101 141
307 318
140 232
114 248
279 399
123 178
158 183
346 384
11 342
210 350
43 261
219 256
13 276
211 214
258 302
201 339
67 171
28 307
162 201
53 394
183 377
167 360
241 290
138 275
88 164
209 246
37 295
146 176
22 299
157 294
10 374
209 242
50 335
160 326
246 372
227 272
101 121
142 339
32 33
101 377
176 379
75 258
222 395
98 162
146 321
40 212
120 217
56 116
221 330
259 359
53 146
43 393
37 135
42 134
63 284
161 267
13 256
115 261
190 245
47 220
14 129
202 358
191 267
41 102
99 215
171 395
188 389
7 264
14 179
134 254
30 320
135 138
28 335
96 178
135 294
35 111
49 212
247 359
175 314
244 296
104 234
144 321
292 362
223 266
79 355
28 366
116 321
353 370
161 191
168 271
57 390
19 36
118 335
296 390
21 362
48 118
121 206
116 212
122 278
125 202
10 196
168 392
38 265
78 296
302 380
58 321
19 332
110 164
149 349
154 322
119 232
99 255
48 335
86 156
85 390
147 291
51 303
103 242
8 130
71 273
185 373
18 272
29 157
279 362
310 387
132 217
18 345
86 263
46 303
157 166
59 117
161 186
222 317
286 327
67 317
262 393
332 399
242 381
97 183
185 219
174 236
192 222
57 237
130 286
245 264
170 395
0 23
224 336
158 203
123 338
73 249
258 368
92 321
56 109
156 165
133 260
89 393
294 337
50 61
177 399
57 196
251 260
16 392
229 341
131 321
25 146
36 195
127 203
233 249
386 395
156 251
55 91
136 175
63 246
45 291
111 181
81 243
58 394
175 202
88 322
258 380
11 325
104 233
319 373
182 300
179 203
142 378
105 170
108 152
169 253
289 320
141 220
131 212
79 395
53 58
246 376
132 343
264 326
0 297
40 321
75 347
17 261
133 371
41 238
73 112
87 370
8 312
110 322
373 391
201 379
178 356
7 210
185 275
62 325
127 298
23 227
165 318
99 333
60 279
185 319
111 387
219 393
227 310
96 213
9 110
352 368
347 352
41 346
42 167
46 160
99 272
327 339
286 339
54 159
40 45
187 376
279 378
68 222
49 131
3 73
67 386
270 363
27 314
299 301
269 300
256 357
121 220
341 375
84 143
135 337
109 212
280 311
11 47
160 190
27 41
58 146
92 146
83 360
69 228
70 171
9 266
199 242
55 260
86 118
213 236
140 170
133 307
242 246
1 360
122 312
124 273
101 220
118 133
174 278
185 217
43 311
165 351
15 167
36 194
356 363
208 249
2 198
179 298
77 346
20 29
172 242
10 345
217 280
0 57
7 8
52 385
38 290
0 308
5 348
75 352
72 204
219 261
225 318
258 347
174 205
60 142
222 344
70 222
219 391
82 338
82 263
242 372
155 287
358 364
84 222
177 199
339 379
103 356
27 238
35 243
137 164
27 102
75 368
68 105
56 228
66 132
237 342
255 283
37 285
204 226
87 337
245 326
309 341
39 372
25 58
219 262
158 214
201 278
268 356
117 241
213 270
1 215
102 314
148 246
251 351
315 356
178 236
78 85
20 108
34 101
13 138
336 397
144 398
94 295
31 76
211 328
44 339
251 318
94 354
13 343
44 379
5 181
67 68
32 346
0 367
151 265
113 363
18 23
90 187
259 388
66 276
39 323
192 395
0 296
5 396
254 262
39 246
21 224
228 252
47 127
250 339
44 122
74 321
86 165
20 354
258 330
194 336
82 267
184 260
231 366
208 233
141 328
79 119
248 380
30 222
348 396
240 341
133 225
13 280
145 244
351 371
65 228
328 377
21 292
93 181
372 388
32 52
178 363
126 192
185 261
276 311
167 254
162 205
65 398
12 312
22 392
162 176
173 241
19 279
140 324
104 265
70 192
155 278
75 221
41 300
228 291
219 275
256 275
148 381
78 227
173 281
70 197
114 323
141 211
119 355
191 338
174 239
170 171
133 165
24 366
49 74
182 269
115 275
302 347
306 332
181 359
82 107
216 280
315 363
106 393
51 160
230 398
56 230
166 277
283 297
67 84
103 381
1 99
61 165
22 81
55 257
299 392
77 325
109 398
271 387
279 332
162 278
225 351
218 270
9 72
59 290
283 345
42 360
145 237
135 159
36 383
106 167
171 222
166 360
55 225
87 157
139 145
320 344
136 202
4 124
137 231
0 369
204 231
197 341
84 320
145 220
276 280
88 231
64 147
334 374
261 275
112 290
255 374
53 92
36 336
33 253
8 264
271 301
102 346
125 382
141 183
98 379
205 239
21 240
137 147
216 276
134 299
109 144
93 361
208 221
288 378
169 382
262 340
146 205
216 343
104 241
323 388
196 283
132 373
32 202
221 290
23 283
0 78
55 188
171 235
119 317
81 348
88 137
99 345
308 369
247 380
168 299
102 384
91 188
26 75
155 176
4 71
201 287
66 343
184 371
49 96
302 352
54 295
84 293
152 285
8 46
184 318
15 393
246 284
122 349
333 387
236 315
22 243
35 271
84 317
18 310
205 287
108 305
69 160
56 252
47 325
152 305
192 386
187 209
320 386
153 266
34 328
99 168
250 350
107 338
281 340
132 216
130 210
43 185
36 177
323 380
334 345
59 241
10 283
52 346
40 144
126 293
128 208
9 313
72 153
41 182
19 224
310 367
194 365
90 209
84 289
247 258
263 267
27 182
81 301
11 237
31 382
99 392
202 269
243 387
29 304
240 292
1 42
306 309
355 368
316 363
136 238
7 327
284 372
77 188
112 128
13 132
31 300
172 376
45 303
170 192
195 397
200 211
194 279
165 371
274 361
298 325
170 317
52 127
229 292
282 314
194 399
285 304
5 111
63 148
9 137
127 179
321 398
95 326
176 278
98 155
125 136
28 118
227 283
39 114
110 223
240 383
113 236
176 201
187 235
240 306
312 327
118 251
45 398
77 102
287 329
6 372
259 274
47 145
89 219
79 140
17 138
62 384
182 253
212 321
72 282
108 295
270 316
38 254
93 359
36 399
13 357
98 201
32 300
23 310
12 130
167 234
92 213
274 301
58 131
172 187
22 35
216 357
95 245
6 246
17 135
45 252
200 354
74 98
31 125
197 309
16 168
54 87
224 279
271 392
194 195
108 285
25 394
267 338
67 320
62 91
12 100
103 268
108 200
104 249
122 327
57 369
196 374
102 238
2 104
239 365
40 74
170 324
185 256
133 184
129 158
67 126
20 200
68 395
230 291
115 370
164 266
123 315
14 377
20 295
1 166
29 108
292 332
17 150
115 276
2 42
60 329
330 368
302 330
120 276
92 394
12 122
19 240
83 106
73 104
330 380
240 336
288 349
23 390
18 387
272 392
101 328
15 83
250 312
237 244
97 354
224 399
222 386
48 86
126 320
185 276
227 333
7 286
88 226
242 284
252 398
231 322
296 342
265 299
180 197
110 307
17 311
236 316
87 135
274 388
6 376
206 328
148 284
172 284
132 357
62 188
33 346
324 355
66 216
116 230
7 350
12 379
173 319
135 311
157 304
158 377
13 185
20 54
154 335
25 303
138 185
251 307
38 73
177 397
210 326
166 337
68 331
55 371
26 330
205 316
156 335
160 245
222 289
21 306
181 323
66 217
3 59
163 174
82 308
19 399
232 324
100 349
200 214
13 66
3 233
26 258
84 344
113 356
15 234
68 70
12 339
24 260
38 241
29 295
152 200
79 105
345 367
224 229
165 251
56 144
44 312
248 258
19 292
112 198
177 381
171 192
118 351
129 183
70 235
359 361
105 171
121 214
137 153
113 178
47 342
85 244
33 41
97 211
4 273
28 48
137 223
77 384
309 375
184 351
40 80
78 369
48 318
243 392
39 247
23 367
43 115
142 288
172 246
220 342
195 383
89 261
91 102
29 285
332 362
149 329
17 276
331 375
28 154
207 338
193 300
128 290
70 180
157 337
94 304
296 374
263 338
40 116
17 275
39 248
73 233
105 395
35 392
4 267
257 346
123 218
23 345
222 293
94 305
48 80
271 299
225 260
173 340
136 189
114 258
214 328
22 361
92 98
105 192
120 280
111 259
247 248
79 248
318 335
253 358
21 336
242 268
300 364
62 184
3 281
193 253
129 179
289 344
169 364
139 296
334 367
87 353
255 345
11 145
16 167
38 104
26 114
160 303
28 80
98 278
102 389
232 258
127 385
336 362
224 332
86 123
272 333
56 398
44 349
109 291
275 311
178 315
8 210
100 379
19 362
206 354
117 173
20 94
168 387
56 291
95 190
71 348
272 345
100 122
359 388
104 208
151 234
92 316
41 202
49 92
97 206
325 384
322 366
192 235
143 289
91 313
97 141
312 339
43 219
127 129
221 249
125 364
116 252
150 276
130 264
55 77
319 340
108 304
256 391
83 167
22 93
24 184
201 327
15 254
253 269
194 397
255 334
112 265
80 109
130 327
31 182
250 286
159 370
61 118
148 209
124 191
32 253
219 319
33 358
155 205
136 300
106 254
2 134
103 207
117 128
142 163
2 234
4 338
113 315
195 240
54 304
7 312
142 329
188 266
2 168
95 160
61 371
239 287
12 250
71 191
11 244
196 390
80 154
62 257
35 93
97 377
67 293
15 262
99 283
96 131
51 69
34 94
292 341
304 305
50 156
196 244
46 95
170 232
272 387
85 369
61 318
157 295
122 379
17 115
26 302
258 352
133 251
90 199
122 176
12 327
10 297
9 226
256 319
206 214
72 389
59 208
60 378
73 128
25 98
179 385
276 343
52 298
14 183
168 243
79 293
111 271
177 194
24 318
251 371
134 167
104 112
6 209
163 205
89 185
153 164
199 381
103 177
13 216
130 250
315 316
18 227
97 328
248 323
397 399
253 300
141 214
28 318
297 374
228 230
0 283
193 364
204 322
48 307
93 233
96 212
70 331
318 351
14 141
57 78
17 43
7 326
180 375
116 398
131 213
45 228
8 95
51 245
69 303
61 156
43 275
298 385
130 326
125 358
88 110
121 183
61 184
38 198
97 121
236 239
106 265
114 368
269 358
150 370
228 398
40 230
125 189
43 89
253 385
346 389
39 376
121 328
159 353
196 334
80 218
75 302
292 306
312 350
218 363
288 329
6 383
174 329
130 350
318 371
306 336
237 296
30 70
36 199
155 162
122 286
297 345
42 254
249 290
263 335
17 370
55
66
12
195
66
76
97
117
99
202
110
44
102
38
31
60
66
79
164
175
158
108
63
200
90
63
98
79
130
178
50
181
149
32
104
143
126
62
30
62
76
97
137
43
174
156
109
153
179
60
133
60
230
104
121
169
77
63
75
193
163
169
85
59
47
120
139
67
138
110
107
51
127
36
80
133
60
47
133
70
35
103
96
63
21
114
113
74
90
142
39
33
144
102
150
120
73
112
110
147
134
59
93
29
57
97
180
45
55
151
74
113
20
82
65
159
63
49
141
77
93
91
181
175
37
186
151
47
117
191
45
104
84
82
138
99
144
163
154
85
224
102
66
100
55
47
123
141
135
155
102
17
174
28
96
51
182
84
146
168
131
75
34
51
54
61
154
35
86
44
80
90
141
125
91
137
153
77
118
11
51
17
116
70
60
173
139
63
61
61
110
39
162
58
68
113
114
59
55
188
70
96
159
148
74
215
76
56
64
82
149
211
63
19
190
82
78
114
118
89
122
29
142
36
77
89
164
123
110
176
53
60
127
154
159
122
149
139
76
150
24
164
69
56
112
95
28
84
79
137
76
125
114
166
86
146
134
59
96
183
12
180
79
105
12
89
74
155
33
107
240
135
134
44
68
155
82
150
61
109
122
63
188
90
72
18
128
146
15
104
181
93
46
125
107
94
117
184
37
155
82
68
50
55
66
30
32
209
157
64
27
15
118
100
97
29
70
79
114
59
38
52
152
122
21
149
193
43
108
68
118
89
98
110
85
34
141
79
81
105
61
66
91
150
50
42
135
134
127
77
27
98
38
133
56
110
153
41
34
44
162
124
131
119
137
47
13
118
21
52
41
31
46
30
89
57
151
151
33
101
54
106
151
204
206
26
60
170
92
98
121
183
118
32
138
76
161
66
98
135
40
30
114
85
155
48
113
199
91
114
66
97
52
99
68
138
98
128
93
130
34
83
220
140
16
57
27
79
136
81
142
75
96
64
147
36
168
132
146
33
55
103
118
186
67
29
183
54
70
69
101
124
190
92
135
96
132
73
52
103
183
84
93
211
119
163
102
100
156
48
195
41
143
123
22
138
29
65
179
102
28
58
76
143
183
172
177
46
78
13
66
78
146
50
75
81
104
162
9
36
121
67
96
185
12
205
111
39
55
50
185
161
96
66
79
114
138
110
172
51
88
133
62
98
122
159
111
56
90
14
79
43
90
61
135
73
99
95
103
86
106
123
114
153
73
85
113
78
105
61
215
59
96
203
71
123
74
22
68
64
196
112
216
140
146
63
91
73
19
131
44
42
191
54
86
43
157
105
44
79
154
61
105
163
99
45
157
111
79
157
78
125
76
75
139
106
72
53
32
37
70
84
197
8
56
148
119
94
113
60
125
33
39
121
73
118
32
124
231
127
77
131
176
127
70
200
110
97
97
159
190
93
212
138
37
215
135
174
198
117
76
114
73
180
159
66
124
93
55
26
230
141
83
108
68
45
110
61
156
62
182
56
60
120
53
66
66
135
99
127
44
157
70
61
82
80
23
194
69
122
154
20
101
92
32
98
103
66
78
58
75
120
141
84
165
153
75
86
40
71
163
62
123
16
104
32
127
15
170
86
151
29
158
63
26
134
48
8
202
95
145
173
41
139
70
78
99
75
96
122
75
135
50
125
101
134
79
49
116
61
92
117
159
174
156
144
131
72
159
44
186
60
37
109
108
108
90
219
182
122
131
48
62
61
43
73
95
90
112
114
70
100
50
137
133
65
92
65
105
22
63
42
181
108
90
30
145
156
126
129
26
56
33
120
168
63
216
106
66
92
102
62
152
86
118
42
58
113
66
146
73
64
64
140
132
206
140
73
118
131
22
94
49
101
110
69
152
107
155
57
64
60
103
165
46
57
52
79
87
96
162
210
193
101
46
236
162
65
101
85
39
59
68
75
107
73
103
29
79
112
36
28
111
183
141
22
20
58
156
49
83
79
84
86
141
51
97
10
96
109
175
54
85
69
99
87
72
101
168
243
81
83
133
75
144
161
202
63
156
83
170
117
52
77
51
56
224
183
85
103
120
143
97
55
129
161
97
115
65
76
189
74
59
129
61
45
141
117
110
157
109
233
174
78
60
112
151
50
133
52
125
138
99
102
183
59
90
68
72
95
106
127
75
42
130
121
78
236
160
96
112
82
125
90
148
40
48
87
46
85
96
119
81
196
104
53
55
98
136
130
20
55
96
72
76
49
55
128
56
129
65
149
61
59
63
94
83
43
52
60
133
33
44
48
19
85
189
127
126
42
218
86
109
36
271
112
171
158
57
161
91
113
116
92
41
113
140
76
100
119
134
8
190
167
112
78
201
55
92
103
110
35
86
157
161
79
88
106
100
91
86
22
85
89
169
116
28
75
89
62
161
64
61
51
119
109
147
156
80
101
63
76
173
68
85
64
43
61
88
47
67
91
104
82
108
22
47
88
37
65
118
155
180
137
88
93
97
174
114
28
163
76
84
53
91
73
137
44
104
57
181
64
248
102
130
48
61
59
78
91
91
90
77
68
68
70
210
36
28
130
131
113
119
73
25
121
71
149
62
65
88
28
116
87
71
70
103
229
102
195
183
156
150
216
40
47
72
35
30
199
39
106
91
54
190
114
87
62
76
42
120
139
138
155
84
161
59
187
192
82
90
94
43
73
141
89
52
45
107
63
23
13
82
148
102
148
114
68
16
56
115
81
97
110
212
185
96
164
152
108
154
131
135
32
90
86
65
104
150
167
58
293
85
66
56
95
115
60
89
90
27
85
56
81
151
108
78
75
107
55
76
184
41
44
60
74
159
63
126
34
150
137
51
110
180
118
43
102
21
99
143
26
34
108
70
120
137
102
57
100
84
130
124
190
108
158
77
115
67
176
171
71
151
136
135
41
96
83
82
46
50
105
107
66
86
22
14
53
50
176
41
71
140
57
84
74
102
184
20
97
194
75
133
54
142
183
108
92
78
116
138
115
117
75
119
35
57
96
119
180
127
50
185
34
60
27
28
57
59
83
140
131
90
78
148
88
60
163
116
103
85
142
58
53
41
61
150
34
95
133
125
89
69
104
137
162
76
128
106
40
73
85
186
104
94
98
74
99
154
149
19
109
58
76
161
28
25
50
77
42
147
186
224
68
72
139
179
37
90
66
62
60
64
96
73
221
185
88
128
79
164
125
97
65
170
146
78
101
62
47
82
95
167
160
101
95
132
39
71
91
56
68
48
42
107
228
203
133
117
183
130
81
116
11
159
87
64
25
84
83
177
132
166
63
61
119
54
125
72
62
45
92
136
121
60
140
77
47
218
99
222
61
110
34
67
98
87
123
53
122
97
14
153
60
111
67
119
193
114
87
29
186
91
28
109
76
147
179
154
165
19
74
244
58
141
98
161
59
81
152
116
114
187
125
70
33
120
115
125
174
149
166
74
9
100
61
99
77
15
128
202
58
120
27
106
135
87
168
86
77
39
171
71
122
7
105
181
60
138
72
57
71
93
80
178
57
24
64
138
61
103
57
96
202
90
84
81
191
126
78
70
120
88
233
183
57
69
73
41
100
110
84
96
74
184
110
207
154
64
102
27
12
77
73
73
132
169
167
186
58
132
77
114
102
246
94
85
163
22
45
64
71
114
86
91
57
22
145
152
50
56
81
34
72
182
55
98
111
47
79
80
104
83
89
113
82
150
51
120
123
53
131
89
73
103
15
112
49
107
115
84
50
81
62
163
65
159
45
70
68
92
80
68
113
85
50
123
64
63
69
45
133
72
139
141
117
85
18
142
258
118
38
90
55
200
140
41
149
100
46
36
27
241
9
88
92
174
124
101
28
113
105
52
120
22
85
66
44
209
57
76
190
59
141
79
40
138
49
120
92
157
191
113
81
114
134
42
25
79
111
219
127
129
85
72
113
72
21
49
69
61
49
176
78
103
97
124
188
71
124
47
50
74
147
192
95
28
134
79
78
116
207
124
35
57
58
10
174
126
205
67
41
80
107
78
62
83
99
89
48
134
127
98
52
143
68
74
94
142
163
47
78
117
142
150
135
120
99
168
142
80
71
76
76
164
42
90
59
63
157
243
75
81
167
70
159
145
179
112
143
100
131
91
94
43
127
28
114
107
188
74
137
12
53
72
27
141
99
123
143
46
79
73
28
136
97
61
28
179
30
56
116
60
37
144
127
85
77
185
29
96
167
147
201
107
166
118
124
105
164
52
139
151
130
106
23
225
70
144
151
129
80
139
35
18
18
135
100
104
127
33
53
130
181
57
216
87
28
102
103
80
73
122
61
117
195
101
139
70
55
144
86
73
215
202
73
164
176
25
122
105
80
41
142
57
62
152
91
86
216
125
18
115
85
97
71
100
106
109
91
77
54
54
64
135
113
149
97
35
70
45
88
75
57
36
59
89
128
89
161
185
138
90
146
167
142
77
116
116
150
224
46
79
103
170
103
54
107
135
97
61
148
73
80
74
85
64
53
85
64
30
168
43
164
157
