652 70
127 254
13 684
255 343
379 732
218 336
785 694
579 281
224 424
789 37
764 284
502 778
19 797
603 89
360 658
308 751
722 124
465 595
162 377
471 71
538 309
738 599
536 234
166 260
244 388
590 122
403 278
603 203
632 751
509 541
503 733
731 223
82 35
93 112
642 780
398 157
9 225
451 43
224 262
737 412
237 189
29 496
530 517
466 323
637 592
345 773
694 483
470 556
116 298
306 271
328 66
107 790
59 78
180 437
86 43
182 787
581 5
346 126
775 522
616 246
43 622
100 382
568 714
597 242
543 169
753 446
280 254
347 791
500 352
258 793
283 191
359 773
233 16
599 366
264 725
224 431
555 665
95 194
294 72
744 345
389 611
386 687
613 65
146 358
130 492
130 210
432 749
132 723
684 695
331 625
509 641
737 107
126 447
687 567
143 458
73 478
564 226
701 562
231 712
630 82
56 233
122 679
671 670
429 160
68 746
501 532
123 452
104 640
4 21
675 277
369 286
552 648
767 74
239 513
202 59
491 41
149 701
506 498
560 162
316 589
531 446
12 113
725 131
154 182
434 702
674 137
220 602
787 644
367 239
307 205
242 629
273 558
698 66
475 220
702 495
131 638
10 718
467 155
397 501
610 630
225 701
468 746
156 336
105 131
288 401
95 63
748 244
160 150
404 756
137 705
476 251
735 508
388 40
362 551
19 548
152 146
378 353
187 255
555 432
295 684
106 88
165 52
477 6
784 326
761 587
338 707
301 243
473 494
121 296
180 488
240 143
187 589
98 555
396 558
574 638
470 383
641 607
719 236
594 134
602 30
36 36
353 735
691 289
425 555
549 154
544 291
523 336
376 285
337 155
187 777
690 257
548 343
168 132
480 380
455 753
416 356
89 431
488 8
136 700
781 418
125 77
110 549
459 618
368 584
411 146
258 181
311 713
21 358
477 739
25 513
458 663
178 126
344 759
291 351
45 88
118 215
538 156
199 737
107 604
117 55
633 142
750 267
687 730
277 539
398 688
404 393
487 78
318 736
193 748
604 636
679 239
188 648
470 566
170 120
196 409
544 444
557 705
325 709
215 36
423 699
704 621
119 44
270 444
113 46
253 620
302 686
731 83
407 797
328 154
471 80
357 354
751 23
624 316
437 485
610 524
126 753
353 702
491 439
624 442
150 548
240 48
467 254
608 371
385 430
453 88
712 530
113 229
281 70
800 733
387 365
435 163
282 775
336 225
136 175
427 194
571 249
164 409
103 676
5 111
269 789
155 405
584 633
479 799
690 782
444 658
121 655
161 473
500 596
534 715
394 647
231 42
181 67
728 66
474 723
277 624
255 677
795 408
611 705
125 778
647 269
589 79
247 325
461 683
287 202
785 307
445 702
733 344
718 528
488 59
347 160
180 272
446 742
599 451
33 5
504 269
548 75
76 646
405 458
339 584
605 277
767 697
30 355
300 347
121 392
173 186
403 231
493 522
552 255
563 335
575 117
249 791
50 755
14 201
102 496
407 196
510 54
67 134
37 55
169 233
257 509
178 585
306 419
169 379
83 312
536 70
98 297
201 144
658 311
744 720
329 87
320 281
358 156
446 150
108 398
726 36
773 598
271 400
732 591
778 316
459 283
210 548
701 569
692 270
536 117
0 296
204 236
79 662
513 351
598 193
414 277
754 517
403 514
34 447
227 596
363 566
592 656
478 332
608 643
408 91
655 229
416 168
115 117
576 750
717 736
357 410
560 496
52 562
470 110
5 290
453 745
318 307
465 627
71 587
731 758
299 738
261 715
776 722
199 227
511 312
587 709
105 117
332 388
186 328
186 367
1 23
7 319
201 392
70 272
17 202
153 374
109 299
145 243
165 256
270 387
32 54
204 309
46 151
182 362
107 392
1 157
357 361
12 51
44 229
245 394
300 344
338 365
135 340
28 399
310 365
262 347
0 16
23 365
184 216
171 360
105 326
128 166
80 173
162 335
53 94
34 297
115 335
375 377
304 358
79 304
40 346
191 367
321 353
167 235
111 377
111 229
206 237
32 241
171 244
76 288
156 269
248 349
51 298
275 327
73 262
161 241
248 303
261 369
276 280
150 359
57 309
59 368
43 367
115 249
118 216
156 225
236 399
4 181
165 212
33 336
90 174
57 78
92 196
77 332
165 181
105 232
34 383
157 338
97 240
220 329
78 260
178 300
98 394
115 308
128 129
33 381
161 243
93 151
19 378
266 273
19 162
251 354
87 228
112 246
0 220
232 391
355 357
1 77
168 345
24 322
13 220
33 200
213 322
36 364
103 137
254 312
116 198
40 303
293 302
41 154
227 271
139 377
66 166
258 262
111 281
141 311
85 215
92 106
124 389
120 235
20 367
308 315
45 181
97 370
43 261
69 271
33 143
11 30
250 269
204 351
27 59
165 245
324 365
170 205
101 231
55 217
29 105
146 190
6 396
131 244
159 206
103 351
23 310
99 179
172 386
151 361
141 305
284 391
192 324
91 292
367 398
77 100
46 370
161 290
175 225
155 192
159 165
130 159
146 163
239 289
30 382
84 196
344 363
61 83
42 117
277 366
96 275
274 380
307 361
32 52
363 387
85 266
286 333
66 350
229 377
48 142
226 387
77 215
116 277
270 380
213 341
86 389
315 335
307 357
279 394
13 179
145 219
101 198
176 229
54 337
18 276
375 399
172 209
143 192
95 172
33 145
208 282
84 92
360 373
83 276
177 221
218 259
275 368
183 203
160 214
4 81
24 356
72 267
312 385
262 312
22 118
148 311
113 242
139 281
30 389
298 331
191 398
1 338
15 271
11 194
153 173
180 337
32 243
96 327
66 390
68 191
208 302
111 399
123 233
17 29
182 230
155 233
1 48
197 308
77 143
76 399
83 353
23 38
118 184
98 217
113 339
293 311
364 388
314 376
164 370
80 374
315 329
149 217
222 393
207 372
4 165
212 256
92 95
34 393
61 323
185 319
16 292
3 356
236 382
270 274
114 267
86 194
89 119
212 227
190 379
43 376
129 205
14 237
135 277
30 311
305 389
127 355
47 202
29 47
118 178
80 318
335 363
324 338
14 81
83 234
171 259
71 212
261 325
13 82
295 395
133 274
314 359
110 272
293 389
258 312
4 224
116 149
26 128
29 232
161 233
305 311
252 262
132 251
163 358
49 166
30 194
350 390
92 94
145 214
30 208
294 373
8 342
212 237
133 314
145 180
14 165
44 97
56 315
281 375
54 160
245 395
185 186
33 214
23 48
99 220
172 201
157 397
92 276
246 354
15 45
173 318
119 153
163 304
26 325
215 273
20 314
74 140
117 167
49 303
27 368
73 191
119 318
232 287
52 278
206 295
86 141
18 83
40 397
70 188
172 259
129 351
80 203
49 322
93 307
195 376
101 116
307 370
198 285
188 309
215 324
17 47
15 330
117 253
181 206
49 110
127 357
174 229
171 340
162 308
143 381
115 162
6 127
124 311
219 291
73 258
239 284
156 250
289 391
244 360
20 275
98 295
163 306
1 100
57 248
275 319
4 45
147 211
17 105
30 236
27 63
204 352
348 383
60 218
13 329
102 240
51 255
66 303
123 211
162 197
124 293
200 241
2 366
226 264
52 108
169 286
239 389
118 368
20 327
155 381
268 320
143 200
129 303
165 394
0 354
166 390
25 363
201 259
65 134
44 281
235 312
137 387
33 155
297 382
62 297
42 254
99 300
27 96
119 244
269 384
59 230
89 289
201 218
189 255
118 363
234 242
264 378
191 328
378 387
101 366
15 279
200 243
45 67
24 342
255 331
47 287
132 246
19 308
18 61
335 344
265 370
184 363
79 182
265 361
98 159
34 283
159 294
8 75
100 332
43 193
52 180
24 341
32 180
7 328
119 223
234 342
21 240
272 309
299 379
102 222
367 376
73 347
216 363
185 275
53 92
61 321
311 389
112 292
117 120
166 350
126 373
264 308
277 285
135 231
238 291
134 151
3 301
160 241
73 328
174 281
124 239
147 324
234 280
147 155
159 295
229 375
123 266
178 184
106 323
115 344
122 125
226 363
87 285
86 293
196 333
176 361
187 325
44 254
39 46
95 372
15 227
68 186
123 273
186 398
124 210
153 318
107 366
128 350
131 373
299 362
62 236
321 388
165 206
64 216
87 104
67 181
221 362
92 280
168 266
66 129
208 293
86 311
15 212
124 224
133 150
67 212
5 342
182 190
21 164
5 213
5 301
138 183
254 258
365 397
130 295
85 324
18 353
75 144
152 264
28 222
72 114
149 277
29 326
141 194
52 336
32 313
255 298
225 269
202 284
36 100
315 344
144 384
55 69
299 319
52 313
90 287
19 197
114 161
13 300
285 316
129 272
158 262
272 303
274 325
91 251
81 224
59 327
310 338
73 158
299 347
279 330
206 245
218 392
19 249
28 283
216 329
235 385
90 391
109 319
97 307
25 300
115 197
6 348
321 345
35 270
60 277
75 169
13 315
25 184
96 118
117 235
6 268
58 307
81 289
128 325
31 362
54 214
175 269
126 231
158 257
22 63
123 192
186 193
47 173
81 256
199 306
111 287
97 134
22 314
126 130
313 337
84 286
233 291
107 218
320 383
147 381
18 280
174 236
59 109
18 323
143 155
183 253
341 384
173 232
29 287
37 152
169 360
320 348
170 211
138 153
8 242
8 356
187 369
132 292
1 168
7 191
143 160
8 144
234 276
260 291
77 273
97 151
143 336
137 270
107 285
208 311
325 380
182 358
138 374
31 122
140 231
123 346
138 317
15 71
227 245
148 194
164 355
2 104
48 266
129 188
19 37
34 382
308 344
50 349
182 379
135 171
144 322
49 390
80 289
0 125
62 288
25 220
167 371
44 139
62 399
70 303
94 280
82 329
302 391
214 337
69 189
227 394
86 239
206 394
27 220
87 101
112 251
44 361
150 398
198 277
47 391
264 335
142 168
40 70
98 140
91 246
3 322
76 281
92 169
39 79
202 232
8 276
51 55
106 333
190 362
35 204
75 356
308 335
47 183
266 338
120 158
142 323
309 351
51 87
108 180
21 127
203 374
182 347
176 377
121 278
198 316
21 93
57 349
58 134
130 244
145 337
130 294
224 305
3 390
226 335
48 345
320 396
122 132
7 20
21 355
54 243
359 376
169 339
19 387
81 239
68 193
0 99
12 136
151 370
276 286
173 374
224 289
218 277
167 253
23 168
38 301
176 281
213 356
316 392
111 139
57 204
147 233
144 213
85 123
3 5
10 79
99 178
9 112
33 219
394 395
5 24
347 362
174 399
84 94
64 96
215 338
230 362
4 256
241 243
340 373
88 383
139 229
126 131
161 260
42 105
223 360
76 111
97 164
48 310
103 352
32 108
222 396
11 208
1 345
157 310
109 347
236 288
65 151
240 355
207 321
16 132
203 318
231 244
140 228
67 247
250 384
32 200
206 212
134 307
88 222
153 371
66 272
222 320
13 25
126 171
154 172
58 164
332 336
10 31
30 288
221 358
130 231
93 176
134 361
52 54
33 52
84 201
29 385
117 257
22 133
58 355
106 353
54 313
27 118
104 136
178 368
116 135
301 390
0 82
2 316
93 97
25 82
200 291
200 381
25 178
154 392
32 337
24 144
161 291
79 358
70 129
190 230
209 386
123 397
198 255
174 375
211 346
173 183
64 184
92 353
138 371
114 233
59 275
31 230
74 330
153 203
170 192
119 294
159 245
53 75
222 297
249 378
259 360
148 389
74 206
213 390
90 302
62 76
160 200
101 135
4 86
55 330
246 251
94 286
118 329
141 293
144 356
43 195
79 163
137 274
3 24
302 311
170 346
154 209
222 348
15 67
156 263
157 365
45 271
300 315
110 269
176 240
19 115
123 155
323 353
112 132
288 293
36 336
0 300
263 384
37 264
71 148
18 342
88 320
98 245
152 349
294 318
214 336
43 359
145 160
37 162
69 394
81 124
164 361
38 365
139 176
187 390
36 388
142 342
107 277
169 259
123 324
288 382
73 252
177 182
116 231
104 331
368 379
11 282
228 298
325 334
107 135
340 360
229 281
167 326
292 354
35 351
20 376
7 96
38 157
85 273
215 266
121 332
204 274
145 241
146 221
105 287
76 229
76 139
5 142
182 221
236 375
376 398
23 266
23 157
249 264
15 165
149 198
127 164
51 331
15 181
19 335
26 261
177 190
10 221
150 261
260 267
48 83
249 308
161 219
41 372
214 278
37 197
29 42
85 157
74 245
197 335
0 292
21 307
165 237
120 312
109 252
81 165
116 285
357 370
79 221
172 392
70 248
206 395
47 105
341 356
14 224
17 391
74 217
126 360
253 371
17 232
244 294
6 393
101 277
194 389
155 273
336 381
213 250
226 249
50 152
120 167
116 217
74 159
82 132
99 132
114 238
86 148
8 24
332 364
71 247
232 326
86 208
41 95
68 328
24 234
355 361
21 361
59 190
63 299
78 290
77 85
179 300
137 352
30 293
13 178
50 267
61 343
135 366
20 186
393 396
109 177
282 389
151 307
42 47
70 205
202 302
84 95
323 342
102 139
366 392
54 241
194 311
41 386
271 279
297 377
260 290
110 390
219 243
44 377
91 125
181 212
131 339
85 155
41 196
18 142
199 296
60 154
114 291
181 256
166 303
35 274
271 330
133 261
222 383
30 62
171 373
79 199
40 205
95 209
110 369
83 142
16 125
126 340
195 269
194 208
276 323
25 216
6 355
235 258
24 301
193 257
187 350
108 337
190 347
317 371
61 353
49 66
23 338
324 397
31 221
190 299
20 191
91 354
17 284
123 215
155 211
186 191
160 381
59 299
224 284
273 338
153 183
182 304
47 167
103 380
42 167
210 391
121 337
84 106
133 137
239 311
185 398
119 131
103 274
89 294
35 380
86 247
193 225
112 122
17 183
188 272
54 145
15 237
200 219
124 302
70 166
146 230
25 64
110 187
207 364
112 354
237 245
38 338
89 245
16 112
7 299
17 90
89 318
338 397
72 238
35 309
48 343
26 187
80 202
259 340
136 331
148 181
251 292
221 304
109 182
90 202
0 179
72 161
36 332
54 180
132 354
334 351
91 132
39 65
85 100
82 315
111 174
35 334
270 352
10 358
26 359
53 234
252 319
309 380
204 334
145 200
202 391
131 223
97 357
352 387
383 396
140 159
308 387
301 322
65 370
203 289
343 364
252 347
75 276
134 265
130 140
15 69
27 379
46 307
192 211
84 169
74 98
39 306
274 334
96 319
233 346
94 196
14 256
200 233
321 343
37 249
267 290
51 189
239 305
59 319
159 237
87 149
225 250
54 219
265 357
80 89
253 257
51 104
15 206
23 397
288 399
86 305
187 269
56 179
0 132
371 374
160 219
100 388
22 185
20 185
234 356
43 175
142 343
109 190
192 233
10 177
76 375
106 196
11 389
252 328
16 91
201 340
175 257
105 385
297 375
152 378
161 200
142 310
119 203
182 299
15 74
123 338
109 221
318 374
206 256
359 369
183 371
319 347
167 232
71 227
9 354
1 215
106 276
80 183
158 235
276 353
39 296
208 305
147 346
194 293
210 293
261 314
94 95
181 394
98 395
182 306
192 381
248 309
168 310
160 336
80 153
195 225
42 326
42 120
101 316
30 141
10 304
181 227
208 288
74 279
59 379
63 96
77 266
40 129
278 337
102 176
174 377
43 398
18 234
362 379
209 372
94 234
33 121
211 290
233 381
188 351
276 342
109 230
359 398
130 171
10 163
96 185
127 396
28 297
38 66
225 317
24 242
94 353
196 280
27 275
175 193
156 384
60 366
240 361
63 368
113 131
6 383
210 289
52 160
155 324
35 352
283 348
29 167
69 330
16 122
63 379
110 128
46 258
64 329
10 306
273 381
59 63
101 149
352 380
7 185
4 239
210 284
218 366
150 369
44 176
302 305
113 169
137 380
185 191
53 280
222 283
41 333
9 91
297 399
194 282
103 204
88 102
217 228
53 286
25 118
128 334
64 368
230 299
188 303
43 314
237 256
167 317
62 382
46 134
135 285
206 227
138 173
32 145
60 316
47 232
90 111
300 363
33 160
11 141
88 240
115 264
40 170
195 384
172 333
86 124
2 12
58 151
87 255
4 148
52 337
144 341
92 323
262 328
202 287
91 122
74 295
178 329
126 244
145 381
281 377
189 298
87 116
61 92
184 329
322 390
183 374
49 128
75 113
22 327
92 333
149 285
3 8
13 344
198 366
123 147
180 214
107 198
242 356
121 214
10 146
156 195
25 329
151 265
249 387
227 256
266 345
204 380
72 290
149 255
314 398
116 255
82 99
76 236
328 398
9 251
137 264
166 205
37 378
129 309
327 398
41 209
280 342
87 298
28 88
361 370
179 315
40 324
89 374
79 296
60 386
50 248
31 146
348 393
211 233
167 257
141 282
49 272
329 344
196 353
61 207
218 316
43 68
49 350
163 221
55 189
94 276
120 385
339 360
52 121
122 246
7 63
284 302
18 53
135 149
238 260
321 364
144 242
334 352
205 248
348 396
190 221
249 335
135 198
56 344
36 266
12 104
158 385
100 215
1 310
85 338
193 195
14 80
188 349
56 300
31 190
268 396
102 383
264 387
62 111
108 214
39 134
1 266
56 82
84 259
13 99
157 324
101 107
290 291
130 131
114 211
87 198
210 305
53 276
104 298
75 234
19 344
21 265
63 185
238 267
1 343
89 203
140 217
171 231
50 260
124 194
54 200
60 392
115 226
64 363
322 341
160 243
7 22
228 255
110 350
265 307
177 379
69 74
146 362
15 394
100 364
2 136
57 351
77 336
126 294
35 103
319 327
325 369
87 217
74 271
147 192
88 393
109 379
65 199
113 360
161 238
49 187
80 119
45 71
178 363
158 258
205 303
129 166
72 291
28 383
343 345
88 297
47 326
146 177
97 361
0 91
219 381
83 342
283 393
245 295
287 326
189 217
63 319
175 367
35 188
29 117
102 377
97 265
52 243
32 160
37 335
74 227
53 342
218 386
22 96
239 302
26 43
194 305
15 395
175 195
223 318
71 181
58 370
68 398
24 75
4 71
14 289
134 370
229 297
37 115
76 377
193 376
9 292
124 305
209 333
261 274
131 318
102 297
180 313
245 256
74 394
284 305
49 129
173 371
110 156
28 62
84 172
136 366
52 214
93 265
90 210
68 367
24 213
45 212
22 275
50 378
0 13
111 288
285 366
173 203
212 394
124 284
43 186
116 228
175 376
61 196
333 372
236 297
250 390
211 324
78 349
207 343
87 277
195 250
226 344
82 300
205 346
130 373
225 384
287 391
7 59
310 397
64 178
127 320
163 296
63 275
95 333
99 329
252 299
42 385
88 283
82 179
248 351
60 107
10 182
52 145
224 256
120 257
110 250
68 376
192 273
55 228
20 398
316 366
103 334
320 393
154 386
168 343
5 18
238 290
189 330
12 331
48 168
99 125
235 257
253 317
128 272
76 297
109 362
277 316
226 315
121 336
83 280
95 196
3 213
188 248
77 123
143 147
92 286
186 376
3 144
250 322
7 327
231 285
177 362
300 329
231 373
178 216
185 314
165 224
268 348
189 228
39 199
117 326
219 241
94 106
138 263
26 369
143 273
351 380
125 246
14 89
127 348
66 70
165 227
149 298
261 359
268 393
35 248
275 314
377 399
293 305
46 65
35 378
31 177
164 307
136 316
268 383
220 368
164 357
2 60
78 267
61 280
43 369
139 174
46 265
119 374
36 77
322 356
253 263
72 260
28 34
128 187
4 237
62 375
244 295
85 147
81 181
329 363
192 346
164 240
148 247
131 294
91 112
141 389
96 368
78 238
28 382
231 340
83 168
150 314
263 317
34 222
93 361
108 313
138 253
317 384
324 346
50 57
106 169
217 395
19 226
208 389
271 394
172 218
280 353
185 328
52 219
185 327
273 324
207 388
93 134
249 344
343 388
16 246
328 367
135 218
38 397
146 358
105 167
17 287
140 295
237 394
125 132
66 205
53 106
184 368
196 372
242 339
113 223
88 348
76 174
107 316
94 333
37 308
19 264
98 228
9 246
4 212
191 262
103 387
315 363
124 141
125 220
32 219
1 85
104 255
264 352
218 285
246 292
7 275
185 367
21 357
163 199
225 263
139 375
53 169
147 273
223 339
386 392
181 237
309 349
196 323
95 201
12 298
37 226
253 326
294 295
227 237
35 57
20 68
278 336
64 118
70 170
177 230
74 395
103 270
84 333
114 290
75 242
210 302
204 270
201 386
259 333
20 328
79 306
383 393
23 85
95 106
47 117
50 78
26 110
110 325
101 285
100 266
241 291
65 296
95 154
149 366
272 325
202 210
8 234
115 315
8 53
283 396
201 333
83 323
270 334
7 252
210 239
117 385
57 188
322 350
193 367
106 286
213 301
137 204
141 208
244 373
122 292
76 90
93 357
135 316
25 315
46 97
22 150
183 232
40 365
42 235
133 359
129 248
146 304
230 379
267 349
314 327
38 310
211 291
104 277
306 358
111 236
25 99
58 265
204 378
272 350
142 345
296 306
223 373
159 395
263 269
334 380
68 175
382 399
55 298
63 327
224 239
226 308
195 369
333 386
69 279
55 255
274 352
280 323
45 227
93 240
178 220
128 369
140 395
156 187
176 375
67 71
326 385
240 357
111 375
254 385
0 246
2 331
131 360
59 96
106 280
158 312
155 346
284 289
242 341
166 272
44 93
283 383
94 169
304 306
114 260
6 320
194 247
21 97
78
258
82
44
99
76
73
143
31
27
56
34
17
89
26
121
72
40
98
103
45
125
145
74
104
56
181
81
90
123
247
101
14
85
30
135
110
82
69
181
56
21
16
67
118
95
261
122
168
151
36
50
203
87
21
145
36
39
19
69
99
153
25
95
92
94
104
129
50
128
89
75
91
68
137
151
97
163
95
113
231
41
162
143
83
143
211
27
152
34
149
180
69
144
156
41
121
88
122
62
114
93
46
86
103
59
19
191
79
100
28
81
125
127
93
33
36
202
74
63
26
18
125
33
101
171
51
112
170
85
29
112
57
144
126
94
73
64
131
127
21
140
37
180
93
178
38
140
89
136
142
75
83
61
48
99
96
173
161
50
142
82
118
142
101
195
89
62
63
72
50
34
51
55
67
61
168
71
10
58
58
92
63
56
135
33
55
99
105
168
41
59
108
116
93
73
94
113
225
114
72
112
53
120
125
180
160
113
127
121
72
204
154
159
226
122
204
29
134
142
112
132
103
102
104
20
78
87
75
99
89
108
174
77
63
84
49
117
107
156
131
83
17
52
34
43
11
120
146
128
97
188
105
248
128
62
117
275
39
76
139
149
97
52
186
63
82
99
49
20
125
73
65
76
96
74
113
92
81
160
148
82
61
142
132
34
108
47
60
116
128
195
75
61
110
20
85
115
150
79
147
204
35
42
57
41
46
152
45
171
147
120
168
139
82
150
199
58
67
99
141
57
142
97
20
82
105
130
57
138
173
54
117
78
102
131
79
83
16
104
31
92
165
184
44
57
112
114
54
135
54
108
140
142
46
56
60
12
91
105
210
127
49
142
140
64
21
149
28
83
132
96
161
199
89
58
162
205
162
53
59
159
70
118
119
36
92
125
114
63
43
154
103
177
93
115
114
23
67
79
101
97
101
67
163
60
84
84
76
129
34
87
123
103
138
61
173
76
104
121
177
138
89
137
58
104
79
94
161
83
134
151
103
239
93
33
66
56
145
87
18
226
168
114
72
36
103
61
124
113
147
106
132
99
158
18
121
100
64
203
92
136
151
41
104
185
79
120
41
236
55
56
105
193
18
63
123
67
21
55
58
163
124
95
56
57
61
25
18
110
81
22
42
25
173
145
162
59
63
159
157
139
131
73
134
181
164
138
23
50
56
71
76
120
74
91
86
59
15
198
78
16
137
77
115
79
132
84
20
16
50
106
76
58
67
74
28
109
87
114
87
27
100
69
91
72
226
166
60
113
25
42
101
138
45
98
104
78
33
96
157
122
194
50
155
57
48
53
40
177
91
62
105
13
77
64
229
62
52
49
95
15
139
67
117
60
150
67
99
51
116
154
99
114
80
109
147
100
198
93
171
94
38
139
163
174
98
176
131
66
107
172
40
109
140
114
105
50
63
57
140
66
147
69
79
109
77
127
98
86
63
197
114
149
81
75
129
66
150
102
84
49
66
138
93
165
80
172
95
72
62
91
28
70
95
207
135
256
81
150
61
119
129
67
36
236
198
82
89
199
123
43
98
170
115
73
92
79
79
105
154
116
33
12
69
152
127
37
194
26
112
75
103
103
84
137
97
55
145
92
118
72
30
67
103
117
86
133
143
132
135
118
14
48
73
40
135
121
61
88
17
83
66
104
27
94
66
10
182
75
112
96
17
89
55
98
175
96
52
77
176
129
88
43
107
106
87
59
97
32
99
57
157
73
50
121
89
125
74
173
72
113
170
123
37
88
78
77
153
107
107
155
111
89
99
187
65
183
76
51
45
12
91
83
10
118
109
95
195
43
91
103
57
82
201
57
63
26
76
63
145
134
26
186
34
173
112
111
62
67
76
110
79
161
99
194
93
69
216
77
134
150
63
95
148
159
130
123
100
133
106
177
118
87
96
106
81
95
116
191
165
97
159
39
77
90
105
31
184
111
65
42
91
46
47
85
69
159
48
46
29
43
53
30
181
93
66
94
80
181
60
10
51
89
144
74
129
146
62
95
145
62
85
92
120
105
51
79
59
19
101
46
68
101
170
76
53
160
123
195
47
168
72
219
186
91
86
36
75
174
179
97
84
68
114
12
90
124
121
170
82
86
50
134
203
141
73
91
92
118
73
123
44
104
52
69
150
80
116
48
111
35
171
74
68
127
42
64
70
98
151
87
49
41
15
91
129
80
25
97
97
70
78
132
109
102
114
50
42
58
11
150
93
59
102
162
93
37
13
52
190
34
97
54
134
101
75
101
109
98
102
116
24
106
106
129
85
150
184
98
165
90
79
67
112
37
119
159
87
69
57
85
20
23
52
150
159
38
159
113
154
135
92
174
34
67
57
149
161
54
128
109
161
105
146
50
192
137
132
105
69
51
55
51
66
102
69
42
162
96
154
64
193
37
128
78
131
78
144
52
37
83
40
82
31
117
20
156
150
70
59
150
225
64
31
179
37
89
89
66
105
76
65
81
99
83
38
152
104
48
142
90
75
36
118
146
128
189
153
126
165
72
134
105
35
33
53
90
138
59
59
214
167
113
69
29
45
70
134
110
151
219
132
32
126
81
114
97
106
50
94
149
50
142
37
87
108
75
126
109
64
61
68
84
77
167
76
16
82
148
58
115
180
117
133
123
52
61
46
153
61
51
185
98
103
100
50
65
60
57
192
127
66
99
97
123
97
54
168
105
48
89
21
81
167
83
119
79
122
95
26
20
60
129
136
91
123
94
200
196
185
94
145
65
172
72
68
80
29
119
103
154
58
108
42
163
112
140
80
113
112
152
62
63
55
23
157
70
138
137
88
145
70
137
94
124
114
48
126
105
69
81
93
40
183
148
144
51
34
71
64
85
83
190
39
164
167
127
158
152
76
136
125
73
67
79
126
30
125
98
104
123
128
72
98
54
70
68
24
119
138
53
61
102
184
102
200
66
73
103
104
41
98
164
90
95
61
120
117
84
82
41
115
82
126
108
77
152
112
100
40
112
87
99
92
163
226
146
141
57
78
46
100
165
124
120
159
140
124
83
98
108
166
148
21
169
147
84
62
155
129
136
113
114
128
169
158
15
22
134
79
171
104
149
93
48
46
61
88
120
28
178
147
48
31
188
90
101
70
115
140
244
42
83
50
52
22
51
86
75
131
90
165
80
50
230
53
20
42
25
145
85
69
17
105
139
37
120
158
155
59
218
176
128
302
77
92
67
55
48
93
59
131
46
55
54
71
144
48
89
57
150
122
131
167
86
217
58
101
61
214
190
157
40
103
148
60
54
122
78
48
88
65
77
87
63
56
49
45
160
61
120
161
112
127
209
66
63
159
19
88
88
110
105
175
90
99
149
98
202
56
88
27
144
55
102
125
90
108
79
127
38
84
11
99
152
154
107
100
81
90
119
137
78
123
74
175
98
70
109
53
111
118
128
102
143
115
105
88
187
58
109
141
76
30
224
62
125
103
236
41
180
88
52
151
74
73
229
169
63
70
64
121
91
127
103
188
139
202
113
103
112
200
59
54
124
63
92
183
96
150
150
140
7
84
88
88
22
250
54
80
97
65
85
158
93
154
107
25
98
129
113
85
53
94
171
17
159
134
55
61
76
215
52
220
68
88
8
124
140
66
64
82
79
49
89
127
181
53
114
87
139
167
89
66
144
146
31
106
207
82
88
161
98
92
61
41
76
125
87
103
94
43
62
122
202
23
124
134
78
75
73
60
48
122
137
93
188
196
211
220
23
102
61
30
110
15
106
163
117
207
70
44
60
51
159
73
92
54
155
142
176
129
58
222
61
168
85
62
167
96
71
60
126
63
76
108
184
68
86
148
52
96
261
94
87
133
127
46
55
71
192
34
102
108
74
27
44
119
71
88
154
47
188
114
12
205
84
69
34
106
41
107
95
112
55
100
82
12
124
117
91
120
144
119
73
130
53
53
156
95
101
139
107
34
99
33
30
53
96
26
145
116
82
75
141
98
45
216
48
163
192
108
153
73
198
154
53
133
251
146
106
81
133
30
121
200
42
63
115
182
123
129
98
59
127
118
138
128
117
149
89
103
142
43
130
70
29
120
242
119
88
96
80
70
151
24
82
81
155
109
99
139
153
44
28
78
127
134
52
167
92
86
82
193
189
180
69
88
126
96
185
53
104
87
111
144
153
134
74
151
166
117
81
61
39
86
54
25
115
123
79
181
141
119
129
117
87
87
105
91
63
36
58
135
20
220
126
83
94
73
81
66
73
124
96
107
272
64
135
121
73
117
151
178
33
102
43
18
7
80
70
88
48
53
125
182
63
22
29
107
146
139
61
85
159
66
170
129
111
98
199
160
62
60
92
120
127
97
55
103
109
63
118
65
115
97
122
81
115
26
49
172
104
73
57
185
109
114
67
78
168
195
82
94
74
126
141
89
173
207
63
61
164
167
97
170
75
110
189
82
146
30
72
103
120
87
49
22
95
98
31
78
85
105
123
162
96
151
108
174
165
39
143
51
51
71
212
115
124
63
68
76
127
148
45
60
60
70
90
91
113
23
178
104
