425 194
366 651
692 190
1 747
683 308
376 53
696 220
408 77
675 190
487 478
770 392
240 382
230 322
93 293
751 177
744 412
451 294
163 557
394 127
253 49
331 150
467 571
266 789
655 470
658 212
434 657
766 662
165 198
527 39
438 240
9 716
72 132
228 482
633 313
383 376
401 168
178 725
711 18
88 589
342 585
742 594
640 580
81 384
30 660
479 354
413 342
34 497
660 518
659 611
292 783
387 55
657 724
624 185
747 783
395 694
297 699
555 651
81 799
510 746
133 525
32 671
168 504
251 679
118 426
632 778
344 492
83 173
105 644
548 178
511 199
476 601
641 301
487 465
622 165
418 69
622 299
52 46
563 126
464 547
343 246
399 499
686 218
313 613
431 440
378 538
481 431
525 789
523 252
182 13
89 102
477 773
254 122
780 94
129 418
369 761
793 489
370 347
34 435
175 317
356 67
505 350
108 624
582 594
567 323
265 430
228 707
734 275
432 165
620 313
702 348
457 343
350 486
445 746
731 141
244 607
736 595
576 331
404 249
363 313
235 498
531 552
610 412
644 505
47 699
291 607
38 324
300 59
144 188
638 327
608 292
547 90
619 15
770 650
522 683
464 631
388 457
399 538
42 499
446 704
594 785
792 792
760 755
527 687
378 690
438 519
427 259
129 644
560 393
406 493
511 249
464 703
228 672
525 698
347 172
512 623
283 224
541 449
53 60
219 478
775 549
616 783
596 123
199 77
126 22
105 638
199 505
163 298
214 614
396 559
497 87
360 720
675 53
336 47
484 281
655 371
690 331
631 729
359 598
796 192
392 659
562 246
567 487
308 782
642 719
58 502
38 695
284 687
472 506
642 430
327 169
606 692
407 780
39 353
5 345
603 742
270 636
219 780
115 263
767 101
396 176
594 269
553 429
660 556
204 112
252 312
53 233
306 712
644 270
257 614
346 599
309 598
578 361
99 720
455 452
163 399
434 131
179 562
295 651
244 276
235 81
669 331
379 464
754 46
405 338
499 67
296 173
576 387
788 50
474 477
489 125
777 104
728 616
320 621
149 233
782 416
72 639
80 310
26 30
390 499
298 388
577 197
305 235
753 412
462 328
274 731
403 258
543 698
40 129
326 779
111 103
175 715
197 613
187 273
313 184
733 162
56 721
247 231
120 130
744 265
273 773
579 730
303 432
709 670
294 86
738 122
507 260
299 675
580 563
256 552
148 49
235 508
194 724
166 679
440 388
226 51
776 767
462 681
545 640
421 663
464 553
273 273
677 263
51 760
540 169
26 257
325 15
527 712
649 652
617 106
444 134
722 791
13 238
160 329
517 221
81 534
800 366
200 518
594 43
434 402
260 486
34 444
139 176
333 729
221 126
786 744
344 576
606 249
428 785
249 486
24 168
187 524
647 341
161 446
582 337
63 495
630 251
584 378
139 48
252 795
501 35
326 353
488 721
311 54
6 785
466 309
82 259
389 149
200 634
751 228
717 259
252 543
296 93
156 183
299 116
739 467
110 779
377 523
118 325
562 21
769 602
40 426
12 381
731 756
154 690
168 243
204 776
703 524
748 165
238 40
344 706
307 28
635 183
780 239
539 38
764 636
158 169
125 614
577 25
553 684
165 425
709 79
740 701
253 457
439 214
177 792
87 528
635 651
66 508
50 716
635 529
643 647
69 151
265 394
789 732
741 141
573 756
314 141
560 731
507 90
201 375
167 274
363 265
749 753
434 462
163 596
439 251
655 551
361 393
673 653
117 605
170 334
324 60
319 0
331 20
450 111
16 773
81 424
64 254
32 357
465 656
36 364
59 216
178 328
117 381
14 264
177 209
123 185
229 289
82 232
42 396
82 195
120 181
350 391
118 223
48 287
320 372
2 351
55 170
167 384
127 355
86 139
58 90
183 190
190 377
326 394
83 221
126 393
79 381
175 220
69 363
3 185
77 161
22 49
183 388
26 339
250 345
287 388
67 101
259 345
125 193
88 162
32 330
169 353
260 375
33 128
6 351
21 144
152 260
255 395
138 307
263 333
202 369
256 280
83 298
94 349
7 215
236 284
218 252
171 222
9 144
204 252
0 107
98 344
227 360
165 310
125 236
300 367
177 210
62 327
160 260
185 368
260 377
180 293
55 244
33 174
71 315
270 308
137 294
138 179
182 248
109 174
95 159
134 278
146 164
152 286
162 163
236 398
23 121
322 350
49 318
113 347
163 317
153 253
288 297
62 244
276 321
189 199
71 108
123 395
148 238
264 374
116 211
258 329
318 364
12 166
58 321
319 378
58 142
49 244
0 29
127 257
344 355
174 175
86 375
226 313
182 244
186 206
302 349
67 123
47 386
233 325
7 50
4 220
10 95
149 173
106 258
116 313
35 107
252 256
29 385
150 278
197 292
65 84
38 235
111 135
99 126
185 235
11 372
260 286
258 281
103 147
136 148
18 50
54 143
339 346
183 370
180 240
202 386
249 257
297 353
1 54
97 314
308 362
27 380
89 269
314 396
39 210
126 285
325 337
99 391
206 302
80 144
185 255
195 232
58 150
238 336
157 247
148 336
261 362
154 358
89 157
47 346
55 302
176 194
89 249
84 148
60 255
199 289
149 385
28 224
130 319
262 354
206 217
117 385
59 365
9 85
303 333
34 45
149 265
239 387
34 387
58 377
20 189
56 152
203 219
78 279
297 338
76 317
158 165
41 48
94 307
224 319
158 362
8 73
137 340
3 282
16 245
250 272
278 399
7 99
25 150
4 33
331 333
255 368
41 386
166 380
31 301
140 373
113 374
17 251
322 331
136 336
172 263
34 320
50 391
166 390
140 141
198 254
18 107
210 217
121 156
155 241
124 305
21 187
39 232
8 254
159 354
208 268
1 177
205 309
66 371
91 203
322 333
304 342
257 332
68 283
93 214
147 316
43 60
114 330
286 321
133 321
177 305
331 391
282 323
262 287
342 382
17 389
93 359
50 99
14 328
33 108
99 350
127 332
271 272
28 297
85 213
8 281
71 75
114 327
66 205
392 393
120 267
92 264
196 318
126 348
129 315
342 361
43 185
252 280
30 282
20 199
159 231
146 384
166 344
97 367
60 185
176 260
115 132
170 179
107 363
345 364
126 333
136 238
122 386
270 310
222 230
48 388
42 337
58 112
312 359
225 253
26 115
196 345
53 361
14 254
339 354
255 335
25 179
59 61
37 222
4 106
61 310
26 40
124 266
216 327
140 304
175 242
28 378
10 15
124 268
25 70
65 135
158 270
26 361
290 304
8 24
48 231
47 267
40 231
246 358
162 348
35 215
338 353
353 357
218 380
11 261
172 393
101 389
315 351
15 334
29 245
92 374
27 332
5 99
172 392
253 333
158 308
75 200
291 325
109 295
242 295
3 368
119 362
67 343
15 174
314 367
13 205
128 311
90 150
11 214
86 377
297 357
9 213
91 333
216 296
14 352
55 62
213 228
341 396
3 323
179 349
65 221
105 271
365 367
17 296
101 146
81 329
43 235
31 66
32 158
52 315
32 299
232 266
143 278
212 335
322 391
81 328
33 313
105 186
4 71
72 187
243 273
76 163
18 74
55 266
201 316
92 222
135 148
126 172
24 281
229 394
48 202
16 324
236 325
69 293
59 296
51 287
82 217
4 281
20 326
234 295
57 255
90 307
115 202
10 175
143 349
275 361
184 367
32 270
81 207
13 337
263 331
32 308
56 277
207 281
5 393
46 294
73 351
30 185
214 312
97 398
34 83
197 380
104 239
152 358
354 361
46 340
190 370
37 131
0 326
245 381
346 369
50 393
217 232
289 394
268 270
2 113
184 314
176 377
40 115
24 81
99 393
126 331
189 241
26 132
205 397
214 379
208 217
47 202
143 170
141 373
16 29
40 346
61 359
300 314
41 102
196 364
2 347
299 362
216 389
45 273
79 280
289 326
74 99
245 363
221 383
27 301
87 149
190 194
173 385
33 220
47 188
209 305
164 384
144 238
40 132
26 304
166 233
6 8
135 387
12 379
158 296
82 209
51 194
110 173
270 299
55 105
54 276
114 208
244 248
17 356
35 153
51 388
83 228
13 236
207 315
117 145
18 153
169 289
147 313
114 195
258 328
17 216
94 170
34 96
103 116
72 213
8 81
91 225
166 252
214 359
172 331
25 276
206 244
189 225
372 379
105 244
101 235
70 134
45 96
63 214
146 356
181 267
46 314
76 247
125 341
96 320
197 205
33 315
88 269
132 361
225 376
137 184
292 390
61 216
155 218
165 270
168 209
141 342
166 218
9 72
139 377
89 237
64 375
173 293
82 177
235 356
109 128
133 377
78 136
36 343
233 344
11 362
110 223
46 184
301 355
80 111
91 219
47 122
361 373
84 168
38 67
22 345
294 365
234 334
285 350
11 379
66 257
15 175
164 343
53 342
44 273
311 313
137 367
41 267
272 343
173 265
236 337
262 382
208 210
67 146
125 284
121 201
327 343
163 269
71 129
233 380
79 241
16 45
127 233
375 377
36 345
85 201
167 208
90 138
80 135
249 301
373 382
31 76
57 212
356 389
77 288
212 343
73 240
23 346
106 281
319 353
52 73
89 247
250 343
260 358
264 347
348 350
34 223
181 369
108 116
251 384
249 317
27 344
124 210
268 330
319 357
56 358
264 360
133 154
178 347
167 251
20 331
30 323
231 354
12 218
173 243
192 340
346 386
144 148
47 369
114 167
119 330
19 322
208 327
1 232
248 302
178 254
158 312
147 211
263 376
133 358
219 263
42 398
215 326
300 341
246 377
20 376
14 113
198 347
131 353
238 383
184 294
6 106
36 105
257 355
168 305
268 299
100 110
35 289
49 259
201 211
70 78
108 313
215 289
313 316
56 142
72 83
2 14
65 148
190 246
133 286
32 310
4 258
48 386
13 166
180 265
48 115
241 256
22 248
151 186
18 35
230 347
70 279
31 157
12 390
71 311
142 277
231 262
46 300
188 226
131 297
25 134
30 255
18 20
132 231
136 144
130 357
151 327
80 383
187 213
18 289
19 350
85 228
78 144
37 171
266 349
21 120
130 161
41 122
98 379
151 271
42 341
26 262
84 111
23 188
33 207
137 300
144 187
72 144
79 117
158 299
113 254
30 368
248 318
28 357
101 356
242 334
218 241
151 208
28 319
314 340
221 387
76 89
162 303
171 288
16 223
2 52
17 59
117 363
38 101
187 228
320 387
252 292
246 260
92 198
327 384
211 226
75 306
164 235
53 290
170 206
13 284
199 326
80 221
244 266
91 263
136 305
239 261
284 291
113 360
40 354
0 215
125 397
76 157
51 190
14 347
66 247
366 388
56 190
55 349
332 344
342 373
26 373
60 235
19 391
160 194
4 175
108 211
3 123
49 248
63 97
144 336
214 390
186 349
45 110
130 338
183 194
152 377
81 315
82 266
27 257
262 370
90 321
3 395
34 273
178 374
356 384
210 305
5 74
134 399
99 285
226 316
151 250
128 129
204 280
168 279
107 394
3 30
21 78
129 207
192 236
130 229
276 399
44 298
51 160
68 293
65 111
31 249
17 365
100 103
52 240
144 279
7 18
167 327
97 300
147 201
103 226
98 390
319 338
73 288
148 221
32 61
112 191
180 306
53 382
41 202
199 215
43 255
70 278
152 246
9 181
27 355
32 296
127 344
261 299
45 243
265 293
296 310
253 376
2 374
141 304
78 168
108 200
61 158
69 283
142 377
102 267
182 302
97 137
56 154
129 311
341 398
186 195
80 148
216 310
50 172
128 220
89 257
88 348
175 234
271 343
49 196
274 303
151 167
128 207
46 365
12 252
125 325
225 256
23 122
116 129
113 198
114 210
38 356
18 326
127 301
193 236
11 12
190 260
104 299
169 319
105 272
192 193
19 348
66 249
271 345
29 145
240 306
165 312
138 150
247 371
189 326
285 393
54 179
58 286
11 390
181 201
184 365
44 324
91 162
186 244
223 243
286 377
153 225
96 298
24 52
240 283
235 368
197 325
296 308
267 277
197 233
133 150
164 356
250 271
160 377
108 220
203 303
91 274
77 130
185 282
13 197
133 142
318 345
239 320
5 7
274 348
58 152
254 374
200 315
145 363
172 391
243 324
135 213
35 199
139 194
205 284
135 383
304 373
168 238
1 179
223 387
240 293
129 313
197 236
28 353
83 135
184 396
212 255
20 333
24 315
254 264
51 176
136 168
70 120
182 318
151 272
144 168
114 251
301 371
230 374
173 324
17 61
111 148
97 341
268 296
124 195
44 173
209 210
338 357
110 324
117 199
202 346
292 337
50 74
299 330
128 211
174 311
91 303
44 110
33 75
263 391
147 226
126 391
332 355
322 393
22 206
46 97
222 227
98 166
124 232
54 278
82 210
167 216
229 378
38 146
102 120
0 289
12 292
325 397
230 264
159 334
9 187
156 226
94 302
126 274
160 176
120 154
191 307
38 389
113 230
107 289
281 329
87 240
23 334
187 383
206 266
10 234
169 224
25 399
21 279
117 245
88 274
150 152
290 373
66 127
13 292
87 265
143 179
36 272
130 378
106 295
221 238
29 117
6 254
12 372
347 352
75 108
195 266
115 339
146 389
253 256
235 389
131 338
16 110
212 282
48 102
107 199
33 311
202 267
145 173
9 383
162 317
198 230
6 328
194 358
43 123
139 375
224 394
252 380
146 327
124 209
106 352
0 145
145 381
187 279
186 302
137 314
285 392
2 329
145 324
95 346
381 385
344 380
2 73
93 312
340 396
41 366
165 299
246 321
69 240
64 139
32 119
73 161
353 378
80 136
52 288
18 215
137 365
16 44
129 200
257 371
203 355
146 235
25 143
94 182
194 377
205 325
19 203
190 366
261 372
52 351
257 301
282 395
140 342
262 361
59 294
31 371
261 387
176 375
314 365
53 141
162 203
73 77
2 8
6 24
255 282
22 259
104 362
48 262
5 391
111 336
189 253
21 70
170 191
57 282
63 93
90 191
30 60
172 285
42 63
269 274
92 113
39 168
306 315
309 371
363 385
216 384
100 324
135 238
97 184
157 237
62 195
96 223
246 277
249 355
239 372
148 383
16 117
152 321
61 296
98 380
2 328
8 113
145 385
198 264
121 147
142 152
140 382
23 386
124 217
142 286
179 278
33 116
75 128
11 239
14 374
60 67
28 130
7 289
63 340
234 242
76 237
273 298
79 245
213 383
294 389
55 186
82 208
71 306
233 355
89 317
55 206
13 233
108 128
197 252
229 283
107 215
21 134
246 286
206 248
75 313
384 389
151 195
160 183
24 351
20 225
97 396
133 152
34 118
32 104
195 208
57 335
99 331
154 277
26 141
254 347
30 212
59 314
109 220
223 320
168 177
81 281
3 255
115 231
258 352
93 396
94 248
12 280
31 309
110 273
86 90
182 206
337 390
124 208
15 242
71 175
213 298
111 261
98 337
308 330
30 123
369 386
107 326
136 279
119 268
155 280
36 151
66 309
215 394
119 310
58 246
75 129
161 283
131 171
193 341
252 390
121 211
116 316
292 380
98 252
203 269
333 391
93 379
162 274
207 306
265 385
35 363
340 398
28 77
204 218
378 394
155 225
7 74
108 207
98 292
324 385
213 273
2 24
118 245
121 188
110 243
102 277
218 256
122 346
22 196
156 201
1 278
111 238
189 333
74 394
71 207
64 260
159 346
83 85
170 302
25 138
266 302
114 217
275 382
115 159
185 395
224 353
27 233
79 155
58 133
360 374
59 310
40 339
74 215
85 273
157 249
270 362
206 259
244 259
9 228
143 302
109 242
165 308
17 310
62 105
284 309
79 253
219 348
204 379
287 370
153 199
140 290
126 322
183 366
1 170
142 154
68 180
228 383
299 308
337 380
60 368
366 370
222 360
188 316
109 311
103 313
132 354
75 311
133 277
42 125
161 297
77 353
116 226
154 399
269 317
101 384
148 213
132 262
6 81
131 357
29 265
249 269
85 383
115 346
1 349
130 169
37 360
0 385
53 275
98 204
80 336
94 143
159 339
120 279
62 271
118 320
55 217
4 329
16 149
119 296
67 272
212 368
195 210
69 180
214 292
27 127
328 347
153 326
19 126
11 104
198 374
37 198
60 123
110 298
42 192
64 183
68 240
19 88
224 338
5 50
275 304
122 181
169 229
75 315
218 280
88 317
142 276
1 209
300 396
232 305
163 249
286 358
249 371
211 313
194 246
185 212
52 161
174 316
149 293
291 397
128 175
146 343
141 361
198 222
71 128
152 277
168 336
82 305
126 263
51 64
28 169
247 309
39 305
114 151
292 379
55 195
23 369
268 308
275 290
138 399
275 342
8 351
121 316
146 272
219 331
36 271
23 47
211 316
67 164
42 93
162 219
130 288
39 82
167 195
28 338
109 175
145 243
10 109
14 178
331 376
171 360
11 204
103 211
58 86
145 245
200 240
103 108
206 349
99 172
103 316
141 275
18 199
104 308
233 301
328 329
251 327
13 397
183 260
39 209
158 310
68 161
300 340
123 235
141 290
58 375
0 199
350 392
104 261
80 238
203 274
129 180
34 298
114 268
368 395
225 333
31 257
0 117
30 395
176 190
125 398
281 315
126 392
51 342
248 259
33 129
180 200
323 368
71 220
19 219
69 265
215 229
61 119
19 162
359 379
70 399
69 149
245 385
142 358
1 25
85 298
155 189
51 366
209 232
379 390
263 350
0 18
165 216
391 392
72 85
133 399
81 351
128 174
186 266
20 153
262 339
118 381
130 224
155 253
163 237
7 394
42 97
42 236
178 352
144 228
84 305
194 375
123 255
84 336
208 251
63 312
303 355
2 6
44 243
294 314
153 189
231 388
15 109
200 306
205 291
222 374
16 243
25 278
77 378
10 295
82 124
161 288
139 176
2 81
191 248
195 217
225 241
121 226
148 187
108 129
275 373
233 332
54 170
391 393
272 327
267 386
44 100
67 212
329 352
198 227
285 391
257 317
29 363
150 286
19 274
190 287
16 385
282 368
65 336
121 174
138 278
95 334
182 259
294 367
26 231
241 253
36 196
43 368
186 217
38 164
112 150
79 118
69 87
105 151
276 278
62 167
160 375
95 242
66 397
224 229
21 154
333 376
83 213
53 304
2 264
164 389
193 398
6 281
46 137
61 312
12 204
284 325
113 264
170 349
254 328
102 386
16 145
199 363
15 234
157 163
144 383
138 276
141 382
270 296
133 246
87 173
59 165
196 271
83 148
27 252
61 165
170 248
71 200
119 308
340 341
262 388
68 77
298 383
244 318
0 363
91 376
197 397
219 274
100 243
75 220
174 220
29 149
362 372
15 295
222 264
335 364
290 382
48 366
133 276
78 187
6 329
75 207
9 156
140 275
151 251
13 192
79 153
100 173
132 373
62 206
96 387
119 299
35 326
45 298
53 140
54 138
18 394
84 238
210 232
177 232
114 124
123 212
92 360
189 376
19 331
4 311
162 269
153 376
322 392
130 297
122 188
127 371
46 367
45 223
72 156
198 360
66 355
88 163
252 344
147 156
20 253
183 287
106 329
263 322
32 165
96 381
119 165
90 112
96 239
17 384
75 116
67 356
223 298
247 257
66 89
193 340
56 102
57 395
77 229
16 173
0 35
241 381
40 159
92 230
301 332
38 294
51 183
64 194
287 366
5 322
29 173
33 71
139 260
87 180
304 382
4 128
53 373
197 337
26 354
196 259
223 324
13 380
45 324
63 359
49 206
78 120
77 240
68 69
265 324
36 250
41 47
361 382
239 362
224 357
51 370
138 321
135 221
95 234
59 367
83 383
166 292
112 321
38 365
56 133
267 369
63 396
5 172
49 182
22 244
224 378
16 265
122 202
112 307
19 91
115 354
259 318
126 350
96 273
123 368
227 230
172 350
0 245
122 369
277 358
33 200
270 330
194 260
51 262
52 306
169 378
41 287
150 399
174 188
142 246
75 103
41 369
31 247
290 342
48 370
84 177
54 349
99 322
59 184
190 358
94 191
220 311
97 340
221 336
24 73
42 193
284 397
157 317
169 394
244 302
119 158
45 118
4 207
134 276
70 154
93 340
39 177
180 315
108 311
8 52
105 250
237 247
134 154
132 339
155 256
42 300
171 297
166 337
66 301
130 353
223 273
39 124
231 361
6 14
139 160
62 151
105 345
17 165
22 182
64 176
149 180
172 322
271 364
67 235
30 43
42 340
96 118
296 330
41 370
328 352
176 183
43 67
65 80
22 318
37 227
101 272
156 181
323 395
65 238
13 325
57 323
83 273
106 175
67 389
208 232
104 158
111 221
127 197
161 351
39 84
49 302
13 125
12 98
201 226
219 303
62 266
150 321
2 254
233 252
177 179
175 311
216 251
134 150
126 219
370 388
72 228
102 154
19 263
64 160
158 359
25 54
291 309
112 138
283 293
138 143
304 361
282 335
301 344
192 341
20 35
10 242
71 281
91 331
56 246
255 323
101 164
123 282
32 362
231 339
247 249
92 227
285 322
131 288
166 197
241 280
1 143
165 296
358 377
112 276
240 351
334 346
197 344
87 293
122 267
5 285
350 393
150 276
103 129
125 192
184 300
119 270
62 217
380 390
15 95
76 249
107 229
74 224
87 200
104 372
6 258
66 332
89 371
106 328
116 147
200 207
347 374
102 366
192 398
10 334
142 321
72 383
31 89
236 397
54 94
289 378
85 156
24 207
217 266
80 168
100 147
4 109
227 264
62 186
62 208
129 306
109 234
84 136
77 283
80 84
106
162
162
107
80
20
12
69
18
105
133
124
68
112
120
144
169
99
88
55
120
126
83
74
111
149
101
49
39
133
96
34
73
112
128
154
45
34
116
69
138
141
83
44
18
124
159
118
139
176
85
95
111
67
142
132
224
153
197
161
163
51
206
175
61
55
117
142
147
193
62
22
69
95
93
62
49
118
107
41
154
69
90
60
25
196
95
79
61
92
58
37
45
149
94
55
93
69
215
22
56
86
34
121
154
98
122
83
76
136
63
199
128
74
106
92
41
63
86
58
117
79
33
277
94
22
14
52
143
30
148
175
152
127
113
85
141
78
125
139
172
46
132
48
178
107
114
9
78
161
118
161
70
183
121
135
94
88
105
58
77
114
90
113
143
77
123
44
160
205
156
80
60
46
64
111
73
66
121
98
154
106
96
105
65
122
108
133
36
67
72
81
30
112
62
11
82
256
59
80
192
44
43
168
205
138
140
72
124
125
59
51
62
15
85
26
192
172
23
125
119
69
162
156
133
88
137
133
73
85
137
35
97
99
52
132
181
154
60
72
43
110
82
91
125
27
86
78
25
76
83
77
47
77
65
97
47
110
53
43
61
33
94
31
159
189
89
138
44
71
157
64
115
70
54
148
105
62
87
181
88
138
140
149
106
85
66
97
180
101
50
79
114
54
64
110
64
107
170
83
60
56
200
16
182
52
66
232
97
88
122
121
65
101
120
189
54
185
62
48
80
198
58
99
119
223
69
101
158
49
21
122
60
70
101
138
86
57
27
172
154
80
166
51
46
102
93
66
102
210
109
88
146
126
122
280
36
115
43
75
128
93
58
76
100
90
85
118
84
220
54
69
93
70
41
55
76
118
89
78
28
112
48
147
122
160
18
73
101
67
46
50
84
139
179
63
104
129
51
70
62
122
76
32
143
58
122
185
56
118
113
81
112
80
113
180
60
86
16
52
143
44
16
23
36
68
65
150
32
88
50
218
223
65
53
80
137
90
123
178
72
114
156
189
41
51
90
94
15
210
17
85
117
91
173
13
70
79
81
41
45
38
60
101
164
96
137
68
157
58
138
63
201
133
92
137
98
97
21
92
63
91
261
65
203
56
115
178
180
72
154
155
92
104
121
178
76
155
87
29
86
130
58
76
59
40
67
30
84
118
121
44
56
20
123
93
27
103
74
127
93
71
124
83
71
54
89
113
102
41
109
142
45
81
84
156
152
120
202
178
92
115
50
17
23
89
134
97
160
75
142
28
138
129
65
122
111
151
89
156
115
87
47
208
77
43
25
105
125
31
171
75
122
129
19
113
31
108
93
229
75
64
136
165
72
130
36
41
80
114
139
48
109
133
131
41
53
47
91
77
50
47
58
156
81
166
53
234
91
152
118
20
105
153
132
215
166
81
57
107
79
129
61
130
73
216
71
65
113
83
46
13
119
48
103
61
130
19
132
184
75
140
148
79
127
118
56
43
110
86
174
97
53
146
187
75
104
84
168
64
131
85
39
49
79
113
248
136
106
129
101
115
140
123
80
151
35
214
146
99
16
63
94
109
125
132
69
59
171
135
115
100
80
107
111
98
93
68
104
138
84
113
58
136
76
100
137
43
103
140
190
141
81
143
120
123
80
53
67
128
96
84
146
124
94
113
120
130
158
170
76
60
49
146
102
201
84
89
46
86
185
100
34
57
160
191
69
81
192
192
78
105
147
192
54
121
69
52
94
74
120
21
136
33
74
62
52
160
200
43
45
91
58
127
91
65
139
82
153
120
14
112
34
126
59
90
70
110
104
185
117
186
57
47
81
194
76
226
91
129
149
62
201
55
91
120
105
108
110
60
64
58
209
66
63
115
45
80
14
159
116
62
97
142
65
65
78
101
71
28
95
110
131
18
117
104
159
98
123
70
49
13
65
165
22
112
107
59
171
150
57
36
44
150
157
104
41
101
65
71
158
183
90
77
28
74
156
29
175
92
103
56
63
74
149
175
122
68
81
146
25
59
101
71
71
62
182
57
137
87
104
166
104
119
88
217
80
136
136
144
114
67
20
179
95
58
90
147
84
98
25
120
153
34
78
139
48
51
140
24
61
69
126
94
113
133
205
91
123
69
114
118
82
128
165
44
122
235
107
118
51
59
136
119
56
135
46
155
85
6
112
50
40
41
66
65
69
53
21
23
125
21
128
78
62
29
177
59
108
143
88
127
20
85
237
71
104
90
71
56
25
187
110
102
112
92
110
109
77
144
134
167
177
80
178
49
25
87
140
105
84
95
76
169
68
39
51
44
75
44
53
36
93
201
109
95
64
79
119
20
171
103
128
132
181
102
25
104
119
56
75
127
145
67
183
34
76
79
65
87
84
207
65
70
67
52
56
31
15
83
127
228
81
118
40
47
77
63
158
73
85
153
224
149
31
96
62
103
219
70
134
52
179
114
63
86
81
130
98
164
12
83
198
69
51
101
36
192
130
127
155
120
52
127
45
42
208
134
183
169
44
194
75
64
156
106
153
73
74
50
122
113
72
216
62
144
150
66
117
104
154
83
91
66
64
102
93
110
11
57
109
198
45
55
43
113
109
41
91
50
119
45
94
111
32
32
127
65
67
57
59
177
54
23
144
56
44
83
104
153
140
69
127
75
74
127
79
84
68
63
107
160
107
78
42
148
62
103
108
118
198
38
36
85
30
102
99
125
67
45
149
38
145
62
138
65
70
123
43
62
39
91
39
119
47
63
176
143
169
45
84
67
187
133
62
78
23
106
101
94
109
176
86
86
112
21
93
154
45
92
186
93
121
17
255
190
50
213
90
83
86
64
52
62
93
148
62
83
134
136
79
102
17
152
78
79
119
98
72
89
88
75
127
146
167
130
74
133
134
17
183
134
46
149
105
109
153
129
123
98
215
108
116
207
165
146
157
80
138
148
23
107
47
67
89
107
143
98
23
172
83
109
54
66
154
116
94
62
92
182
188
73
28
61
177
132
51
96
167
69
39
86
184
105
95
81
103
96
95
75
91
118
17
137
172
157
118
94
102
180
44
200
15
97
196
25
197
145
141
77
94
14
207
97
11
155
128
75
36
15
138
104
81
150
98
142
93
15
81
174
68
26
60
193
183
165
149
150
143
172
117
39
193
65
148
120
129
77
68
106
132
111
69
135
116
159
147
192
38
71
108
53
106
129
106
90
103
142
118
51
185
222
20
32
178
43
56
58
104
93
110
143
98
181
38
146
30
157
106
160
91
65
110
139
86
160
120
57
70
44
82
34
72
124
89
24
189
148
116
126
97
127
151
82
44
78
125
155
38
91
47
12
87
107
112
54
68
92
63
189
107
110
151
118
116
106
83
67
169
68
62
73
121
55
113
124
164
74
36
102
116
43
88
200
19
156
116
168
39
71
48
13
130
78
159
71
77
159
118
100
171
61
43
67
108
131
122
93
61
175
112
47
77
146
104
181
114
79
150
52
75
192
59
118
157
61
106
67
74
82
146
69
104
127
62
22
33
127
63
91
137
138
107
120
146
64
103
145
55
45
18
113
53
138
77
72
73
47
162
101
38
64
258
45
17
99
74
49
40
200
66
142
36
83
66
109
46
41
106
65
122
110
161
46
219
106
131
121
216
32
117
52
165
125
131
117
176
124
135
99
31
145
126
158
129
55
127
78
124
137
69
116
139
94
122
187
129
155
52
79
133
160
71
67
131
15
98
40
67
42
48
180
245
46
163
100
181
86
58
29
73
37
123
141
175
133
160
64
121
116
39
80
88
70
136
106
68
92
81
82
96
137
72
177
174
201
131
83
129
114
102
63
49
36
120
34
141
117
126
97
221
182
138
76
52
158
99
139
90
112
47
131
66
64
197
66
145
89
91
126
161
106
81
163
46
13
76
166
82
165
86
109
39
99
64
56
37
144
54
73
201
79
125
74
166
107
163
243
162
130
183
60
42
134
101
10
45
111
48
134
16
189
64
15
132
90
41
93
184
117
37
58
169
116
84
89
165
131
75
124
141
16
163
94
106
227
116
84
26
219
104
31
59
122
72
63
186
91
55
24
80
66
106
57
90
87
115
59
89
164
28
97
86
165
75
70
60
69
28
221
178
22
212
69
103
54
106
96
58
56
114
77
119
99
134
56
103
36
31
63
100
124
105
259
82
107
30
69
143
85
65
248
40
121
114
62
111
251
52
99
58
163
244
148
99
61
165
69
88
194
32
64
99
146
78
109
90
33
210
95
160
98
80
68
96
48
31
159
71
39
124
222
130
31
69
101
216
148
153
63
127
182
48
171
88
172
173
114
124
53
115
133
44
149
154
143
95
140
181
72
32
24
203
91
45
188
103
138
121
82
153
160
167
86
110
139
29
70
73
130
108
21
161
92
110
209
72
101
248
95
110
65
14
141
192
151
106
119
62
176
104
75
26
153
67
124
20
60
107
106
140
201
137
194
75
117
87
103
127
147
105
63
190
16
113
102
86
40
104
91
199
123
140
70
174
173
114
159
67
164
75
253
52
131
123
