157 295
83 52
707 7
652 416
72 558
286 5
608 497
756 320
504 180
593 233
422 117
12 409
10 420
661 740
782 218
29 102
524 249
551 591
188 80
195 503
296 374
61 696
73 15
503 767
461 311
416 240
5 645
141 50
209 100
654 471
256 509
459 70
33 233
760 26
521 82
382 263
193 40
27 245
379 617
334 631
753 626
197 463
40 554
372 151
449 386
413 407
615 529
688 317
752 737
11 475
391 763
323 257
78 334
71 640
378 633
718 638
176 728
332 263
502 25
664 94
763 146
777 15
234 534
494 221
705 310
761 686
521 518
217 752
750 481
200 261
753 132
604 313
410 529
590 691
233 126
433 87
379 371
705 472
141 74
427 388
392 533
132 161
587 264
202 513
513 485
396 184
422 756
651 100
441 649
593 131
81 37
271 262
295 352
374 245
181 338
289 205
542 588
601 524
691 85
587 205
642 654
143 460
701 320
724 543
116 204
184 375
283 664
202 395
607 668
278 695
306 138
627 284
102 270
302 333
688 670
587 496
107 632
3 444
169 184
127 797
9 635
571 698
298 390
390 770
444 350
273 736
69 675
575 457
699 616
81 272
649 307
25 202
372 792
401 444
405 647
346 651
690 65
736 269
631 243
66 119
744 446
212 646
770 131
484 792
14 268
571 628
799 722
324 596
257 800
126 404
724 87
359 605
308 751
19 114
102 589
228 86
135 187
640 145
675 771
175 800
764 529
348 430
62 421
268 643
729 778
367 695
341 302
471 442
279 788
715 789
493 577
128 3
601 498
424 258
420 232
275 562
69 38
570 576
283 425
60 504
643 71
37 219
788 737
380 463
89 138
464 253
591 268
768 221
300 707
456 264
197 427
256 294
276 334
177 625
325 286
298 27
201 4
247 18
413 485
401 581
449 237
320 574
743 292
297 564
549 44
172 80
742 620
337 610
620 349
309 340
640 405
502 682
545 489
60 51
597 388
684 524
244 498
573 505
637 71
137 391
320 455
195 8
627 638
689 492
326 549
502 222
746 773
308 510
768 561
409 749
250 620
465 116
416 359
277 344
338 621
137 336
74 454
630 457
33 106
161 608
286 772
778 719
617 375
259 430
28 739
181 618
38 441
20 685
389 792
460 612
642 660
364 26
749 172
721 161
240 109
799 675
195 632
504 257
244 68
191 418
658 249
133 738
527 213
309 106
306 590
552 159
387 113
104 259
207 383
431 561
797 1
92 274
364 368
607 720
530 719
346 765
515 374
106 548
120 53
39 88
246 261
295 103
459 139
2 663
497 229
116 20
661 115
290 136
701 22
150 476
669 321
8 11
37 194
367 501
386 448
758 549
240 528
23 102
506 305
231 575
468 72
795 276
375 767
707 346
64 792
341 102
348 3
45 184
381 312
242 364
666 785
682 232
776 736
255 543
126 690
403 680
302 65
322 14
650 357
688 624
311 596
346 294
282 200
776 223
290 173
109 670
583 755
420 210
185 431
82 233
642 16
413 633
39 329
573 786
459 425
156 24
74 379
238 709
319 745
251 482
792 264
699 630
793 156
776 389
608 480
310 670
136 243
164 265
326 717
585 291
463 644
340 713
655 788
771 82
640 275
14 445
359 450
149 300
454 655
104 777
40 364
360 551
189 240
261 204
391 150
711 284
71 62
253 231
172 279
387 229
590 142
395 364
287 430
686 644
491 541
341 389
269 439
428 373
383 775
763 259
133 280
554 35
405 326
399 522
536 354
553 748
90 79
184 701
575 433
787 598
350 518
126 293
760 168
450 708
139 66
261 786
654 431
395 76
686 204
25 12
220 293
377 382
266 305
13 250
30 83
101 149
184 307
141 230
256 299
137 323
253 286
175 264
134 350
201 361
103 206
325 387
331 350
203 320
100 145
263 305
88 249
137 379
23 333
9 262
111 186
100 108
46 215
0 391
23 274
125 338
45 79
4 179
6 115
19 339
5 306
209 272
53 325
314 387
40 389
33 136
93 321
100 114
255 389
25 35
139 238
242 388
29 115
63 200
293 383
136 288
291 399
248 378
273 385
92 113
168 275
27 221
163 320
364 397
28 36
368 380
175 201
91 191
193 299
117 246
41 107
160 389
63 257
40 65
162 355
106 230
341 373
108 250
72 199
224 361
71 354
237 396
122 178
165 315
68 295
81 139
185 257
122 192
104 184
97 344
213 366
49 246
74 287
56 337
166 308
53 283
64 102
16 82
137 340
313 339
113 166
62 296
36 155
249 269
274 326
234 264
35 382
136 330
71 111
253 342
287 324
300 397
203 296
199 249
109 351
27 386
83 299
101 259
122 372
362 368
49 179
70 142
6 217
183 293
191 233
182 226
180 288
192 194
10 75
21 120
66 170
172 388
129 181
39 345
135 315
70 342
76 79
48 158
32 37
128 341
105 149
14 60
201 234
247 283
175 203
1 278
70 252
77 396
41 339
29 172
40 55
74 110
29 210
59 330
3 344
116 154
345 348
34 204
258 316
92 309
112 267
124 276
170 177
38 151
85 282
16 298
181 267
116 314
72 183
63 327
46 172
105 328
185 298
296 339
331 358
5 196
230 256
14 392
258 281
301 323
28 78
10 364
163 264
6 46
52 332
47 290
159 395
183 198
248 275
59 98
103 319
9 111
137 365
2 288
269 383
173 369
67 168
52 235
194 233
116 247
0 347
316 317
38 315
157 370
311 398
9 260
152 275
24 382
206 341
124 377
165 338
102 343
154 239
26 283
98 180
157 218
211 274
21 304
240 275
17 170
151 361
14 379
260 365
104 346
87 218
251 316
81 118
7 379
191 192
91 322
93 173
161 220
158 226
49 236
30 313
242 396
1 176
218 381
126 325
338 378
41 289
27 335
311 365
131 292
142 252
4 49
97 212
19 41
303 318
210 318
70 98
44 276
229 378
12 117
178 339
108 114
266 282
102 290
14 342
362 367
104 329
4 120
152 348
152 351
73 100
191 194
265 370
45 232
80 269
184 292
19 296
73 274
42 154
133 198
79 133
169 352
184 238
103 128
54 358
16 63
69 91
88 211
276 384
267 329
2 330
154 277
15 279
11 49
280 363
193 230
86 393
65 255
366 399
305 317
71 349
169 241
281 287
214 318
38 135
26 244
371 375
48 312
130 138
342 392
184 386
131 307
171 335
290 318
107 309
225 265
170 249
134 165
1 27
319 341
346 380
50 275
282 364
76 232
29 46
244 283
206 389
223 396
1 394
2 98
213 386
23 86
33 288
36 394
47 102
80 199
357 368
55 373
65 182
41 190
252 323
245 256
101 236
275 351
336 360
224 264
218 330
302 351
219 328
322 324
21 26
168 338
193 314
146 226
174 284
122 243
7 102
78 278
90 366
7 340
117 355
45 272
122 309
69 368
222 250
80 361
178 243
46 217
137 311
290 365
79 334
64 137
229 393
81 346
61 270
44 334
39 207
205 335
208 242
193 239
80 383
88 134
61 288
16 262
0 362
126 283
82 354
225 284
187 253
142 150
115 388
73 145
210 242
148 240
164 182
90 171
112 329
52 112
60 342
392 398
129 329
254 263
40 241
20 113
22 278
76 161
224 320
129 144
163 345
224 390
208 290
314 325
16 349
74 281
36 205
140 396
92 122
68 77
99 370
130 365
141 239
201 227
329 346
26 120
127 212
283 325
123 248
109 345
105 107
97 217
204 381
270 353
77 215
206 373
268 328
7 303
106 345
14 340
105 259
95 367
197 316
139 297
213 238
6 215
122 375
272 377
139 366
77 103
125 148
8 262
39 201
114 128
322 367
181 307
280 322
195 317
120 126
156 184
0 357
285 335
171 221
130 354
273 274
16 189
91 367
67 159
24 185
85 93
123 338
69 357
83 339
239 277
2 270
80 293
141 387
234 345
32 307
50 302
19 30
163 337
297 366
11 236
58 75
70 253
42 179
18 28
60 353
311 354
102 303
40 373
113 321
59 157
65 146
155 205
232 382
135 147
206 255
282 300
15 238
8 16
31 204
99 186
87 180
35 173
74 155
250 273
302 348
239 299
12 355
79 232
60 187
305 364
14 137
39 264
110 263
198 383
135 207
20 376
287 305
118 362
22 171
266 397
332 336
55 319
21 359
67 148
281 305
111 260
154 193
181 329
28 155
10 282
137 202
205 394
26 126
1 22
254 287
271 346
119 304
308 371
148 168
127 172
17 177
135 351
175 313
238 279
20 92
264 320
261 359
141 256
51 321
97 172
14 187
63 174
87 98
217 344
86 143
5 317
103 215
5 251
57 91
13 352
134 249
150 253
56 141
34 58
97 127
64 290
263 316
144 181
271 357
210 214
187 342
165 351
211 350
15 153
143 229
111 138
67 240
2 136
280 367
114 206
124 334
7 343
213 297
87 89
157 398
18 394
15 386
99 265
300 381
139 307
96 374
315 350
130 208
246 360
210 396
2 33
0 380
24 257
261 304
100 128
13 310
89 286
68 343
45 183
26 247
232 308
63 262
260 311
263 287
271 391
176 213
162 179
158 312
68 103
103 389
19 216
215 295
18 78
145 177
64 130
84 115
87 150
12 49
33 353
165 345
216 376
91 95
29 215
151 264
91 280
6 172
161 356
27 36
3 214
195 281
92 192
262 284
48 65
257 284
8 282
274 385
293 356
32 329
25 173
281 324
21 116
162 336
166 194
299 313
175 299
71 242
158 352
235 368
216 296
137 187
211 393
73 108
1 366
20 178
324 363
127 388
54 135
30 62
241 255
188 351
72 198
206 295
81 184
22 386
259 268
108 273
45 167
149 259
68 228
213 278
125 240
17 96
186 349
277 289
93 194
47 111
35 321
147 151
227 293
74 324
301 379
354 365
245 387
115 344
24 298
55 114
30 216
95 110
79 371
141 163
169 226
272 382
31 75
36 221
51 194
110 363
119 159
127 217
146 255
171 278
338 348
164 226
25 93
287 322
182 312
165 348
8 257
229 275
212 388
108 385
276 298
286 370
71 130
59 286
14 301
293 294
267 380
296 313
32 292
231 266
173 327
232 272
53 247
372 375
64 365
27 205
67 125
18 74
20 233
271 329
330 381
38 331
273 326
346 368
65 114
260 398
52 336
94 235
73 250
12 236
217 388
50 248
150 353
205 258
185 189
95 280
25 189
82 186
21 244
10 305
230 264
143 274
179 236
203 299
21 325
34 282
280 362
112 346
34 231
136 180
176 278
129 380
13 326
113 309
95 363
81 156
38 234
86 378
3 242
134 358
171 285
99 262
235 391
139 279
113 233
194 308
167 334
115 217
323 340
106 135
89 370
296 299
20 192
52 391
87 157
111 290
112 271
91 194
108 145
226 310
195 316
165 188
18 254
216 313
357 380
251 317
69 367
126 244
88 315
65 226
203 264
138 311
244 359
133 334
95 324
202 301
54 207
110 324
229 248
135 331
65 312
219 259
100 341
161 272
66 374
14 252
238 297
202 303
190 243
76 382
135 151
107 190
100 273
180 286
35 194
150 286
10 266
78 205
42 53
25 174
6 127
176 366
72 390
259 328
74 258
35 327
77 140
346 357
267 346
31 58
66 177
332 360
149 219
25 200
306 316
84 374
175 296
27 285
164 312
114 319
245 299
67 337
159 359
137 301
141 337
95 287
135 345
96 177
100 373
290 354
125 152
269 374
153 184
16 186
201 390
39 147
254 258
358 393
60 150
223 237
112 380
35 166
279 297
7 47
29 237
204 218
197 258
201 203
98 286
183 390
46 97
4 42
22 285
9 186
64 303
153 297
82 138
200 225
54 331
326 385
164 352
220 243
356 375
143 385
11 246
240 338
151 207
37 131
57 93
45 356
89 265
57 194
34 75
158 273
210 237
125 395
123 275
41 328
55 206
119 359
116 256
175 320
39 320
9 138
292 329
1 213
145 222
128 250
69 347
0 368
67 395
232 377
60 253
57 321
68 223
37 292
156 329
13 158
164 169
168 395
10 43
140 343
338 395
27 90
98 288
138 349
195 258
386 394
263 281
106 348
209 233
78 386
261 314
50 123
114 250
56 387
324 367
115 212
32 181
141 245
83 313
222 319
54 151
50 378
172 212
146 241
101 328
21 53
109 188
56 67
51 91
315 331
44 79
161 183
62 313
256 387
185 200
76 371
220 356
73 273
213 399
156 362
9 354
302 378
158 164
212 344
124 371
67 387
24 124
68 215
151 224
350 358
84 217
75 364
147 320
267 347
129 332
208 214
103 160
132 378
133 183
9 99
62 203
58 204
279 386
326 333
147 361
40 341
174 185
22 399
298 384
40 295
19 101
189 284
147 175
118 156
102 365
310 352
5 316
6 237
48 255
34 300
35 51
162 360
220 372
207 264
226 241
116 277
109 152
117 236
189 200
35 308
117 162
128 206
170 374
153 279
248 338
182 255
287 316
18 155
139 386
155 197
0 69
105 235
130 186
45 334
65 206
71 82
45 133
146 312
112 357
23 385
260 290
132 275
128 228
243 339
151 234
244 304
20 209
339 372
72 80
149 328
104 156
107 219
276 334
70 150
133 167
62 339
29 77
12 360
138 260
208 349
58 231
272 375
233 309
253 398
44 377
56 261
53 154
79 272
238 386
87 136
179 277
73 326
111 208
72 383
9 349
103 295
117 360
160 215
261 325
132 248
293 361
115 237
158 169
166 209
122 161
78 335
164 310
4 154
121 385
21 247
9 82
20 309
106 163
32 131
287 363
361 383
17 145
27 196
3 208
161 178
306 397
23 326
37 181
209 375
69 280
78 285
149 162
146 182
149 235
172 217
183 383
250 319
38 207
203 313
41 216
109 125
30 227
47 64
82 111
113 191
166 321
31 266
47 130
142 392
222 341
20 372
130 260
90 291
2 61
235 380
220 227
162 219
64 202
108 373
361 390
105 357
29 68
94 368
29 396
159 261
192 309
42 49
275 338
127 237
240 348
47 354
34 265
43 364
72 269
242 318
111 349
135 348
68 160
161 372
347 380
290 303
243 372
157 180
94 268
30 175
44 76
239 256
162 246
109 338
187 301
346 347
267 271
131 153
90 285
9 16
118 346
87 370
201 207
333 385
12 162
113 209
210 388
152 168
1 78
201 224
183 294
263 324
189 298
188 337
147 224
140 160
120 283
126 261
25 85
193 387
244 247
165 229
278 366
149 236
16 284
84 212
74 254
214 396
0 94
46 177
220 294
97 177
278 335
132 229
185 284
3 77
37 271
139 153
186 354
211 358
173 174
338 351
43 305
98 157
196 221
32 129
109 163
136 150
147 207
90 278
0 267
208 384
237 344
371 377
117 179
22 366
146 164
151 331
32 271
18 36
47 365
96 170
73 385
5 258
31 282
113 194
229 302
130 318
268 309
75 397
285 366
136 353
10 300
228 295
26 42
22 90
174 200
194 209
49 117
121 250
335 394
236 336
176 399
131 181
116 239
125 348
314 359
347 368
215 223
243 259
123 132
43 397
207 234
147 203
11 162
147 201
202 365
72 361
190 328
301 340
38 199
133 356
16 185
140 223
365 379
175 227
131 144
39 151
64 379
109 337
100 250
153 238
274 333
36 258
198 293
51 322
48 164
82 349
119 314
135 165
53 126
21 314
315 358
31 231
239 325
70 353
173 200
279 366
10 231
13 114
195 251
347 391
127 214
85 369
189 225
152 395
346 362
3 318
238 366
260 354
128 319
87 330
138 186
218 286
350 393
5 197
7 137
98 150
8 284
336 355
36 335
25 327
112 347
59 87
110 254
34 381
142 342
195 197
126 314
70 187
307 329
19 289
45 294
106 337
187 379
200 284
18 258
52 360
116 245
4 53
246 336
44 45
120 247
40 255
214 388
230 299
3 210
97 237
106 188
148 159
83 289
225 257
180 330
123 302
65 373
52 271
175 224
116 193
65 241
349 354
110 316
346 391
110 281
25 63
200 327
50 351
30 299
272 308
94 309
192 233
86 229
18 221
275 348
134 331
219 336
93 369
175 230
45 377
194 321
10 397
232 371
304 359
348 351
180 218
183 220
142 253
121 273
90 176
227 390
200 257
30 296
267 391
81 104
59 150
56 359
62 83
288 330
318 396
178 376
89 218
54 315
37 307
197 221
357 391
252 253
47 202
131 329
98 218
271 332
68 140
308 382
20 122
285 394
42 277
121 274
224 227
53 314
90 213
275 302
92 375
14 323
347 357
243 376
6 344
326 352
50 86
66 115
88 393
101 289
1 90
196 335
37 144
64 318
158 310
97 115
56 314
11 360
116 126
136 286
187 392
1 279
94 107
362 380
134 135
239 245
200 369
0 235
106 141
107 268
84 127
261 387
96 249
178 375
43 266
45 371
93 174
88 350
219 268
185 327
138 354
6 212
75 282
66 212
41 83
4 277
95 322
214 242
46 115
104 118
66 217
16 225
192 209
235 357
105 219
349 384
44 167
198 294
39 234
130 349
55 128
110 322
152 188
59 180
334 377
55 250
151 320
195 306
30 203
169 182
51 93
18 27
39 135
126 247
114 341
190 268
125 168
0 346
249 358
27 171
43 85
71 186
152 302
196 197
206 319
305 316
22 291
203 224
323 379
11 12
102 202
0 112
252 392
94 105
105 268
39 54
152 338
188 338
179 355
58 300
94 219
61 353
51 95
133 371
20 243
85 327
38 147
247 325
254 281
155 254
157 286
51 369
84 167
113 122
93 327
172 344
46 344
48 226
11 336
36 196
38 39
52 129
125 188
58 381
190 219
236 246
100 222
25 185
10 85
249 331
253 392
41 101
35 57
139 213
148 395
198 390
249 374
156 346
24 173
216 339
347 362
63 225
35 369
85 364
189 327
222 373
24 232
40 128
199 361
219 235
77 223
133 161
86 302
176 291
185 225
55 100
83 296
44 371
152 240
8 265
266 364
161 375
187 340
36 197
45 124
83 216
108 121
212 217
127 344
191 367
98 136
133 294
337 387
75 300
270 288
10 31
67 119
342 353
23 393
121 326
130 290
98 353
102 318
31 397
87 286
42 120
278 386
29 344
308 321
43 327
170 350
303 343
22 213
383 390
136 218
27 78
121 211
289 328
69 362
160 295
339 376
250 341
89 157
51 57
109 348
92 209
121 145
294 356
368 391
231 300
40 114
21 261
31 300
21 126
5 195
49 355
227 313
48 146
123 229
75 266
15 213
248 302
171 196
155 258
80 198
22 176
18 335
190 259
237 388
344 396
93 166
199 331
73 222
11 117
29 223
88 358
163 230
272 371
75 231
173 189
202 340
71 290
252 342
103 223
148 152
62 216
61 150
174 369
60 70
40 319
170 269
91 363
60 142
79 377
6 29
201 264
201 320
44 124
302 338
57 166
250 373
40 228
4 116
113 375
57 369
21 283
105 190
142 353
129 267
76 272
69 346
38 54
149 336
55 341
122 376
59 136
7 202
96 145
107 259
86 132
60 392
187 252
100 319
225 262
154 325
18 205
169 310
151 201
371 382
208 210
271 380
122 233
60 252
73 121
55 389
160 228
255 312
80 390
71 384
234 320
134 315
231 282
48 182
112 129
108 222
174 189
193 256
112 391
104 271
63 189
14 142
35 174
48 241
15 184
240 395
76 375
13 73
129 271
380 391
188 348
178 220
53 116
372 376
162 236
66 97
106 109
191 280
69 191
47 318
28 254
9 265
203 227
182 241
141 193
164 241
62 299
209 321
273 333
193 245
110 305
230 245
71 318
63 185
208 318
63 284
3 396
45 76
269 361
206 228
30 339
33 61
204 300
292 307
59 288
213 291
211 385
295 389
115 172
59 89
86 248
32 144
70 392
71 214
115 127
327 369
322 363
20 375
105 309
249 350
176 386
333 352
107 243
1 386
53 120
177 217
134 151
28 205
67 261
174 327
226 312
267 357
111 130
124 232
90 386
363 367
17 66
251 306
33 98
76 377
275 378
176 285
89 204
103 228
28 74
54 234
57 308
7 64
281 316
114 222
94 357
122 209
16 99
147 264
78 394
56 159
43 110
37 129
12 246
89 99
35 93
186 260
205 278
163 256
207 320
50 229
66 84
38 134
54 165
7 301
15 297
33 150
6 97
236 355
104 267
92 166
212 374
26 53
19 83
355 360
278 394
161 294
129 391
129 346
329 380
47 303
183 356
3 237
251 305
62 175
78 81
263 317
33 270
199 383
179 246
315 393
273 310
85 174
89 180
3 29
228 389
102 137
123 378
41 259
198 356
176 279
262 265
2 150
47 137
13 169
345 351
99 138
125 351
151 199
122 220
128 373
59 218
92 233
90 399
27 278
85 266
214 384
188 240
293 390
66 96
306 317
17 374
54 199
125 337
132 302
188 345
181 292
147 234
116 325
1 285
77 237
124 382
27 394
86 123
113 192
366 386
323 392
305 397
257 298
48 169
16 257
173 185
79 167
340 379
199 269
246 355
220 376
23 143
19 62
144 332
24 189
56 119
344 388
111 354
189 257
144 329
303 365
187 323
172 237
257 262
107 328
258 263
77 160
155 281
11 355
278 285
327 364
18 197
40 206
178 372
319 373
114 373
72 293
49 162
56 325
190 289
207 224
243 268
37 329
139 184
15 139
13 164
110 287
104 112
44 232
51 166
197 317
8 225
76 308
135 234
138 398
39 106
202 379
213 279
7 365
119 261
251 397
150 288
101 190
203 207
88 331
54 88
168 240
216 227
241 312
133 293
252 398
31 34
28 258
102 130
50 132
71 208
15 366
82 99
25 369
79 124
17 97
221 335
13 273
8 231
80 224
55 65
8 63
169 312
54 134
101
76
56
99
162
149
155
105
150
106
209
111
106
99
187
157
110
36
132
39
76
42
120
91
74
111
140
45
111
94
48
102
28
112
119
144
139
163
74
175
99
120
165
66
82
102
143
108
59
51
39
47
116
27
90
155
153
136
166
55
101
69
141
98
174
172
111
87
127
74
56
46
127
99
89
47
97
78
153
125
70
89
95
100
39
75
107
79
65
138
24
141
69
156
107
13
171
95
93
129
200
110
67
112
67
128
141
81
98
117
153
139
68
124
107
49
49
46
82
111
140
184
94
135
100
111
123
95
141
131
54
198
32
27
81
189
121
58
61
37
92
189
77
172
81
137
177
121
127
71
83
56
98
84
32
110
136
35
100
134
182
105
206
142
59
89
85
107
138
87
64
156
170
76
89
84
173
47
50
54
234
114
89
36
89
106
57
17
57
113
207
78
92
267
60
127
175
108
84
159
76
168
63
47
70
238
106
24
67
104
58
246
76
144
138
57
159
73
66
165
65
99
98
148
98
38
128
154
72
160
41
265
92
99
116
52
72
23
94
130
151
90
150
77
216
93
75
29
145
118
140
49
114
83
135
252
72
68
65
188
78
126
68
153
111
66
89
109
93
111
157
128
153
117
115
157
82
77
74
106
22
129
98
164
151
74
204
149
48
102
97
152
130
149
84
51
111
57
114
37
48
72
110
92
130
150
79
30
85
58
185
111
143
167
96
148
172
143
105
176
92
64
26
137
67
89
78
63
108
20
171
132
56
111
161
123
152
63
121
115
136
126
156
140
58
48
32
124
12
75
142
74
81
109
30
93
109
164
117
99
118
141
29
109
31
104
48
26
39
86
131
63
84
69
149
14
147
95
156
180
95
115
110
147
42
158
44
175
106
207
182
46
91
94
99
138
94
90
111
42
152
141
77
271
78
99
87
95
118
77
157
33
124
281
37
114
68
48
10
204
97
92
77
124
46
137
80
77
202
119
89
139
69
119
113
170
144
64
118
75
108
100
202
66
141
194
24
96
85
41
227
72
42
159
134
167
149
123
80
218
216
103
108
73
95
48
71
192
152
228
122
72
96
33
112
116
77
186
142
64
97
84
63
79
144
90
8
122
107
149
31
95
104
146
83
207
43
69
90
135
86
103
60
44
53
121
145
70
86
66
122
68
184
157
93
109
147
134
65
92
52
95
207
46
83
72
118
146
26
100
38
183
60
39
37
24
66
34
99
32
21
165
123
126
103
68
45
108
159
74
155
133
259
74
80
48
108
95
126
132
91
70
103
46
196
101
194
126
56
147
127
127
131
138
107
149
86
70
196
204
149
92
149
144
33
110
61
102
260
110
54
83
251
95
110
81
45
72
95
107
46
207
143
134
188
126
206
135
55
125
95
185
159
83
107
166
168
83
106
25
9
64
141
69
187
29
98
62
44
111
52
56
121
58
116
209
106
64
62
129
124
45
95
58
125
118
71
34
134
103
50
69
57
132
91
126
154
99
90
60
115
82
81
225
78
63
13
60
246
137
180
115
61
178
197
104
101
235
66
117
95
41
168
64
83
92
121
54
48
61
129
100
105
59
67
75
37
106
161
35
95
186
193
77
165
210
148
128
36
125
122
78
23
104
214
99
111
163
200
68
105
95
152
92
95
121
39
51
151
128
154
87
131
124
185
173
49
91
187
23
185
76
14
88
204
165
194
112
161
81
223
107
92
161
87
99
103
130
171
73
30
119
71
118
74
28
83
77
59
60
157
31
41
121
153
28
63
134
165
128
126
22
145
57
123
101
147
179
109
26
118
146
86
119
165
43
138
170
86
58
147
56
43
139
131
66
139
125
138
72
97
16
121
73
106
51
49
165
128
152
189
67
68
97
11
84
26
147
19
61
195
128
74
102
151
119
94
28
55
225
120
58
75
127
111
194
138
195
157
78
148
49
90
51
61
49
186
119
151
108
41
93
95
147
161
62
83
45
104
74
116
127
67
45
66
44
81
46
64
107
39
102
83
48
80
110
70
142
139
110
100
37
94
70
138
77
43
161
132
133
124
68
61
51
70
236
53
77
99
133
26
152
77
105
59
153
28
89
74
183
135
184
60
23
38
172
184
128
70
180
107
164
57
31
200
77
130
147
10
89
30
89
51
45
71
96
117
72
41
131
56
122
106
45
126
131
83
26
115
65
160
53
42
93
96
65
205
66
23
122
71
132
163
54
186
86
42
133
123
29
74
77
106
86
60
41
47
171
85
74
45
102
99
114
123
156
184
72
152
65
74
45
18
128
101
172
74
155
67
76
39
121
101
107
130
71
137
157
80
83
58
96
76
180
112
123
194
83
150
74
78
144
82
86
64
112
73
204
95
95
102
70
65
87
166
35
155
74
188
183
137
144
108
133
138
50
149
171
49
103
162
46
130
113
119
97
145
106
120
92
26
69
69
205
158
198
47
126
92
109
116
76
78
157
66
60
93
83
117
38
91
146
64
76
128
208
149
261
200
73
107
111
110
124
49
145
84
166
88
74
96
140
81
131
30
95
101
15
233
92
48
105
167
111
177
108
99
124
81
46
141
97
195
280
175
55
199
51
88
76
56
79
157
213
35
46
50
50
118
140
77
40
98
74
100
150
78
167
85
63
85
80
72
21
222
64
165
75
162
112
48
52
11
119
68
174
28
40
129
133
63
84
197
32
106
85
194
148
178
148
179
69
61
44
142
70
157
190
137
97
84
108
140
156
138
120
93
52
84
78
84
13
178
127
112
25
104
106
215
53
58
173
68
158
101
185
102
97
127
168
174
133
126
59
144
89
45
157
100
169
42
131
55
29
151
41
234
52
219
120
57
120
100
164
44
92
192
49
115
29
109
109
49
93
105
37
18
117
64
79
192
100
112
121
81
138
48
13
32
199
138
78
189
118
62
260
143
77
185
168
72
118
113
47
81
122
98
89
59
100
132
90
78
99
121
99
52
35
103
58
81
178
61
114
92
139
149
117
50
133
37
130
169
84
71
91
105
148
75
118
71
49
68
155
139
78
233
212
57
83
191
107
100
35
206
123
202
176
46
153
42
142
181
152
137
100
161
185
122
75
146
46
189
98
64
148
22
23
113
54
43
190
54
69
102
65
129
37
123
33
8
178
60
89
34
47
124
38
114
56
118
162
114
154
139
36
162
124
147
101
33
73
67
193
97
207
99
67
19
149
161
103
67
112
46
70
128
16
69
26
26
132
48
146
79
44
17
137
31
105
51
49
71
139
154
146
156
58
157
103
113
57
84
123
109
14
130
164
239
183
71
76
62
59
147
113
48
133
61
47
127
72
27
60
113
126
132
55
102
51
136
209
144
113
19
121
43
187
103
87
159
97
50
129
170
186
75
101
62
126
92
127
73
75
90
71
104
136
165
52
90
150
71
76
110
22
55
85
12
65
39
51
31
54
101
74
127
199
123
189
189
47
176
109
163
29
107
133
68
80
122
41
69
86
97
93
91
80
114
68
91
109
35
75
178
146
78
100
69
190
37
197
143
158
194
50
94
17
80
45
191
116
72
131
82
152
68
130
143
89
142
79
69
62
84
77
57
49
66
132
116
96
124
54
61
112
21
45
118
59
215
159
170
107
210
69
70
108
168
113
30
135
48
77
73
133
116
209
106
140
75
49
113
162
47
41
85
150
90
22
113
25
167
67
114
90
111
107
10
64
58
64
172
82
38
140
147
73
145
46
113
29
104
13
167
77
121
133
179
96
102
26
47
35
102
98
161
124
89
79
193
54
155
99
23
92
136
85
47
28
143
36
32
83
75
108
81
146
111
183
158
135
115
78
64
30
178
40
171
56
58
110
59
133
41
163
22
83
78
81
203
37
54
96
76
116
59
130
84
45
134
64
157
129
92
65
88
69
55
39
46
63
44
76
199
74
104
72
94
170
31
79
158
13
35
60
90
78
54
71
213
79
46
104
89
37
194
99
38
70
155
110
133
146
9
149
127
80
54
65
11
41
150
107
149
77
38
228
15
113
172
123
105
29
185
57
42
69
83
49
52
33
106
130
90
74
151
116
62
100
164
105
89
95
64
57
118
62
43
109
55
190
78
118
70
40
141
158
79
60
126
93
119
74
160
128
134
85
48
13
112
111
98
88
210
34
171
66
163
56
54
54
111
126
109
13
122
74
78
144
140
202
84
24
162
54
111
127
134
71
57
37
110
105
69
146
121
87
169
173
72
187
149
94
87
86
135
10
48
176
158
155
155
81
193
102
62
189
56
71
42
75
36
91
38
90
198
75
55
128
78
210
144
83
51
87
33
38
104
62
165
135
26
101
54
47
80
67
49
105
34
94
174
41
38
43
91
73
100
189
135
106
141
19
134
79
181
11
95
148
78
171
98
173
107
46
71
129
31
17
44
33
144
130
144
171
107
200
137
64
70
131
34
160
116
52
165
100
136
39
190
105
52
93
62
157
104
128
81
61
58
133
22
142
24
134
73
112
86
127
41
79
101
83
35
49
223
114
105
114
141
166
52
152
44
