201 96
332 705
375 704
537 308
594 68
11 110
378 587
680 148
607 562
664 698
184 560
517 360
211 688
597 717
769 169
787 491
700 343
84 596
608 792
261 169
161 113
481 275
361 495
723 351
226 21
169 329
122 644
512 234
481 292
461 392
532 268
551 767
511 631
322 402
113 501
586 475
389 287
599 610
93 505
349 435
262 400
19 493
719 516
164 457
726 768
318 710
277 705
749 168
796 82
136 358
709 739
448 297
221 106
732 146
575 712
324 328
159 519
23 336
456 440
160 107
459 46
636 259
237 18
796 490
409 763
797 182
520 478
753 308
766 215
745 305
321 171
534 253
532 490
389 797
782 728
502 25
373 326
292 411
438 351
447 760
616 605
642 671
660 151
195 615
551 8
100 371
643 281
615 142
216 411
280 254
213 479
47 655
86 584
523 149
266 583
469 114
507 228
502 39
114 196
296 767
282 450
583 467
327 688
697 360
370 562
757 313
96 753
618 442
674 146
782 251
541 250
356 570
356 453
690 477
56 775
743 600
771 505
569 40
415 138
211 147
304 24
426 733
199 468
626 510
456 309
269 445
573 49
272 178
238 566
249 275
636 127
264 293
299 122
293 509
586 268
444 255
378 567
483 586
98 790
257 211
741 341
642 542
612 420
468 511
549 599
473 10
207 467
100 742
32 655
296 794
124 690
454 532
167 415
663 290
709 149
670 335
563 588
459 591
152 123
439 145
665 619
219 193
86 154
784 531
285 742
451 589
153 796
365 713
548 251
431 707
318 164
141 581
781 315
728 727
12 241
105 703
264 90
575 725
299 784
775 641
484 251
155 609
112 320
257 389
101 589
13 423
115 113
564 353
329 548
558 446
613 470
168 613
59 455
444 18
67 177
219 337
394 627
466 728
448 44
616 31
771 368
514 509
490 259
265 59
747 334
257 758
355 52
312 567
378 49
631 452
114 292
145 4
381 690
80 361
127 373
119 2
654 616
535 146
323 347
268 433
561 728
184 36
152 682
76 450
569 729
364 199
551 303
330 497
230 47
229 165
509 173
64 783
26 599
380 614
542 172
689 455
416 376
650 558
524 75
749 598
284 717
615 374
647 490
250 285
166 626
169 791
288 273
649 158
436 650
508 261
678 523
432 768
75 283
226 29
460 429
99 295
634 95
373 391
211 567
467 203
129 726
580 650
724 11
684 373
701 178
593 2
546 463
457 449
694 751
277 31
48 779
590 47
619 294
110 773
119 549
374 23
606 180
153 139
464 412
96 94
27 475
797 653
692 44
178 287
113 337
684 614
417 184
175 667
179 467
61 729
60 120
678 189
791 301
784 28
337 180
282 568
737 561
79 633
305 86
28 691
179 115
120 331
484 14
134 117
87 370
626 400
714 310
203 266
703 413
75 390
604 174
555 638
541 216
443 585
592 706
454 408
51 123
744 295
608 329
795 88
305 275
545 343
705 604
126 293
570 783
109 659
589 776
758 532
229 92
613 700
594 283
270 63
249 623
674 445
448 141
498 654
87 789
270 146
731 2
45 510
15 233
231 599
660 161
439 394
177 225
530 156
373 424
533 649
108 746
344 453
451 329
588 217
714 438
575 655
659 211
211 94
738 203
122 579
619 562
779 537
8 401
662 502
452 68
222 302
681 41
88 639
758 481
502 135
617 799
739 800
275 478
119 43
280 679
447 63
282 517
230 181
274 510
759 561
638 460
348 384
20 275
208 280
710 749
266 389
207 112
584 26
677 574
127 701
704 70
274 209
185 114
414 73
386 595
191 62
456 245
146 485
447 74
589 623
128 380
728 354
88 183
200 399
20 390
13 353
291 354
34 192
133 295
167 212
144 397
283 381
37 397
199 364
107 190
31 326
53 68
22 112
269 331
268 368
203 228
21 96
250 327
368 369
132 294
31 224
78 350
43 152
278 343
284 398
60 95
14 65
281 377
267 343
83 258
191 341
37 160
7 342
213 284
236 350
112 227
104 136
141 358
21 27
213 309
104 111
363 381
85 309
25 182
137 143
137 313
42 163
166 348
139 229
122 146
28 51
156 358
2 64
19 139
16 308
51 394
126 271
10 274
90 395
82 87
6 136
107 209
301 323
49 182
256 342
171 181
249 394
53 291
297 325
184 191
13 314
255 340
13 329
306 399
11 315
42 296
125 376
158 384
141 237
202 249
255 380
66 266
112 379
158 300
164 205
41 360
227 370
14 68
158 303
107 266
179 322
9 74
181 258
114 336
44 268
149 240
50 369
161 337
243 283
172 204
314 353
75 145
252 340
137 144
256 282
159 259
58 315
22 346
186 371
125 370
338 388
222 287
222 325
45 149
346 349
40 183
87 247
56 90
96 234
221 371
207 295
53 264
288 395
267 278
105 399
168 312
12 83
145 193
124 180
27 180
44 369
68 356
88 122
150 365
181 184
211 393
119 384
95 118
21 30
59 303
272 318
70 127
154 291
67 204
62 269
17 365
49 323
0 328
32 347
152 395
177 329
38 274
66 189
220 329
45 164
291 356
70 170
78 315
336 348
173 179
9 160
273 348
324 368
117 238
29 254
260 273
99 205
114 273
138 273
283 363
47 291
35 107
237 386
226 330
49 214
20 303
142 209
10 258
279 303
21 124
43 288
220 326
106 114
26 287
15 327
48 53
113 209
312 351
223 339
236 343
13 54
36 124
147 150
239 327
308 352
12 46
42 250
4 364
170 337
190 266
241 318
277 303
145 373
159 334
231 289
227 374
154 342
25 381
107 142
279 371
43 88
59 186
61 86
89 246
83 244
67 105
120 269
170 225
196 392
234 276
18 324
206 331
135 394
187 241
94 188
128 374
195 283
129 320
60 362
329 353
264 356
188 376
82 154
190 333
23 308
13 368
130 247
9 13
27 249
293 388
300 390
19 119
37 156
217 367
132 170
95 198
160 216
67 306
12 332
193 391
342 354
248 335
259 334
245 273
97 396
4 126
94 128
59 277
17 92
198 362
109 172
95 238
7 247
175 222
30 202
113 333
166 273
213 214
147 175
176 203
55 218
237 322
108 291
182 214
250 386
175 365
332 341
210 284
252 301
280 339
164 240
182 252
67 69
66 267
142 190
110 134
32 157
24 203
110 168
305 378
31 368
222 260
63 327
54 261
60 145
327 359
239 322
89 320
108 256
137 165
40 88
26 325
123 209
247 256
123 141
173 382
163 366
77 349
181 341
26 297
96 202
19 127
237 285
41 192
4 199
47 48
79 167
153 306
81 160
324 326
236 379
308 399
186 290
160 386
119 390
188 392
131 381
64 121
270 273
237 358
209 242
300 355
220 324
230 367
56 122
34 56
327 366
82 108
128 258
35 72
6 104
153 318
42 327
21 249
150 260
77 370
74 369
112 349
57 174
238 271
211 371
101 190
186 303
34 339
49 152
204 292
57 340
50 382
151 313
262 364
80 285
362 391
54 329
283 307
24 215
188 207
29 267
177 353
103 308
16 140
205 372
54 220
45 167
164 167
140 306
169 212
122 152
47 65
34 280
5 162
83 181
51 350
369 382
7 354
29 236
170 389
189 201
85 301
26 150
137 335
2 167
3 28
184 365
27 259
116 327
144 311
36 51
47 319
14 154
158 290
95 396
55 76
140 172
263 308
179 239
44 382
175 348
67 292
214 309
253 269
257 346
89 243
80 141
18 177
43 90
72 101
124 350
129 195
85 182
148 232
213 301
231 348
355 384
69 172
164 372
322 377
136 313
98 277
111 207
98 344
314 326
138 260
195 383
193 208
264 291
236 346
129 283
119 355
185 223
93 312
203 328
227 376
170 294
258 341
3 321
41 339
213 360
58 143
171 357
62 203
22 39
248 392
123 242
19 132
120 331
26 387
156 311
6 207
207 374
198 396
30 96
195 381
34 288
8 80
286 394
38 41
19 161
48 319
213 304
71 110
49 398
54 353
211 215
285 322
1 45
1 2
84 385
165 196
64 167
307 344
261 347
129 389
228 269
118 286
113 366
34 43
48 262
100 227
79 251
107 242
66 143
348 387
203 331
96 110
127 229
31 220
18 31
273 336
2 102
22 104
53 388
231 336
47 68
91 325
154 356
84 265
126 385
60 75
0 228
51 124
129 381
86 306
70 139
110 202
46 240
31 177
12 222
58 267
57 213
15 63
1 178
152 288
209 305
33 183
71 351
313 392
22 133
198 302
40 77
118 225
12 287
11 226
277 300
59 390
241 263
98 303
127 375
13 220
76 236
69 306
6 188
168 351
126 265
86 153
267 315
69 140
18 368
30 110
244 325
85 284
163 377
114 147
196 233
187 330
108 130
143 201
46 164
302 373
208 275
190 242
90 146
95 391
50 268
206 208
42 359
154 388
216 285
269 298
193 198
133 376
107 189
160 322
86 134
21 28
226 272
352 366
6 111
70 337
239 281
31 54
169 335
52 203
84 199
353 397
138 245
60 391
60 373
12 372
28 394
45 205
305 333
97 302
81 314
235 250
81 216
33 383
290 303
139 389
80 216
208 373
25 210
49 255
125 219
328 331
1 240
161 389
244 341
3 187
118 159
97 373
1 164
20 277
93 230
14 356
296 327
53 154
96 180
57 380
90 122
154 264
82 130
54 326
93 217
4 130
103 155
99 164
224 326
220 353
64 197
118 334
129 246
178 240
69 317
295 374
304 309
173 268
123 190
177 326
116 377
145 198
151 157
289 299
253 331
172 292
30 168
185 309
106 260
27 30
99 102
78 124
155 306
54 177
255 323
279 316
30 226
177 324
306 317
63 377
235 352
90 370
216 322
263 399
303 316
165 313
70 389
142 305
255 301
35 242
127 132
27 168
162 279
27 394
284 301
243 307
106 231
333 352
256 271
198 208
296 386
17 232
177 368
234 312
63 116
35 190
94 376
79 169
244 357
173 369
235 242
159 367
220 314
165 233
61 354
291 342
89 381
82 354
42 377
359 366
97 362
97 193
96 168
33 379
216 358
5 279
92 274
88 288
122 395
115 239
121 169
297 299
15 366
14 53
136 151
95 159
62 120
121 248
123 358
137 157
210 380
34 274
111 233
168 330
44 368
183 383
2 45
257 343
250 361
89 389
71 202
332 372
42 366
38 339
55 246
252 380
117 265
12 205
243 363
60 238
8 397
235 361
190 361
35 123
234 367
38 92
183 195
270 336
29 278
13 177
37 216
230 312
143 267
33 39
156 347
7 108
182 210
174 380
52 300
227 349
65 109
45 240
370 376
172 200
234 345
10 244
375 384
131 320
102 372
82 256
114 231
319 338
311 347
36 76
105 140
51 78
192 223
106 273
71 226
30 71
133 374
176 337
2 121
146 395
104 392
140 399
69 399
162 277
17 91
74 382
338 364
106 138
84 302
26 92
29 315
138 336
86 318
106 348
157 165
123 250
3 30
46 205
218 383
318 330
374 376
5 194
131 246
254 267
91 299
157 313
57 309
49 213
133 370
56 146
31 324
300 384
246 363
214 304
136 188
10 181
3 71
141 242
126 238
19 170
86 155
271 364
116 366
52 390
106 175
77 219
75 97
265 364
237 242
52 119
184 297
214 301
88 219
113 352
26 191
98 162
161 229
37 311
40 195
148 365
45 372
138 231
75 84
179 296
257 349
191 258
33 40
9 268
222 387
114 138
274 395
55 379
67 399
129 139
76 78
295 341
163 359
33 218
85 214
82 310
69 105
65 68
80 353
109 292
27 110
261 397
121 212
217 230
371 393
209 361
10 288
89 131
147 387
162 303
155 272
347 353
60 97
6 233
1 372
198 373
86 272
86 354
88 146
289 348
92 171
10 56
35 66
193 396
42 113
270 289
113 378
88 125
390 393
32 311
298 337
66 101
101 209
1 212
224 324
134 318
132 176
100 183
355 393
20 186
182 301
35 101
165 248
4 256
230 334
131 243
88 152
52 328
189 266
1 167
56 171
89 129
44 173
64 73
84 126
182 323
24 269
39 379
168 226
58 66
16 69
10 191
93 367
129 131
131 218
206 269
105 292
62 331
61 134
276 351
183 219
64 79
43 56
38 192
262 282
71 96
95 362
8 123
250 358
289 336
247 291
17 297
139 246
19 52
167 169
101 107
322 386
241 305
256 364
16 103
34 357
169 196
23 69
155 241
131 195
32 156
194 290
264 354
282 293
247 264
106 387
184 357
24 393
41 185
92 232
7 256
261 329
116 359
94 341
203 253
212 248
242 250
132 298
43 122
0 393
99 178
194 340
74 268
83 171
71 168
46 332
57 185
100 370
302 362
248 313
118 362
224 314
77 379
85 255
50 74
22 136
93 345
221 228
4 117
96 394
7 53
366 377
62 228
127 294
56 274
190 209
242 333
77 183
95 373
156 261
384 393
9 44
35 266
247 354
186 316
358 386
29 124
210 301
237 361
16 23
24 228
16 306
296 359
15 163
55 320
276 310
196 248
0 158
36 225
275 391
193 362
73 251
193 275
18 224
189 190
129 307
103 204
130 310
94 374
111 392
91 365
283 323
228 328
125 183
80 261
40 219
108 247
159 396
49 301
119 229
108 154
136 233
158 279
66 254
198 391
123 361
88 383
204 317
37 353
296 377
77 125
120 206
176 328
187 318
1 99
307 381
57 252
222 244
115 281
4 238
300 303
38 223
19 70
127 389
194 316
46 372
92 184
113 242
171 274
149 205
150 348
238 367
68 264
6 196
28 249
315 343
33 55
247 276
110 312
79 121
75 385
221 393
232 297
130 282
104 233
261 311
213 398
131 307
263 352
17 274
107 241
261 353
9 314
194 279
152 398
8 156
39 100
75 198
150 325
73 121
97 145
19 375
77 218
68 109
28 350
155 263
145 362
16 153
247 310
32 137
212 233
80 156
37 80
115 386
176 269
221 253
118 391
139 243
340 380
125 146
3 249
29 78
150 222
199 265
4 271
56 395
161 344
19 337
231 273
34 395
297 357
112 346
125 383
182 380
23 67
325 365
254 343
100 349
111 295
176 355
133 227
127 170
375 389
244 287
328 384
0 384
217 234
51 135
25 283
187 226
282 364
20 158
309 398
16 263
197 335
206 391
210 283
128 376
101 266
280 360
160 237
320 389
57 360
28 135
147 289
82 247
162 290
334 396
66 201
26 175
214 398
225 286
25 307
28 202
41 280
46 102
137 151
63 359
59 355
93 238
76 218
138 270
243 381
224 353
80 160
80 358
192 339
7 87
171 244
77 100
7 291
134 226
3 168
179 377
182 304
17 357
296 322
91 148
176 298
64 169
246 320
49 284
272 330
15 42
219 370
133 188
226 321
78 236
95 367
140 200
40 125
192 309
106 289
117 271
119 277
148 297
229 389
32 335
118 396
182 213
186 194
100 133
28 30
223 280
217 312
196 313
111 136
294 389
148 299
61 272
6 313
97 117
102 240
103 263
73 79
72 190
48 388
233 248
80 311
238 385
106 166
88 90
97 238
245 260
283 344
201 266
28 124
33 346
47 53
39 77
282 338
195 307
105 200
96 345
197 251
130 342
64 212
15 377
80 237
52 393
148 325
129 243
146 152
0 355
30 134
100 219
59 279
179 281
101 142
147 273
292 317
141 386
32 144
328 390
80 386
116 296
54 314
345 367
106 336
193 373
256 388
199 385
109 317
186 279
20 300
82 264
168 249
105 306
200 204
75 302
5 316
334 367
2 79
188 227
84 117
8 144
91 232
76 257
284 309
186 277
36 135
3 11
37 358
147 336
67 140
355 390
114 270
247 342
100 374
124 135
209 333
102 212
169 251
211 253
95 334
260 387
61 153
190 378
33 77
158 277
276 342
231 270
89 139
73 167
63 366
60 198
45 178
199 271
7 130
157 392
157 196
54 224
35 201
230 259
35 189
48 338
30 180
156 397
199 256
96 259
242 361
67 317
149 164
7 154
61 330
11 29
185 280
47 264
166 245
162 186
20 355
58 343
154 247
284 323
164 178
234 310
147 348
199 282
359 377
181 244
373 396
109 356
38 395
80 397
86 330
29 343
9 173
64 251
265 385
14 264
74 173
42 235
318 321
2 169
92 357
87 276
34 223
25 195
215 371
233 392
17 26
182 284
135 259
186 300
84 97
2 212
27 230
115 296
17 184
107 378
284 304
146 288
33 100
49 304
152 214
268 369
0 221
16 204
253 393
59 384
24 62
250 296
33 112
216 386
144 353
254 278
347 397
92 365
303 390
69 292
59 158
255 284
176 228
99 240
163 296
81 261
66 72
39 112
10 357
165 392
214 284
26 244
60 193
90 376
180 394
192 280
119 300
87 256
22 227
136 392
300 393
106 147
140 204
216 237
188 374
155 399
112 257
69 204
10 171
223 309
257 379
19 389
96 230
293 338
115 377
142 189
111 188
138 166
62 393
19 229
13 31
128 295
172 317
96 249
27 312
70 294
225 294
81 382
17 325
218 379
135 180
262 293
9 382
132 337
0 59
20 59
239 377
364 388
102 164
87 108
311 397
28 180
25 363
93 234
174 255
23 155
127 139
191 357
122 288
9 329
326 368
113 235
150 387
50 329
362 396
45 99
229 337
134 272
117 199
326 329
252 255
287 387
239 285
236 278
258 332
91 297
230 234
106 270
49 85
21 202
138 147
203 269
361 378
184 274
228 355
169 248
191 244
83 287
260 348
104 207
92 297
16 155
153 155
167 251
229 384
259 394
56 288
88 195
72 189
205 240
121 167
75 265
83 191
15 116
110 351
97 126
243 246
236 315
120 298
94 295
177 224
240 372
35 378
21 71
105 317
89 363
67 109
182 255
119 161
215 393
9 81
141 361
33 257
162 194
264 342
37 144
223 395
237 250
63 163
151 165
121 197
30 249
139 337
0 20
25 284
24 253
293 319
26 222
60 396
177 220
262 319
274 339
33 219
23 306
236 254
34 38
344 381
242 378
265 271
177 314
122 125
13 224
50 173
175 289
0 390
0 300
115 179
258 295
82 342
39 349
158 186
113 361
81 329
129 363
72 266
131 363
217 238
115 327
11 321
21 135
210 252
126 199
130 256
243 320
215 279
113 250
135 202
178 205
103 306
13 81
24 211
169 197
229 375
117 126
94 332
325 387
23 204
391 396
151 201
21 394
134 351
48 293
53 82
209 235
42 361
26 181
71 312
17 171
8 37
100 383
311 353
108 264
105 172
4 265
235 378
370 374
27 96
174 340
28 78
343 346
87 130
123 237
311 335
45 102
3 330
175 260
45 212
163 327
14 319
362 373
142 241
245 348
115 322
146 370
134 168
42 116
23 140
193 302
41 223
61 351
37 237
107 333
110 226
235 308
26 357
158 390
252 323
26 184
241 321
0 303
224 329
132 331
104 188
327 377
228 253
145 302
140 317
259 367
24 331
150 287
101 189
25 323
22 349
107 305
110 330
196 212
130 276
39 257
29 350
120 275
36 350
65 356
314 329
162 316
228 393
44 50
62 253
29 58
46 178
123 378
25 49
119 375
78 343
101 123
102 167
85 304
277 390
87 342
83 341
10 83
10 128
97 198
139 375
54 324
23 200
71 134
268 382
259 286
91 175
124 202
58 278
141 216
146 219
105 204
114 289
96 312
134 330
71 249
166 336
234 351
58 236
174 252
337 375
144 156
47 356
26 365
153 272
144 261
2 251
101 378
115 285
209 378
33 349
52 176
147 260
328 393
161 375
116 163
75 193
72 201
295 332
12 244
219 383
135 286
74 281
11 278
125 133
76 379
82 291
17 148
171 191
211 221
8 237
43 146
40 100
53 319
70 225
213 255
175 387
208 396
187 305
15 359
104 196
278 315
138 348
220 224
252 284
286 334
226 318
279 290
85 213
8 141
98 290
191 222
155 318
26 171
60 302
58 254
195 243
333 378
6 392
3 226
287 325
136 207
12 240
39 227
133 207
174 194
159 286
14 48
50 81
40 383
0 52
20 384
53 108
24 221
90 125
11 187
346 379
171 184
38 56
239 359
71 180
215 221
239 296
90 288
59 393
142 378
185 192
335 347
140 263
47 154
263 305
175 325
9 50
218 257
67 172
208 391
261 314
32 353
176 331
310 351
158 162
46 99
108 342
271 385
37 261
7 47
210 323
230 345
87 310
204 399
195 363
74 179
310 342
99 149
147 270
38 280
187 321
217 345
293 364
27 71
98 194
5 290
308 333
320 363
103 140
43 395
45 46
160 285
30 321
57 304
188 295
75 117
150 175
260 289
62 221
59 300
89 127
95 345
11 350
304 398
85 398
192 360
262 388
1 46
83 332
53 356
75 362
185 360
312 345
82 276
181 287
77 383
285 386
127 161
290 316
30 312
7 264
21 51
216 397
157 248
23 105
128 332
23 399
274 357
21 180
309 360
295 376
147 231
35 209
10 341
141 250
180 249
16 399
22 188
128 341
236 257
8 358
7 82
181 191
246 389
103 399
83 128
23 103
191 287
229 344
18 326
333 361
180 259
94 258
27 202
119 337
0 119
110 249
206 298
282 388
139 161
206 275
100 376
167 240
349 379
14 47
111 196
61 318
35 142
21 350
262 338
52 355
301 398
328 355
4 385
113 308
384 390
120 203
149 178
93 95
13 326
72 143
117 385
180 202
207 376
343 350
307 363
202 394
181 357
235 333
52 384
204 306
100 125
151 267
373 391
44 74
52 229
79 197
228 331
344 375
233 313
75 238
127 337
254 315
94 207
1 102
175 299
78 278
39 346
25 301
144 347
210 255
298 331
157 335
84 271
23 263
301 304
70 132
143 151
203 298
136 196
297 365
121 251
55 131
106
81
63
85
47
81
126
34
113
62
40
171
73
83
217
76
44
148
79
120
90
313
108
118
77
48
90
92
122
39
118
172
62
96
116
67
107
177
93
26
48
84
45
47
36
67
141
192
103
196
190
134
8
96
168
153
106
182
58
42
176
169
99
58
20
89
101
84
56
105
82
84
73
28
280
62
72
208
129
181
77
28
45
199
44
159
54
83
275
145
61
26
151
205
305
86
74
94
211
169
176
163
93
151
98
184
89
138
65
54
120
98
93
91
53
135
228
88
33
110
71
80
135
65
56
84
68
71
105
183
76
164
39
53
75
60
163
143
178
35
62
146
35
111
95
55
68
85
43
89
68
63
114
115
149
119
140
99
141
9
90
85
144
234
80
150
73
46
97
51
145
55
104
197
50
84
66
46
63
52
82
119
89
35
70
80
150
117
253
161
132
172
35
53
76
131
70
30
170
109
224
66
152
131
71
109
13
148
139
105
78
49
165
155
49
37
41
73
9
35
163
82
185
53
143
35
100
94
180
191
143
27
110
90
77
142
94
83
134
35
128
64
241
7
131
68
42
79
92
26
69
156
132
132
90
81
66
138
49
40
40
32
34
183
67
68
75
47
90
74
118
88
49
41
85
50
87
139
142
46
73
103
62
44
64
24
133
146
51
157
80
11
156
202
69
87
106
73
35
113
33
168
73
84
36
64
166
54
57
76
94
199
71
89
32
160
154
51
184
279
62
116
34
200
146
70
48
76
176
109
83
136
89
109
104
113
75
150
134
133
34
46
124
64
126
103
50
84
76
229
12
148
92
138
47
19
115
95
108
286
17
69
77
111
42
89
58
255
40
90
167
149
107
109
52
57
196
77
117
126
141
188
101
65
56
151
191
57
181
157
78
92
185
15
99
98
151
68
57
137
133
112
197
84
109
106
86
134
31
78
101
144
140
88
65
196
171
78
155
25
92
105
77
83
124
41
91
186
100
114
178
98
201
109
135
182
183
41
130
105
72
144
116
134
127
70
101
40
81
193
197
35
99
96
116
74
81
121
128
61
200
131
53
131
87
166
91
88
162
131
15
12
8
43
112
41
42
19
115
76
203
165
115
139
210
65
54
184
137
160
115
47
62
120
143
17
71
118
74
87
83
78
170
239
70
128
128
97
78
70
73
123
19
52
127
187
64
17
85
117
20
105
18
98
94
136
125
113
122
84
85
43
210
80
102
45
38
120
126
112
81
106
31
86
117
134
62
77
102
28
47
72
48
108
99
53
110
42
81
93
88
28
96
36
89
50
38
90
148
82
95
60
21
169
122
130
45
72
78
79
117
96
144
207
138
190
53
183
89
23
115
131
156
181
80
126
206
59
60
112
38
67
122
94
140
23
92
120
163
85
58
33
66
110
81
38
98
83
63
80
114
29
50
80
101
14
189
92
65
63
136
137
80
67
80
26
87
60
78
104
94
170
100
148
95
147
20
41
201
60
61
88
47
87
22
64
132
90
85
84
231
38
174
129
106
160
9
123
31
121
169
94
40
177
142
25
119
61
91
99
108
118
132
209
125
48
29
74
125
174
150
137
187
108
217
78
55
170
129
118
129
58
159
54
79
144
247
129
120
142
6
27
197
42
128
133
52
102
251
123
30
138
118
107
104
212
27
112
120
41
116
117
87
57
51
81
113
83
117
55
132
73
102
175
142
91
124
70
76
25
27
141
106
129
111
140
16
68
51
128
74
103
73
75
54
60
76
148
111
59
83
31
265
29
86
38
161
46
31
158
21
42
110
91
191
91
45
137
156
141
193
144
111
137
86
46
33
147
24
17
85
71
86
145
86
21
204
86
39
62
38
213
116
101
179
59
49
170
99
68
162
150
93
72
124
82
258
75
42
137
76
27
168
156
104
129
54
107
103
92
64
79
97
215
125
50
92
117
211
105
104
104
83
84
72
93
156
136
187
70
71
9
107
36
118
27
96
85
108
57
65
183
59
144
130
216
116
90
170
103
55
70
52
87
23
73
154
127
120
57
94
136
151
91
130
95
152
106
93
114
164
82
118
124
69
120
136
42
130
31
24
98
62
133
28
113
44
29
81
162
54
100
110
112
81
52
131
62
168
167
100
53
47
221
143
96
154
76
61
77
51
158
92
123
47
77
96
141
122
54
47
108
119
175
128
71
41
107
39
100
190
93
169
151
161
134
58
228
121
93
25
136
95
117
144
119
90
96
82
146
72
81
81
102
41
172
261
124
42
97
138
70
162
169
172
77
141
206
144
116
27
137
46
131
88
137
52
164
76
43
135
108
124
153
153
280
126
113
142
127
148
50
94
47
53
102
81
109
156
11
56
147
271
188
117
152
72
222
77
136
121
97
151
100
59
119
113
57
105
36
49
128
44
32
52
63
156
96
80
105
85
53
131
63
74
122
44
87
88
33
185
137
210
157
129
132
127
75
129
40
18
99
58
148
92
106
140
104
85
54
180
49
71
37
194
37
171
252
157
41
90
94
98
118
93
9
97
252
80
51
112
109
36
90
57
84
147
84
103
74
127
164
105
145
117
145
44
107
164
60
108
91
87
173
134
130
29
48
29
78
96
40
91
84
142
77
145
279
154
79
112
98
86
119
69
129
61
44
78
23
58
123
81
121
23
24
78
73
101
75
181
92
56
210
148
94
189
110
43
17
52
91
33
163
17
110
192
41
36
128
161
121
106
84
107
81
70
114
150
117
63
175
81
52
101
129
100
102
116
101
60
33
87
60
22
77
29
84
53
80
86
99
113
63
77
104
109
56
159
122
70
77
201
90
166
101
163
164
125
150
47
149
103
90
99
94
126
52
170
118
230
178
106
185
202
77
75
93
166
66
67
146
31
156
102
187
170
92
95
93
232
187
148
121
230
29
133
30
143
41
148
41
119
90
96
97
128
97
151
108
23
78
98
134
212
80
156
71
21
130
111
123
66
41
122
119
148
112
91
83
96
120
187
103
114
87
67
59
60
80
25
15
188
153
71
154
108
148
64
25
99
79
49
29
100
47
97
251
94
29
95
81
133
183
125
43
135
127
78
162
79
97
89
88
23
31
104
62
60
183
142
75
22
59
97
90
97
136
114
161
25
98
67
29
26
134
111
83
53
38
86
47
59
163
97
105
133
138
57
85
106
53
44
47
160
19
154
78
167
35
119
105
30
49
59
81
131
93
81
103
97
112
82
85
12
127
62
80
165
30
148
81
63
68
40
82
85
60
155
101
44
22
148
159
99
143
64
113
80
83
77
86
91
49
134
33
25
161
64
174
184
71
112
75
72
67
152
116
57
148
48
147
189
82
127
92
71
49
67
31
99
214
157
87
45
96
83
78
95
12
108
103
195
148
106
68
96
84
182
143
102
80
47
59
44
62
32
275
14
83
120
107
99
127
65
172
148
65
202
76
67
128
114
36
90
49
115
79
144
101
34
113
62
60
92
53
129
111
125
101
78
160
144
73
152
210
70
31
68
193
97
78
186
56
15
89
123
104
43
119
136
54
68
158
100
129
128
82
90
94
219
104
103
167
54
41
146
101
127
24
148
129
35
28
244
197
153
58
184
51
123
69
74
37
151
52
52
119
30
44
148
184
19
33
41
92
112
99
36
114
185
167
38
82
96
123
46
167
261
119
81
142
130
122
116
87
26
26
114
101
45
53
188
48
148
116
187
72
73
124
85
160
96
144
58
86
46
97
142
73
12
17
112
138
64
62
156
71
103
41
167
37
86
11
82
151
72
191
99
62
26
52
114
86
152
128
134
57
90
83
94
74
112
128
130
123
121
45
36
20
87
211
182
89
89
139
123
79
94
182
115
133
134
96
112
97
23
83
65
44
16
112
92
69
57
57
124
123
83
17
63
139
55
165
160
133
74
79
94
145
41
137
170
112
73
117
158
49
103
107
21
40
125
171
217
133
58
22
77
49
117
92
156
90
92
18
91
131
61
120
16
80
61
53
178
205
85
201
215
134
95
188
47
139
71
51
65
94
112
207
69
180
64
73
112
52
166
25
50
10
104
132
121
44
50
68
213
176
166
82
110
30
163
79
15
18
181
128
204
181
96
136
79
138
263
35
43
56
59
87
183
74
131
83
149
196
121
143
104
52
93
137
68
71
195
66
98
69
168
198
64
50
79
186
83
93
215
156
38
64
100
124
27
64
84
40
50
201
124
32
135
194
40
31
174
81
95
65
125
154
69
90
87
32
227
205
102
105
67
125
150
41
153
103
164
58
78
199
84
152
117
129
182
26
172
146
175
46
76
69
25
66
92
99
140
91
152
88
11
54
67
134
82
153
136
170
116
30
75
179
87
95
19
55
19
191
92
190
84
141
108
40
82
79
88
73
65
148
99
88
46
84
103
76
102
116
29
151
201
122
144
23
30
63
41
115
120
23
54
17
92
147
143
59
20
104
111
71
46
104
20
22
71
15
227
88
122
116
108
59
124
165
138
40
55
146
42
124
88
41
77
123
44
68
141
97
75
64
65
31
76
95
15
70
201
