530 779
629 570
526 605
193 443
158 482
602 357
579 401
431 591
674 518
303 327
726 245
331 72
59 572
664 455
736 290
518 498
719 35
397 648
618 678
171 1
771 247
197 241
360 510
384 713
677 512
738 765
336 673
698 134
372 652
363 324
570 452
503 665
504 515
434 88
502 250
575 537
699 641
6 648
275 243
372 238
564 480
93 277
25 118
435 480
383 539
76 795
317 446
115 726
796 3
314 482
403 51
146 348
371 12
22 319
493 42
57 108
516 166
594 342
238 299
186 723
46 234
264 46
720 666
772 414
287 280
348 328
180 666
411 77
743 552
446 7
679 259
760 217
246 627
396 262
762 673
452 68
38 414
187 167
310 629
494 91
706 202
133 533
449 599
579 520
709 724
477 164
713 336
65 700
141 301
444 279
268 242
273 236
616 147
452 490
283 710
335 763
800 681
300 573
140 494
384 442
163 322
1 177
329 612
373 705
477 463
438 580
342 736
301 727
294 669
196 404
8 202
443 137
653 83
191 104
549 60
287 88
30 126
387 361
371 640
504 96
195 744
169 630
561 347
609 105
748 144
498 389
578 57
116 710
209 96
478 675
154 459
768 162
568 498
526 207
516 489
209 115
281 611
444 590
630 367
332 463
211 283
455 117
492 222
63 645
635 135
201 140
433 582
384 743
139 585
399 487
504 16
470 442
722 78
722 276
50 622
404 725
13 230
526 363
650 272
726 456
506 634
324 54
603 263
27 464
60 423
105 470
269 201
57 245
146 215
473 170
165 611
428 569
637 393
294 622
6 314
780 488
731 722
22 606
782 106
441 252
171 724
777 376
379 463
783 616
196 84
64 511
282 8
301 531
217 99
313 476
332 7
26 101
558 422
452 484
342 327
304 627
415 436
504 750
119 782
157 337
463 111
688 465
561 486
510 478
296 508
217 676
619 435
724 90
164 389
113 794
46 119
128 117
463 138
614 589
556 641
454 278
595 302
226 263
662 591
604 210
503 543
8 752
324 592
640 324
606 227
437 737
410 64
699 200
331 392
624 513
160 255
632 760
255 693
573 255
379 291
467 533
628 260
798 228
316 169
184 627
630 201
452 124
610 143
337 730
156 669
519 5
225 243
150 540
180 790
353 441
367 489
422 778
430 484
8 436
741 443
712 323
549 485
137 712
482 342
520 331
484 76
764 632
119 536
721 705
622 136
602 33
294 5
34 101
651 239
716 348
633 502
179 695
87 30
329 101
704 217
617 96
82 329
559 722
664 518
255 755
543 245
161 580
624 101
246 357
7 448
790 381
608 300
33 591
602 112
595 144
646 256
557 378
53 271
651 531
468 683
71 140
126 426
559 82
564 385
317 311
275 348
384 554
627 167
765 638
631 69
190 250
264 779
622 242
352 356
44 307
743 56
768 212
219 640
482 669
758 301
433 51
231 476
624 364
207 659
652 362
753 643
523 734
644 251
158 781
490 379
454 437
104 57
132 696
661 395
731 27
121 209
249 579
796 297
480 108
51 36
655 425
764 302
514 234
768 617
492 685
592 731
358 49
554 510
258 509
311 553
342 570
449 28
452 418
24 288
679 753
539 90
232 218
141 777
778 58
451 80
166 438
186 782
785 527
377 347
217 66
631 450
147 589
528 31
685 429
573 436
158 657
557 583
236 775
758 551
141 176
590 283
278 381
760 335
576 760
397 279
306 233
16 404
566 702
794 361
118 506
227 705
312 447
304 460
98 81
63 82
157 294
188 296
22 71
719 467
255 576
145 417
652 328
1 385
439 544
263 542
75 299
162 626
292 642
633 797
26 450
201 335
83 229
231 373
225 251
78 195
272 387
77 369
14 269
42 387
143 177
78 397
7 137
33 200
74 176
253 392
275 282
39 375
53 167
240 322
262 287
16 207
63 254
54 260
193 252
57 291
76 253
18 377
65 228
227 240
139 249
158 223
55 334
214 366
35 40
66 318
4 355
67 75
83 366
224 322
6 291
85 212
98 247
68 261
126 265
187 389
209 352
9 194
131 207
129 225
201 363
11 52
116 267
76 399
253 376
244 365
76 165
92 288
249 381
22 187
86 336
62 320
77 351
29 234
182 196
136 389
167 395
94 108
213 218
114 362
187 204
249 250
107 306
75 79
244 257
68 338
41 167
240 290
264 289
13 278
16 48
157 259
139 149
122 259
318 396
4 98
210 384
51 276
278 293
22 250
11 161
81 98
208 355
172 319
16 304
75 141
185 262
143 327
180 380
83 270
44 149
35 342
22 49
232 397
5 6
258 324
55 295
145 369
198 248
38 217
219 307
39 89
136 222
215 337
46 204
261 320
106 243
240 242
144 282
157 258
246 351
225 339
72 397
8 201
87 154
79 241
93 151
303 338
332 378
48 178
105 235
197 373
74 303
83 293
155 294
134 256
229 293
279 356
123 282
194 300
332 336
18 231
217 246
137 146
192 202
271 318
119 350
8 293
77 145
30 192
176 320
0 340
234 358
303 320
299 300
104 151
108 195
63 269
101 116
72 195
220 342
4 390
26 147
8 270
76 163
134 220
112 152
39 234
308 358
151 193
181 254
80 274
121 205
63 181
229 278
6 298
352 356
38 238
178 353
316 394
147 225
224 370
56 133
357 388
12 148
101 156
196 347
45 221
255 372
95 107
371 381
18 213
87 221
125 291
114 245
111 241
120 380
275 304
90 91
146 171
36 261
55 116
19 184
70 290
42 110
162 236
162 216
180 356
197 339
38 64
233 286
100 230
189 343
276 395
248 352
66 396
73 234
172 363
35 202
38 351
249 382
186 359
163 253
134 203
339 377
316 343
49 189
135 188
166 238
66 380
120 248
357 368
314 336
351 375
52 226
295 384
147 155
208 390
146 393
41 88
1 270
40 132
187 394
310 353
42 210
33 141
3 130
161 190
113 145
16 178
65 299
67 354
150 245
268 290
165 355
88 199
82 146
50 315
75 260
92 264
313 339
203 342
78 97
208 283
262 361
5 391
1 229
136 394
186 266
165 253
13 254
66 170
45 87
183 303
222 345
106 107
55 191
96 183
306 367
61 161
161 186
184 188
196 252
42 295
239 318
281 396
211 384
269 314
1 366
79 297
315 354
247 361
124 131
97 102
269 372
70 236
72 239
108 397
13 328
102 136
290 307
132 342
244 327
25 84
216 223
63 285
49 250
110 156
214 377
74 261
175 201
336 372
31 321
292 348
59 257
71 237
162 280
175 368
383 384
60 395
23 155
25 176
165 390
283 300
85 241
79 260
18 277
181 285
158 236
385 386
57 319
172 206
258 259
244 271
83 202
14 86
59 323
90 246
36 303
206 360
233 337
132 270
99 149
126 275
82 160
224 236
193 325
47 180
8 388
58 217
33 226
47 209
315 346
13 206
279 380
17 23
69 346
129 197
66 244
151 252
4 130
343 382
101 110
50 161
112 288
232 312
142 215
103 106
46 182
31 277
188 359
115 161
213 229
55 387
123 126
124 207
91 217
9 300
255 314
59 271
40 83
194 234
56 119
87 127
274 311
65 308
149 196
26 78
172 360
211 383
73 179
153 332
43 193
125 298
85 169
102 397
115 341
144 289
247 379
13 360
92 282
113 369
5 291
199 385
72 136
43 149
103 155
52 190
159 175
148 239
160 339
11 115
29 308
62 338
319 391
50 226
291 298
131 237
92 275
141 354
106 155
89 215
230 305
3 109
105 393
21 351
28 78
21 168
193 235
78 108
240 302
193 203
174 309
26 107
132 364
129 339
65 194
72 108
172 317
60 110
112 144
143 154
136 195
159 363
74 338
127 271
40 342
93 393
25 349
29 299
227 274
61 273
49 204
139 204
122 157
47 198
223 236
77 188
170 281
233 236
62 349
318 380
79 212
232 318
5 172
54 346
38 90
348 395
211 295
151 196
164 165
217 305
250 252
193 196
95 243
110 167
78 173
82 313
59 380
6 206
49 249
24 218
37 143
21 58
70 80
37 154
175 357
205 365
360 364
122 298
9 65
36 320
36 84
66 327
119 200
144 302
285 336
6 122
189 249
61 190
2 160
15 202
43 151
125 347
156 167
242 282
114 265
192 298
103 225
99 196
225 313
296 390
138 223
10 70
155 251
26 108
173 389
49 139
44 250
11 341
63 159
10 274
99 139
173 397
54 119
150 346
51 199
218 293
40 203
163 165
46 49
109 208
38 375
160 366
0 197
9 58
74 183
267 326
275 297
281 361
319 335
36 218
33 50
111 200
62 263
132 202
44 105
64 90
185 284
53 292
64 217
1 35
239 281
346 354
181 269
90 166
46 371
183 368
90 375
182 252
220 235
154 177
265 297
59 205
78 102
89 234
166 246
173 331
98 390
57 370
120 356
114 119
130 208
41 168
294 313
51 100
104 193
41 348
323 356
6 192
149 182
309 348
307 370
314 372
226 315
82 171
315 341
120 352
24 68
119 333
279 306
262 379
112 304
132 134
230 385
270 293
215 374
5 138
161 341
39 374
164 392
15 235
35 83
164 399
61 113
169 212
41 230
331 394
291 364
14 314
3 98
305 386
195 222
23 95
86 319
144 275
93 104
13 270
148 154
29 194
10 80
231 277
115 188
120 180
88 386
219 224
43 235
255 391
46 249
141 169
56 212
6 157
255 269
234 308
254 363
9 299
213 293
43 347
288 289
32 256
80 124
312 396
246 386
50 52
2 313
75 241
240 264
185 399
9 371
157 192
28 103
1 218
105 146
235 393
127 327
55 272
65 374
66 205
83 132
102 118
227 268
65 234
152 329
79 119
171 393
1 213
120 367
361 365
58 90
288 302
162 307
58 305
201 270
291 324
79 200
181 378
15 83
142 280
47 352
167 348
62 303
292 395
86 391
110 292
312 318
36 176
190 341
148 262
112 282
16 329
91 351
70 153
101 210
262 281
226 341
123 304
301 393
173 222
51 208
181 372
127 180
340 349
162 290
17 103
74 349
86 372
68 368
129 160
42 55
64 194
109 199
326 334
118 222
145 184
113 135
264 282
381 382
111 169
267 295
294 321
255 336
87 257
56 85
135 184
62 176
4 165
94 232
145 188
179 337
147 251
33 333
214 339
21 386
33 315
52 266
59 367
13 388
125 324
141 212
15 132
13 24
98 296
57 298
12 81
45 198
194 228
15 342
65 117
200 260
202 203
213 366
204 382
242 264
340 377
135 211
10 71
24 388
320 338
46 228
133 233
283 371
267 383
2 82
60 101
197 225
44 345
71 311
355 390
67 141
70 268
31 129
174 395
31 214
46 189
13 159
41 53
8 68
201 360
100 276
0 398
102 344
19 128
149 252
59 180
91 238
164 253
242 288
116 191
54 150
267 387
29 228
73 374
197 321
326 384
210 387
202 364
36 62
109 283
332 372
263 349
155 243
43 93
246 305
198 323
92 242
248 356
59 66
133 337
80 131
260 333
50 75
196 325
27 80
56 333
52 161
68 175
122 286
79 350
260 346
158 307
250 301
144 304
38 58
321 373
230 330
18 373
50 354
50 69
4 379
219 233
40 192
307 322
33 241
81 165
130 296
228 300
54 362
151 203
277 339
82 393
67 273
40 364
338 368
236 286
2 366
124 152
105 137
11 50
23 251
185 379
268 274
72 78
152 178
205 239
42 116
6 30
8 24
305 351
169 337
89 374
1 8
271 327
107 108
54 79
140 283
233 280
27 124
4 296
344 345
7 146
64 300
104 347
76 376
6 138
98 262
22 149
183 320
16 310
175 388
15 220
140 199
5 223
97 187
124 353
112 123
73 215
184 359
77 168
32 342
150 362
121 244
14 70
181 336
13 335
171 220
158 391
140 351
164 284
100 199
93 235
49 187
257 271
81 130
3 390
70 307
141 241
28 118
328 360
106 147
21 77
207 329
44 146
314 332
5 286
224 240
23 28
265 304
376 399
9 64
152 310
254 285
69 315
180 271
20 274
20 332
153 314
94 380
23 147
15 104
168 305
385 395
32 235
74 84
59 356
58 91
139 382
71 153
197 377
26 118
260 350
108 232
235 252
192 206
205 271
27 227
144 264
202 342
282 288
305 385
146 301
163 164
6 172
100 386
22 344
297 362
103 118
180 248
7 393
253 399
30 40
128 135
62 96
179 234
98 355
11 266
98 185
296 355
49 382
27 310
87 143
223 286
114 150
131 178
43 182
90 140
333 354
26 106
144 288
261 303
10 314
113 359
8 278
123 242
138 319
187 343
97 394
372 378
87 177
113 188
99 249
140 230
24 293
34 280
45 323
63 372
50 346
296 379
165 296
211 369
87 327
22 139
53 376
4 247
331 389
127 244
91 246
92 123
126 297
321 377
107 147
26 243
54 114
69 245
168 369
264 275
66 312
294 339
99 252
121 361
63 175
83 342
20 153
182 249
45 47
334 383
88 100
7 171
34 179
159 254
232 279
117 194
33 354
260 315
77 330
194 374
70 322
77 184
103 147
167 309
64 375
70 158
103 107
72 205
187 189
29 65
126 362
204 343
1 293
327 365
225 294
125 151
66 121
10 227
166 351
191 384
85 142
349 398
200 354
66 239
12 262
134 202
117 308
149 249
42 191
37 221
252 393
226 346
12 177
159 388
143 287
196 249
130 165
142 337
58 246
329 353
128 359
158 322
46 382
104 252
184 211
189 382
290 322
205 380
138 317
228 381
25 62
253 284
9 283
86 255
314 378
95 306
15 40
318 365
15 32
14 336
285 372
36 74
271 365
178 329
81 262
17 28
100 140
92 302
54 75
129 321
76 392
2 31
277 373
40 202
95 103
3 296
164 376
240 307
198 356
156 292
30 342
62 261
135 145
111 141
57 122
130 390
42 101
122 258
223 319
43 325
228 308
21 140
203 256
205 312
94 279
95 147
189 204
96 320
54 315
333 350
103 243
29 374
237 332
300 371
198 352
206 335
219 268
69 75
28 102
111 354
58 300
98 379
86 153
57 216
373 377
35 366
165 185
123 297
78 136
216 236
209 221
244 318
32 203
52 341
136 397
205 232
163 399
247 281
119 141
93 252
11 61
237 336
41 292
37 287
301 345
282 289
32 202
224 307
139 189
2 220
325 347
34 133
158 290
53 276
140 217
133 280
93 149
343 394
165 379
34 337
220 366
80 227
224 233
88 276
58 386
97 195
163 376
234 374
30 202
129 294
96 303
129 313
23 106
30 132
19 359
222 397
43 99
176 349
125 259
60 348
61 115
121 271
128 184
116 210
124 178
69 150
324 347
85 133
309 395
147 243
167 292
292 309
242 275
201 388
128 188
231 377
81 379
14 153
150 260
178 310
33 75
100 385
151 324
23 243
96 261
75 315
32 93
16 152
77 135
392 399
212 241
263 320
71 227
8 218
104 134
115 128
93 193
153 255
215 234
26 397
47 327
41 309
51 88
277 321
125 157
194 358
75 354
216 286
29 358
284 399
2 137
268 322
35 213
153 372
159 201
86 269
261 263
57 138
157 291
56 169
155 225
25 263
7 82
127 257
282 304
52 315
269 319
53 348
7 105
117 358
183 261
7 17
61 266
152 353
5 57
80 311
42 384
41 395
49 381
64 246
299 308
53 309
51 386
363 388
15 203
14 255
13 363
245 362
10 20
138 391
77 128
138 335
216 233
285 378
270 360
59 244
126 288
97 204
66 180
51 109
335 360
14 332
7 301
125 258
276 292
119 260
168 330
267 334
161 266
170 396
11 186
271 380
223 317
18 340
34 142
174 292
48 329
1 278
72 312
115 186
340 373
37 87
21 217
122 216
72 173
142 179
8 229
210 267
151 347
15 134
100 305
199 208
158 286
358 374
31 160
61 188
242 302
130 379
259 324
30 256
75 226
162 268
36 338
102 345
56 337
70 274
46 139
55 211
340 398
50 341
167 330
230 386
239 361
120 279
81 185
224 290
114 297
40 134
96 338
92 219
0 277
170 365
67 341
141 200
86 314
133 142
238 375
316 355
34 89
36 183
74 320
200 333
170 247
148 170
128 145
272 384
33 212
78 222
116 384
65 358
178 207
168 230
217 386
210 211
156 309
105 301
84 176
26 103
220 393
88 230
47 87
234 299
185 287
275 288
124 310
64 299
219 236
94 243
82 137
389 394
132 229
0 339
39 73
153 336
10 14
201 254
65 300
179 215
97 331
231 398
174 392
59 120
108 136
97 389
219 240
319 328
328 363
26 28
93 203
48 310
66 271
5 122
91 375
106 108
248 323
123 275
77 113
360 363
9 228
31 294
72 318
54 69
58 140
170 239
170 312
261 338
240 268
76 284
158 268
207 353
101 295
138 298
30 364
334 384
216 370
191 387
44 393
85 200
224 268
236 290
97 136
376 392
189 250
182 250
41 60
92 240
256 364
112 264
47 221
206 363
19 272
74 263
256 342
123 144
53 395
37 177
26 102
231 349
121 170
107 232
317 391
162 224
35 256
3 355
141 260
79 333
89 258
5 216
18 36
313 321
12 143
180 323
38 166
232 380
30 360
145 211
142 169
367 380
344 389
62 183
163 392
63 388
107 279
299 358
89 142
213 214
95 106
44 171
94 107
286 391
236 268
233 307
52 69
94 95
5 298
174 276
175 254
152 207
9 308
141 333
79 354
214 277
20 336
16 112
180 257
230 246
144 242
209 248
53 174
134 342
12 37
81 281
41 276
336 378
204 381
78 118
119 354
60 330
122 291
55 383
174 348
131 311
208 296
204 316
226 354
77 211
17 118
46 381
47 244
264 302
88 385
187 345
326 383
43 196
54 245
162 286
26 195
8 13
1 24
31 339
112 207
20 311
180 244
169 241
92 144
30 206
43 252
27 131
228 249
81 148
68 357
45 352
136 173
70 255
223 391
156 348
102 195
321 339
73 89
60 309
162 233
6 57
17 155
35 132
24 229
121 396
263 303
57 286
4 262
317 328
97 222
328 335
284 376
176 263
15 256
383 387
170 244
356 367
4 81
197 277
145 359
344 394
121 239
162 370
210 295
361 396
152 304
137 393
365 396
269 285
121 281
280 337
34 233
270 278
183 338
18 214
130 355
195 397
260 354
57 391
201 278
20 237
182 381
93 325
183 357
27 152
187 222
162 219
58 283
104 203
121 148
136 331
197 294
89 179
289 302
288 304
24 159
55 210
148 396
384 387
41 330
20 71
50 190
171 235
215 258
116 295
146 235
210 383
33 111
72 389
58 64
239 365
158 216
27 178
12 287
160 294
190 266
288 297
80 268
334 387
151 325
99 250
120 271
83 213
35 229
161 226
53 392
10 311
276 309
59 248
105 171
121 365
21 385
171 301
23 225
16 353
31 377
280 370
148 361
244 396
59 327
57 223
160 214
32 134
197 251
63 378
166 217
139 381
267 384
22 345
163 284
239 312
192 291
140 386
96 176
343 389
3 4
187 344
75 200
61 359
47 257
123 289
32 220
236 307
254 388
157 324
85 141
149 193
211 326
252 325
39 179
66 365
237 311
122 317
321 340
34 215
40 256
127 143
0 377
279 367
13 201
75 333
111 212
86 181
138 172
29 73
266 341
206 328
10 336
200 212
202 256
214 313
250 382
116 387
114 126
230 369
207 310
88 305
140 385
113 128
257 327
272 326
98 130
55 326
242 289
25 74
173 195
76 164
157 298
109 390
51 385
32 104
268 307
20 314
127 198
277 377
21 230
115 273
212 333
277 340
204 344
67 315
33 67
23 103
197 340
236 322
228 371
22 301
41 385
286 307
48 353
14 20
109 296
62 84
158 162
194 308
56 142
161 273
229 270
27 144
350 362
219 322
79 114
62 74
61 186
317 319
148 247
11 190
92 289
107 243
185 253
60 292
239 396
218 278
154 287
98 165
84 263
231 340
42 267
61 128
274 322
29 117
257 365
71 131
26 173
204 394
109 130
85 111
70 227
335 363
12 185
261 368
43 104
83 256
198 209
112 275
23 26
137 171
113 184
100 208
74 96
138 328
26 94
24 278
97 345
186 190
115 359
140 305
81 247
180 352
55 384
137 235
2 214
75 346
192 364
193 347
24 270
272 334
140 246
295 383
126 350
72 331
149 250
82 105
286 370
177 185
132 256
119 297
6 364
239 244
90 217
189 381
102 173
91 166
199 276
177 287
84 349
64 91
90 351
3 208
373 398
191 210
94 306
209 323
5 319
82 235
85 333
162 322
67 226
117 228
191 295
200 241
111 333
38 246
44 301
330 369
206 364
6 317
194 299
160 313
108 243
27 207
276 348
61 184
38 91
323 352
228 358
236 370
260 362
124 311
10 153
241 354
233 370
3 316
133 169
259 291
284 392
94 106
123 264
35 293
217 351
248 367
120 323
47 127
0 321
247 262
21 246
172 328
71 274
97 344
205 318
17 26
229 360
273 341
265 275
11 273
121 318
57 317
219 302
81 361
102 222
99 182
222 344
4 316
126 304
22 44
36 263
0 373
199 386
168 385
22 189
5 317
310 329
217 230
154 361
297 350
112 329
121 312
114 350
172 335
76 296
118 195
108 173
113 211
139 250
272 383
298 317
125 325
205 244
60 167
164 296
110 116
9 29
104 325
159 357
298 364
123 288
71 80
148 281
117 234
241 333
191 334
96 263
21 305
45 209
170 361
42 383
19 326
51 390
109 355
84 231
209 356
153 274
165 262
22 204
191 267
139 182
166 375
238 273
31 313
163 185
14 372
24 201
12 154
79 141
49 343
55 267
180 327
97 173
179 374
22 182
50 67
264 288
60 156
88 395
68 183
135 359
65 73
139 228
10 237
295 369
76
107
62
88
14
161
68
67
68
85
54
32
77
98
89
15
181
120
76
300
126
117
39
39
131
82
59
171
202
51
89
207
100
94
53
102
73
157
92
45
43
67
150
89
189
94
76
162
162
104
184
54
59
72
26
224
61
116
128
98
112
75
41
80
83
130
43
95
39
66
111
83
129
138
86
110
164
59
78
109
38
151
80
69
53
113
101
40
42
55
119
110
80
109
143
98
91
90
118
117
94
81
78
147
106
86
195
132
131
81
93
134
129
116
28
8
87
45
146
53
97
68
130
110
100
59
62
134
271
93
83
87
112
182
66
76
187
29
193
74
168
26
21
160
50
59
39
67
53
246
164
126
24
61
37
98
206
104
145
66
72
145
46
134
89
196
104
50
135
144
24
129
46
117
39
87
165
108
109
95
160
53
180
163
84
73
82
110
55
218
254
154
162
174
17
71
89
20
23
92
36
205
64
135
63
45
96
183
83
63
67
67
91
107
110
98
121
147
121
157
188
99
17
207
110
17
54
100
148
80
97
11
162
133
59
62
93
106
94
73
18
83
77
33
70
113
89
53
173
98
76
26
30
166
46
45
51
35
13
50
56
69
110
168
67
150
145
26
223
127
158
247
73
77
42
47
127
38
100
109
57
50
149
41
98
150
161
202
84
72
132
39
92
89
152
75
73
111
118
54
52
54
66
51
90
98
33
181
69
153
50
119
81
136
47
148
144
86
150
37
82
96
65
83
28
82
15
34
44
70
105
78
46
41
134
149
72
184
37
87
165
77
74
131
109
139
167
168
44
43
182
68
122
151
198
24
108
42
118
64
172
71
128
74
100
182
85
124
116
34
142
164
57
167
171
133
64
80
35
96
109
188
65
165
64
143
96
150
93
114
195
51
140
15
130
190
48
50
42
120
184
106
112
109
41
86
66
78
121
89
50
59
108
90
35
26
83
138
104
82
23
46
115
43
59
177
65
130
44
78
102
46
67
121
38
8
141
47
134
64
52
59
54
117
175
70
148
84
103
23
198
66
91
79
98
78
166
62
97
226
112
57
156
130
81
14
57
137
57
78
114
106
92
67
176
35
110
123
146
69
218
152
101
141
115
66
89
157
81
64
137
133
141
129
52
198
130
86
179
74
110
141
148
128
69
158
80
132
85
183
39
46
131
63
71
153
34
74
54
91
58
85
58
153
131
18
71
118
87
96
52
33
202
59
94
168
130
60
46
173
130
99
73
76
34
170
101
207
106
86
78
141
98
150
81
79
130
79
99
102
32
169
66
60
179
147
72
160
66
48
91
182
106
37
78
61
78
81
65
39
82
125
53
43
59
178
77
214
77
65
79
47
56
54
44
107
47
34
139
174
106
44
112
199
46
76
119
162
38
118
95
81
196
149
67
59
136
114
25
90
199
200
49
50
18
181
145
99
80
77
94
48
208
96
44
170
82
46
152
107
131
150
130
180
138
187
216
150
168
154
53
14
36
32
166
118
84
39
95
159
77
52
31
27
65
67
88
109
94
31
100
79
73
66
39
170
110
162
89
55
79
153
115
41
257
135
102
62
39
70
72
158
160
82
112
111
60
93
73
165
205
83
71
285
95
26
120
94
175
104
168
188
151
32
80
43
67
57
91
107
108
46
45
91
126
84
56
98
135
93
168
75
62
221
100
95
36
49
107
135
112
107
103
122
149
65
108
109
64
149
65
14
86
157
71
173
76
82
71
94
77
163
85
179
86
14
66
67
52
50
80
143
39
88
95
123
109
116
309
84
202
82
35
222
73
64
55
41
35
130
31
43
124
85
61
88
91
80
181
81
40
104
50
16
17
67
61
105
75
95
86
84
204
135
137
166
73
84
41
184
183
147
83
106
269
62
71
81
58
172
34
100
107
43
124
67
145
105
168
121
66
175
49
38
166
14
127
159
78
69
129
85
153
19
97
10
150
110
100
85
76
63
141
92
67
119
170
101
24
124
143
67
175
137
110
101
59
65
47
185
50
94
127
79
158
72
183
145
82
57
120
203
72
127
61
173
78
29
130
53
64
96
59
168
22
27
85
59
86
122
191
69
129
99
109
77
110
135
75
141
54
85
186
113
65
150
74
72
157
229
106
185
159
195
49
166
166
83
134
135
120
128
73
164
24
27
70
143
89
78
122
50
132
141
97
178
49
36
61
48
129
82
107
195
208
54
32
147
59
79
146
88
175
158
93
97
77
6
85
136
14
99
59
51
55
62
111
48
86
129
79
50
98
99
74
226
68
135
123
162
95
115
13
79
116
55
75
94
146
63
156
142
57
118
130
35
109
113
80
50
126
100
80
137
81
42
131
20
64
130
20
83
197
108
99
150
77
97
56
90
148
145
62
16
83
50
101
90
96
135
55
69
59
92
130
95
36
94
168
124
105
68
29
277
64
104
78
25
178
135
134
35
159
57
61
34
28
97
139
24
5
79
18
137
261
25
129
32
145
175
71
96
24
39
71
120
82
263
17
62
148
38
53
114
141
183
54
15
203
172
74
55
72
134
121
115
43
34
51
79
153
106
99
48
107
48
93
46
124
152
57
89
91
148
61
148
160
87
23
74
90
85
153
90
131
66
145
80
148
146
156
122
41
141
230
136
94
111
93
53
37
63
78
28
193
157
113
148
53
62
74
37
60
178
28
96
43
123
38
42
136
99
77
48
91
10
101
121
79
120
68
44
77
17
144
17
123
107
179
83
119
141
63
61
119
80
29
29
97
85
145
75
80
54
35
81
143
49
22
128
93
23
189
82
76
69
139
66
144
52
135
68
157
160
47
193
75
154
90
159
18
82
77
153
85
58
74
45
103
46
34
35
57
43
175
22
117
168
56
35
126
128
45
120
57
166
46
59
65
195
72
87
32
20
49
114
139
127
17
157
89
68
58
91
135
56
76
69
52
123
54
69
106
62
202
168
54
59
138
132
103
78
135
220
86
96
147
101
169
82
30
160
99
26
131
136
43
166
39
129
201
74
79
141
69
220
39
65
121
125
150
56
32
21
117
154
116
108
86
101
55
123
109
51
44
73
144
56
171
117
44
137
108
45
172
121
71
157
97
97
58
58
184
83
172
51
139
21
92
62
79
200
163
162
87
38
82
87
70
106
59
60
160
84
93
110
77
168
184
162
59
108
177
84
131
128
237
49
201
97
55
110
26
105
153
222
88
123
61
144
136
41
91
63
201
49
114
97
74
59
74
97
153
154
58
75
75
198
63
17
167
151
175
48
104
107
75
75
125
16
50
58
63
169
170
129
24
132
47
31
116
56
88
22
63
43
68
76
86
162
93
176
144
145
210
95
49
54
144
119
61
132
30
109
60
65
168
31
135
23
113
69
115
207
76
129
87
42
143
216
66
117
67
223
189
142
116
130
90
148
31
76
57
129
76
126
186
221
63
89
79
19
102
81
78
114
162
120
74
121
66
190
25
104
245
133
54
159
107
154
57
219
91
62
69
96
67
100
131
136
71
12
87
52
28
168
45
113
89
73
129
133
217
54
94
67
106
53
37
146
10
95
63
70
106
143
30
204
30
61
38
122
63
154
52
98
218
78
126
16
221
78
103
54
87
80
73
22
39
152
94
148
66
156
142
146
19
59
71
114
178
110
89
111
144
60
213
41
36
171
39
44
45
112
74
81
100
155
241
172
85
72
95
66
94
94
227
66
57
111
118
44
94
91
141
74
251
85
206
93
147
135
130
54
151
118
102
109
37
129
103
85
162
59
19
76
53
138
107
144
184
137
100
193
33
84
144
54
128
117
143
110
14
106
130
121
139
36
187
142
79
30
39
69
40
111
75
36
175
89
127
61
108
149
45
99
69
31
36
69
71
55
160
84
157
51
100
171
182
151
34
149
253
82
59
99
25
201
41
156
122
98
73
42
27
98
184
142
46
149
77
210
150
34
30
49
56
88
42
257
24
66
93
67
64
81
68
89
212
35
53
98
54
40
53
85
54
26
211
35
140
59
155
122
135
136
139
134
86
59
71
87
37
76
99
93
111
117
81
81
96
177
35
83
236
88
22
159
47
125
41
66
31
199
117
81
100
158
182
68
92
73
141
34
71
200
73
76
24
94
69
53
57
138
53
53
71
23
58
78
218
66
42
159
55
107
63
84
45
86
112
62
99
181
138
77
53
66
75
173
52
98
44
142
127
87
43
50
173
25
90
87
48
122
104
55
210
126
92
84
131
76
22
188
176
37
107
99
40
90
116
157
39
113
140
151
75
166
19
48
144
97
98
206
70
72
60
57
183
78
178
190
92
193
106
146
150
39
83
92
32
45
87
23
35
81
142
176
170
65
51
42
112
164
46
56
121
174
89
98
176
89
144
182
69
63
66
75
304
37
241
147
70
81
192
186
82
107
78
98
77
168
129
36
144
171
137
63
223
62
23
138
66
90
74
153
164
31
43
38
218
237
121
89
107
183
108
105
118
14
90
81
179
24
115
63
107
149
113
179
66
97
52
87
65
34
90
83
116
76
120
204
143
91
131
