516 309
575 652
350 449
588 420
526 469
693 168
293 451
507 531
614 139
682 247
391 142
424 651
85 210
97 460
200 26
464 308
305 30
286 88
671 710
130 232
160 214
255 378
798 526
72 476
126 507
468 319
67 623
710 55
282 331
698 162
448 756
237 140
711 34
666 366
797 362
772 309
780 444
225 125
191 181
760 278
738 798
688 330
229 667
279 647
451 214
295 577
5 191
337 678
779 81
725 197
512 350
604 185
632 654
584 401
462 612
521 26
509 132
110 684
520 680
278 269
454 390
772 289
550 400
611 789
144 459
390 522
218 114
465 776
461 601
687 541
724 492
645 771
417 495
533 73
464 678
270 723
143 329
762 229
783 247
422 692
390 3
409 368
685 222
593 57
90 478
54 328
208 662
462 237
778 63
457 48
675 24
96 107
208 704
704 8
653 626
696 71
30 469
59 639
405 70
288 777
81 590
497 561
668 737
217 680
597 166
499 540
564 167
94 290
301 263
563 711
55 513
750 594
301 755
629 689
544 506
514 748
342 132
459 495
349 4
83 531
680 184
135 424
561 599
585 461
643 542
675 610
646 94
605 553
528 354
423 203
689 289
785 171
768 752
266 555
795 322
155 436
767 62
496 123
354 61
210 400
687 519
161 636
572 3
559 484
670 498
501 124
767 596
200 291
220 672
389 635
341 624
206 766
364 78
518 46
496 737
306 725
410 598
575 417
401 674
713 352
214 248
703 519
578 146
491 76
122 33
258 247
516 301
244 165
468 514
711 294
321 560
788 266
434 199
71 229
593 682
83 477
4 424
26 194
118 24
495 90
563 800
266 630
247 409
713 148
665 0
340 446
784 318
3 629
685 731
219 441
625 432
759 443
587 246
251 110
600 345
438 504
766 265
679 165
765 684
764 464
250 645
309 317
321 481
422 331
170 337
167 682
695 148
732 215
628 416
158 695
718 264
797 384
432 597
176 272
349 376
228 424
468 66
320 273
475 441
648 106
341 407
494 729
419 318
127 209
514 65
789 762
774 36
85 309
160 426
726 427
202 783
580 75
502 648
738 584
488 739
615 128
560 67
620 149
160 690
292 386
548 469
41 496
215 350
282 425
653 495
256 421
208 5
680 314
340 531
258 788
383 513
420 287
161 165
562 156
477 287
467 391
408 718
463 483
370 39
267 206
792 340
404 456
330 428
556 435
65 507
539 773
109 118
202 46
654 332
596 317
615 94
260 238
768 459
129 643
548 327
106 51
585 337
220 22
272 71
260 686
259 356
574 295
83 429
177 532
320 346
547 83
642 679
269 291
428 99
472 398
736 677
198 606
710 101
591 142
431 708
728 467
421 6
163 491
432 359
461 537
300 268
759 163
474 491
652 552
125 733
426 590
787 569
508 281
173 57
255 351
169 431
108 454
566 362
666 578
187 541
273 165
554 200
716 342
178 163
185 452
204 721
474 520
283 63
11 17
507 564
737 703
36 352
754 158
789 18
244 790
96 701
226 747
297 370
655 502
498 699
591 710
694 18
413 158
284 247
481 415
737 309
312 640
723 716
108 638
607 20
675 507
786 430
738 631
687 230
800 515
165 125
532 217
229 638
68 348
120 497
416 480
375 603
706 439
532 39
65 261
79 349
670 757
307 190
232 29
19 369
231 725
393 31
257 752
321 29
470 21
183 332
52 11
136 113
330 407
262 207
550 5
320 59
793 555
327 562
553 28
549 301
482 314
405 784
796 735
661 635
354 750
197 31
110 123
270 707
125 623
641 252
51 150
375 190
93 766
11 502
211 227
92 208
415 300
260 647
521 509
32 90
98 296
26 330
47 155
299 321
72 299
93 184
163 288
9 247
2 220
199 346
72 302
220 284
104 293
231 379
3 263
259 362
155 279
80 296
205 238
47 150
92 148
269 274
155 367
306 347
149 150
353 360
193 363
130 340
89 163
29 327
25 50
65 356
102 342
3 157
163 369
28 217
166 281
21 242
50 128
59 338
61 77
53 276
107 359
70 191
50 380
135 189
165 395
23 175
43 181
165 271
9 207
0 25
50 289
72 250
185 243
137 163
19 173
332 373
63 335
73 379
200 388
41 159
15 166
35 169
82 207
66 278
294 334
273 330
147 213
98 288
33 159
162 316
8 253
18 335
12 359
68 101
97 100
19 223
230 320
179 285
25 307
22 199
307 351
153 379
119 354
202 243
18 102
138 258
219 235
161 199
220 262
4 302
5 120
114 324
238 273
10 129
155 365
236 379
164 275
314 354
4 339
153 358
186 260
86 209
259 338
238 343
31 350
139 370
92 331
51 316
226 336
166 307
31 193
69 313
6 373
273 343
13 311
25 251
236 375
94 303
266 391
13 121
38 318
48 292
39 210
252 266
85 364
95 184
136 226
126 219
225 325
228 311
209 304
21 215
139 189
274 380
82 130
160 395
54 299
24 84
74 334
65 261
143 399
92 151
286 335
127 333
64 84
17 37
304 393
21 245
32 226
60 203
282 364
320 331
23 119
23 241
242 370
11 356
205 330
326 360
175 241
39 207
200 352
149 341
135 319
26 273
124 161
89 98
115 234
89 288
1 52
71 188
176 364
199 349
110 394
274 307
162 253
42 103
149 156
258 368
256 294
360 364
129 337
190 244
90 344
141 343
218 255
140 333
11 256
11 294
54 58
24 354
267 363
233 377
74 294
9 169
86 205
154 334
119 175
284 332
282 360
122 127
348 390
267 308
173 391
160 213
27 226
172 251
139 228
105 299
58 174
147 287
194 269
310 311
352 398
75 249
0 15
24 175
32 136
141 291
159 268
233 347
52 94
342 383
100 119
172 337
148 205
91 372
199 295
167 374
74 79
219 237
150 170
113 384
159 169
65 378
237 293
15 50
86 279
148 365
8 51
286 384
247 268
62 128
342 361
347 384
205 389
85 107
130 268
175 282
39 78
105 117
72 195
8 126
322 368
114 123
31 318
258 288
1 94
19 359
37 38
11 68
51 104
18 290
271 362
128 274
99 249
89 153
159 247
54 232
130 169
138 322
104 316
186 196
82 210
91 387
275 387
94 125
224 285
28 280
108 217
287 338
66 252
46 396
123 263
68 105
110 175
121 282
4 240
144 161
197 237
231 344
231 293
49 82
36 357
43 398
14 278
44 337
58 335
128 255
179 358
113 174
279 352
262 373
73 179
98 138
278 376
147 395
40 383
85 360
145 179
25 203
126 235
6 239
338 362
15 381
59 271
45 150
204 370
183 207
12 396
106 253
79 256
150 181
78 196
105 302
224 369
28 332
145 224
62 240
132 342
64 297
2 261
257 299
246 363
163 379
7 143
302 355
283 354
221 234
131 207
330 393
191 357
18 361
329 331
7 399
121 228
140 345
189 215
2 355
218 339
321 399
75 365
154 265
167 271
140 244
77 210
49 206
239 245
48 226
43 150
55 236
72 355
138 366
4 157
59 201
43 200
266 372
205 304
158 294
14 386
20 252
234 294
236 358
308 372
108 338
13 64
101 324
91 371
36 199
112 155
65 250
54 156
269 312
15 397
137 145
231 235
173 396
53 190
39 77
97 343
217 271
111 146
21 284
55 358
61 169
244 303
166 274
219 270
73 145
16 258
140 295
167 193
371 387
130 159
194 281
277 278
111 347
347 377
270 293
7 101
120 183
162 270
14 164
111 125
2 185
91 164
101 105
54 68
69 233
161 244
94 384
66 193
58 154
121 135
47 158
57 343
37 66
110 354
92 205
59 108
28 201
128 380
62 276
204 242
124 333
249 329
134 186
96 176
140 313
38 160
166 381
193 278
76 85
96 264
19 227
102 325
121 311
202 248
76 360
16 118
42 92
275 372
42 365
97 273
213 223
255 339
165 338
37 167
160 165
141 209
74 115
291 314
139 319
97 389
251 381
13 175
100 273
0 274
151 249
71 102
76 213
187 330
96 241
387 391
123 143
80 118
6 220
106 237
205 343
146 347
207 210
216 224
70 272
207 348
75 155
99 329
229 346
257 399
5 29
73 285
168 321
2 262
42 291
43 388
99 112
243 373
141 389
30 79
40 102
29 183
220 239
169 317
94 313
84 241
230 331
160 374
2 202
191 349
134 211
132 325
194 268
70 333
112 388
143 157
38 223
45 133
287 300
67 265
72 261
225 342
139 310
75 388
197 348
203 381
19 252
207 327
91 391
48 136
24 314
150 156
53 194
239 262
201 287
11 156
121 310
298 381
331 367
181 200
262 332
201 309
34 260
156 305
194 380
16 152
95 206
116 337
183 206
153 224
6 202
32 48
52 313
300 338
75 112
113 335
110 241
26 343
215 228
3 190
96 282
157 263
209 330
278 368
61 210
53 123
250 378
265 335
37 315
24 311
214 373
227 353
307 381
222 397
292 336
96 394
55 142
80 258
12 20
257 321
177 396
249 331
90 184
108 259
147 204
115 334
30 221
85 359
237 270
59 165
83 358
254 307
92 209
35 134
31 38
18 286
12 46
151 320
14 308
155 388
63 265
98 337
38 252
35 186
64 310
246 277
111 233
154 180
152 368
104 237
67 115
167 362
201 217
66 318
368 376
98 258
27 95
137 224
27 184
82 390
242 309
18 325
47 149
28 284
10 138
43 279
190 333
50 166
106 351
196 340
309 332
214 262
329 365
12 107
185 202
203 397
74 232
109 154
215 319
9 82
77 131
178 275
61 134
173 223
239 309
177 391
20 213
62 339
56 179
16 138
322 376
232 334
69 124
126 292
250 261
146 290
95 292
13 110
107 353
35 317
89 216
297 310
176 241
321 324
94 286
77 171
214 220
10 98
11 79
247 390
141 273
57 330
211 346
63 180
86 238
109 334
108 374
120 206
24 297
295 345
302 321
100 343
257 302
14 277
200 398
9 120
156 158
84 175
7 168
192 380
58 74
93 336
227 359
93 226
241 264
69 303
102 286
62 312
26 100
215 245
52 384
255 298
252 318
33 317
325 342
64 311
49 207
41 169
32 184
12 19
290 342
117 218
196 210
41 268
233 306
97 187
73 224
150 378
245 332
40 225
19 107
257 355
98 152
285 379
53 208
42 148
105 195
86 148
269 281
228 310
230 329
153 163
146 198
268 269
74 234
28 239
90 336
254 397
61 260
215 243
61 171
329 367
76 147
184 336
210 348
35 211
83 126
153 285
67 382
101 299
224 236
7 324
101 321
56 253
26 57
91 350
116 152
154 221
131 301
326 364
10 337
60 339
165 300
15 25
34 346
59 300
353 364
11 212
199 229
41 247
78 210
160 259
146 233
251 397
73 83
53 263
29 197
3 53
64 283
47 341
42 320
152 376
302 399
148 200
211 272
213 395
147 160
266 318
58 232
60 81
124 244
12 391
183 197
130 247
218 302
19 213
40 361
178 308
53 157
1 58
164 371
14 178
276 281
65 72
64 121
200 291
83 285
34 186
198 342
31 167
77 301
146 377
100 110
50 274
23 24
39 171
93 328
210 247
194 276
37 193
105 114
151 331
106 316
52 125
356 378
74 158
372 391
275 308
81 222
98 369
210 340
96 175
162 237
58 109
41 130
182 245
159 340
116 376
38 395
61 196
57 389
324 399
3 208
299 302
274 381
13 264
201 284
115 265
117 257
45 170
40 342
277 363
0 128
168 257
77 207
304 330
115 180
222 298
198 347
64 135
188 325
0 166
151 365
40 188
247 317
67 294
186 211
122 232
45 378
102 335
57 97
47 388
18 342
113 188
295 346
164 246
173 359
195 299
239 332
161 303
104 162
320 365
73 153
16 368
206 292
266 387
27 93
86 92
91 178
58 234
76 227
304 320
156 212
149 212
128 166
209 320
6 243
280 284
266 350
84 311
27 336
86 141
82 197
312 380
15 307
76 107
52 188
273 389
70 357
206 219
237 253
86 352
124 127
137 216
225 383
129 392
10 392
253 316
142 375
83 142
134 196
129 172
330 343
6 185
112 385
57 141
188 290
152 366
54 149
238 320
120 197
23 282
177 223
107 326
246 386
183 292
50 62
74 221
72 257
238 330
191 229
109 335
211 260
58 334
244 333
109 174
145 163
87 129
151 230
117 168
57 273
245 280
256 385
69 244
109 234
160 271
170 378
36 191
185 262
66 308
341 398
12 223
41 317
56 285
248 378
223 359
271 315
212 305
12 177
189 228
212 299
152 322
63 102
126 237
271 374
76 204
22 272
170 356
60 218
151 367
30 382
103 320
229 357
127 303
275 371
7 117
337 392
9 41
101 399
9 49
297 314
15 87
86 103
168 355
55 369
161 295
91 266
189 319
65 299
142 379
122 324
272 349
17 193
260 340
191 295
133 248
81 203
12 173
30 334
316 351
252 396
124 313
195 250
200 341
22 146
268 317
222 251
259 395
164 178
169 340
144 345
9 390
1 335
185 373
70 377
14 267
65 195
331 365
186 340
280 287
69 125
35 78
66 386
89 369
193 315
87 172
168 302
16 363
283 314
44 254
153 216
108 287
32 88
289 339
26 97
21 243
165 287
274 281
239 280
45 248
114 263
118 296
131 327
117 195
23 394
23 84
31 315
153 369
125 303
197 206
33 268
367 388
181 398
10 288
129 251
42 279
70 144
156 356
41 210
149 158
220 243
10 116
15 298
133 378
36 346
133 314
95 126
6 245
138 376
231 285
139 242
307 380
42 352
298 397
78 171
144 295
78 207
138 368
274 312
88 292
103 331
183 301
144 333
82 348
63 361
119 241
148 279
44 172
43 341
79 149
98 216
69 333
90 126
154 294
15 254
101 122
68 156
17 278
80 366
146 349
11 232
85 227
0 281
198 290
49 131
253 293
127 244
23 354
68 299
276 312
116 138
56 137
88 328
225 290
73 231
258 366
1 109
299 324
103 365
223 318
54 324
209 238
75 92
21 239
87 307
308 363
32 292
72 117
20 223
182 243
198 225
372 387
39 340
104 106
309 370
191 346
297 354
160 338
71 113
176 326
75 331
36 295
182 239
272 295
318 372
157 240
18 71
81 298
116 362
221 334
287 309
7 114
218 289
230 249
17 322
25 381
109 265
1 113
51 162
24 119
60 289
88 136
185 220
4 7
25 166
0 307
43 45
89 224
91 275
99 331
8 237
226 328
180 265
391 396
18 188
39 61
84 110
36 211
181 341
167 259
83 236
281 380
26 389
136 328
145 285
21 280
313 384
155 385
5 348
201 332
129 397
35 196
136 292
272 357
92 365
30 256
39 186
362 392
51 192
59 374
17 368
217 338
74 256
37 278
2 250
28 300
350 372
264 394
149 305
176 282
61 78
152 288
200 279
35 340
27 136
30 294
181 352
56 73
198 325
251 254
9 348
55 379
79 294
224 358
135 310
183 327
22 70
55 163
32 95
107 173
162 293
86 200
132 198
258 296
8 235
38 350
34 211
280 370
73 236
109 113
231 270
83 344
170 248
144 303
0 381
166 254
168 195
7 321
125 384
8 293
140 161
89 296
153 236
107 227
293 316
139 182
42 398
306 349
285 358
117 355
54 305
86 291
47 385
192 390
67 221
29 49
189 243
179 288
112 249
64 228
25 128
51 120
35 171
108 165
290 347
289 298
57 238
102 113
218 257
52 286
196 207
294 382
135 311
212 356
67 234
9 210
62 157
227 326
103 205
164 386
83 379
31 37
29 120
189 310
54 74
303 345
108 271
73 358
202 250
29 207
231 358
338 374
94 174
130 210
52 113
206 327
246 308
14 246
57 304
141 205
135 228
4 123
37 350
102 361
103 200
268 276
75 367
61 186
242 280
81 255
68 232
116 392
66 350
104 270
311 354
315 362
3 123
123 208
320 367
192 269
81 397
161 333
68 305
43 352
29 82
5 207
243 245
3 240
100 389
89 179
227 360
83 270
95 226
37 318
272 346
219 293
322 363
189 245
49 327
29 206
84 282
5 197
13 84
18 113
49 120
60 298
0 50
71 335
132 225
23 311
303 313
20 38
13 135
267 277
46 177
158 356
8 162
266 275
217 287
73 137
14 363
143 240
214 332
20 395
240 263
65 248
194 312
192 281
27 90
151 329
248 356
279 341
235 237
271 395
178 386
112 367
38 167
308 350
150 341
235 253
238 393
146 306
175 311
85 353
11 305
98 366
181 279
46 173
109 115
87 251
205 320
42 388
41 340
49 183
177 359
284 373
11 54
67 154
20 318
92 238
203 298
147 242
101 212
219 292
135 297
318 350
132 383
288 366
274 276
21 182
72 321
25 397
132 290
192 351
331 388
182 309
57 205
33 41
121 319
148 398
271 338
267 386
380 381
66 267
95 136
111 290
70 199
198 383
167 315
190 208
81 289
125 313
54 212
224 379
134 340
296 366
45 341
62 263
42 205
239 373
70 161
118 152
84 354
248 250
93 136
184 344
50 60
51 106
29 301
286 361
28 309
182 189
176 394
350 387
7 302
185 214
363 386
27 126
84 264
135 139
199 272
103 238
110 119
75 99
165 259
103 398
127 313
253 351
195 355
20 396
278 363
23 96
269 380
193 322
19 38
365 388
10 152
175 264
28 242
64 319
59 287
68 324
23 110
282 311
32 328
76 353
69 140
58 221
277 308
51 235
164 323
153 179
207 301
33 247
17 116
28 59
21 309
134 260
55 89
8 104
117 321
118 368
70 345
7 105
30 115
163 285
11 158
87 254
49 301
264 354
31 259
239 243
30 234
118 258
24 283
169 196
366 368
70 140
174 384
27 48
4 263
140 303
68 212
109 180
362 374
85 326
166 380
37 252
252 350
17 31
259 374
68 74
106 162
22 377
105 324
125 286
271 287
104 235
36 272
130 348
50 381
277 322
79 158
33 208
303 333
5 49
250 355
20 147
255 289
40 132
111 306
220 332
91 252
107 396
16 322
8 270
170 250
95 336
108 201
216 296
42 200
222 381
264 311
77 196
291 352
203 222
174 335
93 95
103 148
243 332
42 43
60 255
277 386
63 71
154 234
163 224
59 217
23 264
69 345
42 181
222 254
343 389
27 88
187 343
216 288
217 300
22 349
261 355
299 305
344 379
133 170
82 120
124 140
21 139
171 340
382 385
16 278
323 371
283 297
70 295
128 276
190 263
169 210
1 232
165 374
147 370
188 286
59 160
290 383
1 122
228 319
18 52
26 187
213 370
279 365
235 270
132 188
148 320
35 39
275 323
221 232
71 180
1 286
73 163
99 385
130 390
39 134
25 298
44 87
195 261
191 272
166 276
45 181
191 199
92 320
173 227
276 380
231 236
106 293
130 317
44 129
95 219
296 369
249 367
246 267
203 251
75 279
30 154
118 138
240 399
233 313
101 168
25 222
279 388
53 312
46 391
4 114
84 121
164 308
69 70
140 144
167 318
257 339
51 253
192 316
96 110
341 356
193 267
280 332
157 190
139 245
157 208
333 345
118 366
52 335
69 144
80 138
2 243
195 257
92 279
278 386
77 78
5 206
43 47
17 376
5 183
344 375
49 197
161 345
10 172
112 329
84 96
185 261
13 24
206 301
266 371
179 216
209 273
81 214
182 215
105 399
243 262
88 226
120 207
50 312
3 312
259 271
306 377
349 377
165 217
56 163
182 280
76 370
125 233
269 276
69 111
182 332
134 171
108 300
158 256
36 229
53 62
99 367
59 259
234 265
22 306
51 237
204 213
214 239
91 323
201 280
66 167
27 292
195 302
90 93
32 93
0 254
84 119
118 376
99 155
164 267
171 196
163 358
152 258
17 138
20 173
358 375
241 394
220 373
375 379
6 182
235 293
72 168
15 203
13 23
295 357
173 177
142 344
11 149
55 224
194 274
124 144
44 392
172 392
50 255
105 321
157 312
55 375
229 295
229 272
123 190
144 244
326 353
161 313
34 35
171 186
244 345
143 263
114 240
283 291
2 373
254 381
374 395
3 143
6 262
167 395
128 381
365 367
56 145
86 320
310 319
20 160
94 113
4 143
223 396
39 169
80 98
49 348
234 334
136 336
188 342
7 299
13 282
65 355
21 332
1 174
161 306
36 70
54 101
5 82
144 357
110 264
100 187
48 328
36 349
8 219
141 238
57 393
221 265
223 252
227 364
34 61
308 386
247 340
215 310
163 179
124 303
178 371
89 366
163 216
13 354
257 261
3 62
64 354
125 347
153 375
48 88
209 393
252 387
74 154
9 130
27 32
114 399
216 369
42 86
188 361
52 174
137 179
168 299
236 285
29 292
44 251
32 336
258 376
182 242
79 334
34 134
51 293
325 347
39 196
281 307
149 356
58 115
123 240
126 270
61 340
21 28
0 380
162 235
123 244
113 286
358 379
24 64
70 229
205 209
139 204
290 325
113 361
168 399
279 398
169 247
305 356
80 368
282 353
107 360
197 219
239 284
30 67
33 194
15 222
92 103
142 236
148 352
105 168
11 74
325 383
256 382
103 388
228 297
179 224
25 254
120 348
4 399
83 231
318 387
76 242
175 354
280 309
90 95
271 300
214 284
2 6
359 396
18 384
317 340
297 319
238 304
57 209
252 372
117 299
301 327
201 300
115 221
138 152
128 312
115 154
103 279
86 398
55 153
123 157
55 73
102 188
259 315
49 77
315 374
288 337
150 356
174 286
133 181
19 396
159 317
142 358
178 323
139 215
31 66
71 361
124 345
342 347
195 321
199 357
19 20
221 294
236 270
117 302
111 377
35 61
103 352
278 322
218 355
109 221
205 273
202 262
35 260
119 264
16 376
28 287
15 251
69 161
114 143
16 17
4 218
164 372
191 211
104 253
8 106
45
117
238
60
27
118
47
163
79
70
57
143
165
33
86
91
118
126
86
32
80
82
114
60
146
80
30
216
126
98
91
144
121
131
28
63
171
78
135
28
23
102
182
95
60
113
191
84
14
40
21
152
130
176
39
142
92
65
95
179
122
89
94
129
67
136
91
96
97
88
55
135
171
101
208
144
111
57
25
121
114
65
148
181
108
91
168
41
30
108
90
36
145
32
143
148
121
107
81
61
166
163
37
69
86
47
203
95
207
47
55
112
29
44
106
151
66
24
81
78
147
159
57
31
102
69
149
100
180
58
22
181
163
150
139
58
47
201
32
173
104
84
113
96
130
112
79
61
101
88
52
127
73
192
34
142
85
69
156
138
79
81
163
52
78
79
157
95
73
66
158
116
117
127
172
53
150
32
21
113
138
40
177
107
82
190
58
142
97
202
71
126
29
39
128
111
163
104
62
117
46
133
96
138
43
97
123
122
109
111
54
113
99
67
168
67
155
67
72
114
81
114
71
42
195
139
69
160
73
42
108
113
142
197
138
149
112
56
125
75
113
106
92
81
139
180
229
199
56
130
71
72
140
52
106
52
132
138
133
147
189
95
156
51
162
174
97
81
144
149
149
61
156
125
125
105
25
98
63
102
95
43
46
117
113
73
179
50
139
26
58
70
154
161
74
147
24
109
163
192
168
134
54
129
21
94
123
59
165
213
41
61
115
58
75
102
24
56
123
32
179
19
26
89
154
48
66
160
116
103
140
132
95
155
62
53
174
132
160
121
26
179
91
155
51
47
28
41
39
27
130
30
118
66
75
185
117
143
62
133
112
187
112
35
81
121
118
41
45
172
107
15
80
176
43
89
37
94
13
153
29
75
15
155
151
73
7
102
86
72
143
134
84
26
143
33
96
137
123
67
174
160
73
77
243
89
144
212
116
149
96
89
64
135
131
120
15
150
27
31
75
113
33
94
158
59
156
46
26
147
131
56
71
102
96
107
105
29
16
147
102
97
85
112
187
77
145
140
60
148
129
67
70
104
113
129
118
65
74
118
103
93
119
134
81
203
152
44
195
90
97
121
168
265
63
99
54
56
193
176
194
48
76
87
92
52
52
116
143
99
20
22
21
51
77
142
27
148
72
71
199
58
133
108
129
106
77
88
50
202
122
151
151
86
122
79
196
80
91
96
70
117
55
31
153
134
193
126
181
55
114
78
169
59
134
70
99
143
71
52
126
117
69
37
185
213
167
188
45
21
44
130
203
66
71
74
48
102
177
114
94
52
149
110
158
129
94
184
80
102
76
67
91
20
218
89
92
113
141
51
129
150
61
87
111
129
73
82
103
60
80
95
142
58
130
59
130
65
91
75
154
184
102
45
74
38
19
193
155
40
110
77
74
150
51
90
60
149
87
100
50
98
154
46
218
100
143
98
85
77
56
133
163
102
87
79
78
215
133
34
154
45
116
97
130
150
82
81
105
88
105
67
78
133
148
95
78
168
145
126
57
128
192
57
152
109
53
105
71
73
73
58
86
58
154
113
136
64
104
117
33
69
14
52
16
99
96
15
121
162
165
30
140
92
35
40
114
94
91
33
91
106
33
55
48
36
24
82
168
79
84
101
78
97
105
116
40
86
126
157
90
88
85
55
108
25
87
26
77
15
86
79
129
155
88
158
59
145
137
71
38
118
121
71
90
106
193
118
75
95
85
35
128
98
163
198
95
23
52
71
58
54
119
32
168
40
69
161
91
36
95
112
88
40
164
85
41
41
228
71
177
96
57
51
216
95
45
204
75
75
126
190
69
53
95
90
197
117
32
70
121
218
45
47
78
132
85
97
146
58
137
122
184
104
101
62
205
108
42
85
156
47
101
163
167
69
185
118
141
116
62
134
114
157
72
21
104
93
81
67
82
74
78
118
100
112
39
44
26
37
236
42
48
92
63
83
134
117
117
68
169
24
89
97
70
218
141
207
39
245
150
124
116
78
169
179
70
74
19
132
33
62
43
24
123
11
117
116
145
111
143
136
60
169
116
57
50
140
137
75
47
80
101
169
134
159
218
32
155
170
151
35
87
154
68
96
57
98
43
148
190
30
177
61
65
130
108
121
149
148
39
98
248
138
51
56
92
87
82
140
45
55
119
51
21
89
124
130
38
44
135
105
101
66
228
74
7
44
33
95
87
78
55
67
61
165
125
25
136
146
107
101
91
167
53
83
101
73
66
111
125
84
44
121
79
60
118
158
93
109
125
195
27
176
85
172
28
108
113
83
118
89
82
154
63
155
87
58
131
36
200
66
70
143
187
67
38
99
23
54
29
47
126
117
99
22
127
66
60
158
131
105
212
82
174
95
35
202
28
189
139
83
215
56
22
131
75
108
87
192
124
97
56
41
146
19
89
62
122
63
108
81
51
69
150
105
57
46
123
71
161
99
178
116
23
106
139
52
55
36
65
107
41
173
39
190
104
53
102
186
183
83
39
8
133
74
104
49
102
129
138
132
117
138
68
164
125
49
42
132
145
86
78
76
152
41
198
63
121
81
214
41
58
265
47
70
153
130
48
105
111
8
149
90
146
120
163
78
70
73
119
68
93
51
210
58
95
108
240
211
134
142
86
85
186
74
196
60
195
72
185
56
63
159
56
33
69
167
79
95
53
31
43
171
81
56
81
63
156
98
27
58
99
136
40
47
62
129
123
111
69
63
120
146
144
45
135
84
72
106
246
58
200
172
32
71
87
121
155
94
173
50
119
200
154
144
71
67
148
108
110
195
84
103
122
87
69
103
69
145
21
39
39
90
15
107
150
97
54
127
14
64
83
82
24
83
47
121
78
145
46
104
73
115
85
89
73
63
60
23
40
134
63
35
107
103
68
133
132
92
112
113
149
116
144
110
96
72
111
59
198
220
68
114
70
68
81
137
81
53
139
180
140
72
117
74
30
94
132
176
85
57
62
95
192
98
137
49
133
142
126
57
180
67
56
118
123
66
147
70
21
162
91
26
120
192
61
39
123
68
91
75
91
105
124
118
81
100
112
118
106
87
77
68
106
132
77
162
142
68
75
104
238
85
47
185
169
59
95
16
119
22
43
54
128
65
100
214
49
116
61
88
79
43
46
223
51
144
105
102
79
25
80
114
88
87
51
136
91
109
222
120
37
55
183
106
79
72
97
62
184
99
101
34
162
92
151
189
74
161
142
102
92
80
129
101
114
100
160
136
76
171
98
164
121
43
85
80
90
59
141
125
233
103
160
171
77
63
161
62
29
31
159
115
97
205
49
173
36
34
191
76
72
81
86
80
142
57
150
89
48
177
70
127
120
116
125
112
112
136
35
117
225
143
126
192
70
171
55
125
17
173
40
87
45
138
157
199
64
198
108
97
59
160
185
83
111
37
196
78
59
77
122
62
150
158
47
84
174
119
123
100
137
156
162
89
55
22
146
90
29
60
110
16
73
149
36
78
125
141
144
112
112
121
166
93
81
99
99
190
82
54
72
106
118
32
78
190
118
180
12
208
64
75
38
105
62
68
47
104
90
119
79
152
53
96
88
258
14
98
117
140
232
184
111
109
99
121
137
129
36
174
107
54
77
30
44
115
11
72
145
29
47
104
24
63
115
39
53
103
173
67
81
307
111
28
24
43
147
161
93
86
94
110
96
116
153
60
59
58
65
96
75
116
94
65
174
164
232
124
54
188
108
113
51
95
247
97
48
211
228
205
187
109
156
133
60
135
37
118
38
168
171
40
21
224
111
59
102
154
49
149
108
55
47
114
57
135
115
82
141
58
124
62
83
65
123
168
70
138
77
167
149
123
94
148
128
173
111
136
132
126
28
90
94
47
112
105
96
126
150
71
49
166
57
59
155
87
73
211
143
140
163
118
150
347
61
180
175
50
57
136
75
178
72
139
48
35
105
97
86
90
53
70
54
162
132
69
7
110
123
47
120
123
180
69
96
67
124
318
162
136
81
88
78
50
65
151
84
154
162
49
138
59
162
133
62
58
30
34
155
29
70
50
49
102
159
76
88
42
125
57
181
136
182
50
135
62
78
137
147
43
32
175
83
72
73
119
46
107
110
61
126
89
91
143
96
76
11
83
60
112
107
93
53
91
85
107
49
247
50
68
34
57
112
67
220
189
178
93
171
24
228
100
138
62
63
220
147
140
257
94
90
85
162
23
19
78
194
60
107
180
101
84
77
144
35
194
85
180
123
35
49
86
56
82
85
87
28
57
128
117
50
84
102
201
55
65
110
36
88
59
86
49
79
46
54
90
111
118
46
43
148
105
31
114
60
174
126
115
72
120
91
184
175
198
103
64
168
53
78
65
92
71
94
181
70
79
96
73
78
93
60
34
133
130
47
6
54
139
79
129
103
162
77
101
150
96
72
111
8
93
47
54
62
60
74
77
43
97
145
24
85
78
48
76
79
107
129
45
24
140
245
60
40
66
109
154
44
96
92
155
172
39
130
20
49
25
71
200
71
79
90
54
91
97
86
32
75
160
117
133
98
59
93
