59 475
624 607
410 698
327 770
440 728
329 265
187 303
766 475
223 562
403 468
130 69
690 682
11 616
587 204
692 58
25 100
534 771
543 202
397 192
293 485
399 39
735 427
498 377
700 161
151 433
497 194
589 146
280 274
80 64
318 475
163 509
108 670
187 170
438 665
247 560
512 171
688 725
278 322
401 583
150 131
235 523
3 479
582 63
88 799
44 579
195 717
164 307
151 159
714 642
732 234
70 642
633 474
594 191
511 129
570 103
455 756
431 707
111 137
521 634
384 235
104 249
500 142
545 244
435 421
695 202
479 396
224 203
792 44
556 413
270 358
6 198
172 549
661 583
425 640
464 685
373 774
611 742
283 127
683 549
615 242
362 560
739 509
253 776
153 385
213 361
539 641
65 246
515 198
95 671
60 587
160 717
515 61
683 528
340 667
626 618
509 743
105 160
669 512
659 744
628 351
435 493
618 706
632 718
687 416
4 403
167 354
244 577
536 520
193 186
625 747
131 336
416 442
306 332
77 575
35 799
351 552
263 266
276 494
566 529
308 782
624 711
753 402
305 634
213 351
747 791
122 707
200 303
785 209
632 140
197 663
671 78
756 357
354 27
408 759
215 578
242 717
397 636
756 301
720 317
264 412
590 48
710 698
152 164
558 247
725 698
577 68
652 472
138 572
217 701
787 252
479 209
603 63
346 326
268 603
712 458
469 719
242 582
735 117
508 480
456 744
63 647
214 233
634 397
214 537
691 386
14 212
67 599
105 293
726 535
551 361
223 614
328 603
345 53
484 799
288 437
316 314
637 91
436 683
78 85
419 501
63 548
638 781
435 711
265 673
332 485
700 236
70 346
520 669
655 135
677 601
271 766
226 386
743 228
333 587
692 657
227 23
100 450
736 470
750 599
738 617
666 3
560 567
58 695
425 608
320 342
664 346
12 681
244 627
752 437
53 245
741 711
777 423
434 582
677 710
740 290
720 207
747 243
590 429
8 78
219 361
72 338
605 671
507 674
356 362
630 520
653 118
160 468
794 31
243 748
633 63
665 313
82 147
207 688
611 532
138 669
219 101
745 110
582 702
682 684
522 620
282 339
439 140
685 426
305 697
24 769
242 503
334 514
292 177
357 159
280 171
204 193
779 176
304 786
247 401
601 373
717 699
358 286
56 729
137 791
643 595
322 202
506 357
473 738
361 239
83 70
424 716
730 138
93 320
561 441
752 420
49 304
36 495
227 359
330 278
799 173
235 441
215 137
264 641
562 545
258 658
203 275
630 151
539 343
651 222
318 578
495 177
465 667
111 502
364 670
663 157
380 88
395 99
105 675
111 785
289 683
632 47
672 355
502 19
560 486
790 211
219 63
467 559
136 29
768 697
289 124
80 735
661 645
349 364
552 551
233 260
524 411
484 492
657 83
460 366
50 411
47 281
391 780
569 233
365 307
691 552
7 646
619 320
659 199
94 601
643 113
189 618
483 347
460 619
682 748
125 598
761 234
672 231
367 749
119 549
710 58
172 264
103 495
434 502
20 594
771 672
94 581
710 285
555 511
319 407
245 698
446 525
374 219
353 354
410 447
599 45
431 716
364 429
78 245
505 413
588 188
711 669
603 468
393 230
541 175
223 215
699 85
195 630
85 652
693 677
565 139
679 516
610 413
115 177
249 650
374 616
274 711
287 542
295 541
476 137
52 550
594 340
112 508
572 326
328 181
503 434
19 477
505 95
713 119
719 27
90 370
204 678
518 172
172 644
661 399
299 789
106 636
74 648
761 121
236 143
466 461
146 446
294 380
797 427
255 600
29 703
45 344
165 231
4 133
46 126
279 385
160 323
225 281
44 374
31 390
32 393
90 234
99 321
185 331
134 325
177 350
93 171
35 285
196 226
353 379
32 276
122 284
156 163
103 121
208 397
20 297
118 356
122 279
177 182
129 344
152 318
84 272
241 285
141 194
57 142
252 389
159 262
3 190
358 386
110 126
158 337
64 331
106 153
92 97
83 105
96 178
33 177
162 388
225 360
228 232
111 351
268 366
69 204
218 264
25 358
280 335
39 231
13 317
160 390
34 170
107 201
139 343
134 207
50 292
112 204
49 216
49 137
194 255
157 236
157 382
175 347
88 125
271 314
1 94
208 269
287 376
249 393
106 372
122 183
224 356
25 285
171 284
160 362
27 116
254 377
210 303
15 231
37 240
128 225
76 98
207 361
270 352
54 145
63 379
366 388
151 312
304 393
131 137
85 201
102 109
311 345
31 125
148 228
305 399
184 246
167 220
61 358
343 351
169 282
153 171
146 366
1 259
216 299
72 319
46 280
154 242
32 142
129 170
20 91
24 83
103 388
45 90
36 144
125 202
121 269
180 338
228 370
180 333
279 370
120 221
128 281
170 361
188 322
19 40
144 210
46 267
83 123
160 206
48 255
42 145
175 204
164 388
71 134
37 204
254 388
126 280
77 247
5 152
78 168
215 266
190 252
21 208
4 316
298 308
204 318
16 262
238 355
166 391
147 376
188 382
99 205
60 167
77 132
61 381
321 377
149 251
141 255
109 328
196 287
8 106
148 183
22 68
149 299
220 384
11 238
53 358
152 223
179 311
337 394
66 280
5 27
174 343
88 160
134 361
184 372
37 112
172 291
54 176
102 213
59 346
24 336
73 74
160 202
17 143
74 327
55 182
8 398
92 233
347 396
88 257
225 324
323 391
75 389
60 209
107 158
170 387
23 185
19 246
152 204
119 389
26 128
43 257
10 264
13 283
1 221
180 336
129 232
115 372
29 351
244 257
158 268
160 320
47 142
24 226
61 373
136 288
17 62
338 374
255 355
75 119
112 152
65 261
13 358
292 390
242 296
169 326
154 269
81 168
4 55
116 359
124 328
127 274
250 359
33 327
217 298
69 191
9 100
166 362
89 338
247 393
340 374
176 225
158 298
23 64
64 215
44 323
29 372
180 340
0 287
242 269
45 148
111 179
165 315
147 340
256 346
87 317
130 382
212 301
42 297
12 160
248 291
321 375
358 364
236 392
141 238
334 360
197 211
120 213
69 139
277 398
129 148
46 123
150 386
56 286
291 378
72 259
25 386
162 164
122 193
83 186
86 352
0 336
31 362
226 376
14 229
248 290
53 285
118 308
72 189
360 392
260 273
257 399
176 229
103 164
7 154
248 304
281 289
28 231
139 253
5 260
314 380
130 188
289 322
23 289
130 360
204 347
241 291
173 262
42 151
17 150
310 394
292 305
24 395
203 286
155 187
233 365
65 348
127 216
56 265
52 128
189 319
99 164
254 282
171 372
209 352
51 356
41 271
289 382
268 379
285 373
238 306
52 79
196 271
112 240
54 364
96 142
14 334
78 92
121 154
74 155
243 294
7 197
226 395
174 253
32 250
78 97
48 189
213 328
137 330
9 337
205 296
139 272
283 331
160 391
69 84
141 303
180 323
14 382
38 115
74 350
235 300
269 397
155 222
290 291
93 369
268 356
203 212
10 302
236 360
179 348
295 312
156 170
17 386
89 340
236 334
15 28
42 54
98 213
207 279
153 170
102 181
96 367
371 372
69 396
108 161
15 178
124 303
368 385
51 97
337 348
142 250
217 254
5 175
70 315
185 330
73 327
132 304
179 394
101 221
144 303
162 254
23 266
67 227
29 343
176 188
146 224
156 398
4 350
32 96
68 379
56 155
214 330
51 146
298 342
18 346
267 352
92 168
65 379
52 281
69 219
92 365
196 314
195 276
45 385
15 57
31 234
36 210
119 228
76 101
204 307
88 391
307 343
224 278
77 300
145 176
30 226
228 252
28 302
27 112
113 323
250 309
118 278
187 286
35 87
213 255
2 350
311 337
209 315
194 199
201 308
66 116
364 381
140 229
157 360
35 150
264 302
48 199
296 388
223 307
56 159
44 89
325 385
137 214
7 208
195 300
24 287
295 349
361 387
216 341
148 370
64 283
32 235
163 371
225 312
87 143
26 52
30 287
59 378
83 110
82 252
194 306
7 397
236 266
79 322
6 335
307 318
179 337
279 398
248 378
0 314
4 265
332 350
103 296
131 211
153 279
3 316
21 242
19 117
22 379
146 365
260 378
105 219
193 372
176 312
52 317
66 108
175 307
320 399
30 376
163 245
32 367
64 216
66 359
128 176
55 133
217 356
82 228
251 330
192 215
29 246
80 369
43 293
250 393
170 277
144 194
42 349
62 317
35 373
325 387
101 213
249 378
288 369
43 125
215 251
245 275
183 279
155 182
60 267
30 163
87 285
104 314
164 205
300 393
322 331
106 170
50 89
175 256
114 257
185 192
114 293
159 173
56 182
79 143
170 368
129 387
1 189
38 203
112 273
332 389
151 324
391 399
191 275
5 116
105 110
156 207
118 298
69 272
116 161
102 237
39 178
20 290
286 327
118 224
4 159
14 312
36 124
236 382
153 277
254 296
221 306
166 390
52 322
202 244
246 284
373 381
117 371
71 147
55 95
186 315
75 133
100 348
55 316
56 74
66 249
89 323
11 306
127 330
134 156
225 289
356 366
178 264
115 246
40 163
98 120
139 174
100 345
230 321
114 244
268 298
314 384
40 156
77 378
313 326
158 379
178 218
142 367
125 293
9 111
53 373
88 323
97 168
50 362
121 164
168 198
25 35
170 325
78 224
37 116
94 189
90 148
166 374
198 199
263 378
167 352
276 300
51 365
280 309
183 344
188 281
89 391
303 339
95 262
50 320
232 279
26 358
211 397
263 273
36 255
130 229
265 350
307 347
126 161
278 342
27 240
131 269
238 363
253 272
22 169
80 193
89 113
261 326
155 286
95 155
180 380
155 173
78 365
301 337
284 398
213 238
35 364
278 298
279 368
55 262
144 339
308 342
10 195
249 276
19 184
229 360
129 325
44 166
139 219
112 175
93 243
20 291
2 265
37 69
34 371
48 306
263 318
149 216
242 388
78 189
84 219
38 301
60 270
287 395
95 159
118 342
161 280
159 265
190 370
154 211
189 194
110 384
204 273
40 117
131 164
152 175
22 353
88 362
227 392
203 301
234 390
33 73
121 208
65 353
8 34
103 208
227 236
6 46
31 50
146 217
312 324
243 288
125 234
10 300
202 257
273 318
77 248
143 354
51 366
50 88
194 363
49 149
17 364
2 177
28 218
31 391
70 352
266 392
102 238
196 395
202 292
52 283
125 292
40 71
188 289
120 238
138 296
202 206
203 369
125 257
69 123
144 213
22 65
116 273
23 392
70 209
34 106
148 279
78 81
197 208
291 373
36 98
131 214
306 355
180 374
309 359
49 192
48 355
196 376
317 354
193 371
217 366
55 173
21 103
50 206
256 318
43 258
0 104
226 287
188 225
11 355
255 339
10 39
70 231
65 326
29 117
2 56
115 371
42 176
2 73
205 388
198 319
94 221
126 309
23 225
108 393
135 344
270 315
277 294
277 279
253 275
97 319
72 78
151 349
199 355
164 269
205 375
64 185
6 309
20 241
113 333
125 305
193 369
74 177
63 353
6 110
102 328
2 74
254 321
46 167
248 346
152 273
36 328
152 307
47 57
346 357
24 30
65 313
210 355
89 180
73 203
47 96
323 390
353 394
209 267
185 214
360 383
183 207
99 254
175 273
186 314
36 238
230 296
137 341
30 336
247 304
170 207
202 362
204 343
107 118
3 389
95 222
13 26
214 341
25 150
312 383
9 345
310 379
121 131
267 270
359 393
153 207
139 396
102 221
0 271
312 360
81 365
336 376
58 85
111 394
50 166
57 96
329 390
110 267
177 265
59 357
200 229
141 328
71 333
20 132
148 385
133 332
115 284
304 378
201 239
113 329
39 96
28 178
12 89
98 109
100 394
213 355
10 28
82 135
118 201
129 234
80 115
333 340
9 184
175 223
8 163
115 193
238 255
348 394
50 323
233 308
294 368
266 289
54 349
319 365
160 166
64 192
18 260
222 239
74 182
156 371
164 230
174 184
3 82
107 308
6 219
241 373
150 285
66 309
212 345
44 113
49 215
7 168
219 240
43 244
55 155
329 333
14 130
123 253
113 338
51 224
169 377
135 294
45 129
267 384
20 172
10 47
220 270
202 305
42 91
42 229
21 164
195 235
112 223
318 347
75 332
374 380
83 384
186 384
185 341
4 177
298 356
34 117
233 342
311 379
78 319
334 382
67 157
145 295
11 36
117 372
140 295
132 290
101 237
66 247
354 358
32 108
8 153
53 91
167 384
76 109
368 398
168 197
268 310
4 182
189 306
168 365
296 321
292 362
271 336
229 349
307 396
215 322
15 70
108 359
39 108
57 264
10 178
3 75
8 134
108 250
79 283
344 370
34 372
362 391
79 331
227 383
17 358
158 278
127 215
230 341
119 252
72 365
208 211
185 216
108 367
68 261
25 373
161 359
34 40
88 305
72 224
17 52
22 282
136 212
320 391
137 216
99 377
247 260
306 363
141 210
206 257
67 236
101 109
38 369
130 383
85 222
151 176
82 119
194 238
0 180
11 363
323 333
233 298
336 395
99 230
158 353
144 255
266 382
135 232
5 318
178 302
224 319
53 386
231 264
99 375
5 346
247 248
135 228
17 317
189 259
281 322
107 298
21 269
233 356
89 329
113 374
127 251
205 341
16 55
19 29
138 214
97 365
14 295
162 366
113 147
190 389
283 289
282 375
26 324
157 266
141 213
139 275
254 375
124 144
323 362
84 191
233 278
239 327
79 321
206 320
61 386
311 394
120 181
146 356
92 319
77 235
11 194
213 363
48 198
57 178
84 105
38 80
210 339
90 385
73 136
364 386
56 350
253 396
246 371
251 392
80 372
85 239
70 86
178 231
154 208
55 265
294 344
130 295
88 292
100 111
103 162
229 324
7 211
333 336
61 87
243 344
279 344
8 156
105 191
44 340
244 305
147 329
246 372
79 354
47 108
119 190
89 374
274 392
99 162
185 283
192 299
130 225
162 205
134 163
106 398
137 138
7 81
122 368
86 209
51 242
268 342
17 87
23 382
169 254
107 233
285 358
252 332
55 159
348 351
92 189
107 311
82 190
165 209
130 324
299 330
183 368
111 348
361 368
102 120
176 349
120 237
103 242
220 267
217 268
8 170
86 165
225 382
165 352
183 294
34 245
9 394
148 344
46 105
100 337
277 368
66 276
116 280
106 207
192 330
95 173
326 353
73 286
161 335
136 203
197 242
169 353
58 327
108 142
143 317
101 238
46 84
166 329
140 176
34 153
182 265
49 64
83 395
41 314
60 86
34 134
63 313
18 241
344 368
188 324
212 369
142 276
191 396
159 182
91 145
60 96
201 233
186 270
39 367
12 320
141 363
207 398
256 357
93 294
261 310
115 369
261 377
47 250
167 315
180 376
37 273
111 337
49 299
171 369
29 174
248 260
235 393
109 181
169 261
49 330
283 322
16 95
261 353
32 359
48 238
16 76
315 352
281 354
207 368
223 347
9 179
84 123
93 122
72 94
98 181
257 293
155 177
289 324
335 359
270 384
6 280
87 150
340 390
249 260
222 286
26 364
217 310
268 353
155 159
61 241
66 161
121 211
58 74
83 84
186 220
25 53
221 237
385 387
97 233
229 295
122 171
44 180
263 357
151 295
48 194
17 354
5 256
2 33
26 354
185 322
48 141
149 192
182 350
310 353
184 351
73 212
355 363
11 48
100 179
11 213
15 264
60 352
2 4
232 368
209 270
2 182
162 375
226 336
192 341
199 339
261 282
255 303
98 102
30 71
129 385
27 309
224 365
37 175
158 342
30 395
128 324
276 393
63 65
22 313
224 233
106 371
172 290
12 44
49 214
19 245
320 338
143 377
37 396
201 278
9 351
259 306
96 231
77 304
66 393
45 228
201 342
140 297
35 358
81 92
104 380
69 175
138 341
176 295
69 112
100 301
147 333
166 180
69 253
52 358
113 180
215 330
85 237
151 229
33 286
66 250
87 386
285 386
205 321
262 350
162 242
169 375
48 363
91 297
186 267
248 263
65 310
325 361
232 385
50 390
250 276
47 276
312 334
76 120
39 235
141 144
109 237
130 312
89 166
204 396
45 232
180 287
74 222
247 378
77 172
263 346
38 327
39 47
29 184
333 376
316 332
12 206
118 233
61 285
207 277
77 393
22 310
17 35
294 370
210 255
235 304
379 394
112 307
167 267
84 253
159 350
144 238
107 342
114 399
144 363
219 253
73 288
16 173
5 357
5 263
179 345
281 324
129 361
274 299
76 237
52 354
91 381
79 317
32 47
6 123
134 398
261 379
226 275
36 363
155 350
65 394
46 335
40 371
80 246
97 224
80 171
129 368
107 278
282 310
170 398
110 186
297 381
13 79
138 164
83 219
67 334
160 399
73 369
243 370
49 341
31 160
108 276
60 367
187 237
256 263
62 87
1 201
56 262
176 360
200 334
33 182
167 335
77 249
167 209
3 243
133 350
259 319
141 355
235 276
301 311
27 37
92 224
11 144
106 156
187 239
14 200
278 308
33 222
126 335
53 241
106 134
18 291
86 315
34 398
86 167
218 231
0 380
117 184
220 315
98 238
32 161
149 214
376 395
168 319
345 394
68 353
97 154
101 120
251 266
147 325
136 327
69 240
19 372
147 323
137 149
72 306
19 174
50 391
97 146
153 156
88 390
64 289
343 347
116 309
47 231
390 391
81 197
32 57
5 59
7 269
117 174
195 302
174 351
0 41
243 279
3 332
1 72
249 304
92 146
317 358
34 163
68 298
18 248
154 197
1 306
25 87
90 232
68 310
98 328
80 284
74 286
39 264
113 340
292 391
11 255
240 396
15 218
152 256
260 346
245 371
114 258
251 299
4 262
162 217
126 272
192 251
216 330
58 286
59 263
68 254
5 112
310 313
122 277
27 175
139 191
167 186
28 39
38 136
4 56
32 39
109 213
22 261
202 391
334 383
18 263
39 57
324 360
38 73
112 396
250 335
25 61
180 271
343 396
21 154
103 269
78 259
26 54
54 140
90 258
145 297
133 265
239 286
4 74
148 232
85 221
136 369
47 367
60 335
208 242
41 374
40 106
204 223
192 216
128 289
200 295
205 230
127 192
11 141
231 367
50 160
122 294
42 140
99 296
152 347
144 355
53 364
190 344
14 360
145 229
41 380
49 331
244 293
282 377
23 188
12 338
84 126
28 264
162 296
229 312
99 388
214 216
75 265
123 126
219 272
101 102
13 52
63 351
342 356
125 258
223 351
373 386
128 188
105 123
85 187
26 281
21 211
8 71
54 381
215 331
146 154
121 397
135 385
63 394
88 202
55 350
21 197
155 262
54 151
153 398
13 62
140 145
36 141
301 327
158 311
244 399
185 215
189 198
76 102
67 383
33 203
13 354
230 375
265 332
63 100
149 330
49 185
206 399
329 387
127 299
256 273
82 370
267 315
64 322
136 177
174 396
33 350
240 272
67 392
38 212
193 284
251 274
202 399
14 383
337 345
127 149
14 157
135 183
7 21
39 276
42 295
280 359
61 364
313 353
161 250
329 340
188 312
300 302
31 88
181 328
331 341
7 121
87 358
160 292
21 397
76 181
284 371
175 318
25 62
81 154
135 190
247 249
105 126
53 54
1 233
60 315
212 327
197 269
130 176
234 292
134 170
121 197
9 348
12 166
344 385
346 378
158 310
0 374
277 344
194 355
155 265
104 186
223 318
138 205
135 370
68 217
375 377
34 156
112 347
154 365
157 392
258 305
9 63
132 291
43 305
167 270
62 143
171 193
126 219
124 210
72 92
71 163
0 196
279 294
88 234
21 121
58 187
182 262
164 296
191 272
54 91
94 306
81 97
17 285
65 111
105 384
175 240
177 286
93 136
176 324
187 222
166 340
123 191
119 332
41 104
122 153
30 147
18 59
183 243
190 228
46 110
323 374
220 314
68 366
35 386
77 276
261 313
157 334
271 374
86 270
6 84
24 196
70 165
166 323
37 272
35 53
135 148
52 364
133 316
189 199
8 40
110 167
33 136
132 172
293 305
39 142
23 157
58 239
114 305
57 218
266 274
254 366
191 253
110 220
227 334
2 136
23 215
23 322
200 383
176 281
169 310
82 389
164 242
63 111
158 394
241 290
258 293
74 187
352 367
22 326
276 304
215 216
339 355
51 233
152 240
257 305
382 392
98 101
18 357
234 362
33 56
228 344
130 334
33 74
32 66
57 231
68 282
103 154
59 256
63 348
38 193
303 355
256 347
68 169
40 134
140 349
128 312
36 213
115 171
232 387
133 159
49 127
232 344
76 328
27 273
73 177
76 221
117 246
204 256
75 252
282 326
44 338
266 360
361 385
192 214
13 17
284 372
271 380
14 176
103 146
53 61
57 367
354 364
41 180
131 138
274 330
5 273
40 245
51 217
86 267
94 259
123 272
28 57
59 273
6 126
99 366
45 135
196 336
172 304
100 311
309 335
117 245
287 333
31 292
43 114
362 390
18 378
153 284
145 151
53 381
203 327
207 325
117 275
68 268
225 229
146 242
287 336
191 219
223 343
260 263
161 309
204 240
183 370
166 338
56 177
323 340
249 359
19 371
35 61
90 125
58 222
6 105
109 120
13 143
2 288
228 389
59 260
290 304
30 333
2 332
255 363
93 288
4 155
10 57
21 131
94 194
183 277
153 368
234 387
105 272
113 166
123 219
174 275
3 119
140 151
36 102
301 345
75 316
211 269
205 254
323 329
360 382
81 319
50 202
106 163
3 252
138 230
17 25
145 349
0 376
146
166
95
51
113
72
94
46
46
144
129
64
28
85
65
105
35
134
47
65
124
135
166
98
310
209
81
74
63
51
31
166
90
53
10
25
77
67
111
94
104
81
25
41
155
42
72
99
100
62
138
148
155
141
90
136
57
123
76
155
90
96
51
28
31
167
128
19
36
121
110
112
31
22
8
86
79
143
151
49
35
37
38
160
53
218
23
80
100
119
91
53
162
143
145
104
88
134
46
126
54
125
100
65
153
100
116
40
140
128
51
89
74
150
45
62
119
179
104
93
38
83
143
36
179
118
163
155
63
13
50
185
113
21
117
179
128
99
21
39
49
85
141
71
29
79
175
80
80
101
20
149
145
137
125
60
73
201
91
52
45
282
99
98
189
18
59
104
35
57
203
115
97
23
158
59
164
87
217
126
57
72
161
198
66
119
141
69
19
204
81
118
119
125
49
72
87
169
190
26
127
177
64
141
94
138
66
48
25
100
231
94
139
196
195
29
117
132
122
102
105
15
68
72
77
124
128
41
172
119
61
88
39
214
172
55
63
92
164
79
59
78
93
76
75
88
150
93
151
59
47
120
76
47
58
132
125
87
125
60
171
148
69
91
70
143
60
227
116
92
43
74
55
68
64
137
97
140
122
106
195
130
128
130
59
55
110
132
212
15
137
83
120
177
143
56
60
34
199
141
101
35
75
135
165
40
89
39
80
154
59
59
95
66
43
103
80
48
143
139
101
41
182
159
100
122
144
33
70
84
118
149
108
64
86
48
164
82
124
73
88
198
54
52
83
18
58
117
83
44
47
75
152
79
41
64
50
172
134
13
102
48
15
120
96
128
70
129
59
100
65
92
27
171
147
59
42
74
63
113
60
71
105
125
120
72
105
94
131
82
37
16
85
80
148
189
69
116
75
135
62
109
274
74
123
206
89
91
100
52
39
37
179
112
115
58
45
132
109
113
139
53
56
39
97
106
45
134
146
13
81
283
48
270
60
56
113
63
46
87
97
201
269
178
46
177
175
111
41
161
30
79
73
115
63
121
69
63
43
133
142
85
99
134
162
71
72
18
68
29
169
30
74
54
122
79
38
98
96
58
136
143
103
130
78
92
224
118
146
65
121
79
181
95
147
19
152
76
105
22
144
111
193
77
125
135
22
122
88
33
114
133
35
132
58
66
92
120
46
185
154
29
49
51
119
58
73
72
95
120
56
153
83
64
72
78
70
32
176
104
56
161
160
79
36
37
94
154
87
121
129
148
79
79
154
143
119
108
155
152
11
68
88
31
134
89
151
221
181
71
133
181
104
113
97
124
166
88
254
90
94
164
45
114
267
85
46
179
142
122
135
198
131
54
94
117
92
81
45
64
68
117
80
95
109
87
77
76
165
42
111
47
139
103
98
79
39
129
142
160
123
62
102
151
85
135
73
64
79
180
53
190
81
41
81
101
65
115
96
131
36
85
115
163
107
36
38
51
184
47
44
178
79
115
35
102
115
83
9
25
199
79
154
101
20
104
112
117
22
44
152
48
232
137
49
153
98
66
124
63
32
66
78
78
123
176
41
175
98
62
113
36
101
69
42
73
128
91
103
43
73
138
17
90
224
82
101
46
68
117
74
77
75
65
151
52
100
56
90
38
269
73
108
30
36
74
65
189
222
56
102
107
80
83
56
187
98
65
182
198
115
114
34
103
119
43
141
44
122
37
86
74
58
76
77
182
44
103
113
125
134
78
70
137
65
166
154
170
42
89
95
94
263
58
147
117
19
67
31
70
126
113
81
36
100
49
77
31
148
256
135
35
67
156
181
162
96
69
50
65
77
76
58
209
135
78
104
111
27
50
65
48
102
104
111
18
154
158
179
85
82
292
82
83
100
32
205
139
96
90
154
62
81
119
59
51
119
38
209
45
140
83
50
54
81
146
141
70
156
61
47
45
168
119
63
84
134
84
75
125
176
82
56
166
95
31
29
186
205
58
86
62
98
67
110
77
70
72
152
34
27
60
124
53
107
121
64
15
164
142
72
86
77
107
93
193
152
73
76
32
136
35
57
108
142
133
80
149
33
115
140
126
35
55
107
146
81
75
82
195
115
83
102
125
225
129
80
93
153
161
140
57
185
52
68
70
83
50
65
123
183
195
94
121
37
162
108
48
101
61
94
104
98
167
111
114
156
150
145
129
61
72
46
178
163
37
148
49
64
99
141
88
13
155
196
101
71
67
60
78
80
119
124
17
157
194
117
44
55
79
69
26
79
66
168
81
158
41
83
130
109
115
141
85
105
75
33
38
121
44
103
25
70
189
56
144
97
82
6
84
83
112
122
210
127
51
83
140
128
78
94
112
121
61
82
102
86
60
117
219
47
102
193
101
105
78
79
155
9
90
135
168
152
167
16
55
68
150
222
195
50
86
46
125
120
53
86
101
76
123
26
83
197
79
67
204
103
46
62
33
68
31
70
86
175
146
76
60
52
88
61
269
82
52
92
98
98
37
46
67
113
77
44
151
32
58
127
156
101
127
127
102
53
147
13
53
56
126
156
45
137
178
74
123
50
83
17
84
101
86
55
116
138
170
109
39
112
59
150
55
93
179
62
69
54
149
61
128
127
125
121
60
72
72
54
86
31
175
189
63
88
121
139
100
81
17
143
123
121
31
51
47
102
29
21
128
14
79
109
22
37
34
106
174
127
122
49
59
180
72
127
18
29
109
126
78
37
164
140
125
94
54
82
84
185
112
35
112
136
119
164
62
21
66
92
206
52
79
71
82
53
52
152
146
157
67
172
162
113
58
126
72
64
66
156
77
105
134
140
172
124
172
196
160
104
48
129
144
119
78
99
67
34
64
125
79
152
138
68
81
26
13
60
25
110
139
80
79
53
127
94
231
95
66
110
104
92
65
69
163
84
64
38
76
208
154
14
120
88
134
84
25
95
52
67
46
50
98
104
71
44
97
78
105
11
40
176
73
27
83
39
37
152
54
117
109
149
33
158
106
172
107
97
127
103
74
49
121
68
71
133
140
86
22
137
40
63
147
67
91
78
157
93
233
85
52
118
132
32
7
181
146
69
130
33
153
82
181
92
46
112
150
80
135
131
120
52
109
128
90
31
35
73
47
81
119
67
70
64
129
45
178
85
18
28
51
138
70
147
74
175
27
136
30
14
133
49
85
118
39
213
47
93
37
35
114
40
107
112
74
47
57
87
58
73
40
185
110
97
36
71
72
107
52
214
105
110
170
71
136
97
50
54
70
90
70
21
105
121
103
162
137
197
152
116
49
94
58
89
146
50
107
144
65
142
68
75
178
123
80
122
158
146
138
93
147
110
61
198
155
128
92
166
79
76
170
120
162
68
147
99
98
166
71
73
94
63
135
57
10
88
165
28
140
119
119
50
258
116
101
185
181
78
146
149
73
110
111
94
100
93
149
128
10
153
182
154
38
87
129
85
88
54
13
98
51
107
157
166
35
162
34
73
85
115
113
167
256
224
143
152
45
122
107
186
153
116
74
58
52
137
32
106
95
23
104
20
215
40
118
94
120
45
67
73
82
195
95
34
97
147
185
51
188
68
172
208
189
63
60
107
95
228
97
54
68
142
33
73
86
83
116
93
168
113
148
147
162
67
69
130
82
86
109
195
264
122
175
138
41
175
43
68
193
142
202
130
115
33
67
147
56
103
57
63
21
146
24
82
72
56
118
88
41
108
37
91
176
75
100
65
98
9
107
84
124
122
89
83
10
43
16
103
113
94
182
119
24
98
49
111
43
133
189
66
153
139
142
52
132
104
58
47
57
29
130
26
40
95
81
131
39
195
42
128
163
40
142
88
110
69
84
65
143
11
76
159
157
53
77
63
102
135
108
79
18
57
74
84
26
114
185
115
127
145
60
177
183
151
61
37
103
103
33
87
185
215
95
131
83
83
92
104
101
116
144
22
105
151
99
117
45
85
102
56
69
89
65
123
103
137
81
137
133
45
83
117
67
175
84
103
56
48
152
159
52
141
97
219
165
79
24
32
176
84
164
63
109
80
65
45
57
120
55
57
92
104
82
109
153
206
48
72
97
59
41
64
103
145
177
112
166
84
113
40
62
69
163
86
6
203
60
173
121
72
65
136
21
64
88
93
74
77
62
154
50
101
117
37
139
86
165
35
162
156
229
96
72
153
159
169
104
150
118
60
75
125
116
80
123
185
72
67
151
55
80
104
117
148
127
52
100
102
76
86
129
100
72
74
83
65
92
65
115
55
83
72
135
135
90
18
105
21
151
111
90
154
97
190
135
75
169
85
86
202
116
30
150
56
151
120
60
60
144
172
32
45
57
247
70
145
28
23
84
108
52
30
171
132
35
150
68
46
96
76
104
59
130
15
53
53
157
84
30
75
95
158
186
55
95
64
18
51
96
127
66
109
53
62
47
52
173
106
75
105
59
121
53
70
74
203
166
289
91
75
99
25
69
103
165
172
90
122
123
125
56
20
153
58
55
153
73
27
63
103
64
83
83
110
104
68
99
95
56
124
