731 430
797 110
69 336
693 540
11 494
664 77
256 200
685 79
242 338
364 110
725 627
506 481
237 187
41 283
243 314
287 477
712 100
730 195
21 646
232 462
296 636
626 390
458 4
761 31
303 523
321 312
218 711
213 71
605 220
627 706
731 796
734 117
66 589
701 705
94 347
37 467
603 559
222 655
0 264
480 720
628 249
420 224
109 363
745 316
3 204
77 264
515 661
408 664
594 498
726 792
706 703
64 74
704 257
259 182
202 661
433 414
229 453
155 124
681 605
619 77
14 267
694 282
227 685
187 190
201 225
563 198
353 358
222 260
784 530
213 165
505 10
118 152
379 347
86 697
494 472
309 303
169 111
154 606
300 328
140 222
313 744
342 23
404 406
289 81
53 574
465 34
635 534
307 792
516 218
326 270
729 456
436 434
777 595
285 91
799 787
174 145
405 630
463 581
18 58
786 438
457 200
753 294
453 518
12 188
170 714
359 213
91 641
540 68
746 263
475 544
250 59
445 298
8 530
11 130
100 653
645 604
653 793
174 157
668 583
127 404
750 768
12 648
348 582
179 447
617 456
195 25
306 778
463 742
757 260
757 772
695 580
260 39
165 658
413 735
400 688
444 440
732 612
125 3
500 125
308 199
250 526
110 252
780 152
69 77
710 47
71 685
234 115
92 586
513 563
291 1
637 681
55 760
517 651
516 426
18 723
118 511
286 787
692 726
567 72
799 273
387 172
48 432
570 143
102 576
522 789
242 420
299 740
755 29
772 548
609 493
553 298
367 423
30 608
317 113
688 776
6 119
37 323
208 642
644 563
490 388
265 599
594 198
772 493
222 42
449 441
10 293
41 748
189 352
565 233
639 697
649 68
369 666
469 162
446 600
789 656
478 790
67 601
2 137
663 553
704 249
201 643
487 184
611 95
322 477
722 560
312 341
521 755
360 659
304 376
595 86
245 345
304 8
274 96
1 368
335 487
26 79
384 302
252 545
760 216
212 649
154 174
65 179
171 767
511 798
748 213
155 197
468 676
478 397
683 106
757 512
549 741
389 679
565 178
682 63
76 113
772 262
698 198
51 273
27 498
261 759
159 501
261 339
766 549
65 11
363 708
566 1
311 74
742 773
641 118
603 509
108 760
59 465
408 286
643 2
793 471
534 257
182 238
281 374
22 242
769 700
631 630
270 286
549 447
17 174
549 48
77 81
357 641
759 735
176 125
47 42
134 41
499 401
264 745
603 673
194 442
125 96
688 549
419 636
323 614
530 543
697 344
629 153
434 105
273 681
389 231
730 497
423 75
688 169
406 472
139 328
346 604
775 699
647 314
455 531
689 365
789 342
653 248
262 89
283 235
70 534
653 710
102 797
784 36
257 213
33 220
795 729
395 502
283 165
259 106
643 196
119 577
402 357
463 618
46 284
367 331
106 108
772 104
725 266
208 242
359 363
443 387
87 632
98 471
336 427
783 170
428 195
485 339
36 272
366 684
129 211
756 159
509 404
106 194
71 23
669 502
461 498
489 363
4 534
19 369
792 756
154 514
316 79
667 66
570 498
124 203
548 533
456 327
616 581
553 187
280 622
719 121
606 327
322 46
21 506
687 87
527 584
411 235
319 466
626 540
792 227
600 758
159 435
123 138
469 170
331 117
128 356
372 797
553 506
674 351
542 439
157 584
322 127
330 429
402 778
13 681
676 430
49 307
750 509
35 376
78 435
103 730
616 281
502 460
535 32
162 230
142 686
58 687
40 122
686 677
421 726
757 755
443 93
393 459
641 716
752 257
205 330
790 717
361 795
29 736
130 281
189 393
61 199
2 365
14 257
178 347
163 196
81 352
135 288
267 390
326 336
39 133
159 235
49 247
45 304
113 387
307 371
74 369
71 220
12 69
58 204
232 309
170 351
20 349
55 227
24 203
274 361
17 224
189 300
270 275
2 237
345 367
86 276
58 260
154 398
55 311
12 139
224 330
57 71
221 263
37 62
7 248
144 167
65 281
81 341
96 97
250 301
273 300
49 120
251 322
41 356
351 381
265 362
112 251
153 382
136 242
135 392
54 385
229 377
238 337
30 120
49 94
114 147
59 190
48 249
329 344
208 257
23 144
84 321
183 297
313 376
158 202
303 318
13 60
121 196
145 380
201 348
91 288
14 210
60 185
126 244
71 221
181 309
339 396
327 376
40 381
10 58
243 333
97 148
118 204
29 150
21 124
227 271
202 209
199 236
7 16
150 260
74 153
45 376
320 326
25 66
103 221
299 337
83 93
10 194
26 222
246 341
220 268
320 331
206 223
23 316
275 362
46 226
271 320
131 246
7 233
106 385
191 231
171 288
86 178
262 331
203 323
2 213
31 354
103 263
107 158
61 368
17 324
104 250
127 226
31 330
279 343
176 378
161 322
364 371
71 332
252 356
34 289
118 136
55 288
210 241
111 356
145 398
116 157
96 193
160 364
157 174
224 324
256 318
146 308
191 266
3 276
37 219
212 341
334 358
240 370
302 316
199 317
63 220
140 180
224 235
142 324
258 313
84 196
25 75
280 292
43 294
82 319
339 390
83 371
93 308
120 259
43 295
71 315
161 353
5 233
60 237
55 320
188 255
47 134
12 63
261 298
54 77
340 370
94 339
8 257
162 248
186 301
328 389
29 157
84 238
27 297
207 277
11 102
83 110
39 164
122 290
24 357
19 274
256 384
119 274
91 320
80 244
15 19
209 264
41 284
28 348
222 385
176 185
220 344
326 346
221 387
11 109
49 129
317 394
231 266
14 67
83 131
61 381
75 298
278 328
376 378
9 173
238 353
61 128
38 327
5 228
20 266
102 288
335 382
66 78
128 235
109 335
144 233
148 367
90 229
97 102
276 358
52 108
210 395
33 388
249 343
102 109
77 219
68 242
118 260
7 228
25 241
212 371
102 293
67 395
106 310
8 14
181 188
241 395
130 276
99 377
31 302
23 233
5 16
40 309
160 325
147 172
46 230
95 220
95 146
30 174
24 217
32 310
179 320
78 205
53 63
160 284
282 325
169 358
218 235
232 348
342 354
321 386
60 258
40 181
186 374
142 350
205 257
156 239
13 258
225 329
121 172
236 287
20 207
133 397
45 237
287 309
36 358
357 372
177 219
151 386
184 271
139 307
93 297
226 231
151 380
54 177
198 358
20 278
120 390
31 316
4 251
141 344
30 390
26 219
153 179
3 334
115 178
136 204
107 245
227 331
178 276
82 184
38 237
47 231
21 351
88 201
42 379
16 228
63 329
88 348
145 374
14 75
182 229
129 305
52 101
19 217
5 202
278 290
169 249
148 279
334 375
49 174
70 383
16 31
83 297
182 285
122 278
129 390
36 249
35 353
146 183
31 324
37 180
4 299
168 285
205 241
120 174
48 124
15 165
114 386
238 299
211 352
16 342
15 217
291 305
9 246
80 87
292 381
208 241
181 281
118 178
282 391
153 369
106 147
50 388
75 89
76 315
8 187
39 134
214 392
235 295
5 342
258 304
229 242
220 362
58 118
200 370
292 368
129 396
176 338
299 322
77 163
135 184
171 357
17 287
240 340
221 332
0 294
179 326
72 252
100 356
253 342
38 60
180 219
166 239
7 350
142 330
227 326
53 64
16 350
191 207
59 354
26 239
77 114
29 360
300 388
38 185
55 91
153 331
76 275
193 312
22 85
130 198
141 329
281 309
267 305
96 290
10 118
96 328
2 313
13 304
216 311
210 257
96 207
117 220
25 208
52 224
366 373
315 362
157 390
237 313
289 365
33 300
17 218
65 348
351 368
380 398
139 303
4 353
181 232
84 310
44 258
169 345
4 161
138 201
176 237
306 335
92 194
105 298
58 388
108 159
2 289
3 130
106 114
13 185
324 359
192 391
98 143
219 349
133 244
248 309
133 328
58 347
26 272
228 281
157 267
84 353
78 241
5 190
191 328
154 374
234 265
44 103
68 168
229 254
45 399
43 368
77 132
59 248
66 311
173 308
5 7
53 69
239 283
137 270
60 313
184 335
64 79
106 172
69 117
113 234
86 118
95 225
18 386
55 171
243 269
22 391
2 34
303 307
62 132
73 186
39 46
55 336
25 257
388 393
194 396
26 177
29 388
75 314
161 379
305 339
39 226
2 13
51 315
38 313
44 197
1 31
61 108
102 148
26 62
126 156
325 363
193 277
350 354
200 385
192 325
37 177
124 249
135 153
24 122
124 334
219 283
46 312
26 283
193 293
343 369
266 278
271 331
115 358
254 377
186 398
103 197
63 79
46 152
12 298
67 303
55 184
17 394
41 201
20 191
83 173
45 258
113 263
204 276
45 327
113 215
100 192
173 212
152 226
58 136
3 118
47 328
155 251
234 263
119 187
98 269
177 180
216 284
88 232
250 380
171 214
122 349
138 286
63 64
224 236
94 390
329 384
260 273
118 130
106 386
58 178
3 377
212 364
151 154
244 328
94 129
84 337
6 53
332 362
3 242
48 345
92 242
113 197
217 349
109 148
323 357
39 206
207 328
109 293
155 310
29 230
75 78
179 271
115 273
32 147
282 363
2 376
5 59
246 364
230 360
73 386
41 105
89 205
119 123
271 326
36 169
112 299
99 182
252 311
235 359
83 308
143 269
235 317
189 273
30 267
105 139
251 299
93 371
143 275
17 236
220 329
368 375
86 347
147 310
68 204
35 112
183 308
61 292
9 286
2 42
46 206
2 378
162 232
128 224
156 272
77 177
12 318
18 321
62 219
265 333
61 101
74 367
23 302
118 358
79 344
82 171
252 284
259 390
11 74
173 246
136 168
68 92
187 241
285 377
90 182
72 319
271 336
179 336
53 303
18 154
169 334
4 35
130 136
359 394
66 208
63 256
4 379
133 195
89 105
179 331
173 364
225 344
161 213
291 396
11 293
150 157
81 286
221 304
150 393
144 302
373 389
206 360
131 183
286 391
24 214
209 245
276 334
11 153
138 162
281 287
127 230
83 246
105 160
337 353
267 339
86 249
151 398
259 267
171 203
5 354
189 388
101 235
212 297
197 387
222 250
101 128
89 284
374 386
20 180
32 114
28 296
69 220
45 141
93 212
200 219
248 354
135 227
1 302
154 186
386 398
105 356
384 399
40 292
296 309
38 258
141 384
14 187
36 343
13 327
144 316
66 171
185 376
191 278
80 272
269 333
9 364
299 310
238 379
51 275
61 294
123 240
70 107
147 196
6 298
3 198
89 216
44 60
214 357
81 211
220 225
73 380
38 44
77 106
198 204
141 313
249 367
57 95
270 315
100 201
203 372
73 151
59 264
48 169
291 339
13 38
42 187
64 303
128 218
222 380
79 332
174 247
7 31
19 240
225 332
52 317
98 113
85 282
90 285
77 310
28 381
144 228
216 319
39 127
161 378
318 384
319 372
293 335
25 72
93 246
247 267
156 366
288 392
121 145
214 323
30 129
176 213
32 106
54 219
8 205
63 117
60 304
111 326
89 298
341 364
112 238
22 286
47 389
90 254
6 318
130 178
54 132
75 261
101 280
228 287
165 257
159 295
57 76
163 370
31 142
33 393
98 387
34 378
151 186
126 239
289 395
165 274
6 303
96 134
96 277
114 321
181 348
11 335
103 258
203 214
4 112
252 346
135 382
158 264
119 361
280 317
100 325
29 33
7 144
41 325
33 157
57 275
58 130
84 163
126 272
53 298
87 126
127 195
211 246
205 208
305 396
143 234
146 212
17 330
132 200
28 188
162 181
56 361
207 231
83 146
28 255
142 218
55 392
14 78
41 160
320 346
129 339
83 341
284 356
92 136
51 234
11 345
111 216
63 384
234 269
15 56
163 321
294 375
0 375
69 268
13 237
186 250
50 393
331 382
344 384
190 202
145 186
64 67
63 318
234 275
134 191
41 252
10 92
67 256
106 145
56 165
9 371
12 64
247 305
86 130
191 277
190 342
10 388
21 375
212 308
144 190
107 202
61 296
150 388
27 76
191 290
65 201
36 178
262 343
11 367
123 322
44 221
206 230
310 340
267 396
71 275
238 322
243 265
58 198
32 84
244 266
330 350
332 344
72 314
136 194
100 284
0 182
162 202
84 172
15 323
54 104
265 270
39 195
36 115
367 369
345 355
42 365
191 244
10 136
207 290
28 232
172 321
125 137
310 370
143 387
73 145
226 277
184 227
131 212
170 188
150 300
0 254
43 394
59 158
62 104
262 382
74 91
197 263
170 255
56 123
231 328
36 279
71 268
186 386
34 42
138 363
178 358
280 368
20 37
224 317
5 248
138 282
128 295
162 209
83 352
73 398
91 135
115 347
86 198
188 232
173 371
36 347
228 350
274 340
6 12
301 380
108 394
134 373
306 392
12 53
8 210
33 259
163 310
97 355
119 379
99 229
237 327
47 207
19 123
313 327
164 223
228 342
172 196
137 243
205 210
89 261
146 297
70 158
27 183
195 206
50 300
145 321
265 269
26 200
171 311
182 242
36 86
218 359
150 273
195 223
18 374
298 303
19 140
79 256
94 305
258 263
288 335
71 76
252 314
29 273
96 231
8 261
316 330
25 314
40 61
173 341
66 72
108 218
245 383
26 37
366 397
291 390
8 78
35 322
292 294
118 198
190 233
159 359
218 394
16 23
289 399
50 189
256 399
76 268
181 296
127 133
10 130
246 352
220 384
233 253
322 379
124 375
104 222
134 389
91 392
80 166
36 198
187 289
94 247
279 367
211 341
187 210
246 297
90 377
208 372
75 205
51 143
19 165
242 377
228 233
126 373
105 325
51 265
167 233
95 117
378 379
118 347
268 275
52 296
110 125
173 297
39 230
119 365
78 257
57 69
320 336
126 166
192 363
218 330
93 173
92 168
76 95
241 257
70 264
28 309
26 104
6 64
111 252
71 329
157 189
3 178
41 100
36 345
35 238
30 247
171 372
86 169
76 125
32 299
299 353
32 196
21 368
143 315
32 172
79 329
123 165
179 227
0 90
132 177
15 357
71 362
93 341
56 240
7 59
223 230
56 140
101 295
22 70
94 120
188 348
157 393
120 305
74 331
134 207
194 259
28 281
288 306
189 360
108 224
62 239
259 305
44 304
30 49
157 388
356 363
165 210
325 356
198 334
125 131
77 370
11 343
52 61
62 283
148 355
166 272
155 322
54 62
128 317
338 376
204 229
158 162
143 215
125 270
50 291
314 319
62 272
85 264
55 135
31 350
148 293
180 349
107 264
279 345
15 140
186 380
341 352
176 313
15 24
336 346
80 239
0 99
97 293
76 362
71 95
121 374
40 351
39 152
157 300
311 320
198 276
147 321
79 141
109 355
29 189
14 395
76 117
8 395
3 204
227 382
149 211
18 172
140 203
380 385
98 333
158 245
47 266
28 40
329 332
305 390
58 115
241 261
68 254
84 299
209 248
145 386
263 387
245 253
152 312
197 215
79 220
311 314
127 389
202 248
72 82
121 154
13 313
74 262
96 191
25 89
59 202
103 304
22 264
12 117
168 242
11 279
53 139
292 296
0 285
110 146
74 109
152 193
1 350
67 384
147 299
39 389
267 291
14 205
47 244
201 232
22 383
88 255
212 246
228 354
65 255
158 209
17 108
27 268
94 396
15 214
140 217
280 294
73 385
138 391
24 140
48 358
25 205
194 305
244 389
168 377
229 285
12 307
322 361
324 330
262 271
262 369
37 349
2 338
6 307
48 367
144 354
3 229
26 54
196 299
27 146
115 118
11 382
135 335
87 366
65 181
38 304
127 164
278 349
48 262
9 160
156 397
142 316
196 310
148 345
290 349
185 213
110 131
164 206
51 243
134 277
64 69
251 353
27 110
247 339
143 243
259 396
71 117
204 377
106 163
275 315
64 318
155 240
103 175
19 361
133 231
97 109
47 96
97 279
49 267
37 132
80 283
14 241
224 359
161 251
74 102
151 301
90 375
202 281
166 244
88 181
232 281
134 266
98 243
365 399
50 157
100 363
114 163
4 238
159 394
265 315
5 209
151 250
343 345
179 184
73 321
123 340
90 99
265 387
73 250
273 393
249 334
100 138
16 167
232 255
106 321
108 128
189 260
96 266
93 131
205 319
7 354
153 184
216 252
203 392
233 350
74 382
258 327
5 144
259 339
97 277
225 256
61 317
1 142
207 244
175 197
43 108
170 326
236 309
158 190
111 346
154 386
169 367
41 111
221 344
173 307
46 355
41 192
153 262
31 228
331 369
9 341
316 350
390 396
147 370
175 234
50 267
227 320
220 332
53 307
285 375
42 378
114 385
155 299
28 181
247 390
155 163
270 333
177 200
7 342
237 376
84 147
80 366
48 343
242 285
32 163
14 261
283 349
207 266
126 366
43 235
29 393
245 264
285 334
185 327
218 236
18 196
149 246
117 362
5 253
167 302
39 223
110 183
112 172
215 265
17 142
16 316
214 306
69 303
69 95
166 397
199 224
47 193
161 338
78 208
34 365
66 314
66 319
72 311
29 300
120 129
52 199
228 248
277 312
55 271
297 308
239 272
132 219
62 177
198 347
128 199
101 394
110 149
227 336
153 271
102 306
266 328
178 198
84 112
36 48
13 176
96 122
57 117
96 312
98 265
81 149
37 200
126 397
40 188
25 216
131 352
67 318
323 392
322 340
66 205
7 190
85 391
78 261
54 283
31 287
28 65
98 215
153 227
360 393
195 230
131 297
171 392
73 114
129 247
235 394
238 251
369 382
116 174
133 134
222 301
18 106
51 215
0 377
101 159
108 317
176 327
127 373
323 372
82 91
137 333
35 299
63 225
231 244
166 283
117 225
134 226
110 212
87 156
244 373
80 156
51 333
188 309
37 104
266 277
134 328
97 312
215 269
208 210
67 261
164 360
34 399
268 362
85 383
248 281
65 162
110 297
63 95
11 184
43 159
69 146
203 357
83 212
77 147
139 298
112 337
201 325
248 342
25 319
91 227
44 263
121 386
82 392
49 390
104 132
185 338
81 246
91 184
83 364
131 149
148 312
17 199
115 130
43 128
152 355
59 383
24 180
16 354
109 193
234 362
43 61
187 395
3 86
1 324
71 225
95 362
78 89
129 174
176 376
51 98
43 280
164 230
201 363
9 391
123 361
86 334
77 200
79 399
108 199
87 166
50 259
32 321
73 154
37 54
103 113
170 381
80 126
231 277
92 204
127 206
73 106
55 179
204 285
71 234
72 205
171 319
271 382
59 209
171 323
124 343
87 397
294 368
373 397
74 335
215 234
79 384
363 391
110 246
240 322
66 216
180 278
254 285
153 336
132 370
190 248
87 239
216 314
293 306
42 289
85 107
168 182
131 211
133 373
169 343
87 373
93 110
190 354
99 254
59 342
218 317
277 290
143 333
233 354
178 260
19 56
74 135
95 268
190 228
85 286
93 352
60 176
129 267
347 358
138 348
240 361
1 330
80 397
240 274
75 241
25 78
205 314
1 316
68 229
271 369
65 188
123 274
15 203
12 303
127 134
43 317
20 283
199 296
164 195
300 360
66 75
149 352
208 319
47 312
296 381
34 119
13 376
218 224
109 279
58 276
87 272
104 385
86 358
57 315
120 247
262 367
132 385
214 372
107 383
48 86
100 160
128 359
163 299
147 155
42 119
67 298
101 317
35 379
210 261
33 267
115 260
192 282
213 378
167 316
93 146
21 292
234 387
218 324
60 327
343 367
71 344
16 144
23 167
40 296
202 342
135 320
70 245
13 45
205 261
168 229
264 383
251 379
114 132
182 377
108 359
162 281
226 389
60 376
249 345
82 288
304 327
64 256
134 244
113 175
160 356
64 225
147 163
6 69
90 334
57 268
82 320
33 150
56 274
101 108
161 238
158 383
41 363
180 217
133 389
52 292
374 398
118 276
65 232
175 215
199 394
93 364
160 282
52 394
145 154
185 237
122 266
114 196
146 268
107 138
59 233
231 389
98 175
6 139
292 351
284 325
307 308
192 201
35 251
156 166
308 341
108 235
89 139
2 176
196 321
266 290
11 262
209 383
279 355
236 296
3 285
311 346
179 346
190 209
128 394
37 283
51 387
27 308
256 329
18 145
380 386
21 294
38 376
300 393
62 200
125 183
224 394
265 275
16 233
255 348
4 337
11 369
162 348
107 209
54 200
33 189
312 355
115 198
338 378
72 216
82 135
88 363
155 340
175 387
106 196
57 362
74 184
145 385
94 267
78 314
133 366
30 116
184 382
226 312
287 330
9 282
120 396
43 101
47 277
120 267
188 381
63 69
263 304
78 210
34 176
88 188
181 255
18 121
45 313
112 353
110 308
119 289
168 204
141 332
134 231
144 342
246 308
15 372
104 380
233 342
331 336
52 128
10 204
143 265
88 100
141 399
141 237
88 192
116 360
68 285
111 311
68 182
150 189
175 263
215 387
57 220
119 322
49 116
246 371
204 242
260 347
202 264
70 85
237 258
372 392
64 384
341 371
27 131
55 82
185 258
70 391
185 313
25 261
216 356
182 254
82 311
79 225
259 291
190 253
357 392
61 280
145 151
213 338
20 122
81 83
234 315
174 300
105 284
26 132
272 283
282 286
33 50
316 324
187 365
225 384
47 191
124 262
97 193
184 320
163 340
120 339
269 387
249 358
128 159
102 335
47 226
68 377
20 290
208 323
138 192
52 236
310 321
117 268
27 125
8 241
287 350
34 376
311 319
184 288
63 344
178 334
130 204
65 88
124 169
340 361
297 341
114 145
127 223
35 161
51 269
207 278
194 291
184 392
137 269
195 373
29
40
146
100
78
122
43
64
45
46
205
30
68
107
81
93
88
83
55
123
109
165
37
137
91
80
46
53
155
182
28
120
60
49
91
167
61
92
55
40
114
114
159
129
180
67
62
56
92
25
63
93
172
59
200
55
166
15
76
62
150
132
78
22
26
26
120
67
92
39
56
84
88
187
60
188
121
62
53
107
170
123
94
85
80
69
23
137
78
47
98
60
28
152
72
133
130
131
79
130
118
150
14
102
78
18
92
199
114
128
75
104
62
131
47
181
43
175
33
136
104
188
139
25
44
88
171
201
161
112
111
117
66
39
79
117
96
136
124
46
143
98
128
130
182
87
98
35
41
72
27
12
63
70
175
157
66
77
213
81
28
141
38
25
158
195
132
59
166
43
135
55
86
143
68
97
48
103
56
111
152
186
142
46
142
75
181
140
68
238
114
181
144
127
142
22
146
45
26
129
61
163
133
151
65
167
125
78
50
65
87
144
57
63
149
124
111
219
176
96
103
134
12
193
101
37
76
184
62
97
33
54
89
115
81
98
126
58
56
47
59
53
116
61
75
76
140
94
13
142
140
28
92
60
43
225
194
115
102
61
112
162
140
36
97
66
72
57
116
37
87
73
118
121
56
40
81
63
63
86
140
98
120
53
74
38
96
92
200
188
65
141
67
107
11
139
138
71
56
150
113
45
78
90
34
59
58
85
79
73
68
49
97
63
108
81
133
60
101
28
130
107
137
75
138
144
100
70
55
139
160
94
144
33
34
37
118
77
109
45
84
125
117
17
147
118
191
159
126
107
188
119
97
65
213
81
106
82
137
109
98
113
136
110
126
129
37
31
83
61
58
91
97
136
221
94
205
17
53
42
111
26
110
76
75
119
184
140
9
124
110
34
53
156
91
71
126
70
16
190
100
162
25
70
212
49
11
158
176
123
119
77
56
25
38
79
40
56
122
103
92
61
100
83
74
128
135
156
92
98
67
160
167
41
43
151
20
48
137
80
21
167
186
57
42
56
134
53
217
150
95
145
167
154
93
213
108
182
80
36
91
160
87
135
133
162
115
82
204
69
146
87
94
86
39
22
120
81
37
37
118
133
115
82
127
142
80
37
100
117
63
57
124
111
158
54
171
122
113
149
67
54
175
46
164
203
107
198
190
148
111
143
191
134
92
34
63
66
77
105
70
172
95
131
77
69
52
95
130
129
208
132
33
115
106
155
197
88
120
131
153
113
92
10
157
150
46
118
100
18
108
80
79
96
163
163
44
70
51
40
119
151
50
92
98
113
57
118
77
144
87
57
122
113
183
31
210
162
152
77
105
110
85
58
69
83
145
112
129
92
34
80
71
37
128
213
101
134
25
149
49
52
144
62
53
169
188
39
21
181
31
197
72
95
127
91
72
148
165
174
123
111
94
129
211
49
96
74
114
91
111
116
125
145
85
52
54
233
95
65
187
112
183
142
81
141
272
67
70
127
134
111
138
91
48
111
70
187
36
71
37
104
155
150
18
70
90
148
158
50
167
67
104
66
45
183
158
65
97
78
153
57
93
252
186
52
24
84
163
57
81
135
220
72
89
168
112
109
89
28
135
131
103
114
74
142
169
43
72
47
52
91
103
95
135
30
135
83
16
117
158
38
145
129
54
81
132
144
59
24
27
100
117
156
85
165
137
165
199
158
67
135
156
166
26
242
181
104
177
125
81
44
160
119
115
243
113
131
64
114
47
188
66
64
111
39
87
83
176
133
95
85
48
171
70
83
196
204
25
85
135
240
84
121
168
125
84
68
169
102
41
182
78
52
52
172
191
118
78
155
94
78
38
175
54
107
114
50
124
110
98
170
76
45
156
91
79
157
65
103
73
152
113
111
107
100
108
102
180
82
122
109
19
61
136
151
109
173
30
142
183
87
38
121
40
47
43
107
143
24
102
109
71
35
65
221
73
190
119
32
54
121
42
102
105
77
19
118
198
64
36
98
108
98
72
66
95
117
105
168
167
161
89
63
108
179
99
59
54
97
112
135
163
50
185
134
166
66
99
119
41
102
79
161
78
95
194
76
67
54
99
136
68
93
49
67
64
135
164
222
79
19
145
73
31
172
176
87
97
89
85
184
42
131
159
90
122
87
212
78
144
131
74
57
29
198
158
52
46
165
136
136
131
121
103
99
193
186
84
192
156
48
74
51
62
87
154
151
97
129
23
130
159
102
151
55
120
131
132
66
56
95
70
124
116
34
185
145
182
23
115
38
47
97
71
63
124
153
99
127
158
26
59
96
160
15
34
94
244
62
103
10
123
120
64
15
160
46
179
89
95
28
114
140
18
14
98
73
99
93
81
62
247
45
72
137
108
81
197
111
88
117
78
38
100
47
61
150
80
95
74
151
132
90
121
72
171
107
113
220
60
83
117
90
90
13
112
88
89
198
46
62
111
125
233
85
149
195
32
80
108
114
75
107
203
100
179
102
46
107
32
179
76
172
53
214
164
149
133
79
82
18
102
81
115
226
115
21
239
28
176
106
163
73
117
111
132
128
124
147
92
106
10
64
80
60
67
104
140
134
74
98
91
88
105
98
127
140
90
53
83
96
229
59
92
30
134
140
69
42
113
21
39
137
78
16
68
99
162
184
176
98
116
140
65
131
63
94
92
136
92
67
180
95
227
87
100
8
96
96
138
116
53
81
33
151
65
100
64
66
47
90
68
102
154
107
82
84
157
76
159
163
64
30
121
33
40
63
165
147
95
100
53
99
99
66
102
78
91
92
218
215
92
65
39
117
65
148
33
96
86
114
82
199
36
84
184
147
140
208
137
67
58
96
79
162
125
44
107
21
59
223
121
114
126
123
84
42
157
208
11
69
113
63
39
55
247
183
6
122
96
180
127
68
109
253
147
185
113
170
111
215
103
184
230
77
60
20
134
52
155
93
149
66
25
51
154
154
94
144
36
126
106
65
50
80
133
62
138
12
131
172
64
74
108
88
86
124
138
92
41
82
82
65
64
95
64
87
192
189
130
119
82
112
121
36
43
184
112
120
105
77
109
145
34
136
148
178
25
18
50
107
104
182
103
66
160
191
60
98
33
58
43
170
158
115
156
180
104
83
119
181
143
60
55
162
48
81
86
209
145
81
139
141
81
124
77
90
124
102
252
168
103
16
27
134
115
171
53
13
136
76
140
169
38
53
150
88
179
127
53
102
112
54
130
94
133
193
76
137
70
217
79
179
155
163
51
121
134
91
119
110
133
154
172
100
122
65
240
86
101
151
57
68
74
122
7
55
35
66
174
69
69
105
89
133
24
157
61
33
81
167
79
114
67
145
157
208
78
168
33
207
151
103
75
64
114
96
135
147
214
206
53
50
90
11
44
29
18
23
119
53
159
41
26
98
117
98
80
104
177
61
74
85
89
38
85
126
100
164
98
77
68
96
59
144
154
86
101
29
143
189
92
96
114
153
132
109
91
33
92
164
254
56
82
114
39
27
51
69
109
58
139
137
47
127
134
58
125
182
18
65
64
106
40
94
137
44
129
63
64
204
74
68
153
226
115
90
60
75
188
127
107
99
87
182
90
162
94
88
121
159
98
26
21
180
105
15
91
147
103
130
90
100
126
65
66
219
97
36
117
139
114
135
111
144
186
218
227
59
98
93
140
71
141
160
74
81
71
100
30
119
168
114
65
169
41
90
96
132
101
143
69
91
107
44
132
76
57
58
73
76
58
169
93
126
142
149
134
59
41
74
60
40
54
100
135
62
210
74
191
139
162
168
173
178
79
117
68
156
76
181
156
64
52
50
97
89
52
93
112
65
138
78
74
132
22
68
60
96
65
94
172
85
118
103
158
107
173
128
89
55
163
66
75
74
61
47
94
40
173
76
144
64
49
145
105
59
126
101
73
103
48
25
59
56
124
110
13
80
10
72
106
139
79
96
180
102
112
109
84
79
50
105
121
160
40
185
102
90
151
122
52
52
68
31
75
159
17
26
89
106
157
108
83
89
47
101
154
51
98
78
180
105
60
194
71
69
120
20
84
127
20
100
223
54
64
114
106
36
187
107
176
131
32
135
170
81
59
81
133
103
174
80
107
113
156
90
158
185
154
98
132
111
114
107
92
57
35
80
133
54
174
100
44
62
122
173
50
74
170
123
193
68
11
69
114
140
65
178
62
150
126
36
58
80
105
110
79
81
116
137
72
159
35
85
126
91
43
109
101
80
69
77
141
70
108
71
166
186
126
78
126
101
143
209
176
31
50
61
188
69
62
121
108
132
119
19
82
50
81
148
119
84
38
49
144
88
148
34
135
129
166
25
138
72
125
109
141
178
149
57
34
124
128
68
83
119
106
131
142
130
89
123
93
88
137
100
63
84
206
91
119
130
88
87
63
13
162
182
90
131
35
122
107
80
139
69
85
86
79
10
149
141
99
66
172
62
147
189
113
137
64
82
59
157
102
167
117
89
155
121
46
82
29
91
163
84
121
183
100
55
73
72
204
146
106
205
79
60
119
51
168
241
102
