435 303
338 411
284 513
505 170
541 287
568 155
499 446
730 649
263 357
671 338
620 568
497 504
709 664
501 572
441 373
561 197
303 649
479 746
182 499
23 150
469 283
508 139
129 742
315 738
312 119
621 292
400 700
96 336
777 794
728 162
49 174
515 18
643 367
768 144
227 449
685 362
437 7
540 128
87 262
154 653
695 173
667 469
782 232
489 618
760 287
340 595
308 112
695 109
767 591
687 535
772 667
727 521
97 344
261 41
0 500
286 764
372 41
501 191
471 596
54 161
379 629
162 208
577 123
290 136
674 429
129 760
792 185
689 489
440 635
229 191
276 115
570 72
257 122
39 161
620 744
660 717
795 532
385 48
477 614
107 53
379 19
515 638
348 563
144 695
775 649
423 324
225 498
512 436
765 739
488 432
656 228
369 545
676 617
70 117
537 393
496 620
663 437
379 639
34 355
508 73
350 84
534 582
611 280
64 619
763 694
245 242
358 456
245 525
605 34
300 138
489 166
54 236
585 346
352 730
399 41
649 15
272 2
398 200
783 723
72 22
456 735
425 698
93 564
514 500
418 350
305 99
103 546
672 442
208 107
468 544
408 602
401 320
318 526
444 470
657 75
316 123
285 48
419 62
454 580
369 202
497 754
299 513
84 29
502 185
344 192
735 168
622 466
662 210
215 297
454 722
240 329
766 549
757 477
445 224
2 687
534 634
33 116
103 380
771 721
299 429
575 24
297 337
727 466
335 598
177 379
385 419
681 746
503 464
752 63
576 382
226 313
513 27
642 266
794 573
602 327
690 681
295 240
472 622
756 347
269 21
332 785
530 424
190 173
225 679
751 599
457 773
256 702
567 132
399 597
169 763
490 665
17 222
704 97
674 185
16 798
195 351
90 501
265 300
337 700
256 24
75 662
383 407
62 368
438 687
481 703
258 504
329 580
111 228
346 182
310 522
472 193
106 442
263 746
131 299
630 152
458 374
59 513
290 499
657 335
775 516
635 535
562 491
712 766
461 31
350 345
516 796
572 248
792 647
182 340
171 577
335 19
43 647
610 435
217 670
599 651
197 691
65 537
650 166
209 149
730 791
603 376
771 134
0 197
287 451
19 261
766 583
515 399
799 690
216 403
75 443
21 8
288 556
501 44
421 598
575 531
567 673
475 421
77 362
639 59
593 416
185 144
388 300
178 226
42 81
157 661
142 456
544 242
733 257
21 339
694 556
120 526
17 616
180 710
620 150
281 282
178 745
533 751
513 358
10 782
238 524
86 628
610 558
358 182
161 507
677 489
739 94
442 203
518 361
553 577
665 360
236 744
421 97
722 605
400 528
8 376
671 627
186 358
692 18
616 286
460 326
103 451
59 460
734 456
719 541
3 647
499 393
406 780
394 364
282 377
558 623
457 475
649 65
631 400
420 677
622 475
587 373
608 630
130 638
771 630
323 559
455 196
579 536
584 697
539 40
399 663
642 177
410 675
220 395
669 115
464 454
693 148
729 724
304 369
472 367
388 6
531 589
313 387
643 224
276 612
600 783
532 416
278 461
133 537
275 632
246 707
691 522
17 726
231 737
665 482
799 202
440 729
508 47
303 249
36 454
261 779
740 327
339 726
761 100
573 631
297 107
219 459
183 81
432 400
79 794
252 260
146 539
520 686
553 632
324 379
166 476
47 364
495 218
132 155
787 740
633 85
42 607
116 546
19 166
171 381
206 81
772 49
524 520
459 684
722 712
305 349
522 579
382 141
575 231
310 781
776 469
535 248
181 374
38 490
99 656
698 737
313 152
63 726
418 294
417 668
160 242
14 299
368 384
5 214
0 397
185 350
214 273
58 138
267 355
158 331
6 89
274 352
147 325
56 291
51 269
124 215
124 131
47 134
252 323
64 127
15 62
263 377
126 216
29 357
167 256
63 70
144 176
115 160
135 208
95 155
37 57
215 256
8 327
5 273
180 354
128 260
233 290
181 246
114 137
155 358
128 379
283 342
131 224
196 353
99 323
86 107
104 227
200 280
97 198
33 241
76 219
120 121
136 179
249 257
91 188
79 142
52 257
150 332
325 337
2 341
47 311
122 216
63 359
185 225
85 124
202 249
3 371
39 235
89 329
235 275
140 350
59 73
220 321
13 43
207 213
81 358
61 262
383 394
93 142
236 270
24 359
1 224
28 239
47 330
46 395
176 364
172 226
88 239
297 311
77 137
23 212
14 131
78 177
106 165
33 145
81 101
169 240
86 341
89 181
23 55
76 389
167 381
144 386
27 213
37 99
7 292
72 359
71 311
30 93
67 127
193 330
91 209
254 321
239 331
229 365
186 235
4 226
268 294
204 366
96 127
111 377
45 91
7 104
144 352
122 270
216 392
122 317
223 351
57 266
258 374
181 305
190 203
6 310
38 213
261 307
237 337
195 296
30 242
229 317
42 44
132 251
36 351
226 266
26 324
43 138
65 275
238 379
212 347
61 372
61 182
63 109
119 156
346 363
196 392
15 226
35 355
56 114
15 187
151 292
117 286
98 268
215 287
217 341
101 381
217 279
143 266
157 211
251 338
211 369
60 130
182 260
169 312
117 144
27 157
335 385
67 284
86 283
146 314
331 373
2 243
123 129
163 319
68 313
23 186
122 375
211 249
294 370
15 387
46 100
327 360
234 358
139 386
126 196
231 396
155 309
59 93
256 333
120 149
285 380
56 77
24 72
269 292
3 5
327 391
110 320
103 375
91 293
87 340
65 83
123 381
249 300
229 283
140 149
145 330
32 240
108 115
52 213
187 214
25 298
173 245
85 299
216 249
74 322
28 373
4 387
283 365
151 245
104 118
9 25
101 321
184 318
180 306
87 329
231 346
290 344
58 68
298 387
37 71
25 337
291 386
87 89
255 316
17 120
196 265
174 298
155 177
205 341
149 382
265 283
18 34
164 248
231 280
170 364
3 57
166 383
184 303
183 235
94 305
203 382
81 309
48 151
30 372
31 351
55 356
117 153
321 381
196 376
22 65
120 204
37 323
21 187
13 288
115 297
218 289
113 306
56 100
67 162
356 388
102 174
51 151
183 344
43 95
92 269
1 332
139 144
11 310
2 217
29 42
102 172
36 252
13 129
62 374
160 252
120 203
32 64
94 259
83 272
130 324
119 250
276 322
282 386
219 389
157 257
87 167
18 369
93 377
134 311
27 98
129 138
301 353
220 348
7 50
93 263
81 366
284 303
8 368
39 280
35 178
336 384
41 146
234 316
6 123
247 318
10 254
101 367
40 328
251 279
120 140
13 385
240 315
59 191
126 270
2 209
278 396
72 125
212 344
20 153
51 152
218 298
117 210
86 369
135 386
25 102
76 173
169 174
183 212
209 319
125 135
150 195
58 129
12 383
22 235
35 64
26 350
178 355
149 313
260 262
294 353
203 324
156 263
24 208
189 272
88 247
168 241
192 241
71 252
167 181
179 199
124 261
207 372
347 354
48 76
31 252
316 367
87 94
229 376
65 189
105 262
35 312
121 350
28 158
140 276
224 307
5 37
200 271
230 334
29 192
271 304
177 190
45 338
118 331
168 297
49 303
20 371
146 259
235 290
232 259
44 349
332 368
365 369
30 73
233 343
323 351
0 20
157 249
215 246
94 340
20 397
160 351
269 345
183 343
232 314
288 358
125 199
51 302
101 288
31 171
87 305
29 349
33 330
155 335
71 351
126 365
71 323
268 370
12 318
186 344
121 326
48 184
228 391
20 85
74 394
285 328
287 305
88 118
81 177
34 243
3 37
241 380
182 238
12 50
342 376
354 388
332 336
236 376
196 270
97 130
36 56
147 172
64 289
194 278
216 236
84 184
63 135
33 349
176 274
116 230
27 202
166 394
269 303
165 307
222 383
154 278
250 263
142 263
35 289
149 203
191 377
236 342
174 315
14 333
33 357
192 330
308 368
54 353
26 198
4 266
251 319
321 385
246 256
246 340
118 247
103 280
38 399
132 217
161 170
314 348
104 247
198 356
197 308
244 268
226 390
262 399
131 307
100 114
280 375
29 330
245 318
46 72
68 78
235 272
61 105
2 251
165 362
97 398
104 331
2 86
211 300
155 385
117 320
108 374
52 268
90 172
12 394
205 217
18 265
149 204
82 293
72 238
248 391
139 286
178 289
39 183
159 217
80 114
121 398
57 110
174 240
36 171
39 229
148 399
170 274
11 329
197 384
203 398
34 205
126 236
79 93
16 45
27 38
59 111
207 262
35 218
175 331
47 285
94 169
199 230
12 292
76 245
81 335
100 291
100 230
189 363
211 265
56 230
147 193
16 343
270 300
227 247
316 358
229 342
49 269
19 59
202 370
59 156
150 197
246 277
206 319
45 82
204 350
45 97
48 318
121 203
24 46
102 298
104 158
193 337
125 136
45 343
167 310
205 251
84 245
66 357
287 340
300 301
111 244
152 389
123 167
274 364
34 248
25 218
105 274
86 217
32 174
154 396
143 210
75 394
21 143
322 339
32 218
49 220
247 373
155 367
52 378
146 312
358 367
173 219
94 277
159 332
19 263
248 327
277 287
296 378
75 166
111 242
270 365
26 356
159 243
70 379
106 217
89 362
73 93
264 272
167 340
57 143
30 59
43 155
214 374
248 296
46 136
120 350
135 359
72 109
208 352
166 331
200 304
34 360
129 385
68 177
219 303
303 345
238 372
71 108
6 11
110 286
92 295
57 286
84 118
113 388
107 279
18 283
77 230
94 287
3 286
105 352
3 210
280 317
46 63
346 396
325 328
134 297
69 72
169 340
2 279
14 85
234 309
41 49
48 84
67 345
154 346
61 260
212 356
100 359
219 245
131 261
328 330
23 198
91 163
100 125
52 157
166 175
162 302
33 40
12 175
277 305
108 323
24 70
194 363
77 291
98 370
201 368
76 151
162 389
12 92
11 129
333 362
84 247
77 114
14 307
128 361
309 367
39 83
149 306
162 284
56 80
7 48
213 296
235 264
3 15
327 378
50 383
145 357
68 326
161 368
234 367
8 170
86 360
19 111
47 357
53 379
68 382
17 382
151 184
223 291
64 67
154 231
83 233
62 71
18 86
55 113
99 223
171 223
153 286
186 233
95 385
124 307
53 179
42 349
65 272
112 298
88 158
100 137
231 271
133 167
170 197
30 111
118 158
276 339
248 378
70 395
141 251
54 392
234 322
221 381
329 362
102 387
113 198
235 347
225 339
260 361
309 385
215 277
40 90
64 284
65 396
36 77
237 273
176 197
13 95
57 371
87 256
51 67
96 314
232 240
9 289
121 382
83 200
352 364
101 385
151 303
148 274
1 201
3 320
6 167
82 163
184 245
312 315
146 284
359 395
106 201
97 163
196 216
260 372
189 290
192 380
166 222
156 377
233 344
6 256
361 379
55 388
47 192
40 237
344 354
34 86
2 132
116 136
31 223
192 328
31 71
37 187
228 378
193 325
183 272
97 188
189 275
283 369
179 379
175 295
168 357
228 327
57 320
2 319
249 370
90 267
261 397
121 149
231 393
126 229
195 327
58 130
150 308
196 342
296 327
302 389
124 333
309 358
15 37
79 119
31 99
44 267
6 133
13 138
19 30
305 340
114 291
79 156
103 122
68 203
21 57
24 395
6 329
80 100
104 373
148 170
220 254
46 135
4 390
60 163
157 202
48 173
216 301
127 302
54 216
105 364
59 263
222 239
169 259
50 118
103 200
26 113
180 212
16 186
140 185
0 299
220 314
82 319
324 398
15 57
24 135
304 375
91 132
68 130
21 37
101 254
127 284
58 78
235 344
94 240
83 264
36 223
32 289
281 321
226 387
134 330
66 145
196 236
31 160
1 308
103 231
54 236
168 285
132 206
160 171
197 364
7 84
74 75
111 191
77 100
75 339
165 201
29 47
48 227
54 196
257 268
286 320
145 193
194 346
63 125
203 326
215 305
155 366
85 131
255 322
48 245
161 336
309 335
185 306
113 180
40 193
4 102
105 170
283 376
239 394
223 252
69 262
8 332
246 305
41 232
194 396
127 348
5 62
195 213
119 142
307 362
189 347
18 279
101 155
60 253
30 244
33 285
79 250
62 214
210 371
78 138
27 52
29 241
13 335
39 264
190 204
90 102
23 354
220 281
240 289
215 299
36 114
191 242
71 187
9 218
350 382
52 98
382 398
183 233
243 341
19 242
139 395
12 84
97 326
159 341
233 272
126 342
126 283
108 258
255 309
23 180
70 125
39 233
103 271
322 358
164 296
77 80
169 287
75 331
73 191
287 333
19 156
38 111
60 97
127 146
288 321
155 190
43 81
106 159
2 205
51 389
71 160
37 62
183 290
195 228
21 110
249 265
161 332
43 58
284 345
42 145
311 328
234 295
1 106
209 341
45 132
118 373
43 190
197 274
85 307
203 204
22 396
121 204
338 343
246 287
344 347
51 345
205 243
265 300
34 341
75 222
32 315
149 185
119 361
8 150
129 381
308 327
173 318
196 283
14 124
242 377
243 336
282 395
107 141
240 259
102 337
341 360
119 263
112 174
34 369
181 256
151 269
254 288
241 349
226 298
29 40
110 153
33 66
141 243
72 128
63 72
132 319
10 220
13 78
18 107
255 367
221 314
146 232
27 228
141 205
147 237
371 390
4 20
61 69
373 383
36 80
40 145
206 251
134 328
259 315
164 228
26 121
345 348
89 256
60 324
222 394
86 279
70 109
170 391
51 76
63 395
122 376
166 239
175 383
23 356
12 104
301 392
25 112
105 399
227 318
196 365
186 347
27 370
167 221
157 268
95 177
37 110
258 328
112 287
80 223
30 156
40 147
342 369
15 143
10 316
38 207
115 258
158 247
281 288
70 136
21 99
122 196
99 351
45 163
163 206
175 394
308 332
141 217
105 197
265 378
9 178
88 222
285 357
331 383
157 378
272 290
91 319
113 121
78 95
322 366
275 344
159 368
254 381
286 371
231 317
90 237
242 244
124 362
110 210
24 63
107 217
84 104
2 107
92 292
152 219
336 368
29 66
307 397
69 182
241 285
161 224
146 221
187 273
53 199
357 380
161 197
275 290
332 384
40 330
186 290
288 309
28 88
181 340
155 234
117 208
221 254
49 281
25 172
270 342
196 249
71 374
299 333
29 193
173 227
127 314
93 119
180 388
272 344
270 369
75 175
284 348
131 397
304 346
292 318
258 297
6 340
55 186
49 284
52 370
55 354
69 238
77 223
176 352
134 374
43 101
69 364
127 232
233 235
67 96
7 318
204 276
200 393
236 301
36 334
13 58
138 253
52 202
124 299
200 396
47 374
214 330
143 286
90 193
110 371
213 228
249 392
129 293
153 210
107 205
238 260
117 386
228 296
89 246
215 362
195 378
273 325
288 385
224 384
157 300
8 195
217 251
122 342
157 370
1 336
69 260
295 316
277 340
41 127
102 112
104 383
202 294
98 257
213 399
45 319
80 334
19 191
8 248
82 141
200 231
22 189
277 299
290 388
208 282
24 109
287 315
202 257
289 312
128 238
112 240
76 152
124 397
122 280
172 174
39 317
25 174
97 253
232 312
51 303
14 305
51 284
240 312
132 141
192 357
43 78
100 386
87 246
44 178
33 42
221 321
195 391
112 315
209 251
335 358
237 328
127 162
273 374
257 294
0 307
270 283
10 288
245 303
150 296
14 215
212 290
39 272
73 372
299 397
137 334
13 81
216 353
201 307
233 264
100 109
73 377
130 253
85 215
18 365
54 301
360 369
63 238
6 87
212 354
259 312
72 182
150 384
306 350
7 12
200 317
82 132
179 230
29 33
214 325
46 109
62 273
58 253
190 382
19 73
68 398
41 162
211 353
132 209
26 326
145 241
108 311
19 93
109 144
26 313
216 270
24 125
11 133
154 271
7 92
292 295
229 270
148 228
169 315
10 281
16 163
96 312
222 331
71 99
153 371
116 179
160 323
3 110
51 219
192 311
17 121
128 182
186 272
43 385
97 324
80 230
84 318
17 225
313 382
56 137
36 137
169 232
288 335
65 194
134 258
185 204
25 90
290 347
100 135
96 284
152 302
326 382
72 379
224 336
78 81
171 351
8 197
214 237
337 387
63 128
3 21
116 125
64 232
64 146
264 393
151 389
83 317
83 189
41 64
238 361
114 334
177 253
70 135
55 344
275 347
152 162
151 173
78 190
139 208
134 192
55 290
13 381
5 187
125 179
192 374
22 264
170 228
116 199
59 372
64 302
98 202
225 276
300 392
256 362
255 358
138 188
74 339
41 96
142 361
103 393
276 366
140 225
308 384
109 208
89 340
292 303
66 349
120 306
160 258
150 228
106 243
220 284
159 308
210 320
61 399
159 336
28 222
120 382
68 253
193 273
161 308
50 247
192 285
120 225
186 343
0 85
20 299
79 361
163 251
61 238
41 314
70 72
88 104
25 226
45 60
72 260
176 208
149 398
154 304
68 324
363 396
29 285
98 294
58 177
199 379
365 376
23 388
60 188
313 398
112 169
65 363
21 210
211 301
89 310
172 218
183 186
53 125
15 371
120 185
305 333
0 131
188 253
191 244
207 399
60 326
81 95
21 62
234 255
212 388
64 96
60 398
204 382
15 390
266 390
114 230
84 227
209 217
1 243
324 326
110 143
193 328
99 171
80 137
96 348
387 390
47 258
168 380
145 349
26 149
313 324
11 381
136 359
205 279
122 236
143 371
183 264
296 391
53 136
5 15
232 315
48 292
317 393
231 375
256 340
56 334
224 261
7 383
237 330
0 124
117 282
83 275
17 204
115 311
17 350
67 269
7 227
150 391
195 248
200 346
109 359
147 330
109 135
144 208
210 286
256 305
65 278
43 177
44 355
121 324
89 167
281 316
271 280
58 335
18 360
8 384
17 149
146 348
74 166
72 361
155 255
148 296
57 153
7 295
300 353
50 104
58 385
233 347
124 224
8 308
67 302
205 360
162 345
202 268
32 35
142 156
81 190
7 175
180 356
67 348
6 246
82 188
55 347
236 392
31 36
101 309
93 372
213 257
23 344
184 292
198 388
111 207
47 328
27 257
88 373
96 146
288 367
375 393
69 105
73 242
316 322
131 299
156 250
172 337
148 197
90 325
53 116
125 359
81 255
256 329
90 337
169 181
298 337
8 336
196 300
70 359
53 230
133 256
24 100
170 296
67 303
122 365
99 252
50 158
51 162
144 395
149 350
35 44
79 379
277 333
1 165
278 363
87 310
144 282
96 232
163 338
50 318
247 331
81 367
154 200
133 329
103 236
143 320
84 158
188 293
353 392
206 209
273 328
70 128
174 218
136 230
342 365
40 47
186 212
46 359
259 340
17 185
59 207
57 210
88 383
88 394
73 156
3 143
38 244
265 369
249 301
164 391
200 375
102 226
94 181
267 349
130 138
143 390
109 395
89 94
82 209
108 297
217 243
320 371
150 364
249 353
325 330
164 327
117 139
220 345
161 274
284 314
224 332
104 318
92 316
258 311
97 313
135 282
95 367
256 310
41 345
272 347
331 394
147 337
208 395
15 266
309 316
22 275
16 206
236 375
93 156
205 209
64 348
87 123
13 177
255 366
313 350
75 383
22 363
41 348
158 373
53 128
12 295
40 325
393 396
5 21
57 390
151 219
37 143
138 177
171 323
65 235
9 35
118 383
201 362
22 83
122 126
22 272
210 390
11 167
38 52
161 384
123 310
115 134
23 113
89 305
17 140
49 345
139 153
27 268
64 312
90 147
137 223
140 204
66 241
89 133
248 360
148 195
217 319
313 326
203 313
215 333
215 307
184 227
137 291
3 187
77 334
174 289
61 207
381 385
73 111
164 378
130 188
6 305
42 267
173 184
271 375
43 68
94 315
105 176
264 317
125 395
67 152
196 211
103 317
241 357
117 397
109 282
101 335
2 141
42 66
82 206
193 237
237 325
71 258
12 331
48 303
141 319
335 367
49 348
14 165
141 279
34 327
29 145
71 171
183 347
18 342
193 214
257 370
148 150
278 346
49 67
13 101
139 282
47 145
17 276
8 161
45 206
95 335
163 343
32 112
197 352
167 329
310 329
30 191
59 377
50 88
103 304
107 251
28 118
216 376
289 355
26 203
143 153
1 368
272 275
9 174
83 393
53 359
135 395
308 336
70 238
148 364
224 368
88 331
223 323
73 263
182 372
141 341
150 164
86 205
203 350
280 393
266 387
121 313
98 157
254 281
328 374
39 393
40 214
79 263
38 191
94 112
55 212
30 377
85 397
91 206
168 192
114 223
26 398
92 175
113 356
82 251
290 354
82 91
190 366
156 242
83 235
245 292
62 187
16 338
147 267
18 270
85 261
214 328
300 369
266 371
171 252
198 324
220 269
153 320
108 134
72 135
164 195
150 274
252 351
142 250
90 298
326 398
14 201
154 194
150 161
133 293
115 374
147 214
136 199
150 170
45 188
55 180
68 188
19 377
260 379
30 207
109 125
47 237
216 300
94 246
46 70
208 386
49 51
0 14
10 321
9 32
231 304
246 333
248 308
31 323
172 298
74 276
148 262
192 297
95 190
6 181
1 159
196 301
9 44
50 227
11 123
81 155
223 334
108 160
95 101
14 362
157 164
132 205
285 330
158 383
50 84
59 242
32 312
182 399
14 256
41 284
46 125
141 209
218 240
16 198
43 335
162 348
41 67
127 312
87 181
7 184
0 261
262 372
170 195
58 95
182 262
206 338
270 376
126 376
218 355
107 209
9 355
123 221
378 391
133 310
105 148
311 374
78 253
47 168
107
49
79
22
98
28
61
101
114
47
101
56
176
129
138
71
86
68
36
115
138
63
139
68
62
188
168
182
103
182
75
170
71
148
86
222
60
87
105
69
120
98
91
107
91
78
82
86
22
71
111
67
156
151
49
31
147
61
110
89
72
75
100
33
201
77
105
92
140
78
21
71
65
148
92
32
69
222
98
20
151
72
106
117
105
204
103
109
44
83
152
24
54
107
86
62
145
48
73
193
147
148
111
92
70
103
120
95
92
114
171
14
166
64
116
74
86
90
22
96
96
148
196
120
45
230
71
100
70
86
72
66
83
92
142
26
135
73
146
111
235
64
37
98
67
127
98
86
133
10
289
159
108
110
86
27
138
156
105
44
114
119
67
73
141
104
66
202
49
64
172
131
47
20
36
84
22
113
115
158
118
100
87
73
72
111
74
83
176
92
180
113
170
34
77
65
34
79
36
81
168
182
96
55
62
71
84
148
64
52
160
64
89
112
118
123
75
14
77
76
89
135
79
103
64
54
87
204
109
72
214
81
183
104
143
206
120
129
141
31
74
26
201
113
100
135
78
159
178
67
57
153
41
101
97
76
88
26
86
95
145
49
188
120
98
55
39
110
121
133
90
123
65
82
131
95
99
91
126
70
19
192
103
38
87
15
172
92
153
87
130
131
138
95
70
61
71
56
136
61
70
46
84
36
174
33
114
89
43
72
133
96
61
105
156
178
175
86
130
48
167
132
113
82
155
100
130
38
44
90
45
55
123
81
83
178
152
163
128
184
182
37
52
76
199
80
60
141
78
144
140
147
74
51
119
212
119
73
108
177
113
72
103
176
192
102
21
60
129
55
134
49
153
57
113
50
185
167
53
133
98
115
94
160
115
108
57
118
115
132
134
91
106
164
93
67
119
46
144
21
152
86
96
148
174
37
80
172
78
200
116
86
148
192
23
21
67
177
179
63
133
117
45
101
196
27
77
20
98
184
233
108
103
65
80
156
145
249
85
160
24
95
33
59
77
64
130
116
154
47
73
147
63
67
78
87
120
54
48
162
164
251
193
94
27
46
57
114
78
69
129
148
108
63
70
126
68
124
76
72
58
28
126
89
161
106
101
55
128
130
98
41
78
129
72
66
95
137
117
54
239
65
120
65
124
101
25
72
58
164
228
110
188
32
64
63
185
165
48
100
121
107
111
30
81
64
139
188
105
143
165
93
63
41
174
88
81
114
94
220
112
113
156
77
97
228
172
114
79
127
90
249
44
84
33
60
194
76
69
89
47
84
21
94
60
52
26
68
115
131
106
30
13
9
65
72
113
168
132
64
105
154
156
75
109
59
89
87
80
76
100
191
144
85
41
115
77
142
78
97
104
52
94
159
32
158
99
166
137
26
15
45
89
163
61
162
40
234
170
147
127
121
127
9
27
74
184
87
152
51
35
126
89
143
105
30
79
57
81
73
80
118
109
68
21
68
80
193
7
66
135
85
212
113
45
72
65
134
143
169
97
114
56
70
140
114
174
94
96
143
93
79
168
28
121
131
137
62
44
195
31
146
68
51
92
45
90
117
26
111
56
49
112
143
64
56
16
62
75
16
57
179
64
55
107
171
118
171
148
75
164
136
82
141
62
82
269
145
190
129
161
76
123
66
92
85
150
119
166
131
75
47
66
120
77
38
93
149
73
40
144
84
133
87
113
31
146
149
135
108
76
60
121
89
129
91
112
168
100
105
66
79
107
161
75
82
96
74
69
41
65
59
163
58
44
160
142
34
142
138
129
61
22
61
32
128
164
111
114
109
62
151
93
191
84
86
73
97
23
37
15
67
101
128
104
109
161
65
140
67
91
65
123
95
21
33
158
105
72
184
69
65
165
246
61
99
72
185
137
68
89
152
99
101
90
39
103
124
122
68
172
132
74
42
128
273
108
79
66
54
58
182
61
47
145
29
92
157
113
86
73
157
170
48
227
84
69
62
112
142
98
139
97
45
104
61
22
86
6
156
108
119
35
154
81
51
151
106
41
79
54
52
25
164
97
108
77
187
99
146
54
126
117
125
58
94
67
129
120
33
100
67
258
145
24
167
204
55
49
98
83
55
79
17
113
88
78
61
32
119
114
169
180
45
165
93
36
122
179
58
92
185
32
89
152
149
62
111
175
123
218
166
83
48
12
77
47
19
53
132
75
43
88
62
102
50
131
25
97
180
75
23
29
155
174
90
122
70
107
57
198
89
54
72
54
185
51
152
60
83
153
123
82
97
49
76
22
152
116
95
86
107
42
191
63
111
179
38
43
184
54
56
99
198
111
146
95
162
111
26
94
25
102
58
121
106
47
59
65
65
146
45
101
145
62
117
287
57
95
185
85
113
73
65
101
134
55
121
142
153
136
36
183
57
182
117
204
73
62
181
128
137
142
45
73
43
134
91
76
164
55
211
64
77
80
130
205
197
117
60
70
74
125
65
32
91
51
78
52
59
87
128
188
51
81
98
129
72
147
79
140
120
28
198
68
132
157
121
53
109
80
205
244
90
128
162
120
76
82
67
104
60
189
160
159
78
9
25
122
49
49
148
166
247
110
45
40
191
174
140
221
22
150
98
163
124
81
125
138
87
77
43
73
106
87
79
59
73
37
198
222
121
144
84
80
78
40
59
117
159
24
69
49
89
152
10
120
139
112
191
77
34
178
144
71
85
92
105
113
52
128
86
110
26
53
177
61
93
123
97
89
94
63
114
104
14
78
170
148
152
49
144
95
74
35
136
90
54
58
67
121
111
144
68
168
120
127
69
140
87
52
59
70
133
27
53
82
54
72
87
119
172
92
95
101
147
62
166
151
110
59
115
52
143
131
185
61
33
179
99
115
57
79
78
217
35
26
103
31
78
42
80
145
131
98
79
30
95
127
50
29
84
140
50
69
100
14
190
93
78
96
48
53
75
90
65
131
155
154
172
153
100
154
116
83
34
30
165
199
87
142
103
114
119
134
111
30
35
133
83
148
92
239
26
73
60
249
75
76
59
74
144
149
69
68
29
61
86
60
53
79
166
193
10
35
63
151
70
115
60
72
35
64
188
163
100
118
119
17
33
170
121
64
111
84
26
78
27
71
101
116
110
106
119
84
128
25
166
57
106
165
64
51
344
28
149
94
15
108
73
58
66
108
159
92
31
57
62
166
130
93
228
91
121
147
133
146
179
117
139
85
77
117
170
80
81
38
61
67
140
124
148
41
230
171
230
142
78
180
123
55
60
116
122
108
129
62
38
144
110
141
111
94
69
110
95
21
94
80
75
181
92
125
18
47
53
149
89
117
132
108
80
67
88
148
48
100
85
94
89
115
27
74
98
154
95
202
102
116
149
82
161
74
44
92
44
99
49
10
87
180
88
125
125
144
50
145
92
105
108
112
33
115
98
133
34
147
115
113
32
112
30
100
18
105
45
54
193
36
49
187
72
99
64
111
161
26
171
165
29
55
137
31
92
92
122
22
28
79
187
124
64
76
163
38
84
184
82
103
79
92
78
106
126
173
130
176
168
135
84
116
50
18
43
62
126
38
58
122
35
80
151
70
155
121
51
117
135
164
54
123
87
97
118
73
157
127
73
77
123
74
132
73
67
129
44
124
62
36
115
130
103
136
187
70
193
231
221
82
185
156
44
89
26
94
128
125
54
104
75
99
326
117
120
147
63
22
175
42
21
158
199
84
104
38
119
89
83
71
153
65
36
134
136
132
48
175
184
51
125
103
84
29
62
113
92
138
68
89
43
105
137
142
78
99
149
65
111
117
150
32
103
120
22
92
53
132
68
86
168
85
31
144
67
61
8
90
101
35
136
80
104
40
121
78
112
60
127
110
122
167
52
29
69
134
124
80
95
141
28
94
145
89
153
149
107
75
59
75
99
135
146
197
75
50
111
71
108
100
80
80
151
116
35
32
120
144
110
107
186
172
59
151
129
38
259
56
98
100
102
23
117
130
76
121
22
141
125
51
80
50
39
116
86
66
24
142
95
154
71
89
85
116
11
58
37
65
188
94
86
60
91
126
65
166
10
24
79
83
79
41
104
78
112
57
143
178
137
108
64
192
100
21
42
118
32
72
27
128
159
133
95
104
131
168
137
55
24
129
98
91
164
59
45
151
100
58
43
100
92
67
27
125
187
78
134
83
23
120
37
153
90
145
88
151
99
84
199
37
46
100
81
88
58
53
79
134
95
50
126
221
141
103
175
42
116
93
83
26
202
59
62
90
86
155
201
116
29
54
64
97
112
84
40
155
18
180
95
43
66
162
137
82
17
53
198
82
66
115
132
59
35
162
107
74
113
108
47
177
13
138
135
28
166
154
172
182
172
99
49
31
87
117
94
39
170
88
108
166
101
62
90
134
93
98
99
45
86
80
158
35
83
182
134
231
102
84
107
82
138
73
42
52
163
72
141
72
155
137
201
120
40
70
35
208
152
36
32
20
173
178
84
86
68
168
56
70
92
197
67
99
91
167
55
21
210
139
165
140
24
27
144
39
119
155
