198 606
610 423
188 404
389 668
542 410
747 613
659 709
300 746
377 332
675 173
701 285
3 291
141 609
213 726
98 158
574 91
307 493
430 57
632 97
354 95
2 506
291 696
420 758
401 691
244 564
763 416
109 694
123 9
216 512
75 206
651 229
238 173
791 114
640 569
687 489
682 609
556 107
257 280
734 256
382 377
34 244
42 677
360 221
269 217
557 773
430 226
593 592
160 492
683 581
532 638
227 310
472 737
318 542
776 149
86 772
717 617
622 306
68 296
29 236
462 53
584 590
229 571
269 276
296 93
699 711
596 172
45 795
481 41
621 107
565 47
255 38
746 214
416 335
11 394
117 337
281 686
376 482
296 524
375 616
669 498
153 237
620 319
500 116
694 245
134 543
662 698
189 720
673 408
439 49
175 684
373 506
185 263
416 14
348 540
169 427
74 10
242 417
310 152
767 694
616 654
82 526
605 678
129 556
219 15
46 407
363 21
674 216
14 125
182 457
459 447
747 143
142 11
65 770
733 697
272 237
585 13
405 607
17 423
547 586
676 707
691 208
327 546
147 387
27 291
635 196
114 712
13 181
642 692
354 437
681 772
779 722
328 327
651 653
799 750
79 250
620 252
537 443
366 576
498 185
751 398
129 416
473 15
781 385
697 363
674 337
245 755
93 612
422 63
786 519
573 659
671 253
126 758
265 475
600 581
564 370
431 113
76 327
5 454
438 272
98 435
130 666
446 632
445 772
269 314
119 317
552 460
387 332
37 202
666 640
218 38
557 757
744 716
188 279
248 348
542 704
783 206
539 16
744 59
740 40
507 543
457 275
496 299
470 564
703 408
615 770
702 639
33 188
85 482
460 791
693 781
770 327
9 657
150 104
769 346
551 159
355 661
646 392
794 489
155 651
391 359
270 138
216 301
600 429
134 179
785 241
425 385
147 131
499 234
608 493
93 772
670 195
119 219
63 147
520 499
514 400
706 612
226 44
519 79
788 302
186 683
283 169
268 335
624 584
522 517
645 578
594 625
394 197
179 631
419 595
641 15
134 661
444 664
395 673
640 281
440 288
737 618
263 724
436 527
182 572
320 589
581 710
756 572
105 196
283 318
795 12
107 260
552 365
53 482
298 269
411 170
662 612
248 742
326 707
29 673
192 485
574 702
342 274
369 749
624 425
677 599
113 352
565 795
602 312
600 413
268 680
738 445
164 718
620 8
691 612
435 368
76 421
688 93
65 753
575 287
345 784
566 385
220 766
238 195
247 272
713 38
320 443
278 380
97 789
516 286
795 498
253 66
673 764
322 649
607 116
394 619
18 85
611 337
512 430
400 735
132 243
103 101
250 603
28 98
372 793
96 307
419 251
123 159
145 353
758 262
788 532
101 205
657 362
82 723
444 683
640 126
246 159
142 136
291 211
200 458
401 589
239 45
87 246
571 338
318 336
221 759
252 800
207 543
647 550
37 573
488 405
491 120
302 717
467 22
667 422
544 697
93 238
462 534
343 114
558 455
337 495
36 738
392 758
764 381
469 683
651 662
416 793
345 668
606 763
530 303
407 552
233 583
202 434
470 95
725 491
679 688
471 284
702 725
394 547
653 194
717 749
274 376
576 316
100 344
32 653
318 567
148 752
658 472
153 796
311 306
696 579
436 318
333 581
610 462
398 231
139 748
620 347
786 97
398 490
129 648
527 653
24 164
713 426
616 118
29 496
29 261
225 538
365 486
756 783
499 549
161 195
542 585
70 45
673 362
19 492
233 127
452 341
152 459
59 531
371 252
662 46
435 585
55 345
216 20
535 546
774 782
138 325
183 376
201 278
176 217
43 220
36 68
126 212
93 359
59 155
93 137
131 221
275 291
269 390
15 194
176 327
289 341
49 329
113 133
197 265
116 137
155 347
104 159
197 304
178 244
213 333
82 194
27 295
63 200
20 100
25 337
79 328
124 135
321 380
1 333
97 220
77 93
69 115
34 265
46 385
206 384
65 353
195 289
154 370
213 383
0 238
113 171
78 232
216 315
151 282
189 399
66 282
273 283
247 323
204 303
181 350
13 236
161 289
139 183
36 82
94 140
1 87
4 246
50 278
21 287
117 388
62 163
41 253
29 167
177 271
7 236
238 345
197 284
64 189
28 61
152 254
183 306
59 217
183 387
68 377
37 363
5 215
12 227
301 305
162 293
38 150
7 298
220 389
234 365
49 174
179 383
154 275
14 206
164 396
136 214
382 399
226 393
144 306
103 169
43 97
40 57
133 354
248 256
224 268
163 278
164 302
32 175
6 354
19 63
99 255
271 377
179 237
29 126
271 288
68 69
37 248
99 149
254 321
17 59
377 394
136 213
378 388
38 204
161 314
199 269
78 344
130 133
245 330
134 305
232 293
145 251
33 48
250 364
249 300
46 398
134 211
166 199
141 217
75 251
103 216
214 333
144 196
2 94
321 345
50 172
12 146
53 204
112 307
45 234
56 262
314 366
3 116
229 394
238 296
258 367
5 185
246 291
42 368
191 335
204 218
83 120
325 347
205 324
89 160
75 287
41 335
77 359
297 386
195 252
64 98
20 247
2 302
241 364
213 223
53 177
22 51
158 207
12 84
4 275
29 40
7 274
182 237
139 265
343 356
122 302
34 361
212 295
1 367
1 275
20 323
268 364
128 334
151 266
198 373
150 233
215 250
14 295
121 359
159 247
11 58
323 392
57 316
170 255
149 329
143 196
131 163
52 137
196 263
147 327
143 337
121 239
158 300
113 349
116 314
158 393
78 287
112 209
282 360
331 395
98 130
35 215
87 306
309 377
275 356
26 198
74 156
90 128
159 270
170 261
67 82
65 309
34 348
103 285
236 264
3 289
83 353
267 394
58 330
183 265
106 124
271 371
146 191
131 256
236 319
157 378
196 328
158 181
119 286
126 375
79 367
273 356
97 310
155 332
246 343
13 89
360 369
195 341
62 243
202 367
274 293
249 332
254 380
118 385
352 381
34 328
111 192
276 360
126 186
163 221
48 259
114 310
161 338
93 381
9 271
215 364
255 342
6 132
145 236
3 341
63 389
276 320
209 362
243 318
46 225
31 97
209 282
138 249
356 370
37 221
100 187
110 271
148 284
271 279
37 201
8 269
27 169
346 391
18 229
166 205
13 319
115 217
76 372
18 267
41 307
38 175
94 313
200 312
17 327
166 234
151 362
28 345
107 167
137 359
60 149
228 344
145 326
43 312
34 376
0 61
6 286
212 375
125 360
142 265
15 36
81 370
79 208
81 273
115 176
244 371
54 272
215 259
91 172
79 348
211 330
25 265
170 174
93 372
52 334
220 312
331 344
165 367
265 337
134 245
117 157
70 397
178 229
89 230
138 207
41 272
260 302
44 342
116 232
16 121
143 328
199 365
243 281
37 172
174 240
46 222
129 382
46 224
153 225
109 213
229 271
85 127
81 317
114 277
88 155
174 255
236 326
70 216
246 263
304 348
301 311
125 373
53 71
260 299
169 315
119 339
93 366
2 96
95 297
37 173
155 249
298 336
69 176
2 391
113 351
16 280
195 232
234 390
93 121
162 257
3 293
12 373
39 269
265 376
135 262
82 217
85 351
127 351
18 279
206 295
318 355
139 193
22 298
114 163
182 398
296 380
56 306
76 381
125 272
192 311
66 272
132 339
133 399
170 342
118 398
328 367
153 385
235 304
154 317
31 389
323 388
63 97
241 284
154 356
93 239
253 358
274 340
335 358
4 165
222 250
184 286
54 335
110 371
60 385
99 127
121 366
25 183
18 394
181 365
42 393
185 259
271 394
4 292
219 373
180 283
244 271
226 300
203 301
29 211
23 195
242 330
348 376
146 373
149 174
119 349
3 231
83 150
127 132
48 268
7 320
56 135
99 339
167 186
250 268
189 351
149 225
20 392
156 299
149 374
110 177
165 292
62 221
77 334
295 386
248 318
317 343
8 205
49 385
23 293
111 397
158 390
191 358
285 310
121 352
125 209
1 4
40 316
163 248
262 273
173 355
36 377
4 202
205 390
7 75
293 340
127 339
16 90
94 346
23 336
159 187
74 122
23 308
41 191
256 393
215 235
228 314
302 357
49 60
28 321
57 164
19 332
212 297
86 145
316 330
81 291
133 382
138 194
26 369
71 110
122 391
282 307
75 326
80 294
26 307
166 318
46 99
50 173
310 312
47 108
35 132
83 233
315 397
266 360
240 255
15 82
26 266
59 325
132 225
16 93
63 315
68 309
9 120
101 240
113 130
112 335
309 353
33 364
28 47
67 141
86 369
291 370
107 126
169 397
217 325
161 231
151 209
235 268
135 353
112 125
28 313
58 375
331 352
232 338
255 329
108 313
241 304
142 376
161 228
100 388
119 129
69 217
17 67
202 275
55 215
96 173
161 395
44 184
65 377
269 324
233 262
27 397
70 169
149 240
253 335
306 370
95 290
58 379
182 395
5 304
58 316
257 336
10 30
32 177
59 92
116 395
236 252
305 330
180 300
46 60
16 381
336 340
26 89
64 351
257 340
165 202
36 69
266 369
258 328
10 83
8 365
256 363
76 90
343 350
293 308
254 391
59 67
104 388
106 353
242 294
54 151
67 92
74 164
83 303
25 197
134 330
23 257
88 141
221 278
101 132
228 395
50 163
104 157
167 379
224 364
200 285
66 307
94 96
89 219
32 371
223 398
21 75
13 251
185 339
104 117
149 255
13 145
8 363
41 358
106 120
154 262
58 123
81 356
30 150
120 175
20 157
36 194
78 195
198 266
11 379
73 156
108 140
177 244
59 141
2 254
258 361
81 135
62 363
134 299
350 390
87 376
81 262
57 357
73 157
12 238
291 387
63 310
59 327
163 355
55 241
229 267
178 371
74 302
222 225
55 259
275 333
19 105
297 375
101 255
199 205
300 365
214 292
263 367
289 395
113 354
12 102
298 340
300 350
141 327
94 391
164 245
7 21
361 367
279 394
47 391
231 232
11 57
99 250
339 349
227 296
231 289
109 205
158 226
133 171
13 360
292 324
6 127
10 150
344 395
237 383
33 322
12 198
57 156
21 236
29 245
108 346
60 222
360 362
169 216
114 220
134 167
1 328
315 389
130 382
289 314
230 373
187 391
344 352
237 344
170 240
64 171
319 320
78 395
257 298
182 228
78 366
119 127
212 290
99 225
89 369
264 326
64 286
370 387
78 137
104 247
46 118
100 247
88 347
96 108
127 168
334 372
56 317
100 102
140 260
116 289
114 248
48 364
23 231
42 312
45 249
62 114
36 65
0 12
5 235
47 94
127 240
2 140
82 138
305 384
44 170
24 359
279 371
20 117
26 151
207 283
40 126
136 165
206 301
22 340
182 344
242 311
26 230
223 383
84 102
234 300
104 140
372 381
18 68
45 300
142 337
72 166
160 198
161 308
184 261
256 368
253 307
286 354
252 257
35 235
10 144
45 350
2 122
87 265
124 353
208 361
162 336
202 208
368 393
131 166
183 328
29 242
40 134
92 105
119 354
233 291
162 298
219 230
192 301
228 237
21 251
188 340
255 261
87 143
62 248
14 311
136 275
90 93
78 314
88 105
119 189
244 279
89 198
189 382
213 398
64 349
47 313
254 346
177 178
245 316
252 326
93 352
295 311
43 62
291 306
6 119
135 233
17 155
242 316
30 106
306 387
273 343
3 308
109 372
8 72
272 307
7 264
23 338
29 58
259 364
56 370
122 260
168 185
265 348
90 352
191 323
300 393
60 398
43 114
15 18
116 352
123 379
140 391
67 347
36 217
328 376
240 342
103 315
196 258
208 333
41 125
125 151
250 259
137 239
157 270
145 320
275 317
27 386
62 312
25 142
125 266
236 251
25 348
225 385
52 359
111 216
180 181
2 108
164 260
274 336
148 241
5 241
245 294
74 299
86 251
72 390
164 299
246 356
86 219
88 92
269 365
77 366
237 395
262 356
274 298
143 376
167 375
168 259
142 218
139 337
57 396
248 278
118 179
76 352
162 340
3 252
80 330
101 225
224 322
186 305
146 198
200 277
228 289
87 328
80 172
44 261
87 361
118 225
81 306
151 272
187 378
185 268
107 386
165 333
51 188
64 119
200 389
267 279
96 313
39 205
28 108
181 390
211 294
209 369
64 85
90 121
31 277
57 123
115 229
52 90
64 339
54 282
299 396
202 258
136 333
227 238
103 111
202 328
37 163
61 380
240 329
50 221
243 278
7 326
301 384
71 303
23 341
120 150
88 217
163 173
107 375
125 230
300 368
117 270
295 297
245 305
174 261
29 305
185 235
160 266
146 230
90 381
22 23
46 153
222 259
160 230
220 332
144 370
75 341
224 250
262 317
39 72
47 187
59 82
125 198
160 219
58 134
8 131
0 198
198 227
179 398
203 305
67 327
115 394
200 220
357 396
252 287
130 171
168 349
112 282
263 275
214 275
80 245
18 377
129 354
10 233
354 382
165 213
34 79
15 217
266 319
190 218
226 368
33 60
110 175
56 273
98 351
71 106
112 272
51 293
86 276
158 234
289 344
192 206
37 50
119 171
54 125
25 143
291 317
89 227
96 355
68 394
318 363
68 288
37 91
192 397
140 302
378 392
213 331
72 269
359 366
123 396
197 348
148 348
87 183
101 149
213 292
95 111
193 303
209 272
211 242
187 392
85 119
208 367
283 343
65 210
30 353
40 123
45 368
35 259
186 212
22 274
10 303
281 318
121 334
211 245
170 329
33 224
259 268
290 297
56 150
134 316
56 356
153 222
58 167
160 307
8 39
226 249
166 365
209 360
196 306
287 366
32 110
139 142
137 314
185 250
13 86
94 254
19 155
203 242
259 322
71 175
32 53
208 322
97 389
27 95
314 344
150 210
275 292
124 150
55 250
256 318
186 375
180 390
9 106
219 266
124 210
45 226
65 288
349 351
10 38
178 279
22 188
25 139
11 40
129 286
24 61
63 70
293 298
221 318
189 354
25 193
224 259
59 347
128 372
31 43
171 351
96 346
99 101
132 268
218 303
3 232
280 381
6 64
257 274
93 334
87 258
143 183
183 337
203 311
21 195
209 307
42 256
105 147
29 134
57 330
16 359
102 146
95 386
81 144
285 397
98 133
299 302
14 192
106 210
91 201
164 357
156 396
14 305
118 383
157 388
275 370
38 106
1 361
229 279
32 244
362 369
85 168
80 384
57 245
25 376
39 166
208 258
251 276
385 398
140 159
54 307
4 154
73 270
63 220
348 361
24 28
126 167
326 341
136 292
44 240
288 309
143 387
261 342
28 152
281 355
151 360
99 132
221 281
168 215
294 305
290 295
45 158
104 396
140 357
123 134
251 319
107 186
217 327
17 105
194 377
155 325
54 209
18 288
163 318
265 284
228 352
37 278
130 351
239 287
234 350
70 389
148 265
33 250
137 289
292 333
3 23
107 290
216 389
158 350
17 147
61 238
201 243
132 349
246 317
12 230
61 345
78 239
0 296
365 390
156 357
135 273
132 250
220 310
276 319
168 268
296 345
28 238
277 384
190 204
158 365
38 71
70 285
205 365
6 349
306 328
120 353
198 230
109 292
220 277
7 257
132 185
203 206
334 359
263 333
161 232
18 271
56 81
305 316
54 66
177 394
280 334
181 234
162 188
131 199
72 234
23 289
156 164
147 155
294 384
82 347
107 212
78 116
134 379
221 243
179 182
33 222
173 243
8 256
199 390
351 354
196 370
80 91
257 293
109 324
52 239
98 113
49 374
290 375
51 338
67 217
130 399
116 195
238 380
61 227
286 351
235 241
154 214
9 353
277 389
0 24
273 291
131 248
49 149
243 248
190 303
98 171
84 321
182 383
146 323
180 234
46 149
192 295
193 218
143 306
45 393
270 378
200 310
383 385
50 62
247 270
16 52
70 315
221 355
56 233
240 261
158 180
75 236
4 324
1 263
38 190
48 55
86 89
260 357
18 309
13 266
166 269
272 282
248 312
4 333
179 223
30 233
180 365
196 202
43 278
14 211
84 100
129 189
80 203
165 208
115 267
45 138
126 297
6 85
33 153
328 387
94 108
60 153
135 150
1 258
223 385
116 228
273 317
60 118
153 224
35 185
251 326
19 97
308 338
26 41
180 368
29 375
9 124
57 379
47 254
31 310
190 193
227 345
79 322
99 240
60 225
212 301
212 242
334 381
15 309
124 309
92 327
191 253
247 378
56 144
48 222
69 267
87 196
313 346
175 303
173 281
127 349
24 296
107 297
171 354
76 334
0 345
286 342
243 363
139 376
89 266
29 212
114 278
239 296
116 344
202 263
86 319
262 370
141 147
100 378
3 78
40 167
54 112
65 194
338 374
187 270
311 384
22 336
122 346
77 121
284 348
66 335
145 319
63 332
177 279
59 147
67 325
14 212
181 283
45 180
163 281
242 384
5 148
51 170
58 186
129 351
5 268
215 268
258 263
227 373
307 335
174 374
247 388
211 305
236 276
144 291
190 337
232 289
323 378
103 397
47 321
14 242
8 166
158 368
383 398
74 357
48 250
330 379
50 355
20 388
76 280
61 321
51 308
26 125
152 313
9 30
24 77
21 252
35 55
62 256
156 260
71 120
101 174
165 263
92 141
163 363
92 147
9 83
118 374
21 264
69 229
108 254
29 316
84 238
72 205
35 168
66 209
121 137
203 384
43 277
114 312
22 162
157 247
51 336
116 231
62 201
47 102
247 392
17 347
184 342
15 69
4 263
223 331
152 334
260 270
7 252
145 276
141 176
94 122
30 83
143 193
119 132
72 365
1 196
329 374
153 322
120 124
106 150
283 356
237 331
24 345
230 266
125 307
7 145
88 147
78 341
154 291
22 257
163 243
251 320
137 344
15 115
64 127
242 301
293 336
59 88
239 359
130 354
124 377
350 365
90 344
102 392
74 260
69 288
132 168
85 349
37 243
147 347
54 360
156 245
86 266
6 339
100 323
91 278
73 117
290 386
40 379
287 341
50 243
210 309
39 199
39 131
48 224
283 350
83 204
119 351
42 45
36 325
53 110
165 223
12 160
142 193
67 176
88 327
211 301
182 223
277 312
38 120
214 324
139 143
285 315
17 325
361 376
49 225
200 332
181 343
55 364
344 372
33 46
283 317
15 288
36 288
14 375
42 226
272 335
221 363
250 339
3 161
52 366
40 58
277 310
57 134
2 313
87 139
26 253
216 397
252 264
160 227
30 210
233 273
45 207
314 395
18 69
180 207
317 370
62 278
232 341
222 322
78 289
118 153
294 316
153 250
337 376
237 372
100 392
58 126
217 347
183 196
388 392
9 210
287 326
55 268
116 161
8 318
136 324
177 371
42 300
171 382
35 364
27 111
134 294
284 304
354 399
72 199
97 312
113 119
140 270
203 211
10 106
24 238
282 362
178 394
323 358
56 291
7 251
9 309
313 391
76 93
77 239
17 19
187 388
102 238
146 358
123 156
195 287
72 180
26 160
260 396
49 118
20 378
90 237
73 104
42 249
238 321
142 190
333 367
30 120
345 380
33 259
331 383
168 339
166 390
207 350
125 369
232 308
15 68
122 357
307 369
64 113
111 386
21 341
77 380
82 155
50 91
263 328
219 227
65 68
106 135
29 186
79 361
17 141
16 152
24 380
48 215
222 224
111 169
80 211
168 250
16 334
203 294
194 325
30 135
252 341
187 247
181 273
288 377
144 387
52 121
18 65
91 384
70 103
15 176
285 389
83 106
26 373
53 371
96 281
216 285
31 114
13 264
89 125
55 235
167 212
239 366
14 203
160 373
75 252
86 360
74 396
112 151
0 380
122 140
173 221
117 247
196 387
211 384
15 65
192 203
17 92
185 215
282 369
248 363
28 380
176 267
4 136
122 159
106 233
182 331
38 83
63 216
87 387
131 243
148 304
51 162
12 89
231 338
31 200
55 185
181 207
249 368
314 352
310 389
9 110
173 201
128 280
60 224
43 248
47 346
242 305
71 83
44 174
90 334
211 316
117 378
128 381
54 369
309 394
234 283
85 339
99 168
180 350
246 275
154 246
43 310
227 230
299 316
159 391
61 296
64 354
179 331
143 144
5 55
39 128
202 333
3 195
0 227
137 366
31 312
352 372
17 88
148 197
63 285
122 164
194 288
316 379
47 84
72 158
136 202
245 299
97 332
205 269
129 184
294 330
16 77
108 391
82 325
188 293
174 329
179 213
117 159
4 214
101 339
13 219
75 264
327 347
66 112
91 294
151 307
65 124
139 190
171 399
93 344
32 178
169 389
291 356
96 152
2 346
125 160
172 294
188 336
1 202
35 250
15 377
6 351
169 285
146 160
80 305
23 232
131 318
104 270
85 101
71 204
163 201
255 374
352 395
35 48
53 175
262 291
101 127
50 201
127 255
83 210
234 368
84 392
31 220
64 129
81 233
154 263
97 200
151 369
185 349
231 308
18 36
152 280
68 271
150 353
172 201
21 326
28 254
13 276
38 303
40 186
78 228
48 322
35 224
170 184
214 246
0 321
43 200
89 373
51 340
67 147
35 268
299 357
77 152
38 218
67 88
137 352
243 355
19 147
251 264
109 214
210 353
37 43
40 330
52 93
37 114
317 356
172 278
22 293
95 295
189 286
237 352
11 123
120 210
179 385
193 337
14 301
215 241
271 309
73 396
8 199
52 77
85 132
178 271
57 299
137 228
57 74
198 219
328 361
76 128
131 363
264 287
14 29
37 62
101 329
29 330
175 204
94 159
30 124
206 311
90 372
254 313
27 103
24 321
163
36
93
144
98
139
94
70
119
88
106
145
64
117
131
76
128
209
188
95
84
126
115
127
84
139
100
144
132
105
82
151
42
76
65
68
84
180
117
131
88
81
182
121
95
44
97
21
113
174
112
132
275
60
46
121
77
75
82
97
183
135
64
79
182
67
38
43
95
119
147
14
184
66
186
104
152
86
24
109
94
69
119
155
129
233
174
39
145
13
26
124
163
55
47
136
46
62
193
150
148
67
108
84
97
197
188
155
183
86
125
131
135
126
94
64
81
86
128
158
31
156
102
52
94
73
65
81
169
29
95
115
136
174
79
74
154
153
32
192
173
47
117
68
115
141
54
98
62
109
181
60
131
87
96
111
110
226
104
58
51
175
50
57
87
90
137
113
148
117
93
149
35
163
83
156
123
78
96
92
100
100
83
72
98
95
48
92
177
42
96
78
56
67
120
81
54
68
68
127
55
164
127
59
86
118
51
114
201
47
69
100
33
196
154
43
157
130
41
54
98
70
177
114
71
191
44
117
145
149
47
171
52
112
175
160
150
111
95
157
251
103
159
91
85
149
165
51
112
52
123
243
105
162
24
30
108
55
136
199
184
5
154
87
195
93
55
52
25
245
146
76
105
60
184
108
79
74
198
96
186
79
48
96
25
131
122
113
49
204
47
91
81
175
135
97
122
87
55
188
41
212
86
191
123
82
149
173
96
91
159
79
91
81
205
49
134
72
68
104
102
104
28
32
154
129
112
167
30
50
19
143
71
89
148
145
62
114
151
110
193
33
34
124
144
104
130
140
52
109
154
148
94
142
160
138
51
52
105
111
102
170
253
33
134
134
93
34
40
78
188
149
48
135
142
82
50
52
59
139
108
171
65
120
87
194
63
152
67
58
54
230
199
54
139
63
175
86
73
118
273
104
147
67
158
83
201
129
95
34
65
75
98
24
71
61
86
186
88
268
75
92
180
134
176
163
93
59
77
156
142
59
109
62
110
111
111
90
174
145
121
63
129
149
56
79
75
328
101
31
94
106
114
83
72
55
55
109
37
115
39
78
98
71
29
49
72
97
101
57
56
220
101
141
103
190
147
61
111
89
129
77
125
59
253
110
105
132
159
68
97
80
163
69
143
176
109
72
146
76
94
130
59
103
107
88
92
19
120
141
49
157
30
144
97
17
54
100
61
63
128
161
125
95
43
70
201
165
129
175
102
129
144
89
95
25
174
113
161
133
70
99
32
90
54
53
89
79
126
104
50
143
39
132
22
89
34
95
66
129
146
99
106
183
121
43
49
140
96
55
157
81
136
144
81
29
108
141
174
149
139
106
245
98
104
132
59
224
42
107
120
112
40
127
209
158
37
77
84
109
13
136
77
147
30
144
84
165
66
64
94
180
66
40
184
117
137
26
182
64
64
69
186
23
127
135
37
125
62
84
123
56
72
110
173
79
104
108
145
16
34
34
28
88
156
33
68
56
132
64
46
81
90
130
72
257
81
65
129
78
54
136
105
176
63
139
164
94
94
85
70
117
29
75
72
59
106
222
71
169
145
32
201
77
147
102
208
134
83
112
86
136
45
124
68
127
136
57
109
27
86
122
87
107
136
84
144
92
80
108
216
74
177
91
110
109
99
30
62
114
171
55
98
40
48
145
74
40
88
25
158
98
139
202
79
36
16
124
15
64
140
100
148
86
51
65
121
46
132
100
139
130
135
123
48
118
87
133
99
81
121
134
136
116
147
19
87
24
91
130
59
90
222
92
18
148
187
165
193
63
45
179
207
170
176
110
160
66
79
69
148
112
110
73
34
47
103
56
20
28
27
60
36
109
133
156
214
125
152
113
66
212
96
98
23
75
156
90
40
128
56
96
121
63
93
131
198
145
71
137
162
51
139
128
41
113
154
79
94
113
191
112
42
185
97
52
75
52
43
63
43
114
97
61
57
22
98
60
142
26
28
54
134
107
82
61
115
144
110
51
64
89
40
137
121
141
67
144
34
133
123
72
105
135
73
47
141
82
93
158
95
53
57
95
178
49
97
112
160
53
116
43
235
128
73
183
69
70
64
144
105
111
35
78
75
108
57
130
73
73
132
119
100
34
63
162
71
111
149
35
104
90
142
91
90
222
157
138
77
177
97
145
45
32
130
66
138
172
104
177
149
74
251
23
153
32
98
117
133
94
175
144
64
133
117
117
54
45
121
125
119
34
137
72
41
151
119
149
46
75
52
52
99
33
119
138
144
115
127
53
66
156
70
64
165
100
117
47
82
143
130
36
111
15
57
16
94
79
93
46
117
124
188
94
172
159
102
71
119
57
56
58
57
136
72
90
172
59
105
51
88
57
114
64
97
145
133
141
56
99
155
81
39
64
201
145
156
107
43
164
132
48
70
69
53
202
180
247
55
71
115
126
38
47
214
246
81
98
189
84
53
77
186
190
56
50
125
77
202
58
45
144
49
74
46
101
43
56
40
22
80
99
177
169
118
113
71
13
39
38
177
19
133
36
85
116
80
52
88
69
94
159
126
55
59
136
60
175
226
97
76
45
113
75
111
146
56
109
79
136
61
173
52
127
116
100
85
88
67
116
91
33
102
50
77
31
45
177
76
80
96
135
65
102
145
73
129
107
58
149
63
18
181
89
112
121
141
90
181
100
139
122
84
123
48
103
115
134
46
122
167
165
137
216
49
118
52
46
118
130
94
113
135
189
172
231
123
136
83
64
135
98
95
99
101
47
55
99
86
115
88
165
63
98
82
177
78
37
125
168
15
66
47
109
50
97
192
96
169
103
95
73
142
125
119
187
78
15
85
90
146
143
28
110
113
60
215
255
87
133
97
77
75
120
62
21
86
157
56
70
55
18
132
100
33
67
82
65
52
10
90
61
168
110
105
79
99
28
98
35
165
109
45
105
52
143
66
73
152
120
116
57
13
61
90
108
66
157
64
197
64
191
98
52
137
77
102
33
128
67
117
27
120
94
105
71
97
48
77
150
130
75
17
194
91
134
161
189
82
192
84
62
71
46
144
91
182
166
124
85
72
87
95
81
75
31
72
135
122
58
83
120
39
81
99
109
130
43
86
82
156
55
57
74
35
198
106
65
27
74
64
156
134
85
135
76
99
143
164
80
155
69
31
71
146
93
100
94
32
85
83
97
29
82
17
200
39
116
81
72
108
90
152
67
126
97
81
84
80
33
44
21
161
57
70
62
85
130
71
204
129
147
31
66
95
162
118
74
62
91
87
83
114
59
126
117
103
144
84
94
75
170
54
86
124
39
74
84
143
103
84
52
21
101
177
105
182
77
126
70
115
80
57
111
109
49
236
37
67
56
95
128
186
194
126
109
71
36
36
139
54
80
67
44
157
104
143
117
122
8
167
90
21
63
96
18
41
70
88
29
111
38
114
47
72
98
75
74
105
213
129
94
185
194
61
108
126
193
118
76
162
60
45
117
88
58
151
142
35
77
54
50
114
219
72
134
210
125
106
20
113
76
167
110
81
116
27
117
86
47
166
120
50
125
115
142
104
38
157
70
46
189
46
61
36
121
114
105
18
113
130
145
146
123
67
49
34
88
135
53
67
89
48
202
33
36
92
128
189
108
75
116
129
94
84
68
35
56
106
221
22
126
94
50
256
45
72
95
40
73
120
87
180
67
133
80
72
126
32
95
74
175
170
73
127
98
80
115
95
163
97
103
126
83
98
54
62
195
120
23
92
73
89
95
197
46
175
110
42
148
156
67
122
107
57
35
127
56
24
129
63
206
160
54
53
96
88
104
152
23
122
72
86
107
170
65
174
127
72
24
92
76
96
59
158
134
53
61
182
157
163
92
225
52
156
157
100
133
104
122
189
122
206
141
70
119
69
89
127
63
108
74
174
78
128
104
123
116
117
96
55
72
171
99
56
143
156
159
44
205
145
108
182
71
201
59
90
92
67
75
95
90
64
114
60
185
111
69
39
142
187
82
128
51
148
27
25
14
167
166
59
117
125
68
97
67
72
77
119
150
144
45
126
25
51
51
88
85
143
172
97
47
54
135
99
79
193
181
88
49
87
98
38
151
93
140
206
61
73
137
96
129
25
55
215
82
73
29
87
133
103
75
150
115
56
162
155
121
10
151
127
71
71
215
145
99
104
115
66
108
21
37
20
133
90
130
98
46
72
134
49
64
131
96
44
39
53
106
166
20
58
53
122
178
80
164
103
155
121
136
30
70
92
42
50
15
243
14
128
234
65
139
96
26
137
87
103
160
55
133
87
94
255
243
76
103
37
104
67
97
13
20
93
57
90
179
72
19
20
92
99
48
150
161
162
51
94
71
52
16
170
164
130
156
126
109
66
121
119
32
77
38
122
118
90
89
70
41
78
102
50
100
137
53
106
110
79
186
181
129
193
71
22
37
167
203
71
105
111
97
117
78
30
108
161
56
82
32
123
85
146
38
105
63
39
165
66
51
155
71
128
85
53
114
183
62
96
119
58
68
149
54
65
62
13
132
84
57
80
85
9
80
67
175
94
