651 724
221 406
375 194
751 723
686 713
576 251
423 428
425 163
264 69
613 554
581 670
337 33
330 53
173 464
726 62
159 46
464 184
578 122
310 657
796 717
534 343
423 795
716 574
637 715
645 430
204 770
1 338
75 316
320 688
125 278
448 745
276 454
749 185
505 352
648 35
620 664
150 14
547 595
418 139
204 290
800 212
128 93
725 216
317 786
104 97
293 60
602 266
244 81
435 642
578 322
91 745
589 104
108 718
45 385
589 562
224 384
291 501
652 357
94 394
289 699
451 607
409 453
457 568
3 172
209 135
201 449
545 217
217 116
172 180
134 388
514 45
317 488
787 106
466 288
310 286
722 48
194 634
537 640
340 443
578 203
619 536
17 590
561 658
154 148
114 285
143 353
745 672
446 615
251 417
96 21
58 43
563 250
429 270
69 753
658 544
299 465
607 148
256 259
315 771
468 685
94 541
440 197
501 222
715 51
124 58
476 384
730 757
271 189
789 231
730 363
503 337
319 236
299 559
470 248
345 617
790 596
737 629
352 254
526 232
166 479
438 786
793 643
97 205
713 487
208 525
103 761
385 708
731 680
660 64
166 746
646 177
637 168
334 143
582 166
741 476
1 778
35 190
186 134
165 87
612 424
520 518
450 572
715 661
464 8
388 631
251 778
162 217
10 55
694 304
153 436
391 351
682 512
177 794
68 549
234 665
124 176
344 592
689 98
314 595
361 78
215 622
504 450
34 538
528 78
587 612
736 753
180 652
476 795
464 406
275 574
637 225
516 717
331 388
574 336
500 569
233 97
235 704
455 723
246 783
671 783
743 185
496 141
794 682
342 385
276 698
443 173
450 460
376 66
254 565
464 109
24 402
410 684
268 416
676 587
792 506
782 736
298 19
723 398
542 253
394 82
633 241
634 326
57 713
750 7
717 325
420 83
180 10
459 492
453 47
29 348
706 525
20 280
607 593
89 224
285 724
339 608
712 618
36 667
784 417
636 137
196 685
265 48
28 86
44 302
792 52
512 91
599 257
486 510
741 13
142 323
478 378
20 101
309 797
193 467
615 625
144 548
777 191
765 729
194 692
622 707
383 798
203 54
606 209
798 191
631 271
235 283
548 313
650 739
126 272
692 191
524 646
4 167
63 638
362 222
246 484
411 567
567 465
58 5
353 226
306 463
611 34
776 542
194 283
697 386
620 600
6 555
258 315
484 605
714 286
104 775
199 413
558 522
632 71
278 773
336 396
53 262
405 353
734 212
261 101
472 588
495 66
462 589
115 453
176 510
773 408
106 737
324 635
177 453
31 612
512 600
239 474
139 582
180 800
24 624
206 357
242 68
517 265
772 435
187 242
447 433
645 593
280 191
652 84
746 616
42 474
321 708
97 258
683 541
684 457
289 186
211 586
189 623
753 2
714 131
224 160
249 585
493 91
285 626
47 399
509 690
277 240
742 659
90 579
292 770
727 503
258 475
235 590
763 192
715 469
265 163
527 357
354 556
185 712
720 199
718 684
714 510
188 735
618 151
615 276
695 519
589 130
370 55
761 639
128 252
204 193
749 491
243 586
696 227
257 789
194 786
796 38
276 173
194 151
522 387
270 631
369 544
717 498
371 327
638 625
555 648
652 139
643 674
47 417
781 712
350 704
509 635
542 196
515 250
319 475
785 614
172 403
4 750
3 90
48 630
798 611
324 255
66 705
747 121
725 725
428 698
464 366
35 222
68 637
160 166
101 6
771 525
486 86
157 658
271 242
181 627
756 773
264 291
485 718
555 747
207 92
317 53
662 203
89 128
576 85
456 526
211 275
65 149
5 244
156 255
227 399
29 248
50 202
207 227
219 272
190 209
42 249
84 275
347 396
15 241
229 306
154 184
30 167
187 199
178 336
123 134
161 256
176 336
158 315
94 339
151 335
121 369
162 288
96 131
92 253
248 306
91 198
80 94
220 311
237 390
68 314
47 221
175 314
318 362
332 336
94 210
186 227
107 351
134 356
150 274
182 342
329 351
57 139
104 397
163 398
95 274
1 65
311 315
48 191
282 370
324 339
146 344
52 202
6 276
154 238
208 386
14 377
15 384
193 210
91 118
125 129
59 154
156 158
71 368
86 182
210 324
31 368
46 198
202 285
134 328
123 307
151 324
151 308
3 127
341 395
44 90
13 270
153 322
223 381
98 232
48 281
193 216
188 354
120 379
19 390
305 364
216 321
217 288
63 251
79 366
134 308
79 242
122 306
59 214
3 86
146 155
296 367
279 365
64 314
116 142
36 41
7 16
37 54
233 287
266 391
86 363
48 144
5 242
373 376
68 344
56 290
279 281
277 347
157 219
87 281
19 86
50 217
1 287
222 397
9 300
157 302
12 45
25 273
28 364
5 46
232 240
327 333
77 164
252 288
309 329
9 164
31 71
142 303
137 394
8 221
112 355
93 125
170 338
322 382
36 138
29 343
41 104
314 352
123 356
176 184
91 366
169 188
111 258
136 381
342 369
20 49
371 376
139 263
300 307
15 394
214 273
187 208
205 316
333 347
156 331
82 239
184 364
212 300
66 367
108 180
302 360
29 223
248 343
211 306
286 317
189 225
30 126
265 293
298 344
110 168
56 188
172 357
73 380
69 282
255 331
239 393
197 263
135 371
224 228
189 280
23 179
194 356
111 253
37 365
117 258
19 195
319 365
33 168
287 290
17 398
10 250
75 103
108 277
22 94
59 364
83 383
10 358
21 167
36 241
14 128
86 116
78 95
6 230
2 111
88 254
31 254
6 150
6 168
123 328
217 382
187 395
131 219
101 181
151 356
149 370
69 229
268 277
344 383
148 244
33 110
21 120
172 259
277 333
233 270
73 110
319 392
77 365
137 344
34 157
171 392
43 232
99 365
13 65
231 372
245 320
114 156
191 364
142 378
33 380
171 250
86 142
295 394
7 185
328 339
20 380
39 97
127 142
163 316
242 396
75 203
132 351
316 386
209 211
41 397
261 324
124 283
51 272
21 240
89 104
297 328
66 118
285 376
293 322
36 257
183 259
260 398
66 91
151 210
265 373
282 362
245 262
170 347
3 334
182 237
123 210
197 297
264 300
48 60
13 287
205 280
83 138
152 269
221 241
258 375
307 339
315 317
93 129
67 175
250 359
102 113
16 38
83 397
79 96
274 357
206 241
46 242
83 137
203 228
303 342
28 286
102 366
82 171
158 286
310 389
80 307
123 308
105 353
275 381
133 337
126 177
109 204
98 145
136 275
105 110
125 202
282 304
102 118
8 241
330 380
214 348
142 334
40 277
161 186
153 304
5 118
282 287
41 138
77 250
103 128
10 359
8 278
116 303
23 247
127 334
124 233
174 399
181 225
139 308
222 251
128 302
76 311
183 357
33 73
252 376
76 238
221 295
26 211
314 351
306 381
14 34
5 79
116 342
92 113
20 173
94 193
71 325
61 186
189 386
158 215
168 299
200 244
196 221
112 215
24 197
166 310
199 341
205 208
44 231
303 374
272 360
194 261
89 222
110 296
34 260
289 359
131 170
32 108
13 370
63 136
162 265
214 323
149 270
219 340
226 244
313 360
202 371
131 242
32 243
22 307
40 180
136 213
29 146
145 178
120 240
204 268
233 283
176 238
297 345
115 121
45 278
134 210
58 85
173 201
169 354
174 227
3 378
317 354
126 191
111 309
359 365
155 397
163 280
74 258
83 155
96 398
375 391
336 349
114 158
286 305
324 335
64 175
263 284
177 319
76 220
212 234
43 214
194 345
259 325
178 232
281 365
304 362
74 117
201 244
55 270
223 275
30 392
119 282
38 199
8 12
121 182
87 267
109 197
164 300
149 287
55 370
116 216
159 341
182 195
144 191
242 244
62 281
262 391
13 124
51 225
14 350
154 166
15 44
32 249
4 378
92 357
176 332
60 279
59 176
135 202
152 178
64 344
65 325
33 330
32 333
39 294
279 289
342 374
80 271
158 169
184 354
9 80
5 296
229 294
203 350
209 318
26 362
140 161
62 279
314 344
109 263
0 4
146 298
282 318
33 105
153 288
21 126
3 106
118 367
34 272
14 72
98 348
243 277
44 155
130 200
0 23
4 247
252 382
207 399
136 251
124 235
20 105
129 220
34 128
169 310
191 392
107 309
106 237
145 323
307 356
165 179
213 275
123 151
270 370
33 173
128 260
222 372
194 297
27 209
118 198
119 235
108 327
251 381
226 338
88 192
63 372
153 252
230 353
59 354
111 388
97 245
30 171
88 270
104 138
41 89
44 104
176 220
86 321
64 278
119 233
238 336
79 170
65 287
74 97
37 212
236 333
144 255
115 261
190 362
210 356
172 192
42 347
140 227
43 323
168 230
132 309
157 360
53 318
98 305
68 137
114 215
122 275
77 319
127 378
372 397
234 358
245 294
99 392
160 315
132 301
108 236
195 363
288 322
26 27
301 351
116 127
91 244
55 294
193 307
73 102
299 380
74 253
180 243
272 340
269 376
11 196
37 164
70 225
25 152
202 376
121 321
118 296
203 224
40 108
71 259
20 33
69 370
76 160
31 88
199 205
78 183
141 255
324 385
192 325
96 130
84 248
175 241
61 207
42 396
157 377
159 395
81 252
164 358
279 399
43 145
100 322
165 378
130 360
71 95
335 356
254 325
67 241
126 379
2 101
88 325
206 384
55 88
25 145
14 224
133 242
193 300
3 363
219 302
217 252
43 348
134 345
38 205
18 305
89 257
301 309
310 346
120 167
23 361
154 311
253 309
215 331
62 227
248 262
291 311
164 212
255 399
26 209
90 257
152 292
98 273
10 393
319 393
48 87
22 116
124 254
9 234
100 304
154 354
215 317
236 243
54 234
270 287
193 212
58 149
5 91
230 380
119 283
47 64
129 292
181 316
257 384
131 396
37 267
213 343
59 305
32 327
76 310
45 159
129 336
32 180
0 247
177 191
93 269
270 294
64 383
134 324
11 45
124 290
188 310
197 284
72 350
301 320
82 234
189 199
213 306
198 296
293 373
152 349
307 335
107 320
99 171
73 296
1 55
100 283
45 175
301 329
130 249
121 374
200 338
66 226
231 251
252 322
25 178
107 301
46 170
51 340
234 361
97 375
101 185
223 306
116 121
291 389
388 391
100 265
353 380
26 318
35 239
35 82
216 303
55 192
41 137
27 211
137 138
62 140
170 244
112 315
94 151
93 217
172 183
84 343
195 378
77 289
262 266
236 327
266 294
17 51
131 340
167 171
54 212
201 338
24 308
364 379
152 336
50 125
138 394
233 290
284 297
256 271
99 191
147 231
57 204
51 260
128 360
109 148
160 311
44 89
189 205
150 276
17 225
212 358
54 164
46 91
117 320
89 90
178 292
129 269
130 219
38 181
10 239
117 375
112 346
74 357
46 201
148 263
86 303
52 217
155 213
158 331
21 30
1 149
303 321
81 322
337 340
42 108
315 326
19 182
109 297
60 174
72 224
246 296
169 317
67 314
30 379
244 338
200 242
138 241
16 101
74 388
129 349
82 365
97 298
3 195
34 203
6 105
145 348
81 382
159 199
67 278
309 388
156 355
188 326
96 340
228 312
38 185
122 136
83 352
112 158
154 332
0 35
37 359
46 338
31 290
186 299
253 258
229 248
98 240
11 187
97 111
15 295
0 378
58 318
93 135
326 346
32 42
31 325
314 383
90 147
313 377
263 328
36 206
64 67
40 243
119 124
161 299
42 277
278 295
120 177
166 332
91 102
83 344
263 308
254 290
62 267
125 376
220 389
184 305
217 373
39 229
155 383
95 254
97 301
18 28
76 154
27 229
86 342
37 82
267 279
168 186
200 347
227 271
24 57
11 221
249 347
220 238
54 300
255 279
332 349
145 292
91 296
59 184
122 146
117 357
60 144
74 320
58 362
214 305
61 299
162 293
287 370
180 327
56 95
4 165
86 216
62 87
182 363
247 378
148 347
86 127
87 279
71 78
63 381
123 339
87 255
272 302
50 371
15 89
183 274
112 188
141 281
72 313
293 382
309 320
34 103
42 333
165 363
91 242
33 246
25 292
168 353
156 317
76 389
147 257
188 315
249 313
177 392
151 339
68 146
124 326
127 237
215 286
114 331
59 323
233 370
266 320
268 347
324 345
113 296
1 31
24 139
30 99
99 177
84 229
9 54
335 339
97 391
134 297
278 351
76 326
65 270
184 214
280 316
130 170
129 285
8 45
175 352
160 310
56 71
211 381
47 241
105 168
163 225
1 270
163 386
14 312
241 394
113 198
32 40
254 287
34 75
20 246
5 198
188 346
269 285
63 222
176 214
78 368
209 362
229 343
106 390
122 213
251 397
81 288
126 364
110 380
154 160
159 205
39 298
290 325
320 375
94 300
85 294
324 328
26 190
20 330
242 337
97 266
68 298
25 336
4 106
124 310
345 385
142 342
218 345
55 266
80 212
59 273
351 388
16 189
82 250
276 357
234 264
352 383
210 339
97 388
237 378
49 246
214 364
317 346
32 236
326 354
180 333
197 308
35 264
25 332
13 282
233 325
200 396
151 307
242 338
115 369
218 297
141 279
267 289
24 256
36 104
321 342
197 328
17 337
22 303
90 372
62 255
141 267
376 382
146 383
320 351
95 325
5 66
91 226
241 295
89 384
137 314
98 214
85 370
101 102
10 164
142 216
123 335
166 220
130 337
67 352
84 223
151 328
3 390
127 321
2 185
72 377
145 232
93 202
9 264
301 388
84 85
14 75
118 366
166 387
140 399
81 373
164 234
81 162
247 361
70 398
134 218
143 386
0 239
45 341
75 128
160 166
153 162
175 295
141 227
187 205
392 393
202 217
73 367
26 223
230 330
134 194
10 35
79 91
27 84
132 159
105 330
181 386
194 324
166 311
57 173
145 214
27 85
60 62
45 47
11 159
178 349
75 377
106 378
216 342
283 287
171 319
18 184
64 394
164 250
29 213
25 129
127 182
210 345
67 137
127 363
59 286
250 319
303 369
286 354
221 395
189 316
91 367
226 242
22 339
36 384
16 113
2 258
140 271
81 293
103 157
22 216
229 262
27 190
81 217
319 359
37 250
186 207
18 215
159 187
7 38
107 329
323 348
144 286
288 373
375 388
38 189
37 174
75 312
238 332
222 231
8 175
20 353
77 359
54 264
109 268
281 399
45 196
106 165
204 263
89 147
58 282
90 231
358 361
4 142
114 317
284 328
50 285
86 378
58 209
288 293
125 269
52 93
44 83
14 157
8 295
63 231
165 237
112 156
356 385
321 369
84 306
214 232
41 394
45 221
3 19
254 368
43 240
33 353
4 127
28 305
278 314
56 325
193 264
314 329
378 390
119 149
254 259
225 280
195 237
101 113
29 262
311 387
373 382
133 340
166 389
173 330
331 355
114 144
38 386
175 221
202 382
15 138
210 335
170 226
6 299
46 244
115 116
149 233
352 394
62 207
12 341
221 394
167 177
292 336
340 360
106 195
51 133
35 164
165 195
160 354
258 320
265 288
96 337
174 267
228 350
156 169
8 47
278 394
179 247
245 391
100 153
104 384
334 342
52 376
56 368
220 332
260 272
210 328
125 285
147 222
232 273
170 242
120 126
1 192
39 245
95 290
70 143
267 281
219 360
29 275
129 332
5 338
309 351
168 380
154 317
99 379
149 282
23 35
12 221
219 337
15 41
111 320
82 359
346 354
106 179
52 269
1 294
66 133
158 354
28 214
119 287
188 317
43 273
62 141
199 208
115 342
76 346
146 248
17 340
54 80
238 389
91 246
15 104
177 379
27 275
207 299
148 204
278 329
141 399
379 392
123 324
113 367
112 169
84 213
178 273
18 364
133 219
236 377
311 389
55 65
17 96
134 335
103 302
239 361
35 247
150 380
148 268
180 347
131 133
192 274
0 361
78 259
225 398
24 263
105 299
288 382
39 391
232 323
264 358
180 277
143 280
4 239
249 327
65 233
38 159
191 379
12 187
53 223
42 327
262 343
146 306
105 276
41 384
57 201
20 230
39 266
267 365
130 242
65 88
320 391
130 133
315 346
95 192
116 321
8 196
70 386
171 177
298 343
50 52
144 215
119 290
225 386
131 360
225 316
18 59
18 286
73 113
217 293
170 200
43 98
180 249
208 316
57 109
123 297
122 248
251 372
178 323
21 177
80 300
17 219
265 322
348 349
73 92
99 250
49 338
189 208
69 85
102 198
7 101
96 133
82 319
116 369
65 370
103 203
144 156
102 185
107 314
183 276
175 278
182 321
9 271
322 373
74 391
135 376
79 118
67 394
60 365
158 188
80 256
292 349
198 246
231 397
62 399
79 133
250 289
81 265
232 348
14 313
10 23
31 78
68 352
72 312
309 314
335 385
115 374
187 341
76 166
56 254
198 367
18 156
213 381
26 53
42 180
56 78
66 102
85 229
41 90
203 312
28 59
147 372
7 205
35 234
275 306
205 341
196 395
64 137
111 117
66 366
311 326
50 135
169 326
196 295
21 379
60 255
47 67
114 286
97 320
50 269
87 141
281 289
68 83
212 264
291 310
221 278
243 327
173 246
16 181
192 270
261 345
108 243
64 138
100 162
234 359
235 322
86 121
13 119
53 58
157 313
104 206
160 346
324 356
53 190
321 334
131 337
82 164
315 354
163 189
67 138
56 112
224 312
104 257
248 298
137 352
6 207
138 206
239 247
10 361
29 84
162 322
220 336
143 205
83 146
116 374
51 302
174 279
250 365
51 219
186 399
29 306
47 175
60 141
109 218
65 283
37 289
162 304
51 96
180 236
88 290
22 210
86 237
169 346
145 176
9 94
182 374
157 272
153 265
64 68
160 220
77 82
259 274
11 395
10 77
27 306
91 338
158 317
116 334
8 394
238 387
122 155
46 200
333 396
340 398
70 316
25 348
66 242
235 283
98 323
12 159
245 298
41 83
258 309
105 230
8 395
22 193
127 342
52 125
235 291
110 330
13 290
9 212
120 392
65 254
18 354
215 355
54 271
210 307
181 280
65 119
130 131
17 163
10 234
20 110
5 367
44 147
313 333
121 303
181 185
273 348
51 337
304 318
6 186
163 181
77 267
60 289
253 375
45 295
363 378
4 23
143 208
31 192
4 361
144 379
56 259
140 207
44 138
102 296
74 111
164 359
131 249
32 313
29 298
107 111
95 259
81 153
25 176
200 226
198 226
244 268
301 314
14 228
134 385
145 349
249 396
47 394
156 215
180 313
99 319
50 376
252 373
14 103
249 333
29 229
141 174
300 358
2 132
45 395
64 352
261 385
35 358
107 388
334 378
27 223
40 327
134 197
146 343
170 396
302 398
134 284
310 315
44 397
80 264
193 358
294 370
75 224
46 49
49 226
307 324
153 235
98 178
14 302
305 323
153 293
30 177
148 338
61 78
161 207
312 350
255 281
13 283
112 331
87 144
65 290
27 29
164 264
122 381
74 266
278 395
78 172
94 307
93 376
224 350
128 272
16 102
190 318
18 114
35 361
332 387
154 176
19 363
7 181
137 175
146 213
38 101
15 206
90 222
175 394
129 152
3 237
237 334
90 384
72 203
260 302
140 256
142 321
32 377
245 388
128 157
53 362
236 277
222 257
366 367
49 173
195 390
217 376
49 330
11 199
31 259
328 345
28 184
88 294
72 236
57 263
14 203
218 284
48 99
3 182
42 236
62 174
18 158
339 356
211 223
79 226
272 398
2 253
171 393
52 285
192 259
64 329
42 268
12 395
0 179
124 188
249 277
150 172
202 252
68 155
289 365
107 344
150 183
66 79
2 38
110 230
161 227
1 88
60 267
70 163
112 114
308 356
255 355
40 236
155 352
133 366
2 7
111 375
47 278
32 277
130 396
23 239
105 380
96 242
105 161
174 289
285 336
25 349
161 353
6 380
317 326
4 179
92 117
123 345
58 370
273 323
103 312
87 365
344 352
117 253
208 280
166 238
24 328
68 383
46 226
51 398
237 363
109 284
35 359
387 389
100 235
37 77
145 273
30 120
4 334
181 189
252 293
29 85
66 198
122 397
50 129
70 208
53 209
213 248
28 126
12 199
1 370
180 377
369 374
60 281
103 228
48 267
75 157
48 379
250 267
102 367
122 343
95 368
28 114
34 228
69 270
161 168
335 345
160 389
31 56
150 357
5 200
220 387
70 280
160 326
174 281
156 286
230 299
115 303
113 118
41 44
13 233
50 93
233 254
201 204
217 371
67 295
9 193
197 204
234 300
137 383
320 388
75 228
61 168
280 386
325 368
276 380
80 151
58 69
197 218
5 226
201 226
192 290
1 233
74 245
198 366
36 89
27 248
10 82
74 375
208 225
31 95
110 173
100 291
167 392
363 390
330 353
165 390
140 174
100 288
44 222
18 317
92 101
27 53
6 61
306 343
93 371
62 289
139 256
12 196
79 337
308 328
64 295
205 386
2 117
97 262
308 324
57 148
28 317
202 269
110 246
209 223
60 87
66 296
96 360
16 185
337 360
18 214
33 230
121 342
13 149
246 330
183 192
64 83
3 165
49 201
90 104
67 68
51 163
96 219
52 129
15 36
19 237
76 387
245 266
129 238
173 353
86 334
154 220
126 305
93 285
48 279
7 189
111 301
17 133
117 388
148 201
328 335
345 356
262 298
185 189
11 12
291 322
360 396
69 149
52 332
277 327
259 368
39 262
11 341
34 302
30 191
178 348
169 315
58 190
105 186
78 274
75 350
47 295
310 326
172 274
190 304
194 385
310 311
328 356
110 353
54
95
147
151
63
6
138
67
68
90
115
116
90
106
162
54
103
62
118
83
178
102
138
110
61
62
78
48
83
67
49
86
127
134
125
107
98
24
42
147
177
17
80
203
162
39
128
186
77
233
99
106
70
193
64
83
95
217
101
108
170
190
157
123
177
127
70
36
106
65
114
157
72
58
120
123
161
73
86
149
71
41
110
32
83
143
152
117
200
55
131
56
8
91
74
53
141
54
70
146
22
114
84
39
218
80
91
35
71
113
128
154
202
42
94
15
58
134
81
162
236
96
90
79
47
67
80
47
39
119
130
167
61
52
173
133
74
83
23
145
56
115
62
185
68
46
43
23
43
102
67
93
70
101
131
164
229
99
182
98
145
85
74
89
110
131
93
99
157
128
234
42
230
45
148
217
153
95
119
97
179
137
86
171
146
63
56
178
55
211
160
68
135
32
29
129
127
104
57
164
14
109
190
85
56
185
78
92
75
90
72
170
141
190
97
102
82
34
113
116
68
111
46
67
67
110
150
168
41
29
85
48
100
183
102
84
183
125
48
39
146
57
55
104
71
186
97
83
201
47
125
27
83
164
89
47
54
115
59
117
17
148
107
101
81
142
105
97
141
70
101
156
96
99
160
44
74
232
194
60
79
52
159
102
106
26
92
13
155
86
195
71
43
26
104
214
38
60
110
79
150
175
141
77
62
36
11
32
92
112
110
91
96
135
84
85
107
46
103
104
148
175
139
76
209
43
75
133
153
66
118
61
117
101
85
110
18
170
75
38
16
74
14
115
175
94
128
210
41
35
175
146
190
148
65
90
156
155
247
109
70
69
70
129
158
97
70
48
96
72
119
161
232
125
78
95
88
112
76
67
253
174
46
160
161
177
173
110
89
58
77
86
96
106
187
84
54
107
163
151
76
15
164
114
83
98
70
107
108
144
161
122
81
64
27
28
96
138
103
129
66
87
89
114
78
53
80
152
17
92
156
155
115
46
80
138
102
146
83
87
62
157
51
69
131
85
116
204
85
41
62
171
60
139
34
42
79
134
171
55
203
204
103
78
79
193
133
60
203
92
35
147
147
91
84
86
45
62
145
118
75
189
110
178
42
99
179
141
78
239
116
62
91
40
71
81
234
100
124
266
59
25
43
182
86
115
143
130
21
68
11
97
91
149
146
89
45
162
214
19
70
68
80
197
96
80
77
97
152
41
101
79
61
118
68
137
26
23
88
198
83
164
83
64
82
67
132
136
69
65
36
123
43
65
66
65
171
123
124
118
133
68
29
150
54
92
45
93
141
105
20
125
111
15
185
147
53
156
50
201
60
142
167
92
44
75
162
25
61
200
57
59
175
139
120
110
111
221
94
72
65
68
27
123
95
74
42
72
63
96
58
100
64
141
69
85
70
113
33
150
183
144
126
53
191
125
134
187
98
73
93
80
25
32
77
90
74
102
125
43
55
163
94
89
56
139
94
96
41
157
72
47
15
45
52
101
96
171
103
84
184
87
31
112
72
96
18
94
211
216
47
152
146
93
129
98
164
63
152
58
142
98
24
24
56
108
136
80
104
78
84
113
63
16
93
79
59
14
29
174
46
102
84
42
112
143
136
111
86
90
134
220
91
80
65
24
83
80
98
104
22
151
114
66
118
42
107
147
139
169
114
11
86
33
140
94
72
76
63
112
53
147
159
85
51
146
50
147
196
138
139
141
74
106
94
98
28
65
71
86
105
21
97
52
170
191
38
151
49
200
103
34
44
59
29
88
96
140
80
138
179
192
30
155
82
21
157
59
58
88
89
91
203
203
48
93
131
48
72
99
158
124
163
187
75
111
98
80
108
128
55
185
29
71
206
169
99
64
129
123
56
51
114
146
71
103
81
171
71
79
180
77
36
193
90
68
85
159
45
44
35
49
144
43
46
128
70
122
21
114
78
19
68
106
53
74
233
207
107
179
20
41
83
150
86
38
250
69
30
41
107
143
10
60
158
147
74
131
195
14
77
137
73
105
111
158
81
78
128
88
118
67
106
154
38
75
109
124
83
144
36
12
79
178
126
119
84
24
84
209
106
159
94
58
46
180
62
31
61
154
95
117
58
144
148
35
86
73
119
57
165
35
227
177
35
53
26
82
119
129
84
47
83
75
68
45
120
191
39
190
49
154
34
43
84
120
87
73
84
144
69
124
111
29
147
201
59
138
66
87
69
39
78
74
169
171
78
34
51
69
88
72
87
86
59
81
123
25
41
44
84
120
90
159
61
182
99
76
41
52
58
245
58
80
105
148
48
29
166
37
87
63
71
93
103
20
127
137
121
39
112
26
101
122
163
46
92
68
112
65
154
151
130
127
85
186
56
93
70
76
20
63
72
66
106
73
74
67
49
190
170
146
72
74
78
80
149
57
35
42
54
124
105
84
110
65
135
175
135
48
179
127
136
50
54
79
114
29
92
61
96
123
88
47
53
84
71
92
209
94
131
71
178
119
72
122
96
52
221
16
87
61
190
112
90
60
105
183
150
169
39
133
98
77
102
75
152
57
121
90
66
157
87
151
63
69
97
128
83
60
86
52
154
91
136
69
59
59
131
184
51
153
83
45
107
57
155
84
67
184
107
107
60
87
72
106
137
133
63
94
85
76
129
103
67
49
104
155
54
68
190
227
180
118
83
58
37
26
47
40
174
47
139
161
126
134
49
21
59
95
35
120
185
79
104
18
130
201
139
100
98
61
138
98
19
82
239
40
32
140
175
149
35
127
67
92
106
118
66
115
168
45
113
177
130
97
109
60
181
69
148
54
165
91
133
43
54
60
206
78
39
59
52
122
49
107
193
124
223
51
18
80
70
57
100
70
75
166
73
86
159
133
176
135
127
82
87
168
188
125
31
69
136
92
61
112
142
35
33
87
180
90
93
63
94
139
65
100
46
75
268
83
60
80
106
52
20
103
59
110
36
46
175
79
79
118
95
23
106
102
15
150
85
97
83
169
81
126
40
191
106
14
110
74
168
135
18
66
127
174
82
93
68
168
57
113
79
144
44
108
79
86
82
96
88
201
16
204
100
66
114
86
150
114
60
183
162
123
109
59
175
74
58
69
85
89
43
42
124
192
138
57
89
29
81
236
93
145
106
191
240
38
136
169
75
93
76
154
116
11
70
82
89
116
125
169
47
151
124
70
84
38
118
49
118
113
42
28
128
146
99
126
155
98
87
197
118
170
116
138
63
201
141
110
65
96
73
56
70
127
110
112
107
155
60
116
47
101
126
136
114
287
62
37
148
183
102
54
60
222
120
101
106
87
135
200
135
81
54
259
130
137
30
33
28
72
79
174
126
132
50
116
103
78
207
16
89
95
81
68
84
72
70
51
47
22
124
191
97
210
164
65
56
60
58
97
63
55
67
26
150
64
90
48
102
106
77
49
151
83
81
74
71
22
146
95
108
51
30
27
98
35
104
146
208
129
152
68
91
171
25
200
104
99
89
29
151
61
228
114
166
139
53
47
83
129
76
32
61
167
130
75
149
59
97
62
136
136
76
193
61
105
97
73
62
130
41
189
29
101
160
139
60
104
118
92
70
107
125
66
101
166
106
52
49
95
134
98
86
15
64
111
100
105
99
34
184
41
120
125
81
96
148
71
196
60
37
167
116
67
117
142
78
130
103
42
110
173
44
197
72
77
55
79
112
137
59
42
106
162
89
86
90
86
132
100
129
104
208
181
21
153
161
79
155
84
167
56
166
172
96
63
50
129
55
73
23
37
72
144
107
34
118
54
45
21
65
128
64
62
98
142
125
60
173
94
66
42
97
56
80
93
137
156
136
194
87
119
188
233
36
114
175
154
56
132
55
142
152
122
155
95
133
158
163
61
71
103
22
42
105
24
63
40
121
103
33
84
143
197
98
106
154
77
124
23
195
130
134
85
75
34
164
135
71
92
75
125
118
36
130
54
124
147
53
61
57
92
168
97
148
38
87
138
108
68
81
51
73
174
111
33
57
39
148
84
82
28
72
76
126
176
144
126
83
125
100
63
175
132
155
70
44
92
143
68
126
74
194
113
92
21
30
92
37
38
33
172
160
53
145
24
181
174
151
171
164
91
106
26
170
125
105
41
88
70
172
21
22
51
47
70
87
115
62
112
61
72
54
65
80
164
98
153
169
73
59
94
82
157
89
151
33
32
105
159
94
140
104
51
140
22
112
152
135
135
94
74
106
65
101
97
69
111
121
75
99
87
101
44
42
56
92
203
260
81
142
211
118
75
16
97
127
47
88
129
91
42
171
35
165
191
110
112
136
86
117
61
101
202
53
153
71
85
118
41
79
95
258
165
44
136
111
45
95
83
170
100
102
126
73
140
134
100
82
152
161
76
96
125
77
20
148
100
32
87
160
68
35
60
119
227
68
35
126
198
97
118
34
99
88
42
99
82
105
209
86
73
157
42
121
111
63
106
162
122
118
93
81
172
24
63
144
60
100
69
26
28
103
116
157
27
52
148
165
92
213
20
33
14
116
47
95
86
74
