778 210
712 599
750 459
574 543
111 212
430 767
766 508
585 226
237 751
320 210
151 362
482 636
325 168
104 459
445 301
78 170
555 394
620 198
549 469
360 563
257 669
588 349
800 586
634 475
798 497
105 697
500 23
543 549
792 778
313 662
665 407
360 264
252 96
57 55
380 777
90 170
776 796
436 313
134 18
534 142
693 492
633 281
406 271
431 104
121 287
267 687
92 187
245 51
13 287
59 667
764 314
413 47
308 479
421 90
150 135
580 264
782 626
354 679
720 309
725 588
313 196
475 389
483 369
567 135
412 65
291 742
600 279
116 302
670 553
401 206
32 438
164 421
386 27
409 12
527 469
333 607
382 105
113 446
772 483
118 155
269 418
309 289
577 21
134 53
421 261
175 192
325 540
268 744
652 753
586 278
555 564
91 598
510 322
641 597
231 121
172 799
603 515
143 416
336 26
424 585
57 545
664 599
486 723
321 752
162 696
268 81
80 539
180 570
712 407
418 491
758 737
206 544
400 593
464 380
1 116
560 207
249 457
253 523
567 392
122 403
412 615
666 180
582 202
314 480
594 190
238 132
724 759
119 336
393 14
41 134
349 739
732 307
672 760
103 248
325 177
311 343
688 74
606 597
338 97
182 411
284 360
769 274
574 344
680 117
753 488
83 429
507 477
622 714
616 164
100 402
378 414
2 342
660 415
10 300
194 795
528 359
593 479
74 164
775 261
225 328
687 593
397 600
7 51
597 648
478 89
625 503
659 323
116 321
254 195
704 129
398 197
746 594
204 66
630 329
380 322
646 304
259 492
98 91
569 619
691 53
743 352
71 191
3 690
278 336
39 620
145 146
364 278
510 558
756 499
609 645
279 341
244 217
588 637
730 582
207 198
429 207
599 273
623 571
23 621
284 564
248 668
504 101
26 30
745 674
735 229
122 459
319 508
699 297
479 574
794 483
147 395
513 642
210 778
291 23
400 722
294 420
722 571
377 389
33 734
550 29
210 119
430 588
308 114
297 215
95 426
564 747
103 54
233 471
273 115
485 552
554 122
341 325
523 64
301 238
747 786
454 560
47 625
290 247
267 223
262 784
653 41
656 431
242 204
670 297
777 633
518 198
720 458
125 66
448 782
746 223
548 137
322 695
90 514
286 27
686 651
99 437
514 178
95 364
663 652
540 126
681 22
672 189
546 23
793 306
44 376
600 480
241 320
206 8
67 497
199 28
63 197
766 5
339 31
287 462
195 619
105 16
175 456
688 548
78 124
65 768
305 160
791 335
215 628
770 96
498 798
581 269
623 648
486 49
401 45
396 669
600 87
202 315
418 199
746 84
461 781
250 12
512 90
471 137
583 13
723 474
704 253
34 642
754 40
520 526
452 311
379 765
481 703
367 236
294 359
556 167
286 284
583 687
715 742
302 635
240 721
76 714
748 76
250 420
713 364
522 744
676 145
347 653
75 319
555 221
383 626
190 238
536 425
450 471
631 118
503 41
460 192
361 215
682 658
441 186
464 571
79 186
42 654
482 160
351 369
662 451
731 568
461 14
623 166
516 346
80 370
583 321
303 672
578 560
651 445
648 617
696 428
694 350
350 795
142 83
23 780
45 354
598 146
451 742
696 727
518 538
719 121
715 267
777 64
465 409
334 511
782 498
53 740
301 201
736 397
213 319
158 16
48 286
572 531
630 500
450 371
536 91
243 249
463 471
546 333
155 265
464 401
279 429
579 575
259 87
627 192
637 545
160 83
553 72
575 777
402 120
414 194
568 342
648 737
44 489
565 438
606 798
760 732
47 444
200 61
61 454
298 387
7 285
18 265
74 394
328 342
0 141
237 238
190 266
330 390
69 390
175 351
325 376
141 361
70 393
112 334
29 324
109 235
65 212
52 80
32 228
153 344
181 335
183 231
172 386
29 57
83 386
37 84
180 207
79 181
21 118
41 345
197 372
50 318
211 311
17 115
178 347
31 331
52 176
193 277
55 285
301 366
71 276
304 374
110 244
110 312
89 142
62 113
71 77
198 336
176 206
38 247
205 255
279 366
58 300
243 361
279 354
68 340
54 386
47 398
257 264
127 344
25 315
245 330
57 324
60 168
149 210
46 278
232 287
19 112
137 178
237 376
37 42
60 331
342 384
42 69
60 223
200 274
108 350
5 102
9 60
309 342
93 189
11 334
265 372
40 299
176 364
110 126
169 293
33 226
31 81
215 317
68 93
117 176
103 130
120 321
114 162
191 233
193 244
7 196
268 399
107 274
3 137
141 158
27 359
27 187
180 368
176 317
101 216
59 244
1 59
1 277
1 193
70 224
99 235
105 125
168 238
293 362
84 174
119 205
37 113
165 339
68 197
172 353
102 248
241 350
136 293
86 117
286 311
239 352
316 362
142 345
207 351
25 104
89 345
2 209
59 101
5 352
44 322
83 177
105 222
179 240
145 264
160 254
122 148
24 78
245 337
229 334
48 322
46 335
1 340
250 356
232 375
30 350
23 40
3 372
135 190
191 367
151 371
4 44
219 375
164 201
58 131
250 375
7 89
63 328
289 357
168 191
73 341
51 341
160 171
2 350
318 368
190 338
105 220
129 335
13 397
31 42
10 67
50 58
112 221
39 375
32 220
133 322
174 217
98 272
159 310
257 355
215 273
213 383
267 370
109 327
96 165
296 297
59 277
67 127
168 242
210 255
133 270
60 233
201 296
201 250
59 193
256 309
214 306
40 373
64 128
311 392
205 399
10 167
19 324
137 163
40 350
230 375
132 312
152 350
214 357
137 385
178 192
123 273
65 314
1 216
56 171
115 122
140 338
59 340
397 399
223 280
159 266
19 221
147 163
29 251
135 217
50 281
134 222
111 227
114 157
229 235
105 172
201 230
150 338
363 380
55 196
223 237
220 386
237 310
267 269
152 348
316 360
25 336
66 196
331 367
248 284
182 236
358 392
64 288
57 289
128 288
322 344
9 12
330 333
178 311
208 334
261 300
75 346
142 173
126 396
90 187
7 124
4 335
230 387
24 365
1 254
230 309
156 394
97 139
97 145
108 180
80 116
107 111
189 258
30 318
375 387
201 375
101 258
35 278
8 65
59 216
105 398
246 299
144 246
98 288
102 319
142 155
79 278
20 314
46 181
218 366
136 260
112 120
88 358
61 343
88 132
128 341
77 224
105 383
141 263
87 200
189 349
52 206
71 139
248 305
92 142
249 261
7 115
13 399
173 175
36 358
93 101
74 326
205 268
216 277
90 303
191 325
303 359
122 384
75 321
15 185
153 355
9 233
136 320
17 384
177 202
143 179
172 370
280 367
150 363
199 206
283 316
167 379
198 236
60 238
226 247
16 343
137 192
264 344
219 298
278 335
266 291
75 86
303 334
171 340
8 87
283 302
177 247
6 188
233 237
331 390
143 328
59 68
62 343
159 291
13 393
50 141
78 365
29 200
65 87
155 345
118 155
267 295
146 394
22 193
63 124
145 399
51 64
245 309
16 18
217 338
265 348
5 34
343 378
104 314
188 365
255 397
96 382
27 382
20 282
297 337
291 369
144 188
393 399
88 392
49 91
171 216
70 399
21 173
318 351
85 325
0 361
64 164
114 278
122 323
91 100
299 365
85 185
209 299
101 137
301 336
5 214
131 300
76 138
196 285
3 359
134 223
9 223
203 396
15 157
226 386
256 337
270 335
248 357
313 324
33 114
6 144
113 304
135 310
89 196
147 311
70 145
315 336
58 318
339 373
51 287
205 276
163 189
45 87
116 381
122 245
113 343
154 212
19 99
192 349
45 200
77 255
61 363
39 296
78 299
164 297
5 357
272 288
88 388
201 287
182 218
372 373
55 323
140 183
326 380
47 105
33 177
232 296
50 263
160 216
179 302
75 199
100 184
39 63
30 152
17 356
192 286
259 309
43 64
63 356
186 331
38 353
26 262
236 336
332 349
235 334
116 227
21 142
136 316
292 330
302 362
107 282
117 199
108 368
227 276
111 274
124 323
27 372
37 304
148 261
41 207
187 359
77 145
242 325
77 119
145 393
62 363
149 344
1 171
0 204
299 350
121 320
64 72
101 197
348 373
45 282
184 236
289 321
50 207
250 309
257 344
88 395
297 330
50 180
218 301
61 113
69 307
26 341
37 62
223 233
111 199
20 200
91 198
2 188
81 308
61 380
28 126
82 262
160 277
6 209
8 212
31 233
297 333
8 239
136 362
233 367
248 319
40 144
130 346
43 297
190 369
148 356
80 215
166 207
91 106
259 387
91 184
34 352
191 194
175 207
158 263
131 361
170 390
146 359
166 243
287 341
16 391
393 397
58 351
18 303
178 286
3 90
322 371
96 373
129 181
99 229
268 397
68 193
120 235
184 301
30 241
13 224
87 130
9 237
175 243
221 324
74 377
81 135
119 139
191 242
121 148
117 273
120 221
187 229
158 204
182 184
147 392
3 96
160 258
81 186
78 209
52 86
295 398
187 334
80 308
254 332
116 317
283 360
305 357
4 181
25 301
23 394
60 134
51 76
0 249
306 319
110 234
149 264
197 349
201 232
320 328
160 193
144 299
222 383
92 378
138 272
12 280
80 273
81 231
161 324
47 172
120 161
233 238
217 374
271 362
71 119
20 29
146 327
8 45
143 169
65 239
152 241
353 370
248 294
135 308
210 224
41 175
25 49
218 336
259 296
141 300
230 250
273 317
101 277
49 366
83 269
65 103
363 374
213 272
102 306
7 309
118 343
90 229
168 325
96 347
190 308
157 278
290 298
87 239
55 89
163 178
20 65
184 198
261 384
19 206
250 296
208 359
100 252
74 327
144 209
57 130
353 398
77 139
122 124
260 302
99 161
45 314
260 271
116 176
176 227
15 181
214 294
206 364
131 281
91 336
79 185
81 233
125 242
18 372
328 356
136 360
28 110
256 259
135 338
27 347
84 390
79 85
7 66
234 358
127 210
145 255
106 399
284 388
47 228
232 329
102 225
155 378
173 391
149 355
329 375
44 379
303 377
58 166
41 285
83 247
263 281
66 345
151 264
227 273
129 157
42 84
123 206
148 384
32 172
277 340
120 334
132 358
8 20
219 287
83 398
188 299
256 333
252 393
174 231
49 236
69 170
77 210
53 64
153 264
35 79
152 351
109 150
333 337
212 314
4 157
12 138
49 279
287 329
39 201
41 166
256 323
293 302
262 387
53 287
258 332
46 79
356 384
347 359
30 108
262 287
191 376
36 234
96 372
332 358
166 173
110 203
31 307
135 183
103 239
201 337
45 103
292 331
139 317
11 211
97 210
13 252
243 351
133 167
99 324
151 355
35 54
93 286
84 186
94 220
84 170
57 251
200 314
68 385
63 375
168 280
124 309
18 74
169 320
52 227
72 341
93 258
15 335
305 352
13 97
172 220
185 353
121 261
311 319
224 344
13 119
109 364
126 203
308 338
124 356
165 385
136 328
46 133
71 97
85 194
36 312
238 310
301 315
43 51
187 235
166 351
28 234
63 230
49 184
44 167
147 358
327 380
173 351
87 212
164 287
11 306
45 65
25 182
28 396
133 335
261 320
157 270
91 301
268 393
308 381
240 260
185 278
319 388
101 286
325 379
231 310
250 256
20 346
107 117
6 246
93 192
25 236
264 322
164 375
70 255
24 209
138 222
34 103
88 312
12 134
10 139
43 288
159 190
330 337
72 288
294 319
339 348
135 174
42 304
86 206
131 243
191 238
182 336
156 165
63 290
170 307
85 379
10 71
137 347
86 199
312 332
161 221
66 243
47 269
123 176
247 353
269 370
226 370
326 394
14 92
306 357
386 398
34 130
164 296
218 279
167 322
51 288
229 303
35 46
69 331
327 377
170 330
183 369
50 131
329 341
81 183
237 367
271 293
251 321
171 244
177 275
38 83
258 286
156 265
312 358
194 325
29 321
200 282
313 321
126 132
148 328
94 105
58 263
204 249
93 197
182 354
105 228
63 259
112 324
72 98
115 323
203 312
92 391
69 195
75 313
22 56
26 329
143 316
63 309
29 75
363 377
136 240
172 267
164 232
249 361
187 208
93 160
12 367
27 96
49 218
90 137
89 391
143 320
125 228
48 355
262 298
4 35
50 158
59 160
282 313
45 346
116 117
225 311
67 133
170 333
241 339
68 277
118 378
183 291
145 397
75 324
173 196
83 226
238 376
108 318
146 326
28 312
197 385
15 46
149 255
17 261
56 59
161 289
293 360
47 267
345 391
354 366
312 396
100 198
93 137
101 254
287 296
269 398
39 256
43 201
251 346
110 358
83 275
93 349
18 156
360 362
215 308
215 381
180 318
1 56
172 295
179 360
14 174
162 177
233 307
297 389
285 345
201 387
82 219
179 271
123 381
15 35
284 294
228 383
214 305
33 247
25 218
9 238
159 183
91 236
232 262
58 207
114 202
267 398
63 342
203 254
127 322
151 322
230 232
42 186
32 222
86 273
14 304
182 366
146 303
154 314
57 75
116 123
250 259
123 215
137 189
36 126
144 365
260 316
138 228
37 174
131 180
317 381
140 190
46 185
58 180
275 370
34 214
342 356
128 272
284 319
108 241
43 164
318 350
94 383
155 326
100 106
118 391
142 391
170 331
195 337
12 228
106 184
38 226
36 396
355 371
279 315
287 375
94 398
82 232
133 371
204 300
38 269
122 356
89 378
124 384
140 159
61 92
291 379
138 280
82 298
52 123
4 46
108 351
147 225
226 275
121 124
72 73
167 257
68 160
19 364
227 317
155 343
194 238
220 228
40 188
130 251
194 242
251 313
97 149
220 398
141 281
54 247
115 309
170 195
186 307
27 303
49 301
58 141
145 257
310 376
34 294
105 253
5 294
179 316
40 78
3 165
23 348
101 349
119 210
64 73
208 229
154 239
115 285
231 338
191 237
296 329
21 378
292 390
54 85
223 367
245 323
327 363
377 380
66 173
300 361
319 357
3 197
219 387
38 275
4 15
168 367
137 197
43 389
131 141
53 288
95 239
26 164
299 339
47 383
137 382
225 319
172 269
292 333
169 316
7 17
23 152
39 309
208 211
65 346
117 227
203 244
31 174
46 270
67 167
246 339
39 337
10 257
160 332
92 155
221 229
31 84
9 280
48 153
10 210
20 87
221 235
51 73
101 160
255 399
49 182
63 148
121 384
220 383
178 211
104 315
194 376
99 208
17 148
62 155
192 311
79 157
23 165
80 381
75 112
87 251
12 223
20 45
102 211
204 207
69 330
4 379
64 76
207 318
314 346
259 356
106 252
97 205
283 362
238 242
241 246
54 278
74 303
18 394
259 375
110 396
176 273
48 264
309 356
4 79
119 344
17 124
12 222
71 210
78 144
19 75
147 286
130 214
223 331
103 251
26 219
113 155
102 294
179 260
90 359
182 301
313 346
127 167
38 267
27 229
32 105
253 295
200 313
51 72
288 341
196 345
225 388
30 339
347 385
165 373
52 364
326 363
100 236
44 371
90 178
207 361
120 289
42 195
98 253
213 295
47 253
86 123
150 215
21 345
320 360
177 226
77 276
15 278
1 349
49 315
16 142
192 382
59 171
38 370
107 199
343 391
71 205
29 346
204 261
273 364
1 160
47 94
195 292
192 211
185 220
266 376
140 231
158 361
307 390
193 340
54 79
183 308
108 246
10 369
2 365
254 258
165 265
131 158
87 103
210 257
29 313
232 259
60 367
90 382
118 394
7 122
77 205
182 315
20 274
46 157
233 376
0 158
266 369
61 374
67 322
116 276
6 365
150 217
134 331
245 256
189 192
180 281
68 216
61 62
3 27
292 307
8 314
47 295
141 249
98 138
58 361
345 378
42 307
388 395
131 318
283 293
60 237
56 244
16 155
79 335
33 202
288 389
196 323
312 392
55 345
344 355
19 120
11 120
339 350
23 241
2 6
227 381
55 122
135 140
163 349
163 286
62 378
208 303
24 144
22 340
31 186
125 383
296 387
29 45
198 301
271 316
93 385
17 121
16 118
53 164
197 382
106 393
156 373
9 134
231 308
40 68
247 275
60 280
80 176
121 342
35 185
131 351
126 234
135 231
118 326
96 385
13 255
370 398
351 368
127 257
343 374
53 72
171 203
2 108
113 380
41 196
142 343
147 388
57 321
253 272
9 31
240 290
173 345
105 213
130 352
329 387
203 332
124 148
12 331
22 171
289 324
252 268
177 386
168 194
87 314
51 128
153 322
166 318
129 162
149 205
103 352
32 398
133 379
195 307
50 361
34 65
240 298
148 342
54 220
168 223
58 243
102 284
205 224
121 143
169 179
73 288
147 395
119 224
54 177
290 356
219 329
27 208
48 151
143 293
89 175
179 362
3 303
44 127
89 323
157 181
186 231
156 372
122 309
36 110
176 381
51 53
183 190
113 363
95 104
258 349
264 355
119 257
223 310
39 230
130 305
152 339
168 376
8 95
302 316
41 173
110 132
125 220
67 344
23 339
106 268
88 147
195 390
132 396
163 311
66 175
58 158
214 289
216 340
56 203
14 42
80 140
84 307
148 309
78 188
7 384
98 128
82 290
83 370
62 92
87 154
61 326
201 259
92 304
208 235
35 157
225 395
171 193
53 297
143 261
67 371
64 389
32 125
69 292
100 399
118 142
235 359
251 314
5 248
82 240
204 361
69 84
182 198
94 125
35 335
191 223
161 321
30 348
91 107
84 292
256 330
6 24
77 149
94 172
117 206
123 364
134 367
221 334
7 323
15 129
3 382
136 283
277 385
14 37
291 325
31 69
99 334
10 97
97 276
23 373
163 192
274 282
333 390
16 326
95 154
225 392
61 155
168 233
85 242
169 360
138 389
10 291
190 310
136 169
103 305
33 275
39 250
14 374
140 266
72 128
223 238
23 385
160 349
146 377
104 200
184 336
125 222
197 347
40 277
180 263
65 130
284 357
222 228
160 340
126 392
208 221
286 349
224 255
24 188
177 278
16 378
95 212
166 175
207 300
158 249
88 126
3 156
223 242
15 79
84 304
73 272
6 299
164 329
132 395
179 293
159 369
145 224
200 346
183 266
104 282
97 224
89 285
20 313
145 205
140 215
230 356
3 187
140 317
70 264
247 370
72 272
8 154
21 66
38 386
206 273
34 305
111 282
139 276
140 308
165 348
98 213
23 265
116 215
169 261
246 350
309 323
262 329
112 161
5 305
2 78
161 235
45 274
77 97
248 306
241 348
91 252
193 216
378 391
294 357
124 342
19 199
54 185
225 284
18 326
334 359
67 257
40 339
33 278
17 342
178 382
16 394
19 161
5 306
271 302
1 101
19 86
15 270
5 284
388 392
212 239
307 331
63 250
80 227
162 226
37 374
78 246
35 270
182 279
219 262
121 169
148 320
97 255
211 306
374 380
218 354
75 161
172 383
25 354
32 383
21 391
66 142
11 208
65 251
254 286
9 331
81 237
372 382
238 367
57 313
55 115
265 394
145 149
57 103
247 386
149 224
126 312
26 287
215 338
140 381
229 359
119 255
358 396
104 274
269 295
246 368
320 342
115 245
136 302
153 371
96 156
172 398
82 387
52 116
73 98
266 308
11 221
41 66
23 156
205 252
273 381
275 353
232 387
49 198
39 245
189 286
214 248
90 347
79 177
126 358
158 300
233 310
170 292
13 205
139 210
187 347
23 96
68 101
383 398
219 232
150 374
155 391
25 366
108 152
62 380
43 53
39 259
201 297
25 91
101 385
165 372
45 313
347 372
321 346
32 94
188 246
132 147
370 386
290 328
112 289
178 189
57 214
293 316
222 280
188 209
392 395
9 367
269 386
40 348
109 377
99 221
66 89
195 330
10 127
41 55
134 280
129 278
77 399
42 331
1 244
119 145
44 67
253 383
13 268
21 155
190 231
320 384
242 376
224 399
359 372
96 197
382 385
142 378
55 66
137 349
57 346
265 373
90 372
199 313
174 338
353 386
214 251
102 357
232 298
101 332
234 396
80 317
315 366
173 243
86 364
111 176
44 133
26 232
81 310
10 119
112 235
74 156
2 368
62 374
347 382
18 146
35 181
177 353
97 119
180 351
28 36
167 344
99 120
133 181
2 24
207 243
119 149
52 273
185 386
22 244
52 215
52 381
209 365
66 285
33 162
34 248
84 195
141 204
83 353
48 371
115 124
285 323
315 354
162 202
113 374
296 375
251 289
134 233
147 189
54 353
13 145
230 296
30 351
256 297
42 174
7 55
13 106
257 322
53 389
81 190
174 186
25 279
136 143
294 305
136 179
239 314
145 344
32 253
151 153
321 324
131 207
187 303
183 310
94 228
132 234
4 85
336 366
226 353
163 258
116 273
4 133
348 350
121 360
350 368
14 84
249 300
1 68
64 341
266 310
303 372
73 128
35 129
26 296
13 149
74 146
122 342
96 265
230 259
234 312
34 357
63 387
175 345
111 117
224 397
65 352
100 393
189 311
294 306
49 336
105 295
76 389
4 270
286 332
31 231
132 392
70 397
32 47
218 315
290 387
99 112
144 340
217 231
181 270
76 288
202 226
12 60
115 256
254 349
62 304
131 263
92 343
69 333
195 333
143 360
137 286
202 275
52 117
9 307
169 283
20 251
56 193
114 129
40 246
47 213
243 300
6 78
67 379
203 358
17 122
157 335
228 280
45 251
41 89
27 90
149 257
100 268
2 299
125 168
175 196
2 144
41 243
121 328
261 342
13 77
230 290
120 324
2 246
242 367
16 21
43 76
373 385
53 76
236 301
199 364
213 253
322 355
3 347
156
110
112
61
74
128
55
93
99
25
122
76
79
53
102
104
93
227
213
79
291
25
91
66
80
98
72
118
119
83
95
185
79
194
153
79
60
60
96
8
154
39
167
148
101
164
43
140
41
161
139
74
50
99
77
61
170
113
71
58
128
68
123
102
68
115
87
49
113
44
57
104
91
48
81
56
114
28
139
42
152
74
79
154
103
217
73
72
52
136
108
85
79
65
125
76
77
97
128
49
64
189
20
43
48
121
130
77
86
38
147
69
72
103
98
37
48
107
121
192
155
86
168
196
91
69
169
92
106
69
56
105
83
72
102
124
134
131
75
131
96
94
151
67
58
63
76
108
30
85
108
39
92
85
31
36
93
90
198
160
77
29
138
141
99
147
63
97
133
128
83
46
153
166
158
120
108
112
90
84
101
64
119
70
7
222
111
43
187
65
81
68
99
142
54
31
187
134
103
31
146
14
101
227
159
116
123
97
125
174
64
138
104
94
78
59
155
27
88
127
90
63
33
128
40
28
166
35
134
161
100
103
71
187
144
220
71
147
154
138
8
24
61
135
83
31
53
98
214
17
171
87
173
78
62
97
66
90
103
26
167
24
135
132
83
114
134
54
62
69
41
109
48
138
60
96
132
122
46
132
152
55
93
75
112
96
31
211
26
45
155
51
144
65
145
34
63
99
63
62
72
38
154
73
20
108
90
80
62
44
80
106
243
60
49
68
138
62
87
194
123
154
168
15
46
85
193
75
76
112
24
263
133
144
46
251
160
40
177
44
77
63
177
101
37
97
174
68
172
83
49
55
68
107
32
16
110
100
182
62
27
100
63
29
126
32
149
116
99
141
167
106
68
27
98
223
84
127
141
91
141
35
116
166
58
124
54
19
21
110
35
135
85
40
54
59
53
94
163
229
65
112
138
157
155
111
24
97
125
121
32
112
72
25
63
16
148
81
35
116
90
155
70
155
119
37
120
132
166
142
96
134
63
25
85
82
70
184
24
129
126
30
41
25
151
97
87
47
129
122
134
72
153
98
59
147
78
133
66
32
60
178
72
205
69
16
61
68
104
101
52
131
132
62
40
144
28
34
16
141
49
54
101
109
73
115
133
68
48
22
123
147
42
72
126
66
118
69
92
65
113
118
101
114
56
86
153
10
98
99
44
22
124
140
114
180
35
109
61
176
41
83
10
164
68
188
29
127
77
112
55
83
154
98
47
148
110
108
113
99
106
142
42
59
117
108
118
62
55
121
149
83
77
29
151
69
125
54
124
59
190
66
45
54
80
96
133
120
145
150
45
68
70
150
134
57
123
159
69
100
37
57
111
62
26
91
218
103
73
69
132
28
132
146
132
66
16
50
117
92
116
104
175
46
126
83
60
66
98
66
65
70
76
89
168
105
116
38
56
136
76
61
24
70
91
97
75
69
65
161
36
136
37
74
26
46
163
42
164
142
48
157
46
113
123
212
123
84
84
71
61
97
80
132
173
98
51
111
122
108
44
76
102
30
85
182
127
154
47
150
91
91
89
89
20
110
34
86
177
70
46
50
96
32
183
102
37
79
206
139
60
121
109
87
133
111
102
86
154
165
80
35
254
232
103
80
191
62
89
151
117
117
87
155
155
24
41
126
64
158
135
25
63
74
162
104
92
82
127
125
93
118
174
117
106
79
23
110
45
161
61
137
175
77
100
75
84
277
21
100
64
64
129
112
106
57
109
151
189
52
130
61
79
59
193
80
93
87
86
97
140
183
115
83
96
62
67
119
221
86
89
90
57
77
26
112
101
131
67
123
98
69
57
94
129
94
166
31
122
86
159
178
14
141
151
128
88
222
88
59
106
133
86
45
68
237
131
197
100
166
45
72
54
51
58
224
183
141
153
112
163
124
241
74
167
124
40
89
47
142
77
207
126
103
49
190
96
135
248
136
161
194
92
100
103
16
101
133
141
16
133
71
140
105
48
85
35
184
125
57
120
34
62
65
124
107
218
129
69
48
159
85
104
73
61
46
91
67
42
179
76
56
51
83
94
67
21
116
28
91
23
119
101
87
89
63
102
171
59
90
133
58
95
11
38
101
91
129
54
97
133
162
207
17
65
180
101
39
78
86
41
162
182
51
71
104
40
184
83
100
79
76
114
56
56
55
121
123
154
75
145
178
71
63
134
92
62
95
78
179
94
176
181
84
50
62
30
90
197
81
94
109
82
99
105
121
172
43
52
64
151
171
182
76
149
64
79
127
135
70
57
118
70
76
108
42
108
123
30
93
191
120
20
34
145
87
101
68
202
74
158
156
71
44
235
133
28
48
75
132
127
122
101
54
91
127
35
140
147
139
167
69
231
181
83
171
244
33
106
136
93
206
81
28
139
117
192
32
101
115
129
86
56
57
155
65
125
105
83
93
110
105
56
114
46
72
46
89
7
56
152
181
190
119
155
113
73
166
74
160
116
112
107
121
141
93
150
184
198
191
19
18
42
165
111
58
181
79
58
62
140
92
39
71
148
168
68
78
110
109
170
164
110
90
63
65
75
85
136
75
147
210
126
62
69
221
76
43
46
41
77
68
154
119
54
155
53
101
18
137
16
128
68
82
76
21
123
155
98
67
86
94
59
58
58
57
186
112
145
88
58
75
69
72
153
119
176
82
131
130
75
104
134
67
42
162
64
138
115
112
170
102
107
39
90
196
59
64
38
80
177
122
52
98
78
126
115
165
63
86
75
94
40
43
170
80
65
57
112
116
143
129
141
101
185
149
41
65
73
51
146
108
69
75
80
10
81
243
48
111
74
40
58
38
38
95
129
142
85
135
118
158
101
74
46
60
69
23
127
108
46
95
70
80
106
78
90
129
64
13
97
202
220
96
153
77
144
183
130
117
126
143
240
77
142
62
90
100
140
99
130
163
30
63
241
81
108
22
118
126
65
133
15
85
125
203
158
165
170
22
79
55
68
174
141
56
92
122
138
151
72
146
38
52
67
55
32
198
124
42
67
63
50
35
65
125
20
44
99
39
40
55
133
58
72
121
31
70
69
91
59
44
82
54
150
78
150
14
108
93
110
188
95
201
61
89
127
191
74
131
126
111
170
57
117
60
101
177
56
152
41
81
104
153
34
195
136
138
13
62
55
108
120
35
77
178
82
50
126
92
154
64
47
55
60
71
25
69
123
78
189
171
80
106
49
39
149
234
27
106
197
97
102
70
99
132
175
53
156
102
63
31
157
138
80
97
180
203
223
175
64
118
162
97
70
217
158
10
150
57
122
96
82
105
115
88
171
102
151
129
87
182
148
75
82
233
67
75
135
50
85
116
66
120
110
76
8
41
291
108
49
98
171
38
89
61
145
142
76
69
108
35
201
105
70
106
60
225
114
123
160
56
11
68
95
63
122
172
52
147
171
140
61
121
151
89
60
94
68
30
156
51
171
148
204
74
58
23
198
55
134
202
59
226
84
171
212
14
37
69
164
94
235
179
135
64
86
150
192
52
47
100
83
57
68
99
75
44
123
81
64
95
97
27
27
39
77
105
34
216
145
147
150
38
139
88
127
112
98
120
38
133
125
20
31
148
135
52
260
79
203
58
131
75
110
197
79
75
155
132
78
26
57
65
90
89
67
85
102
143
149
84
49
108
98
62
67
182
167
40
26
70
72
114
60
19
78
84
173
71
171
124
121
135
131
182
96
120
60
34
99
59
29
147
104
42
85
167
62
157
60
24
85
91
76
232
61
113
18
234
36
40
113
53
142
14
130
58
69
171
141
182
73
85
134
69
169
52
68
57
52
126
97
71
38
46
89
276
62
110
112
130
12
165
103
100
206
42
50
171
129
160
29
29
100
98
92
66
112
103
110
76
150
77
127
68
204
114
42
38
38
148
196
68
41
66
178
119
173
135
124
133
114
73
15
65
118
91
97
115
57
66
159
66
103
80
171
111
16
92
30
103
83
183
121
54
44
38
127
82
124
161
55
93
74
88
112
94
50
33
56
300
166
104
163
39
49
74
83
110
93
121
228
73
65
15
99
89
128
41
150
130
83
10
40
69
105
130
38
91
102
194
82
54
22
112
128
62
108
107
83
96
103
136
155
80
31
122
95
108
110
172
114
29
145
106
223
158
70
32
100
71
74
198
54
60
48
127
96
121
91
96
37
112
84
135
27
106
62
127
94
83
82
54
28
64
188
112
99
142
38
29
124
192
136
124
39
39
64
96
186
33
17
32
110
121
166
61
54
94
124
110
78
102
252
67
55
78
136
230
72
175
30
69
84
144
80
68
100
102
130
55
216
108
261
81
187
85
50
106
192
148
125
54
107
154
72
55
28
121
87
83
24
153
44
18
101
115
120
162
71
98
80
60
50
121
50
137
57
100
81
105
82
42
60
74
117
65
216
184
17
139
176
57
108
132
163
112
49
115
24
47
129
118
203
86
101
165
172
93
53
68
160
54
95
156
102
64
68
129
117
34
107
70
33
85
133
70
49
107
62
40
84
82
83
141
77
119
75
64
37
95
14
98
39
