721 710
658 209
234 429
56 213
791 632
621 129
428 519
448 181
765 113
541 797
615 667
276 157
729 415
260 256
700 728
322 531
454 552
525 85
640 475
68 726
735 274
153 618
323 282
150 759
103 723
254 55
619 65
714 786
459 476
383 275
105 563
397 393
769 738
256 426
744 287
189 717
136 170
295 496
57 34
751 162
396 292
647 671
171 524
150 182
98 623
752 655
213 391
737 252
451 332
592 690
765 398
441 796
297 337
536 599
90 591
258 325
550 319
645 685
189 771
113 36
395 102
267 176
619 459
401 367
624 351
100 680
633 68
547 206
699 361
612 381
660 579
388 71
254 775
78 705
366 554
96 239
588 287
7 724
798 669
753 669
198 99
675 320
618 636
585 351
428 578
189 376
140 282
779 647
784 482
632 560
449 121
119 2
467 247
520 445
420 165
129 234
482 92
602 653
799 266
429 185
78 18
600 577
682 72
663 463
524 255
528 262
273 791
163 134
240 499
396 22
619 411
678 51
367 526
53 674
292 574
492 584
495 419
11 474
499 550
171 88
653 380
361 53
107 569
94 466
67 143
702 721
485 101
709 92
570 460
653 441
87 679
663 60
744 4
81 570
663 267
368 162
70 202
119 362
372 631
212 111
707 662
608 497
628 128
462 213
665 19
276 229
152 515
701 405
126 726
347 343
130 152
656 536
143 95
559 176
56 270
589 319
62 29
315 238
509 608
535 354
317 387
136 766
96 582
3 24
733 587
353 204
559 436
710 528
551 147
385 112
325 592
796 76
758 336
661 781
668 189
719 395
229 360
280 518
778 173
430 278
626 33
137 157
194 726
112 571
765 581
56 122
755 393
563 338
568 249
529 244
351 134
633 573
462 183
461 374
238 725
648 1
686 685
362 105
28 593
446 386
780 616
710 403
383 612
742 404
597 728
655 420
556 628
3 263
184 56
65 498
625 680
458 678
325 456
375 642
40 455
204 747
437 374
640 781
322 143
559 61
422 541
384 135
163 516
752 427
377 556
744 624
191 626
584 181
450 113
769 755
337 700
495 479
285 545
386 776
521 20
136 339
59 489
74 731
541 389
45 327
416 32
521 40
501 442
477 745
387 305
306 540
81 30
487 269
289 438
183 374
659 430
707 321
266 777
757 214
467 384
227 473
750 276
782 283
222 698
218 514
290 460
595 412
23 293
334 321
460 458
441 425
512 513
357 739
590 540
688 108
8 647
82 361
653 67
261 564
436 735
431 641
348 548
768 636
635 327
86 595
192 405
441 365
686 207
567 701
410 538
542 540
253 281
231 791
798 680
376 77
798 108
519 654
431 24
37 607
505 614
294 710
595 301
513 699
265 31
133 24
399 589
534 156
217 731
756 223
208 164
203 3
247 22
166 661
293 204
158 90
620 670
494 127
29 688
617 139
751 206
447 141
686 626
662 519
565 596
30 522
17 470
92 618
560 279
179 48
711 533
344 397
472 31
39 46
440 442
18 749
454 780
574 185
657 297
38 680
599 446
7 321
23 15
521 762
76 158
347 532
677 273
249 719
177 487
730 136
51 663
496 286
121 544
258 660
733 346
231 572
772 378
684 353
247 603
1 610
57 291
411 692
225 796
725 594
238 636
737 25
348 427
137 777
158 380
307 494
435 700
258 433
35 346
388 522
18 460
22 225
680 29
630 703
507 145
191 745
654 608
669 693
242 198
457 184
263 640
764 309
497 395
107 749
533 450
556 269
267 284
166 0
178 92
658 129
478 7
174 729
252 238
311 372
560 607
562 567
7 415
746 155
618 544
15 23
444 81
627 454
31 360
199 380
122 183
64 155
256 379
115 118
17 168
47 256
122 162
47 253
75 154
3 95
46 365
105 322
60 398
117 209
188 383
12 88
65 237
28 231
45 200
278 351
41 210
77 329
316 374
3 262
76 296
32 125
323 385
222 342
6 224
150 185
49 297
14 32
217 371
82 206
11 308
8 269
3 75
91 299
73 148
302 356
116 254
176 249
132 144
25 306
35 307
35 58
262 335
29 244
258 307
102 127
45 225
50 223
11 218
258 389
92 377
110 334
343 395
339 363
130 148
10 97
65 381
47 257
186 201
283 337
127 359
18 103
145 165
170 352
213 300
314 395
107 181
116 242
214 319
29 157
158 291
168 313
9 337
66 142
87 200
49 82
41 375
102 180
161 381
61 390
175 203
249 280
280 362
333 353
242 264
188 331
19 333
37 245
12 68
289 398
113 312
171 343
13 308
53 206
0 57
37 108
139 309
9 330
75 262
205 261
235 280
93 238
71 292
93 242
170 213
358 378
63 254
46 362
297 364
48 179
106 341
14 125
33 85
295 341
29 40
56 155
13 376
173 204
206 392
338 369
83 261
79 225
53 291
251 332
211 243
214 394
22 145
87 184
134 332
114 378
172 350
112 363
119 152
208 298
282 340
146 342
248 365
153 313
109 121
30 183
254 281
316 357
15 260
101 396
6 264
119 299
1 134
35 373
10 375
216 254
258 373
93 116
190 221
90 315
18 205
272 370
258 378
66 111
68 172
84 300
332 340
108 177
10 210
3 354
276 284
155 159
154 207
80 107
19 77
69 205
24 130
62 261
56 383
70 101
90 372
20 314
158 211
225 316
148 237
19 329
78 87
361 373
23 24
134 251
372 377
121 240
94 377
45 164
105 188
99 135
197 289
310 375
376 390
28 266
242 380
21 226
8 359
327 397
119 309
111 359
245 273
334 399
199 281
115 392
145 376
14 140
69 187
68 251
126 301
233 243
147 201
231 242
278 340
91 246
19 73
22 157
112 339
34 98
196 371
278 332
207 335
42 346
175 351
53 115
335 366
6 220
189 331
192 377
100 163
66 272
98 178
92 189
184 357
40 179
102 359
123 214
1 227
235 239
143 377
86 354
208 323
47 178
90 221
41 316
243 364
268 396
98 256
231 264
41 371
3 154
74 138
104 383
103 399
201 203
216 281
76 105
117 236
67 104
322 383
160 248
53 393
46 55
111 131
3 124
240 292
27 173
69 261
63 193
302 373
230 347
103 129
290 395
253 256
51 274
82 392
72 215
232 276
183 321
23 161
136 338
155 322
198 293
93 231
116 193
80 181
275 364
103 334
26 131
100 327
69 155
212 363
180 370
154 335
49 283
96 126
207 354
141 334
194 287
233 355
134 278
355 364
82 318
87 288
40 149
232 259
339 367
235 354
145 384
28 93
76 83
64 296
43 95
159 380
18 250
111 269
251 348
54 183
51 330
251 256
2 260
234 241
258 341
76 155
239 354
184 200
177 259
211 274
265 380
56 105
177 255
100 246
23 373
192 311
148 161
252 295
296 383
47 282
70 89
65 344
302 341
225 277
0 14
266 382
320 368
175 348
126 241
71 289
187 322
161 389
141 399
96 241
114 245
1 174
66 370
104 189
201 223
123 346
157 308
199 328
239 335
20 47
49 310
109 240
39 282
10 283
53 158
56 83
24 148
143 247
179 345
36 124
40 263
31 193
85 362
51 243
347 352
92 104
74 300
15 170
72 287
14 196
324 357
25 139
206 291
34 47
262 369
11 390
261 334
124 181
259 342
150 338
270 353
265 328
141 396
2 342
118 158
81 251
34 172
91 323
205 399
157 390
273 352
253 303
33 160
83 238
125 229
157 384
133 320
30 133
118 294
7 135
111 272
113 333
165 190
392 393
127 269
57 97
210 283
37 212
26 142
205 250
215 258
245 339
124 150
108 255
291 392
43 107
238 380
7 90
368 394
182 258
53 285
101 374
50 350
107 152
63 216
67 168
60 197
180 272
54 122
211 294
273 358
2 85
313 331
60 169
209 214
258 295
287 302
68 201
28 116
136 150
61 376
5 269
172 348
212 365
255 365
259 349
48 345
145 157
82 310
2 249
236 394
76 187
248 260
62 250
158 393
85 235
144 370
153 227
315 377
132 359
26 102
30 279
33 391
213 275
82 371
54 346
90 169
89 141
93 166
53 101
249 362
269 343
24 381
211 291
57 210
59 100
39 303
19 113
114 170
35 194
47 379
53 392
182 215
53 118
11 61
258 347
99 143
277 357
178 253
34 251
23 35
73 333
15 339
96 228
238 242
109 289
133 321
273 349
81 351
118 285
252 341
94 135
15 74
271 354
214 236
52 325
224 276
284 367
206 393
123 368
258 302
234 388
110 120
107 386
10 371
293 353
7 228
319 368
50 348
311 315
248 255
356 373
260 363
101 318
14 375
74 367
102 111
251 379
137 271
23 58
157 165
156 299
237 381
245 363
286 390
197 221
297 337
1 340
67 105
203 223
58 373
141 317
129 334
186 223
52 160
179 247
56 345
92 179
251 340
55 176
202 275
315 372
15 363
145 308
189 345
22 29
34 256
112 224
33 249
12 186
239 262
151 396
26 144
61 145
5 142
99 377
203 348
149 325
11 376
172 186
50 186
141 151
89 101
41 82
267 295
309 386
158 294
216 380
103 250
114 339
8 39
16 284
160 263
83 155
209 236
133 346
24 237
149 263
155 187
37 255
33 365
104 105
158 318
128 166
209 320
181 386
42 222
181 338
108 259
52 55
267 274
153 331
177 245
62 166
270 312
151 167
230 355
224 367
25 305
144 195
20 134
213 355
318 393
122 133
34 340
194 373
171 359
211 364
33 176
122 346
126 311
38 59
83 296
101 285
281 380
115 158
21 307
182 194
7 377
239 366
204 283
301 311
104 322
23 361
109 326
111 144
180 219
33 46
5 174
298 305
58 302
110 399
50 88
122 321
95 154
93 382
176 362
354 369
153 188
342 346
102 269
33 280
66 102
102 272
177 339
237 329
33 260
227 313
121 289
48 244
10 82
20 172
192 315
242 328
97 283
42 259
44 130
43 338
70 317
2 176
34 303
287 373
323 386
127 171
318 392
118 231
225 357
219 234
35 215
182 373
21 279
286 376
11 304
85 176
130 344
237 312
102 144
15 37
126 234
70 396
198 319
74 112
279 321
317 324
19 24
63 325
101 151
18 317
140 316
290 343
291 297
106 287
299 309
60 190
43 75
330 355
71 109
35 341
23 148
208 386
0 140
17 311
137 280
187 296
66 131
130 333
197 218
6 367
2 33
10 310
198 279
2 365
153 168
120 278
54 133
71 121
240 326
243 337
204 310
171 290
68 186
119 208
344 353
59 327
276 367
26 272
172 379
66 180
175 223
18 110
118 266
3 338
103 317
236 320
101 191
9 243
110 129
306 385
263 384
37 363
130 237
248 325
36 75
63 281
64 120
198 353
194 389
80 119
208 305
315 398
90 126
31 199
240 388
133 198
243 274
248 363
155 296
168 311
203 350
104 188
26 66
133 319
59 152
10 49
4 79
156 185
36 43
271 362
45 87
84 213
72 341
22 263
299 305
61 157
73 312
66 387
12 223
110 128
259 273
133 183
147 205
90 228
56 159
90 311
97 206
235 362
145 390
55 391
12 350
201 205
210 310
154 366
88 167
159 238
235 249
206 294
263 325
67 331
65 148
84 220
55 263
194 295
189 322
142 313
73 130
16 367
137 235
202 224
360 363
349 358
114 349
14 27
119 386
184 225
49 57
287 356
42 183
32 288
154 239
126 372
96 311
146 183
360 391
112 276
151 324
195 272
174 282
62 205
140 225
128 382
60 135
49 204
243 355
37 339
13 22
92 345
19 130
133 293
303 395
14 217
76 383
5 313
53 318
130 321
194 215
18 141
79 125
78 288
312 329
240 289
254 328
30 321
106 356
44 321
190 289
244 263
173 217
24 73
252 287
70 357
107 338
31 149
317 396
41 57
114 232
75 86
35 302
215 356
67 383
214 271
84 284
83 187
156 246
117 319
108 260
70 374
163 336
126 315
3 207
199 254
230 267
251 351
106 252
89 374
7 99
243 330
96 234
57 204
220 284
246 299
41 196
146 346
150 152
119 323
212 248
298 306
45 79
90 94
215 373
262 271
70 191
48 193
170 339
147 351
221 289
24 161
347 358
55 384
301 331
92 143
138 230
56 188
36 181
22 40
71 240
77 312
327 336
2 108
256 314
49 210
257 379
44 279
186 203
48 281
191 396
294 393
13 145
242 382
133 236
48 254
274 355
129 205
81 340
142 227
96 372
139 152
262 366
48 216
57 125
102 370
160 212
50 203
192 372
218 221
126 398
108 363
90 377
264 328
102 131
172 251
179 244
213 230
164 184
314 343
6 28
116 166
24 361
5 66
164 200
70 316
60 90
107 208
71 398
256 303
202 355
84 275
150 386
72 356
131 370
39 290
88 203
147 175
295 347
247 383
127 131
62 317
184 277
60 221
17 126
169 221
94 221
8 127
138 202
185 327
17 372
228 311
75 369
230 233
17 326
393 396
127 343
158 206
60 71
164 324
154 354
105 345
20 34
332 351
232 339
194 302
65 73
102 387
10 204
168 372
174 387
117 368
82 191
121 169
30 222
12 50
196 375
118 393
224 284
37 232
200 225
125 173
69 83
72 106
8 395
5 227
299 385
182 341
253 314
226 358
129 399
261 399
52 286
2 248
282 314
91 156
127 387
164 357
29 149
146 259
117 320
123 236
48 199
258 358
6 284
206 318
89 317
93 128
54 198
275 355
41 374
305 306
15 367
40 244
148 361
99 192
101 206
108 365
106 194
22 308
27 217
170 202
91 327
19 381
92 105
164 225
276 339
169 190
248 391
84 367
216 265
65 113
156 327
190 218
133 209
139 208
170 224
18 334
36 95
36 136
215 302
34 257
181 309
194 252
20 253
198 270
319 320
77 270
83 278
173 371
242 254
19 65
274 337
123 320
204 337
211 275
193 216
74 220
200 288
58 356
109 292
120 351
124 338
0 45
74 224
15 245
208 385
136 154
90 398
12 147
2 255
4 288
111 195
80 208
232 352
219 241
4 225
73 237
154 369
16 84
120 147
112 284
52 391
108 342
167 324
255 260
343 387
58 389
349 378
54 293
76 189
271 366
162 321
120 205
47 314
114 276
150 181
178 343
119 385
2 46
8 343
177 273
148 389
42 255
38 327
79 277
79 140
46 249
116 264
177 349
162 346
19 148
110 205
54 162
128 399
269 387
43 150
112 245
74 84
152 386
57 371
134 340
100 397
142 387
231 266
83 159
296 332
152 323
38 246
70 151
7 315
200 277
142 272
42 342
333 344
5 387
12 175
308 376
135 221
107 119
156 163
67 227
4 184
305 323
194 258
140 196
59 336
87 277
74 276
19 312
17 301
207 366
17 96
132 370
20 257
73 344
46 176
23 389
22 149
299 323
284 339
138 300
151 317
133 279
271 335
82 101
13 157
29 179
117 214
226 378
37 260
20 98
121 197
330 364
191 374
165 218
79 288
248 360
114 273
247 345
361 381
17 241
115 285
93 380
96 315
233 267
15 224
220 367
169 398
175 201
151 268
25 298
193 199
131 144
36 107
22 384
64 351
16 220
183 346
199 265
11 190
43 181
73 113
182 302
35 148
302 389
187 238
158 392
152 181
311 372
17 234
348 351
275 300
276 300
63 199
21 321
80 304
9 204
5 26
232 363
54 279
178 303
100 156
151 191
21 44
227 301
352 358
53 294
45 78
30 319
129 250
36 152
232 273
199 216
126 228
162 279
204 217
160 325
236 319
138 355
212 260
298 323
58 182
239 271
65 130
162 183
94 228
77 237
136 185
9 283
354 366
40 63
226 347
57 82
94 143
246 327
137 366
94 192
52 263
113 130
304 376
94 169
107 309
232 349
51 364
20 340
255 259
45 357
44 65
209 368
280 365
310 371
305 385
72 302
16 266
38 336
23 182
36 338
321 344
3 369
97 371
123 146
79 200
76 188
210 371
113 344
91 385
88 223
194 341
72 194
72 252
45 140
34 348
170 232
116 199
81 134
89 268
207 239
226 258
196 210
34 379
279 346
335 394
166 382
44 133
283 310
58 161
144 180
10 57
215 341
245 276
86 95
8 290
211 355
233 274
309 323
163 246
80 386
135 197
78 277
80 309
194 347
145 286
62 103
101 393
105 383
75 136
143 179
28 265
178 395
44 122
221 315
13 55
50 172
222 346
326 398
210 375
56 104
209 346
44 162
169 218
246 336
46 85
82 210
191 268
98 379
56 322
350 379
81 120
347 378
285 393
270 344
130 312
79 87
236 368
292 326
22 244
128 261
47 340
330 337
325 391
68 120
97 310
39 253
78 79
111 132
63 149
57 310
131 195
252 356
49 97
126 326
218 308
140 375
30 146
39 343
38 163
175 186
80 298
23 381
19 237
4 87
32 79
222 259
97 392
233 330
270 333
28 264
70 324
224 300
64 69
7 192
168 301
147 250
119 139
202 213
257 303
40 48
308 390
371 375
31 281
268 318
74 284
166 242
266 285
12 201
52 384
313 387
35 389
150 309
195 370
262 354
214 366
41 140
124 185
199 264
341 347
42 108
29 263
16 118
185 338
127 395
86 235
84 224
68 203
94 197
89 151
137 239
135 190
107 304
388 398
22 52
66 269
117 123
237 333
41 310
2 362
366 394
348 379
193 281
86 137
268 285
27 229
206 297
241 398
136 369
0 79
68 351
163 397
172 256
0 375
226 349
274 330
18 129
256 257
20 303
169 228
57 375
78 225
260 360
174 313
122 279
133 162
253 395
61 304
348 350
82 374
165 308
138 275
31 63
294 392
5 168
50 201
132 171
89 396
329 333
64 187
212 325
68 348
160 360
21 183
59 299
135 218
66 195
60 289
103 141
60 315
238 261
16 300
193 265
178 290
168 331
87 140
111 387
116 265
62 399
116 238
80 323
104 345
138 224
167 357
49 371
96 326
322 345
16 115
226 307
201 351
128 334
32 229
48 63
240 398
37 248
15 276
215 287
113 237
64 83
6 112
141 268
85 249
213 364
144 359
54 321
254 265
131 180
148 381
58 361
94 99
31 265
176 280
59 91
66 144
125 140
99 315
283 297
220 224
52 176
172 257
35 182
10 41
274 297
31 328
207 369
193 254
215 389
67 188
138 170
75 95
90 96
186 350
74 245
116 328
80 152
108 232
146 222
38 397
137 362
66 219
60 228
306 323
361 389
154 262
33 255
58 287
283 291
196 316
78 200
149 160
120 250
117 394
138 213
80 139
44 183
160 391
345 383
62 129
129 147
320 394
153 372
123 209
81 278
125 196
30 122
209 319
100 336
359 370
184 324
153 301
166 334
39 395
67 301
231 382
7 94
61 308
177 260
74 170
142 269
137 249
234 326
31 216
307 358
140 357
43 304
71 221
51 337
41 97
64 81
92 247
272 387
116 380
214 368
37 365
13 384
155 383
147 186
212 360
265 281
131 269
187 383
63 244
200 357
27 32
95 181
8 178
211 297
4 277
164 167
57 196
18 399
75 354
56 76
268 393
235 271
164 277
84 202
277 288
101 268
231 328
293 344
89 393
85 280
69 278
291 294
119 150
87 225
67 189
112 220
220 300
208 306
64 278
131 272
0 32
11 145
284 300
42 146
59 156
114 177
204 210
45 277
112 367
178 314
188 189
84 115
183 279
147 203
161 373
156 397
292 398
278 296
26 219
238 382
51 233
134 296
227 331
47 303
38 91
46 280
100 385
18 396
89 191
152 208
349 352
14 173
21 54
35 258
4 78
285 318
110 250
28 242
111 180
149 391
188 322
62 110
177 363
167 317
71 169
91 100
15 232
294 318
26 111
47 98
65 333
60 121
81 332
168 227
13 61
17 219
274 364
188 227
293 321
158 285
38 156
38 299
110 261
67 153
59 309
303 314
71 190
114 352
66 313
33 108
113 353
236 346
157 376
164 316
45 288
39 314
182 389
159 187
98 257
260 365
18 151
20 256
121 292
159 254
170 245
156 336
38 100
189 247
202 300
62 334
76 322
207 262
6 16
335 354
4 45
74 202
68 147
223 350
43 136
44 54
13 390
214 320
20 251
23 215
251 278
6 84
255 342
143 192
30 162
208 309
20 379
82 97
232 245
39 178
68 81
125 375
140 277
241 388
312 333
3 136
0 125
97 210
204 371
12 203
193 380
144 272
111 370
50 175
286 384
69 120
242 265
18 62
2 280
170 276
95 136
384 390
149 244
14 229
188 296
161 361
254 380
152 309
105 189
21 122
30 54
264 265
41 49
52 149
105 247
135 165
64 110
163 327
135 169
134 282
73 381
59 323
283 371
325 360
139 304
107 150
270 293
100 299
119 181
75 338
111 127
93 266
177 232
190 197
175 350
166 238
241 326
373 389
0 27
250 399
62 128
60 240
4 200
70 167
147 223
208 299
85 137
25 80
109 398
263 391
128 141
30 346
90 99
61 218
352 378
110 166
56 187
169 289
11 139
120 201
71 197
92 192
0 196
69 110
115 294
5 331
22 286
77 113
226 352
58 215
7 143
307 389
37 177
246 397
113 270
228 398
76 278
24 65
267 364
15 114
15 112
15 177
312 344
25 208
189 383
36 304
301 372
243 297
56 296
124 136
201 250
86 154
157 286
59 385
336 397
25 323
267 355
98 303
1 387
229 288
139 386
127 272
28 328
116 382
334 382
62 141
94 315
26 180
96 398
181 304
68 175
180 195
36 150
33 248
142 174
107 139
166 261
30 209
296 322
77 333
59 246
326 388
1 282
155 278
103 205
279 293
55 286
104 247
27 125
169 197
228 315
90 192
31 325
73 77
74 339
108 273
230 295
0 229
186 348
162 293
191 317
292 388
13 286
116 231
269 272
8 171
183 222
101 392
224 339
93 264
169
127
7
128
104
96
180
46
36
99
66
98
117
47
138
177
23
190
147
36
60
81
60
45
79
111
31
101
53
36
106
92
203
78
126
167
108
82
143
52
60
118
98
81
158
68
169
123
79
47
141
62
62
32
70
62
143
117
68
143
86
41
178
138
110
212
146
77
178
228
140
108
40
68
148
80
129
166
108
64
54
134
85
111
49
150
25
40
44
156
89
90
110
77
129
110
65
201
128
57
210
110
100
254
266
169
192
161
101
29
112
25
112
135
172
98
98
19
249
49
62
61
68
142
25
252
141
96
133
134
175
156
109
173
60
83
57
111
62
130
71
111
82
161
124
20
61
133
119
58
71
201
173
82
115
55
94
76
55
38
79
87
73
142
87
42
42
44
21
143
73
155
157
69
64
164
132
151
81
100
168
135
187
101
104
107
60
70
94
86
117
124
77
190
98
167
81
77
42
138
133
60
134
71
26
175
74
57
25
192
75
152
76
102
170
214
12
76
99
107
48
93
39
73
92
97
94
67
115
100
70
49
222
12
187
34
171
173
54
72
124
136
211
174
61
93
15
151
190
98
101
83
142
83
46
133
88
81
106
55
11
120
136
136
19
129
114
144
22
204
21
113
52
84
31
226
28
207
180
161
195
149
128
94
17
89
96
22
101
84
178
88
127
70
106
175
58
127
183
57
21
154
91
197
105
163
44
129
99
92
203
49
118
118
185
189
96
77
101
64
117
43
88
48
92
156
24
86
71
66
111
170
106
69
113
111
21
128
160
75
128
119
170
79
108
40
56
39
80
11
115
141
32
166
109
74
105
61
50
113
36
134
210
46
94
56
44
90
63
95
160
30
105
68
81
110
104
147
150
87
173
155
114
129
179
80
96
170
134
129
97
85
85
74
99
91
64
59
38
119
198
134
53
152
221
127
144
116
10
142
158
95
125
288
52
128
143
45
19
174
58
66
125
181
59
128
32
127
103
172
56
100
87
59
159
105
87
80
85
33
126
78
153
42
92
48
185
195
132
140
39
128
101
73
125
140
105
56
197
77
78
147
127
106
74
47
153
95
117
32
102
198
74
51
40
103
40
107
103
228
85
162
143
114
167
107
177
65
111
73
81
30
54
92
133
60
131
104
38
25
68
25
54
103
163
49
91
153
123
29
45
122
118
82
32
61
127
168
117
78
153
90
141
43
34
128
83
47
52
134
127
90
91
120
79
130
97
142
153
88
57
93
65
29
161
67
47
82
151
77
58
100
51
177
96
91
48
46
164
145
99
69
144
118
88
64
55
73
159
75
57
154
137
39
35
91
94
105
112
113
69
7
83
125
102
82
133
17
97
62
134
73
58
12
120
93
192
132
53
111
68
32
125
58
45
39
205
16
18
124
38
96
183
12
80
59
81
172
48
68
107
97
128
186
47
95
29
131
86
80
75
106
92
157
45
179
61
43
137
135
156
129
48
135
104
11
29
41
72
80
54
221
101
167
113
216
181
127
61
193
101
145
24
170
222
119
235
44
102
62
78
73
134
127
84
45
201
73
109
69
98
106
96
77
106
176
202
136
147
88
219
15
80
60
100
42
57
76
128
160
49
61
70
145
99
267
145
185
50
29
65
70
103
147
144
43
189
70
67
200
129
225
133
108
128
47
106
116
137
93
147
72
86
82
81
48
14
140
53
60
60
28
35
105
119
178
94
156
42
124
177
63
92
84
104
93
181
59
118
93
128
68
165
88
152
109
18
116
199
90
98
58
49
110
69
77
114
55
103
110
154
62
140
28
120
82
123
38
178
173
94
115
135
33
222
46
124
101
45
94
139
143
106
54
179
108
85
86
18
78
82
154
134
68
187
152
79
24
232
206
85
63
85
100
93
132
72
147
104
50
45
56
207
78
127
223
101
171
63
22
59
72
10
110
133
115
95
103
137
120
70
127
69
28
63
149
86
137
82
112
163
70
114
139
121
172
200
99
16
59
142
76
84
209
12
184
61
156
84
71
15
150
113
49
74
76
88
177
135
136
23
53
105
72
58
154
176
97
77
32
127
165
61
62
60
169
41
100
100
28
97
31
114
208
152
30
91
80
65
90
111
45
49
25
92
19
251
64
113
81
109
100
149
59
122
94
88
205
78
35
193
92
42
80
144
209
65
89
86
18
43
54
88
35
69
122
147
66
60
117
167
60
104
89
68
73
66
79
27
79
104
94
151
185
43
61
111
79
73
77
211
109
150
139
84
113
117
117
200
102
73
242
99
160
37
73
146
214
27
85
167
57
133
63
51
81
39
58
151
42
112
133
96
183
147
89
89
60
134
68
74
34
63
34
103
182
34
48
174
101
101
141
25
195
98
119
42
28
116
48
135
58
208
117
44
105
163
103
129
14
106
68
102
159
161
80
115
106
16
168
156
18
90
150
173
67
94
92
108
126
82
95
128
165
16
66
46
73
140
110
121
99
79
220
113
91
86
48
115
125
158
74
70
52
65
217
96
86
145
164
142
58
110
118
94
176
119
144
213
130
212
114
113
234
157
109
106
27
67
97
49
86
103
28
68
19
45
68
117
42
87
110
124
116
68
195
128
90
73
61
83
140
74
69
119
9
99
160
66
153
165
132
114
48
118
140
123
25
127
145
103
77
142
48
219
39
91
64
62
103
102
118
152
43
29
83
44
62
132
122
61
25
17
110
33
83
146
166
162
31
126
76
37
195
108
24
39
36
145
78
66
95
77
138
91
34
40
190
33
32
95
175
125
129
180
56
78
62
83
188
110
117
78
35
32
252
147
167
135
65
105
60
74
81
217
41
122
64
120
99
44
98
53
74
72
97
104
178
58
87
24
173
37
57
91
102
160
97
102
73
106
179
80
87
47
170
90
156
63
169
39
80
59
101
122
120
142
80
132
79
101
12
96
47
112
64
65
72
95
138
164
15
184
65
42
96
36
103
66
57
199
51
240
119
73
30
23
137
178
102
124
161
145
219
162
121
108
210
118
50
82
115
176
86
102
144
66
88
81
61
121
163
84
62
58
104
45
59
149
142
106
79
199
177
103
71
26
140
79
39
124
12
111
178
77
137
159
56
202
212
132
81
122
188
31
118
162
155
52
87
97
44
54
60
119
149
98
99
36
120
53
86
195
121
71
70
41
73
89
115
53
76
119
79
186
77
68
54
84
75
48
141
78
40
128
128
152
51
130
127
54
62
90
101
100
56
105
160
143
164
193
66
82
58
73
118
209
170
69
122
108
57
156
117
115
103
50
92
46
170
80
15
26
127
75
74
195
120
49
204
100
62
32
24
98
63
63
136
167
107
42
152
63
47
142
81
24
134
115
57
165
101
88
315
147
47
161
112
174
165
117
43
85
73
167
176
206
98
212
96
139
222
63
116
140
139
45
97
167
80
36
117
85
120
94
216
59
73
21
14
168
64
179
133
50
85
78
102
61
200
82
162
39
39
164
164
122
91
123
168
59
159
216
59
94
60
132
155
181
39
134
128
33
54
189
66
179
124
66
188
60
70
79
128
186
131
21
117
63
42
96
178
107
78
71
121
86
84
44
46
154
127
61
93
147
141
84
133
89
8
223
176
79
143
71
76
149
28
96
89
48
153
101
68
128
85
195
173
24
58
166
158
100
26
73
105
150
79
64
36
99
136
57
137
33
59
87
144
168
127
179
54
124
104
193
86
119
130
86
68
19
39
143
16
84
91
83
161
181
115
82
114
6
86
132
62
93
93
70
14
62
52
49
90
114
120
186
110
81
129
165
74
109
81
170
128
79
48
136
54
35
196
78
97
102
101
157
65
74
141
157
75
133
96
69
32
100
45
60
113
95
111
80
128
156
151
53
188
66
144
79
101
92
129
109
56
152
121
167
46
33
124
181
79
32
58
149
146
68
60
91
80
152
94
91
109
48
65
106
113
119
63
173
12
81
165
49
174
160
16
145
92
103
88
108
42
152
131
138
95
96
77
117
98
83
56
79
90
174
170
130
161
145
67
125
94
73
72
112
112
151
20
157
55
91
101
30
198
93
206
216
163
89
156
178
97
118
48
83
54
98
181
31
168
101
128
107
33
129
29
40
75
68
77
161
131
108
55
94
124
90
39
53
141
108
205
111
85
33
50
105
122
60
38
78
103
99
129
122
14
34
39
73
91
37
42
55
48
123
19
67
102
61
129
102
116
93
55
166
85
18
90
32
26
154
87
66
140
79
106
127
60
75
158
64
86
71
125
83
73
93
96
95
152
93
112
74
55
32
62
118
144
68
146
52
51
93
28
76
107
94
176
91
117
82
137
34
157
167
94
134
42
104
92
71
56
162
111
44
74
128
148
167
103
57
95
195
34
150
135
50
133
115
99
116
120
122
37
157
97
157
87
82
114
66
59
227
134
173
20
222
212
179
207
204
95
79
71
118
126
44
97
89
55
164
107
94
27
101
204
102
98
204
50
75
68
73
58
57
84
110
111
49
98
51
73
130
150
201
84
164
105
67
91
179
146
123
30
163
139
98
158
92
88
112
