621 422
595 19
794 502
554 244
573 398
118 320
136 355
563 135
350 201
496 678
133 668
272 475
199 187
729 415
597 7
268 288
13 655
367 82
305 449
672 529
467 409
208 173
306 592
709 290
268 511
372 675
99 373
165 742
108 522
191 571
178 240
181 160
118 453
792 97
128 412
377 470
538 441
97 342
294 532
230 267
621 210
739 732
193 407
111 54
267 134
15 736
581 423
667 685
45 119
79 501
702 543
38 220
224 307
553 306
683 431
291 140
253 774
520 328
514 66
553 314
414 514
533 539
435 57
588 288
476 681
786 338
73 780
350 261
325 216
659 538
198 515
704 598
355 440
4 361
8 584
495 263
343 487
684 267
403 404
429 381
197 205
81 353
589 695
307 421
550 27
469 628
174 648
516 204
682 578
354 173
78 645
669 68
370 759
463 610
680 519
423 728
311 63
42 214
482 377
70 791
590 633
510 400
131 227
710 789
746 388
779 566
624 342
316 350
109 376
150 133
275 331
437 414
657 429
677 299
793 471
496 205
220 680
773 174
538 67
30 320
207 203
251 170
757 248
450 368
545 601
13 510
669 143
115 312
397 482
12 722
357 246
789 115
497 513
261 489
796 597
743 302
292 614
767 641
63 669
140 662
584 457
86 764
742 114
692 147
317 259
574 745
211 643
5 227
723 343
679 407
364 591
297 130
600 401
703 410
185 218
675 679
343 254
569 176
558 369
164 633
267 640
543 444
468 793
201 125
272 564
567 83
679 450
723 724
447 176
60 339
637 139
765 75
164 563
76 692
278 728
785 783
187 197
83 523
532 248
428 151
463 226
749 423
527 619
780 124
578 43
141 595
54 84
415 169
785 288
640 197
402 122
457 664
791 163
234 465
549 413
585 395
18 371
726 606
393 684
128 17
149 165
284 78
385 388
60 317
120 462
266 693
347 452
282 403
715 207
309 149
396 294
376 523
636 240
38 458
181 37
51 583
721 488
261 425
66 271
398 219
618 463
416 214
318 230
298 7
311 706
286 396
16 552
554 406
781 737
247 292
784 295
192 646
202 738
642 758
19 656
445 80
53 185
736 145
797 317
74 713
573 19
412 791
596 520
321 72
133 297
22 312
688 306
554 365
290 187
227 223
658 600
656 95
645 526
370 477
166 145
212 573
705 65
741 386
431 725
236 643
128 610
299 748
152 188
536 791
21 518
395 752
410 527
626 714
102 543
395 243
789 460
104 791
668 501
796 228
38 242
308 104
299 515
485 423
543 571
437 441
230 637
68 377
657 582
198 351
736 329
678 178
575 587
360 674
754 591
169 365
13 685
389 559
352 138
86 286
390 364
507 160
51 359
664 409
483 78
124 178
719 123
551 485
451 394
131 388
509 643
573 781
746 537
606 410
116 487
579 720
615 792
391 108
691 800
371 239
623 366
310 643
94 477
0 596
97 505
160 341
387 800
228 528
24 150
760 11
225 288
130 52
772 364
714 581
261 776
748 17
382 278
596 24
515 698
497 780
149 437
287 557
564 310
403 301
494 467
568 615
157 470
202 640
540 553
335 266
381 550
402 85
503 104
121 778
726 294
82 743
604 322
585 713
220 410
707 692
320 357
291 333
81 691
282 739
362 554
786 610
10 301
296 597
151 502
298 325
661 233
363 244
136 491
76 299
531 650
160 184
108 309
576 327
722 746
426 687
43 598
479 396
675 214
765 465
293 86
366 55
548 502
146 646
751 448
177 780
694 404
769 623
54 791
606 696
191 756
433 577
91 175
616 271
517 347
517 587
279 207
240 181
194 585
428 666
478 650
659 322
124 342
120 369
219 313
246 348
106 152
303 319
258 320
37 293
271 347
77 399
72 207
68 313
117 122
197 385
83 225
209 394
229 283
62 235
174 261
156 222
293 370
200 390
123 202
16 290
10 356
81 108
314 350
30 102
15 355
223 378
189 208
215 317
238 348
36 380
9 398
182 342
36 227
142 183
162 241
166 216
134 385
181 326
130 365
173 239
47 353
130 210
187 311
56 174
176 200
193 352
244 319
254 369
77 212
29 70
3 178
25 258
242 380
16 234
23 348
165 346
122 230
82 100
208 376
174 224
4 307
136 280
159 231
119 296
28 172
293 367
37 81
217 352
157 170
38 133
184 240
302 375
226 264
76 358
23 284
94 252
310 312
121 394
107 207
12 176
73 360
90 260
3 40
173 234
194 307
241 320
107 110
98 392
55 209
59 350
14 331
40 391
308 318
251 300
93 182
96 275
170 251
284 326
114 216
9 145
238 284
81 119
160 361
64 85
197 250
186 325
88 282
71 250
190 379
158 371
19 88
93 397
53 75
17 96
174 232
138 374
125 213
71 197
181 257
86 146
58 165
106 399
260 396
112 220
12 121
308 316
364 391
82 267
231 259
280 341
164 276
154 262
7 295
282 327
47 387
24 38
107 363
32 316
15 52
133 164
138 173
123 375
136 259
54 384
208 364
152 158
203 367
50 216
32 34
160 205
24 276
149 166
104 148
10 185
5 169
110 229
90 173
87 180
174 357
177 226
43 48
130 330
139 381
12 120
332 368
219 221
201 243
140 242
154 249
89 248
62 190
4 152
30 249
219 330
170 285
111 302
55 248
270 377
70 172
266 389
314 371
250 327
304 332
58 84
41 353
140 307
59 371
88 288
16 74
48 390
150 291
42 352
203 296
1 240
138 239
112 307
86 139
132 338
109 163
96 243
58 184
175 372
140 227
90 239
68 365
26 37
276 335
139 341
342 380
155 387
130 144
212 364
180 269
46 195
142 237
67 269
30 39
40 157
35 60
94 166
13 257
12 21
332 398
140 380
124 393
33 237
3 53
164 321
5 370
9 368
21 200
231 280
26 81
215 264
165 298
76 276
83 354
12 249
47 233
258 333
146 231
10 159
221 365
78 111
55 121
197 306
150 211
198 265
57 98
21 80
96 151
51 236
117 192
23 364
236 274
107 225
36 101
229 363
65 188
109 186
134 197
220 272
335 361
128 344
6 289
6 81
311 379
179 346
14 165
168 295
0 152
51 97
150 389
205 328
72 253
155 353
182 304
97 322
252 282
247 371
80 249
222 248
12 395
234 356
75 178
183 192
202 302
162 258
233 312
116 232
260 381
133 321
274 360
167 353
56 383
81 367
72 78
165 331
86 381
163 214
18 207
36 301
69 94
161 194
328 383
235 298
255 396
95 162
16 129
141 356
283 319
271 383
100 124
135 284
10 173
106 195
278 286
145 233
10 86
20 279
40 212
122 273
163 199
66 349
45 129
173 356
16 138
64 368
160 315
130 343
11 207
50 94
76 83
318 366
229 324
95 265
126 285
145 310
162 263
6 34
172 185
61 342
37 367
198 397
7 58
129 173
316 362
84 118
167 233
309 368
93 191
214 325
27 232
201 223
71 282
106 113
20 338
3 391
62 379
148 246
208 237
160 341
146 396
179 219
196 281
295 298
121 209
66 386
17 379
91 300
51 274
241 333
5 6
7 170
124 182
22 315
129 349
143 183
37 169
50 327
40 285
54 166
118 346
126 170
313 343
116 160
30 120
311 345
22 335
24 321
49 125
69 250
84 298
105 197
12 31
99 349
220 252
70 366
394 395
123 302
377 382
102 244
212 285
37 108
42 289
168 219
79 279
233 387
68 343
89 209
15 363
359 385
257 382
5 26
198 287
90 356
29 396
104 384
254 299
33 171
258 265
116 259
41 312
144 363
18 225
72 202
39 324
373 397
56 328
1 84
130 313
280 396
306 327
65 230
128 206
64 258
169 296
231 381
91 143
235 346
93 398
110 355
142 323
243 379
107 354
30 324
118 298
46 220
18 253
0 307
46 227
68 130
146 341
13 377
232 328
286 342
229 355
30 80
78 294
239 271
22 358
304 393
261 328
135 246
151 275
49 268
90 215
84 346
154 176
8 67
155 267
19 94
265 373
186 199
68 89
175 312
111 279
7 87
309 332
68 248
297 384
63 391
40 376
86 341
105 385
131 237
129 290
126 256
96 379
142 329
162 333
125 226
203 281
71 327
155 250
285 300
50 197
95 397
46 152
191 332
37 296
1 14
44 151
50 272
118 240
94 306
16 374
15 229
158 392
349 386
126 142
9 64
224 315
95 258
262 369
269 337
95 373
220 307
92 261
176 249
56 261
46 307
56 357
71 288
136 164
95 198
182 339
38 335
51 322
66 129
13 382
56 224
29 341
50 288
0 46
203 218
187 221
88 250
233 310
279 375
43 199
116 146
47 372
25 224
50 69
230 326
152 227
239 356
163 325
168 190
149 257
351 387
44 201
173 349
155 167
144 394
20 98
169 367
0 195
67 222
283 289
93 389
13 326
64 397
54 149
98 101
238 326
4 314
172 255
259 280
72 206
94 282
143 170
74 215
1 118
48 322
109 214
45 141
66 99
119 169
19 282
116 205
67 330
127 319
318 362
32 334
134 288
255 321
224 287
12 200
87 115
19 250
113 135
10 27
7 118
100 339
153 166
245 296
211 291
239 290
51 390
28 204
104 382
219 365
169 370
112 149
126 237
37 203
204 316
220 242
109 199
242 342
101 194
24 133
10 381
124 304
84 184
251 285
29 321
133 217
65 284
318 340
200 254
50 71
291 344
34 289
125 264
139 173
128 266
192 237
242 278
68 222
141 386
207 225
33 183
187 292
241 258
138 290
269 330
223 243
285 376
99 271
23 148
54 181
5 203
61 242
53 63
197 288
86 259
133 335
25 315
67 130
6 108
210 294
63 212
40 170
85 93
78 302
183 300
31 200
245 360
362 366
212 376
249 395
37 244
6 127
26 169
179 221
126 208
144 222
97 218
251 256
115 168
6 370
230 348
236 322
120 121
46 194
61 278
147 360
20 111
41 47
139 185
204 362
200 299
68 394
90 138
11 24
92 241
247 336
70 193
45 66
186 390
246 399
210 337
121 395
308 362
79 111
11 83
64 304
61 286
8 292
5 319
9 332
217 225
143 208
255 341
119 367
33 300
55 378
97 147
97 390
41 155
75 115
307 314
205 224
120 249
189 212
44 209
21 369
149 384
204 318
83 107
174 328
74 226
8 89
29 185
267 387
229 249
132 301
47 155
168 179
150 344
182 368
76 128
104 153
12 163
257 326
225 352
167 372
213 316
11 76
70 255
209 378
54 297
156 365
190 292
0 112
23 188
76 344
119 360
195 227
65 104
90 374
218 245
158 194
76 206
150 361
63 371
294 302
50 306
182 286
308 340
67 156
228 372
87 178
85 191
109 299
218 274
221 269
48 299
87 295
121 151
80 120
171 323
101 161
292 345
188 284
54 153
153 257
153 181
104 326
35 279
17 311
268 366
114 270
91 256
88 252
9 304
341 381
119 245
205 315
137 385
13 104
62 346
347 383
301 380
126 251
167 228
172 362
162 265
10 139
31 120
23 77
93 304
204 334
75 180
39 249
20 79
52 363
151 378
113 399
368 393
39 229
34 303
165 240
60 358
128 279
71 137
21 163
336 350
44 378
115 180
55 201
312 372
15 144
99 141
2 105
177 215
308 366
24 335
20 123
42 283
313 365
92 95
125 177
10 138
106 350
87 168
113 364
135 348
33 192
137 359
20 78
249 394
156 313
90 139
208 273
119 196
65 326
85 389
60 389
292 311
106 336
11 18
7 165
103 167
31 262
143 237
216 382
71 385
383 388
237 285
102 369
274 293
157 295
203 245
8 68
0 297
336 371
84 331
31 80
204 366
86 185
234 290
2 270
129 356
49 204
105 359
233 267
239 349
86 280
91 329
29 159
38 76
41 167
225 354
321 396
126 143
20 101
112 166
344 358
258 397
188 348
58 62
0 149
228 353
25 95
123 294
16 90
172 268
53 392
45 290
213 318
114 377
3 63
67 313
149 297
287 373
283 324
250 282
56 388
61 182
211 253
17 275
133 193
143 285
46 158
97 274
268 308
27 347
86 159
21 249
187 219
74 125
68 156
62 298
23 230
45 173
289 319
161 277
22 150
350 391
30 176
130 269
67 343
85 393
172 396
28 366
275 378
167 312
90 290
101 158
209 292
267 309
60 253
128 291
3 87
116 280
233 309
165 170
18 24
236 390
73 196
67 365
58 118
53 178
306 377
244 293
253 291
135 238
177 264
22 164
19 252
139 159
227 307
54 112
266 358
190 345
176 262
90 381
0 54
140 301
0 140
289 352
164 255
210 365
70 362
254 325
185 268
32 303
177 318
83 217
135 148
38 361
104 284
44 395
185 231
151 292
108 169
171 329
9 182
177 308
66 347
199 325
218 236
190 311
24 193
103 312
122 188
18 133
78 123
5 108
140 161
261 357
142 300
172 260
98 277
152 194
69 327
5 81
67 210
164 335
145 351
67 337
129 234
102 390
288 327
147 322
191 398
185 396
338 380
3 157
151 248
8 313
9 191
92 265
233 351
16 173
22 361
330 337
94 216
193 217
58 298
139 356
53 59
41 372
12 154
156 269
101 392
128 253
113 348
145 387
28 316
130 219
263 309
131 183
145 305
158 336
28 308
186 322
134 306
89 311
279 338
36 277
298 346
263 333
83 206
73 245
187 190
231 341
179 190
159 396
28 362
237 300
92 258
354 363
128 211
113 284
15 324
226 374
79 123
19 50
267 351
221 313
315 361
216 270
158 195
113 391
14 184
6 283
332 333
166 220
200 369
151 201
124 339
62 345
150 358
21 176
8 221
111 202
48 97
85 124
146 205
101 375
26 303
164 361
49 308
147 236
82 309
144 343
29 255
139 231
40 364
148 348
25 397
270 382
116 357
181 270
32 49
4 194
227 247
73 119
11 321
77 113
200 262
88 94
278 339
14 118
64 191
277 279
4 140
27 383
97 293
244 367
319 370
170 189
4 247
79 375
140 220
181 382
124 278
141 173
5 127
118 184
70 133
49 226
36 194
343 365
23 113
328 357
5 293
36 46
67 144
339 342
301 338
89 219
32 204
188 238
85 182
8 248
9 85
341 396
71 88
18 72
308 334
158 247
183 237
178 180
98 123
139 260
106 314
21 31
265 320
195 307
179 295
117 142
259 361
50 250
98 375
262 299
171 183
69 242
267 312
56 232
74 317
277 375
209 275
179 235
105 288
101 277
18 193
56 205
38 276
268 318
122 208
30 154
230 273
42 193
24 70
101 227
268 362
82 233
48 186
134 137
78 206
96 223
39 120
74 374
82 368
160 259
117 131
108 303
288 359
134 359
143 300
285 364
323 329
37 127
95 320
153 297
211 344
61 301
55 275
103 372
27 388
146 280
4 46
146 259
224 357
59 336
132 380
59 158
116 174
322 390
177 268
182 393
8 156
15 110
53 336
225 363
3 75
204 308
38 321
230 238
349 356
34 42
263 351
45 349
85 373
334 366
188 273
152 314
8 130
158 227
208 285
215 374
256 323
44 163
277 338
11 193
142 256
171 300
5 244
120 262
354 355
309 310
49 264
118 331
144 365
50 88
233 305
211 266
34 108
23 122
202 294
235 311
35 128
12 369
242 286
179 345
316 318
248 395
95 241
224 261
93 393
69 252
340 366
79 302
152 195
60 344
166 297
144 156
194 195
74 264
5 289
25 265
132 278
122 135
243 292
126 376
26 296
287 397
17 235
162 320
137 288
347 349
15 343
353 372
49 316
99 386
23 246
373 398
130 156
146 381
57 247
21 154
86 231
175 228
303 334
68 144
66 239
195 247
5 367
171 256
32 308
24 164
142 143
246 284
267 310
45 386
242 301
41 103
110 207
12 254
203 293
259 315
309 387
91 251
126 189
137 353
82 332
43 325
44 121
8 219
1 331
216 272
65 257
90 234
305 333
143 256
58 346
44 248
231 396
297 314
50 282
21 395
156 343
174 205
153 382
70 321
20 375
63 106
46 301
336 392
71 359
7 184
191 397
80 176
169 203
34 204
11 217
92 224
152 307
146 160
124 286
213 264
233 372
127 203
60 128
76 253
314 399
376 391
201 275
223 379
97 236
305 310
54 382
166 272
1 165
45 239
46 140
12 80
14 240
299 369
266 291
274 367
110 324
22 38
76 211
196 296
63 350
277 302
85 398
267 353
22 276
117 237
151 243
64 95
197 359
304 398
63 178
142 171
263 310
127 293
264 317
46 161
27 271
38 164
22 136
192 273
107 355
355 363
57 75
275 379
78 202
301 342
179 311
180 221
26 108
155 372
222 394
232 357
2 377
171 237
289 303
96 378
215 226
125 317
51 147
286 339
57 59
4 36
191 258
82 145
120 154
196 245
116 231
19 272
101 302
6 244
129 138
269 313
166 384
146 159
108 289
141 239
64 373
197 353
2 382
195 314
207 217
34 340
114 382
140 152
39 52
368 387
181 377
249 324
339 368
278 393
2 306
29 172
18 217
103 175
73 169
57 371
64 398
78 128
291 358
95 191
11 38
81 203
17 378
103 233
13 384
100 182
143 376
67 68
194 227
186 236
81 169
111 277
94 272
55 395
91 126
180 295
201 378
13 153
12 262
106 371
340 362
77 391
222 343
85 304
32 340
203 360
36 338
279 302
191 373
234 374
126 300
81 281
305 309
198 258
256 300
35 211
112 297
31 369
235 345
218 293
31 109
92 320
101 247
117 300
135 188
85 397
161 380
112 152
198 373
211 358
72 128
44 55
316 340
185 260
122 348
55 292
173 290
169 360
199 214
71 306
26 281
11 276
214 254
2 114
47 82
257 284
347 388
147 218
64 93
117 208
8 222
17 292
105 134
69 282
35 76
40 189
17 62
9 397
62 311
18 206
6 319
159 341
102 299
52 319
247 392
86 116
109 262
143 189
397 398
60 76
257 384
32 366
184 331
21 120
169 281
240 331
34 334
79 294
132 342
207 355
121 248
120 176
49 318
112 384
367 370
305 351
313 337
169 196
288 306
328 388
193 321
258 373
110 363
216 377
159 280
115 178
41 175
19 69
33 142
205 261
131 300
61 393
115 157
191 198
330 343
116 341
131 192
176 369
138 234
54 216
168 187
210 330
204 340
59 63
23 399
343 363
55 151
69 88
276 321
327 359
4 227
51 218
281 296
100 387
36 161
31 176
339 393
11 133
13 54
119 203
255 280
35 253
52 355
130 222
180 219
342 393
79 202
12 30
243 345
117 273
317 374
10 231
80 262
49 366
304 368
19 216
65 135
145 263
188 230
82 305
327 385
53 247
232 383
1 184
145 309
61 380
148 326
13 166
138 356
129 239
159 260
275 292
284 348
20 277
7 157
7 346
72 83
41 137
127 244
117 143
13 270
6 26
215 268
191 304
49 177
163 254
8 365
14 84
230 284
124 368
88 327
113 148
136 335
80 154
102 262
203 370
109 200
158 350
159 185
39 154
44 275
35 266
182 278
45 99
239 347
190 235
10 260
10 90
84 240
111 123
253 266
177 316
50 252
65 238
266 344
369 390
104 181
145 333
321 335
283 352
6 303
89 292
154 369
157 189
108 281
153 384
0 314
136 361
143 251
10 239
350 371
176 254
169 245
225 355
105 306
28 268
26 34
176 395
9 373
259 396
242 252
32 362
150 315
60 291
57 392
178 336
22 160
160 280
4 158
37 303
161 301
19 327
248 394
165 184
77 348
209 248
36 195
286 393
159 381
18 276
290 356
64 332
15 39
304 339
87 157
60 266
189 285
348 399
116 159
42 334
207 354
33 323
106 246
70 340
17 345
63 336
137 197
66 141
140 194
55 394
151 209
77 376
113 246
61 132
53 371
77 364
168 180
43 254
77 246
347 386
256 329
37 281
110 225
294 354
336 391
136 315
77 208
313 330
35 72
156 330
232 388
234 317
147 274
79 98
18 76
61 124
31 254
13 297
69 272
291 389
103 228
59 247
177 366
364 376
149 153
27 141
59 392
218 367
298 345
80 395
160 174
212 391
3 115
102 154
25 198
252 272
89 187
15 222
236 299
81 370
263 305
43 186
0 220
43 214
194 247
271 349
81 127
299 390
127 367
133 276
33 329
345 379
205 259
103 310
17 190
99 347
109 325
28 177
35 206
100 368
37 370
21 121
117 183
267 305
148 257
89 190
142 192
73 296
0 166
350 399
18 83
82 387
52 283
111 375
6 37
161 338
65 148
86 260
148 284
295 346
58 240
309 351
51 293
205 232
13 149
161 227
205 357
334 340
254 262
210 313
226 317
33 131
108 296
57 158
47 267
78 79
262 390
141 349
23 135
0 4
112 153
84 165
269 365
148 399
52 229
264 318
20 302
245 367
222 365
297 307
131 142
116 388
207 352
17 243
145 332
89 151
53 350
4 161
330 365
60 211
148 384
28 318
206 253
114 181
294 337
115 221
25 287
43 109
167 175
344 389
205 280
80 369
120 395
185 381
5 37
136 160
13 181
109 254
98 111
135 230
48 236
179 187
4 195
91 170
72 76
98 302
127 370
52 324
216 306
189 364
47 167
131 171
96 201
109 369
75 87
197 327
123 277
118 165
100 286
32 318
219 269
100 351
83 207
181 384
16 317
218 370
243 378
51 360
271 386
88 197
52 110
189 376
92 198
368 398
259 341
141 347
278 380
78 279
140 195
91 331
278 342
241 265
58 235
3 336
332 351
243 275
49 213
54 272
31 163
288 385
244 370
42 303
177 213
145 267
21 254
104 257
160 224
375 392
182 398
25 373
59 178
115 295
82 351
42 217
141 271
53 57
316 366
66 271
168 221
210 269
74 234
57 336
105 327
38 358
28 49
81 296
110 354
41 228
287 315
36 140
92
97
56
69
99
159
224
145
58
130
196
87
162
72
79
67
170
72
48
64
77
68
203
90
60
92
116
49
87
176
96
63
154
172
95
178
51
47
167
75
108
166
10
23
111
66
107
95
68
83
117
72
100
168
31
182
123
13
48
87
106
115
61
118
64
161
64
115
83
28
29
67
125
108
44
36
89
92
109
44
184
128
141
24
71
65
201
80
148
68
100
114
40
70
17
77
70
106
170
58
85
128
102
234
180
134
70
80
182
99
52
74
188
50
67
178
192
155
99
203
145
50
105
96
74
82
183
123
133
62
86
81
93
83
159
75
116
130
105
70
51
80
125
87
49
82
83
43
140
70
70
111
117
155
57
67
138
182
81
77
69
111
30
156
234
96
43
43
65
39
107
128
116
127
93
48
68
83
133
61
128
33
70
158
71
129
83
94
61
99
32
159
190
100
91
77
129
38
78
100
70
131
137
31
187
154
120
193
113
52
118
97
92
110
124
77
187
50
66
102
113
108
139
133
43
39
86
86
42
109
182
97
39
96
83
42
50
213
149
143
84
136
78
88
20
62
71
45
116
174
190
123
178
72
87
83
57
88
91
141
74
142
130
286
155
150
98
115
66
84
163
220
194
66
53
15
130
153
97
87
65
140
100
127
71
138
80
179
98
115
169
127
128
138
55
127
104
90
160
138
89
140
84
156
120
134
56
54
185
50
51
173
167
148
52
200
144
53
186
111
66
180
83
79
99
114
332
71
35
5
71
159
79
89
98
57
139
97
39
42
103
176
80
109
57
28
144
66
167
157
138
81
146
208
98
77
47
150
113
171
155
86
192
153
131
134
110
101
94
165
154
28
66
75
25
248
45
193
67
113
182
235
52
67
109
30
135
86
131
141
62
45
96
105
86
151
181
135
95
103
95
145
115
66
36
194
97
102
62
123
123
206
57
141
144
48
177
152
40
51
30
130
92
47
53
72
124
99
130
141
35
24
10
63
26
176
93
82
99
140
37
60
185
100
70
35
253
56
12
67
119
59
188
24
71
113
16
65
73
107
97
90
63
235
96
152
78
138
75
92
70
121
33
157
105
35
169
233
62
237
73
169
199
67
81
98
103
49
126
88
72
119
71
234
77
69
124
24
216
159
164
172
42
198
50
28
59
92
64
166
156
29
47
156
184
39
137
27
21
147
51
151
211
65
64
80
47
111
87
136
95
26
155
127
98
146
205
189
108
132
99
43
84
154
60
106
238
72
88
187
76
38
225
127
65
56
72
134
97
76
63
114
123
100
58
76
182
57
33
79
130
166
67
14
28
197
63
100
199
51
116
111
22
52
80
88
103
146
123
39
72
73
108
164
43
90
162
93
158
67
126
106
65
121
116
166
78
77
89
82
126
108
64
179
352
131
44
34
34
95
45
186
135
139
70
192
36
80
32
136
17
79
112
112
128
33
44
12
81
126
81
94
89
110
55
42
125
116
134
179
98
72
101
212
122
20
89
122
146
176
57
99
163
47
18
24
77
47
109
64
143
103
186
40
180
162
110
155
122
75
120
83
63
202
43
134
189
90
30
141
30
57
135
128
180
201
277
64
20
40
95
55
153
120
141
187
98
71
58
65
128
80
203
120
107
123
191
121
52
141
36
119
124
72
17
111
176
97
71
76
148
37
201
87
23
61
94
83
59
107
124
81
147
23
81
181
168
141
45
66
61
63
193
130
84
63
142
128
125
112
38
159
61
138
57
107
45
11
97
123
78
90
61
57
196
128
63
15
142
100
169
128
51
48
67
91
95
87
161
27
98
172
55
65
21
131
22
93
178
149
22
74
172
172
181
14
58
37
141
108
99
108
95
120
113
71
132
48
48
152
85
152
148
92
81
66
99
185
129
61
49
70
204
22
138
132
101
20
163
96
71
59
161
139
38
72
51
191
89
47
171
121
112
76
85
99
134
99
42
77
83
89
45
90
163
29
189
115
102
81
71
56
76
29
93
107
86
101
47
70
101
164
74
138
80
63
192
92
125
19
107
160
43
113
72
54
76
98
94
175
207
188
119
111
106
122
145
91
45
110
44
45
121
78
22
155
98
73
79
39
98
89
68
122
117
40
128
84
202
106
96
147
201
30
133
152
64
63
78
46
137
91
79
39
95
121
77
63
117
79
205
91
97
213
216
164
97
24
26
38
107
115
77
87
115
67
86
77
70
86
27
82
39
62
77
69
74
130
170
132
179
81
175
170
130
53
131
117
103
106
125
170
154
133
179
159
128
116
101
117
54
119
62
81
127
89
119
117
43
35
134
61
136
123
135
59
24
90
167
77
176
117
189
74
138
131
193
133
63
62
31
180
102
28
72
108
59
53
135
23
41
100
101
112
53
75
141
57
130
148
31
71
174
93
149
97
220
111
117
66
106
105
78
128
30
110
83
92
57
131
80
98
72
64
140
32
86
103
70
90
181
45
201
48
88
106
67
62
103
78
47
108
70
98
67
172
111
120
55
88
57
71
185
28
49
56
144
75
129
152
75
247
120
92
40
62
70
157
49
52
92
75
145
74
119
106
78
220
98
125
90
100
74
99
73
79
145
9
96
102
117
84
60
95
82
63
64
52
194
75
190
11
67
167
171
63
165
41
129
60
12
49
203
79
87
64
77
146
35
82
146
170
156
43
68
142
190
139
73
33
81
104
196
88
101
163
130
34
106
80
47
136
162
177
49
87
175
55
110
214
77
196
102
178
82
162
53
51
25
83
81
29
58
221
80
57
109
100
60
37
57
47
34
119
27
108
56
215
193
79
89
90
75
28
154
175
48
194
44
145
108
161
132
188
144
66
104
110
91
89
39
126
99
89
113
74
180
63
118
85
91
151
199
132
104
191
96
83
157
60
180
50
107
124
178
60
98
108
125
113
28
75
31
20
107
71
71
51
100
156
215
146
158
176
147
136
101
129
118
109
87
104
125
70
34
28
110
22
130
111
117
34
130
86
118
74
62
132
115
44
71
143
126
164
176
152
104
78
139
90
210
45
79
80
114
212
21
50
67
15
59
115
172
113
247
110
130
117
144
75
53
22
75
156
81
38
192
151
115
215
192
67
21
41
143
61
189
26
70
33
122
173
101
38
80
80
239
70
121
66
82
126
118
86
131
43
40
33
76
63
205
104
180
53
58
107
69
38
180
172
103
147
103
88
58
202
113
111
94
236
51
228
112
59
167
42
13
205
182
65
179
155
80
14
116
60
177
125
112
118
42
134
213
42
72
88
90
126
93
59
169
49
79
129
105
155
39
124
52
68
116
100
257
75
83
61
100
92
79
93
250
133
109
99
48
166
34
79
144
111
76
63
97
42
177
110
52
208
208
78
89
93
74
27
256
50
49
47
104
104
119
15
66
139
89
84
121
85
107
101
153
74
147
60
137
107
61
171
147
179
156
25
43
88
40
89
83
150
217
118
168
106
107
55
85
141
49
114
38
134
66
174
89
85
85
34
133
301
40
206
89
214
225
184
197
44
110
44
54
43
69
132
207
131
69
54
95
51
209
97
59
162
74
94
161
105
43
70
76
42
25
95
71
161
73
127
39
41
48
78
202
195
99
94
165
65
78
59
113
130
134
188
26
66
64
136
112
148
93
61
124
115
46
118
197
44
22
88
59
107
154
28
125
169
229
21
136
50
155
18
111
94
43
132
89
149
23
89
108
92
106
80
117
245
169
99
126
107
105
62
68
145
75
21
141
148
170
81
36
49
91
156
171
29
71
50
59
103
33
79
147
144
248
66
213
140
68
165
145
63
61
114
123
102
90
43
185
157
36
96
83
46
126
56
110
122
115
101
159
213
103
129
117
58
57
101
124
78
62
69
113
105
85
154
180
81
95
56
97
96
28
125
30
98
186
76
131
66
122
129
22
73
143
172
166
119
140
148
71
31
189
69
47
38
73
110
86
67
106
143
110
165
171
62
131
192
58
119
176
162
34
109
108
138
108
162
192
219
75
87
68
94
37
64
132
46
138
33
104
50
55
150
215
62
78
118
107
174
189
168
85
109
89
94
74
51
82
106
152
97
179
21
188
92
93
253
142
171
32
67
101
89
51
94
110
122
45
92
91
63
77
94
141
152
136
82
176
85
95
119
66
73
91
57
135
106
57
106
97
137
56
127
27
65
101
57
109
132
223
120
165
104
65
136
161
53
44
128
118
118
141
95
96
25
66
101
15
101
180
139
49
57
92
84
145
94
18
66
129
96
92
169
23
49
91
111
137
38
130
32
227
61
92
52
136
122
174
161
77
215
104
157
149
59
109
116
22
85
129
158
112
31
233
229
160
81
98
40
83
86
69
52
33
168
109
142
46
12
163
56
91
17
39
69
118
85
83
84
129
158
67
155
55
136
89
28
220
64
101
62
168
92
165
63
113
58
92
159
132
42
113
200
106
166
227
48
87
92
122
106
44
162
185
120
64
75
69
165
118
100
11
145
102
97
86
171
72
54
164
92
54
92
62
62
60
214
93
191
112
89
34
86
54
167
73
