222 160
163 195
706 410
768 684
189 257
147 654
400 769
562 14
624 554
221 40
720 50
89 480
389 709
679 583
522 723
547 280
5 799
219 107
588 796
145 296
403 279
583 705
706 655
464 691
465 790
784 89
383 163
41 701
243 68
52 107
538 711
586 165
431 293
407 432
615 10
601 146
51 390
193 619
250 177
312 449
173 586
790 397
143 94
446 573
517 691
475 643
79 521
620 142
193 537
725 100
360 711
796 249
135 175
66 590
101 123
388 716
429 424
727 325
554 688
230 320
790 663
16 526
348 366
17 2
701 405
748 576
218 603
80 58
322 655
452 268
251 247
723 657
553 351
728 242
209 766
739 151
272 388
442 43
31 718
484 609
41 729
793 96
598 13
35 516
471 722
797 196
65 343
559 740
512 628
59 687
271 602
220 726
389 290
270 249
2 340
340 167
728 46
536 46
569 554
183 25
99 620
552 628
559 725
555 271
163 330
696 575
314 435
423 242
362 736
625 192
525 712
34 478
778 498
98 345
248 611
253 583
30 796
659 397
640 774
317 353
301 363
637 347
335 614
600 580
418 774
134 115
289 354
436 325
34 170
283 704
643 726
178 181
781 323
196 555
196 483
480 269
82 8
183 774
249 701
543 294
241 508
310 133
236 557
665 291
519 217
156 235
7 73
541 107
479 42
701 213
441 697
344 200
674 82
122 36
470 530
439 118
151 722
429 166
410 280
147 361
177 193
758 457
575 225
555 139
659 787
800 464
723 750
393 313
416 679
442 724
468 360
617 238
159 568
711 423
368 773
548 661
591 661
374 526
167 481
418 194
214 430
252 427
735 178
270 175
683 409
315 195
415 409
761 402
150 173
393 58
480 653
15 287
800 579
134 403
43 313
354 525
527 731
128 454
665 266
72 164
450 344
617 372
627 781
331 423
748 126
454 398
75 185
327 510
380 732
611 475
345 437
772 641
519 39
1 346
781 647
692 160
289 408
25 668
187 10
457 488
481 210
506 594
310 724
150 786
743 738
153 517
19 501
166 12
764 175
423 602
727 416
44 469
225 456
113 260
772 763
396 412
636 239
212 11
361 232
729 384
545 715
444 6
776 480
79 388
289 296
370 61
677 217
589 460
152 750
170 211
753 700
483 688
673 123
736 422
730 11
244 716
609 697
643 377
213 165
452 301
331 314
769 191
194 526
485 634
3 452
384 347
363 620
716 739
462 619
4 259
585 667
189 592
253 334
665 498
655 674
260 546
297 758
488 675
521 181
51 463
301 417
159 790
182 302
21 78
568 275
538 534
285 24
297 722
649 370
350 300
0 370
748 617
756 720
372 576
20 167
9 598
632 354
229 305
318 66
539 236
569 134
294 729
627 334
570 305
722 360
25 242
341 473
759 108
95 13
260 216
552 321
772 17
389 72
584 513
372 14
695 541
44 199
277 89
88 579
222 479
534 723
684 114
388 378
489 706
211 151
614 408
281 194
449 105
580 59
167 45
175 140
677 360
793 364
607 47
104 783
262 540
119 109
555 333
480 18
361 399
375 56
452 580
154 165
786 297
335 356
337 58
766 618
618 656
608 385
711 0
215 43
299 164
323 174
603 389
656 664
40 245
380 524
456 715
576 139
15 77
737 465
4 190
292 676
386 426
207 208
782 459
231 580
404 182
574 91
33 551
530 92
375 746
180 243
455 114
186 704
464 67
674 292
559 570
697 152
298 428
681 505
726 576
273 588
536 695
776 138
220 172
184 535
285 524
793 403
140 252
192 40
291 520
523 117
116 700
647 21
353 183
286 589
578 538
552 398
18 704
187 304
328 370
166 267
79 154
32 69
234 267
19 372
24 124
87 102
187 239
44 320
138 301
282 389
275 387
224 267
280 379
126 344
85 228
220 278
78 393
152 254
61 111
221 268
80 116
7 212
102 320
16 334
131 249
139 303
86 243
147 368
3 346
58 176
155 327
121 331
36 94
136 146
14 87
282 372
141 183
28 350
177 207
6 208
25 204
126 216
367 395
169 371
277 323
267 292
106 210
13 65
155 245
83 279
16 116
9 218
45 268
23 84
67 153
132 332
28 99
154 285
99 153
241 340
33 56
131 364
160 385
60 71
41 388
114 142
17 258
169 251
330 385
270 383
3 71
15 103
195 387
109 215
176 270
4 104
117 288
358 392
84 169
99 227
12 50
65 346
374 393
20 167
30 383
26 367
182 378
14 110
20 92
76 272
157 327
151 367
99 350
358 368
59 244
281 334
201 348
39 339
52 54
121 143
48 133
8 123
220 299
393 399
25 311
316 355
106 181
63 283
81 204
80 89
89 217
30 44
118 202
73 376
91 301
171 246
309 364
283 294
42 125
1 160
0 330
214 250
144 162
188 342
14 383
10 349
76 106
161 242
232 262
87 256
121 296
39 210
91 374
207 293
4 145
260 289
54 125
182 215
133 262
76 120
101 221
82 394
0 17
55 371
10 152
108 276
256 347
83 231
104 113
69 259
26 179
310 337
101 377
91 138
77 338
67 336
48 225
244 297
133 225
159 193
127 170
9 17
50 129
213 269
20 69
38 309
46 318
8 105
107 157
175 176
206 305
54 206
149 215
29 283
185 351
36 264
271 366
123 313
37 172
58 101
247 398
33 205
65 315
36 231
129 138
335 391
64 239
161 360
127 158
39 280
85 384
138 362
74 281
53 83
149 246
172 271
36 243
35 147
41 187
62 344
68 90
168 266
50 108
134 140
212 370
364 372
178 232
14 323
80 399
21 383
203 379
145 282
57 132
336 342
174 208
147 370
275 366
5 40
109 358
210 280
187 253
108 287
103 310
20 289
191 316
3 211
76 379
183 185
257 302
302 337
59 297
58 110
4 364
81 307
131 372
34 328
46 83
281 374
77 314
2 173
141 326
119 126
88 101
14 251
23 277
315 380
15 299
38 326
169 323
120 203
218 227
34 394
243 279
59 282
107 220
17 317
23 323
105 273
100 172
237 286
67 283
4 59
349 394
245 314
63 359
249 258
212 375
335 366
130 347
38 183
273 313
145 372
1 131
140 387
104 159
222 371
10 96
115 133
233 372
51 73
188 206
214 291
364 385
62 322
80 393
110 320
34 333
125 188
232 319
300 328
161 165
151 351
241 338
206 361
168 169
33 186
204 261
230 304
97 368
191 213
247 353
140 386
19 145
150 168
148 212
28 218
55 168
265 322
295 369
283 359
211 291
209 313
65 192
236 284
218 329
49 378
280 339
75 261
42 153
210 306
57 332
289 344
4 70
95 185
59 104
165 388
147 328
199 361
43 219
203 216
2 304
173 304
203 280
184 239
120 216
239 332
223 374
302 353
163 328
1 372
157 179
14 30
182 204
2 64
14 196
44 251
117 331
198 246
1 188
79 341
257 296
235 363
44 190
45 88
78 80
178 262
15 135
210 363
132 343
51 343
4 249
328 368
141 351
73 182
7 34
75 204
61 295
135 220
134 319
197 243
3 60
103 337
210 235
217 295
249 389
231 279
237 350
148 373
269 305
82 368
92 289
26 395
206 316
76 126
339 344
172 262
335 382
108 129
124 174
124 371
107 367
134 262
98 221
10 254
57 304
5 374
203 306
44 175
257 353
171 236
179 395
303 337
69 158
97 147
115 271
7 328
112 365
291 346
168 208
43 293
146 359
94 269
7 370
153 308
246 378
59 159
105 291
187 360
22 346
77 212
352 395
302 348
288 348
138 276
74 223
165 242
216 344
16 78
134 232
21 30
224 250
54 336
49 254
98 285
300 392
60 346
31 300
119 339
153 329
133 366
177 293
245 345
92 107
77 375
230 388
229 293
52 336
15 139
248 281
86 159
228 307
161 230
30 58
13 315
161 187
91 281
113 243
20 259
77 189
4 282
50 287
268 341
249 342
332 388
12 150
368 370
28 329
186 265
48 366
6 12
130 164
253 360
284 299
20 32
149 228
138 222
186 205
85 182
204 252
98 101
42 336
21 240
34 97
146 283
48 271
71 250
276 287
3 267
88 190
86 193
108 174
58 256
8 313
191 194
26 95
76 203
69 107
73 228
1 342
0 183
106 379
298 317
120 260
93 244
44 383
219 356
156 223
41 239
95 141
70 93
154 219
270 347
50 174
218 350
62 203
44 277
86 213
94 290
79 277
109 246
199 355
77 312
69 92
22 211
216 379
366 396
78 399
103 162
31 162
49 384
1 330
107 158
46 111
11 226
241 314
62 260
312 373
308 329
56 219
111 279
79 263
265 339
92 259
103 135
95 183
185 352
360 365
67 359
6 174
269 361
328 358
82 212
87 196
85 261
110 277
164 224
27 78
42 329
52 131
90 366
121 257
75 307
176 274
326 352
338 375
334 393
56 205
151 238
30 196
26 238
133 386
387 391
2 230
68 266
215 378
152 252
42 330
149 198
66 271
108 222
115 142
77 241
90 115
58 240
75 252
229 263
75 85
221 263
293 356
184 230
312 345
32 259
18 87
163 368
12 371
14 84
182 261
8 380
22 250
22 71
52 330
33 219
179 367
47 215
250 292
143 246
159 243
226 369
0 160
5 271
358 370
7 97
269 355
64 331
33 322
140 391
33 235
141 298
185 326
10 321
233 249
151 326
61 231
250 267
35 109
11 111
9 237
15 303
201 288
178 180
137 281
249 364
275 382
53 369
74 374
139 310
97 148
103 303
29 67
134 178
125 330
127 167
128 361
39 203
19 389
335 396
53 172
106 203
167 322
3 166
56 322
91 137
15 337
294 361
78 334
119 344
254 311
155 375
44 58
56 170
43 79
104 193
117 201
198 302
60 292
46 369
67 308
174 371
321 378
211 346
148 370
16 80
12 168
153 390
215 228
25 384
142 366
80 217
129 276
244 289
216 280
118 267
131 258
121 201
221 285
0 131
78 89
162 299
167 265
256 274
52 125
60 214
325 348
9 286
255 301
106 306
8 209
186 200
60 291
84 357
153 227
173 253
382 387
145 249
365 388
278 358
66 366
45 277
35 358
64 253
25 307
157 220
73 246
155 157
243 290
110 251
255 374
1 258
276 301
19 159
372 389
74 91
123 397
285 313
121 353
223 393
68 362
237 390
113 159
238 395
71 224
253 365
88 268
94 243
200 265
88 377
147 163
35 300
124 169
62 126
347 354
57 331
252 378
327 392
23 190
62 339
186 363
58 102
45 341
122 293
330 342
325 398
187 365
188 330
191 305
288 325
73 343
95 326
122 396
191 355
30 102
113 194
322 344
324 385
224 234
45 263
272 297
49 96
141 352
24 169
71 354
201 257
162 278
203 339
46 197
193 243
307 384
183 385
129 362
373 375
43 268
70 297
64 187
19 233
207 356
133 271
82 328
373 392
42 54
143 198
286 345
50 362
47 252
172 386
274 347
175 383
172 318
195 207
109 171
36 279
74 255
245 312
130 267
60 211
201 331
288 353
138 374
149 261
125 336
255 276
175 240
97 212
202 256
1 249
34 368
31 368
205 235
187 388
136 153
160 330
99 390
131 342
184 331
56 339
178 386
175 347
134 197
177 391
170 186
17 385
126 260
18 102
48 178
58 320
313 397
224 292
46 279
112 360
87 202
16 399
55 108
98 313
227 390
217 399
89 100
137 156
131 145
94 194
263 277
251 357
55 124
162 236
152 333
230 253
312 327
166 224
44 323
90 396
315 381
76 180
71 381
37 114
188 249
10 394
206 294
170 259
144 299
31 147
304 331
188 258
36 113
167 200
1 52
36 111
183 352
153 336
264 279
368 392
186 339
125 342
162 171
41 253
239 304
160 364
201 353
288 331
204 215
161 253
23 45
228 384
99 218
229 266
40 262
270 354
29 199
133 140
55 150
74 156
65 214
42 390
95 367
75 384
15 72
31 163
337 398
139 284
204 384
111 226
108 371
44 240
189 340
169 208
129 301
299 303
136 329
265 344
103 171
42 67
47 358
117 296
237 329
242 253
258 364
5 37
39 106
265 289
8 377
30 320
39 181
66 172
76 280
203 210
10 49
149 236
209 397
105 380
143 296
161 388
240 320
256 270
332 343
177 356
40 386
296 348
91 223
64 288
106 280
326 385
39 207
92 127
249 372
209 353
96 349
4 297
52 160
7 338
180 319
31 109
118 130
192 211
9 99
296 302
105 381
295 399
50 208
118 164
96 254
181 319
63 146
75 321
167 289
176 354
269 316
28 237
62 120
201 296
86 194
5 248
311 349
305 316
11 178
109 162
38 351
136 227
270 274
245 298
47 300
92 238
21 347
286 350
72 310
294 305
138 255
326 351
189 327
93 185
212 338
302 303
80 334
33 210
382 396
298 345
79 377
196 323
229 268
89 399
235 322
102 196
27 89
47 163
5 100
242 360
43 221
180 181
48 134
6 124
29 294
8 397
71 291
28 286
70 309
119 244
177 195
163 358
65 211
194 305
156 374
201 398
95 395
17 324
32 135
77 245
248 374
43 263
306 391
257 288
33 363
72 303
370 375
210 339
20 238
23 251
106 339
113 193
101 176
46 231
278 299
82 333
20 265
65 381
150 251
197 279
37 271
98 377
302 310
90 142
140 232
108 208
39 195
303 310
306 363
56 235
45 251
66 142
14 102
9 350
50 68
91 255
90 382
181 280
137 334
13 380
238 352
43 229
115 396
62 265
115 275
191 290
258 324
1 364
74 138
159 282
1 389
127 135
40 133
26 157
18 202
145 160
94 213
77 373
315 360
156 393
19 282
131 385
240 383
309 351
189 245
61 369
75 149
190 277
38 385
96 311
118 166
346 381
160 249
199 206
26 151
74 137
215 252
5 156
92 167
59 272
296 325
226 231
185 238
84 323
158 238
71 214
64 304
266 396
104 297
82 97
201 302
128 359
53 318
164 202
163 300
211 214
312 375
45 229
11 83
247 325
40 318
144 220
68 222
223 334
192 214
52 188
194 290
37 66
128 294
150 323
122 362
77 327
245 327
178 225
106 216
147 358
120 379
32 170
98 397
23 168
72 201
29 146
117 173
113 282
56 186
3 234
251 277
360 380
134 386
387 396
370 373
156 334
199 336
234 292
294 316
207 335
218 390
43 154
288 296
15 284
223 281
103 139
207 391
75 215
91 156
74 248
252 321
108 124
3 291
183 258
48 319
141 345
222 287
100 295
302 331
28 317
227 350
351 395
187 332
275 391
167 259
93 326
88 221
196 240
30 110
83 369
10 25
151 185
22 291
152 394
31 278
32 265
14 240
199 316
160 342
155 189
112 165
113 233
43 177
68 287
79 229
210 379
117 184
3 224
32 107
227 308
42 342
12 108
111 231
97 333
81 384
319 386
20 158
166 292
333 394
273 315
173 360
96 307
130 202
29 359
76 216
67 146
278 300
184 257
314 345
77 148
36 86
116 399
115 382
111 369
263 268
95 351
13 123
0 324
86 290
165 365
149 182
97 375
161 365
157 395
189 375
204 307
11 279
142 396
22 274
86 113
111 264
235 265
118 256
115 335
66 133
127 265
110 196
253 388
57 143
23 357
55 169
124 208
46 226
370 392
63 136
28 390
192 346
138 287
35 252
5 89
200 205
47 109
88 175
180 232
39 391
143 236
61 279
222 276
186 322
21 130
340 345
126 244
209 273
196 320
139 299
156 255
0 364
62 119
186 235
179 220
327 373
161 173
137 248
40 271
135 158
263 341
5 393
83 226
21 102
170 205
21 256
18 118
322 363
99 237
103 299
145 233
176 256
199 294
29 316
284 337
60 224
187 230
133 172
117 121
2 184
210 216
208 371
89 393
48 142
317 345
41 230
135 299
49 75
11 46
4 160
150 357
8 273
9 317
54 342
227 329
43 356
103 284
47 321
24 357
322 339
6 169
58 383
197 225
300 370
277 357
44 110
339 363
54 188
140 142
168 357
95 151
262 319
31 35
147 392
325 353
32 92
163 392
231 369
333 368
23 263
46 225
194 269
13 381
32 200
291 381
184 288
201 325
140 275
228 261
45 190
39 379
44 84
164 166
351 352
255 362
86 94
61 264
41 332
88 263
70 326
11 197
66 382
6 371
38 364
9 329
23 150
43 341
72 337
22 105
136 283
306 379
307 321
9 227
144 284
239 253
348 398
222 301
185 309
145 389
114 382
19 113
143 331
25 49
294 359
29 54
134 225
40 66
213 290
20 107
52 206
53 61
50 168
9 390
37 133
84 251
98 123
21 176
31 47
107 179
48 172
213 243
142 335
18 130
335 387
166 250
250 291
78 217
257 331
129 287
120 272
76 119
130 256
73 261
57 343
192 291
50 55
285 397
184 253
182 307
275 396
150 169
123 377
242 388
72 348
233 355
143 376
147 212
30 87
116 334
38 70
81 311
97 338
99 308
152 378
185 395
53 100
38 258
38 324
181 232
348 353
36 194
27 217
163 278
298 312
1 145
36 193
300 358
318 369
140 335
17 350
208 222
251 323
160 188
127 200
115 366
207 387
55 208
11 231
117 257
158 167
240 270
212 328
114 396
222 255
143 302
286 298
48 262
254 349
142 382
306 356
158 289
147 300
117 348
148 338
307 378
34 82
226 264
338 370
90 114
204 228
31 358
209 380
256 354
53 217
49 252
58 270
57 239
119 289
130 274
83 111
247 397
262 386
149 378
189 298
25 96
136 308
49 307
4 372
21 87
183 309
209 325
145 364
107 135
89 116
141 317
122 266
130 354
173 230
187 242
152 321
22 214
100 318
13 105
142 262
15 162
83 264
75 182
30 240
296 331
310 398
196 383
96 152
97 370
198 236
11 225
79 221
182 246
70 364
112 242
87 240
203 363
97 392
302 376
305 361
29 336
181 379
46 53
169 357
96 321
22 354
139 337
40 366
171 284
294 355
190 251
21 58
229 341
12 208
57 376
66 90
155 373
190 268
121 348
144 278
234 250
157 373
200 259
6 108
53 295
211 250
51 261
3 250
66 115
36 213
17 330
9 28
61 226
327 375
110 383
73 149
167 260
198 376
11 369
42 99
254 394
126 272
55 174
68 122
287 362
209 247
103 144
22 60
22 381
241 375
142 386
6 24
69 220
3 22
148 241
79 190
64 117
128 206
45 79
110 240
257 348
152 349
194 213
75 81
101 123
65 291
154 221
13 22
166 234
329 390
298 340
71 274
271 386
64 230
193 197
64 173
215 321
32 158
4 389
214 346
313 377
109 236
104 282
26 352
378 384
122 382
284 310
7 82
38 185
0 38
17 28
245 340
242 365
41 365
148 327
228 378
215 246
68 129
40 100
181 216
114 271
32 127
0 385
177 306
7 333
14 320
49 215
50 371
48 140
24 84
97 328
223 248
195 293
287 301
87 110
2 239
102 110
284 303
251 263
120 126
176 347
120 344
52 342
23 169
189 241
273 380
143 171
273 360
110 323
39 306
23 44
99 329
54 128
27 80
64 184
137 374
314 340
170 200
88 277
183 326
45 221
250 346
142 391
26 155
316 361
35 163
2 360
300 368
278 392
119 272
244 260
238 367
377 397
225 262
72 353
33 339
114 115
323 357
183 351
164 267
231 264
312 340
266 293
137 223
274 354
78 116
13 291
156 248
7 368
191 269
261 384
324 330
50 301
131 324
61 83
25 81
258 330
49 204
145 188
44 196
304 332
49 152
90 275
54 199
69 135
94 191
288 302
355 361
142 387
27 100
296 353
152 215
151 352
51 132
179 238
301 362
101 175
173 239
132 239
148 375
119 216
3 214
178 319
173 184
282 297
214 292
286 317
268 277
2 331
129 222
40 48
258 385
320 383
189 312
171 198
65 112
32 167
328 394
40 172
100 393
309 326
92 265
163 370
86 191
77 155
47 368
21 270
190 263
204 378
366 382
84 150
165 360
128 305
8 285
225 386
328 333
120 280
37 100
226 279
121 376
83 295
10 311
20 127
178 197
260 344
27 116
105 315
48 386
14 357
137 255
66 114
17 390
127 259
162 284
248 334
107 238
285 377
91 248
121 288
102 383
134 180
60 250
0 309
247 348
248 393
230 360
227 237
140 319
27 393
203 235
275 335
236 376
131 160
139 162
207 306
50 222
305 355
173 187
175 270
353 398
2 117
230 239
63 308
21 202
221 397
350 390
8 315
135 139
182 384
71 211
206 355
71 292
125 329
204 321
35 47
54 67
203 344
102 240
6 55
12 55
160 324
141 185
37 374
324 364
3 292
72 139
63 67
218 237
160 258
49 81
235 339
92 260
140 262
236 246
79 88
211 381
29 128
95 352
255 287
304 343
154 341
123 285
182 228
330 336
131 188
142 275
93 297
15 144
114 366
67 136
29 206
119 260
52 249
58 175
59 126
84 277
49 321
102 256
2 253
221 377
247 313
131 330
244 272
70 244
51 85
194 355
239 331
195 306
62 235
222 362
35 368
18 164
128 355
90 122
76 181
151 179
123 347
195 391
172 225
195 356
312 314
8 13
12 174
135 259
153 218
329 350
156 281
119 120
192 381
221 341
91 129
155 312
87 320
69 127
19 104
141 395
14 44
41 132
257 325
126 280
100 217
92 158
258 342
132 304
79 268
73 198
146 294
71 346
260 265
207 210
27 399
129 255
4 19
77 340
151 395
12 169
4 233
39 216
189 345
189 314
52 199
133 142
37 40
72 398
93 309
28 298
30 175
71 267
128 316
160 372
158 259
56 363
75 378
233 389
36 290
2 187
8 98
128 199
101 270
108 301
10 307
65 105
135 144
75 228
309 385
117 325
37 366
15 310
0 258
112 161
83 318
46 61
121 302
157 367
295 318
87
122
28
107
50
98
134
143
31
72
80
90
155
58
55
18
90
76
60
241
215
142
151
94
71
64
181
62
51
61
40
130
73
24
100
191
134
122
68
161
84
108
113
132
75
54
115
51
94
74
136
105
129
25
115
75
95
106
123
146
113
141
228
33
93
129
169
15
112
116
77
164
97
142
32
152
110
13
112
57
149
34
63
68
68
198
65
27
29
81
25
38
132
129
180
37
48
121
144
25
100
155
148
49
35
85
238
212
58
76
109
91
116
75
38
22
150
200
179
136
184
41
38
148
141
120
11
82
141
151
59
214
158
16
53
73
161
81
58
64
87
56
101
139
81
68
98
117
174
122
83
77
82
135
14
80
110
79
85
127
85
116
126
99
144
81
104
145
57
115
183
196
47
216
95
155
53
88
184
86
83
131
179
186
147
169
122
76
79
41
28
129
99
130
53
89
154
37
91
42
92
79
45
117
209
51
143
72
110
84
111
90
61
93
93
143
161
46
37
65
120
176
84
91
197
114
150
124
113
119
110
93
104
23
76
111
43
65
116
53
219
150
35
80
41
64
69
29
103
74
79
115
119
30
74
117
113
92
93
44
182
231
75
123
97
156
101
103
101
160
92
181
37
170
52
62
81
73
69
19
69
155
102
168
76
89
82
109
35
80
114
36
213
50
90
76
205
71
45
158
91
63
100
192
150
162
46
91
193
66
76
92
13
78
52
97
129
64
161
163
70
121
40
120
148
164
112
118
114
90
84
237
64
92
162
73
97
58
86
258
150
171
137
87
32
70
19
15
39
120
112
74
106
47
23
122
46
28
138
148
80
50
91
132
69
82
112
82
39
155
83
60
133
51
83
170
107
151
14
74
77
60
102
108
79
63
39
60
58
123
107
113
94
129
120
137
73
82
188
92
92
46
31
156
66
58
107
93
70
81
23
75
91
21
189
192
45
165
106
124
110
202
167
57
154
49
77
93
76
133
122
40
122
49
35
156
59
113
113
45
166
130
104
59
97
105
94
195
164
193
18
59
192
172
105
29
97
100
120
108
111
100
74
74
108
112
87
154
66
170
100
122
62
154
59
69
45
112
115
90
78
180
193
28
96
118
41
58
63
65
174
115
230
86
143
65
93
43
183
98
162
73
59
21
92
105
123
39
95
182
136
106
43
44
104
120
115
156
64
170
50
174
117
240
90
181
192
53
89
44
54
88
81
88
102
112
139
185
100
117
237
182
41
63
66
183
100
192
43
91
192
47
204
94
209
41
74
153
123
26
145
67
65
53
66
106
92
139
216
70
105
30
202
36
19
51
135
27
53
112
166
47
82
73
102
52
76
119
195
163
82
92
121
120
40
189
117
111
132
60
148
150
33
110
189
30
211
24
206
97
116
84
185
98
114
109
63
160
85
60
89
47
90
211
111
172
129
107
65
62
56
52
136
71
96
126
59
128
81
73
99
79
73
115
56
102
75
53
101
278
46
170
193
131
176
74
67
151
20
84
82
85
114
144
154
144
177
174
84
83
31
93
64
182
168
94
169
183
97
48
84
89
172
18
129
82
67
75
144
124
53
73
134
144
29
36
110
75
78
145
202
138
30
82
32
69
47
142
158
45
73
45
103
47
184
128
82
173
88
74
150
85
84
51
74
51
108
76
155
41
50
103
114
138
122
148
123
99
96
50
99
84
61
82
102
69
176
104
75
89
50
108
107
56
95
75
108
88
111
235
120
94
129
25
72
63
42
81
21
55
77
55
77
180
73
163
61
221
130
100
129
40
62
68
153
95
91
90
40
50
77
87
57
78
212
159
48
61
52
206
66
126
128
132
23
89
38
91
120
95
151
31
181
61
29
176
25
166
93
90
36
94
128
26
77
113
147
57
207
158
100
93
89
66
146
161
73
41
65
75
130
209
260
34
65
114
74
132
79
125
57
97
46
151
181
210
24
144
49
59
34
63
169
243
74
94
204
85
148
60
194
102
162
95
94
47
246
94
199
147
166
127
93
48
167
45
93
61
65
196
50
101
72
46
147
188
198
96
171
66
191
132
103
197
44
89
46
67
67
82
80
42
96
53
90
79
155
251
147
150
201
80
116
123
110
116
111
20
169
71
32
131
199
115
38
93
175
82
142
138
144
36
68
127
18
103
114
158
100
55
72
112
175
97
155
127
169
102
93
119
112
68
69
61
34
59
179
75
69
53
98
147
143
53
192
161
138
66
60
61
230
84
104
229
103
98
236
115
126
134
157
66
178
47
224
28
48
104
100
68
106
162
100
33
40
130
131
61
64
90
81
40
150
124
121
169
57
162
24
94
142
122
87
67
130
30
21
158
201
52
126
21
99
125
141
87
164
128
27
44
98
110
67
78
54
153
159
109
105
115
61
113
31
73
151
80
57
156
84
107
32
193
66
189
70
92
91
62
19
182
77
30
75
148
221
161
40
34
86
81
93
41
111
165
186
173
181
73
53
90
111
10
162
126
42
48
88
62
137
36
56
210
52
62
95
198
92
46
46
65
57
121
85
66
32
64
48
146
63
92
134
139
237
160
160
43
127
37
51
34
21
94
90
175
131
122
96
189
91
169
16
114
67
23
111
84
146
103
47
67
78
181
86
34
109
75
74
134
180
46
197
15
185
102
129
171
149
83
86
97
212
40
109
63
54
22
42
90
97
179
158
27
91
164
143
132
171
34
113
140
65
82
67
122
69
130
64
62
59
26
57
101
71
120
104
79
79
25
77
52
119
74
225
156
208
163
128
28
100
91
149
195
58
17
92
62
187
13
71
139
140
138
102
83
108
34
153
104
64
122
80
82
95
60
104
52
64
104
19
152
41
64
83
55
123
109
47
47
133
140
37
57
133
245
101
153
60
22
82
73
58
73
150
87
58
91
156
108
145
87
273
139
88
105
70
85
81
159
107
47
114
111
91
171
29
76
124
136
81
36
77
30
79
116
50
187
85
151
52
38
82
74
88
103
42
75
103
111
66
273
113
146
60
89
145
60
76
35
100
109
97
112
157
114
76
166
28
194
174
183
92
88
27
164
81
51
183
41
104
149
121
52
40
92
132
92
35
128
67
62
65
104
61
139
80
120
84
72
50
124
134
69
66
94
41
20
33
131
128
63
98
165
140
76
81
91
66
148
64
81
120
48
17
21
196
275
96
160
148
165
70
157
24
114
35
54
122
182
93
198
122
124
81
68
91
174
159
128
42
182
79
67
94
73
56
56
211
63
264
35
76
237
102
111
37
83
86
57
171
105
99
31
61
113
141
67
42
119
187
105
75
27
141
76
155
137
98
134
219
156
41
120
60
95
110
15
96
42
93
73
90
102
19
66
101
66
171
54
77
52
32
47
40
70
53
93
167
149
114
195
109
144
32
27
74
99
148
44
95
72
92
41
59
155
44
74
74
84
127
122
110
45
174
67
65
101
146
13
182
84
147
36
72
49
53
82
187
170
139
335
127
57
154
27
125
100
131
84
51
145
73
151
39
20
55
172
100
167
86
93
111
34
101
124
34
49
140
138
76
95
111
101
116
21
89
68
64
125
150
112
48
60
81
70
136
146
26
43
90
85
175
142
43
113
105
155
187
39
42
125
131
82
69
62
47
61
162
73
237
223
138
122
121
85
129
73
183
165
236
127
140
95
111
110
114
100
72
97
83
34
76
148
143
84
117
73
84
195
66
29
96
130
159
73
152
60
138
42
105
73
96
51
43
141
153
90
61
79
98
37
67
18
37
165
140
203
162
176
97
93
183
85
19
77
62
22
113
43
122
91
63
73
102
21
96
82
67
81
153
22
73
41
59
116
113
45
144
83
86
98
105
56
167
40
20
137
125
67
67
52
163
139
132
167
51
79
128
44
175
176
49
150
111
43
155
122
53
58
54
78
94
44
112
38
15
152
85
73
172
64
70
110
100
46
26
32
108
103
128
111
193
160
132
144
48
143
114
160
68
184
67
239
74
131
122
80
66
113
219
47
150
56
115
75
75
194
187
148
160
44
99
26
39
42
163
166
61
98
54
152
65
95
61
205
113
186
78
44
85
103
88
69
121
209
100
90
103
103
87
131
246
121
157
87
84
271
88
17
94
170
63
179
59
130
127
158
84
136
47
91
109
139
92
183
126
133
81
76
125
170
9
145
14
83
109
79
36
121
86
54
101
56
164
195
134
48
92
134
116
122
172
146
84
177
50
136
83
47
115
8
121
105
223
127
61
65
217
56
85
155
74
135
96
69
71
91
73
35
134
183
107
77
59
77
80
31
89
162
75
71
88
64
117
69
110
73
102
97
37
148
121
99
87
97
76
72
63
57
181
149
118
84
90
141
45
76
215
187
117
39
167
156
106
123
138
138
121
41
182
102
135
122
79
95
75
105
32
135
85
115
184
59
99
79
68
136
113
172
148
87
42
74
86
69
57
90
152
109
102
83
71
97
49
63
35
122
84
235
61
134
141
107
42
73
81
133
94
41
93
192
192
89
186
92
100
47
137
98
22
90
92
99
46
69
153
