393 147
736 196
640 95
721 748
42 147
37 0
406 143
621 508
573 425
773 440
333 431
134 304
30 669
407 3
402 727
348 138
425 740
367 85
201 346
654 611
580 778
122 352
659 9
387 686
42 715
136 698
11 80
337 193
157 770
642 173
281 50
34 197
136 709
151 507
28 366
390 120
26 439
242 143
253 314
574 584
1 746
14 781
455 780
789 280
655 52
272 147
629 225
506 786
165 473
603 109
294 712
141 717
152 288
144 182
575 752
538 465
625 160
464 323
324 477
8 397
490 73
414 181
766 795
500 439
328 675
557 613
711 194
229 223
723 617
376 475
257 156
375 736
447 201
116 748
744 318
258 479
432 377
123 218
252 378
5 644
672 554
552 523
752 737
715 224
528 379
413 156
199 17
634 683
107 24
567 82
67 510
406 542
109 218
536 65
242 538
389 105
191 395
486 83
258 565
285 648
451 50
633 458
235 730
799 158
423 545
412 767
726 285
709 490
507 781
493 392
404 623
58 556
353 510
111 771
546 347
635 721
121 691
507 258
719 657
92 373
430 237
588 588
246 412
339 564
156 26
188 191
668 33
484 283
724 324
215 582
198 488
335 492
588 796
497 27
569 455
19 503
246 654
541 405
544 229
70 156
567 718
215 134
330 514
250 200
643 719
693 75
134 256
353 59
223 668
707 565
96 132
175 777
100 379
620 624
598 441
26 580
226 240
676 568
399 310
423 672
353 148
687 17
612 502
574 43
106 117
188 707
112 256
450 434
461 650
662 525
617 727
333 318
371 265
714 267
735 530
265 200
95 183
167 711
365 206
222 260
766 341
556 375
606 472
167 96
254 573
580 709
462 156
590 461
207 276
209 777
529 425
641 165
578 122
261 111
585 369
451 140
48 519
286 605
442 499
274 322
519 433
10 378
213 383
650 444
293 374
252 65
614 198
560 46
230 402
432 635
710 300
414 791
627 668
214 488
624 27
268 100
559 54
681 431
660 273
55 467
449 731
168 31
239 369
388 593
160 552
516 352
560 379
712 552
502 124
346 627
283 322
172 653
612 387
548 795
6 728
234 203
187 790
67 707
575 12
388 365
444 152
51 344
459 786
644 571
724 22
414 7
652 563
367 771
599 343
132 399
396 47
757 116
660 708
62 759
351 583
24 513
328 489
612 256
46 553
615 224
652 141
340 406
732 138
251 521
141 666
684 785
644 65
215 734
588 576
190 161
389 64
217 200
195 37
256 332
69 5
51 617
605 516
731 108
377 164
286 283
264 372
10 515
473 528
417 728
648 641
313 652
431 717
34 589
30 359
222 636
214 258
263 773
288 358
777 176
123 680
495 362
50 751
410 533
160 254
180 167
151 115
94 58
187 216
748 510
519 119
610 242
117 7
727 478
798 86
306 606
734 645
434 127
287 539
21 319
181 54
503 515
405 94
499 692
252 233
744 604
571 25
535 621
260 28
5 754
171 497
650 694
0 486
22 190
234 428
599 690
525 661
322 131
143 623
125 252
188 140
207 342
334 782
575 454
19 480
195 104
776 77
613 741
750 488
434 303
552 92
722 37
377 557
304 339
787 485
34 303
235 23
458 496
149 409
697 676
264 546
251 476
701 181
321 487
289 278
233 489
755 184
134 225
601 243
288 204
608 738
318 68
465 418
54 384
316 51
693 240
333 338
540 223
700 68
532 456
392 23
310 20
576 325
792 710
55 717
258 731
344 744
220 184
413 693
78 126
535 800
719 575
350 341
97 341
684 758
688 117
766 611
210 610
517 550
257 166
89 687
243 101
717 413
232 690
660 361
533 4
76 343
148 379
109 226
218 305
251 340
21 352
76 109
125 235
246 385
106 173
114 226
334 339
123 197
173 218
191 260
193 331
115 364
33 90
288 387
80 157
15 85
189 267
199 230
67 302
186 240
137 225
142 256
214 238
73 116
207 216
118 319
247 380
230 280
152 387
41 234
34 36
6 85
158 370
80 107
39 321
177 294
141 334
186 304
205 368
206 260
96 328
43 173
279 318
205 395
245 270
89 192
175 235
86 183
49 191
284 310
38 347
223 297
88 301
31 176
150 164
79 234
201 367
25 165
282 297
307 348
60 100
340 345
53 361
58 131
45 363
155 258
67 179
171 347
111 281
93 163
262 308
270 365
146 298
49 216
199 358
78 96
5 88
48 224
72 240
227 243
128 210
48 324
145 372
226 248
0 85
12 275
94 354
312 357
65 392
150 176
53 150
126 244
349 387
114 376
124 350
191 356
21 119
65 330
104 351
153 212
269 302
165 379
1 360
83 173
223 254
162 276
103 360
60 228
381 393
199 280
175 318
1 293
43 180
219 338
137 226
215 365
93 238
35 311
140 364
99 397
59 313
181 376
130 359
138 362
40 323
43 128
170 325
195 228
121 153
255 287
34 241
219 326
241 367
77 298
239 343
237 296
115 388
158 171
12 287
117 138
101 203
185 212
86 306
274 306
169 246
78 204
2 191
87 153
24 41
70 141
189 291
10 204
171 279
3 252
39 243
89 93
94 184
356 360
123 131
249 387
137 373
235 302
43 74
38 279
144 364
181 194
19 80
122 355
33 224
50 285
158 343
174 319
100 316
56 206
39 81
255 326
310 353
197 391
0 35
60 216
111 155
196 326
155 196
0 160
141 193
77 146
5 301
202 280
272 350
88 314
230 347
163 214
106 128
96 335
325 341
1 173
57 127
42 286
174 227
169 307
293 356
12 24
195 316
44 389
98 309
75 130
23 159
48 130
144 170
3 62
347 370
294 332
262 372
78 280
18 21
22 145
82 265
362 371
59 367
132 233
139 327
191 206
4 26
161 244
204 386
160 331
117 120
168 209
149 174
109 225
198 297
31 383
22 214
29 389
156 179
223 229
92 166
367 387
98 184
292 386
282 351
182 203
116 231
118 252
207 344
75 355
26 274
146 166
150 383
58 142
4 31
244 345
111 196
300 334
283 286
213 328
208 328
60 93
240 311
117 371
145 161
327 383
230 273
302 361
133 207
14 71
197 309
65 329
80 243
91 297
200 366
254 309
40 378
266 372
110 254
17 147
24 237
171 370
113 151
77 361
355 357
44 345
2 56
29 259
96 249
77 176
225 226
282 315
144 185
50 379
85 240
250 316
122 280
204 280
289 391
107 217
378 394
145 277
67 381
29 356
70 393
132 384
204 261
209 382
86 350
82 353
155 287
158 239
153 284
141 299
87 325
329 341
7 162
42 283
37 70
110 382
175 393
131 256
75 312
194 248
119 249
262 356
181 226
4 327
33 48
312 359
0 316
197 312
222 328
205 215
122 204
231 264
36 59
74 173
218 369
81 392
232 398
47 233
199 273
56 192
17 35
251 262
23 64
97 344
230 279
144 329
134 200
106 210
73 151
87 144
273 347
38 273
70 215
239 261
165 267
263 359
32 116
247 336
135 326
51 177
26 383
23 71
42 47
231 294
183 300
22 266
71 336
87 284
125 381
314 339
38 188
79 275
165 177
1 106
87 329
0 95
141 393
126 345
300 339
132 341
253 323
46 259
143 363
205 365
90 135
168 330
161 372
204 273
124 221
199 347
138 257
199 204
274 301
152 249
55 137
6 278
268 276
251 372
13 100
119 241
211 283
45 215
6 160
205 339
5 306
172 386
298 302
208 280
87 115
197 254
134 182
5 274
77 302
81 282
108 384
247 283
156 381
14 23
52 361
183 334
307 396
204 347
251 360
21 249
42 220
123 223
30 205
46 257
218 362
299 302
11 146
59 241
83 293
51 116
37 339
51 267
25 394
53 92
8 373
105 283
63 315
44 244
194 398
18 335
148 177
4 164
227 303
32 73
192 304
131 312
183 221
83 369
107 348
85 95
110 168
69 357
34 313
202 352
83 360
305 371
53 139
149 243
136 289
162 187
7 246
54 341
93 399
229 254
207 399
63 198
149 385
9 107
178 278
11 241
116 165
84 295
227 385
23 209
51 394
179 188
257 369
91 123
286 382
24 73
262 293
61 85
74 128
58 256
339 395
259 369
193 215
103 277
233 364
88 272
9 303
54 233
144 212
32 177
139 164
161 266
225 295
25 116
310 385
11 21
174 385
14 220
183 272
104 112
8 187
104 198
181 225
40 296
13 147
249 367
99 136
97 195
25 73
97 133
57 117
124 314
197 285
264 332
24 323
134 190
254 285
92 361
107 342
154 182
183 269
187 276
31 327
143 318
216 399
110 229
100 311
168 317
134 137
49 260
157 227
149 310
201 313
93 97
196 338
291 336
312 354
42 108
49 163
194 232
243 268
152 367
63 137
159 168
20 47
115 144
73 294
6 316
196 258
17 374
84 200
101 134
57 343
87 212
311 316
214 266
91 198
174 307
261 370
146 361
355 359
11 166
160 178
164 176
138 371
16 211
148 267
94 359
25 51
182 187
252 284
11 333
102 379
322 365
44 126
90 258
342 348
68 157
54 384
69 131
8 55
35 95
7 80
199 292
0 61
34 201
102 397
116 177
212 329
2 260
24 234
207 320
284 325
217 396
252 364
263 354
365 368
159 209
211 242
34 152
29 46
116 237
95 278
63 109
243 246
313 387
18 222
27 363
57 158
334 381
141 395
168 321
166 333
170 252
184 309
60 133
135 258
200 337
14 283
20 364
85 178
182 337
271 393
19 157
245 374
223 346
350 375
149 319
83 218
189 379
85 186
49 192
104 282
184 354
356 389
220 283
59 288
269 334
103 308
204 292
277 340
154 162
252 341
8 190
66 293
88 124
61 311
229 309
21 387
71 382
225 376
112 256
51 264
129 184
222 292
30 322
228 311
262 277
254 346
28 151
36 367
81 162
198 282
8 154
137 190
24 40
269 381
193 395
162 203
6 61
149 246
363 393
17 316
267 379
100 245
51 165
177 397
90 111
75 359
94 213
25 231
82 377
78 328
55 81
37 141
47 54
8 84
97 304
185 329
68 227
21 367
126 145
263 357
49 266
16 159
272 339
65 153
162 182
25 32
28 73
122 328
145 262
291 379
66 262
302 381
79 155
57 295
109 200
152 288
163 207
85 195
7 187
131 357
347 386
176 327
239 370
309 354
66 369
30 350
255 338
33 213
206 259
45 175
32 165
81 121
85 278
186 228
194 226
233 384
38 179
298 333
169 276
235 381
173 210
52 146
277 389
271 299
149 303
147 270
122 222
25 264
196 287
252 353
199 370
17 95
185 364
61 195
92 176
136 285
370 386
318 381
70 395
28 189
110 346
277 308
101 182
206 257
52 298
84 137
171 358
66 191
142 357
194 376
66 173
14 16
61 186
90 255
57 109
154 232
195 240
213 355
49 344
145 266
101 276
29 191
35 240
71 283
320 344
75 122
68 310
144 265
55 315
125 299
45 143
147 316
15 331
107 396
271 381
116 264
141 183
78 273
70 235
202 222
38 335
167 198
39 268
7 182
136 309
244 340
120 158
221 350
242 384
213 359
122 202
72 85
120 172
137 181
27 331
14 247
252 265
114 295
292 347
7 243
98 312
99 197
44 372
90 281
354 359
153 268
130 324
135 196
161 214
115 140
109 167
124 272
134 162
193 205
80 174
191 389
172 343
230 292
234 253
151 236
80 246
155 255
126 214
56 356
98 197
77 92
24 296
114 194
204 222
11 119
103 293
20 341
144 388
115 170
103 262
258 281
141 339
148 391
33 130
36 196
208 222
25 177
69 297
36 219
156 318
278 331
201 241
18 96
67 175
50 64
113 236
190 373
80 227
175 363
27 160
136 391
269 339
6 15
11 188
112 142
84 190
55 187
70 381
110 159
241 387
200 373
65 121
67 143
145 345
16 42
136 148
94 130
250 270
130 263
245 250
310 319
91 351
126 372
203 396
20 140
56 260
14 380
135 219
356 369
28 51
258 338
133 216
113 253
236 267
98 391
78 199
217 232
303 307
123 142
18 78
73 113
136 197
226 376
324 359
2 161
187 203
119 352
290 302
295 366
1 356
299 334
23 110
26 301
36 326
192 344
92 139
134 373
163 320
54 185
188 298
104 297
46 356
30 375
98 289
183 339
281 326
221 301
5 124
153 243
71 105
294 394
123 346
144 341
52 387
81 315
268 392
199 222
263 355
99 229
90 338
22 372
45 393
212 284
132 364
76 239
63 167
8 337
220 382
271 318
20 132
51 73
385 390
128 180
140 185
16 71
156 175
38 199
120 178
156 188
78 122
156 271
156 302
96 352
58 112
130 328
73 296
95 250
91 223
14 286
227 246
3 265
14 382
165 189
244 372
151 189
64 285
86 124
155 275
221 306
67 188
166 298
206 305
17 250
93 304
235 393
100 133
130 355
184 391
4 383
138 259
228 344
97 228
0 311
52 188
164 300
54 170
100 374
53 269
73 378
10 256
174 303
229 285
67 318
101 162
196 281
53 77
22 161
185 330
4 176
303 385
241 288
1 369
63 351
124 274
69 198
123 254
189 236
326 338
43 106
112 346
92 333
35 316
7 276
137 194
127 343
87 353
16 382
252 388
111 135
129 391
65 321
18 202
93 320
86 272
185 341
36 135
19 68
284 353
151 267
107 169
177 267
66 356
92 298
188 290
13 270
238 399
101 187
202 335
168 382
112 254
107 307
175 271
133 320
101 154
63 190
306 314
290 298
73 394
288 349
76 167
235 363
47 220
46 191
86 205
234 378
297 351
257 259
99 309
47 108
16 105
282 392
55 200
275 287
37 395
81 268
236 291
255 281
16 220
16 242
179 235
63 373
19 284
45 395
206 371
45 70
77 166
60 97
253 378
3 325
157 385
96 122
3 82
8 232
103 251
255 258
157 169
47 242
135 255
84 109
157 243
119 152
169 174
211 247
108 233
96 202
0 178
324 355
102 291
6 186
110 209
67 125
44 145
197 289
35 195
20 384
180 396
93 344
114 181
23 229
111 287
248 376
305 362
239 386
152 241
149 169
129 289
115 212
79 287
3 377
18 208
91 282
76 366
140 233
227 319
66 83
345 372
97 311
115 325
137 295
29 260
39 153
210 218
68 385
218 257
84 226
20 170
82 388
105 380
149 157
99 184
85 311
215 395
144 325
6 195
365 375
117 127
243 276
190 226
55 373
153 246
25 237
242 283
260 389
179 290
139 383
277 360
67 290
62 252
280 292
252 325
149 390
281 338
30 193
10 131
303 342
40 237
224 332
140 341
301 383
87 252
50 102
221 339
41 296
71 211
78 335
37 381
85 316
34 59
88 274
134 337
206 362
152 352
215 368
183 314
95 316
46 305
46 218
165 264
98 129
146 302
50 397
95 270
146 333
62 265
258 275
119 367
121 321
56 191
262 340
143 156
159 283
257 376
277 372
27 278
197 229
105 242
15 278
163 399
182 276
232 248
158 172
8 137
120 343
9 342
210 369
300 383
2 44
71 247
196 219
86 221
54 329
94 129
36 255
116 332
309 312
86 322
55 63
60 344
44 214
64 309
307 342
68 319
130 224
37 334
60 207
29 66
41 378
214 320
175 381
208 352
187 373
52 333
68 149
13 374
121 243
290 318
6 35
28 177
285 309
125 156
237 394
230 370
24 79
368 375
171 199
68 118
299 300
93 228
145 244
43 210
2 214
33 324
221 272
119 288
53 299
39 65
70 143
72 117
68 390
70 193
135 338
153 329
118 377
180 210
19 153
15 35
61 120
176 383
118 390
48 359
300 314
75 354
100 270
138 206
28 236
53 164
332 391
237 253
101 217
163 344
23 286
184 312
147 374
87 364
156 235
318 363
23 380
186 311
129 263
267 397
230 358
204 370
341 364
17 160
47 384
226 232
133 399
80 385
137 337
159 382
213 324
28 32
91 104
115 252
35 278
118 310
12 79
15 95
202 273
112 123
58 75
216 320
170 329
262 360
273 280
237 378
118 284
271 302
141 381
163 216
55 182
34 119
139 150
28 267
115 329
32 51
19 212
106 180
49 56
75 357
258 326
31 139
179 318
268 321
38 222
4 139
204 230
75 263
104 346
261 386
5 26
159 286
51 113
9 396
205 350
39 121
0 240
140 330
162 337
246 268
80 149
212 252
158 386
84 225
32 231
223 309
109 366
143 393
112 312
58 357
136 231
272 322
37 215
253 296
38 358
142 254
256 312
71 286
228 240
234 323
80 169
216 344
162 169
147 368
174 348
227 307
220 242
46 369
128 173
262 389
73 253
119 387
273 279
57 76
69 91
147 375
16 247
269 300
125 361
78 230
26 139
12 394
14 105
2 89
94 312
9 307
90 155
135 281
83 356
65 268
184 197
241 313
147 250
19 121
169 227
109 114
270 316
53 125
72 120
106 369
321 330
57 225
74 398
67 271
1 66
259 305
34 367
38 280
102 177
4 150
17 368
84 248
313 349
231 289
303 348
16 283
213 263
70 175
170 341
29 206
219 281
0 15
50 99
40 41
53 176
35 160
13 245
124 301
379 397
108 242
184 289
6 311
122 208
138 305
67 156
160 278
142 346
96 208
323 378
82 118
149 227
78 202
38 292
198 315
69 112
77 333
0 278
171 172
88 306
107 227
89 216
31 92
142 312
98 263
150 301
241 349
116 394
329 364
257 305
109 190
95 147
23 382
53 334
166 361
89 207
220 286
179 298
269 299
64 71
41 323
149 342
147 365
18 273
93 192
131 142
64 99
184 263
50 291
321 392
123 229
124 306
27 178
168 286
289 397
1 83
63 200
202 208
71 380
319 385
207 214
286 317
7 169
218 259
154 337
46 56
165 397
2 372
170 364
246 276
237 294
111 258
315 351
170 212
280 347
298 361
1 262
202 328
84 181
38 230
112 297
174 342
195 311
60 304
93 133
372 389
37 45
22 126
90 219
144 252
124 183
3 353
272 306
94 391
251 293
301 306
181 295
213 354
208 335
10 357
66 360
61 278
92 146
228 304
121 268
74 180
100 250
148 165
272 314
164 301
277 345
137 200
127 295
257 362
109 137
60 399
40 234
143 235
170 185
114 225
270 374
17 331
302 333
62 377
56 259
35 270
173 369
143 381
36 288
341 388
55 134
32 394
83 106
141 269
17 365
92 327
209 223
325 353
128 398
215 331
54 108
322 368
143 175
36 338
154 203
93 216
2 266
317 321
89 238
46 362
181 190
314 350
125 269
145 389
16 286
99 285
136 397
105 220
266 389
55 190
333 361
111 255
315 392
279 347
156 290
293 360
2 49
171 386
337 373
181 248
139 176
10 69
22 345
42 211
140 317
54 364
121 246
216 238
62 388
41 253
37 175
325 329
34 288
259 362
263 312
148 231
310 390
318 358
34 349
257 371
88 221
140 170
105 247
105 382
10 58
267 291
11 298
86 314
25 294
46 206
203 217
116 294
212 325
87 185
95 311
163 238
196 255
81 276
221 314
235 318
93 207
90 326
157 174
12 234
94 355
8 194
227 342
74 369
297 346
97 100
207 238
1 103
75 213
209 286
35 85
250 374
16 23
310 377
102 165
101 337
171 230
396 398
295 343
15 17
55 337
148 397
37 143
54 140
12 237
15 160
10 239
190 366
45 141
61 178
109 181
84 114
19 149
277 356
154 187
91 254
2 145
123 297
2 389
42 105
49 89
125 302
320 399
104 223
275 394
1 251
110 223
53 302
269 271
13 250
102 236
68 353
2 192
234 296
292 370
21 241
231 332
101 169
134 154
23 283
155 281
89 304
115 185
34 387
2 126
14 211
234 237
10 261
96 222
154 373
8 226
205 272
92 302
32 113
167 366
127 225
123 312
220 317
222 280
126 266
192 260
75 94
114 137
30 365
328 355
273 358
288 313
22 44
328 359
17 270
8 134
159 220
29 305
111 275
107 303
56 389
61 240
288 367
264 294
102 136
222 273
251 308
249 352
201 349
177 231
265 388
6 240
177 264
112 357
150 300
105 211
75 256
322 350
0 6
69 142
20 108
85 160
264 394
331 365
14 159
57 84
123 309
24 378
12 378
140 329
172 178
317 330
130 213
59 201
30 395
315 373
167 351
217 398
67 363
260 356
39 392
161 345
74 210
54 132
91 112
0 195
72 186
114 248
198 351
308 340
147 245
67 235
126 389
179 302
205 375
48 213
76 295
186 195
8 182
75 328
45 193
73 237
28 113
102 267
165 231
193 393
89 320
21 52
94 324
256 357
44 161
129 354
89 344
134 187
44 266
322 375
7 101
21 152
98 354
235 271
62 82
37 269
219 255
319 390
87 170
259 371
72 195
273 335
201 288
22 244
166 176
32 264
74 106
205 314
73 177
243 284
51 294
6 95
112 131
64 380
48 352
107 174
94 98
94 263
129 224
336 380
42 242
296 378
125 271
15 27
50 136
191 259
143 271
167 200
84 194
115 265
181 232
89 163
11 52
105 286
120 127
78 222
45 331
61 72
11 152
217 307
24 253
113 296
199 279
304 344
69 256
164 383
231 391
251 277
248 398
64 229
20 54
3 388
40 253
173 356
78 208
3 144
126 161
205 322
258 287
187 337
176 361
102 148
58 69
99 289
197 354
109 295
30 368
190 200
24 394
224 324
296 323
157 246
129 197
90 196
102 189
105 336
37 193
99 148
91 346
8 181
11 387
118 353
19 246
273 292
125 334
222 335
164 183
52 166
32 294
37 393
36 281
251 389
36 201
325 388
9 348
283 382
313 367
190 337
169 243
171 239
342 396
19 243
8 200
30 215
238 320
148 289
95 160
106 218
279 358
299 381
83 210
131 346
115 341
19 385
29 56
63 366
20 233
29 362
78 292
50 380
121
156
114
100
85
91
152
108
117
59
95
88
136
129
46
70
76
89
196
35
138
68
17
115
22
63
74
109
60
17
114
102
151
80
112
106
20
198
77
154
104
53
147
68
136
110
202
95
47
130
66
91
152
194
187
82
85
86
69
45
212
104
54
185
64
72
155
60
36
98
81
90
47
63
84
93
99
37
99
93
146
218
235
111
211
42
63
28
64
27
109
52
118
77
144
183
163
176
103
114
88
89
120
162
76
116
108
53
122
54
29
107
126
94
152
49
63
110
87
76
110
176
80
120
120
168
76
63
156
19
114
85
82
82
133
83
140
76
152
193
123
166
130
188
120
49
79
146
106
60
118
172
122
164
66
128
166
158
111
191
99
88
158
105
192
109
82
80
67
50
73
131
134
69
135
92
101
117
95
140
101
112
208
57
146
95
152
100
70
56
56
142
96
111
109
36
136
112
78
110
157
48
148
38
135
135
92
78
103
180
101
90
46
60
114
53
180
186
39
103
93
116
70
48
64
147
60
189
82
131
73
145
50
104
114
117
179
75
74
48
128
102
81
26
166
98
132
183
188
52
24
101
34
33
90
112
22
102
79
32
141
34
55
31
96
68
95
59
89
80
48
26
174
35
20
151
52
131
103
118
63
36
28
82
13
78
150
107
120
92
123
78
42
148
51
85
49
52
44
31
92
49
73
67
99
26
119
92
141
56
235
20
94
91
122
31
77
28
114
59
78
43
14
132
68
65
65
8
83
57
106
146
123
96
57
62
51
56
72
66
99
93
102
33
73
104
85
125
80
103
149
102
43
180
89
132
43
156
82
101
100
61
53
54
34
83
62
130
110
26
124
159
51
79
148
145
110
25
230
49
88
138
129
116
163
152
16
60
79
75
81
99
79
20
67
109
133
95
80
171
101
64
75
186
95
79
66
133
146
129
123
117
108
81
124
73
88
121
204
36
72
68
87
108
85
161
66
101
106
124
93
48
103
78
129
79
102
226
42
180
146
95
139
59
61
108
84
211
7
71
79
136
82
87
78
65
81
156
64
162
158
66
119
130
130
201
129
75
55
137
90
137
122
102
94
24
103
76
106
206
95
68
167
149
59
113
172
34
159
170
37
44
31
89
238
13
116
180
167
150
106
63
41
76
166
38
43
211
52
141
103
165
104
111
98
138
74
166
233
59
176
84
135
123
75
147
108
161
71
126
55
92
54
83
127
24
70
85
69
147
160
123
157
97
207
114
74
138
91
45
121
114
95
76
133
65
124
200
12
181
104
95
178
145
126
57
37
73
99
128
109
154
74
37
93
128
127
16
131
105
105
38
41
107
131
55
161
31
54
82
94
72
97
57
30
162
76
71
39
104
92
58
122
40
42
79
45
84
33
34
92
97
88
54
96
120
108
20
174
129
135
86
79
104
154
17
99
162
67
141
152
28
55
83
50
127
107
55
92
105
121
144
135
63
29
117
29
145
59
120
57
191
42
78
107
100
121
196
122
120
124
42
101
153
40
135
80
120
75
82
87
70
56
160
174
71
41
39
104
44
53
154
104
128
86
58
64
140
98
111
57
80
68
172
89
88
95
50
81
107
138
80
161
139
128
137
160
204
169
168
85
20
125
36
161
77
72
74
145
143
108
187
19
65
61
15
61
204
130
123
132
91
69
98
71
153
121
197
97
57
76
23
119
80
112
49
51
64
112
58
115
84
52
48
190
103
127
56
43
56
88
139
35
160
100
80
191
188
43
155
46
85
142
153
71
95
137
57
126
95
108
74
24
68
80
149
120
22
122
97
134
113
85
79
82
69
157
97
35
218
35
79
134
137
107
71
105
71
47
44
98
209
98
73
103
46
98
64
79
38
156
70
112
133
73
195
90
107
59
128
94
98
75
40
157
204
126
101
171
101
154
122
176
93
67
37
60
82
68
195
80
30
93
113
93
89
55
76
76
20
138
115
75
99
126
214
99
47
87
91
71
174
139
150
71
123
91
41
53
50
48
63
93
161
204
61
122
104
101
114
58
63
105
84
127
79
31
157
52
100
55
88
176
128
89
93
95
153
108
100
125
219
172
135
123
92
147
217
64
74
158
34
143
74
158
240
84
135
55
103
107
56
81
245
94
81
153
50
20
107
100
45
230
84
158
74
80
115
164
82
85
104
63
110
106
96
82
135
56
142
167
148
64
78
92
94
146
87
124
63
33
42
161
104
22
110
63
53
186
44
57
45
48
92
46
142
115
68
124
86
108
144
107
92
60
38
45
132
128
59
127
130
52
106
159
74
103
152
126
66
156
133
75
126
141
51
140
107
97
139
119
28
113
35
129
79
105
56
174
73
104
59
126
204
171
120
54
61
38
175
57
43
70
39
151
151
82
120
82
80
78
26
75
114
29
115
70
172
149
166
170
96
18
103
23
88
96
76
63
106
122
59
134
163
60
47
152
60
161
77
152
146
231
168
88
136
151
39
130
8
42
69
59
85
50
119
161
19
70
157
174
67
50
111
221
34
78
25
92
96
84
65
62
158
76
71
93
84
15
62
58
20
96
56
48
50
184
214
88
74
62
84
72
169
124
108
251
50
72
73
98
67
13
53
132
146
135
123
80
198
70
129
116
180
126
68
91
104
82
137
44
110
69
68
66
33
164
109
88
48
90
57
29
48
112
85
94
184
160
21
195
111
134
92
19
34
176
85
382
36
47
75
105
78
66
53
144
86
54
201
69
158
223
50
160
80
109
96
86
89
16
66
65
83
111
34
44
93
145
126
182
147
119
28
233
177
85
109
50
105
90
86
229
62
120
132
64
61
106
93
74
64
63
190
119
132
189
56
87
54
62
198
55
152
88
169
65
106
143
100
205
45
70
148
123
147
131
227
148
117
189
161
63
92
66
96
107
72
158
133
132
48
61
195
47
159
92
81
154
161
189
170
23
83
178
94
58
88
95
66
108
48
121
143
103
68
127
103
81
161
185
191
169
139
149
42
116
125
155
96
106
108
132
68
86
106
97
210
73
203
119
80
102
9
123
96
79
63
108
134
63
116
123
46
49
93
44
57
135
81
154
193
32
78
75
53
44
91
43
149
50
178
115
79
189
115
17
157
150
157
110
128
100
80
107
100
35
92
55
101
133
225
67
122
168
125
27
144
129
74
190
111
148
62
77
97
241
67
104
170
20
126
104
77
16
81
111
195
91
69
57
90
62
146
96
98
93
101
98
72
144
90
76
133
168
204
161
151
171
88
148
275
73
96
178
57
113
124
24
91
51
129
63
114
75
95
208
54
117
88
62
71
85
165
28
32
46
51
126
210
91
153
132
46
53
118
21
58
57
40
105
135
128
138
50
108
73
9
209
56
54
129
45
57
75
33
73
143
69
134
251
14
43
114
129
65
76
30
181
20
150
39
198
67
118
150
128
38
134
24
107
64
37
88
49
69
40
69
19
105
52
223
89
82
83
42
83
54
111
149
118
126
39
135
73
101
28
36
48
91
132
176
54
90
61
94
137
175
29
149
151
33
140
91
84
88
145
78
72
75
154
98
34
93
104
55
77
78
131
52
175
217
121
139
153
109
77
82
67
62
74
92
115
37
18
38
127
113
47
168
165
57
207
33
68
153
32
20
86
55
48
65
129
118
156
114
34
81
124
76
89
128
129
93
97
180
163
72
79
181
214
63
23
100
79
45
32
186
112
96
88
186
67
45
24
61
78
92
204
45
48
101
43
145
26
61
115
44
82
78
93
174
99
45
211
50
160
61
251
144
118
132
20
68
70
157
129
102
102
169
106
139
73
201
117
75
118
60
54
82
67
21
40
140
61
32
64
60
30
44
40
195
77
80
88
128
81
201
88
50
61
181
74
92
73
65
117
153
70
152
84
160
154
105
63
55
169
90
130
17
236
147
98
86
139
74
197
172
61
83
62
207
82
111
52
62
77
60
80
155
54
74
113
108
107
160
69
145
142
207
79
152
86
139
98
110
56
90
195
100
65
70
80
136
117
68
125
94
41
148
142
96
37
57
128
109
58
43
61
75
49
52
143
87
54
192
190
91
120
136
119
86
34
161
47
133
24
226
99
77
82
61
88
153
71
151
71
26
99
104
97
106
184
99
203
144
23
117
66
175
79
21
43
180
185
82
210
62
144
111
99
110
69
105
171
139
53
42
32
154
25
152
113
171
152
174
35
66
143
54
64
92
36
80
63
163
134
156
15
80
84
34
54
20
84
145
104
58
40
120
65
93
34
92
80
83
143
47
136
207
109
94
153
134
114
72
87
41
87
103
98
69
55
71
102
16
55
71
148
108
128
70
190
102
87
163
46
28
156
84
40
115
66
238
124
103
182
74
57
55
62
168
59
170
82
63
68
108
96
92
141
26
67
74
47
86
92
122
113
121
56
35
20
58
90
117
44
152
38
162
94
61
131
88
100
116
45
134
75
77
99
102
128
80
56
177
151
110
169
77
37
169
107
83
197
110
87
127
76
14
78
158
70
17
62
100
116
73
123
32
65
90
166
114
62
