530 32
642 696
589 717
115 389
294 65
398 172
503 623
511 325
196 77
125 175
224 271
600 395
647 382
689 577
707 399
726 131
118 106
695 607
229 67
554 90
40 197
118 1
218 514
383 7
482 583
735 769
541 469
162 267
276 572
399 689
633 252
530 26
742 324
516 683
620 235
220 455
48 426
363 49
790 120
733 467
293 727
400 115
117 16
638 338
390 735
510 192
39 516
24 432
47 439
552 735
748 144
503 237
675 733
349 183
195 111
266 182
222 647
390 9
523 417
39 527
501 518
645 18
573 436
598 779
355 544
234 499
497 424
406 159
606 190
609 165
188 20
775 707
690 33
569 751
444 796
666 406
622 299
371 611
418 263
579 616
601 50
298 752
69 340
13 110
604 117
540 463
36 347
161 549
112 525
552 257
682 20
487 222
510 690
198 633
72 271
173 401
96 489
248 555
2 509
453 535
480 664
52 201
260 319
217 386
146 222
570 293
635 367
14 506
183 72
392 669
317 132
85 669
327 296
135 305
722 335
419 3
608 640
53 552
765 382
514 439
339 487
520 461
314 157
686 398
762 549
341 73
401 646
490 174
131 67
261 305
305 30
707 417
31 5
392 147
730 618
408 550
792 98
245 586
239 702
153 758
10 241
666 568
241 655
203 83
745 48
463 131
341 126
145 181
797 420
587 149
761 198
176 354
418 488
51 339
615 134
382 243
231 118
482 454
400 757
190 424
298 353
711 467
160 562
207 211
761 387
602 30
569 219
608 759
196 695
712 514
207 343
198 139
536 567
224 93
102 587
364 395
31 282
423 332
320 355
534 435
71 397
73 551
325 724
12 197
291 800
642 121
62 636
57 351
62 56
784 735
409 136
106 768
403 668
340 222
76 247
243 273
50 135
755 798
427 50
221 666
55 332
309 80
555 729
206 566
775 148
152 329
358 529
501 632
159 202
353 717
248 762
321 593
319 520
570 511
308 70
686 430
185 458
4 98
133 58
203 608
42 232
1 9
298 320
127 424
575 209
13 345
21 305
571 556
667 578
374 783
166 432
796 245
210 596
27 701
632 226
68 321
472 757
776 206
411 363
293 640
241 423
494 312
444 733
218 370
1 306
648 750
549 358
725 354
657 415
452 177
363 239
545 131
717 743
154 347
320 415
107 96
190 592
698 670
364 656
711 482
76 676
336 352
728 182
1 268
27 107
258 277
297 757
720 169
13 188
591 464
319 392
108 261
623 57
681 561
646 165
82 410
792 791
147 377
431 799
658 68
438 209
34 222
370 267
349 337
593 756
590 234
318 665
432 343
577 96
596 596
710 677
624 633
735 625
520 171
547 630
120 399
542 777
383 667
789 737
691 134
323 258
635 647
675 305
158 150
203 503
765 794
411 86
471 298
0 182
457 55
296 429
724 290
201 177
54 386
23 401
340 654
751 49
3 483
322 451
208 275
608 677
19 347
488 579
477 549
543 457
698 703
438 3
413 128
478 639
7 390
157 176
260 6
718 430
409 651
663 29
0 567
625 680
406 39
300 503
713 770
223 705
796 180
429 645
78 8
734 393
582 46
522 191
17 720
242 750
535 206
98 11
367 365
760 581
477 686
38 103
789 538
467 100
511 80
689 268
269 334
206 262
666 589
36 40
604 382
395 166
324 544
215 586
526 577
771 388
759 294
316 458
211 716
547 775
318 231
532 416
149 417
646 290
795 352
477 558
408 293
41 744
682 339
224 495
127 679
222 363
458 597
527 605
591 229
386 637
502 534
108 338
427 146
375 252
724 463
333 756
497 123
167 735
729 559
670 557
189 265
352 397
116 320
261 270
251 288
12 131
126 315
192 388
108 171
130 331
33 202
67 133
73 245
68 274
236 278
115 198
168 340
16 255
37 337
153 235
30 302
147 208
91 293
51 349
44 278
109 342
50 150
66 121
163 399
135 323
234 376
61 72
97 256
54 173
17 292
266 394
152 206
47 329
59 98
81 348
92 207
114 311
83 264
303 312
150 262
17 141
20 140
68 285
32 118
298 305
315 388
16 354
125 130
170 253
41 190
83 308
115 306
276 298
91 280
234 387
96 117
81 182
162 232
78 155
12 248
42 362
16 108
178 359
270 370
29 109
46 96
123 131
121 374
204 262
108 143
61 345
107 335
46 317
145 309
30 34
113 390
169 273
40 209
24 328
291 361
120 206
282 300
188 264
342 385
131 259
29 342
140 226
68 149
56 168
129 360
110 201
66 119
36 48
197 252
297 315
17 257
206 211
141 397
8 143
155 282
99 389
77 365
189 197
98 117
194 281
241 287
212 338
136 316
45 166
170 384
29 333
110 122
24 367
238 287
209 258
63 167
255 354
217 308
349 387
301 336
88 162
203 219
15 136
22 304
56 371
84 185
149 224
306 326
160 222
77 297
138 210
134 361
236 242
258 342
138 142
310 370
56 366
106 123
203 256
42 132
33 49
211 315
47 275
104 399
14 248
97 219
179 374
76 376
14 161
61 90
37 125
354 362
2 63
132 350
33 92
172 378
43 363
129 359
47 98
8 70
272 334
175 254
40 138
219 366
161 169
5 280
117 186
155 300
86 314
46 48
53 122
188 221
225 321
253 277
221 343
211 365
114 164
65 382
132 221
302 311
64 120
58 157
12 14
125 214
348 371
268 281
53 250
218 255
81 266
5 41
22 203
35 159
79 320
108 218
21 132
197 298
99 378
172 289
90 334
95 223
359 384
229 266
58 246
190 249
149 288
265 360
275 313
195 319
237 267
95 103
228 397
87 256
1 320
49 92
137 203
253 295
43 376
11 246
235 271
18 108
338 370
306 391
287 379
376 381
24 60
252 290
143 156
73 202
47 180
155 280
53 146
236 353
95 159
323 385
69 149
322 386
290 325
81 394
17 352
145 306
304 382
201 214
83 217
90 144
27 113
5 250
55 110
116 291
250 373
249 327
267 299
237 262
64 206
59 117
162 174
18 331
62 121
140 268
103 230
7 89
170 205
48 313
42 350
10 170
139 340
175 178
11 363
127 249
120 212
164 368
212 370
172 389
5 249
199 232
272 288
190 391
37 214
118 164
83 354
63 296
40 286
206 365
40 348
84 279
183 196
71 276
10 163
226 321
153 244
68 387
46 117
219 232
41 133
397 398
202 320
38 316
172 323
192 342
163 208
15 341
90 272
24 385
27 104
126 388
78 379
26 324
313 314
191 383
100 353
5 364
101 194
289 398
2 284
23 37
59 317
302 381
149 251
236 296
88 181
14 39
69 185
14 381
161 332
333 388
27 319
174 181
182 209
169 355
131 344
68 224
314 321
37 41
19 288
86 321
282 283
49 202
227 367
188 350
288 357
39 161
38 341
35 103
151 170
247 369
0 19
72 316
82 180
8 18
231 262
23 57
257 325
75 248
217 264
13 361
58 66
143 173
307 379
133 391
208 303
62 374
6 353
69 154
15 150
206 338
39 332
140 176
77 192
232 366
159 243
45 51
27 360
314 329
30 234
47 314
167 284
124 397
62 119
260 347
33 328
268 308
105 387
104 330
74 236
228 398
28 232
342 353
209 315
273 397
275 375
334 345
226 263
53 193
186 233
20 183
1 290
272 345
296 372
33 207
267 274
95 170
332 344
130 201
350 362
261 359
30 387
64 212
43 302
360 399
50 299
68 84
132 362
44 229
216 304
112 392
18 156
62 269
56 93
191 233
100 207
153 390
361 398
226 244
284 296
77 109
92 328
284 372
87 88
95 151
196 264
297 333
180 313
135 152
140 183
86 187
118 148
79 301
280 364
63 284
84 272
87 162
97 203
140 308
117 181
356 357
129 195
289 291
176 235
272 279
134 352
260 380
0 31
64 365
122 146
78 282
42 70
76 106
170 359
56 239
191 396
86 313
14 164
127 280
183 220
273 352
3 205
255 350
71 298
67 249
151 384
166 224
182 315
31 165
7 287
6 385
50 136
3 375
216 230
176 200
127 293
313 321
194 271
134 292
3 275
58 179
5 190
62 324
35 240
104 360
122 193
84 274
114 302
70 331
56 142
20 281
59 107
15 299
257 292
158 182
77 315
12 381
34 234
153 225
29 209
32 302
196 308
141 398
313 329
105 166
255 303
153 313
32 114
323 378
153 226
151 253
57 326
153 200
17 398
261 283
138 396
125 306
137 142
258 388
62 85
129 222
220 281
75 131
254 310
141 273
70 143
36 47
28 97
104 147
33 353
112 282
28 338
89 285
46 181
152 157
2 202
151 375
20 196
25 189
103 170
38 204
34 285
56 340
83 188
67 364
42 188
28 239
230 375
202 296
97 366
262 267
276 339
83 362
171 312
177 351
14 332
147 163
187 225
29 158
51 91
383 396
34 68
165 334
198 306
66 85
79 227
131 332
23 115
234 358
378 389
257 290
170 243
31 357
115 309
52 336
189 276
111 260
136 341
125 201
68 166
154 251
19 251
49 284
279 334
145 327
238 351
22 382
123 248
210 394
216 240
28 212
224 293
72 272
39 393
204 231
38 144
111 380
38 237
129 170
57 115
215 332
265 373
99 135
103 384
207 385
155 193
259 332
192 258
14 215
48 329
109 333
237 341
25 305
340 371
20 268
133 146
222 265
262 299
195 399
48 317
11 269
275 314
198 356
293 395
10 195
9 303
112 193
233 260
60 323
244 263
39 355
179 324
39 259
178 283
69 285
156 171
204 267
167 296
1 2
78 307
282 392
8 303
76 105
170 277
5 391
159 375
175 351
162 203
163 360
154 185
131 247
88 304
128 143
168 191
48 314
16 303
358 369
146 364
114 381
114 369
83 196
277 390
155 392
196 255
36 187
190 327
18 70
13 141
1 301
65 97
227 386
247 368
245 325
248 363
142 219
50 316
229 278
196 354
43 76
78 91
49 167
208 399
45 395
82 86
18 130
22 216
41 146
14 393
24 378
99 322
90 165
265 359
205 277
126 342
101 281
125 337
101 183
328 386
103 240
196 217
154 288
123 247
208 330
3 295
306 309
32 311
358 376
96 181
5 327
142 239
274 299
321 329
80 272
144 316
57 125
177 287
309 356
213 324
6 100
167 202
2 49
21 42
185 272
59 96
60 389
291 301
22 97
52 252
128 188
378 386
61 185
139 383
309 337
129 319
210 371
116 289
188 354
175 318
212 318
369 377
19 395
13 292
78 392
34 166
40 340
44 74
285 349
79 367
197 339
39 215
309 326
37 130
203 232
64 77
35 304
160 359
243 384
311 369
160 261
185 288
25 197
106 363
54 303
116 301
6 294
36 329
20 194
145 249
89 224
264 308
181 186
158 394
93 203
101 196
193 392
139 168
177 283
80 84
107 317
11 43
61 80
265 399
91 249
322 323
137 256
99 152
323 367
23 326
97 365
209 286
260 383
59 174
112 250
142 232
187 329
1 284
379 392
199 340
91 349
380 383
250 282
203 382
288 345
8 156
15 144
319 399
58 85
24 386
159 384
176 194
54 312
10 319
56 137
1 167
30 76
77 388
51 166
97 304
82 321
197 276
29 297
356 395
113 253
343 350
92 100
105 246
266 348
89 349
254 270
131 161
158 278
25 325
93 142
108 128
0 309
9 147
301 320
80 165
175 370
378 385
75 123
13 398
279 299
45 346
123 332
93 137
78 287
118 377
21 350
257 336
95 295
67 327
38 50
182 229
240 382
84 149
54 108
258 315
223 275
165 279
75 363
62 363
40 210
3 253
69 84
270 351
13 17
6 33
228 273
94 235
9 208
36 180
7 241
340 396
36 314
168 396
209 394
129 265
34 76
165 272
5 53
36 275
138 199
72 279
198 309
101 220
138 168
29 192
134 273
23 125
46 59
13 352
4 130
102 384
30 358
12 363
84 154
63 372
14 114
54 171
100 328
213 227
180 187
207 328
291 320
69 224
210 340
177 379
164 344
58 121
71 290
83 268
35 230
72 90
101 140
11 374
367 389
119 121
357 395
127 349
127 346
1 116
82 390
60 99
110 146
124 355
226 235
66 157
182 286
28 366
74 158
2 167
342 388
158 229
45 349
71 252
167 372
147 330
111 347
229 394
14 75
38 136
95 253
44 242
286 297
151 277
0 357
172 386
11 106
93 232
26 62
263 281
297 342
170 319
24 99
51 346
49 296
287 307
172 367
239 286
91 127
199 371
273 398
17 228
300 373
16 218
193 250
254 370
19 31
119 157
175 270
364 391
347 380
188 343
63 245
91 346
278 394
76 285
142 199
220 268
102 319
80 279
55 122
26 60
0 80
167 245
97 232
85 157
146 214
32 344
140 281
162 256
137 232
159 277
127 251
207 353
249 346
305 339
120 310
87 304
249 280
120 370
123 344
118 247
182 394
55 156
93 256
20 220
200 225
85 213
17 134
24 172
102 178
44 182
179 269
176 281
113 271
150 267
14 131
50 267
322 385
164 247
348 396
116 336
273 361
19 80
3 313
317 335
113 235
84 345
79 116
168 371
185 279
73 167
85 269
79 294
40 394
112 222
250 300
103 243
82 200
154 299
264 354
289 361
5 67
18 54
113 205
186 347
234 285
309 357
19 345
6 92
138 340
210 348
178 261
15 185
187 200
139 371
8 173
234 274
80 345
63 202
293 349
13 169
93 219
44 394
119 324
14 368
118 368
131 393
99 385
140 194
206 370
258 297
127 395
50 262
98 317
245 336
96 223
328 353
155 373
76 302
93 138
65 338
81 209
247 377
45 91
65 203
75 215
88 96
255 343
8 54
107 117
146 201
159 240
189 305
32 377
187 275
103 159
87 203
110 133
241 246
44 209
252 298
52 167
249 391
16 128
143 171
35 65
160 254
151 243
46 107
156 173
72 80
22 87
25 339
112 265
318 370
211 239
121 324
34 69
185 299
231 369
31 345
17 397
67 391
119 179
265 319
53 373
153 321
69 387
39 169
172 227
178 254
43 106
189 298
105 285
60 367
86 200
30 68
21 218
22 65
79 291
327 364
231 311
13 273
102 222
160 351
328 385
171 303
117 335
324 374
356 391
36 313
328 342
224 387
202 284
202 372
85 121
21 343
264 362
28 137
298 339
78 177
37 57
55 312
20 308
112 261
39 148
270 283
172 322
120 254
7 246
302 376
181 335
41 364
89 105
332 393
60 121
46 98
260 396
368 377
30 376
131 164
186 380
89 387
180 275
113 151
138 348
172 213
153 187
6 172
176 244
21 188
109 258
34 387
11 75
314 317
142 366
101 268
127 391
175 261
116 294
166 387
168 383
68 234
333 342
161 393
251 395
127 145
198 337
60 172
163 319
23 337
285 387
322 378
112 283
200 313
84 288
192 333
1 52
148 377
47 313
301 361
355 397
102 129
3 180
111 233
104 271
111 383
306 327
131 215
63 73
195 359
209 297
198 326
34 376
176 226
13 228
141 169
115 326
183 281
162 366
248 332
74 229
228 361
112 160
251 346
42 255
240 384
251 349
139 396
159 230
310 318
206 212
196 268
94 176
85 324
115 337
40 81
162 219
64 211
43 75
216 382
86 153
258 333
165 345
250 379
34 89
55 373
56 256
223 277
46 335
98 335
41 337
319 360
209 229
30 285
81 210
7 51
148 344
183 308
10 102
11 62
204 237
38 150
60 378
69 234
132 343
43 381
199 219
210 266
88 117
135 378
35 216
222 300
215 393
219 256
185 274
52 339
100 333
292 397
208 312
195 360
193 300
53 67
125 146
158 242
124 134
318 338
249 293
22 35
191 380
28 365
103 151
128 350
11 12
3 390
26 269
187 313
113 399
257 301
112 178
51 127
166 234
25 252
172 294
235 390
303 330
228 291
216 223
149 293
238 379
159 223
82 313
23 130
128 255
24 323
4 173
77 258
367 386
21 70
89 166
166 349
2 372
140 220
134 397
282 373
158 209
133 364
94 200
98 181
270 310
256 366
93 199
109 192
120 338
302 358
27 205
192 242
139 191
41 327
77 126
249 364
221 362
294 386
40 184
69 274
64 338
175 283
66 374
128 218
332 368
371 396
168 348
184 348
25 276
151 205
79 172
6 322
68 154
160 310
58 62
227 289
338 365
108 156
56 232
6 328
190 306
19 84
12 106
186 383
182 266
371 383
65 216
122 201
27 163
183 268
41 145
147 303
171 330
24 389
81 184
188 255
112 129
16 147
247 381
29 126
164 332
155 250
94 281
230 295
49 372
160 178
51 307
56 219
3 277
111 186
58 119
2 320
250 392
15 262
48 180
166 285
102 195
120 318
194 220
259 393
175 310
120 365
239 315
4 331
245 284
48 107
111 174
71 189
93 366
21 128
2 245
253 390
238 283
240 243
30 166
52 257
37 115
9 330
87 219
23 198
111 396
25 298
224 349
361 397
197 305
33 100
277 295
195 222
47 107
138 266
3 95
134 290
87 366
129 160
14 344
207 294
26 119
77 211
322 389
19 149
343 362
82 153
224 234
16 54
311 381
15 267
61 279
92 202
204 299
155 379
15 50
95 277
124 169
73 320
138 371
47 48
295 375
163 195
50 204
297 388
252 257
169 398
145 356
8 218
193 282
90 316
86 244
192 297
44 109
13 397
71 197
32 247
118 131
180 295
124 352
169 259
200 321
95 384
222 283
149 185
29 242
74 242
178 222
41 306
58 324
85 374
48 96
9 16
145 395
160 270
9 312
19 154
57 306
222 270
41 67
235 321
1 325
86 226
209 266
168 199
293 346
29 44
135 206
373 392
55 163
53 364
310 338
109 209
252 339
215 248
145 391
45 293
0 165
171 173
200 235
175 238
287 351
231 237
10 129
57 198
37 198
289 301
223 295
28 211
47 317
94 194
255 264
93 383
54 143
3 223
114 118
242 278
6 24
102 359
225 329
95 243
89 91
4 214
184 394
6 207
133 327
132 188
28 203
225 314
191 347
109 315
46 88
207 367
61 165
94 226
87 232
52 245
177 307
10 399
233 347
56 199
35 95
294 367
161 215
164 377
186 260
16 188
168 210
9 104
254 351
142 371
44 192
166 346
102 170
150 231
64 135
163 330
18 214
67 280
5 133
122 133
4 110
53 155
12 75
53 133
75 332
189 339
10 265
326 337
86 329
200 390
17 290
165 288
29 258
72 334
220 271
247 311
75 106
45 251
92 353
270 318
184 210
227 389
56 138
218 350
216 375
215 259
204 341
110 214
85 179
154 274
70 108
95 230
97 382
320 336
14 123
41 391
224 285
95 216
8 171
233 380
130 214
137 366
163 171
82 235
224 346
26 58
108 173
79 289
8 128
325 336
79 386
367 378
5 155
81 138
117 317
99 323
203 366
218 343
33 294
233 383
124 292
247 344
133 249
211 286
346 349
12 43
306 337
75 344
78 250
243 359
174 260
225 244
42 128
300 392
24 207
57 337
159 216
90 279
98 107
48 275
306 356
222 359
190 364
328 333
51 89
232 256
39 131
112 373
118 344
145 190
114 344
126 192
267 341
15 38
86 225
18 171
205 390
104 163
53 110
58 374
180 314
283 351
26 179
282 379
67 145
180 223
19 357
4 125
42 343
251 357
280 391
45 127
117 174
275 295
71 339
145 357
52 290
29 388
66 324
136 144
51 241
123 215
150 204
322 367
149 154
217 362
292 361
106 248
191 260
222 261
122 373
111 191
279 345
8 108
110 125
42 218
327 391
27 208
100 342
31 80
88 174
67 190
178 270
17 291
3 230
205 253
82 187
11 248
3 151
176 263
158 236
261 351
312 330
17 273
183 263
190 356
187 226
150 341
26 121
77 333
290 292
131 248
211 212
262 341
22 366
102 243
207 386
118 332
68 349
358 381
68 69
177 241
289 294
5 193
189 252
73 372
220 263
50 341
17 301
4 37
156 312
61 272
252 325
93 340
212 365
60 85
13 124
36 317
71 305
265 300
188 218
163 312
14 247
177 238
4 18
142 340
37 306
178 351
32 381
27 399
95 375
109 297
74 278
15 316
78 280
120 152
26 213
121 157
94 263
101 308
262 274
223 230
44 158
10 27
6 386
254 318
214 331
84 251
352 355
141 228
169 397
252 305
65 304
66 179
7 307
0 345
128 343
327 356
102 160
45 224
53 392
37 201
244 321
277 375
283 379
188 362
207 322
251 293
133 190
292 352
52 325
114 247
80 334
82 225
97 137
18 173
245 339
26 85
148 368
126 297
161 259
223 375
241 307
1 336
20 94
106 381
80 288
254 261
49 63
49 73
70 128
174 186
12 123
59 335
176 220
230 277
62 179
104 312
25 71
150 237
245 252
193 373
187 390
14 118
323 389
291 336
54 156
12 215
239 258
325 339
119 374
73 296
311 358
105 376
228 289
16 196
126 333
27 271
72 165
6 367
187 235
220 308
240 310
76 381
160 283
60 322
4 201
322 328
225 226
340 348
13 134
109 388
187 321
112 300
144 334
217 221
137 219
142 168
59 181
54 330
121 179
203 304
1 291
104 303
64 152
140 263
26 374
35 382
94 271
61 334
217 354
109 126
116 361
85 119
169 393
215 344
133 306
50 237
15 204
246 374
134 257
258 286
276 305
7 105
1 245
104 208
45 249
246 363
149 274
213 389
70 218
195 265
102 265
2 336
86 235
24 322
10 360
157 179
18 143
1 257
344 368
147 171
281 308
286 315
200 226
2 73
32 369
72 144
40 266
73 284
108 255
123 381
213 269
93 168
148 164
184 266
231 341
17 361
100 385
87 174
188 217
269 324
59 88
20 101
136 204
25 52
126 258
94 220
107 181
242 353
40 182
141 361
34 224
147 312
62
39
109
121
190
107
93
90
144
176
46
227
76
74
91
39
38
97
71
124
31
168
63
131
90
107
74
141
195
142
73
95
58
85
107
117
103
49
84
148
73
23
136
103
140
80
91
141
177
134
172
94
92
26
130
177
94
138
117
226
68
75
76
57
195
140
150
177
34
153
75
138
67
35
165
142
63
213
59
128
147
119
116
111
97
117
103
165
121
98
130
66
59
102
110
46
36
194
62
140
97
109
22
48
85
150
84
181
114
161
34
187
100
61
57
51
60
74
165
55
100
174
153
100
148
116
90
34
140
76
83
185
58
149
138
116
69
98
79
86
143
143
75
208
81
124
79
136
59
94
44
60
119
106
63
148
99
68
25
171
148
66
239
171
72
78
93
33
49
159
244
122
59
223
45
85
8
48
159
83
80
28
63
153
108
137
98
46
72
43
118
128
7
72
71
81
71
81
126
165
52
110
46
126
120
232
162
125
56
106
79
101
142
109
123
77
104
62
93
63
108
181
203
47
100
139
56
129
182
166
95
43
59
77
93
103
66
53
69
119
77
55
206
133
33
12
40
206
121
145
157
45
107
127
125
107
40
40
128
94
66
151
87
171
135
71
53
181
115
65
27
69
112
26
147
136
63
190
102
63
155
16
74
70
197
74
128
112
104
241
125
48
134
116
69
21
56
96
132
111
136
73
59
242
139
50
61
34
67
12
97
234
25
13
123
142
98
69
59
95
103
218
123
87
161
194
108
67
128
107
76
161
57
56
59
101
49
40
174
17
81
150
200
38
115
194
41
192
168
108
86
52
183
8
52
31
54
74
44
43
188
72
73
100
124
85
199
149
59
126
85
31
125
64
49
30
66
40
15
80
59
195
61
32
153
80
86
37
191
126
172
97
197
195
72
96
167
79
182
117
7
130
114
162
47
134
143
152
143
98
111
26
90
195
101
109
120
80
137
85
51
297
93
142
91
55
114
161
156
94
101
116
105
76
44
114
87
52
71
77
107
71
70
36
108
164
56
115
100
124
150
89
48
92
14
76
106
67
71
154
188
75
194
112
93
140
72
83
118
234
61
83
125
21
171
209
183
138
128
65
44
115
50
81
103
18
56
47
79
111
85
121
160
92
79
73
50
51
41
63
109
198
81
155
27
112
96
188
77
14
70
101
89
96
63
25
64
27
89
18
153
25
190
129
85
55
53
53
20
122
69
24
102
67
53
108
116
54
88
65
109
181
74
197
141
91
65
89
66
97
75
20
166
167
25
75
74
33
169
141
104
79
98
147
99
177
55
116
89
180
96
153
84
32
73
199
71
33
74
112
161
152
93
31
147
78
122
197
86
102
79
127
98
59
41
172
66
87
70
119
29
264
119
202
215
72
72
33
219
64
29
110
140
138
75
63
107
42
83
45
28
53
153
122
109
115
150
102
109
191
115
23
93
132
66
82
50
115
29
56
99
96
48
81
112
136
115
35
220
79
139
109
94
45
108
76
84
81
152
210
172
75
113
148
72
79
156
123
94
14
154
155
18
72
54
83
149
156
70
181
164
177
172
69
36
69
123
105
157
204
90
166
185
84
134
71
97
127
91
120
44
39
102
102
75
56
159
56
161
27
23
61
39
122
144
72
88
165
115
69
6
179
39
73
153
110
68
121
23
155
74
34
44
58
115
126
137
302
101
96
150
121
112
130
116
148
195
158
93
89
66
170
83
111
198
115
149
146
122
53
130
74
86
19
69
82
71
91
75
95
44
90
154
62
110
115
114
125
189
140
155
126
227
153
185
74
157
151
193
147
56
136
114
102
133
96
97
128
164
100
122
182
165
79
84
72
319
72
73
128
70
105
59
143
126
187
159
92
27
102
74
81
82
138
206
131
79
64
87
117
32
78
140
102
161
51
99
154
105
89
68
115
55
103
57
103
90
58
82
124
19
119
170
177
101
60
204
118
43
77
136
214
103
78
45
75
105
143
169
121
70
58
92
61
88
38
71
46
46
34
172
57
53
100
55
130
63
120
98
108
64
56
91
115
40
179
100
15
162
84
67
157
123
60
105
112
81
58
94
118
35
72
161
113
103
32
106
163
164
150
41
86
76
70
51
112
128
47
95
78
121
56
38
133
58
151
111
62
84
99
98
81
103
67
13
212
49
119
32
59
74
192
84
118
79
71
63
127
141
102
168
68
94
55
122
25
49
77
90
34
104
52
81
37
78
100
47
73
89
92
56
125
114
293
198
39
97
150
94
72
78
139
74
100
76
193
127
67
99
80
139
197
162
139
147
126
173
52
86
72
53
67
168
121
94
101
166
86
127
121
130
118
173
79
112
27
64
62
118
158
60
85
129
116
166
183
217
47
73
102
109
123
54
133
67
65
43
22
160
35
163
22
123
37
257
66
123
67
163
40
33
26
196
54
171
47
73
55
157
52
168
70
80
95
177
22
129
72
144
114
48
58
103
55
202
106
78
183
159
83
100
170
203
52
138
45
43
97
69
173
139
64
144
162
70
90
70
208
196
112
92
101
54
91
65
82
172
82
36
61
100
145
22
91
24
111
36
213
84
157
100
159
72
23
75
157
99
147
93
46
72
35
14
87
150
51
203
71
32
60
62
134
25
52
190
135
90
72
64
126
81
139
71
126
95
20
82
95
98
164
204
79
100
91
164
116
108
61
190
122
65
176
129
51
96
106
53
286
83
72
69
171
86
51
184
131
113
39
175
99
111
48
53
158
94
167
99
127
87
162
47
132
80
28
26
66
133
40
150
136
56
13
65
118
89
73
36
96
184
106
159
187
16
117
194
72
47
78
26
43
94
139
91
144
45
31
176
42
67
79
100
150
30
101
89
184
97
82
50
40
86
74
110
120
16
55
32
106
115
196
126
29
105
55
164
149
131
167
87
170
88
128
17
121
113
121
100
174
52
94
103
69
218
138
195
75
68
70
69
95
119
71
71
149
57
92
128
206
173
109
53
112
145
141
100
148
74
192
137
126
108
101
123
68
94
71
92
180
179
61
165
157
89
97
56
41
76
162
187
157
163
71
237
54
54
182
56
70
149
126
99
103
82
67
179
134
54
100
131
45
62
109
23
68
111
104
175
72
21
92
109
65
52
205
91
135
153
47
26
189
72
187
78
75
90
168
128
108
119
110
58
52
122
82
65
92
93
34
234
51
222
179
163
119
16
189
55
145
82
77
85
161
127
102
106
128
56
64
57
71
50
111
78
80
40
68
73
40
140
99
29
139
45
40
39
199
61
107
140
60
211
239
32
68
91
107
54
185
145
81
183
169
72
196
167
225
110
87
70
22
122
59
186
97
177
96
149
130
150
66
68
98
135
97
90
146
26
172
95
73
72
81
69
227
166
58
105
96
141
69
53
58
87
59
30
130
136
39
169
127
85
63
34
150
72
163
99
86
118
88
41
89
115
158
62
128
106
90
72
98
134
203
117
38
74
104
198
232
165
58
129
65
51
117
73
59
120
105
119
81
121
194
125
66
94
84
50
96
128
21
66
96
56
88
74
116
143
32
148
83
71
107
139
51
58
183
136
132
23
129
133
145
28
166
14
67
164
112
132
203
119
112
110
129
69
127
78
59
59
59
44
155
129
79
92
122
215
239
52
183
204
139
83
111
157
103
99
113
133
33
81
112
81
88
116
128
224
57
59
103
140
216
202
107
41
147
170
83
118
43
112
142
203
75
176
106
106
101
147
63
125
88
93
160
46
24
112
50
61
116
84
47
87
121
47
128
99
62
66
185
117
76
96
165
175
203
69
53
84
109
251
178
88
140
181
45
113
140
100
85
125
215
113
59
127
88
35
60
110
21
101
61
60
84
138
103
36
135
134
84
144
118
66
135
126
43
137
128
140
98
19
63
41
54
68
164
64
66
66
88
176
83
63
107
55
112
120
191
55
116
113
94
87
123
62
43
69
173
139
139
139
78
172
189
25
154
84
52
94
138
131
157
30
97
131
107
40
39
97
118
40
179
85
48
104
118
111
137
76
51
61
79
66
205
117
164
72
38
148
124
205
38
87
154
171
115
35
86
115
132
93
196
74
102
83
32
181
152
168
184
76
155
64
102
64
112
86
93
60
83
50
70
19
39
232
157
184
128
50
164
82
143
105
28
79
82
76
173
103
116
28
143
139
91
117
48
146
202
168
78
68
157
143
93
75
195
65
73
63
25
74
56
48
139
143
73
28
72
12
51
30
31
48
70
60
113
73
101
132
102
56
100
154
63
154
57
126
117
211
131
48
136
70
92
104
79
61
76
153
130
126
58
108
70
201
127
102
19
107
197
112
92
113
82
212
97
142
59
123
44
129
167
74
43
57
173
258
64
151
51
207
51
123
159
202
206
30
123
110
100
23
34
27
224
53
142
68
168
181
108
145
156
106
62
169
134
43
118
83
77
157
151
32
68
127
101
15
23
126
39
179
85
135
63
63
98
112
65
134
48
66
205
169
78
97
146
96
190
72
90
143
75
74
102
29
60
122
49
147
157
107
35
42
114
160
