599 771
766 186
280 616
798 474
390 226
597 526
128 204
561 221
487 267
627 786
173 784
186 366
196 24
624 174
2 396
455 727
383 664
502 488
252 205
671 132
571 356
477 554
314 636
376 182
188 550
517 249
381 283
381 624
278 247
147 274
684 792
588 83
766 782
25 23
38 250
194 773
552 744
434 736
7 445
160 508
537 622
609 222
494 281
285 506
480 614
764 800
95 97
333 531
294 398
174 713
788 422
620 474
209 162
739 197
210 61
448 378
17 674
13 2
658 548
265 63
221 510
580 583
202 156
361 114
639 330
50 106
15 564
160 793
398 288
525 431
277 516
138 526
419 773
370 13
97 382
406 593
255 141
777 357
532 624
396 141
108 777
63 298
56 358
652 589
588 150
658 113
524 793
638 681
351 461
722 586
479 371
332 242
634 314
4 144
621 479
120 228
554 456
464 596
78 397
7 166
407 612
335 571
602 619
207 655
668 462
258 220
696 246
497 358
633 749
619 59
323 625
364 722
430 685
66 164
20 760
100 796
654 255
579 757
285 635
451 254
776 169
295 145
688 605
756 484
648 534
249 101
92 48
305 94
134 770
11 529
438 400
282 648
59 786
126 404
736 500
692 56
71 357
483 335
426 586
354 789
788 754
444 741
745 770
270 554
371 288
363 520
59 659
437 374
290 52
329 250
390 152
726 651
573 290
59 198
258 233
686 219
309 477
669 158
87 138
140 761
594 627
523 347
528 221
551 239
486 149
194 298
783 751
329 689
411 683
551 176
608 79
570 512
194 433
725 707
375 485
205 178
108 461
345 594
289 249
180 604
209 322
368 31
616 509
421 113
480 329
721 50
504 773
427 47
665 610
639 15
538 500
763 644
712 797
219 530
339 279
120 370
158 264
407 209
590 725
445 27
362 5
246 54
316 609
404 41
619 568
434 203
749 238
426 689
530 750
19 608
366 548
617 269
712 668
520 643
759 405
677 588
359 206
492 610
513 764
140 268
431 712
262 383
448 769
375 385
160 778
765 209
711 638
652 791
188 446
336 272
199 241
488 423
800 717
471 175
731 638
423 733
193 79
683 566
618 348
78 219
384 762
768 367
290 258
55 291
52 783
41 194
712 158
785 554
509 107
527 102
576 435
587 480
762 420
313 453
73 271
216 340
590 422
419 79
297 36
91 539
642 654
24 135
200 150
775 321
471 462
438 78
313 469
569 760
668 406
720 352
454 247
134 106
565 206
652 225
462 476
512 426
498 726
456 526
630 28
588 281
467 707
730 41
5 71
388 137
403 336
490 33
338 44
314 236
125 557
18 267
297 770
781 361
21 777
339 752
114 634
677 292
370 387
492 168
358 547
418 319
137 283
632 772
537 125
7 476
7 385
74 533
784 392
393 244
498 385
248 147
248 504
96 399
61 484
147 750
323 417
413 218
605 668
52 775
330 742
404 361
391 286
609 364
549 737
434 40
470 362
509 448
190 32
445 152
620 596
397 79
291 361
768 352
717 479
74 431
146 53
699 386
515 36
765 475
123 273
549 772
325 133
308 702
790 731
721 381
584 719
79 483
478 250
350 286
51 610
321 43
242 122
461 327
73 694
682 450
175 739
581 76
217 681
184 616
790 400
279 326
446 71
290 611
696 661
61 333
754 351
291 174
28 293
374 715
628 471
394 372
630 792
642 44
679 683
229 280
537 731
266 282
305 454
242 562
305 320
173 629
634 64
75 176
599 729
188 592
693 475
388 737
304 514
447 453
218 729
422 629
669 765
421 400
775 656
795 774
155 518
775 772
180 163
218 274
471 217
654 472
254 338
154 373
92 211
154 365
18 242
192 227
164 248
11 228
62 175
199 257
174 210
101 202
151 362
59 236
135 281
199 203
129 312
106 211
51 256
199 285
222 235
22 361
23 79
188 226
176 259
111 367
60 193
20 92
71 176
299 369
31 170
134 353
8 351
207 367
49 128
33 261
205 270
248 302
61 160
82 195
52 396
234 372
196 373
335 343
193 377
7 169
78 217
80 159
35 49
278 355
284 319
241 263
51 251
14 333
192 395
264 277
250 325
75 298
94 96
100 177
55 107
18 309
177 298
284 320
124 237
24 310
163 272
134 247
267 344
117 322
170 371
219 338
233 302
89 226
95 300
265 360
136 311
39 288
81 136
89 215
40 217
63 79
213 217
316 344
159 354
332 384
16 111
20 279
6 338
91 229
311 363
63 329
215 237
19 135
356 357
175 350
43 376
88 266
276 280
241 306
69 275
118 167
72 385
30 192
252 335
361 377
24 288
18 178
177 210
128 132
329 360
125 350
70 253
36 267
59 127
10 128
178 287
34 153
110 202
20 107
55 351
94 353
314 376
262 271
24 383
202 361
35 159
81 366
201 326
73 329
118 177
112 168
73 258
183 203
15 207
90 324
284 369
223 314
165 375
39 71
82 333
56 352
154 375
51 104
306 343
45 192
122 234
27 202
157 246
36 382
175 262
7 25
356 379
15 112
368 399
55 369
0 301
183 360
146 317
257 329
80 115
50 241
12 326
203 329
52 309
64 211
98 176
138 210
111 235
115 244
104 353
182 204
299 351
7 211
288 383
164 302
171 368
13 19
214 306
158 245
11 255
53 157
161 308
76 365
152 279
185 371
29 254
15 220
151 212
98 312
4 26
253 386
241 343
31 380
196 230
91 144
231 264
10 313
46 158
25 272
133 172
199 329
21 277
278 380
122 237
193 310
160 204
186 218
135 371
116 211
32 45
111 385
24 394
51 124
110 118
93 245
377 383
164 249
191 226
90 137
136 195
256 321
85 170
162 272
20 238
198 382
133 176
80 313
330 378
61 204
122 362
4 315
81 82
52 262
67 159
198 322
140 166
274 275
96 251
111 167
87 260
193 394
203 286
69 256
84 302
143 193
362 372
14 136
5 124
18 154
0 390
141 240
71 312
0 9
2 202
306 358
54 148
174 266
52 125
85 157
74 176
141 207
305 394
51 94
248 249
5 171
160 213
16 367
177 361
108 382
51 368
13 84
180 375
125 262
159 313
214 241
236 326
290 341
218 339
207 385
231 275
8 346
2 377
189 371
218 322
38 333
194 347
11 133
283 329
41 273
15 280
162 233
23 315
33 65
107 184
89 191
56 348
268 343
5 182
243 363
104 399
170 189
68 320
165 397
151 226
47 70
290 318
128 224
212 234
236 262
6 153
80 128
143 361
41 155
183 327
28 242
216 287
42 351
86 322
336 355
293 385
82 136
13 246
237 328
184 351
141 385
296 391
90 275
123 332
65 282
55 184
33 57
83 102
147 284
59 258
231 325
150 216
20 64
206 246
233 297
111 318
259 305
71 259
221 330
72 139
43 310
4 216
1 206
111 293
132 244
197 398
244 292
90 147
253 376
325 387
41 279
60 394
74 333
112 280
181 349
197 327
81 300
81 254
43 193
56 292
59 349
92 152
135 380
197 216
11 172
29 230
39 259
223 284
66 303
240 367
9 301
17 21
123 247
50 214
54 59
22 131
11 165
123 134
204 328
288 305
226 392
35 354
83 328
243 366
176 394
198 374
127 258
40 61
36 86
3 358
333 345
95 113
269 331
59 201
245 381
285 323
104 182
119 315
291 364
17 190
161 184
58 124
142 395
160 316
103 131
40 160
197 270
88 156
23 205
105 397
89 234
29 165
21 97
32 395
259 394
252 332
44 389
242 373
267 322
91 149
268 335
93 153
149 347
121 365
119 398
8 398
23 150
199 336
65 158
165 373
22 177
168 385
36 339
28 397
1 225
115 313
145 210
233 315
73 286
92 279
116 273
84 355
130 231
10 35
51 384
130 391
98 304
241 335
46 57
319 369
230 373
250 368
137 184
218 276
357 383
55 284
6 29
301 390
7 41
129 209
77 241
245 261
156 253
137 308
131 356
12 236
148 181
104 332
76 350
105 375
131 341
106 295
281 380
89 237
103 383
9 227
14 38
268 353
54 201
168 280
36 198
35 224
27 168
76 262
136 243
130 264
24 39
344 382
162 297
284 299
200 258
4 68
157 273
28 91
73 200
201 349
18 175
114 317
65 113
84 169
72 240
6 196
26 299
227 370
299 320
177 202
112 389
129 305
37 141
117 339
359 375
41 163
187 265
176 333
227 301
221 255
88 376
164 297
113 261
94 368
6 113
252 358
135 278
127 349
43 70
137 161
236 334
173 212
345 394
208 374
209 348
73 349
6 158
101 143
16 389
121 125
25 162
6 239
14 98
121 340
192 390
210 386
35 128
141 222
84 157
353 384
140 393
208 322
147 369
230 300
274 277
6 396
220 280
34 289
260 328
171 251
102 316
76 309
68 144
41 272
7 84
270 315
13 169
66 312
92 321
208 339
15 168
128 244
110 131
141 220
208 218
195 363
117 344
294 357
253 266
286 329
74 363
318 341
44 78
304 363
34 81
68 194
211 273
165 180
103 356
107 324
88 174
27 177
240 385
265 285
132 159
93 381
180 397
102 160
322 344
31 84
39 193
31 278
88 145
153 245
387 391
7 272
110 167
46 113
141 276
95 219
157 225
32 342
7 279
50 337
241 291
54 334
87 160
136 333
156 376
158 271
54 236
20 161
375 397
219 230
267 339
197 233
155 225
105 154
74 133
215 226
82 366
60 228
146 294
181 200
68 347
34 245
71 193
156 266
164 183
165 338
97 277
248 285
89 122
251 368
126 271
197 307
123 214
30 390
249 302
65 126
150 183
45 140
82 304
198 344
115 132
24 193
179 383
117 208
5 94
70 266
319 324
290 293
163 169
257 323
49 224
242 378
72 141
248 360
239 381
108 117
67 115
113 239
90 308
63 121
301 370
29 95
124 215
342 395
98 133
89 151
194 320
109 380
344 374
53 120
158 381
26 68
259 348
236 350
32 166
84 272
238 279
187 360
96 275
185 380
9 390
1 155
11 180
131 202
22 341
196 300
150 205
119 346
0 227
256 368
101 210
109 170
215 328
102 204
94 182
165 230
37 207
126 334
269 343
8 162
108 198
149 194
102 328
296 319
268 399
301 382
196 219
41 116
118 341
186 339
251 256
36 344
79 183
37 168
165 300
17 274
117 301
106 273
174 298
17 231
55 147
55 90
142 192
40 44
209 294
80 317
242 287
84 170
74 136
37 276
80 292
111 290
116 279
294 383
182 251
75 101
0 370
26 229
139 385
130 319
91 307
17 325
238 321
303 345
9 370
0 108
255 359
313 388
50 358
203 257
188 260
1 106
171 190
17 387
114 244
230 397
303 305
44 100
75 138
25 152
324 391
59 125
260 372
94 256
252 291
101 177
88 386
284 296
57 65
28 375
27 75
241 364
96 190
20 152
101 298
115 317
235 367
209 305
140 142
4 320
330 359
238 268
127 148
275 308
58 237
24 357
180 373
218 374
68 284
74 82
54 271
101 386
24 179
259 288
214 335
94 250
98 363
285 336
176 305
58 182
112 207
57 126
118 356
153 261
10 80
117 370
296 314
121 127
44 138
133 311
64 92
126 282
22 27
242 375
26 149
101 110
104 124
155 206
8 184
305 345
140 342
180 221
64 116
18 105
117 198
27 138
46 126
107 137
180 359
191 362
37 220
261 282
28 178
37 72
71 288
150 327
47 177
38 304
73 181
53 273
146 348
201 236
24 60
219 254
223 296
93 282
6 219
181 203
129 345
240 318
42 137
48 376
264 325
167 318
201 258
144 307
299 319
193 383
58 328
142 232
75 389
118 361
293 318
173 395
224 354
294 348
2 143
9 30
150 197
170 278
262 309
73 323
323 329
241 269
45 393
216 307
288 357
71 345
207 389
179 288
147 184
294 352
75 100
346 398
9 117
212 362
49 103
104 368
312 333
26 347
43 143
20 256
161 324
252 343
58 399
173 392
104 384
89 247
97 217
18 230
83 122
49 379
181 187
194 378
166 393
168 220
8 42
95 381
142 393
16 168
26 307
35 67
341 367
173 226
0 382
94 124
116 295
15 141
291 306
27 389
191 234
123 252
263 364
98 333
241 358
32 192
231 308
103 388
212 392
196 338
187 323
10 159
93 261
269 364
239 289
205 398
308 324
248 336
147 391
13 85
109 135
51 250
107 147
359 373
22 110
133 228
152 163
80 244
132 292
267 374
339 374
45 395
131 177
155 246
31 371
66 305
2 177
30 142
109 355
291 358
169 297
79 150
103 118
95 196
37 222
156 314
77 331
173 372
17 264
125 309
305 312
189 380
383 394
5 368
297 302
259 345
124 204
60 172
16 112
55 137
92 238
229 287
255 330
85 185
156 310
109 278
16 207
39 176
98 136
283 327
87 382
239 243
226 234
214 337
316 328
77 364
263 331
98 195
103 357
207 280
64 295
11 195
70 193
234 392
115 224
168 207
26 284
86 267
9 108
311 333
173 342
257 265
79 257
114 146
155 157
69 96
262 396
43 377
182 399
0 198
264 387
148 286
54 326
125 236
19 157
81 363
136 366
94 384
119 270
31 249
162 169
62 262
205 327
125 201
145 266
223 369
90 130
236 271
211 272
63 283
137 324
233 398
125 127
92 295
93 99
166 232
133 136
44 97
136 363
24 71
223 391
38 345
206 225
250 321
33 46
13 273
175 309
3 337
358 364
15 222
90 161
335 364
90 391
179 379
367 385
18 365
54 350
23 283
67 128
318 385
32 140
307 315
187 329
2 110
128 317
137 147
144 320
99 261
25 42
369 391
200 203
36 322
269 291
28 229
124 182
21 217
149 178
172 228
106 225
59 148
4 23
48 253
39 172
47 266
379 383
201 334
173 234
214 364
203 360
183 265
249 355
162 398
151 234
163 211
267 382
52 76
73 187
355 371
263 269
81 243
47 143
17 275
99 381
149 216
145 386
232 392
113 153
235 385
154 287
23 216
55 130
129 303
265 323
137 351
71 305
105 230
35 388
281 371
200 349
127 201
226 362
4 197
140 232
14 303
164 327
153 381
159 224
16 167
82 98
151 372
122 188
199 323
87 344
69 325
53 155
122 260
31 85
188 237
29 300
63 183
180 255
186 208
34 243
121 309
166 395
41 169
87 362
35 313
39 228
254 363
26 144
194 229
33 126
158 261
74 195
133 195
229 242
53 106
85 246
165 255
74 98
233 327
189 281
115 128
0 267
10 354
170 355
128 313
306 364
19 109
15 37
27 100
303 312
66 209
53 225
10 224
65 381
42 346
121 350
171 182
28 105
320 347
208 276
10 49
165 196
168 389
111 240
135 189
173 362
113 158
183 283
241 331
63 257
47 386
83 260
154 242
18 76
44 217
122 226
103 379
151 191
13 272
32 232
102 260
64 238
82 311
31 109
7 152
96 256
29 196
84 85
56 146
147 324
133 333
139 293
252 306
184 299
268 321
300 338
55 308
64 279
76 127
252 364
293 341
153 239
75 97
67 224
130 369
37 240
5 204
207 235
46 261
196 397
160 328
178 194
198 301
2 361
62 350
258 349
194 307
181 323
207 220
119 307
87 372
93 113
108 227
66 259
101 145
315 398
199 360
335 353
135 185
51 399
68 307
3 214
70 143
42 162
73 203
148 258
94 104
31 355
184 308
204 237
298 386
144 194
33 282
210 298
13 41
337 384
140 173
147 296
174 253
40 78
76 125
197 205
21 44
150 283
77 358
77 263
136 304
77 343
58 215
75 210
347 378
132 317
286 349
115 292
144 299
78 213
49 67
188 362
114 132
12 334
79 283
359 378
243 254
11 221
214 331
48 330
303 333
225 246
113 381
49 388
103 179
54 125
117 382
223 319
24 379
310 377
44 213
212 372
22 101
118 131
183 187
86 208
45 166
39 60
175 396
28 154
122 212
251 399
91 194
41 157
326 334
270 398
70 386
5 61
4 205
74 311
61 328
16 220
343 364
152 161
10 388
254 300
239 338
108 390
95 239
170 380
272 279
42 184
114 115
149 229
226 260
110 361
23 197
271 334
180 196
63 340
19 371
277 387
70 156
203 323
105 365
6 381
331 343
4 270
239 245
60 143
67 80
249 336
25 398
293 367
149 287
24 143
186 222
253 314
178 375
164 398
24 377
181 286
0 344
235 280
266 376
176 311
91 178
332 337
227 390
187 200
69 264
8 25
80 354
67 354
41 152
274 325
5 51
206 263
51 353
244 317
363 366
166 173
131 167
106 116
260 362
393 395
26 320
218 267
221 378
140 395
324 351
47 174
96 171
182 368
125 326
145 174
108 370
184 324
220 235
144 347
118 202
87 316
2 22
368 384
14 82
60 70
1 53
15 72
120 155
25 346
47 145
52 62
265 327
32 393
106 155
82 243
43 156
310 386
375 378
114 352
50 291
91 347
48 221
186 276
190 251
16 100
32 142
101 361
96 250
348 352
17 69
241 252
56 209
139 290
266 314
79 327
65 93
255 373
183 329
66 146
55 231
194 287
187 203
47 298
255 375
75 177
194 242
97 100
141 280
58 122
190 250
127 350
19 380
254 289
55 391
221 359
95 338
138 389
167 367
124 368
276 374
176 345
58 204
46 282
144 229
79 329
178 229
51 171
3 134
208 344
155 273
57 282
15 276
62 76
262 350
143 386
257 360
65 261
130 147
43 60
146 209
205 233
289 366
59 326
122 151
250 256
12 59
211 295
3 123
231 387
39 394
156 174
36 208
214 358
84 380
40 102
220 385
198 316
83 160
29 338
46 271
191 392
275 325
31 302
50 252
105 287
248 297
50 306
255 397
87 198
20 321
143 377
231 274
318 367
213 280
76 175
97 389
147 351
2 118
371 380
162 346
354 356
263 291
243 289
264 275
219 300
336 360
151 392
302 355
153 158
139 240
100 168
229 378
88 314
257 283
212 226
61 83
247 337
100 389
261 381
42 270
117 267
142 342
229 320
58 83
28 149
87 102
138 277
154 230
83 237
183 257
144 149
355 380
195 333
94 399
81 289
5 190
49 159
354 388
134 332
252 337
80 352
105 242
28 373
10 67
22 118
155 295
86 218
97 138
200 286
37 112
205 315
254 366
219 397
70 376
55 324
8 119
66 129
156 386
90 351
288 379
297 327
0 117
98 311
266 386
5 58
284 351
99 113
51 182
111 168
36 374
111 341
276 322
9 267
288 294
167 341
99 245
112 220
96 325
38 303
232 393
208 267
45 342
8 270
130 387
6 95
26 194
188 215
107 351
141 235
231 324
83 204
175 230
163 279
34 239
283 340
34 381
243 338
188 204
199 265
83 124
3 252
18 28
48 314
342 393
126 158
143 310
214 252
264 274
269 335
145 156
270 307
107 308
94 171
120 206
235 240
30 301
107 161
52 175
2 131
151 173
214 343
306 331
60 310
43 253
148 201
312 345
147 223
1 246
149 242
110 177
97 213
66 348
278 371
106 206
55 319
294 379
108 301
165 219
187 285
81 338
7 163
43 266
14 304
373 375
113 245
128 354
15 235
79 197
12 54
332 353
268 384
319 391
30 227
309 396
29 219
28 287
48 359
124 399
323 360
95 230
77 306
273 279
152 211
169 302
116 155
146 352
150 340
69 231
217 389
122 215
1 157
112 141
83 89
250 251
59 350
37 235
274 387
3 247
69 250
168 235
270 346
166 342
164 233
50 123
19 85
234 362
72 235
42 119
148 349
220 222
179 357
71 394
188 328
242 359
245 289
185 281
271 396
104 268
220 367
37 280
181 257
192 370
90 184
91 242
190 325
46 65
288 394
187 257
195 311
322 374
86 339
169 272
34 366
78 97
205 307
77 214
191 212
22 202
123 384
216 315
83 188
76 121
21 138
269 295
69 274
49 354
150 315
61 102
296 369
376 386
226 372
22 167
314 369
182 190
25 270
307 320
70 310
88 253
198 267
36 117
201 350
0 36
19 170
67 313
221 314
85 380
119 197
145 298
384 399
203 265
189 355
13 155
18 52
4 91
85 278
353 368
52 350
90 107
69 190
62 309
370 390
3 50
147 319
186 374
192 393
181 329
8 163
48 266
7 162
317 352
331 358
53 246
125 148
61 78
120 246
134 337
85 371
114 292
159 388
131 361
49 356
205 346
64 321
82 363
60 377
309 350
357 379
43 47
45 142
296 330
95 153
102 188
86 186
373 397
249 297
1 120
189 278
240 293
331 364
34 254
25 163
77 291
23 307
353 399
232 395
89 188
49 313
127 286
287 365
205 297
176 312
41 211
313 354
123 337
357 377
128 159
56 114
185 189
322 382
78 160
117 227
17 277
160 260
92 116
142 173
27 110
211 279
94 251
273 295
13 157
154 397
229 347
314 330
138 217
80 132
132 352
285 360
19 246
85 135
115 159
43 386
287 347
99 153
29 397
18 62
40 213
172 221
197 315
84 249
167 293
12 201
250 275
95 254
332 399
68 299
340 365
265 329
51 96
309 365
83 215
305 348
105 178
58 188
154 178
4 307
304 333
5 251
152 238
147 299
292 317
181 258
316 382
25 119
139 318
47 101
214 291
63 127
120 225
259 312
72 222
12 125
178 242
109 189
289 363
162 163
100 138
91 287
109 371
47 156
117 374
179 294
232 342
168 367
37 385
258 286
239 254
356 388
130 324
90 231
144 284
224 313
228 394
91 216
65 99
235 276
36 276
322 339
16 27
119 205
187 199
127 340
134 384
291 331
69 308
142 166
308 325
77 269
260 316
70 377
36 218
63 150
62 396
85 109
112 235
41 84
129 259
17 96
297 398
164 169
307 347
0 339
38 312
179 377
204 215
30 370
78 102
53 206
80 224
47 210
46 334
123
135
71
87
105
140
98
206
23
90
134
71
56
105
91
101
99
215
75
103
46
64
137
95
238
12
35
192
126
130
20
204
184
58
184
305
99
47
92
184
81
135
203
50
50
125
109
78
150
88
35
119
56
149
99
106
151
114
176
193
105
64
133
52
47
187
96
186
117
45
75
24
161
83
164
16
125
126
155
120
60
65
101
75
43
45
171
95
200
47
207
125
64
113
172
83
90
93
84
87
22
129
117
67
166
87
162
79
93
214
88
25
113
59
97
50
36
97
30
202
125
110
61
194
65
37
140
81
67
80
76
55
118
140
118
39
38
86
221
69
119
126
91
141
98
84
88
150
80
65
50
115
148
93
34
71
76
60
172
46
42
172
28
113
94
141
72
148
68
106
25
94
55
132
114
73
152
137
63
188
97
188
57
129
39
210
104
60
24
105
59
112
55
106
74
107
49
123
83
179
113
143
41
57
80
101
118
30
65
114
20
32
109
195
72
134
146
183
141
103
101
101
173
92
57
24
88
85
43
43
75
24
131
42
77
74
15
167
92
94
35
181
170
111
109
140
72
175
94
84
115
89
91
62
77
11
206
169
133
91
98
84
191
7
27
42
190
128
144
51
27
129
89
193
27
40
81
150
90
122
38
26
88
69
105
76
15
166
63
71
46
201
80
154
43
87
164
98
61
43
34
148
15
87
43
69
99
67
79
198
163
59
61
204
85
25
78
91
177
88
55
42
245
132
23
100
119
154
59
63
127
45
160
81
115
71
83
129
214
39
44
30
84
106
197
67
101
157
100
10
69
89
105
18
112
145
184
142
80
146
159
109
84
136
103
62
147
86
122
152
133
182
123
142
57
28
84
106
49
120
102
78
46
36
82
162
112
54
52
96
102
146
157
146
127
155
128
137
63
48
76
129
148
47
52
130
29
70
65
201
77
108
130
97
163
110
96
45
24
149
130
113
125
66
18
86
152
62
29
114
87
97
189
136
76
62
170
73
143
28
186
43
162
130
152
88
222
155
55
166
28
158
197
276
26
98
86
16
54
40
77
117
42
112
173
15
102
41
128
174
139
178
119
51
171
162
81
120
130
122
31
54
106
43
178
87
43
154
146
138
195
130
35
188
24
131
124
70
82
30
180
96
36
69
108
56
74
52
52
53
73
170
147
12
50
90
66
44
69
44
140
69
33
52
14
123
52
167
120
16
120
105
71
134
27
65
63
145
117
138
191
78
53
154
58
57
183
143
53
219
71
41
60
127
117
73
197
72
68
179
108
56
16
58
88
107
94
113
216
153
62
89
198
116
54
35
147
107
178
28
144
148
59
75
76
148
107
56
35
64
39
36
69
63
180
147
201
53
29
66
200
180
107
82
54
152
26
161
194
129
61
296
74
112
63
22
109
120
176
54
94
61
65
62
126
34
83
171
26
105
60
78
125
130
37
115
77
209
21
100
175
132
85
42
76
209
72
160
63
66
170
108
69
75
10
55
98
26
121
115
131
194
108
96
76
139
85
80
172
62
58
153
108
34
173
30
156
118
57
118
138
108
48
63
59
48
47
83
161
45
182
111
88
150
257
121
251
104
136
98
33
127
53
92
81
105
59
139
145
67
120
54
76
29
139
99
93
43
68
174
128
39
163
166
75
135
87
108
153
119
126
66
101
112
140
12
57
104
120
111
128
57
129
68
151
109
228
112
116
51
181
95
59
94
105
164
66
54
199
21
82
171
165
22
91
111
269
63
86
82
71
240
181
29
73
99
63
52
127
138
33
163
127
175
67
119
50
97
83
75
78
66
275
61
82
104
223
111
114
88
133
69
82
108
92
101
115
124
90
157
162
106
44
228
162
7
242
166
156
77
160
130
117
173
78
35
188
174
43
111
79
177
183
158
79
46
145
140
39
42
130
73
78
112
122
25
120
14
72
53
144
126
168
22
139
76
116
73
125
9
159
85
77
240
144
123
130
85
131
114
71
123
159
133
100
40
49
19
230
86
102
101
66
72
86
118
178
67
56
42
51
192
130
100
100
96
87
51
53
161
39
137
81
82
44
131
70
118
80
94
123
76
190
79
170
107
111
175
57
69
94
26
143
136
85
63
52
68
94
97
117
51
27
51
105
65
146
67
49
72
139
60
169
185
66
19
51
42
47
209
78
74
86
36
134
101
163
156
106
42
170
64
109
47
49
126
88
136
92
201
172
115
170
78
93
161
34
86
120
44
90
15
90
98
78
92
105
219
90
72
97
76
150
139
110
61
92
153
92
146
65
116
136
57
102
138
177
60
173
115
69
49
73
89
66
87
109
126
71
131
30
111
162
73
93
155
30
112
168
120
99
55
134
119
140
50
81
99
94
78
99
85
168
12
115
54
15
141
106
118
48
141
137
172
86
72
70
99
77
49
81
202
46
47
63
51
114
66
230
216
126
71
46
152
103
117
122
130
44
32
120
102
114
83
129
101
63
131
114
110
81
25
44
96
65
84
9
89
93
48
100
112
16
197
69
77
77
131
180
110
252
178
119
129
68
168
130
16
129
79
104
178
187
171
33
190
157
198
113
167
93
58
61
160
80
63
137
71
24
98
95
67
161
57
185
50
61
82
101
109
39
33
92
133
129
41
43
165
57
74
123
126
120
13
105
20
64
108
47
48
202
128
67
80
143
18
14
126
125
49
60
87
111
82
56
67
66
118
126
78
77
71
30
93
179
47
56
67
47
82
15
99
73
61
123
49
107
100
191
95
94
53
131
96
49
107
26
71
95
111
115
153
22
42
50
72
201
93
53
44
162
67
117
55
17
227
92
105
64
86
49
187
135
44
139
197
151
121
142
84
113
38
85
153
125
72
135
93
44
103
178
22
118
35
144
136
32
123
43
182
127
179
117
166
49
98
80
88
107
159
59
114
97
22
109
17
127
88
164
89
92
22
76
140
80
92
106
15
51
56
115
41
97
54
115
95
103
81
141
32
41
189
90
25
182
99
140
68
12
44
36
137
59
69
132
106
25
49
149
148
37
90
175
169
91
100
173
27
93
44
109
161
52
40
148
124
103
258
134
54
57
82
92
45
82
98
105
104
75
122
117
75
100
72
218
104
224
64
174
87
95
75
166
56
211
133
51
54
159
166
122
120
70
75
66
88
89
93
44
197
94
101
75
87
133
43
77
147
49
183
116
123
38
214
108
61
150
56
177
104
149
116
126
23
148
194
83
99
137
44
22
131
181
36
38
155
81
78
123
87
64
69
60
43
74
102
86
131
160
123
76
146
247
59
47
14
162
64
77
122
56
63
113
98
70
70
105
60
118
116
36
97
86
173
95
139
181
99
156
104
65
117
52
287
83
110
32
53
226
174
53
70
108
190
183
93
87
88
105
128
60
102
114
134
106
101
122
219
79
152
113
147
101
99
105
136
100
127
89
143
42
114
59
171
175
51
40
220
65
57
139
116
114
148
14
192
45
36
106
171
50
68
188
58
60
33
32
144
72
76
90
80
190
69
93
82
160
96
237
117
158
106
22
56
165
179
72
73
91
34
184
57
66
77
112
91
99
116
192
65
202
159
56
128
130
23
138
100
122
95
215
88
136
117
47
63
69
123
53
62
139
90
112
41
157
207
136
151
35
80
140
33
78
86
145
33
114
165
198
37
112
73
57
117
201
74
56
36
90
106
88
162
42
139
22
62
154
128
170
36
88
60
122
31
57
43
156
116
145
55
66
66
118
28
192
51
65
71
71
87
243
171
133
87
68
180
57
64
127
116
109
26
40
98
160
74
67
94
162
49
72
66
46
41
79
132
64
67
69
68
44
114
156
91
114
201
100
52
100
121
105
53
68
116
189
52
117
20
80
76
98
76
133
74
65
181
92
68
95
23
87
78
65
94
147
62
103
53
145
104
69
114
84
96
33
259
157
108
77
146
21
76
190
113
153
61
43
51
107
38
118
76
64
70
122
24
28
123
191
112
13
151
77
159
63
177
149
84
63
70
54
117
50
59
20
37
91
70
167
127
61
146
81
130
113
51
96
180
167
113
39
144
53
82
62
139
137
237
79
137
59
79
105
112
65
112
83
112
64
137
71
115
47
94
113
95
119
114
78
150
129
138
28
136
108
71
153
63
135
203
90
102
177
94
186
108
121
117
123
106
102
134
51
215
95
109
68
116
30
93
43
47
72
79
134
145
175
51
37
160
48
48
82
17
43
43
16
91
81
119
105
118
146
79
114
132
116
85
23
202
23
93
202
135
155
186
171
58
86
143
79
91
74
133
121
146
51
142
86
61
228
69
104
198
155
32
65
130
155
108
75
149
20
169
153
61
190
166
121
50
102
73
181
111
26
155
113
123
96
37
230
93
80
168
76
149
86
138
138
55
97
124
120
159
47
215
18
116
81
77
64
57
60
61
86
200
34
130
114
95
93
80
104
94
62
63
121
76
112
168
104
42
79
64
29
51
101
40
139
96
134
126
84
64
111
144
40
169
142
103
243
65
66
88
106
126
142
101
97
114
108
71
90
43
85
