202 95
37 160
464 249
416 423
478 365
344 775
701 352
54 229
3 781
757 718
692 350
322 404
15 267
144 13
30 704
570 221
740 449
535 710
633 290
144 514
481 345
704 264
617 792
37 4
212 717
34 711
575 767
247 414
780 687
243 474
620 46
427 204
373 464
9 271
263 680
575 338
196 164
160 246
530 325
166 605
735 625
531 17
50 341
182 33
30 727
258 417
62 738
567 524
124 621
716 791
709 346
488 751
272 780
83 23
698 264
276 222
52 3
507 117
352 136
384 80
649 459
615 589
786 90
318 498
439 42
657 59
289 218
753 81
7 442
489 293
620 648
253 577
740 369
237 185
656 705
132 715
497 59
500 189
265 761
491 280
280 193
329 624
506 103
619 431
12 551
468 148
267 117
159 497
581 247
720 769
381 508
589 472
799 111
436 771
473 701
459 678
138 520
323 780
90 172
526 528
109 451
447 578
241 93
295 574
340 210
1 672
9 474
562 641
5 530
787 487
202 245
347 786
534 775
33 374
634 729
449 708
337 46
1 128
584 564
288 787
112 688
38 477
414 239
796 163
613 41
517 344
686 58
110 483
512 418
497 294
565 545
272 14
372 224
800 286
650 593
29 442
478 311
589 688
306 784
400 147
738 515
239 63
136 202
628 3
397 14
354 374
589 41
260 464
255 111
153 191
78 781
772 716
233 405
441 315
404 172
3 478
262 146
626 118
524 689
101 382
275 770
473 777
200 765
732 400
498 446
384 654
172 64
387 354
547 669
238 68
620 250
790 783
501 98
13 87
475 285
395 70
310 173
92 470
658 418
556 337
157 349
1 368
584 421
562 682
687 599
11 172
572 558
710 179
172 157
749 686
469 45
594 34
527 320
25 596
634 676
260 670
279 739
435 703
139 722
206 421
352 391
793 636
38 20
688 240
364 37
436 281
83 341
274 290
207 214
512 622
559 77
612 202
596 697
262 204
144 672
790 222
356 331
46 604
167 792
633 709
40 793
21 324
201 743
242 722
53 751
565 18
255 58
284 479
229 764
425 766
120 458
443 748
448 762
185 371
752 118
543 416
114 500
618 443
669 492
308 475
480 420
521 594
137 340
61 306
730 623
341 158
98 470
295 548
704 23
377 443
779 329
321 79
647 359
448 407
566 84
721 736
408 736
670 393
389 715
550 57
645 455
131 788
433 59
129 677
447 726
699 31
105 196
34 171
759 686
730 126
211 405
184 614
745 342
623 563
588 748
726 459
606 211
96 534
461 760
340 750
728 117
111 488
476 440
318 5
594 134
590 241
4 603
370 43
234 611
69 341
503 575
401 284
427 490
714 724
38 282
289 628
516 119
172 121
551 701
136 286
641 747
779 671
72 271
67 228
783 737
239 334
189 247
330 721
778 38
240 148
486 767
99 568
546 461
79 630
224 94
84 86
302 389
226 466
574 522
124 154
493 3
730 160
470 257
648 529
568 407
33 501
454 745
596 90
189 683
234 62
774 268
781 619
661 283
399 241
537 485
512 667
448 11
37 638
228 225
336 20
257 639
648 134
682 704
520 5
671 710
290 599
292 39
581 327
166 2
508 485
767 583
253 456
369 259
66 487
149 88
384 283
2 54
329 59
492 457
497 10
500 796
549 744
177 465
313 468
206 799
643 171
89 411
114 754
309 668
749 52
773 66
700 362
725 606
715 531
395 95
58 416
541 4
2 774
389 504
276 521
249 360
310 539
505 627
193 799
64 645
653 494
451 522
115 612
594 727
664 85
139 317
112 446
756 358
276 452
499 117
299 600
485 88
287 341
114 100
124 668
115 258
51 278
100 246
40 201
149 338
221 294
145 397
289 294
190 396
64 320
186 241
46 367
18 203
103 395
77 85
208 213
26 112
123 321
11 393
285 347
182 312
4 128
131 283
177 236
39 288
34 328
29 239
206 221
152 393
124 389
41 259
56 315
33 302
114 342
312 349
18 35
38 69
55 176
58 59
33 294
165 258
15 285
20 79
63 393
101 290
214 313
91 334
339 346
157 389
224 377
9 301
163 392
76 190
196 279
25 220
157 327
236 391
121 155
132 154
103 295
102 309
22 274
85 396
277 353
237 257
32 363
189 255
9 28
20 129
12 42
349 386
168 183
0 141
288 345
16 373
7 294
31 85
346 357
190 336
212 388
74 388
178 260
131 329
273 385
334 358
20 38
63 90
76 336
192 347
214 328
51 231
167 291
363 378
104 245
82 172
244 268
51 310
316 397
67 269
214 263
72 392
71 103
179 347
172 296
217 384
127 246
93 278
66 207
83 257
27 29
47 273
175 374
70 134
29 227
189 201
62 280
116 204
84 106
45 316
27 305
215 330
111 138
81 368
219 388
75 198
299 302
209 335
230 246
95 335
3 292
108 155
72 163
100 391
272 392
140 238
59 339
32 378
19 236
0 354
23 202
207 380
15 276
180 299
9 49
8 25
43 141
165 197
287 374
158 361
301 331
312 324
28 268
48 217
220 224
65 124
129 179
15 170
152 380
83 182
67 321
175 357
97 196
295 340
80 104
206 366
237 385
345 368
9 304
27 270
299 390
319 354
16 275
141 346
327 341
57 76
80 309
6 72
188 297
76 210
316 393
67 92
45 397
359 376
193 337
319 398
225 343
136 192
131 141
263 313
20 136
65 389
65 143
35 38
142 306
115 278
2 322
168 209
24 228
1 319
55 66
229 232
6 178
253 358
41 146
102 141
234 321
295 368
229 264
95 158
5 279
137 194
17 137
255 293
128 182
76 172
91 324
102 314
117 315
111 279
10 50
285 332
13 56
135 375
351 393
230 362
300 342
86 156
169 226
196 223
120 224
100 281
81 295
147 199
211 276
301 304
191 210
104 333
82 254
258 307
139 374
112 274
55 207
57 394
13 23
144 262
263 384
240 253
26 300
67 126
170 211
224 367
168 361
350 373
64 287
71 381
74 300
98 266
289 366
206 243
40 350
107 209
229 326
63 227
186 273
158 298
100 366
126 248
24 223
130 334
51 161
99 312
206 302
5 111
35 192
42 159
8 14
25 384
24 198
249 363
251 339
191 376
206 294
256 279
239 363
90 386
207 397
277 325
64 144
172 396
230 366
79 205
151 304
49 171
339 357
17 298
315 354
153 291
68 121
48 120
249 378
173 315
40 244
313 399
274 298
114 300
103 247
217 313
23 356
174 192
18 347
36 338
101 386
7 243
147 363
137 298
59 374
14 224
164 240
189 342
184 373
121 353
60 260
36 297
32 90
296 396
83 235
394 396
195 345
38 79
235 324
25 105
72 250
142 149
248 308
349 358
278 360
331 350
99 318
163 371
78 119
244 350
10 252
320 376
137 274
156 213
168 382
55 80
204 262
14 377
297 314
366 391
119 228
76 394
182 237
114 212
239 381
100 375
198 261
246 353
25 337
27 152
262 396
8 150
113 375
1 7
120 263
52 228
264 326
118 130
341 389
29 147
4 253
175 204
108 193
106 108
199 362
200 249
62 269
2 205
204 287
140 373
119 279
125 136
31 154
10 332
91 237
161 229
41 320
87 281
271 288
148 226
50 392
315 356
4 153
107 168
53 56
305 380
62 67
42 113
294 302
71 345
20 153
223 328
78 97
98 398
59 116
288 340
113 289
94 158
178 252
115 326
179 192
75 263
231 256
198 222
261 383
163 275
52 383
103 340
36 208
3 32
20 69
233 270
5 119
194 219
102 148
46 224
61 323
143 248
53 315
127 353
241 335
128 164
38 136
197 256
254 327
252 332
124 327
340 345
143 265
51 232
153 205
65 248
20 240
378 386
201 331
237 238
247 295
82 396
82 259
142 266
109 350
71 395
336 359
81 103
120 399
205 352
133 272
88 170
204 339
150 224
80 156
205 333
164 282
269 389
163 272
211 284
17 212
221 289
146 225
50 272
140 275
12 221
1 356
7 303
35 347
203 365
147 227
256 326
166 329
56 202
14 105
187 365
150 261
30 191
31 352
30 65
50 72
43 354
227 351
48 399
158 209
233 380
381 395
78 228
132 355
61 70
120 198
158 335
172 190
52 78
94 115
311 313
88 347
81 395
298 335
134 372
51 326
112 360
131 357
90 249
80 338
240 349
297 398
8 224
111 160
63 247
40 189
65 157
100 127
38 179
67 369
250 272
43 329
86 309
179 324
231 232
271 340
68 113
238 385
166 297
37 338
79 136
191 259
323 373
291 333
149 208
203 211
207 305
167 216
52 364
41 190
159 242
240 358
130 186
280 389
18 88
182 260
187 269
35 252
272 330
82 210
2 136
66 176
313 337
198 218
39 271
293 304
5 138
55 110
198 328
146 191
161 232
51 112
21 133
21 170
53 354
37 110
31 122
124 225
119 160
289 302
107 298
117 185
286 337
103 381
115 335
262 336
59 357
36 142
69 125
79 153
147 239
159 391
57 296
151 268
17 183
133 392
122 174
217 387
89 304
313 387
132 352
329 348
23 53
170 332
137 219
69 129
64 262
37 266
130 241
64 336
341 365
62 123
69 79
127 277
254 259
152 317
78 160
238 373
228 383
45 380
178 257
127 236
168 335
110 338
238 260
53 398
354 398
155 325
33 303
270 351
283 339
59 175
227 247
92 369
266 267
10 371
91 385
213 338
9 255
71 340
282 358
160 223
98 149
21 187
73 110
238 275
6 163
280 321
84 217
16 238
47 130
128 253
27 147
116 357
94 95
96 246
124 146
185 267
19 96
189 304
242 243
16 140
89 171
237 260
138 228
80 208
107 137
226 346
99 130
51 361
14 44
26 388
64 190
20 192
34 195
18 276
156 309
166 348
129 153
41 210
107 382
60 237
15 211
235 312
342 344
189 268
262 287
182 235
39 399
125 179
118 323
227 317
250 371
33 243
66 104
6 392
9 151
232 278
24 328
157 341
102 329
148 329
265 369
384 387
23 56
237 324
158 168
99 118
292 386
235 282
41 343
58 176
337 387
6 371
218 222
195 288
206 390
13 398
11 145
88 211
113 243
4 136
66 73
163 257
93 264
171 255
136 322
66 213
92 234
44 377
309 314
47 334
13 166
27 317
18 285
116 175
38 347
6 250
96 127
373 385
268 293
69 153
57 172
222 328
142 319
136 174
37 390
84 325
142 303
12 303
269 321
43 169
128 312
173 202
98 319
17 168
231 278
82 296
12 294
13 202
51 94
67 265
115 231
39 214
222 228
54 330
232 256
125 129
85 394
28 201
323 385
182 324
116 251
59 64
50 250
188 266
11 249
79 322
187 280
278 310
107 158
220 377
73 306
14 337
43 348
162 261
292 358
93 161
80 176
1 117
224 261
121 325
274 388
21 54
258 264
109 163
263 328
271 328
93 310
112 161
87 362
157 365
104 352
147 351
363 393
145 249
159 366
144 336
64 76
159 289
108 286
186 323
150 377
149 306
18 170
47 312
16 109
156 176
9 189
121 135
273 323
84 193
32 200
269 369
234 280
106 353
230 236
86 148
141 329
242 299
255 268
96 362
205 322
73 213
132 333
153 355
206 242
161 231
63 379
288 395
158 382
177 353
128 235
141 169
100 236
92 280
230 281
312 318
67 248
108 353
325 353
317 393
40 301
104 176
63 378
227 379
43 314
36 73
151 189
81 340
60 83
227 393
191 225
30 146
0 226
247 381
20 125
214 387
232 310
13 348
55 73
58 139
99 334
137 183
235 358
40 331
137 158
125 192
131 346
2 174
259 376
136 153
69 205
21 330
127 391
30 143
143 191
249 292
62 92
105 193
45 152
37 142
66 338
83 385
270 305
98 185
63 363
3 282
133 250
78 364
137 212
22 388
226 329
24 195
4 240
4 38
213 309
16 163
227 363
232 360
209 382
294 303
195 368
214 399
232 326
196 307
166 314
154 245
142 188
140 385
233 390
110 208
185 303
11 397
320 343
298 388
26 274
235 334
97 111
236 281
45 270
84 286
74 212
150 367
106 155
0 148
343 376
59 204
19 127
27 351
47 186
196 228
45 227
3 253
66 156
72 275
42 375
257 371
361 388
13 53
86 169
208 338
201 350
29 379
28 331
107 241
115 256
2 333
62 234
94 264
120 384
204 357
314 329
29 393
135 366
371 392
313 384
138 196
55 213
191 327
9 293
10 392
118 318
260 323
343 359
124 210
280 369
227 239
14 46
54 203
194 388
259 343
141 314
148 309
238 323
178 371
336 343
60 275
52 160
102 156
259 327
128 282
143 225
212 219
215 321
329 346
364 383
184 244
4 192
254 296
121 246
47 118
10 257
255 344
152 351
211 365
256 264
19 246
31 132
114 219
300 344
2 129
124 143
117 267
258 279
71 379
271 387
177 230
92 308
7 33
42 206
7 185
79 192
267 303
138 307
243 302
24 78
103 379
195 295
116 339
194 344
162 218
8 377
214 271
52 162
88 276
3 167
18 21
24 196
75 120
95 165
201 301
99 349
295 345
284 365
222 223
159 206
124 254
122 352
3 240
85 296
345 395
210 394
89 293
74 344
204 374
72 257
250 330
317 351
8 220
29 199
277 281
60 91
141 148
170 276
34 340
37 299
199 380
116 287
92 269
71 288
52 97
103 345
315 398
145 216
116 144
178 385
1 185
335 382
187 234
0 309
9 342
152 199
45 147
124 126
5 52
63 239
61 134
137 168
91 318
134 273
68 135
0 36
45 199
283 287
263 387
234 269
42 243
75 399
28 301
139 154
327 389
113 366
147 393
68 181
120 367
78 223
216 291
1 267
109 275
7 266
368 395
104 154
189 331
160 228
4 125
46 220
47 318
130 273
105 384
290 386
21 50
194 212
247 345
121 375
18 252
291 355
109 140
27 380
19 311
164 334
42 221
218 383
135 155
7 12
59 251
89 151
280 370
176 213
12 33
269 370
99 186
90 381
127 281
136 205
99 290
275 373
77 296
60 238
95 264
48 384
32 292
181 289
52 138
206 299
129 174
61 273
9 171
180 390
134 184
52 223
33 42
38 125
186 318
8 44
180 206
255 342
31 322
112 361
29 362
5 97
97 160
212 274
310 360
379 393
111 119
241 290
248 369
203 330
17 335
53 348
12 302
261 367
200 216
226 314
30 157
30 265
48 313
157 284
97 119
58 251
229 258
302 303
219 342
236 246
60 323
37 306
219 300
25 44
7 302
98 303
55 104
67 280
100 230
90 292
180 270
198 263
268 331
187 321
268 301
123 215
129 136
268 304
28 40
167 355
151 293
57 210
42 181
27 393
47 99
107 183
284 296
69 174
125 347
152 233
75 214
189 301
276 284
331 372
65 126
384 399
38 129
74 114
212 361
46 75
1 98
106 135
173 185
98 315
43 166
290 382
86 314
131 169
67 370
97 138
62 370
243 294
52 196
96 277
155 375
289 390
91 260
17 158
122 322
96 236
295 395
13 43
160 279
218 228
108 121
48 214
171 304
27 316
45 393
110 213
231 310
257 260
48 271
251 357
36 156
242 289
147 152
162 223
84 121
296 394
137 388
124 191
151 201
120 214
117 173
6 257
195 196
62 369
183 361
85 139
119 138
310 326
320 359
151 171
59 287
274 300
227 381
23 173
95 115
70 212
10 163
266 303
157 254
243 289
94 197
44 224
272 371
195 328
120 387
246 366
202 315
143 146
6 50
198 214
26 361
36 188
133 330
88 285
76 343
379 381
153 174
235 240
65 265
76 320
68 155
269 280
91 235
79 174
188 354
32 239
60 385
72 371
366 375
222 383
6 252
234 369
101 209
155 353
177 391
253 282
30 389
30 126
89 342
175 262
273 318
62 308
145 167
161 310
186 290
97 307
59 139
211 285
218 364
197 264
298 361
24 34
291 352
250 392
210 327
105 286
122 333
184 273
20 174
41 191
283 346
173 267
161 326
128 324
73 156
158 183
211 341
362 391
47 290
61 118
284 327
83 324
363 379
333 352
56 173
21 203
9 89
161 360
167 200
198 367
50 371
201 268
148 156
58 245
209 241
97 258
44 220
54 332
252 257
123 269
177 325
68 325
183 335
183 212
144 175
94 335
219 274
114 194
11 200
233 242
73 80
69 136
160 196
105 337
80 245
234 308
256 278
255 304
2 79
75 328
57 77
25 377
76 82
39 311
59 144
369 370
64 175
1 303
74 219
282 312
107 335
53 356
45 351
302 390
122 291
11 45
15 365
222 364
239 393
73 188
87 96
2 291
16 392
100 353
174 205
175 251
251 287
2 31
206 289
61 107
63 147
351 363
88 332
126 280
315 319
7 98
17 361
300 388
14 384
231 264
197 326
270 380
93 256
36 213
152 270
11 32
131 226
128 334
129 192
190 343
115 264
205 355
64 396
78 196
166 169
98 267
118 134
217 337
154 333
49 255
147 317
0 43
28 293
145 200
75 222
234 370
276 365
110 306
188 309
225 259
39 387
61 184
237 312
145 316
78 222
44 46
64 374
28 151
56 356
45 317
177 281
27 199
100 177
65 146
41 376
96 281
146 327
199 317
297 309
40 268
27 45
70 194
183 388
53 173
106 375
73 86
93 232
198 399
47 349
193 286
287 357
162 383
128 349
65 341
46 120
270 362
177 366
10 272
103 288
139 245
284 341
113 221
25 120
29 317
129 322
58 154
248 265
164 349
51 360
308 369
28 189
22 300
110 299
31 333
70 107
278 326
86 141
172 259
17 274
1 173
251 346
52 119
2 69
175 287
216 355
44 150
49 89
116 283
0 297
86 176
81 165
67 234
41 225
320 336
118 186
13 354
263 367
74 293
23 315
174 322
5 307
199 233
113 206
216 316
68 375
199 270
41 359
68 106
110 149
21 332
47 91
146 376
72 272
89 255
20 253
31 139
239 379
42 302
176 245
293 344
122 132
142 208
281 391
61 130
350 372
236 277
287 339
190 262
44 367
233 305
71 247
42 289
282 349
73 208
188 208
116 346
217 286
387 399
62 321
58 374
63 381
0 102
201 372
95 197
35 179
92 123
372 373
221 302
340 395
35 125
51 264
129 205
231 326
164 235
144 287
9 268
264 278
246 391
159 375
297 354
172 210
21 272
225 376
12 243
28 304
188 319
122 355
162 228
114 137
22 114
76 359
66 80
197 231
165 368
73 338
164 253
0 188
162 222
138 160
18 54
169 346
76 259
101 241
218 367
132 291
134 323
247 395
204 283
6 272
126 369
210 296
312 358
236 353
93 231
337 384
190 359
149 266
151 255
210 225
262 374
150 220
122 205
230 391
115 197
266 319
217 311
53 202
106 325
281 353
86 251
210 284
189 244
0 329
242 390
73 309
140 350
118 273
57 82
3 249
30 124
256 258
99 386
24 222
32 63
38 192
89 344
122 154
151 301
173 356
113 135
46 150
149 297
345 381
32 249
44 105
229 256
135 325
15 88
97 279
128 240
148 314
127 177
125 128
260 385
195 340
114 344
123 234
312 334
82 394
210 254
2 77
17 26
141 226
49 293
61 186
120 313
10 72
270 317
269 341
16 72
34 223
117 356
299 306
79 129
50 163
46 377
93 229
5 160
19 87
2 122
201 244
85 172
308 370
40 372
112 310
102 169
35 324
96 230
74 342
221 243
159 180
78 162
54 170
144 339
277 311
104 132
210 259
212 344
36 309
219 344
108 325
30 225
14 25
17 388
183 298
11 316
19 281
282 292
216 352
241 382
21 215
208 306
84 155
77 322
0 166
126 389
126 265
363 381
187 341
146 259
297 319
130 318
26 114
348 354
3 200
216 397
146 254
30 327
162 364
87 230
76 296
292 378
229 231
67 308
60 178
74 194
352 355
358 386
94 326
172 394
75 367
98 117
41 76
11 363
96 311
1 266
0 169
83 91
203 332
82 85
113 159
69 322
76 396
75 261
240 282
65 327
9 344
225 359
254 284
92 321
188 398
187 215
276 285
263 399
114 388
195 223
34 295
178 238
128 358
50 54
40 184
36 149
132 245
169 329
239 351
90 378
375 391
113 181
102 226
334 349
60 182
24 162
37 149
212 300
166 398
252 371
34 368
135 353
189 293
317 362
153 167
19 230
177 246
37 208
168 298
316 380
57 85
218 261
30 254
87 236
164 312
69 192
133 215
229 278
161 278
42 294
83 237
152 305
281 362
127 230
71 295
83 178
48 311
177 277
77 394
91 130
87 127
311 387
86 102
22 26
55 208
70 219
181 221
220 367
50 257
81 345
187 203
83 260
17 51
286 384
118 241
120 328
19 362
98 142
91 182
55 338
4 20
288 295
101 382
91 312
148 169
168 212
106 121
39 48
164 358
5 196
111 307
195 395
197 258
76 262
131 339
380 397
29 45
274 361
85 154
59 262
166 354
194 342
19 277
34 196
29 351
25 46
307 368
193 313
149 319
7 267
180 233
340 368
64 359
130 290
293 342
48 263
70 137
25 224
202 356
51 93
121 177
169 314
191 254
333 355
50 252
244 331
119 196
156 314
328 399
3 378
48 387
190 320
123 280
51 115
93 326
318 334
205 291
74 255
193 217
27 233
33 221
86 226
193 384
15 77
34 288
283 357
31 77
147 379
306 338
99 241
305 397
36 319
204 251
178 182
164 324
144 204
0 314
246 281
65 191
57 396
232 264
200 316
102 297
6 10
239 247
153 322
170 365
248 389
223 228
86 329
225 254
247 379
178 237
252 347
180 242
209 290
212 298
170 285
146 210
170 203
184 372
244 372
78 138
199 351
18 332
265 389
3 145
80 213
109 373
92 370
228 364
279 307
60 257
84 108
138 279
8 46
149 188
114 274
60
57
49
82
96
119
176
101
98
140
135
138
78
75
115
136
74
180
70
225
140
182
68
83
131
137
175
146
133
127
112
167
99
138
66
98
63
101
146
53
110
54
154
168
165
211
139
98
51
137
89
77
84
73
190
84
59
92
73
75
126
67
135
157
128
157
129
73
110
209
73
28
67
112
175
108
135
76
79
69
164
110
147
146
70
117
134
134
110
123
96
143
123
66
17
197
20
149
75
41
41
51
36
27
66
41
81
149
64
108
122
74
132
87
148
130
32
153
124
199
78
63
57
96
16
86
129
52
116
180
103
94
7
33
97
155
47
95
101
27
87
51
183
118
215
167
153
80
65
135
97
24
174
104
128
176
80
87
78
107
124
151
71
184
149
185
203
71
40
34
205
32
60
101
82
136
56
101
186
184
87
176
55
45
77
91
138
73
177
75
35
130
70
94
74
20
90
126
97
27
68
216
68
63
83
96
97
101
161
34
99
62
14
137
96
131
51
262
99
49
136
136
82
50
95
149
46
49
83
129
44
76
151
32
66
99
108
155
91
128
98
113
24
252
158
72
105
130
168
86
155
115
105
123
157
54
78
112
48
64
94
100
88
59
84
82
71
42
195
60
100
94
25
152
123
95
122
191
131
136
138
119
170
24
107
98
192
69
40
56
57
32
180
62
18
78
53
55
128
107
123
13
73
86
49
44
71
129
184
78
128
101
189
118
81
52
96
45
180
201
68
15
65
131
92
134
78
111
153
39
104
152
44
91
59
123
50
53
69
69
109
93
118
89
119
82
85
162
152
164
47
121
69
97
66
172
87
179
62
210
34
60
187
140
190
22
71
27
36
152
35
96
57
104
118
137
90
85
93
12
56
107
138
54
97
63
101
67
110
94
57
59
219
159
35
37
46
61
81
39
79
72
137
155
131
99
61
54
68
176
97
64
101
107
131
81
70
204
222
117
138
135
96
141
59
38
36
158
212
120
76
165
66
109
63
62
177
65
77
155
56
95
78
188
137
43
162
195
60
114
63
146
148
83
143
27
181
159
48
68
53
76
125
39
215
174
161
138
145
52
108
90
166
222
38
16
164
42
68
124
43
116
177
72
71
216
81
97
135
92
128
138
147
116
85
128
101
93
72
90
39
67
119
172
87
143
173
77
66
189
84
159
181
76
107
185
142
140
137
52
49
32
103
84
56
87
26
92
212
28
134
213
37
50
117
87
104
100
103
80
199
198
146
53
23
210
139
85
154
99
147
136
65
88
125
158
46
114
39
100
155
15
55
145
145
178
258
121
44
81
51
133
91
76
79
56
94
119
81
209
83
93
131
118
18
80
42
158
165
98
142
63
53
244
139
75
117
11
36
213
87
54
41
114
29
148
38
64
22
107
112
127
45
19
55
98
49
152
57
69
185
91
34
21
187
107
141
29
190
107
61
141
39
147
183
140
155
177
124
51
104
107
56
118
97
34
76
148
42
31
23
98
241
104
74
61
218
144
80
99
84
125
27
98
69
137
14
204
22
80
139
111
176
64
138
117
15
24
186
51
108
72
105
70
215
71
86
101
20
25
110
65
82
88
138
144
30
144
89
125
81
141
26
125
206
29
177
146
90
114
86
131
169
85
145
68
85
119
66
39
82
129
108
104
67
129
71
96
116
135
104
115
131
139
46
83
74
36
130
76
127
195
87
135
149
88
96
115
34
56
61
120
61
129
114
116
93
122
113
157
94
105
100
43
90
76
182
127
161
50
103
55
65
85
214
126
92
157
189
58
94
93
219
26
28
11
157
209
145
180
75
61
61
122
110
13
83
140
76
57
82
56
124
119
187
94
99
136
171
78
40
87
100
122
153
111
40
142
97
19
10
82
181
200
82
37
86
161
65
94
104
100
122
57
75
15
114
151
90
138
206
146
56
149
159
52
201
57
132
100
73
199
83
75
52
42
144
24
71
98
83
64
116
50
60
68
174
119
94
78
62
113
148
51
54
156
86
62
89
101
74
88
35
91
136
98
156
188
48
64
80
164
16
171
33
184
146
89
157
146
66
134
25
164
53
48
29
159
97
150
167
253
103
51
192
131
33
127
52
206
75
32
62
119
133
47
18
57
26
114
138
71
75
98
149
47
191
103
189
120
138
95
96
52
156
163
199
72
128
172
77
60
73
100
92
44
201
151
25
69
39
82
120
64
65
145
26
99
76
26
53
63
74
63
90
94
78
142
201
187
14
140
154
94
118
84
137
82
17
108
166
129
173
122
124
126
104
65
112
174
94
60
141
101
46
89
174
164
197
61
102
93
88
204
119
178
191
72
83
61
66
49
93
116
10
109
95
73
83
91
163
72
198
55
92
46
166
75
55
125
53
124
105
25
191
130
30
164
96
137
53
56
143
111
80
144
43
58
52
193
89
120
117
79
47
55
92
132
164
34
110
197
99
85
68
52
181
194
55
101
112
138
63
31
176
127
170
98
45
77
49
35
42
69
121
34
161
126
119
156
18
103
119
132
106
76
104
99
84
8
76
90
90
186
98
111
91
102
28
90
71
87
159
80
68
45
129
156
155
177
112
8
211
71
149
9
118
52
128
206
76
72
89
95
176
97
191
50
44
167
107
58
123
143
67
61
80
179
59
101
96
185
43
138
72
41
161
112
69
70
218
63
150
157
66
131
110
79
119
110
108
57
168
139
128
141
55
209
31
70
18
66
154
79
99
15
55
207
105
210
39
32
152
28
152
211
125
120
81
156
127
67
106
139
44
149
119
128
81
136
136
65
115
56
48
185
211
79
70
130
258
99
88
126
159
31
36
67
44
42
120
129
97
73
63
146
82
64
86
68
98
153
112
117
143
65
119
101
142
135
59
162
165
153
104
107
50
44
48
170
94
104
118
122
57
99
76
37
50
18
195
45
93
79
96
62
119
140
91
205
62
67
39
70
210
111
98
239
87
10
147
73
71
76
25
132
57
86
153
97
144
78
22
196
20
113
88
83
118
42
73
66
154
110
154
62
57
69
188
217
58
184
129
109
25
162
172
192
89
44
64
45
185
84
68
43
122
33
85
95
178
91
105
100
103
84
98
113
99
192
60
91
152
195
46
200
73
72
93
101
78
37
115
48
55
31
258
139
81
85
214
166
162
128
110
130
59
131
54
67
91
105
51
61
119
125
216
62
142
45
86
172
175
94
82
147
47
78
117
51
199
61
89
58
146
98
137
187
84
46
164
65
134
175
163
99
81
105
135
38
208
69
72
142
136
98
119
92
51
107
34
86
110
83
142
37
90
107
214
46
91
31
131
74
47
73
90
198
40
156
135
87
177
180
18
183
65
155
34
140
95
67
86
167
123
86
39
84
78
95
64
56
97
74
192
25
67
84
102
166
163
26
78
86
254
162
187
26
168
194
56
101
59
164
79
189
164
106
82
100
125
124
128
227
54
112
77
27
96
103
35
49
117
117
131
86
24
96
124
91
162
85
17
125
111
126
152
46
96
59
156
132
73
45
138
35
188
215
91
169
76
86
78
106
216
96
50
95
64
153
93
76
81
28
47
104
154
140
89
93
109
55
155
77
195
63
85
85
77
101
175
107
41
145
47
105
50
59
82
258
176
94
99
92
44
44
54
97
195
60
81
139
81
14
64
46
92
64
32
162
93
185
167
67
76
114
127
92
43
128
187
101
69
102
103
70
113
93
26
56
185
85
113
145
152
101
114
92
61
111
102
71
117
127
65
33
109
134
124
73
131
64
115
35
17
75
153
121
41
100
179
171
193
129
31
58
125
42
36
60
20
76
99
34
144
17
87
179
76
50
150
118
198
175
57
82
90
129
44
70
61
59
44
211
62
41
116
117
56
30
13
154
178
26
96
146
123
75
138
226
220
135
221
79
26
132
81
15
151
33
64
157
122
74
22
108
53
170
143
76
89
193
178
88
106
44
57
23
224
51
38
110
76
21
130
66
56
80
136
195
102
146
108
171
142
114
98
32
181
129
91
110
44
121
103
187
90
87
127
95
92
181
103
45
138
105
58
28
149
133
34
44
114
87
178
116
91
106
97
142
149
86
120
37
190
42
163
149
68
68
185
234
98
100
24
102
93
155
122
124
104
111
97
103
10
166
15
113
62
90
64
164
103
159
170
137
122
118
146
100
84
158
114
14
113
48
68
145
107
168
78
119
103
158
63
59
125
16
88
131
64
100
112
75
108
177
196
109
122
80
96
171
91
70
208
156
52
142
71
108
208
103
215
79
119
56
139
47
58
209
74
133
148
42
61
37
106
188
86
87
78
146
108
133
78
141
152
43
84
122
67
48
96
89
103
56
106
55
103
85
180
42
160
147
64
73
126
89
38
157
80
115
87
100
87
161
219
32
57
164
94
70
133
72
216
23
202
70
113
150
136
221
93
78
172
77
71
100
118
125
145
225
75
35
53
86
52
56
97
129
9
151
92
220
89
131
69
126
95
139
98
53
111
63
52
85
170
56
18
75
114
72
184
88
49
135
86
51
53
178
59
113
176
66
127
