14 399
446 193
519 758
512 72
620 770
458 223
476 178
221 149
194 673
274 86
422 39
232 279
184 412
716 447
380 187
526 770
738 102
477 279
693 623
501 557
696 640
749 95
736 235
550 105
392 595
618 223
344 100
599 439
605 366
681 631
579 336
796 417
146 399
788 132
661 163
98 746
86 119
152 93
657 360
278 797
134 712
774 788
305 461
731 785
131 762
719 143
684 788
626 666
138 718
131 362
788 781
517 628
268 276
13 744
203 97
688 94
301 394
464 611
611 180
483 280
693 8
678 358
782 744
350 31
82 179
384 726
443 773
44 73
13 479
547 483
27 512
310 102
32 469
340 689
295 763
81 75
221 101
590 638
335 48
162 455
717 400
161 556
445 7
668 280
721 110
220 744
97 241
743 792
146 250
376 577
47 581
569 262
800 706
778 179
441 575
299 534
200 577
783 140
541 449
636 142
506 582
304 450
768 404
109 494
631 57
789 440
704 574
71 572
11 98
594 533
607 437
727 710
437 489
382 275
607 487
191 71
6 593
172 602
392 433
679 572
264 780
446 499
245 675
534 385
204 251
557 157
619 358
77 464
102 613
438 327
335 302
321 144
61 614
432 86
129 218
336 682
314 364
359 332
577 174
554 710
565 103
654 592
531 49
322 696
450 257
454 149
231 353
115 535
647 12
716 243
601 682
32 551
221 489
35 235
654 109
215 471
757 766
652 4
760 119
63 33
306 275
123 649
788 656
685 463
1 383
125 568
211 127
627 449
575 290
604 388
208 349
452 772
376 68
639 598
374 557
665 113
420 525
639 349
648 92
501 624
440 588
545 576
277 284
650 390
526 502
578 353
124 121
695 523
233 479
26 418
773 222
417 17
654 543
679 590
471 228
758 561
338 427
289 547
708 338
718 323
274 591
383 503
459 685
109 515
656 331
523 227
765 481
589 124
233 404
82 267
424 163
479 79
65 323
334 391
733 439
149 392
568 645
336 226
75 606
366 323
328 381
244 247
242 615
350 783
154 466
120 259
689 58
556 542
579 104
495 619
354 571
122 328
391 762
158 518
78 149
98 327
231 70
743 141
272 774
199 271
177 386
545 790
135 402
672 171
532 432
251 87
569 527
443 445
421 138
462 668
272 585
520 792
144 293
476 642
777 328
428 233
562 384
48 427
751 668
639 1
71 121
320 635
399 619
410 288
271 140
334 444
590 625
105 127
545 797
786 295
220 270
712 37
339 330
575 529
442 19
501 147
566 350
114 754
347 107
569 96
708 401
153 112
555 656
436 501
159 168
158 738
277 620
668 336
311 188
575 578
227 708
246 183
621 474
696 288
374 225
160 572
181 714
83 786
696 146
779 524
642 124
681 797
36 444
27 467
743 539
169 163
412 126
149 204
56 114
624 760
478 729
254 796
261 279
555 312
22 8
772 609
691 337
422 437
601 662
610 676
688 739
714 479
438 242
725 592
736 125
459 392
390 129
477 332
667 167
152 176
542 332
770 729
755 142
604 315
792 4
414 321
256 625
60 718
701 548
416 216
470 482
414 253
512 139
562 243
83 101
452 196
185 559
360 484
436 334
624 275
320 603
634 206
480 670
499 8
795 320
282 335
782 627
48 176
101 144
159 719
147 58
158 189
631 776
444 764
232 788
461 123
758 367
89 275
336 249
777 138
674 796
645 760
50 37
399 483
296 507
116 199
528 157
749 684
371 478
657 528
705 522
461 87
36 611
271 154
262 82
447 111
520 763
170 337
723 169
224 530
302 72
702 109
639 690
616 517
326 328
396 385
202 707
618 389
681 491
312 110
73 262
344 358
301 362
199 269
18 141
66 386
16 369
185 256
71 264
215 231
113 322
15 268
157 178
147 295
221 291
20 193
130 137
222 250
258 377
298 324
231 242
104 226
144 345
120 238
21 334
44 48
119 192
146 387
69 273
15 171
106 187
166 245
1 210
120 223
340 373
171 386
247 283
152 346
241 268
319 392
90 218
88 270
121 283
261 336
237 369
165 295
145 345
89 262
55 271
1 345
206 304
220 394
293 349
73 232
75 186
130 368
5 59
39 74
68 302
1 322
141 379
169 397
327 330
50 87
44 297
233 389
210 306
254 269
117 165
210 339
9 76
68 70
336 350
28 276
71 245
147 218
36 260
24 262
44 296
87 370
24 174
187 380
93 97
84 332
69 114
362 392
101 374
59 144
43 156
125 342
41 43
88 225
20 323
152 155
45 243
30 91
348 395
42 196
342 365
100 253
34 300
149 199
122 286
106 192
61 204
13 163
221 312
18 29
11 170
99 243
270 312
202 310
277 359
56 355
52 312
38 316
26 326
40 359
201 373
186 234
90 132
135 286
119 173
8 336
106 379
249 262
214 398
260 281
370 371
10 191
235 252
166 264
313 330
55 157
59 194
182 355
99 328
128 295
23 342
48 337
23 138
56 196
30 256
156 331
12 146
122 336
181 227
164 212
194 341
102 280
234 308
156 320
112 121
144 194
295 389
194 322
304 321
64 260
171 202
176 347
162 331
234 267
77 318
56 213
27 169
298 388
157 226
22 269
78 390
264 291
76 236
103 233
28 256
231 252
200 350
198 280
278 326
381 385
100 289
170 240
18 173
24 350
109 393
18 106
23 228
38 204
46 87
122 290
40 396
53 277
43 301
198 354
90 107
140 142
273 289
193 323
16 334
7 383
70 107
70 151
35 40
6 194
96 165
48 359
239 270
62 111
217 288
229 352
81 103
57 262
91 313
79 215
19 94
283 378
290 296
147 224
219 220
29 47
143 223
9 264
177 183
57 179
130 394
104 148
225 252
7 76
141 192
51 179
204 349
66 251
101 378
12 224
117 233
192 193
99 154
233 295
35 48
33 324
280 366
187 304
276 330
90 151
20 258
315 323
122 261
26 131
106 380
25 138
36 281
310 386
97 369
255 294
247 340
98 123
278 306
330 333
94 253
201 378
202 229
57 352
23 275
39 120
127 203
186 281
65 202
4 370
163 321
317 325
247 317
117 295
27 114
63 172
203 224
111 320
173 193
354 366
165 218
179 253
83 199
17 144
11 239
130 160
65 66
86 225
125 138
34 154
68 127
257 303
34 298
323 356
11 124
113 219
127 189
21 84
17 348
100 227
51 282
22 293
179 202
276 333
26 399
52 182
35 277
107 382
235 367
52 130
83 293
210 345
150 309
311 364
79 155
58 328
125 275
278 399
108 308
31 80
56 265
5 205
17 59
186 284
29 323
308 358
285 396
164 302
70 127
134 225
145 365
74 238
84 158
160 217
109 289
329 361
237 324
91 343
313 333
109 292
174 350
364 396
67 260
23 376
30 276
190 388
171 363
2 202
255 263
17 194
168 349
118 265
30 330
134 375
175 391
229 253
274 353
110 167
89 350
306 381
4 371
230 350
81 203
19 57
50 156
23 279
326 385
180 253
13 206
13 280
56 101
110 292
8 40
112 247
45 298
101 213
61 183
222 350
149 388
167 183
307 361
248 326
10 133
52 124
14 131
47 173
254 316
343 349
12 155
137 219
275 342
126 177
219 263
80 280
75 372
107 147
62 331
104 178
64 134
28 38
215 240
96 286
226 259
54 76
11 270
3 381
185 276
177 287
175 298
235 387
210 365
85 238
45 158
264 399
221 239
16 391
301 371
128 132
142 353
76 384
292 393
27 69
8 161
70 257
46 156
198 204
237 391
66 310
12 79
64 375
184 244
65 363
29 173
147 233
4 268
258 315
55 298
231 235
26 71
239 387
58 207
136 272
145 381
7 264
34 45
122 143
39 85
184 273
174 230
133 145
26 306
163 292
192 393
124 270
294 341
286 336
131 288
45 332
16 324
198 366
16 84
7 245
28 126
177 204
100 179
174 262
28 169
114 273
38 287
186 305
80 214
202 363
191 274
145 275
168 185
299 321
67 314
80 198
69 246
25 58
111 331
140 376
250 374
57 202
258 356
86 367
46 362
181 273
122 296
36 186
91 349
112 340
307 329
79 233
109 227
315 356
116 132
281 305
127 224
305 307
139 282
283 340
379 393
169 256
243 300
199 366
167 397
252 387
197 222
195 304
57 249
10 211
110 114
167 398
10 385
65 223
121 373
169 185
119 304
96 200
271 334
197 389
46 320
70 90
75 234
118 395
310 363
309 320
283 317
71 78
37 267
206 380
167 292
21 271
195 315
238 364
160 182
62 258
32 49
108 314
320 370
48 161
167 169
276 313
170 208
109 184
104 157
136 355
281 329
211 385
179 181
67 344
194 345
109 246
133 365
57 229
152 233
189 302
189 257
231 387
50 111
136 219
46 309
58 125
143 261
163 280
51 216
87 301
267 358
99 228
221 288
44 337
145 326
129 327
338 398
27 256
21 369
55 226
101 347
66 363
73 143
43 50
140 279
333 349
200 389
5 255
284 329
139 386
219 394
121 176
113 137
67 159
114 167
124 221
225 231
86 375
196 265
48 285
17 327
162 315
97 324
131 264
194 339
114 227
192 338
213 394
379 380
197 230
52 270
83 316
328 351
217 368
49 242
32 224
240 242
9 399
95 197
18 20
207 279
335 395
65 143
199 254
123 256
61 280
94 180
99 207
166 281
11 160
94 100
153 357
264 288
90 165
246 393
158 369
256 330
282 318
31 366
212 231
224 233
282 319
212 235
45 84
49 212
125 207
39 290
187 192
255 322
96 233
0 68
84 226
118 373
209 231
69 244
60 259
0 127
119 141
301 309
6 248
139 150
75 260
317 340
79 188
35 337
129 335
253 352
14 339
36 234
59 205
107 132
160 368
131 399
16 271
91 205
104 154
70 203
220 395
144 339
210 385
324 391
113 335
38 61
266 289
58 138
217 294
269 354
88 367
314 372
171 310
6 145
130 219
255 341
58 99
212 367
75 360
114 192
300 328
129 144
26 63
208 240
49 387
9 71
41 62
35 285
160 272
138 207
109 181
76 245
6 210
114 393
2 241
183 280
163 214
106 315
56 136
279 342
76 115
92 377
252 367
136 196
197 286
90 147
106 338
82 191
220 272
165 233
85 285
384 390
46 301
327 335
9 236
3 279
245 383
107 151
55 84
137 335
12 215
109 114
71 399
176 340
34 243
72 189
186 308
139 310
0 302
37 54
160 394
42 347
99 298
33 332
82 353
118 196
40 277
8 296
198 316
123 327
16 21
47 77
151 303
72 303
63 390
14 210
177 316
89 180
78 399
106 119
55 154
124 312
277 296
28 397
103 127
59 129
98 244
112 317
8 48
56 208
150 266
16 55
35 44
10 172
170 215
301 370
8 222
166 236
21 332
149 190
169 276
42 188
48 297
148 157
45 237
58 243
81 295
66 232
194 255
68 189
131 390
25 91
47 216
338 380
93 237
358 361
54 384
83 204
148 259
169 183
68 257
215 242
4 362
81 165
54 281
74 85
197 374
119 338
272 394
113 272
109 192
227 246
99 175
187 398
175 226
120 364
213 272
305 375
226 271
332 369
344 372
365 381
24 89
162 377
158 332
198 287
148 178
30 185
43 331
186 344
6 205
199 293
2 386
9 383
158 324
147 203
13 398
14 255
123 185
210 248
259 271
160 312
263 322
120 290
146 170
186 358
27 397
113 255
183 397
43 320
179 352
86 209
78 172
84 298
239 312
125 140
296 396
49 252
38 183
25 349
29 193
70 303
175 178
233 346
70 116
128 147
96 336
8 396
224 242
112 118
6 365
215 224
5 322
95 250
261 350
14 217
12 242
157 271
209 212
39 364
104 259
214 280
147 165
243 351
134 329
102 214
42 101
128 218
25 328
72 103
90 116
308 344
80 366
102 254
179 282
216 319
110 397
176 378
61 80
19 181
138 140
135 350
73 350
304 380
328 388
237 298
1 145
131 278
12 240
7 54
241 386
22 149
296 359
71 131
260 357
62 377
179 229
53 337
325 327
202 253
172 326
201 230
260 308
137 394
34 351
258 331
182 221
355 394
223 232
154 178
198 293
312 355
62 87
206 214
145 248
43 111
164 189
288 383
195 338
15 386
111 162
132 151
200 222
161 218
29 392
74 364
86 134
157 259
176 180
168 333
19 179
84 175
281 358
8 290
141 338
64 234
324 369
9 384
77 173
81 233
373 378
110 183
67 108
284 305
127 302
132 218
309 392
124 239
211 365
241 251
119 193
126 183
247 325
40 48
206 321
81 117
1 14
112 201
77 319
79 242
195 380
1 339
185 313
118 347
139 241
18 323
365 385
229 249
204 287
115 360
92 111
115 245
16 237
88 329
102 105
250 286
33 237
325 348
180 229
310 352
33 93
196 347
82 211
200 261
256 276
193 338
72 151
28 204
236 384
31 206
38 397
112 378
306 326
30 126
207 228
144 341
51 181
71 383
165 346
19 51
192 398
199 204
77 150
256 397
250 389
136 220
130 217
92 356
136 213
101 188
255 339
31 105
9 245
263 294
154 207
15 310
308 357
133 274
213 395
118 247
255 345
28 183
118 378
242 387
137 213
64 267
81 147
199 316
246 273
251 386
248 365
133 306
86 252
281 360
11 52
47 266
150 282
134 209
219 272
42 56
188 389
68 103
67 308
5 194
173 318
139 319
99 351
43 370
21 237
126 256
234 260
238 311
181 289
38 169
32 242
145 342
298 328
49 235
120 311
10 381
47 319
152 389
122 222
79 240
321 398
176 283
21 324
61 198
4 320
159 308
112 176
82 381
290 311
32 79
239 252
266 319
35 53
130 272
36 75
225 375
32 240
170 387
280 316
0 164
210 326
277 337
116 151
176 373
3 140
159 344
8 117
19 246
134 361
137 395
209 235
71 384
63 191
332 388
17 255
60 334
225 235
12 49
79 103
178 226
219 335
196 378
130 355
85 396
72 127
100 181
116 218
290 364
51 253
93 332
26 390
0 303
248 306
77 282
24 57
165 203
92 162
207 376
43 371
25 34
42 378
85 122
234 344
18 258
7 166
213 220
65 73
60 226
34 175
65 135
93 388
110 169
203 233
326 365
129 325
56 394
277 297
313 343
299 304
21 158
13 380
2 66
21 45
298 391
94 174
179 249
74 311
52 355
142 228
6 275
4 46
275 376
358 375
325 395
34 99
95 350
227 273
61 316
187 321
153 367
349 351
11 355
216 266
30 333
20 377
57 100
154 300
338 379
127 303
135 143
57 180
55 391
96 117
153 209
264 384
304 315
211 342
121 317
117 346
133 385
103 224
8 122
251 310
56 220
126 204
92 156
21 391
200 250
263 335
57 94
236 390
21 33
327 348
237 388
33 158
45 391
44 359
99 178
113 341
88 375
11 221
55 300
2 139
272 355
64 308
266 282
307 375
227 393
47 318
214 366
265 347
159 372
322 345
94 262
125 228
232 310
142 211
292 379
88 209
260 267
81 96
111 156
95 230
99 300
184 227
177 397
43 87
63 78
64 86
27 167
106 141
13 80
29 106
139 216
52 239
12 170
27 98
318 319
2 363
263 348
154 298
64 153
251 363
133 381
26 172
123 276
28 30
309 370
72 257
83 287
28 177
304 323
175 300
234 375
48 277
124 307
78 278
20 141
31 102
133 326
199 354
25 351
204 333
287 316
150 216
187 193
320 371
22 190
216 282
249 352
19 229
37 360
159 314
65 171
130 312
269 366
102 206
97 190
288 368
182 394
96 250
209 225
40 296
284 375
88 134
113 130
211 275
155 224
71 390
185 333
107 218
211 381
306 365
97 332
111 377
36 358
329 375
114 246
245 384
275 385
331 377
290 396
247 373
68 151
69 109
181 266
379 398
137 263
173 266
5 6
347 374
145 210
66 171
304 338
83 349
107 165
128 161
30 169
205 376
10 63
281 284
156 301
87 320
133 172
2 15
113 217
129 263
249 253
75 308
70 189
44 277
77 266
36 308
76 264
15 241
19 100
106 193
185 397
114 292
138 351
234 357
64 357
144 263
11 312
135 261
265 374
6 342
77 216
263 341
197 250
222 336
149 293
222 286
154 391
73 135
22 93
243 388
320 392
141 173
108 344
213 265
94 176
347 378
64 358
320 362
2 251
27 292
30 313
347 373
299 338
7 291
211 353
39 238
195 356
229 282
37 344
128 382
6 376
264 383
192 380
141 193
177 333
27 110
37 115
107 128
204 293
4 309
202 352
133 211
88 361
84 324
86 88
37 76
54 115
27 244
61 287
171 232
267 308
203 295
322 341
87 156
43 46
308 372
223 238
75 267
137 220
70 72
250 350
155 233
10 82
9 390
90 128
151 218
6 345
305 361
96 389
49 215
118 317
117 222
51 57
176 201
191 353
15 139
38 177
171 251
188 374
53 297
70 302
225 307
206 299
204 316
245 399
136 137
322 339
44 285
194 205
104 175
24 180
39 223
3 342
14 294
321 338
321 380
103 165
33 97
72 302
309 362
150 318
112 373
163 187
118 213
182 368
38 198
62 156
125 279
117 128
1 255
361 375
79 224
45 328
243 328
247 395
245 264
30 168
48 296
151 382
77 392
114 379
85 364
84 391
20 29
230 262
152 224
2 310
59 327
317 395
40 337
346 389
180 262
193 379
152 188
23 142
89 176
25 343
69 227
88 307
5 345
52 221
108 372
59 322
236 245
285 359
108 260
324 332
105 214
267 281
130 182
125 205
166 305
96 295
91 168
136 394
5 341
102 354
100 229
69 184
76 166
181 246
232 363
140 228
216 318
184 246
201 347
187 379
324 388
172 191
220 265
74 143
186 360
36 67
132 382
68 303
231 367
189 303
98 110
89 201
200 336
41 50
12 387
240 387
40 161
34 58
15 251
60 271
105 366
1 6
87 331
134 305
362 371
137 272
45 388
89 174
181 229
301 320
52 368
195 299
323 338
14 288
101 220
55 175
186 267
124 291
16 332
50 331
60 148
101 265
113 368
29 258
8 285
81 346
20 111
37 186
144 255
67 75
75 159
60 104
184 340
89 230
31 214
163 380
275 365
121 340
121 247
380 398
103 147
154 175
143 286
36 344
164 257
342 376
126 333
85 311
1 194
273 292
91 333
201 317
118 201
102 366
162 356
39 311
62 92
14 326
145 385
22 388
113 263
244 256
10 274
260 358
290 359
80 163
144 322
295 346
55 60
317 373
248 381
75 344
371 392
54 245
60 157
215 387
249 310
88 252
190 332
172 306
13 105
95 374
175 328
128 165
166 291
225 367
58 300
123 330
28 185
88 239
359 396
51 249
92 331
268 386
299 380
45 324
297 337
261 286
95 200
292 398
357 358
127 257
218 382
146 208
7 305
278 390
12 208
119 380
196 395
192 379
74 290
42 95
163 398
133 248
19 184
177 185
199 287
3 23
168 343
134 367
12 32
294 368
129 348
47 150
2 268
134 307
237 332
140 207
178 207
8 359
107 116
32 387
32 231
265 373
205 343
111 258
214 321
178 391
234 358
123 244
186 329
283 373
41 92
161 382
51 352
250 336
73 74
105 206
196 220
92 258
71 278
150 392
260 344
226 391
79 152
103 302
109 273
11 182
29 141
267 344
254 366
243 298
167 393
5 339
113 294
85 296
172 278
155 389
2 171
166 384
46 371
101 196
50 92
106 323
46 370
277 285
228 300
142 279
126 397
26 278
88 124
161 359
17 129
390 399
85 290
250 261
40 44
3 211
28 333
126 276
15 363
200 286
43 62
246 289
155 208
173 289
1 144
294 322
0 72
109 379
254 354
57 253
90 382
221 270
228 279
119 187
315 377
285 290
286 350
42 265
16 158
80 102
188 208
23 140
82 274
132 161
138 376
162 258
34 328
17 322
197 350
41 87
74 223
265 378
115 236
93 190
3 353
133 191
85 120
168 330
82 133
197 200
41 331
362 370
18 119
148 271
131 383
212 225
163 167
201 283
273 393
119 323
187 338
7 284
134 284
196 213
23 125
155 188
19 180
5 210
16 45
11 146
61 177
52 160
80 183
44 53
86 153
288 291
19 227
89 94
5 17
222 346
293 316
77 289
120 396
195 323
84 237
306 385
284 361
89 261
24 176
24 230
74 120
251 268
96 222
339 341
23 207
49 240
73 261
97 158
4 301
51 229
48 396
257 302
95 389
339 345
284 307
183 287
374 389
294 339
174 201
26 78
119 379
115 166
97 237
35 359
83 149
61 199
285 297
30 177
302 303
36 267
32 215
9 26
37 281
75 314
117 161
49 231
106 195
47 392
30 123
238 290
1 341
18 193
99 138
65 232
275 345
4 241
207 300
287 293
146 240
168 313
169 177
147 346
96 346
50 62
178 300
145 306
126 169
198 199
86 307
98 256
148 226
173 192
168 276
5 144
131 326
266 318
182 312
112 283
40 285
230 261
152 374
291 383
202 249
209 252
190 269
363 386
209 367
329 358
245 390
182 270
179 216
51 100
175 243
226 334
126 185
68 72
107 203
121 201
130 136
42 374
158 237
41 46
356 377
37 166
384 399
13 214
3 142
61 126
248 385
103 203
13 321
211 274
67 372
94 229
161 296
40 297
33 369
100 180
317 378
284 358
29 119
186 260
318 392
335 348
216 289
122 396
20 106
185 330
125 376
115 281
8 85
1 248
106 304
126 287
38 126
24 94
17 263
58 351
198 254
220 355
35 297
166 383
150 319
81 389
98 184
54 360
14 248
36 64
116 382
85 359
174 176
54 236
69 98
75 108
305 329
93 369
0 189
140 342
13 102
0 257
146 355
55 178
54 166
139 318
309 371
227 289
183 204
160 221
94 121
1 5
285 296
41 156
383 399
160 355
143
91
126
192
92
87
146
67
56
176
163
98
249
87
192
75
61
82
46
129
111
147
153
18
293
74
65
98
153
178
150
105
51
241
194
140
78
223
9
77
93
147
29
128
42
64
77
56
139
18
167
64
93
116
168
111
63
91
79
66
144
33
189
119
91
130
58
87
117
120
106
61
143
90
164
90
39
67
195
165
80
14
101
53
100
86
90
72
89
74
90
70
133
37
88
189
152
123
129
176
98
144
94
141
59
79
59
27
99
106
89
99
125
102
23
119
102
73
72
109
56
252
142
142
158
128
200
206
98
27
99
92
43
225
144
104
93
93
119
123
142
71
151
106
163
147
99
161
149
136
82
185
14
76
128
49
192
173
170
178
158
104
69
86
99
73
105
141
110
74
86
55
122
95
67
83
75
73
139
107
85
80
57
59
85
40
166
107
150
153
92
122
42
145
110
124
192
134
163
97
82
105
218
48
59
82
88
63
112
159
85
159
98
139
110
184
171
175
142
103
122
40
60
139
56
120
61
48
129
232
213
73
130
107
59
137
132
62
133
124
68
93
136
118
178
117
89
135
122
98
11
111
128
86
134
82
121
56
188
95
171
46
105
56
161
100
61
102
30
79
115
47
184
84
77
169
175
70
196
95
68
106
145
60
48
124
85
118
59
178
73
115
148
76
75
154
50
119
155
78
37
16
44
132
125
111
45
70
128
29
93
149
115
94
55
148
87
168
15
175
156
65
61
203
147
70
33
29
108
151
64
35
50
37
130
194
102
251
128
155
54
205
19
221
106
104
104
81
69
69
83
70
106
54
112
101
44
55
79
120
96
27
112
66
93
57
126
46
137
121
42
86
106
152
157
168
24
61
130
193
143
119
246
108
134
33
28
52
122
20
66
88
50
76
95
94
86
182
197
53
30
136
17
38
117
85
75
161
126
119
97
73
59
55
139
55
72
165
166
251
78
118
98
137
62
62
144
90
83
57
92
112
124
34
59
74
94
75
151
87
142
230
179
155
28
134
176
88
123
40
91
31
130
81
34
64
19
105
26
65
57
102
58
130
27
184
70
121
64
86
174
159
98
90
103
108
86
135
195
118
78
59
82
79
88
110
101
88
36
146
80
40
59
107
118
65
151
65
94
91
102
78
131
118
170
61
134
111
133
197
183
80
135
132
152
111
123
145
137
85
215
88
51
126
93
154
173
206
32
148
79
95
76
135
72
181
62
149
84
44
63
76
148
77
167
100
127
127
53
52
59
60
80
78
57
112
113
122
187
154
169
159
90
66
43
172
172
245
91
40
162
193
87
59
118
14
43
69
9
122
123
36
33
107
73
67
166
48
98
67
172
67
46
44
87
84
74
131
87
148
48
130
50
150
132
98
144
31
72
87
123
106
22
43
78
194
74
149
63
55
22
142
159
204
81
165
182
204
87
51
137
124
144
113
131
161
67
46
194
72
297
75
22
94
143
151
68
133
98
135
119
37
184
134
164
127
164
170
91
30
70
96
90
175
75
87
74
206
77
127
185
174
112
74
79
154
42
121
96
101
73
178
66
103
63
55
30
79
67
109
112
136
76
194
167
57
65
116
176
112
89
195
54
78
64
89
127
93
160
46
196
100
151
122
134
150
117
63
77
146
157
79
60
15
186
110
82
195
88
97
92
70
130
9
89
25
122
135
108
116
96
79
176
88
36
131
81
96
55
25
93
31
107
120
5
130
150
152
145
167
71
80
92
228
35
101
115
37
160
81
76
142
72
85
93
189
11
138
111
116
91
71
205
174
27
62
135
24
83
93
93
210
183
160
73
59
136
174
73
30
135
113
40
21
98
85
226
51
43
24
207
171
54
103
85
86
40
173
64
74
24
170
83
65
52
43
109
147
25
140
116
81
54
10
138
58
27
141
111
90
72
107
86
117
198
69
91
91
151
56
122
58
82
112
120
86
110
64
166
84
62
68
90
53
90
107
93
108
83
150
162
142
97
81
60
41
109
59
189
175
105
117
126
36
56
67
106
17
83
150
164
79
46
145
165
102
140
78
111
65
53
104
107
142
52
113
48
123
76
49
64
48
36
41
93
124
91
24
144
130
58
129
129
25
72
104
77
54
92
79
40
91
100
145
122
104
81
109
118
101
24
124
204
110
182
87
172
85
24
66
73
152
150
159
105
131
43
74
24
86
107
46
83
122
24
102
37
125
54
62
70
51
52
143
7
119
125
158
163
43
75
116
49
109
133
174
107
39
134
33
90
207
73
98
81
83
104
101
96
64
126
112
161
177
174
94
70
92
128
91
112
92
101
47
112
32
60
60
135
108
217
112
92
60
150
92
59
197
117
46
226
60
43
51
206
175
119
130
127
76
124
108
71
128
212
122
74
119
35
7
60
119
128
174
102
92
139
142
78
28
158
97
202
76
36
84
70
134
132
101
151
86
64
59
68
12
118
60
133
35
175
41
92
105
140
38
67
44
53
122
160
80
190
127
73
119
138
175
37
102
120
84
70
176
51
116
146
145
59
117
203
88
108
107
179
132
118
72
83
144
159
208
143
97
113
55
172
153
61
119
45
117
188
56
67
116
81
40
86
132
132
144
171
103
120
150
80
67
139
69
25
64
68
124
127
168
91
125
133
175
213
73
143
74
39
147
130
87
48
69
115
113
179
86
81
86
54
92
183
94
172
63
64
117
98
179
222
34
76
150
65
48
121
105
60
84
29
71
84
62
192
93
144
75
83
97
139
191
47
51
185
143
10
34
107
183
65
121
101
37
108
55
145
104
89
52
116
130
145
209
89
94
129
54
212
88
23
81
155
98
242
120
184
164
48
113
100
121
26
72
91
34
42
91
37
135
56
88
173
137
157
82
34
214
126
65
212
210
41
91
92
116
179
131
150
49
94
59
155
53
152
99
137
48
78
85
31
55
47
93
161
77
96
37
31
87
54
136
91
226
175
169
163
188
154
164
87
140
127
36
151
72
149
46
119
61
31
147
60
39
61
74
131
29
108
69
40
164
222
125
148
81
90
63
94
172
68
25
122
111
134
111
88
174
176
68
154
129
87
16
192
119
43
125
244
51
32
41
176
53
27
55
79
31
119
67
101
110
69
149
104
141
54
49
126
41
49
55
122
22
194
103
121
30
112
87
161
26
95
123
74
106
78
78
147
94
167
55
111
205
171
69
146
16
121
56
139
23
117
137
83
21
45
85
105
55
68
185
43
77
53
166
73
146
37
71
130
123
125
112
109
73
114
198
73
38
155
190
66
74
56
66
75
186
90
117
178
189
54
205
184
226
167
89
59
45
80
138
56
89
87
123
128
102
180
74
128
92
174
25
37
23
38
92
69
73
121
136
97
65
155
45
121
18
124
12
210
102
47
86
159
99
73
131
19
37
104
207
86
70
160
116
118
54
77
27
70
143
91
175
121
51
109
213
107
67
44
155
54
60
132
115
88
130
102
72
83
153
143
74
44
62
104
82
35
73
74
79
38
102
149
98
135
148
144
68
47
103
106
117
111
54
29
172
136
130
84
69
83
197
97
206
69
59
47
32
37
194
96
142
61
104
175
91
65
31
163
112
91
58
82
114
130
110
70
122
78
53
75
117
155
102
30
140
143
132
50
58
105
46
12
246
46
167
66
59
179
67
110
64
124
152
76
57
43
115
135
98
192
35
65
70
84
168
131
49
58
258
105
124
67
200
111
74
138
63
126
182
143
218
54
107
89
77
93
177
132
84
105
129
118
113
99
177
72
169
63
75
117
81
49
52
149
158
154
80
58
94
26
96
133
34
101
85
136
113
68
52
172
88
85
15
74
136
68
27
79
85
125
154
125
193
171
104
93
96
94
61
48
138
90
254
124
125
97
204
52
141
126
88
117
52
55
152
204
43
50
141
83
50
77
88
101
114
51
115
67
189
150
61
76
93
50
24
134
86
119
37
14
137
97
78
76
62
162
133
92
144
147
85
36
76
119
110
149
155
84
105
116
44
54
60
55
17
110
200
135
124
92
36
85
168
34
23
84
150
66
13
79
182
79
80
150
112
78
166
186
70
107
229
115
88
61
57
122
128
100
173
151
48
64
42
85
116
75
91
38
72
81
76
146
78
80
108
254
126
86
61
90
83
201
55
91
262
48
40
82
56
146
192
75
84
55
123
103
101
110
110
86
180
48
106
45
86
118
39
138
225
72
109
78
76
99
89
198
175
70
155
123
58
51
15
213
38
187
70
95
108
49
171
163
161
73
146
72
136
197
102
127
176
48
110
205
52
91
42
80
77
34
106
139
165
165
154
97
113
58
32
34
86
102
193
110
49
185
193
114
24
165
82
168
99
51
118
239
122
26
88
101
120
118
71
215
152
106
150
57
62
91
48
41
57
147
73
103
173
237
24
168
140
115
114
125
129
70
173
84
197
110
42
104
97
158
117
61
102
68
68
73
111
73
98
71
24
106
74
130
108
81
37
172
76
78
68
84
49
82
25
174
75
52
90
51
61
115
49
51
106
145
88
34
79
33
170
122
