269 571
368 713
761 122
68 211
638 399
409 406
179 222
164 172
141 447
313 100
737 237
355 745
5 255
224 751
218 240
533 281
314 144
455 582
740 87
386 245
798 515
259 682
93 271
470 665
652 250
297 260
308 127
636 582
492 353
200 661
244 778
108 534
616 178
562 35
795 157
672 757
142 608
413 387
203 200
518 100
317 213
13 465
383 736
182 694
43 799
787 157
190 434
322 755
477 268
484 539
662 176
617 796
384 304
785 627
337 33
689 14
715 628
271 345
217 550
635 760
624 266
408 290
279 119
274 363
511 513
90 329
491 92
284 55
322 506
296 368
438 677
0 223
491 272
673 589
141 59
349 61
228 289
82 287
228 654
194 92
538 204
295 445
708 181
725 790
193 27
12 376
465 558
773 608
135 18
721 561
655 289
379 13
570 220
277 196
9 540
396 731
220 764
161 785
603 189
72 123
563 236
440 220
629 739
377 741
246 410
337 619
793 316
352 104
70 199
532 227
172 664
264 109
136 39
75 298
513 700
233 628
104 55
316 305
376 656
86 664
522 117
520 350
760 137
169 759
186 527
511 386
511 177
379 165
692 206
97 716
355 73
47 515
785 597
671 455
257 201
556 193
25 190
627 691
286 137
392 527
537 385
754 665
672 187
433 126
219 430
749 370
747 181
6 88
688 319
23 735
521 153
489 684
711 283
405 110
360 417
210 522
319 276
618 625
72 542
627 54
445 706
663 242
19 557
599 707
462 479
407 394
134 311
569 43
232 395
450 119
730 166
260 538
576 542
525 157
282 28
21 438
619 411
13 714
691 191
82 736
113 637
79 70
160 495
751 727
235 771
799 792
335 582
196 49
631 462
297 337
142 305
740 584
181 586
795 3
299 177
404 189
34 304
650 604
223 339
137 458
448 335
91 639
328 422
264 647
537 705
579 22
76 64
58 141
690 569
146 71
741 627
253 8
387 330
554 729
605 575
275 590
119 278
31 238
246 317
452 628
430 362
512 197
265 501
173 454
397 387
67 337
548 202
570 516
337 674
236 685
699 53
56 244
299 769
733 337
46 289
50 294
588 747
249 743
88 153
259 113
783 752
227 56
748 620
779 400
20 650
429 188
567 410
421 28
433 165
225 201
588 153
326 526
573 22
236 247
633 618
663 49
308 488
206 709
588 625
570 57
650 660
693 445
743 684
605 532
652 50
552 260
501 143
773 441
31 733
641 11
366 681
23 758
254 784
566 789
412 35
462 413
201 485
637 297
108 98
799 656
566 500
679 70
264 211
514 169
395 78
234 425
703 317
216 778
79 325
175 311
87 718
746 204
355 309
698 17
327 147
697 69
652 692
619 245
624 170
535 405
780 162
475 738
216 192
53 345
85 355
654 433
750 52
418 287
226 557
371 329
613 270
447 365
498 673
366 577
466 80
245 757
318 133
488 399
591 414
790 32
597 574
347 672
672 412
398 520
315 630
576 87
783 215
411 304
212 67
26 595
139 169
613 189
601 73
204 557
136 719
84 280
700 472
537 154
289 794
538 793
120 619
621 399
658 46
774 372
3 325
159 228
693 357
259 524
104 155
58 702
438 577
52 208
668 502
37 281
261 147
335 368
600 322
706 243
262 552
74 521
508 133
445 570
354 434
220 499
289 328
380 391
92 248
87 78
386 89
424 296
654 294
47 388
59 404
784 649
218 91
193 795
197 434
646 791
250 161
472 672
623 131
190 650
710 729
781 133
490 485
408 67
544 24
415 379
179 630
512 468
672 704
258 53
584 690
228 639
43 85
56 315
19 637
587 339
47 79
98 175
85 196
217 351
119 201
10 178
29 78
313 361
109 283
42 270
305 352
116 209
203 229
52 156
29 393
22 231
102 163
203 324
180 340
93 194
149 177
143 314
53 191
87 191
261 305
173 266
120 325
8 46
216 289
3 231
268 349
32 298
299 318
36 158
38 330
67 391
37 200
12 71
115 388
58 363
7 399
86 361
141 210
68 139
228 324
143 169
63 285
162 329
202 355
77 166
230 264
25 156
142 178
94 396
93 138
103 160
205 252
43 334
87 141
80 135
217 231
73 89
302 378
43 78
172 227
238 278
77 231
114 312
129 349
273 377
73 197
305 336
18 319
37 220
237 272
133 261
212 224
53 242
161 178
99 181
75 91
20 191
187 211
327 369
52 292
89 242
133 318
46 223
156 189
317 389
130 284
272 287
39 150
39 66
41 175
34 291
312 379
256 347
67 239
40 93
244 349
225 395
148 357
127 153
57 168
208 214
31 182
76 289
65 113
39 360
278 394
119 129
134 138
66 360
127 195
124 276
255 264
57 63
188 280
7 330
196 235
45 300
21 78
87 373
67 111
107 127
56 191
119 340
143 385
93 134
129 271
176 341
98 297
128 357
133 322
90 161
5 387
356 370
224 387
99 348
168 198
127 294
99 206
58 333
17 219
38 253
44 177
138 354
18 281
52 117
356 397
149 290
37 275
107 130
276 376
318 341
89 197
231 335
0 215
275 387
222 358
221 337
65 190
17 323
117 355
59 236
6 249
115 381
212 309
101 245
41 85
177 290
159 325
80 221
123 184
15 92
49 323
132 141
153 195
2 18
177 268
113 395
135 173
235 395
5 311
125 275
157 260
219 312
116 398
17 139
165 365
79 241
141 382
62 111
38 249
227 263
204 312
163 236
351 366
124 347
37 224
274 368
100 135
8 376
216 366
116 278
134 249
272 315
82 122
204 301
90 152
164 323
291 357
151 204
363 376
125 200
60 297
48 369
47 338
225 303
204 339
309 327
77 234
225 304
114 151
46 144
135 250
3 238
112 209
180 334
25 253
167 259
183 262
346 370
25 40
308 358
362 365
240 262
108 238
17 49
277 356
92 297
74 116
304 371
113 216
159 230
157 258
22 366
10 128
264 295
154 355
28 121
53 56
251 313
197 208
33 259
4 322
247 368
130 274
44 149
75 284
40 156
71 217
63 218
232 338
37 165
173 283
23 151
149 179
288 335
60 356
160 219
91 284
119 179
195 245
188 336
6 330
59 377
140 318
59 273
168 285
25 282
59 382
141 183
84 241
162 244
281 293
120 337
74 79
39 325
63 364
173 250
175 372
38 134
14 345
124 333
36 388
98 331
224 311
17 350
49 86
144 285
249 354
211 391
31 94
46 104
174 241
61 212
56 197
46 276
269 342
1 11
200 327
4 346
196 303
214 320
90 233
230 306
101 248
230 269
125 299
381 388
137 163
9 138
251 347
159 252
11 42
276 363
199 223
146 291
102 296
183 185
179 290
98 250
220 365
205 325
152 286
111 316
8 223
354 378
62 354
115 203
163 392
65 166
108 366
278 367
192 388
171 308
220 311
246 341
21 229
18 193
161 310
341 356
207 398
113 335
32 331
9 316
77 235
333 363
50 380
175 303
213 312
103 270
92 98
79 328
107 368
230 255
29 192
248 266
184 315
207 348
105 118
55 230
172 320
209 328
347 363
196 395
62 316
262 382
19 195
288 395
52 307
260 296
174 211
268 290
234 335
62 391
300 383
4 305
308 333
45 326
18 170
93 249
69 168
269 281
138 194
39 167
81 144
49 384
95 118
332 380
91 247
87 132
118 324
63 355
139 313
190 289
192 308
193 319
86 164
204 213
227 389
207 238
159 281
206 278
105 324
105 321
69 364
64 86
148 152
114 160
275 311
153 248
84 187
5 165
186 215
24 297
1 228
41 131
117 189
145 233
13 257
148 370
234 288
153 368
121 125
257 315
263 280
105 270
120 259
129 179
335 395
25 117
318 322
158 162
51 163
42 95
78 229
163 204
56 242
126 150
1 47
82 142
3 136
247 314
63 198
16 194
56 208
204 379
177 244
236 296
68 171
44 268
69 117
158 359
197 260
67 241
237 257
33 252
221 283
52 200
65 225
165 224
188 305
129 334
108 399
114 301
98 135
22 216
92 331
307 327
99 367
247 385
197 320
151 219
67 211
179 271
270 321
166 190
303 344
56 73
169 248
26 294
126 360
301 339
275 384
36 340
182 276
24 161
149 268
26 107
141 262
381 393
104 168
274 385
108 348
51 377
86 139
53 279
80 109
48 101
157 320
34 326
34 122
153 169
4 318
388 393
60 277
14 253
142 298
48 72
93 354
235 353
149 244
203 393
29 43
171 251
99 399
190 216
225 372
61 327
36 180
210 279
32 142
59 83
128 178
81 222
220 369
173 221
19 307
50 82
11 321
157 197
81 154
162 396
331 380
184 232
40 134
49 350
50 298
234 235
119 290
212 365
355 365
152 161
26 111
11 270
109 135
322 346
155 222
35 183
23 204
140 317
175 371
153 385
33 332
143 153
110 393
186 313
90 370
19 101
193 306
255 342
90 277
220 317
164 389
73 157
150 266
213 339
131 199
43 123
35 137
39 314
188 263
80 337
205 269
173 360
81 285
188 352
136 207
88 116
110 334
77 196
44 179
220 327
201 329
284 368
131 162
65 371
230 295
23 160
163 260
115 393
169 360
64 389
52 369
39 173
233 346
84 209
218 364
313 350
161 370
89 352
37 311
246 318
35 296
16 111
62 67
58 222
302 345
13 184
7 348
14 134
89 191
70 219
161 277
299 389
281 342
82 128
51 339
241 328
211 328
113 366
344 395
26 194
76 218
366 399
141 242
49 361
231 351
220 224
207 278
129 177
115 229
31 124
61 292
1 270
241 391
130 153
207 399
11 47
60 370
270 324
27 214
171 222
230 342
35 390
179 334
167 325
18 383
259 325
267 336
7 249
36 110
21 29
33 386
55 293
52 212
107 153
86 323
13 96
116 367
3 71
2 146
226 283
120 173
169 314
102 377
244 396
18 255
96 257
101 307
24 277
249 302
5 362
57 104
164 275
69 355
127 248
1 70
62 194
126 248
163 390
130 316
171 347
223 285
61 307
43 110
43 257
68 347
33 325
384 389
15 100
257 381
55 306
225 288
73 214
20 132
143 248
27 208
95 321
97 123
47 232
200 311
343 346
27 258
51 102
239 378
138 316
78 393
8 144
97 375
74 187
75 385
250 380
43 229
188 322
66 169
148 346
144 363
311 387
120 314
76 364
63 189
83 377
9 26
76 198
211 241
221 266
97 334
199 376
11 95
210 262
170 383
301 312
2 45
96 315
184 272
59 390
136 231
71 231
252 332
333 347
189 292
42 228
80 92
33 39
118 228
14 76
66 143
187 209
0 324
15 265
90 356
28 125
43 381
91 130
186 251
197 258
88 209
5 224
103 228
58 276
191 208
116 206
135 150
54 174
64 384
313 323
273 339
337 360
27 260
155 276
21 115
62 378
71 351
21 393
94 359
22 190
125 311
271 290
56 373
9 130
189 198
18 306
84 112
48 109
38 302
6 253
121 317
107 294
108 207
150 283
10 326
165 387
187 241
31 131
178 291
61 309
243 267
59 137
86 219
133 176
96 184
9 62
32 380
63 168
79 187
292 355
42 321
279 373
55 269
170 291
34 383
169 368
204 392
5 365
68 323
201 396
70 114
56 87
206 367
6 14
81 256
125 317
116 394
203 381
57 198
82 170
39 169
301 379
282 302
16 138
120 360
111 239
251 256
110 388
15 109
310 397
102 273
13 315
2 306
255 293
172 214
113 304
57 218
212 327
118 270
91 385
139 251
167 252
65 304
22 335
300 326
64 227
87 242
111 374
194 294
154 365
262 373
46 168
1 103
207 394
214 258
16 354
68 256
99 398
45 383
38 345
54 75
172 263
36 192
68 186
49 389
35 382
34 170
123 334
73 260
188 227
100 226
55 264
123 287
95 160
242 279
259 332
297 310
104 144
200 387
294 316
144 168
9 239
15 72
159 205
286 346
262 390
106 233
293 342
151 379
212 387
196 234
159 167
148 343
208 352
303 304
167 205
110 340
277 310
137 260
30 315
340 388
145 286
152 233
80 100
61 369
157 214
308 347
143 284
129 149
176 188
119 244
224 309
57 189
85 344
103 321
44 271
24 357
258 320
69 218
112 181
14 302
222 363
94 162
13 229
19 61
119 180
292 307
203 215
193 293
114 213
176 322
18 295
194 378
208 254
74 209
4 246
97 287
221 226
196 353
9 16
3 399
86 350
46 182
136 217
85 303
85 175
156 364
13 272
58 192
292 327
329 396
138 378
70 312
146 170
329 359
140 246
159 255
151 312
4 341
32 135
10 82
74 84
150 337
67 75
303 372
37 154
82 178
200 307
53 132
171 363
7 302
9 111
228 321
29 110
194 354
61 200
155 308
293 306
0 222
266 360
72 101
90 148
116 181
30 237
3 366
131 359
213 273
243 343
56 89
168 376
230 281
145 243
253 282
119 349
34 300
2 300
204 236
28 220
282 378
113 225
213 392
117 364
56 141
9 67
30 338
15 121
77 113
122 146
100 109
46 376
229 257
12 351
133 336
266 337
131 158
72 369
140 275
89 210
74 367
182 359
47 103
304 372
11 338
142 161
233 370
68 362
54 67
137 390
151 213
368 385
138 294
110 257
141 373
0 58
166 216
132 279
28 317
27 263
105 186
213 301
258 260
234 344
93 282
215 308
138 239
36 201
277 397
185 262
29 257
251 323
305 322
231 366
127 143
184 338
48 61
24 310
105 203
125 246
232 272
113 196
20 87
247 284
291 300
27 254
20 267
3 22
137 213
125 140
382 390
328 391
126 221
191 373
68 81
239 391
224 365
197 254
92 109
162 359
19 52
53 141
133 305
8 199
148 286
82 146
205 259
121 299
31 162
31 36
79 374
219 379
291 326
92 221
290 334
68 222
287 375
130 368
36 119
117 309
177 349
28 275
142 357
17 23
180 201
244 268
10 357
239 374
177 179
111 328
222 308
134 302
305 346
120 283
309 369
177 271
24 60
35 59
278 398
5 154
32 92
82 291
180 381
191 242
23 70
231 353
0 358
237 287
29 36
102 236
63 69
305 341
199 359
197 214
7 38
100 265
121 397
104 285
5 37
176 397
99 207
43 388
11 228
212 369
236 377
222 256
163 213
3 217
59 296
80 265
367 394
92 226
77 335
83 185
92 265
160 379
131 329
83 240
219 361
333 358
192 381
152 357
110 381
2 383
12 231
3 351
187 391
90 310
68 251
111 354
196 288
286 370
183 382
147 394
229 237
60 100
96 97
255 332
283 337
57 76
13 30
126 135
242 373
98 100
183 390
287 315
96 287
117 292
50 98
232 237
274 284
159 264
136 351
69 202
16 294
238 348
313 324
260 390
109 221
212 355
167 332
23 301
223 376
303 371
13 97
106 152
239 354
189 355
64 172
234 353
365 387
124 308
6 302
155 182
0 171
315 375
217 353
107 284
65 335
233 286
230 319
46 285
26 62
6 38
49 64
0 115
64 361
99 394
16 26
236 273
351 399
181 394
109 226
96 338
124 155
74 181
139 361
160 270
254 296
84 211
24 142
24 148
75 107
13 123
35 377
118 321
134 194
186 324
91 274
181 278
159 269
183 240
48 307
210 373
307 309
244 329
145 267
150 221
159 342
188 261
146 383
280 320
288 303
1 42
11 103
58 308
145 148
250 331
65 288
310 356
355 364
170 178
40 282
111 391
126 226
7 345
35 83
330 345
39 259
92 135
323 350
70 301
322 336
6 7
85 372
153 314
24 370
166 289
66 266
132 210
109 265
247 274
171 358
117 218
42 103
243 346
78 388
222 276
200 369
227 280
0 186
123 375
89 208
134 253
215 324
184 287
145 343
80 126
39 120
30 272
105 313
124 192
308 363
341 397
165 362
165 311
75 130
88 112
171 256
16 316
191 210
22 234
102 260
96 123
2 170
241 374
132 191
184 375
13 287
119 329
55 342
137 236
157 296
234 395
33 159
150 173
181 367
232 315
187 374
58 155
216 345
16 93
77 366
34 146
328 374
142 170
21 237
124 363
200 220
182 199
120 266
42 47
263 352
24 90
57 69
106 243
100 310
21 228
49 164
27 352
79 239
250 298
129 180
185 240
29 203
3 108
93 378
280 384
19 245
185 382
74 88
55 193
10 291
129 201
51 236
293 319
239 328
321 324
264 281
230 293
23 219
23 312
112 278
66 314
28 140
23 379
112 116
26 316
182 363
157 254
217 235
108 351
169 266
65 216
148 277
231 234
18 230
169 245
73 254
63 104
93 302
235 288
228 270
117 156
14 38
22 166
288 371
30 232
128 142
79 209
347 358
1 95
50 331
141 240
271 349
74 278
54 130
169 284
267 343
192 333
305 318
259 386
325 386
66 150
9 75
139 323
254 320
74 206
255 281
77 353
237 338
57 355
81 202
70 379
256 362
66 120
102 213
60 310
64 280
143 245
94 131
114 392
189 218
292 309
159 259
62 294
314 360
65 77
261 267
119 268
129 268
296 392
288 304
32 50
46 199
108 231
32 98
153 284
50 142
62 239
69 189
225 371
113 234
206 394
3 348
260 392
15 48
17 361
237 315
325 332
297 370
252 386
75 274
19 327
0 347
16 62
92 100
29 388
309 365
56 262
85 395
21 257
224 362
155 358
133 188
170 300
10 170
50 128
179 349
4 133
0 308
209 367
236 339
58 124
198 218
206 398
139 350
209 278
87 89
298 331
358 363
215 347
99 116
272 375
176 246
254 258
154 224
113 303
144 276
35 102
53 87
290 349
255 295
26 138
163 296
140 397
330 348
135 331
60 92
71 136
155 171
70 95
65 303
38 378
107 316
88 187
23 114
255 269
123 257
53 210
285 376
34 45
195 248
135 226
176 318
80 173
281 295
98 380
266 283
151 301
160 312
299 317
113 235
46 363
374 391
213 236
107 385
106 145
99 147
249 378
14 282
108 217
284 385
60 161
323 361
212 311
37 387
87 279
264 332
12 196
70 118
41 94
246 299
155 363
60 90
113 288
304 395
126 173
57 364
4 397
226 337
90 357
332 342
202 256
65 395
2 319
52 61
235 335
154 362
72 109
12 353
83 390
246 397
220 387
179 268
132 373
148 233
262 279
40 194
5 275
165 212
169 385
58 358
10 152
141 279
146 300
133 352
123 179
298 380
161 297
205 386
173 226
84 88
54 107
38 282
122 300
143 195
95 270
187 328
172 280
144 376
45 170
173 337
22 113
27 157
350 361
39 266
105 228
113 353
115 192
20 89
69 81
155 192
95 103
12 234
335 353
158 329
367 398
318 397
65 235
222 347
4 261
207 351
154 202
178 298
55 295
277 370
277 297
9 107
112 367
192 340
314 385
296 390
249 282
184 237
188 341
134 282
129 290
178 357
309 355
181 398
201 340
265 310
137 157
2 34
128 170
130 385
8 182
231 235
127 245
104 376
27 320
223 276
126 337
24 128
133 341
215 358
275 299
70 151
164 384
96 375
94 158
27 197
283 360
217 234
239 316
157 392
6 345
147 206
37 365
292 364
307 369
149 349
8 276
1 321
330 399
111 241
23 350
102 390
98 226
77 395
171 333
275 317
75 368
198 364
99 278
111 138
2 122
253 302
306 319
106 286
75 247
45 122
29 229
202 362
158 340
238 399
160 301
85 225
371 372
86 384
261 336
142 331
196 225
85 371
62 374
316 354
5 212
10 146
29 381
194 316
108 136
30 184
214 263
124 182
134 378
9 54
69 104
47 237
41 359
161 357
63 117
325 380
99 238
55 255
94 329
115 215
264 293
90 286
334 349
90 297
137 296
199 276
52 327
257 334
13 237
96 272
45 291
28 299
30 375
135 221
12 217
72 265
238 330
275 389
56 210
102 137
5 220
311 317
100 297
73 320
102 392
137 258
1 118
11 232
223 363
276 285
54 91
101 195
50 178
112 187
4 188
83 382
59 163
277 286
132 242
73 191
22 77
64 164
135 337
18 122
181 206
112 206
280 389
135 283
252 325
143 368
216 335
146 178
349 396
9 294
212 307
286 343
1 160
58 171
35 51
180 388
137 254
81 104
30 96
143 266
121 140
149 271
202 365
111 378
268 271
245 248
80 283
147 207
57 117
56 260
189 364
140 299
73 208
258 392
40 294
26 354
42 160
131 175
58 347
240 382
78 115
198 289
41 372
297 331
27 172
17 86
155 333
154 165
120 150
233 343
249 253
303 395
229 393
77 288
145 322
190 335
110 229
28 311
83 183
196 344
225 235
269 293
80 226
336 352
150 360
126 266
30 287
0 333
214 227
28 200
27 73
122 291
4 176
212 292
348 399
310 370
286 357
159 332
22 235
315 338
263 320
51 273
77 216
84 374
52 309
126 283
278 348
78 110
151 160
98 298
145 346
53 373
222 251
394 398
238 351
82 300
16 107
33 167
205 332
218 289
200 212
165 275
25 364
78 381
295 342
70 270
78 203
114 204
322 341
201 349
172 258
134 354
144 223
105 215
272 338
29 115
152 370
156 292
75 174
14 249
41 371
78 257
194 282
67 174
122 170
36 381
261 322
212 220
335 366
128 146
146 326
51 59
53 262
182 223
122 383
21 203
226 265
137 392
261 352
353 395
201 244
13 375
293 295
295 306
33 205
110 180
106 343
121 200
128 291
165 220
210 242
220 275
176 305
236 392
19 369
26 239
188 318
242 262
70 160
177 396
174 391
201 290
252 259
31 158
155 347
59 102
81 362
79 84
296 382
76 253
147 398
62 138
32 250
96 237
55 281
119 334
119 396
128 161
250 337
167 386
264 269
114 379
82 357
74 112
227 320
171 215
214 254
87 210
109 126
45 146
77 190
233 243
229 381
264 342
219 350
254 260
84 328
31 359
121
43
53
72
80
101
120
70
84
94
95
74
38
52
82
148
47
35
65
116
68
83
42
34
136
144
140
61
85
24
69
130
198
45
162
75
144
52
100
46
112
174
91
33
182
39
145
66
87
47
54
224
89
102
6
101
95
44
68
97
74
102
69
173
99
90
67
116
51
150
134
75
71
27
115
81
106
101
113
116
84
39
78
107
208
46
163
208
55
113
54
51
69
156
66
163
101
94
91
72
99
103
167
238
194
112
47
68
146
114
162
94
44
85
17
29
215
29
42
15
112
124
118
156
127
152
89
38
238
12
89
62
52
109
51
110
42
103
116
115
157
31
47
68
223
72
111
79
30
145
161
81
94
62
173
100
29
58
70
123
169
177
133
120
73
87
19
58
202
183
153
48
167
106
250
170
203
96
29
75
95
44
59
126
47
86
100
157
73
115
109
36
25
66
73
119
119
108
41
170
106
59
69
101
36
77
154
166
122
197
165
87
98
218
37
76
118
40
252
140
76
41
42
68
115
84
81
111
135
15
61
180
149
89
118
173
108
114
92
153
90
113
88
211
88
57
98
75
163
33
76
176
111
49
73
157
73
168
73
187
101
84
55
25
18
37
97
113
105
135
177
163
65
207
77
62
156
123
57
139
232
160
77
165
167
52
148
146
49
148
63
158
175
42
65
29
84
37
47
42
121
135
163
181
182
129
128
108
90
74
125
120
50
23
276
153
152
116
93
59
44
103
174
155
54
51
50
46
58
243
38
90
164
111
47
73
87
39
46
70
28
75
88
75
54
41
33
141
49
120
124
87
110
34
28
50
51
174
180
282
124
173
54
58
94
36
157
74
17
56
141
49
85
110
54
29
62
105
146
43
83
95
82
149
47
128
81
108
66
111
206
135
128
112
107
103
137
85
101
116
97
30
162
164
147
70
83
42
180
82
93
87
143
58
31
81
104
106
99
200
140
104
47
28
90
63
66
176
59
63
46
115
137
77
102
176
126
152
203
71
117
99
242
143
231
39
96
116
34
59
75
101
127
207
138
36
94
116
73
150
194
161
167
52
94
94
74
32
78
170
66
17
51
52
56
70
111
68
99
54
140
109
125
68
56
103
54
27
117
150
132
44
90
251
106
44
55
35
9
79
45
67
62
78
120
49
90
96
66
131
65
81
114
99
101
53
98
23
134
27
101
33
215
76
87
117
128
83
94
20
52
183
166
164
38
89
77
88
58
127
198
97
106
91
152
70
153
165
82
11
70
120
126
77
70
99
121
107
68
228
92
53
89
115
79
96
168
73
6
106
88
15
44
117
65
120
25
163
146
120
220
116
123
119
127
31
163
151
85
50
79
64
172
132
194
22
135
75
35
90
164
21
95
111
103
84
109
182
117
85
122
139
52
50
104
96
155
166
104
26
112
63
83
57
153
166
94
49
199
51
158
80
133
81
91
179
97
86
93
112
189
198
90
135
67
48
83
185
77
48
81
123
59
39
117
130
58
46
94
79
121
68
141
162
46
18
64
132
88
28
69
205
72
71
60
57
88
35
234
77
78
142
28
112
159
95
47
136
141
159
112
79
200
24
144
16
40
32
123
55
67
116
110
147
19
104
166
54
82
78
61
33
37
190
138
114
81
74
19
202
36
136
127
79
129
142
89
69
147
59
69
198
41
214
54
117
132
103
104
192
61
62
102
196
66
26
23
168
182
170
96
188
78
177
47
234
115
130
115
105
138
45
153
54
82
91
165
192
127
64
143
79
73
85
80
97
102
132
64
38
232
86
85
84
144
140
156
94
163
148
104
115
115
92
141
81
25
159
59
147
173
38
106
21
96
132
162
54
108
146
177
113
21
53
131
88
63
180
186
23
71
65
30
92
49
37
219
87
143
84
52
48
133
68
76
129
138
62
156
80
115
40
54
16
89
96
118
150
118
25
113
113
76
88
94
80
51
86
160
38
29
16
69
69
77
81
101
71
66
92
54
164
74
141
51
151
31
63
68
89
102
149
170
66
184
52
103
100
53
57
64
100
94
48
30
87
142
25
39
63
57
95
47
82
147
126
54
140
32
79
294
84
49
49
137
46
91
49
62
87
68
69
26
56
141
141
117
142
198
158
66
150
137
79
109
143
103
113
96
61
41
133
103
103
73
147
236
65
73
100
127
97
22
167
117
97
43
75
87
68
81
85
79
128
164
87
142
89
58
78
85
62
154
59
91
34
21
153
123
77
20
128
171
83
59
155
63
57
133
88
24
67
123
109
66
140
97
15
188
133
83
104
47
83
158
81
193
72
74
78
97
103
38
118
119
180
72
111
146
73
134
114
121
183
28
114
75
7
85
182
56
48
87
148
124
141
76
142
154
84
224
148
130
193
103
86
160
42
54
122
45
91
67
62
46
85
64
219
203
156
35
174
96
143
154
363
55
185
36
83
81
153
179
58
180
138
91
96
283
151
124
68
202
158
83
52
117
131
31
154
102
84
32
66
51
75
168
126
77
22
43
68
71
161
139
200
69
49
85
180
90
79
66
66
121
121
135
97
103
186
53
146
36
82
156
71
138
108
221
98
78
135
44
84
109
119
186
91
85
85
91
95
60
91
138
49
44
101
262
100
82
74
115
38
19
91
61
179
101
123
158
62
82
98
136
120
51
67
7
190
104
79
221
89
113
60
124
52
67
40
136
21
127
82
35
102
84
110
77
37
92
200
159
89
38
142
34
91
128
83
202
78
34
49
102
97
100
62
51
163
30
18
149
66
56
90
52
101
58
53
79
120
90
58
196
12
106
127
52
158
54
170
109
132
126
77
130
77
62
99
94
113
90
131
50
118
75
64
35
119
37
66
202
168
175
150
71
169
93
74
102
43
103
145
103
62
106
93
153
105
101
126
196
93
89
128
79
178
47
49
60
21
100
128
19
78
127
76
141
144
121
123
127
66
201
87
112
180
197
100
112
193
64
54
58
68
45
22
26
203
16
193
154
183
52
19
179
80
55
104
148
32
69
95
51
28
137
142
72
108
160
91
16
42
107
22
67
60
159
73
149
65
104
80
53
214
116
148
128
59
168
14
32
98
132
70
87
73
102
75
73
144
131
58
73
114
97
76
169
111
61
230
98
118
160
235
73
41
129
126
80
27
68
144
149
264
71
313
42
91
74
270
142
75
99
82
113
64
137
42
152
14
76
35
82
35
135
42
95
124
65
125
54
79
109
66
140
85
52
37
62
151
128
162
52
66
53
80
64
227
150
115
50
188
196
62
155
47
132
141
142
14
118
163
42
125
188
72
48
52
129
77
186
25
154
66
113
182
107
67
94
87
127
70
231
262
162
142
85
54
108
65
46
57
36
38
85
96
83
58
84
212
65
48
39
30
73
58
196
103
48
66
17
55
127
123
142
85
191
111
47
121
100
67
56
193
68
148
142
47
87
87
117
82
159
57
90
195
88
181
152
118
117
111
130
82
39
57
106
37
103
127
82
113
198
65
106
195
50
180
96
193
117
54
82
125
66
10
38
13
51
54
20
64
37
151
183
124
57
138
123
49
103
73
203
81
74
158
30
115
72
102
14
129
128
167
121
152
66
43
116
68
123
61
73
227
67
93
121
146
53
159
70
73
50
75
87
143
76
50
147
156
109
151
78
127
170
162
109
125
90
87
126
253
89
79
48
65
129
75
119
42
130
115
36
86
22
156
24
45
86
24
48
55
84
182
148
89
173
44
77
134
127
70
169
84
66
134
146
42
107
62
34
57
47
106
134
106
27
59
41
119
12
11
100
138
33
71
62
110
98
77
155
110
133
78
62
69
75
94
129
214
114
216
79
76
108
89
30
49
70
142
197
60
161
70
100
24
58
78
83
99
125
129
119
64
97
166
89
99
157
57
46
33
140
59
134
139
69
108
80
252
37
116
115
29
220
84
127
124
39
90
61
194
108
27
125
117
33
76
95
81
94
178
171
222
114
117
111
99
80
88
137
140
83
88
121
58
206
31
127
60
69
84
199
85
57
79
136
104
181
66
137
134
74
126
134
131
159
91
101
78
177
138
54
96
81
85
164
74
80
75
70
28
141
75
129
20
171
87
69
84
170
96
78
153
78
118
196
106
98
116
187
187
114
71
195
106
38
73
145
66
69
110
197
99
119
16
49
35
169
195
69
158
164
123
198
42
77
101
90
126
59
64
138
96
115
117
55
124
96
153
183
163
87
174
37
54
161
23
117
28
54
70
177
114
135
105
186
24
100
30
118
179
52
145
170
115
90
57
111
70
19
94
128
55
77
160
33
150
11
177
122
83
33
149
133
134
102
197
99
130
84
101
52
145
81
174
79
55
77
38
94
165
63
123
48
241
156
52
56
92
90
98
81
73
151
139
117
163
64
58
47
88
78
101
87
206
105
129
110
63
118
137
179
76
85
21
98
44
85
172
127
77
95
67
157
85
133
68
59
58
23
114
154
69
111
58
31
57
46
158
180
109
47
61
91
75
68
122
58
122
118
142
89
155
119
163
95
122
14
94
95
71
50
