401 766
738 338
332 593
350 450
649 119
139 350
762 386
659 760
74 213
12 473
663 752
31 688
122 486
16 48
544 795
672 17
712 591
520 11
160 320
736 265
257 161
430 11
73 159
482 55
715 240
600 191
387 489
574 795
390 261
109 407
355 181
589 728
638 356
156 380
459 334
357 228
421 256
616 25
429 637
420 138
323 20
752 242
687 451
216 431
358 173
13 677
680 167
226 231
320 480
61 321
545 647
311 89
201 750
321 43
327 513
385 800
49 145
716 153
746 356
169 356
715 316
544 301
571 20
339 604
441 36
534 82
737 237
167 421
88 476
729 123
792 315
797 590
611 560
485 176
96 4
784 666
15 7
523 357
570 515
154 675
476 504
769 339
560 105
82 225
492 718
66 188
411 734
433 563
667 325
297 616
26 346
294 552
611 678
754 647
726 581
482 346
749 66
51 15
365 625
642 270
249 698
495 360
437 708
784 588
327 471
609 330
385 218
280 366
401 96
636 733
419 558
672 630
352 212
384 65
276 732
720 568
279 422
113 31
99 677
130 280
578 488
654 322
325 688
640 334
756 541
607 460
17 163
716 733
10 163
97 497
385 589
331 310
390 483
62 655
703 67
149 607
725 461
434 666
109 345
676 618
791 583
655 300
22 736
685 348
223 565
351 116
401 174
627 376
582 56
14 625
273 770
672 698
283 553
403 679
54 581
465 239
538 488
757 485
734 184
324 256
4 325
224 135
103 277
740 654
644 706
757 105
382 693
31 97
201 169
193 147
517 675
233 635
468 652
47 222
416 177
703 76
328 17
632 777
788 786
740 685
392 550
229 759
133 685
264 30
176 84
222 791
189 328
628 386
710 468
404 735
742 751
180 398
151 599
262 80
575 468
726 407
748 54
574 592
730 527
360 450
466 540
519 540
398 446
485 78
699 85
207 723
764 391
520 17
135 8
492 213
537 93
459 291
35 331
686 166
99 705
406 790
237 25
155 386
164 324
345 50
129 34
554 108
599 558
201 333
690 545
615 627
214 118
529 30
354 132
578 635
57 369
201 744
336 128
303 608
444 560
694 47
655 92
54 549
433 464
729 503
279 69
575 691
696 487
338 572
364 93
520 368
712 266
701 410
355 339
568 143
442 648
689 21
426 507
710 83
326 477
296 436
247 448
756 157
672 727
461 708
272 341
42 436
765 8
728 171
697 482
331 579
354 3
340 459
212 506
580 253
452 487
526 757
69 313
757 367
467 155
638 633
373 425
334 539
254 259
622 483
681 627
526 111
453 250
107 24
55 228
655 292
205 489
577 86
11 33
488 282
188 603
185 397
38 114
100 189
306 545
769 0
627 306
721 543
73 126
582 511
532 517
167 570
310 335
20 692
608 546
425 353
513 445
736 130
122 791
315 724
310 438
645 539
191 244
389 567
615 775
616 527
137 339
139 694
764 581
367 672
187 278
367 649
683 283
428 564
269 87
493 393
340 737
31 207
710 774
71 539
250 459
422 0
122 137
572 402
454 327
278 636
740 671
489 262
718 309
19 576
373 572
731 16
459 665
662 412
572 475
241 36
769 796
454 614
593 676
447 547
375 500
198 508
554 447
345 270
749 571
64 600
652 794
262 797
285 736
528 246
133 187
334 629
383 794
411 425
522 93
258 494
17 308
96 41
153 634
771 669
394 676
70 20
471 94
685 789
729 424
23 704
179 309
140 498
441 69
478 450
229 657
284 0
92 449
590 164
446 208
442 388
40 665
615 604
688 288
384 789
415 519
645 157
606 705
74 46
79 76
124 127
676 349
473 469
370 249
79 644
104 276
323 349
141 246
22 126
30 228
14 271
299 352
36 211
3 104
120 279
280 387
150 205
54 152
3 132
1 81
39 145
98 370
50 170
27 177
4 236
79 368
213 391
214 399
1 6
213 257
125 299
4 175
188 247
87 130
242 264
174 228
316 320
114 309
132 276
250 342
44 228
92 225
258 373
69 213
219 266
109 258
326 389
211 289
64 378
130 243
153 259
212 230
241 392
193 226
213 307
105 296
262 295
6 247
60 246
248 305
335 361
63 321
223 291
80 270
117 220
43 291
25 249
97 288
126 292
87 313
49 212
45 118
34 305
46 391
145 219
363 379
10 177
61 289
240 381
12 329
206 374
5 33
129 261
363 385
219 381
342 370
41 158
2 294
202 238
372 378
163 280
18 320
5 67
9 237
68 237
43 255
151 275
97 367
175 251
131 260
17 227
159 278
110 130
173 327
37 148
240 324
171 380
123 147
117 371
119 316
112 159
42 279
77 325
156 397
103 369
38 172
115 297
87 390
224 297
28 353
208 371
157 242
45 375
332 395
7 356
326 358
200 234
281 287
321 370
135 192
47 320
293 332
88 99
44 145
87 200
64 372
322 388
83 293
46 57
220 393
299 311
90 212
218 320
166 309
8 173
205 358
171 368
85 128
107 248
12 382
85 173
16 224
130 321
96 204
21 378
312 320
9 382
34 95
249 383
188 239
1 60
192 368
110 347
226 345
220 371
15 236
234 347
48 365
13 292
256 310
246 285
343 396
8 85
141 143
89 171
123 285
149 339
90 366
243 294
181 380
86 259
176 240
222 299
55 189
47 168
95 334
18 59
279 344
88 105
76 97
68 377
89 380
114 185
53 244
13 371
65 221
146 384
276 310
234 313
148 221
172 250
202 276
228 232
203 378
68 129
144 171
209 384
22 327
152 265
196 204
177 258
193 381
206 273
3 26
330 351
100 358
111 225
95 325
61 269
256 330
33 223
10 328
146 228
94 224
283 393
100 231
181 309
140 318
60 81
0 86
127 373
211 334
83 173
108 372
82 383
92 348
133 399
233 243
165 253
49 316
371 393
96 134
16 297
227 287
18 119
314 356
79 399
5 18
16 318
42 242
52 114
203 364
54 91
248 260
238 363
106 353
208 393
45 399
189 389
155 211
48 254
96 235
96 295
59 376
255 256
85 284
100 205
23 227
317 399
18 33
216 324
6 81
118 355
20 193
88 143
191 291
13 97
267 310
94 124
52 308
80 252
261 382
38 370
255 310
118 368
40 266
22 395
236 287
3 254
269 296
287 364
132 199
51 176
88 396
212 272
206 247
190 373
121 322
63 313
309 358
75 369
203 227
277 350
40 240
282 359
283 394
394 395
229 387
135 399
314 373
57 213
229 275
66 158
32 88
45 142
12 129
298 394
78 299
105 141
236 391
32 105
189 370
54 294
31 164
265 361
50 348
379 397
127 190
52 150
34 385
192 290
26 202
286 330
86 215
16 354
180 252
88 141
10 190
230 366
109 348
5 316
156 352
43 67
6 195
161 240
281 372
237 329
6 206
40 53
268 365
136 188
185 231
115 280
113 378
148 287
210 364
110 180
200 300
182 368
134 253
162 284
103 318
99 388
154 339
28 35
18 316
218 316
279 299
57 391
2 243
136 374
26 350
109 241
142 375
11 399
219 240
124 198
144 268
92 109
105 269
71 140
254 267
191 223
172 347
50 92
87 347
200 323
33 186
7 151
39 108
171 335
23 378
278 320
1 206
137 259
334 337
67 377
44 146
102 172
95 101
243 313
71 93
29 261
94 140
325 334
308 317
106 384
129 377
138 272
144 152
293 395
10 127
30 35
184 395
77 101
23 331
59 191
150 185
2 277
51 193
56 167
4 46
364 372
107 131
275 348
22 293
100 380
78 279
329 355
200 252
95 211
377 382
77 334
27 356
11 118
157 264
199 254
119 320
107 302
319 361
82 281
183 324
195 206
243 265
282 334
149 375
169 332
74 97
131 398
240 345
27 31
35 36
2 63
224 264
301 351
46 213
118 133
177 328
281 364
147 343
74 76
2 340
226 324
79 135
112 398
129 382
5 217
125 333
268 377
15 341
208 367
120 156
17 207
194 333
101 211
175 341
107 255
238 379
317 368
224 311
78 344
90 272
170 241
87 252
8 360
34 334
114 150
192 301
233 265
135 182
79 118
249 364
302 353
99 322
210 281
154 355
235 341
121 388
167 288
152 365
38 321
130 340
199 276
22 284
225 387
52 357
91 144
90 138
33 59
107 260
178 346
276 363
168 332
355 386
142 303
53 345
256 351
12 67
18 218
211 337
59 218
194 315
43 256
84 342
203 210
90 230
48 54
285 322
133 214
78 315
161 324
36 209
5 291
86 189
183 240
67 191
35 174
225 280
73 281
29 68
71 75
48 104
205 231
100 122
217 291
233 294
267 350
88 388
95 245
132 238
65 281
120 300
76 288
74 367
19 41
39 384
237 355
73 155
306 379
20 226
149 154
62 148
268 301
31 314
106 174
4 391
58 338
0 189
126 128
237 339
56 85
170 342
136 195
157 188
153 166
38 137
155 282
59 186
186 218
51 53
71 94
130 313
67 68
117 393
144 301
300 344
16 111
149 386
57 69
2 361
175 236
339 399
249 281
155 337
17 65
68 382
7 314
25 391
20 161
110 323
245 333
205 317
39 174
197 222
56 293
194 299
78 352
226 240
28 211
28 282
50 229
35 112
160 230
222 311
13 76
3 310
40 381
14 27
221 249
229 392
89 335
86 326
169 395
248 302
21 23
116 255
59 217
63 335
108 219
252 350
149 355
2 89
110 349
49 119
221 364
112 174
75 179
214 375
16 163
28 384
143 338
162 272
1 70
87 180
125 279
211 282
36 282
69 204
172 342
98 319
105 147
368 380
33 218
22 173
256 286
79 192
290 368
33 138
24 246
19 66
301 377
119 272
109 151
175 196
74 393
166 319
48 116
57 257
164 275
233 335
11 303
254 350
18 138
34 337
104 254
197 304
153 321
297 354
190 328
165 204
122 326
134 251
161 193
153 370
84 170
168 169
59 291
29 129
20 168
175 235
218 376
184 283
136 242
9 261
293 360
30 146
3 276
133 386
54 277
249 391
235 262
304 387
82 249
152 233
186 223
309 326
137 319
122 166
105 121
356 373
58 81
95 385
61 101
167 298
12 68
73 174
5 138
87 349
118 386
245 325
53 193
270 379
66 322
47 278
33 316
210 249
181 357
91 294
155 359
111 163
138 218
11 45
360 395
201 300
83 327
124 318
60 322
120 194
51 145
180 349
7 10
224 242
72 387
221 383
177 356
72 311
210 227
33 291
108 113
349 390
375 386
55 389
63 98
11 133
254 255
132 350
86 389
260 302
92 151
64 331
49 272
106 112
23 64
252 270
85 327
36 155
180 340
101 325
94 103
123 396
42 264
296 322
40 219
15 134
161 226
134 175
93 369
18 223
133 303
96 253
72 197
128 167
24 158
212 366
125 156
209 337
124 354
270 390
0 362
38 98
215 326
188 343
4 213
103 115
198 297
110 200
196 253
151 336
231 308
48 330
64 203
275 387
263 391
251 295
149 399
42 374
154 399
116 256
121 285
198 264
18 312
69 175
55 362
122 358
204 235
79 214
181 231
93 179
19 24
123 296
85 298
65 249
131 302
193 216
243 277
59 138
5 59
69 307
252 390
48 350
138 230
100 335
105 285
78 156
34 325
52 205
97 394
23 65
6 70
242 297
234 390
10 392
43 365
120 315
38 347
72 315
33 43
27 109
80 238
16 103
72 299
195 273
250 347
80 306
149 237
70 273
24 66
98 361
165 196
34 211
83 360
74 220
339 386
96 165
183 193
222 315
274 372
53 145
182 214
113 176
11 386
139 275
38 250
54 104
131 248
104 267
114 326
153 250
56 395
84 271
257 307
16 198
24 41
232 240
156 299
171 233
39 146
158 213
83 85
108 145
289 334
195 247
76 371
88 285
101 305
7 164
18 376
137 370
45 386
203 221
167 393
60 338
138 162
73 384
219 244
222 304
216 345
127 336
225 348
150 357
125 315
15 251
156 379
19 158
20 169
36 334
67 217
33 191
11 355
362 389
35 398
102 153
173 293
13 367
96 341
55 86
49 138
11 375
10 314
122 370
15 37
243 361
1 273
75 93
171 290
127 328
16 93
42 247
91 243
122 335
306 352
32 187
86 370
60 143
90 160
134 236
158 263
256 365
133 339
53 176
26 252
98 321
98 340
265 340
14 177
7 258
289 337
45 149
115 139
63 89
220 394
283 367
290 380
102 137
133 375
210 372
92 392
105 123
329 339
99 296
337 359
96 175
256 268
227 364
150 231
99 123
326 362
251 341
22 85
204 251
25 383
116 302
134 235
84 102
355 399
2 98
15 235
96 307
249 287
157 239
48 199
178 373
156 194
41 263
305 385
94 198
126 167
132 363
19 322
177 314
3 255
314 392
117 367
44 232
130 323
107 116
109 177
95 289
86 362
379 385
351 365
57 307
56 298
264 374
184 226
72 225
82 287
357 358
79 182
154 386
8 284
25 46
51 240
186 376
279 311
313 349
8 83
28 131
137 347
232 244
80 200
57 263
212 316
65 287
39 244
162 316
141 388
58 143
250 370
180 234
145 244
99 269
58 60
97 393
83 284
108 228
61 77
164 258
56 128
141 396
109 373
311 315
50 197
155 209
38 342
137 342
88 322
92 241
0 215
202 363
196 295
31 348
114 205
164 177
75 163
118 214
265 277
225 229
298 395
9 68
50 225
148 227
26 238
185 308
319 326
26 390
189 362
117 184
202 385
81 206
28 155
54 254
44 112
200 390
194 306
116 310
148 210
39 73
99 141
144 351
190 258
328 356
0 102
255 330
49 230
297 318
210 287
40 176
265 294
70 81
68 261
143 388
69 253
14 84
235 253
106 398
63 340
19 388
299 300
168 312
49 90
350 390
57 204
175 307
203 281
183 219
36 353
73 209
273 374
175 204
56 327
91 277
257 263
108 378
367 371
23 372
138 217
115 318
321 361
8 22
106 159
229 241
113 244
232 324
34 101
69 263
137 250
166 189
122 361
21 331
258 356
130 265
101 334
56 126
101 245
68 329
286 365
299 304
183 216
111 139
2 130
64 108
2 91
293 298
266 331
65 372
124 224
153 319
151 392
94 280
270 397
124 157
246 338
82 148
180 350
67 286
338 388
182 317
101 289
16 280
62 207
196 251
318 354
43 116
235 251
241 348
23 207
92 229
93 163
386 399
22 292
165 175
284 327
58 206
136 247
32 141
76 393
94 139
134 204
194 300
37 287
98 243
263 307
8 56
209 274
29 67
208 283
152 294
156 344
169 226
3 199
22 332
42 343
138 316
122 309
200 397
228 244
367 393
117 283
121 296
32 396
223 376
51 183
238 270
78 194
199 202
295 341
315 344
137 321
120 344
188 195
301 368
51 219
32 143
167 394
34 77
119 312
100 150
215 362
72 222
10 258
26 267
186 320
31 92
170 172
102 166
104 199
5 191
62 210
91 152
41 338
120 299
123 143
54 267
187 343
48 267
306 325
1 143
78 201
14 314
97 371
187 333
151 164
94 115
22 56
57 165
31 271
183 345
198 242
6 58
172 259
179 258
133 154
137 166
145 232
119 162
3 48
181 358
176 219
176 266
136 239
123 187
134 196
312 376
324 345
175 253
288 394
121 141
11 149
159 302
149 303
305 334
152 277
141 322
89 361
282 289
125 344
196 341
34 245
221 287
7 177
114 231
61 105
8 293
40 51
213 263
368 399
299 315
69 165
151 280
32 121
74 394
353 398
28 106
346 373
27 271
10 164
183 381
60 388
339 355
179 190
2 335
148 364
121 147
135 301
198 224
71 103
222 225
195 343
129 329
43 330
132 252
84 259
133 182
56 394
60 396
250 259
48 310
40 183
165 257
152 243
198 354
151 179
75 336
65 227
144 286
118 182
133 317
299 344
53 381
104 350
19 246
65 203
110 252
197 229
51 228
63 130
36 384
85 293
51 244
156 306
214 308
211 305
29 217
252 349
134 341
209 359
80 156
16 115
251 262
35 353
112 146
101 385
5 186
24 388
55 215
161 168
202 267
316 376
53 240
161 169
89 265
66 246
165 307
313 323
292 298
98 153
1 58
126 173
30 106
77 245
85 360
31 177
225 275
184 220
223 260
31 392
98 265
34 289
39 228
150 181
5 29
351 377
53 324
38 153
30 232
170 348
117 208
111 275
155 289
90 261
91 233
343 374
83 119
144 192
47 312
224 239
204 236
147 187
32 343
177 373
267 276
59 67
83 162
100 309
163 369
115 198
10 356
222 387
36 337
18 217
37 236
30 145
86 102
21 266
176 381
185 205
239 264
65 207
24 263
115 224
52 231
88 121
194 279
36 289
199 310
79 205
166 326
119 218
139 280
78 304
328 373
188 242
8 327
102 342
253 307
147 333
204 307
84 172
323 340
129 237
1 396
44 174
342 347
197 201
66 388
166 321
99 285
136 264
104 116
44 106
198 239
15 175
338 396
215 389
75 103
109 356
176 183
124 297
304 311
49 162
155 384
23 203
11 142
88 338
282 384
181 205
87 234
125 352
205 380
87 323
28 159
200 349
97 283
0 326
233 361
53 113
158 257
19 60
79 380
336 369
51 324
252 397
17 23
282 337
74 208
239 242
29 382
254 310
13 394
71 354
371 394
111 151
12 261
197 225
35 44
289 359
120 304
170 229
140 354
92 275
328 346
345 381
7 109
147 396
115 124
186 316
103 124
6 374
163 179
0 389
74 371
193 240
35 106
58 70
303 399
88 296
224 354
43 268
348 392
208 220
102 250
332 394
48 255
95 305
157 198
245 306
80 379
118 303
283 371
290 335
108 244
100 181
162 212
247 374
104 255
17 62
266 381
235 236
393 394
333 352
209 282
128 292
10 109
61 359
102 259
174 384
325 385
122 319
78 125
210 221
160 212
306 344
7 127
74 117
117 394
199 363
39 378
73 359
56 292
78 120
111 280
110 313
72 304
118 399
72 78
69 96
258 328
196 262
243 340
16 94
86 153
113 145
32 147
63 243
203 372
16 139
136 198
22 298
64 113
137 172
284 366
121 123
322 338
67 382
143 247
150 326
14 31
131 353
100 171
150 358
31 109
141 296
103 354
203 207
239 297
42 195
153 189
52 100
5 218
178 190
62 287
43 191
13 167
46 158
93 336
238 252
293 327
113 331
164 241
9 329
81 338
132 270
82 203
65 148
3 267
62 65
59 223
97 117
247 343
32 296
106 146
383 391
214 317
10 346
188 198
93 103
274 384
89 233
104 310
190 346
150 309
26 132
118 317
344 352
143 396
134 165
288 371
119 376
146 274
26 199
323 390
145 228
223 320
132 267
335 380
67 291
216 381
285 388
260 278
30 174
39 274
169 360
22 128
35 159
156 201
57 158
189 215
201 299
79 290
86 166
98 130
367 394
41 246
269 359
80 349
56 332
207 227
25 269
304 315
259 271
66 263
112 353
109 164
94 297
170 259
85 126
37 62
21 64
10 373
26 104
131 159
91 265
94 354
10 151
99 121
220 283
238 397
151 258
334 385
179 336
126 327
17 203
58 195
217 316
189 326
331 378
180 313
115 354
30 398
166 370
93 318
96 262
33 217
123 141
61 245
197 387
102 189
193 345
106 282
279 304
59 316
82 210
31 241
137 153
2 233
185 357
277 340
179 369
28 112
223 316
275 280
22 360
39 44
259 342
127 346
163 336
130 180
45 133
80 397
234 323
127 151
23 364
121 143
132 390
277 294
21 113
12 377
319 370
69 158
61 337
310 330
35 131
78 300
53 219
7 328
138 212
139 387
94 111
248 353
185 358
180 390
52 185
111 387
23 210
96 196
113 228
6 273
306 397
114 181
181 185
28 36
49 160
127 258
325 379
80 300
278 312
244 378
329 377
125 194
218 223
258 392
65 82
13 288
58 273
78 222
158 307
44 398
100 114
29 230
164 348
71 124
290 301
200 201
65 364
188 374
4 204
173 284
199 267
332 360
136 157
53 266
82 221
204 253
255 267
320 376
63 265
70 338
270 349
79 317
94 318
24 322
54 350
251 253
108 232
209 289
114 122
88 123
142 386
7 373
71 318
121 396
169 184
103 140
195 374
160 272
286 377
284 293
116 330
187 396
109 392
110 340
239 354
164 392
43 217
42 136
220 367
194 344
36 106
268 351
62 227
5 376
27 314
178 328
45 303
274 281
168 360
120 125
74 283
230 272
216 240
161 184
184 332
159 398
69 257
20 47
188 264
230 261
81 273
337 384
313 390
330 365
8 162
194 352
28 398
5 223
192 399
3 202
198 318
126 298
319 321
50 241
124 239
167 292
49 366
286 351
51 232
154 237
182 399
29 138
63 233
113 266
234 349
105 187
154 329
246 322
42 188
71 369
52 181
60 88
30 44
102 370
18 162
214 386
200 270
29 33
19 338
141 285
160 366
110 234
298 332
285 296
77 333
87 110
124 140
37 235
22 83
127 178
142 214
36 398
115 239
120 352
128 327
132 202
159 353
262 341
122 321
139 225
189 259
47 169
156 300
305 363
268 286
292 394
193 324
182 205
114 357
9 129
2 265
18 186
109 314
0 55
65 210
11 214
20 324
135 368
61 95
39 372
80 201
37 251
46 69
199 350
288 393
1 338
63 361
168 226
196 235
53 183
3 350
303 375
133 149
4 383
221 281
312 360
69 134
229 348
92 164
272 366
23 281
116 260
128 298
30 39
42 239
33 67
43 286
13 393
303 386
246 388
107 310
89 243
230 382
43 351
238 390
236 253
153 342
133 355
32 123
12 351
46 263
110 390
35 146
279 315
144 290
165 263
114 358
146 174
180 323
268 330
174 274
135 290
30 112
82 364
41 66
191 217
60 273
77 95
113 219
127 179
73 274
313 340
117
46
103
69
129
80
137
122
83
71
115
237
69
84
71
211
119
108
154
44
99
87
160
64
148
126
89
101
134
10
101
157
66
146
47
112
69
142
158
138
70
153
90
50
136
158
59
50
165
118
80
24
133
112
140
154
120
94
67
35
66
70
118
109
113
34
188
82
69
88
72
47
97
168
207
59
67
216
117
91
74
162
158
106
72
159
113
92
169
214
96
117
54
99
120
48
129
108
37
95
45
40
126
90
85
153
75
52
127
160
113
50
62
36
62
147
164
82
16
101
78
52
80
114
14
163
150
99
81
45
135
12
119
51
116
205
28
53
188
53
90
96
138
98
92
91
89
95
62
140
57
211
29
51
47
79
95
174
228
94
131
121
170
152
140
131
69
62
61
195
46
86
98
108
258
154
167
102
84
96
61
81
80
103
40
86
119
159
103
125
50
69
142
64
110
51
60
23
63
35
203
48
78
69
136
95
100
70
135
188
153
148
120
120
14
173
70
107
144
98
103
113
79
114
75
128
75
65
169
139
41
23
142
138
113
26
55
57
188
135
120
136
52
101
78
112
120
98
219
60
74
124
85
96
73
11
128
122
118
113
115
101
133
116
89
135
90
248
122
77
10
95
79
63
255
141
89
63
33
129
65
170
83
45
180
142
122
173
26
44
73
129
144
146
37
38
173
100
83
154
167
158
84
207
203
36
104
95
57
132
80
71
26
84
174
117
83
78
141
109
165
36
38
221
100
56
127
157
98
58
81
63
141
157
94
33
72
62
43
233
86
54
13
43
51
21
73
144
150
42
36
76
119
87
18
137
43
99
45
104
56
79
53
158
28
65
38
109
82
162
144
33
170
97
129
9
44
99
119
128
101
117
152
161
99
73
100
113
158
149
216
112
93
172
30
87
125
171
110
182
219
115
106
150
177
117
127
133
159
40
109
79
138
79
62
94
116
77
94
133
90
68
149
107
60
74
177
139
191
107
88
80
88
103
136
41
126
117
20
213
81
177
50
189
81
76
207
35
63
122
13
106
187
41
98
116
55
182
130
42
115
112
75
160
174
131
54
15
179
226
152
175
57
88
70
106
74
152
124
175
25
76
58
45
87
127
98
86
68
58
37
53
135
178
79
119
37
52
109
23
227
133
129
62
64
52
87
143
199
71
85
219
130
11
77
34
103
57
144
97
51
91
35
75
125
86
133
108
21
96
64
115
197
153
182
103
31
34
144
40
145
116
65
53
78
38
70
26
104
35
96
76
175
52
70
101
50
197
90
118
41
60
54
17
129
78
94
77
96
70
58
23
79
64
48
113
43
178
43
97
98
153
48
68
69
53
97
60
43
93
45
72
63
104
25
173
82
117
102
103
127
71
182
219
107
70
43
119
148
60
42
112
81
57
135
28
98
89
64
73
51
59
183
170
97
162
122
64
116
57
143
111
113
185
191
142
146
126
79
63
121
73
57
46
77
130
217
80
183
72
89
79
71
66
56
85
159
144
128
137
30
129
99
123
100
32
100
62
129
7
59
129
50
82
90
107
112
139
9
100
60
101
97
83
64
60
140
95
103
49
104
36
57
50
89
231
87
46
145
34
42
126
132
89
88
66
70
202
146
101
150
71
42
168
42
205
105
151
90
74
101
102
37
170
154
166
26
110
63
133
76
136
40
60
152
22
148
100
110
74
68
103
71
62
62
94
12
93
135
141
47
148
48
112
90
26
47
51
43
105
99
40
92
90
53
48
161
44
59
23
13
73
71
137
112
96
122
111
59
136
80
86
101
42
100
90
140
106
127
36
121
130
97
124
125
91
66
128
241
106
140
100
52
72
115
156
90
9
86
75
183
87
78
80
59
184
196
45
115
95
78
80
16
20
127
138
139
175
79
157
69
159
99
187
178
134
166
210
60
93
81
91
160
147
163
90
90
86
125
117
136
31
47
95
114
88
92
93
100
81
57
141
108
53
75
50
73
21
125
44
41
76
73
121
144
100
149
66
246
106
128
121
153
117
142
92
75
151
43
102
77
31
65
76
155
104
13
96
110
127
37
17
169
81
79
163
25
119
188
150
89
59
77
113
7
75
81
121
206
98
95
128
27
127
150
132
104
58
93
119
99
94
126
70
184
123
74
99
116
52
129
20
47
183
33
75
44
107
70
112
81
27
90
199
121
71
32
150
121
169
75
30
89
109
100
108
100
165
189
191
91
122
103
60
166
65
149
36
84
101
111
64
153
136
42
117
147
59
99
93
142
68
146
158
27
71
179
20
58
143
166
90
74
66
110
108
84
52
80
57
153
65
153
54
165
34
233
43
33
145
104
28
174
150
101
111
44
215
100
80
193
87
115
61
158
75
67
81
97
79
163
160
81
74
71
171
74
160
67
56
44
83
76
70
48
61
108
138
137
113
47
106
61
88
210
89
65
75
154
75
82
117
165
116
113
144
67
68
58
189
68
139
93
77
120
145
62
72
124
117
62
94
16
70
47
179
147
130
264
94
71
140
159
98
106
102
52
77
87
80
218
90
63
83
30
113
45
67
61
83
106
112
68
59
119
122
86
38
107
56
140
35
119
97
35
97
136
92
47
69
153
104
76
74
17
60
171
112
152
86
149
149
76
112
130
55
141
58
106
147
118
93
11
216
94
51
179
53
178
40
55
92
149
44
56
95
74
82
73
163
115
145
72
45
83
111
70
93
134
110
157
46
49
71
90
20
111
47
83
76
145
115
56
12
73
117
68
125
32
89
59
107
108
84
25
81
111
117
59
93
188
135
159
57
28
51
92
103
109
109
158
88
180
100
14
136
49
47
100
83
62
164
55
126
178
42
87
78
27
61
65
78
28
72
72
73
99
205
95
26
50
72
123
38
42
98
141
48
174
112
16
184
23
72
143
129
64
105
72
115
131
47
62
189
49
54
127
90
65
167
66
217
38
51
151
71
85
57
76
91
85
122
102
60
135
126
153
199
97
55
129
35
78
158
105
93
47
48
111
97
53
140
123
128
137
77
141
107
54
83
88
67
192
88
150
61
63
66
145
85
109
107
120
54
90
52
206
176
83
123
61
136
173
65
78
72
62
153
124
61
23
71
128
56
53
87
75
53
79
77
70
149
33
104
138
20
150
177
64
98
168
62
142
145
196
60
192
167
112
83
168
94
94
89
81
97
101
84
201
169
104
118
77
21
117
159
81
183
159
74
102
98
78
57
71
78
83
94
52
186
51
157
41
179
210
114
7
33
91
173
68
190
90
158
21
108
69
37
58
119
60
176
123
99
145
146
94
124
73
139
90
123
53
41
166
58
29
104
101
33
213
162
159
96
93
76
56
31
85
88
56
96
29
132
95
11
164
22
127
183
71
195
105
102
195
54
70
178
160
61
68
106
47
61
194
103
73
122
100
156
155
61
171
126
87
94
189
95
58
69
134
85
67
150
32
59
58
49
34
150
77
115
135
120
96
68
168
208
134
140
118
94
96
118
74
155
37
69
143
41
96
102
114
170
37
142
64
122
45
111
60
56
71
115
161
34
78
168
83
52
155
105
79
225
68
82
21
84
29
58
101
104
167
61
45
39
69
108
59
42
51
123
101
80
69
73
214
33
110
113
131
101
229
70
84
84
111
42
111
82
76
144
57
131
38
75
127
53
60
60
44
92
152
80
178
165
158
104
160
161
35
94
64
186
49
64
82
132
77
234
98
160
83
28
82
123
129
16
60
43
22
127
178
155
84
96
120
47
84
104
119
72
138
83
155
147
56
176
117
84
141
63
150
135
131
117
68
63
82
66
124
189
28
188
52
100
132
115
75
51
185
66
115
38
64
165
151
111
67
119
135
53
108
31
149
36
87
192
146
142
184
153
35
75
110
43
118
120
17
39
157
55
105
82
76
164
94
43
48
74
60
75
134
58
115
118
46
144
191
66
189
43
64
158
43
35
82
68
113
80
38
144
45
44
125
184
73
253
47
31
110
193
71
112
195
144
60
115
157
159
18
157
49
129
139
41
52
110
71
67
137
108
82
173
50
98
104
56
48
22
73
68
225
117
141
67
92
110
76
34
66
171
18
47
65
62
56
20
11
63
63
63
80
170
62
108
69
112
191
125
101
197
47
167
101
71
86
179
11
33
94
188
87
135
150
62
102
107
47
85
58
60
22
108
25
116
81
81
230
46
198
163
64
26
129
174
96
140
75
55
151
56
193
68
143
100
76
158
64
69
143
168
104
185
112
63
110
75
49
56
38
55
82
112
125
58
186
37
128
128
86
48
193
66
65
14
81
178
143
165
124
92
22
62
38
140
43
172
25
165
201
114
193
130
85
124
74
96
98
44
42
160
119
134
267
50
116
47
105
13
197
133
117
41
55
113
69
30
143
166
81
112
107
80
75
69
146
144
101
45
148
116
86
123
13
139
211
69
204
168
94
74
54
76
98
132
130
168
109
170
117
68
50
191
106
151
224
75
153
118
128
31
132
109
42
172
48
98
80
20
32
73
160
76
66
52
86
24
53
128
87
70
131
29
32
