780 74
658 607
121 195
221 227
793 404
9 666
318 744
82 642
798 130
348 654
400 641
221 283
105 587
765 625
414 276
741 89
328 296
394 636
541 719
538 470
564 92
696 236
261 653
61 202
309 657
321 22
241 519
770 103
788 209
226 93
223 103
289 769
529 655
42 654
622 590
329 362
160 579
498 657
441 344
16 211
792 265
165 713
143 84
302 60
280 302
640 234
317 390
551 654
659 414
331 677
61 688
326 546
778 506
365 622
98 752
554 99
622 645
242 757
157 477
617 511
227 25
677 399
445 614
712 694
290 345
380 572
702 46
57 357
96 62
667 600
573 587
385 691
759 472
785 22
424 310
612 623
678 253
658 45
318 214
171 393
750 205
547 662
669 446
30 89
258 276
646 573
640 679
101 45
482 443
250 70
690 316
293 305
731 164
770 236
397 464
794 398
509 379
711 224
448 557
724 415
29 61
435 539
800 62
713 623
496 522
352 785
212 18
778 475
347 616
227 754
674 502
13 497
210 319
766 585
790 769
720 51
731 468
460 410
387 638
583 761
182 106
257 294
266 711
750 290
706 213
501 386
778 414
590 75
408 680
320 632
435 726
537 177
34 352
116 248
709 318
434 298
675 335
700 613
30 389
13 613
654 381
394 469
578 285
669 669
650 514
192 615
749 471
167 259
224 503
240 476
397 297
563 212
776 218
449 779
415 54
27 571
485 231
353 141
423 686
38 799
150 93
705 628
313 379
66 177
385 525
485 647
474 611
610 135
154 715
418 373
271 661
196 441
57 460
785 572
178 139
776 618
246 789
361 614
345 331
263 367
423 412
557 212
499 495
268 492
411 247
19 254
720 583
556 108
551 182
611 55
665 654
101 628
766 289
681 155
683 627
760 196
112 78
625 41
618 437
721 210
70 310
625 51
116 159
588 20
421 634
715 463
352 34
11 35
58 232
448 89
428 215
192 598
343 192
572 12
16 437
679 218
487 188
144 303
610 382
65 57
737 756
190 337
490 253
414 225
239 454
702 409
240 686
26 756
410 620
649 243
395 120
455 223
558 504
248 224
400 395
595 2
461 328
58 1
777 17
353 155
340 402
355 758
319 572
748 4
7 204
114 483
377 363
217 8
15 581
384 260
378 192
474 770
423 425
437 332
144 314
742 705
253 566
518 780
79 114
481 27
221 744
588 178
95 170
290 548
42 315
345 232
34 691
667 746
366 323
655 503
453 510
793 135
797 82
426 648
214 237
532 779
145 757
172 13
637 776
209 273
476 7
701 371
194 568
117 629
625 84
438 321
308 273
488 388
730 509
312 603
709 771
378 632
282 517
366 639
86 793
449 534
372 400
769 461
630 510
172 660
628 79
481 503
302 557
137 496
515 497
67 709
723 394
220 408
796 723
753 735
53 711
17 116
751 133
675 67
314 229
377 28
486 101
531 668
703 717
545 382
687 433
569 610
672 77
197 330
135 83
16 30
548 558
244 594
684 73
1 372
348 727
330 520
158 520
262 538
219 250
312 181
115 584
270 24
175 703
749 657
676 799
524 108
794 112
157 497
268 524
667 13
250 253
370 92
655 318
175 476
714 724
546 351
642 220
168 597
204 783
266 132
717 502
79 332
470 205
500 41
710 53
447 356
421 665
332 211
198 131
152 243
304 36
714 493
218 113
307 722
698 151
349 1
126 411
554 264
277 237
253 0
649 92
288 431
283 553
796 220
582 709
633 575
384 287
136 31
515 130
423 104
325 147
351 18
441 93
231 694
453 184
645 150
128 529
388 139
552 366
310 771
293 400
655 713
592 740
671 406
74 249
180 234
302 331
60 375
0 102
80 312
258 262
250 265
90 140
88 180
89 364
140 399
267 350
200 217
147 274
122 395
18 37
231 390
44 286
246 361
327 333
246 268
292 378
31 105
157 335
145 327
120 174
167 300
245 343
54 227
169 361
75 81
9 17
61 82
300 322
76 90
66 376
135 253
164 331
240 377
133 264
62 166
244 311
316 388
118 293
126 306
195 199
75 194
16 268
14 249
5 33
205 297
61 399
6 241
212 314
115 328
65 101
254 323
99 281
1 75
308 309
10 177
87 324
92 193
108 118
23 185
57 369
120 364
45 229
162 179
77 360
181 188
201 322
234 252
85 381
35 162
97 195
90 136
135 268
247 375
161 175
225 399
206 371
77 345
164 270
154 315
256 378
158 362
122 389
208 262
32 81
108 177
216 390
280 388
180 296
148 171
11 44
239 347
62 204
157 239
125 394
9 49
211 336
226 299
19 319
266 305
100 325
48 306
38 285
165 317
119 275
97 199
63 143
50 266
205 288
209 341
66 328
201 235
31 241
205 356
29 368
6 105
23 163
114 308
138 357
216 231
341 384
172 372
183 344
148 282
133 365
1 161
20 384
283 353
154 385
122 176
73 238
245 349
182 301
36 283
44 179
31 395
223 249
3 11
197 201
151 373
110 298
69 85
23 262
23 258
77 322
37 62
191 266
25 43
233 314
15 328
162 296
122 226
2 202
0 115
178 246
200 329
84 374
45 76
111 138
105 330
249 268
148 183
36 145
223 382
19 232
74 285
137 190
316 385
286 363
82 116
93 192
230 347
107 146
330 369
215 370
88 104
255 339
81 380
110 205
161 194
169 252
185 208
167 187
196 324
99 320
72 356
256 327
65 291
164 295
278 380
109 122
13 173
175 186
183 263
68 219
388 393
148 344
295 301
209 280
2 262
146 288
89 120
163 262
207 237
55 187
268 382
207 311
26 292
183 292
234 246
256 302
135 382
197 313
227 305
25 375
53 129
38 361
284 313
43 387
347 385
221 307
288 356
150 184
130 251
256 333
113 186
73 102
94 296
86 190
143 190
68 324
193 391
30 120
267 318
82 269
160 258
0 8
355 364
170 389
120 324
202 324
88 182
134 192
30 42
62 273
54 305
65 98
11 112
76 124
281 306
103 143
204 273
314 335
224 307
184 210
113 173
90 281
79 323
75 321
13 103
103 137
212 386
74 236
26 256
141 180
205 399
204 291
162 377
267 340
105 241
228 273
60 337
98 164
332 336
234 296
287 351
161 190
290 318
82 399
19 304
64 91
174 202
154 347
69 190
66 115
178 268
7 283
31 122
59 381
313 345
26 149
39 185
221 254
53 204
78 386
232 326
150 382
20 300
138 214
161 339
43 337
187 284
150 285
142 394
180 246
35 246
71 330
315 387
63 339
54 266
93 123
316 359
280 359
139 155
254 357
300 313
131 151
347 393
127 201
149 171
146 367
212 363
72 288
84 91
85 137
271 342
283 336
156 231
11 121
37 317
9 53
281 399
192 379
70 75
112 279
84 112
103 175
169 236
164 242
36 211
20 187
135 184
246 253
69 103
274 346
119 398
7 266
9 108
29 60
78 265
212 265
217 323
36 303
203 213
30 364
156 216
41 389
112 217
344 378
193 215
175 339
83 258
15 271
337 366
184 358
118 228
75 190
18 380
308 350
255 318
294 305
294 310
83 325
3 233
34 321
50 227
301 304
149 307
200 264
27 115
267 398
165 273
54 276
106 277
46 178
74 169
110 269
6 369
116 367
41 168
9 291
355 386
187 316
265 363
90 348
299 338
274 365
284 322
228 291
272 342
105 369
242 289
185 200
134 136
303 332
28 92
65 108
226 338
100 258
20 127
49 108
21 97
121 346
259 388
86 397
2 174
51 378
63 255
58 349
7 336
43 366
199 379
197 322
219 237
68 83
112 334
37 81
30 368
94 234
93 97
230 393
220 340
30 60
81 317
67 138
158 273
226 260
95 99
319 394
131 358
38 253
168 299
46 246
76 215
265 335
288 297
94 164
129 170
41 354
97 152
53 289
282 332
120 160
16 286
126 297
101 270
47 380
44 64
8 312
287 319
279 323
88 252
109 276
111 214
289 302
286 314
46 240
32 166
72 99
68 100
385 388
119 397
95 306
42 202
218 348
225 281
282 336
146 297
103 194
142 151
19 104
184 382
1 143
42 196
100 311
101 182
167 188
123 192
292 344
152 199
24 170
46 179
59 110
24 293
1 103
13 113
27 271
148 332
13 137
135 150
328 360
6 122
329 357
252 361
20 284
31 57
137 186
42 383
303 343
7 50
109 226
11 334
89 355
65 295
239 393
287 361
210 390
63 309
265 286
26 282
317 380
259 280
53 291
157 212
210 231
380 397
209 384
10 62
133 163
133 208
302 333
336 392
212 335
74 135
80 93
273 362
18 275
211 327
149 224
109 260
35 396
113 175
17 128
224 349
109 354
100 207
179 307
199 215
48 320
309 350
24 108
92 271
65 164
313 360
250 335
217 279
12 191
9 24
15 313
207 325
50 139
28 80
15 360
322 360
317 321
84 346
18 398
54 294
8 15
125 236
193 312
223 231
12 283
32 380
249 265
204 362
117 180
146 356
169 253
212 239
113 137
189 313
72 367
86 143
69 194
74 268
179 377
114 255
2 208
9 118
90 134
84 233
160 364
289 378
109 389
46 377
98 301
0 312
303 392
69 75
138 200
160 202
83 311
157 386
142 373
149 292
64 178
96 319
186 194
347 388
135 222
4 126
36 336
155 336
98 166
77 376
71 128
148 224
132 200
58 303
10 291
250 393
230 388
26 224
75 86
178 382
106 247
155 248
78 335
137 194
234 361
116 297
9 330
0 271
42 68
16 35
24 129
315 371
165 166
247 337
276 354
167 376
55 341
260 354
108 289
3 274
144 269
63 190
59 85
48 225
196 258
165 362
35 240
57 176
80 97
28 195
298 381
207 219
18 251
44 91
49 330
0 27
25 387
60 106
59 232
96 117
22 122
35 46
242 256
117 125
198 320
156 223
12 353
42 364
27 92
171 372
31 369
126 146
177 293
290 340
53 293
69 137
199 229
74 361
35 179
48 218
60 89
195 312
112 221
201 300
38 236
133 147
11 346
15 27
166 228
352 391
241 330
312 342
182 295
103 339
49 170
167 261
64 396
52 146
309 318
12 155
16 265
20 55
284 376
122 260
88 270
25 337
290 350
242 263
247 383
39 163
91 286
81 165
185 244
209 385
127 197
178 240
27 312
115 360
22 24
71 241
18 257
93 195
214 329
27 102
165 204
263 327
87 237
85 269
287 394
83 100
299 389
91 121
151 352
292 333
251 257
76 134
82 99
8 102
129 289
182 270
188 384
22 170
130 158
93 124
61 225
265 382
137 161
95 126
210 250
33 310
145 283
193 199
337 371
147 365
304 326
147 254
337 387
349 392
51 164
145 256
88 304
5 266
11 84
154 388
11 147
84 279
332 349
60 247
78 212
8 342
58 372
119 251
156 358
4 99
67 200
338 389
178 286
121 279
94 270
263 378
61 281
54 159
221 323
96 351
0 360
16 249
68 207
139 248
225 306
57 260
44 346
55 189
34 194
52 72
57 226
10 204
43 315
58 343
263 302
181 222
169 180
72 126
82 320
98 101
107 126
385 393
158 204
334 365
267 290
57 395
117 252
27 272
182 304
202 258
103 113
115 243
53 177
159 266
1 85
128 130
77 328
61 136
168 260
308 339
316 384
201 203
90 123
42 324
48 140
217 357
50 54
208 244
197 345
23 208
154 280
0 272
52 116
256 292
77 300
162 246
3 346
201 376
127 284
116 320
255 309
212 223
56 380
302 344
144 381
154 387
26 344
68 325
78 250
210 249
271 272
306 399
67 132
140 320
220 267
246 296
324 383
331 378
157 363
152 192
22 389
236 361
68 383
84 274
233 334
230 239
1 34
89 337
285 382
66 243
312 370
305 310
107 205
114 309
46 64
212 250
286 346
43 89
189 213
99 399
233 346
6 57
136 281
167 391
385 390
1 56
24 289
40 195
132 264
56 190
61 198
84 334
143 161
24 369
36 353
6 395
118 177
14 231
133 357
40 123
1 194
197 203
196 219
157 385
39 244
156 373
180 252
188 373
87 196
17 228
168 276
148 292
160 368
53 65
15 102
99 116
8 27
89 368
222 231
259 316
124 193
51 331
42 258
160 324
107 288
267 397
25 206
14 285
230 250
34 381
269 356
197 376
56 81
66 360
313 376
190 194
78 239
163 258
14 184
2 365
15 272
171 343
43 375
76 229
42 160
168 389
188 261
321 381
225 320
49 293
76 352
49 369
145 299
57 109
41 338
34 56
228 293
61 99
13 161
80 124
127 213
25 366
47 75
50 310
28 379
47 321
40 80
10 71
16 44
87 277
166 273
32 165
195 379
9 71
96 287
251 275
163 185
211 282
98 104
335 363
216 222
100 237
346 374
70 321
261 352
57 389
16 64
200 208
203 235
24 122
3 334
233 279
143 194
80 152
233 274
85 144
94 252
9 293
290 309
79 221
267 278
20 316
65 177
160 196
11 274
35 91
133 262
120 202
42 277
41 276
32 317
21 45
29 30
119 267
340 350
177 289
122 369
269 367
292 331
270 304
36 392
303 372
15 342
64 121
51 333
37 165
230 385
15 312
163 202
92 152
89 247
205 367
10 118
33 248
12 336
239 250
38 287
198 399
58 332
17 118
87 325
219 325
288 367
278 397
98 295
72 205
15 66
351 394
104 270
5 305
96 125
331 344
366 375
59 298
82 225
26 263
118 204
166 204
209 359
355 368
271 312
3 147
143 350
63 267
91 178
148 333
62 165
242 331
11 323
127 187
29 106
32 47
14 223
108 293
127 300
138 372
211 353
41 54
183 224
15 73
213 359
8 272
303 349
105 395
16 150
172 303
157 230
245 372
256 344
132 214
26 183
39 262
209 393
121 374
30 89
124 199
109 176
41 226
42 87
94 180
111 245
261 391
62 101
172 245
206 347
128 362
234 240
263 289
179 323
72 297
67 254
302 378
22 129
63 161
22 327
117 361
110 367
26 378
46 162
34 85
266 310
86 318
345 360
270 301
369 395
125 361
75 85
209 230
62 228
55 167
12 392
76 199
69 381
170 369
60 366
2 147
16 178
5 139
187 341
0 342
55 359
18 317
204 228
189 376
85 298
83 219
33 155
14 74
211 299
306 320
51 344
23 133
6 330
24 49
48 281
40 93
30 160
42 368
10 273
131 187
53 118
380 398
173 186
327 378
224 377
149 344
2 23
145 353
137 339
55 127
149 333
35 296
166 317
31 330
31 260
6 31
104 301
53 108
18 32
270 295
60 277
195 271
47 317
10 293
78 314
188 216
156 390
2 133
96 394
102 272
3 84
16 91
136 399
241 395
315 347
364 368
31 354
96 236
332 343
45 261
205 225
163 244
250 363
295 304
56 75
322 328
33 191
159 294
263 292
9 129
92 370
14 210
27 342
297 367
66 345
377 396
311 325
282 343
35 64
26 333
366 371
152 379
256 282
118 273
51 65
156 222
93 379
201 345
47 70
17 291
238 272
1 381
133 217
61 320
184 231
335 355
181 373
184 250
47 165
241 369
21 76
71 158
99 126
176 395
131 341
113 339
220 309
213 235
237 383
223 390
153 275
174 324
104 326
185 264
151 181
112 323
307 377
26 148
102 342
264 329
229 352
191 336
138 329
101 301
97 124
43 347
68 237
224 292
107 116
92 199
29 160
349 372
130 153
161 186
128 273
140 225
318 350
327 353
171 224
191 283
144 367
34 69
135 285
132 329
99 146
80 195
127 235
148 149
343 392
4 306
116 225
144 356
129 177
189 203
260 276
239 386
278 398
74 184
0 238
239 335
132 372
314 363
162 178
22 226
77 189
103 190
189 284
191 310
177 228
171 303
54 310
106 383
236 287
210 216
181 216
76 348
17 273
182 232
116 288
56 143
33 266
209 259
10 53
58 392
64 179
143 255
215 229
40 152
35 268
151 261
127 167
70 381
63 350
236 253
255 308
140 218
335 386
245 392
232 298
328 376
283 299
274 279
79 307
33 305
51 263
66 77
168 305
210 223
38 246
237 325
3 374
309 339
131 156
13 175
104 182
274 334
315 366
255 290
4 107
39 208
34 75
333 378
41 260
10 158
6 49
37 273
52 356
229 348
135 249
86 380
242 378
279 365
131 384
149 349
11 221
74 150
48 82
148 343
205 320
136 348
37 47
263 344
169 246
88 301
222 373
99 205
138 172
363 374
25 347
23 39
147 279
171 307
226 389
33 283
284 300
228 362
86 398
110 144
4 95
7 139
11 279
15 115
191 299
203 300
14 135
32 321
31 109
21 80
44 84
51 292
184 249
157 347
300 376
177 291
127 203
67 329
160 383
28 93
180 361
119 278
85 194
172 214
150 249
93 199
41 109
114 290
79 171
14 150
223 265
127 189
94 141
134 306
25 371
72 107
82 198
132 138
56 321
217 221
108 242
263 333
284 391
66 313
16 314
54 168
152 195
95 297
232 304
9 177
250 390
44 374
52 107
313 322
119 257
281 320
43 371
146 205
136 306
128 204
61 218
53 228
206 387
49 71
61 306
63 318
77 197
324 364
260 389
7 191
208 264
141 270
202 262
253 285
68 258
18 119
319 351
159 305
160 174
131 188
21 90
12 33
45 124
220 318
12 332
80 92
10 362
356 367
62 98
313 328
67 372
69 161
314 374
117 287
173 288
97 229
124 195
122 170
257 398
117 169
23 202
98 270
0 15
19 301
48 198
141 252
244 262
45 215
218 399
219 258
334 346
163 311
83 196
209 316
5 310
25 315
169 285
88 287
21 123
58 245
92 312
240 246
82 205
264 357
0 73
299 353
71 362
84 121
211 256
163 208
73 272
197 235
78 363
141 164
7 33
210 358
131 216
209 388
5 7
28 152
260 338
103 161
55 384
47 81
272 312
64 286
223 358
157 250
142 181
20 189
68 196
240 296
197 300
45 151
265 314
76 97
28 199
232 301
245 332
99 306
171 349
157 393
257 380
370 391
118 291
111 248
81 321
108 291
263 331
149 183
19 182
253 361
1 86
101 164
21 199
10 228
276 294
38 74
136 140
330 395
191 353
220 308
21 124
52 173
218 319
376 391
269 298
233 374
227 294
21 352
227 266
42 174
52 288
50 191
92 124
259 359
140 198
159 310
33 50
116 356
143 397
321 326
123 134
83 207
131 181
57 354
142 351
46 296
196 202
256 263
341 359
169 296
17 204
223 250
5 248
77 284
197 213
1 186
45 352
147 334
138 264
4 297
87 160
92 97
52 367
77 313
350 397
67 264
332 392
242 302
129 293
153 251
104 295
28 40
206 315
77 201
110 288
217 254
154 259
74 253
99 225
80 215
38 135
181 261
103 186
51 242
278 290
117 234
347 387
154 316
216 384
125 287
111 155
80 199
21 93
33 139
154 230
0 243
13 339
121 334
243 360
97 352
177 242
40 192
187 188
29 174
334 374
273 291
369 389
55 316
347 386
221 279
144 298
1 137
154 209
285 361
56 381
38 234
363 386
20 167
276 338
14 382
128 158
397 398
125 351
206 337
201 284
132 185
41 299
112 254
133 200
36 282
38 150
252 296
386 393
153 241
170 289
206 366
189 235
134 348
120 368
198 218
337 375
127 376
97 370
5 50
92 195
7 12
149 377
137 143
275 398
239 363
318 397
111 172
21 229
16 382
63 290
107 297
134 281
45 142
58 148
10 17
292 302
73 115
358 390
133 254
101 295
61 140
100 219
38 169
115 238
92 342
64 162
97 215
7 155
79 254
274 374
88 125
56 69
116 146
51 289
17 362
217 365
260 369
148 349
91 346
215 352
70 326
173 175
63 397
278 340
148 256
170 226
104 304
29 89
65 228
17 62
159 227
58 171
150 253
220 350
214 245
72 146
34 70
179 396
99 297
247 277
89 106
7 310
282 353
93 152
145 282
32 37
121 286
78 374
46 396
201 313
87 383
176 354
169 234
12 36
162 240
171 245
69 186
48 61
56 194
82 110
189 300
68 160
284 328
176 260
72 116
156 210
39 311
19 88
199 370
130 362
101 104
174 364
336 353
220 290
67 357
118 362
190 397
12 248
96 361
150 178
102 238
108 129
29 364
8 271
88 96
156 181
290 397
11 233
43 206
49 129
36 191
109 338
59 269
89 366
86 194
47 56
300 328
67 214
167 284
115 313
106 375
124 229
302 327
52 297
211 283
189 197
17 177
189 201
183 333
135 361
200 254
120 196
50 305
135 231
320 399
174 368
139 266
147 217
1 190
193 376
198 298
209 347
245 303
121 323
73 243
80 379
193 370
151 188
240 396
153 257
79 372
35 178
59 144
21 215
154 206
50 283
187 384
162 396
236 285
182 326
258 324
366 387
335 374
63 220
180 287
48 399
40 379
57 122
7 305
89 375
281 348
197 284
227 310
124 370
78 286
44 121
200 357
196 383
286 374
74 382
106 337
31 176
19 198
87 219
255 350
29 355
42 120
257 275
142 229
158 251
258 311
14 253
17 293
140 281
183 377
18 47
10 128
150 268
18 81
75 381
20 341
48 99
218 351
87 258
277 383
112 121
143 318
84 286
114 220
127 341
1 69
86 267
29 120
219 324
343 349
119 380
282 327
118 128
88 117
145 211
316 341
371 387
333 344
17 53
222 358
23 244
42 219
307 396
3 279
116 205
51 302
135 236
13 186
219 311
124 352
30 355
249 382
115 322
66 322
216 358
131 261
279 346
212 393
69 143
359 388
56 86
2 163
104 232
275 380
14 268
291 293
132 357
231 358
218 394
220 255
124 215
68 87
36 332
168 338
125 319
71 130
172 392
318 340
184 223
238 243
130 273
29 337
279 334
30 174
37 166
140 348
322 376
219 383
110 356
171
54
127
53
35
92
82
124
195
93
91
38
78
127
122
107
159
47
52
169
170
105
90
113
63
154
88
137
84
150
64
109
77
60
120
180
162
84
139
122
262
48
209
120
41
87
67
173
56
68
81
141
23
42
130
112
144
57
148
79
49
128
79
83
79
75
146
71
31
145
135
66
148
56
17
39
56
50
150
97
103
80
38
70
121
62
64
34
47
176
30
28
90
169
74
166
98
73
64
39
133
49
106
77
211
43
39
174
29
71
99
21
145
37
93
86
51
115
189
41
46
146
33
111
94
60
39
95
74
122
61
62
72
124
135
121
14
110
43
142
119
59
74
123
17
72
109
46
65
262
79
107
251
61
120
60
107
70
75
155
125
133
110
88
326
112
121
134
66
190
49
28
72
159
68
168
53
38
66
108
91
149
147
137
114
46
76
91
74
48
84
59
81
122
70
249
129
144
100
93
70
168
66
70
243
38
71
116
77
164
11
114
180
123
87
94
147
152
83
97
137
62
37
85
147
76
80
42
90
107
30
79
58
152
91
35
103
46
85
138
139
83
153
142
74
154
153
72
119
246
86
144
80
48
81
95
164
41
134
98
75
25
128
82
60
143
48
139
97
138
72
133
100
70
139
51
50
69
94
95
84
178
124
107
74
43
89
94
80
83
33
25
71
111
78
98
105
48
131
114
140
117
27
183
114
91
143
209
128
173
109
80
54
55
140
256
173
70
90
86
86
102
102
79
60
102
90
55
93
115
82
41
86
41
97
52
41
101
108
58
54
138
176
143
168
57
46
146
129
100
83
60
179
47
114
94
80
165
231
18
39
94
116
155
62
99
99
68
83
69
189
32
180
104
125
98
100
208
79
50
103
161
47
181
58
184
224
91
74
114
129
97
50
61
46
14
80
106
118
69
58
103
160
99
62
60
204
48
140
68
84
147
138
67
124
37
88
47
79
112
43
206
60
42
51
172
52
80
155
79
157
187
53
30
114
68
48
83
224
26
42
49
66
157
20
76
30
97
177
63
169
147
166
91
81
71
81
158
95
59
133
77
95
50
120
142
117
89
111
131
81
52
46
131
114
120
50
240
134
150
177
71
139
41
71
108
134
75
63
92
71
205
83
18
44
150
42
80
128
87
111
83
52
163
110
69
71
80
200
197
122
89
104
112
46
128
139
86
113
121
81
150
105
130
105
152
106
48
33
131
79
161
158
104
97
132
79
95
61
40
53
41
151
130
22
29
130
36
119
93
102
36
77
57
64
46
82
70
85
44
81
198
85
52
186
8
162
53
139
55
182
69
129
51
103
192
104
78
110
87
82
83
39
97
110
82
153
100
87
36
43
133
120
162
121
110
43
134
179
153
94
51
159
67
38
88
204
196
72
45
88
60
108
50
70
88
96
25
134
119
72
95
75
117
119
81
36
76
135
171
68
173
30
42
48
63
114
100
76
109
142
169
72
71
65
119
126
66
32
67
73
23
36
132
107
78
74
158
55
77
55
41
99
104
184
30
74
38
56
48
151
106
163
88
158
93
119
101
112
109
161
153
120
165
49
77
31
76
107
144
186
135
144
124
60
72
70
53
66
96
96
149
84
57
180
67
69
98
130
82
71
107
114
17
36
102
187
99
128
39
95
118
78
68
130
53
89
150
102
28
136
84
66
85
95
84
190
184
144
115
82
42
116
79
169
55
91
156
111
136
69
110
161
37
107
179
33
140
41
39
163
87
175
109
172
50
134
169
192
174
88
110
138
41
70
66
176
139
74
38
68
51
119
133
34
193
98
76
134
152
184
19
49
167
25
69
94
102
216
52
40
73
104
174
198
64
86
52
165
33
31
170
54
134
29
61
104
70
56
73
71
154
116
86
21
171
118
141
14
198
47
147
38
147
176
204
115
71
167
23
52
194
198
110
131
48
198
34
103
85
49
182
79
141
89
57
93
214
100
136
176
195
56
148
148
122
74
150
35
141
100
105
52
158
174
133
59
65
89
127
83
58
99
79
149
157
83
24
124
148
114
82
114
106
80
74
68
123
101
111
87
149
119
81
52
131
71
100
138
122
54
51
50
87
171
114
95
65
71
97
13
128
31
117
85
37
90
177
81
113
134
158
96
105
52
198
163
39
98
48
142
49
53
56
134
19
103
94
94
29
107
83
196
162
84
99
153
144
112
93
23
228
73
107
75
151
79
135
84
38
37
64
70
134
168
51
87
22
87
54
24
131
77
112
124
206
71
75
56
80
32
160
220
89
128
101
113
100
73
60
85
89
95
131
33
89
38
142
108
59
98
163
90
51
97
98
47
79
89
95
88
104
110
88
192
142
15
121
12
185
123
64
104
157
75
139
96
121
72
176
173
20
94
99
76
86
163
59
31
102
23
54
156
71
52
7
161
152
32
112
55
131
93
20
117
212
33
102
152
37
85
145
40
131
84
119
104
187
204
73
172
119
103
77
69
86
223
31
104
87
56
274
25
199
123
207
194
111
93
93
78
187
82
76
84
261
69
247
78
100
48
20
65
80
141
131
167
192
115
87
140
45
113
158
217
30
248
50
89
128
115
122
113
130
30
62
50
147
127
70
115
173
64
83
42
164
142
172
94
195
195
204
78
119
83
61
144
74
52
148
99
69
123
59
192
76
115
99
66
66
137
70
74
86
72
203
42
91
133
103
57
136
106
65
116
108
134
161
189
123
106
55
55
55
82
70
92
205
62
78
21
170
116
60
90
32
170
97
82
104
104
72
195
175
29
165
82
180
122
152
33
37
157
137
36
97
86
128
41
95
86
46
198
164
104
32
164
32
116
77
61
25
58
107
115
33
128
57
181
82
53
99
116
115
175
160
70
47
63
76
85
164
43
68
121
64
194
95
170
187
17
26
208
53
134
168
42
48
48
158
36
107
143
160
120
133
161
200
103
131
108
152
17
97
54
37
109
113
45
101
119
26
114
65
57
90
118
95
47
94
136
70
157
173
112
81
230
45
121
54
95
162
63
125
143
119
115
168
185
104
86
145
38
155
71
139
113
172
95
168
97
86
100
99
61
123
179
96
66
54
119
84
44
133
193
83
105
99
118
176
87
75
237
20
189
112
171
165
143
34
76
39
103
158
86
137
34
62
75
151
123
215
160
195
140
160
93
182
137
81
109
37
85
99
45
76
157
96
126
64
112
101
216
162
254
70
55
46
28
196
18
79
94
49
12
188
41
86
158
126
36
98
101
182
94
135
60
143
65
39
102
124
106
94
88
116
142
124
78
117
80
162
89
50
174
58
6
96
56
38
110
73
161
70
62
82
148
54
73
130
62
204
131
86
121
132
36
26
189
136
148
52
145
113
133
121
48
72
124
46
60
124
63
56
118
94
31
19
101
145
31
189
110
35
118
252
164
114
93
47
88
15
100
24
263
99
40
97
219
107
73
80
226
153
79
131
65
105
112
100
255
121
139
108
57
99
235
55
161
142
127
152
139
52
77
136
96
104
124
118
81
41
127
96
146
102
21
132
94
70
137
24
181
26
135
21
54
18
112
116
130
127
122
78
39
77
62
240
80
87
68
166
163
44
80
46
128
159
21
202
111
88
125
91
83
46
137
78
48
26
206
85
93
155
76
167
73
171
129
139
50
73
201
147
104
113
85
93
88
51
69
265
61
65
80
82
78
115
80
62
212
59
145
97
205
148
41
77
253
120
125
190
37
124
144
75
185
91
77
46
155
129
53
27
98
73
95
158
55
59
93
12
156
45
33
122
52
124
64
47
185
118
210
154
104
29
162
76
97
122
69
224
70
167
127
113
165
102
156
86
147
107
217
146
171
78
45
120
82
70
180
116
177
142
142
44
22
85
115
139
80
130
111
180
97
86
115
113
132
272
85
123
119
87
77
89
55
116
147
120
59
64
197
191
190
173
137
137
61
157
106
26
66
164
187
11
116
205
69
125
16
32
38
80
93
111
41
37
181
145
178
93
85
18
118
106
94
246
61
128
50
84
66
83
57
159
46
71
99
74
135
131
118
110
71
266
21
144
112
77
49
96
104
51
45
66
32
155
125
48
52
67
47
42
81
91
104
116
32
144
63
57
142
160
150
46
75
100
167
112
147
129
52
58
52
34
89
138
170
176
155
98
41
101
14
167
84
126
189
158
79
143
120
68
130
191
148
65
108
56
130
120
104
131
109
217
27
56
31
100
162
111
139
40
84
73
53
161
125
80
179
76
212
60
106
86
119
21
44
116
164
95
95
89
51
190
237
135
84
45
149
74
137
141
183
96
42
80
59
205
149
79
55
120
171
62
43
46
83
53
65
117
79
156
53
49
107
54
29
178
184
138
93
45
99
117
143
71
104
171
98
43
95
156
132
67
83
146
122
63
158
30
214
61
189
44
54
122
56
59
29
64
42
31
42
138
110
233
81
83
42
39
40
108
120
148
64
49
73
122
41
92
137
174
135
173
56
103
181
223
148
25
63
37
165
62
40
31
143
36
103
182
233
144
35
48
162
198
44
87
57
157
64
157
90
