386 34
228 426
324 505
257 427
229 366
51 275
290 555
47 678
655 462
356 97
756 2
113 107
416 389
35 279
55 705
795 615
192 550
754 505
122 322
597 277
440 201
214 408
207 340
595 299
208 503
41 525
258 208
171 542
779 188
683 717
121 721
359 285
193 276
405 703
322 377
45 274
629 792
785 326
620 419
794 542
570 688
99 416
356 563
524 356
86 53
435 232
222 94
259 312
202 381
444 395
306 191
0 383
794 306
233 391
604 735
491 616
733 338
590 131
719 761
159 260
20 635
741 688
364 763
352 82
285 166
605 180
226 421
582 363
162 69
794 277
190 160
419 408
619 361
709 324
500 649
784 509
348 756
250 648
697 483
340 706
681 374
355 237
526 531
81 426
147 519
368 217
104 180
691 781
766 67
668 449
15 525
383 237
176 561
642 468
195 23
485 492
336 281
200 756
180 241
424 799
735 56
111 645
232 211
119 16
31 616
375 696
268 571
252 604
321 315
715 193
413 767
27 127
395 87
398 11
73 529
697 371
629 503
558 601
486 9
520 530
266 557
27 150
36 652
493 324
126 68
466 756
526 82
631 775
494 330
559 36
359 502
646 675
541 420
116 92
721 792
717 641
176 316
605 198
454 641
556 429
358 648
767 265
305 761
260 263
752 338
183 45
260 536
572 326
520 654
226 630
138 246
414 423
125 583
277 734
692 12
305 398
416 703
53 290
351 452
73 278
743 294
738 704
738 711
672 710
145 453
726 158
668 378
187 756
558 74
645 608
622 492
174 177
607 675
642 506
108 385
439 267
90 543
800 438
224 356
57 498
387 689
439 243
255 162
526 447
253 261
611 93
389 374
197 222
55 237
295 194
108 367
19 324
649 250
560 595
130 477
728 188
41 460
424 478
447 428
405 181
729 88
474 159
318 640
301 67
405 394
418 589
733 650
383 252
233 436
324 499
552 17
38 688
582 398
542 620
584 78
503 391
198 710
215 711
141 195
543 437
653 203
682 315
631 669
642 727
35 438
257 588
84 465
497 406
464 109
704 322
66 113
728 714
714 501
331 121
551 581
380 782
213 344
34 322
206 666
536 57
248 553
208 612
296 7
124 671
528 437
629 143
502 212
779 699
374 302
590 370
541 577
364 641
639 147
528 476
544 464
71 2
781 242
725 323
173 408
281 750
724 403
97 134
96 588
288 591
504 740
671 216
780 175
413 91
697 29
183 589
57 546
221 728
397 18
296 720
335 136
757 746
43 644
167 42
538 643
730 501
104 471
613 332
569 270
104 771
797 795
306 71
499 509
711 8
345 413
530 342
126 342
452 694
316 269
585 794
756 532
254 730
652 366
326 447
152 526
794 726
6 94
600 665
603 534
415 631
695 646
161 35
369 397
332 623
756 110
774 587
200 173
345 98
376 735
397 68
133 320
696 713
798 742
74 376
144 400
585 247
456 629
702 316
390 148
286 158
353 652
776 629
800 107
523 265
357 174
40 388
510 118
467 262
369 234
17 552
57 162
482 101
190 491
430 152
665 127
522 320
770 71
33 641
314 279
520 129
506 370
116 455
769 767
617 197
341 408
133 82
360 699
463 494
534 561
302 196
684 352
510 433
49 29
469 238
98 457
566 154
332 343
676 648
715 569
80 557
783 756
364 129
154 353
115 480
388 655
299 202
337 34
709 570
731 26
418 238
354 126
449 684
278 286
219 70
365 67
485 698
69 188
216 502
585 660
409 320
722 356
111 597
608 668
702 705
379 593
734 564
380 144
633 35
155 184
166 236
626 61
636 252
299 517
430 160
334 311
247 83
40 222
15 389
30 167
170 254
45 331
57 343
72 249
103 145
345 367
56 73
26 189
94 277
119 254
29 127
124 145
55 213
34 306
152 363
82 250
161 231
262 385
172 222
336 381
49 71
55 148
16 336
330 359
204 288
328 365
102 182
32 184
113 272
119 286
95 286
122 211
289 344
26 323
68 377
78 173
93 302
210 214
56 257
32 150
24 27
124 356
203 311
255 356
30 101
337 390
69 257
29 162
38 249
342 398
138 205
198 351
267 397
217 295
43 344
284 364
251 368
18 314
162 163
289 339
114 179
49 198
176 298
106 146
184 292
164 226
45 357
221 296
119 352
132 253
120 240
24 381
17 371
48 136
31 96
167 216
180 375
342 376
134 284
84 164
155 288
371 389
53 258
231 275
253 254
241 269
120 263
167 238
123 327
210 239
171 310
43 215
64 274
142 259
0 370
263 307
268 391
6 225
276 341
104 341
85 328
153 295
100 326
12 151
227 344
74 138
317 329
152 269
29 223
189 353
14 243
70 310
114 270
124 230
27 194
194 280
11 86
0 313
77 263
100 372
33 79
34 360
98 310
174 290
160 229
340 372
109 165
193 352
154 391
148 320
262 270
59 136
98 187
139 219
185 359
16 27
63 374
67 212
268 340
275 364
26 187
37 160
251 303
282 327
99 235
223 387
168 214
79 251
30 97
163 387
133 230
114 333
230 334
162 247
28 141
74 320
232 279
38 93
62 76
333 363
57 330
290 366
265 347
245 359
313 378
180 303
40 54
184 376
37 144
78 93
154 372
200 372
362 389
140 368
23 72
377 399
166 354
183 212
115 354
100 154
46 68
92 298
228 330
106 107
224 358
14 341
206 309
146 240
174 329
84 367
162 364
19 23
60 341
54 223
185 245
31 91
86 230
73 221
112 228
1 48
305 349
31 360
89 170
103 255
133 305
47 342
135 361
9 203
344 355
56 160
44 305
96 292
75 389
20 357
124 305
187 392
37 141
134 346
31 108
88 372
176 363
179 280
131 304
272 370
157 191
17 294
47 108
18 174
41 164
62 235
82 286
229 384
125 156
203 399
325 389
142 295
41 367
7 30
67 289
280 358
3 53
114 262
234 352
30 216
278 386
171 187
44 133
160 321
33 156
64 189
217 271
260 384
193 382
176 367
57 168
201 330
2 146
85 373
67 249
5 159
205 388
169 222
102 184
212 244
50 323
128 344
206 231
168 330
19 319
63 267
61 231
40 213
37 257
262 341
316 346
2 130
177 279
235 312
308 326
57 126
20 331
26 310
190 290
201 228
106 241
60 333
73 166
55 250
129 168
299 316
95 119
147 249
121 188
138 156
266 308
88 340
281 296
279 294
145 305
42 263
9 63
175 357
107 240
107 146
117 213
111 334
109 265
128 339
247 325
125 379
26 50
51 224
110 312
10 268
189 323
242 378
6 263
180 251
206 247
55 117
71 151
156 350
163 172
116 170
115 229
57 338
95 355
61 304
24 84
97 271
39 177
38 296
73 354
77 216
112 390
199 337
229 321
8 232
257 384
96 332
129 391
190 318
126 343
327 357
227 289
180 368
269 385
86 334
205 320
22 47
96 360
33 368
20 175
41 174
52 141
97 295
79 202
28 266
130 297
94 103
294 362
196 280
370 378
198 355
155 306
238 241
114 226
153 273
111 300
43 249
6 396
83 329
264 293
60 104
163 222
10 372
186 306
360 398
131 301
233 323
135 309
177 260
95 197
45 175
109 220
119 351
82 352
83 367
148 213
164 318
245 347
158 209
147 212
248 383
189 328
68 277
90 196
27 92
22 136
315 361
215 227
67 132
17 75
64 323
83 190
156 180
12 288
226 280
221 321
194 367
265 395
149 269
272 313
35 157
36 54
10 154
261 380
40 172
279 389
43 147
194 345
353 369
140 388
36 127
240 241
88 100
179 358
288 297
124 349
1 66
104 363
10 200
57 137
70 182
215 355
161 247
75 232
65 338
182 323
194 298
41 290
91 96
166 221
290 318
233 274
31 398
71 197
76 235
179 363
200 326
155 348
185 214
16 84
18 290
73 321
234 250
27 336
105 312
91 175
29 315
25 90
56 229
95 254
30 283
221 281
144 229
179 345
76 105
73 384
31 383
65 359
20 246
288 306
123 344
218 392
53 66
304 315
193 278
149 263
204 348
24 146
280 345
172 386
194 336
35 188
13 157
75 177
318 345
163 315
264 291
28 308
63 274
309 371
165 265
66 208
227 355
164 367
104 270
266 326
183 227
38 89
294 309
32 59
254 355
65 395
108 248
33 180
57 252
207 292
76 153
202 251
251 388
114 363
189 369
54 172
224 226
39 75
279 362
104 122
83 280
50 353
3 48
192 319
267 365
63 203
97 216
130 197
101 122
2 209
218 310
109 256
274 285
23 319
135 371
4 66
262 276
69 256
81 292
41 329
193 234
61 206
122 262
119 234
257 321
64 182
77 202
390 397
10 340
146 396
63 313
65 220
7 104
128 289
68 124
88 200
130 158
0 378
277 377
253 286
4 53
195 266
245 252
151 197
162 346
9 233
49 186
34 108
271 295
40 264
68 103
221 395
182 399
324 388
91 181
11 261
7 276
115 166
22 178
279 371
161 162
8 170
79 105
301 382
4 236
343 359
6 307
149 241
28 109
135 161
178 236
164 280
347 395
15 309
146 381
42 209
20 337
184 342
291 375
17 177
76 273
106 396
58 87
205 368
165 308
24 240
158 288
132 254
154 200
322 337
68 305
1 53
203 233
90 270
112 272
22 32
195 256
31 207
48 66
328 390
1 258
37 52
161 316
107 120
25 363
309 389
176 179
270 363
199 201
193 250
376 398
360 376
186 204
8 38
59 98
303 368
76 312
37 56
102 187
9 267
292 342
75 294
56 354
206 387
311 365
277 305
165 200
354 384
29 58
101 262
220 395
37 384
268 394
77 107
168 335
232 371
206 304
18 159
115 384
207 332
247 364
103 277
85 207
8 89
244 355
52 56
103 349
17 78
76 142
382 386
163 361
39 294
139 253
123 215
307 324
65 245
228 337
375 379
5 35
81 373
150 159
111 380
209 297
41 83
219 227
6 240
168 343
15 39
215 244
319 327
274 390
219 254
101 152
116 232
144 384
274 322
202 307
203 370
49 204
93 116
148 379
82 119
319 395
284 299
164 258
80 354
227 244
77 217
296 354
104 333
230 380
151 198
174 190
21 208
166 260
192 395
3 66
27 269
109 195
332 373
168 210
315 387
161 206
33 105
19 137
21 66
228 397
324 368
4 178
198 227
248 360
216 238
201 343
278 382
43 128
163 223
12 204
225 241
25 270
52 256
199 373
159 237
147 319
117 278
105 180
151 306
28 326
240 381
234 278
82 254
16 146
86 188
106 225
6 106
184 187
253 351
21 258
194 358
49 344
44 103
12 198
38 170
113 118
100 308
229 354
39 389
198 215
6 209
50 64
220 347
102 171
80 260
86 393
204 306
138 375
214 391
181 373
160 257
58 346
3 297
126 214
60 276
304 387
46 94
115 321
53 236
87 315
28 256
57 65
56 80
145 277
3 208
234 302
16 241
261 334
216 295
24 298
182 189
82 253
55 193
126 335
306 360
148 193
88 326
124 255
151 186
264 379
323 353
79 312
299 346
52 69
287 372
5 237
152 270
73 144
2 297
221 354
13 18
50 182
147 289
25 333
64 353
108 292
42 307
20 45
124 133
224 317
174 317
62 99
220 338
35 380
131 386
87 134
139 212
65 347
195 220
57 394
72 354
103 356
130 209
108 342
20 373
140 202
250 278
128 327
175 383
142 153
131 169
132 215
25 226
138 379
284 316
105 156
86 218
137 192
108 143
146 225
43 289
19 192
59 314
72 296
2 158
11 349
127 223
143 376
71 204
228 335
173 302
47 178
221 384
222 304
222 361
44 356
233 390
125 264
19 281
121 334
26 143
115 257
48 258
18 59
28 165
218 393
21 22
135 387
117 234
58 364
255 305
8 166
228 343
249 289
179 196
282 395
176 385
157 188
86 121
126 210
40 382
275 346
60 211
199 390
9 390
127 293
56 260
76 259
85 199
14 60
374 378
112 313
96 398
368 388
190 366
9 374
188 334
204 383
31 292
298 367
47 236
214 245
133 277
179 270
105 140
292 398
199 332
330 335
311 374
63 112
13 35
179 333
62 350
270 385
271 273
201 335
48 318
9 370
285 311
29 61
97 283
16 24
58 231
2 396
280 367
102 189
73 80
122 341
58 275
161 299
154 394
30 243
110 125
248 342
120 225
98 102
202 324
345 358
56 384
107 225
174 258
350 368
112 311
57 359
61 161
12 71
298 381
94 124
290 317
240 396
26 184
61 247
6 107
187 310
43 227
9 322
323 369
65 319
64 369
90 363
41 318
274 311
162 231
131 223
99 110
140 350
51 237
213 234
23 192
55 352
168 239
155 158
239 343
17 39
272 378
96 248
54 293
108 398
150 187
79 140
117 382
162 275
86 171
48 236
53 208
48 366
86 380
294 371
81 332
84 92
291 320
206 325
171 218
129 330
140 303
213 250
13 237
231 387
218 380
164 345
115 296
245 338
0 112
192 220
206 361
256 266
72 147
148 278
215 339
70 171
361 386
19 147
106 263
94 305
76 79
3 21
79 273
33 291
54 301
31 248
47 184
29 87
82 95
173 232
153 271
21 48
144 257
47 376
301 386
179 226
151 288
23 147
288 360
196 358
269 298
1 3
126 239
374 390
41 224
199 322
105 324
74 278
243 385
33 375
131 172
34 288
261 349
111 230
276 385
299 364
200 268
104 276
96 108
128 215
8 78
7 14
183 254
49 151
51 329
311 313
112 322
118 210
159 191
304 361
201 357
14 122
63 365
134 275
15 294
36 223
171 393
139 355
81 91
15 325
40 148
69 141
183 215
140 251
226 358
46 377
49 306
16 240
89 173
248 398
132 139
141 144
67 147
27 84
62 110
21 178
81 85
145 377
216 217
171 392
5 188
4 22
337 397
19 327
214 239
57 245
133 261
147 339
201 337
40 278
6 120
290 314
163 231
124 277
242 399
165 266
51 196
363 385
168 394
194 226
155 297
4 48
102 310
83 226
101 211
85 91
267 313
281 282
38 67
120 146
55 74
166 281
215 289
98 392
126 330
35 159
268 287
187 218
68 133
25 196
308 372
68 94
53 178
152 298
86 392
135 304
46 399
13 191
14 211
141 266
174 366
9 313
175 207
20 181
79 142
187 393
144 160
32 393
107 269
156 368
108 360
78 294
92 269
101 341
342 360
205 303
51 191
97 167
223 386
90 179
139 227
182 353
199 328
338 394
326 340
237 317
167 295
112 374
150 393
145 349
262 363
91 207
207 248
115 260
59 393
39 279
77 149
286 352
302 352
391 394
38 116
200 340
109 266
257 354
14 30
249 281
99 125
22 236
284 346
230 349
231 346
141 256
41 345
270 333
80 229
34 186
13 188
361 387
168 185
226 345
142 350
149 225
60 122
22 53
24 92
19 395
1 178
104 211
337 365
298 336
223 315
7 60
131 222
176 270
92 152
334 380
84 194
166 384
45 199
67 72
73 160
185 239
166 296
62 79
135 362
137 220
3 4
63 378
181 357
278 379
132 355
50 369
321 384
125 291
1 21
346 364
170 302
66 258
231 247
165 338
77 241
203 285
324 350
32 236
77 271
247 316
46 182
88 287
80 166
23 282
0 63
46 277
66 178
151 158
273 350
358 367
140 180
2 6
42 396
29 131
157 159
43 123
50 189
169 361
111 261
220 252
11 124
55 138
58 162
94 349
365 390
62 312
303 388
150 392
251 324
25 176
218 261
292 376
32 143
251 307
33 140
244 253
72 212
109 338
117 193
44 124
61 135
126 168
200 287
41 358
228 267
132 227
112 365
135 206
126 228
63 233
213 301
274 328
82 351
201 246
247 275
238 271
129 394
197 351
31 81
65 252
328 332
116 173
57 347
45 201
198 204
83 318
49 227
130 396
48 178
181 246
225 269
182 310
158 297
41 226
308 340
151 204
267 337
169 362
61 275
78 116
10 287
114 367
5 157
50 274
189 274
72 281
81 328
221 229
19 282
170 173
150 188
143 292
132 219
136 236
28 195
7 211
110 156
322 374
319 347
100 287
141 257
69 144
207 373
78 170
32 136
138 291
180 291
286 351
193 213
42 130
16 298
21 236
33 110
58 134
161 163
63 370
313 365
42 388
162 387
176 262
88 268
12 306
221 257
261 392
16 269
300 356
331 357
38 212
52 160
41 280
310 393
4 208
0 272
96 342
183 286
74 213
26 64
211 276
134 364
152 176
18 136
79 153
328 369
92 241
137 265
59 187
138 303
63 311
76 110
154 268
3 155
215 344
48 208
102 143
7 341
77 238
121 300
239 330
9 365
246 327
31 342
303 320
89 260
142 235
303 375
152 385
5 13
193 302
88 154
44 300
154 287
137 359
73 115
74 148
34 348
259 271
15 135
117 352
258 318
327 331
25 114
68 145
14 283
84 336
220 245
36 293
63 285
307 388
45 332
186 360
147 281
84 176
129 210
162 315
191 237
268 372
141 160
238 243
237 329
50 85
102 393
62 105
195 308
149 238
34 155
273 312
20 199
8 93
207 383
79 259
57 214
116 302
91 373
246 357
209 396
222 223
107 149
172 382
143 184
26 102
117 148
108 376
148 382
311 378
226 367
41 194
233 365
306 348
192 347
5 191
80 384
15 206
58 315
68 349
106 149
93 232
61 315
123 339
74 375
82 193
196 226
186 288
161 315
331 373
50 328
1 208
74 379
159 188
167 217
113 313
56 144
137 395
89 232
275 316
34 398
33 235
7 243
83 174
123 331
53 155
114 176
311 390
188 380
121 380
153 217
232 362
123 289
200 308
75 309
131 315
87 127
70 102
103 124
32 98
202 263
143 342
230 356
42 205
156 291
240 263
29 387
35 191
127 163
91 199
216 271
195 265
61 162
213 352
339 344
147 282
112 378
335 343
285 378
44 230
18 366
23 281
311 370
208 258
78 89
107 263
12 186
253 355
224 329
250 302
267 335
11 334
312 350
230 261
89 166
129 185
310 392
275 299
165 195
26 182
2 42
142 273
83 317
107 238
192 265
274 323
16 381
196 224
22 366
23 395
23 67
260 354
56 115
157 237
79 324
164 358
137 252
48 53
14 276
121 261
258 366
76 350
174 314
26 369
113 378
131 382
101 385
65 265
139 254
104 262
95 244
119 250
229 257
322 365
330 343
133 349
61 387
13 159
291 303
16 120
79 180
357 373
153 259
158 348
318 366
131 387
139 183
335 337
44 255
274 365
100 340
58 387
223 293
45 207
137 319
21 53
22 48
183 253
83 196
212 219
96 207
219 244
35 237
190 314
297 348
33 312
44 68
197 198
11 44
20 201
33 62
264 375
95 253
137 245
247 299
136 178
49 215
316 364
243 283
6 146
99 312
242 370
91 332
131 361
100 268
277 349
215 219
305 377
73 229
17 279
62 142
175 373
126 129
214 359
29 36
160 256
45 91
252 265
98 218
81 96
294 389
136 290
43 67
46 145
98 150
314 366
87 163
61 325
291 379
40 301
75 279
183 219
31 332
161 275
80 296
45 181
162 206
229 296
132 244
1 4
321 354
180 312
278 301
362 371
167 283
161 387
112 267
55 234
244 254
142 312
186 383
17 362
139 244
274 374
65 137
37 69
118 239
156 312
200 338
238 269
9 112
132 344
106 240
322 390
11 133
292 332
38 72
103 305
222 301
122 276
135 325
81 207
11 277
80 115
155 360
203 242
110 235
93 173
210 391
199 397
11 111
152 262
222 386
86 150
8 116
164 194
175 331
86 261
185 338
17 389
84 298
392 393
51 317
7 101
121 230
137 347
105 368
97 259
26 353
105 350
282 339
117 250
32 187
159 314
180 324
233 285
83 224
11 68
43 339
157 314
220 265
124 261
72 166
180 350
12 49
287 391
82 234
132 212
97 217
239 335
259 295
59 218
85 332
83 358
101 243
83 345
303 324
179 224
238 295
103 133
185 391
231 315
219 253
191 329
250 352
10 88
136 314
273 295
37 256
214 394
9 274
233 311
90 333
18 317
222 382
167 271
156 379
201 397
111 121
213 278
138 148
90 114
38 166
36 87
8 173
242 285
252 347
119 253
27 152
71 186
18 190
140 324
72 80
285 399
327 339
73 257
259 273
225 263
105 251
54 127
52 144
172 301
17 232
172 223
118 126
113 370
297 306
120 396
233 374
59 150
12 383
145 399
282 319
348 360
45 373
25 179
95 351
40 386
100 338
320 375
140 307
365 374
6 42
98 171
77 295
7 122
89 116
254 286
162 316
347 359
328 353
70 218
11 230
54 222
9 378
10 100
74 291
190 317
162 299
43 132
164 336
93 170
249 296
213 382
95 183
123 128
70 392
38 139
89 93
236 366
288 348
212 249
34 297
131 163
70 187
81 342
78 279
24 336
267 322
156 375
84 280
252 338
84 152
9 285
309 325
39 309
148 264
125 375
138 368
251 350
231 299
29 231
208 381
169 304
9 311
129 239
252 359
29 161
69 160
71 198
4 21
300 334
322 328
322 397
174 318
183 355
27 381
230 300
33 350
136 366
96 376
44 349
168 359
186 348
5 18
211 341
185 252
106 120
328 374
41 190
307 368
132 183
107 241
100 200
97 153
275 284
183 244
175 181
285 370
55 278
185 394
118 129
94 145
233 328
179 367
146 263
79 350
67 281
46 70
150 218
55 320
232 389
267 378
174 345
20 397
78 232
27 298
54 386
101 276
169 386
309 362
71 288
181 207
182 369
246 331
29 163
94 377
88 308
4 47
98 393
181 331
158 306
71 306
232 294
14 101
84 363
16 92
56 321
47 143
138 320
225 240
219 355
57 185
0 113
18 157
77 225
56 221
129 214
275 315
92 385
217 238
41 317
105
209
99
91
98
134
69
146
55
39
68
65
150
148
134
66
101
141
131
40
44
48
79
56
93
176
130
152
67
139
176
10
52
46
101
45
167
155
112
222
199
20
183
112
187
91
89
215
130
230
105
88
101
66
78
122
53
33
49
56
26
154
32
47
98
102
77
86
116
97
113
67
68
20
19
86
70
29
131
168
62
101
95
103
37
140
80
31
94
87
230
96
103
32
105
119
70
95
82
98
110
22
59
87
69
155
90
108
85
88
157
70
16
99
26
40
122
204
72
119
81
159
56
114
47
119
141
134
142
100
64
136
175
167
75
45
28
193
32
89
73
115
37
164
112
62
111
75
106
29
196
174
67
55
163
149
58
147
113
28
132
46
71
218
84
75
158
69
66
126
55
70
170
59
122
44
78
101
43
64
218
67
73
138
42
116
56
117
89
93
42
146
115
81
27
41
113
55
130
124
68
214
77
58
77
86
123
73
114
92
167
82
111
176
44
149
138
55
122
159
122
120
151
26
100
100
93
66
56
88
137
154
38
105
58
81
108
225
132
99
255
64
21
124
110
40
154
177
106
77
80
22
78
49
85
87
83
172
150
102
143
33
39
71
113
86
167
51
113
139
189
70
112
78
126
63
244
69
50
186
108
65
107
106
90
64
94
207
225
133
141
58
18
127
100
243
203
189
6
130
62
28
151
48
70
150
99
55
108
59
44
183
63
135
183
75
189
82
187
59
159
193
125
34
160
83
35
107
113
151
143
168
75
225
137
101
91
60
108
11
199
58
90
92
71
88
139
164
34
139
60
59
131
93
121
115
79
119
73
120
14
181
85
69
188
97
68
79
102
139
45
51
186
45
152
284
54
110
86
67
49
140
77
215
87
134
67
83
195
55
155
60
102
72
100
147
73
152
73
102
39
65
144
35
96
70
15
80
88
179
23
55
45
55
79
103
44
160
130
139
89
131
65
47
13
61
17
157
82
116
53
34
7
98
245
111
151
56
44
80
212
36
141
130
114
81
68
26
59
127
102
71
152
92
83
87
21
14
25
91
77
127
14
73
93
105
153
170
140
86
72
82
177
131
115
66
77
35
76
170
105
213
113
102
40
9
159
47
21
122
161
55
193
128
94
134
240
22
77
106
107
184
122
164
173
97
63
83
98
48
128
78
196
61
125
76
16
105
116
96
82
37
133
8
161
94
158
157
50
127
189
16
153
227
180
69
97
106
193
89
56
165
48
89
233
60
29
39
179
129
166
112
116
69
101
94
86
103
66
70
70
98
73
136
33
142
72
47
106
92
34
215
139
222
217
181
97
64
78
83
62
109
18
81
82
46
77
58
236
47
142
76
33
113
82
37
150
104
118
120
15
157
95
160
48
201
96
161
74
112
222
98
99
67
169
135
200
132
149
59
138
90
163
49
213
93
80
134
93
40
213
28
160
161
58
157
73
93
85
100
84
129
10
86
60
184
47
27
75
74
158
104
140
165
152
105
187
130
47
140
85
68
57
97
59
45
20
96
173
96
120
25
100
47
59
179
99
92
150
83
15
135
94
176
58
50
157
68
134
121
105
160
61
70
155
134
81
129
66
105
106
63
146
15
68
193
114
50
48
87
45
162
219
85
23
59
109
27
57
101
19
106
88
22
72
50
227
21
91
65
33
99
143
47
134
118
47
78
20
97
28
80
79
172
152
130
42
61
143
71
74
138
105
183
49
59
92
83
53
112
177
76
110
136
175
78
55
158
116
71
62
41
166
92
226
46
125
181
57
47
149
202
104
32
176
110
139
131
151
143
132
188
16
43
168
71
115
61
166
81
79
127
48
89
113
112
212
146
127
58
70
110
80
56
111
200
50
165
64
115
122
50
80
60
69
105
48
55
131
79
96
182
236
83
40
93
21
196
166
181
209
67
84
120
118
143
159
73
39
162
116
125
128
65
99
73
73
193
111
27
133
167
58
65
88
91
66
58
46
99
122
149
120
54
61
106
73
88
64
72
77
40
193
182
49
139
139
24
159
183
203
105
158
93
132
68
101
205
138
66
35
160
124
88
105
132
195
89
109
153
53
46
186
99
75
180
111
76
64
84
185
143
71
97
111
66
74
73
123
28
123
145
88
168
107
140
122
82
130
131
132
69
72
20
72
164
16
83
62
164
96
87
110
94
97
101
18
37
18
127
100
133
45
36
25
102
242
126
152
143
104
68
74
84
92
137
159
103
95
113
94
29
112
39
51
191
117
210
121
62
169
190
62
70
104
100
40
67
111
70
59
85
85
82
106
87
107
41
67
182
74
102
142
173
71
61
67
154
35
125
48
63
65
113
68
171
36
219
62
91
148
73
105
74
86
58
116
129
24
58
190
148
88
120
74
46
43
14
106
181
57
200
156
201
45
66
88
110
53
142
110
157
135
98
106
126
85
145
88
110
84
86
174
71
70
38
117
42
74
104
101
164
40
119
162
121
169
241
96
165
64
78
52
71
37
175
21
22
72
134
166
175
76
21
123
82
71
101
90
62
86
45
31
56
75
14
222
146
109
133
70
120
81
62
47
131
88
150
112
147
128
99
106
118
89
76
62
212
74
52
84
111
56
69
105
67
113
46
38
45
65
63
148
256
127
96
84
108
47
42
129
61
257
87
72
159
118
155
78
71
143
163
117
81
202
69
176
112
89
132
18
121
111
93
100
127
193
117
191
136
115
58
99
41
36
144
115
50
114
76
132
97
62
239
126
124
104
119
81
83
17
87
142
173
51
98
96
81
200
135
91
164
71
139
104
63
153
196
81
124
172
141
62
85
147
31
48
128
67
73
127
124
69
76
236
33
179
139
127
134
30
33
174
81
33
52
168
26
26
91
112
139
118
130
15
66
213
233
113
180
142
25
78
72
183
186
147
191
82
103
159
175
163
29
74
25
151
206
128
91
104
101
139
63
65
128
145
41
124
112
111
200
73
110
56
83
127
16
95
115
98
152
52
162
129
71
43
75
111
109
124
111
108
100
68
192
62
102
109
115
33
146
218
59
175
89
141
54
123
132
59
64
131
68
59
171
135
99
184
125
85
19
107
112
67
91
49
48
59
233
139
17
125
111
36
151
124
110
157
88
109
53
106
46
111
98
99
45
153
107
184
178
66
198
111
133
63
88
103
173
68
75
223
54
192
61
76
88
86
83
113
26
35
81
114
64
63
100
91
134
199
136
142
89
68
97
50
160
38
166
58
149
126
68
102
100
168
99
135
70
62
137
199
177
59
37
112
120
232
23
160
132
23
74
150
108
95
90
61
38
55
220
83
94
100
104
140
168
80
108
100
51
94
42
86
61
225
114
130
97
129
192
63
34
104
68
14
84
91
126
72
69
125
56
145
92
63
21
74
85
64
86
54
80
181
51
58
154
174
73
152
101
58
108
137
72
53
155
179
90
147
119
65
147
28
122
45
62
150
19
159
89
69
102
177
227
89
71
122
60
140
126
67
188
107
72
73
110
111
126
96
55
46
122
105
148
83
109
105
59
75
161
153
30
95
40
150
93
164
48
104
75
168
64
45
107
99
57
58
53
121
52
77
102
137
73
102
77
79
54
67
49
84
164
70
124
186
50
107
82
30
64
122
181
155
59
40
115
101
83
92
162
72
146
77
77
95
127
114
143
102
44
114
204
67
25
38
34
34
43
104
181
76
138
146
33
121
55
77
51
218
141
67
108
102
191
149
62
54
72
60
120
86
83
33
108
57
86
124
87
159
125
124
153
169
106
93
75
83
172
34
187
38
151
110
40
63
104
98
95
68
6
48
99
88
78
98
261
108
66
205
124
107
44
125
71
96
53
39
106
187
57
82
92
46
130
120
82
36
106
68
28
92
112
106
132
8
245
39
22
206
63
212
151
158
73
62
23
96
98
115
84
215
80
66
66
20
36
68
146
102
53
29
74
55
100
39
147
86
86
101
90
83
147
80
23
154
74
30
42
72
72
185
13
98
179
81
92
26
80
168
73
30
166
58
60
197
138
153
119
125
76
96
24
119
118
66
36
198
111
123
113
192
96
168
36
51
75
113
126
115
155
124
85
34
60
184
17
78
73
101
152
81
53
42
52
74
75
89
167
118
49
48
141
100
188
144
120
80
132
147
114
123
134
13
70
149
63
40
101
78
73
64
109
21
96
173
136
179
156
65
58
29
101
219
64
176
49
78
46
60
112
62
45
14
175
128
245
51
67
137
202
182
105
151
123
155
90
102
177
67
139
140
116
83
108
162
180
13
46
169
70
119
17
66
112
97
90
165
80
32
65
44
103
88
101
92
102
97
114
167
156
143
95
131
126
85
14
55
93
83
137
89
70
166
112
45
69
23
131
171
101
89
148
102
152
90
185
54
69
28
74
64
89
71
100
68
92
186
26
31
144
156
98
80
36
97
120
130
22
94
171
61
52
118
116
146
117
43
35
98
176
78
118
110
85
118
146
35
108
89
63
36
34
90
116
81
142
226
21
44
113
33
86
78
111
50
104
67
161
79
169
219
49
128
