298 259
534 734
618 528
131 129
77 409
149 487
564 258
753 110
565 446
417 746
422 247
511 531
226 184
528 315
84 729
613 532
714 478
307 44
387 137
257 2
103 544
256 166
622 490
782 431
386 217
561 358
629 301
544 89
218 467
626 740
700 199
304 435
505 108
562 742
92 617
247 275
567 703
413 354
601 572
373 277
86 709
77 89
365 644
218 302
748 750
399 287
259 336
196 141
667 677
463 275
700 271
628 44
784 17
774 202
288 242
11 559
426 320
757 375
698 17
724 408
14 428
474 328
591 541
5 50
255 295
402 359
357 242
719 516
791 117
65 487
660 211
29 392
307 328
774 484
702 715
5 197
570 73
706 620
766 739
440 445
188 13
436 121
481 594
196 708
776 56
757 93
260 388
779 278
738 462
711 650
458 10
383 412
642 638
362 606
693 225
232 608
592 561
309 446
297 514
660 414
105 383
750 297
494 53
330 102
55 675
270 579
526 10
407 115
662 608
207 130
680 465
203 506
204 424
484 634
321 243
220 56
92 24
316 241
22 574
477 637
533 88
742 116
282 614
349 357
77 44
678 386
194 293
670 33
16 258
774 596
344 88
502 370
463 225
670 772
454 663
679 17
25 587
116 693
303 579
60 320
697 175
5 393
705 120
294 65
22 484
78 655
750 481
527 732
471 789
616 371
680 112
526 196
207 346
446 116
454 630
570 406
739 719
310 576
401 64
784 789
155 408
94 360
297 597
174 432
469 510
198 518
480 140
380 89
782 409
444 348
538 657
444 691
650 753
704 526
284 335
300 761
514 588
359 7
24 18
296 485
372 654
349 498
319 145
203 353
200 272
519 728
141 517
695 532
3 138
68 7
699 113
118 133
115 442
569 36
428 72
476 580
46 208
704 590
313 51
36 304
200 265
619 1
497 229
585 521
274 185
728 524
556 693
108 469
105 440
53 482
767 113
442 168
214 121
536 58
397 482
417 259
100 577
730 237
695 644
717 678
771 12
454 704
737 714
649 266
732 153
119 637
289 578
715 492
498 759
652 476
77 163
231 767
387 182
637 228
493 593
767 635
736 699
471 229
703 159
156 578
624 785
389 264
288 647
260 771
208 213
397 246
675 28
38 750
533 487
183 518
432 524
58 730
772 159
1 303
612 629
747 142
327 262
339 364
341 514
743 538
399 164
308 418
608 651
269 798
214 508
325 375
313 603
636 299
558 422
240 415
400 347
394 27
286 203
67 453
4 760
793 346
721 148
774 766
170 595
737 429
409 96
50 407
134 7
248 155
699 651
385 622
578 729
392 584
364 207
99 338
334 467
639 64
339 670
546 145
675 744
156 15
783 81
159 157
641 239
9 115
11 97
290 229
37 556
176 150
258 132
497 718
164 131
62 719
192 7
551 295
15 233
75 663
349 386
55 284
579 23
614 452
57 278
534 409
623 21
137 512
788 440
677 252
91 243
733 271
475 206
66 140
676 788
526 138
403 634
792 204
423 343
468 250
434 686
698 422
642 33
509 149
756 482
186 372
526 71
255 664
683 403
611 20
375 558
787 769
418 79
500 576
433 193
161 236
53 307
140 305
611 369
592 655
203 610
399 545
549 65
628 674
258 779
388 127
559 316
92 292
486 800
531 301
366 257
538 492
392 257
526 663
574 593
639 476
611 638
651 758
689 489
444 794
601 727
786 496
464 120
453 788
432 302
11 501
552 413
441 479
399 36
761 168
361 117
512 76
397 139
559 331
753 611
719 787
464 86
143 346
144 719
343 570
646 316
185 116
649 701
571 795
1 691
69 701
358 529
184 488
5 319
223 267
14 104
322 359
253 310
93 285
307 390
113 171
50 321
40 137
199 289
55 209
148 375
95 226
76 213
25 358
97 261
27 76
59 168
95 122
5 208
67 110
42 328
344 388
29 372
25 149
109 304
118 136
115 304
109 393
152 184
176 366
127 341
135 291
163 192
85 220
8 248
138 342
109 303
134 154
93 180
98 105
221 305
171 328
58 135
30 323
157 398
350 385
4 141
305 332
179 290
297 325
109 283
26 149
19 198
107 167
287 342
119 221
91 312
78 156
309 361
196 230
163 208
0 35
165 319
170 206
155 317
251 274
166 335
91 379
83 339
326 369
85 121
87 275
195 345
63 189
22 229
17 115
104 137
43 183
117 288
117 272
246 341
165 264
104 145
42 93
203 367
53 224
70 140
73 320
284 386
16 227
218 219
123 270
178 300
135 334
126 349
89 235
5 192
227 229
164 248
231 356
261 265
136 377
128 322
331 376
227 259
105 138
125 333
14 274
52 210
94 217
289 348
310 322
49 202
5 264
62 248
114 288
13 331
165 399
190 238
364 376
209 377
28 264
3 393
163 337
219 394
147 365
175 339
161 349
18 232
129 197
277 343
366 368
50 217
186 264
75 299
214 250
116 300
128 139
39 256
206 262
67 88
18 167
88 227
95 278
74 172
82 113
53 329
263 356
164 195
175 231
69 144
16 259
288 362
86 265
140 255
15 62
194 344
74 394
239 352
132 331
93 266
338 383
89 386
59 125
110 227
87 329
81 211
113 345
297 393
196 322
249 319
99 110
234 365
65 376
92 284
197 386
322 349
120 293
276 381
14 145
125 149
8 315
214 379
16 88
219 235
161 359
63 124
226 242
117 301
228 360
258 353
48 294
271 380
300 325
102 383
145 307
209 273
110 315
47 283
270 312
288 364
25 155
147 286
73 227
133 369
90 194
155 350
89 284
35 184
98 157
86 174
15 203
350 392
257 312
20 186
177 271
42 266
154 345
47 109
214 290
82 176
219 284
138 391
25 309
65 270
23 279
160 183
40 247
237 346
10 49
10 362
89 218
286 355
283 393
215 237
188 325
118 216
2 22
19 177
152 389
1 286
314 334
337 389
76 120
34 225
277 387
211 346
3 41
137 390
131 317
114 301
102 213
358 385
262 355
120 383
299 300
35 301
228 375
294 369
46 126
372 395
130 158
22 315
202 237
349 359
391 398
29 172
28 112
88 168
241 256
29 294
60 69
70 233
328 332
12 283
313 322
170 351
201 246
100 161
97 98
232 260
147 305
246 291
285 391
113 119
173 370
102 106
285 342
280 374
28 269
139 141
50 94
37 270
55 377
122 339
28 111
83 243
28 163
285 292
169 376
199 253
168 275
196 325
181 258
2 96
61 376
130 143
72 265
62 203
32 293
56 65
1 206
112 163
88 373
82 234
316 348
138 266
371 375
127 334
55 302
212 306
91 257
114 117
264 399
113 234
105 162
104 311
24 215
32 374
146 320
68 210
157 391
238 276
92 351
130 198
82 345
357 382
18 384
31 97
156 343
64 200
240 369
344 380
26 267
241 362
180 287
119 170
23 336
254 366
159 343
81 280
85 210
66 288
98 226
26 358
90 102
172 326
259 336
142 224
89 219
210 255
10 241
268 350
98 391
158 177
107 357
36 185
232 357
182 272
127 201
136 216
3 297
166 324
113 176
243 339
268 315
48 89
21 212
193 341
94 298
99 333
38 108
132 211
47 393
6 361
237 331
53 323
180 292
17 130
86 112
160 192
12 204
19 80
60 377
155 315
7 255
35 46
23 320
270 376
11 234
108 262
70 321
7 210
65 330
297 306
16 187
294 387
1 185
29 394
165 239
18 280
66 241
65 123
280 344
14 137
33 206
179 398
314 338
75 325
77 129
50 392
184 244
285 328
121 150
165 186
38 254
48 218
193 334
149 385
140 238
173 205
171 221
45 330
56 270
124 325
322 347
46 72
158 194
219 236
223 321
330 376
44 156
75 310
7 84
39 245
212 304
41 116
193 314
51 193
0 114
7 224
12 297
102 120
353 398
44 236
31 179
351 365
16 370
67 227
33 228
247 396
192 281
7 296
133 394
207 319
100 208
42 287
29 33
35 43
103 130
33 36
262 368
0 117
203 315
15 38
227 370
22 367
282 308
207 208
228 371
264 319
116 124
81 166
307 397
24 362
167 357
77 284
146 259
156 219
93 292
250 379
16 110
103 357
122 391
16 59
201 318
139 348
348 359
232 288
191 393
147 228
54 204
131 385
25 317
121 238
23 275
1 147
26 309
41 189
207 273
77 92
185 228
147 185
184 347
246 334
11 345
22 110
3 191
309 358
25 350
282 295
343 387
95 242
258 290
4 60
94 323
46 183
369 394
40 225
144 209
258 391
35 126
192 207
110 367
50 323
238 381
101 323
48 77
16 229
30 223
72 257
1 372
88 146
46 64
8 268
93 157
41 188
210 276
112 183
193 354
192 273
12 21
267 392
74 156
18 103
27 338
360 375
37 61
148 305
205 336
106 193
92 355
167 194
52 85
189 295
324 346
29 240
245 346
73 88
42 285
106 338
26 298
119 171
186 249
160 207
8 203
121 381
66 362
251 396
48 108
100 273
12 304
85 142
41 124
37 312
231 390
156 294
127 246
220 296
94 233
35 200
192 319
149 392
105 266
236 284
97 179
57 101
74 133
106 314
135 318
162 339
142 190
211 374
173 227
189 282
177 198
53 252
47 297
59 333
23 168
79 91
146 279
41 282
24 232
228 305
142 255
253 313
215 376
60 144
73 373
289 313
79 379
13 361
240 286
22 62
23 73
15 367
110 229
121 142
84 210
95 162
20 118
55 144
119 345
5 160
114 272
49 361
231 263
59 279
280 382
315 378
267 298
267 350
19 295
156 159
18 382
230 297
34 302
122 352
140 217
186 319
251 307
298 321
225 352
66 301
110 370
154 328
262 366
200 349
260 346
287 353
13 25
307 311
223 298
280 357
73 205
266 391
11 82
161 389
115 212
190 276
130 177
32 166
0 272
18 81
37 56
88 370
293 327
213 314
51 246
188 300
7 276
140 224
51 201
34 145
182 304
115 308
23 59
44 222
10 237
5 207
339 352
84 296
226 266
171 305
122 138
180 285
76 338
14 251
187 227
174 265
123 261
6 309
51 127
30 321
48 284
30 50
187 197
82 134
111 264
266 285
48 92
7 121
70 298
74 236
35 244
45 56
10 39
342 391
46 265
213 383
239 249
144 302
95 339
12 109
39 45
55 69
41 299
17 177
154 195
57 168
217 323
150 276
254 355
53 381
128 310
32 335
235 236
27 293
77 89
119 328
382 384
148 228
118 302
81 357
8 22
369 372
14 247
35 64
274 396
132 237
104 251
27 120
10 331
10 364
45 169
164 214
396 397
149 155
17 19
151 335
135 201
36 286
9 228
342 398
123 257
84 85
271 344
215 364
59 320
303 306
62 363
254 351
72 256
270 330
303 393
21 182
30 70
66 114
134 328
100 160
26 233
2 315
80 115
21 109
11 379
1 228
233 298
106 213
176 345
129 259
144 273
50 233
23 146
91 290
193 338
49 61
268 317
154 171
48 254
33 185
65 169
29 355
107 260
77 386
32 327
90 106
36 170
162 242
91 261
57 279
139 359
134 305
77 197
185 360
35 174
129 235
115 393
72 174
173 187
36 262
33 286
112 337
186 399
166 293
92 368
191 306
34 137
10 346
74 294
164 363
134 332
166 327
305 365
291 334
108 218
44 159
29 369
24 260
212 303
254 368
187 370
212 393
71 141
157 258
26 321
27 32
287 391
350 358
168 279
124 189
92 262
48 262
233 321
156 277
40 251
31 86
185 206
31 312
12 244
117 362
186 207
199 313
21 283
153 211
216 302
99 367
16 333
81 344
247 307
115 282
145 216
203 248
208 209
166 388
163 269
125 279
124 295
132 202
29 286
36 147
170 365
94 321
197 284
24 66
230 299
87 323
4 161
99 340
29 133
55 118
208 273
146 173
42 242
148 185
16 67
99 350
5 163
156 387
175 243
255 329
4 207
179 258
235 284
83 231
27 354
78 222
81 260
247 397
260 357
47 304
279 320
22 203
142 238
36 351
14 307
52 220
75 188
175 292
36 372
32 338
97 181
0 66
11 195
294 394
210 252
93 353
6 358
49 215
199 348
8 378
95 105
56 376
67 336
177 380
24 288
121 224
11 248
5 249
11 164
200 347
77 218
153 388
32 213
43 349
67 187
107 194
99 125
8 155
278 352
93 328
225 278
47 306
119 234
54 256
216 278
68 296
67 205
150 190
69 302
27 383
86 337
298 392
47 212
25 361
122 266
32 153
267 321
311 397
72 123
45 362
73 146
27 213
318 341
82 154
356 390
56 215
134 171
50 298
96 254
214 258
254 262
15 366
28 165
66 256
184 349
28 399
30 140
218 284
234 345
146 205
107 374
103 198
149 350
230 300
169 330
160 389
0 54
135 246
30 381
76 318
110 333
137 251
25 131
68 252
153 344
338 354
34 118
25 378
59 99
194 380
279 336
21 204
133 172
61 361
109 115
111 249
16 73
5 20
289 359
81 107
167 280
161 281
161 348
131 361
52 84
11 176
73 336
42 180
265 312
146 336
302 377
171 332
65 257
71 273
244 303
64 72
100 289
13 131
259 373
170 176
41 63
360 371
19 115
310 316
130 357
51 291
138 226
260 382
169 270
90 380
3 325
3 306
359 389
291 341
145 225
145 397
6 202
63 116
102 354
130 167
10 376
0 256
128 196
4 100
141 273
25 385
60 281
213 338
305 375
41 230
45 270
80 308
157 266
128 313
53 87
339 356
56 169
206 305
20 207
187 259
355 394
26 350
127 135
107 344
45 376
104 307
64 152
81 167
37 91
81 384
153 374
294 326
181 290
313 348
19 143
138 162
80 295
154 332
191 230
153 280
98 181
43 64
237 324
100 139
104 396
194 374
229 315
121 276
137 225
46 174
63 178
32 383
23 57
194 280
13 358
131 378
255 381
272 283
131 268
10 215
81 374
44 343
144 281
12 47
50 101
243 356
238 255
145 311
333 370
2 229
48 74
243 263
31 181
150 238
56 61
358 361
127 150
155 378
49 169
250 353
4 71
52 58
212 297
70 94
77 219
269 337
211 260
34 311
172 294
51 334
64 301
26 223
18 182
151 324
98 138
252 329
200 244
223 233
48 368
142 276
88 110
336 373
49 237
215 245
24 364
333 340
27 327
126 184
24 245
19 308
4 289
148 360
4 208
252 276
274 307
58 246
308 393
290 398
284 394
49 331
263 339
69 207
311 396
86 183
372 394
224 252
306 393
91 123
230 325
12 303
120 327
60 141
58 220
320 336
307 396
58 127
248 268
146 370
232 384
40 145
59 88
96 203
31 265
156 222
30 233
111 319
170 185
5 165
205 227
173 197
268 363
14 390
5 28
79 250
70 238
160 163
88 320
88 336
10 245
199 359
205 370
45 215
219 222
21 244
222 236
140 142
213 354
12 212
192 208
153 166
126 200
192 209
191 325
261 290
121 296
244 347
196 310
122 226
286 395
315 367
256 362
45 241
210 224
172 369
137 307
4 160
14 397
85 255
133 240
127 291
257 261
226 391
110 340
240 395
287 398
126 152
297 347
41 178
351 355
91 214
317 378
8 363
225 397
93 162
48 219
121 210
51 135
43 126
8 317
7 85
154 234
74 78
160 337
221 332
86 261
172 372
146 373
229 370
132 346
50 70
34 104
10 24
1 395
362 364
211 324
229 367
107 382
167 380
7 142
154 285
78 387
195 287
314 354
240 372
153 194
327 383
172 286
111 165
201 341
180 328
28 249
67 146
324 331
242 292
291 318
80 282
201 334
70 223
186 239
66 364
24 241
16 173
3 109
292 328
141 253
108 368
40 104
232 346
107 158
257 265
153 384
6 151
130 382
14 40
329 381
128 199
176 195
138 242
203 366
25 268
24 346
105 157
150 291
92 108
44 294
159 387
105 226
103 382
224 238
61 131
79 164
272 301
215 241
217 321
251 397
186 216
6 13
74 219
57 59
204 304
280 384
204 272
11 363
20 34
103 167
69 273
7 252
100 192
139 289
76 193
97 269
93 287
313 316
157 342
209 302
12 306
318 334
245 364
66 215
1 33
43 184
9 332
57 320
243 390
236 277
65 312
125 350
190 224
164 345
9 148
172 394
188 299
20 319
32 120
164 353
37 123
144 377
123 312
41 191
211 384
111 186
164 250
97 312
98 398
89 197
99 229
157 226
181 353
69 192
163 207
149 340
122 242
37 376
30 217
13 309
119 332
201 314
249 399
39 241
158 280
162 266
64 184
1 36
95 352
206 365
188 196
64 174
21 304
75 230
80 116
109 306
256 301
7 68
5 186
231 243
206 351
182 382
114 256
324 335
128 316
242 266
20 239
155 385
109 297
36 365
122 162
245 288
157 162
66 117
207 209
279 340
204 301
108 284
316 359
45 364
134 221
78 277
16 279
76 354
53 217
212 283
38 96
349 389
66 245
6 385
41 325
191 303
181 398
151 327
148 371
222 277
207 399
151 293
167 198
40 390
215 362
246 318
43 174
63 300
206 286
147 206
36 206
63 299
314 318
87 101
250 287
44 74
158 344
39 364
13 385
251 311
374 388
280 388
159 277
224 255
202 331
183 389
128 253
216 319
268 378
77 235
138 157
39 114
108 197
20 216
112 160
195 250
20 69
221 375
15 22
30 276
71 139
2 203
3 212
289 316
178 189
152 337
9 171
49 56
50 223
29 326
151 202
88 279
137 311
31 269
158 380
344 357
27 102
167 271
116 295
293 335
185 305
151 237
93 138
0 64
44 387
51 314
241 364
113 195
43 337
107 384
233 267
295 308
126 183
367 370
206 372
67 370
286 372
33 147
224 276
222 294
113 154
43 152
45 245
88 333
96 366
172 240
383 388
273 377
98 258
163 399
67 173
102 338
113 365
152 183
120 213
10 45
103 143
99 149
161 289
89 222
69 377
252 381
46 86
7 190
216 239
102 388
107 280
181 214
218 236
16 146
216 225
261 269
127 318
94 223
20 209
165 249
34 216
175 263
104 225
83 225
134 365
351 368
0 301
92 218
211 232
153 357
248 317
54 66
58 334
42 292
242 339
106 354
215 331
143 304
225 239
139 161
93 342
136 302
103 182
181 342
48 394
11 203
289 389
89 92
119 176
158 167
139 199
55 136
183 269
15 96
214 353
320 373
247 274
321 323
197 218
39 66
214 398
185 286
193 318
75 196
262 351
10 132
68 381
249 278
94 238
244 283
49 376
353 391
196 313
68 84
30 238
210 381
81 388
361 385
217 329
63 325
61 330
182 204
168 320
43 200
1 360
154 176
46 152
121 190
191 297
309 385
248 378
139 316
97 290
260 384
17 167
137 397
86 269
142 150
84 220
69 209
37 45
4 281
48 355
22 96
289 349
119 134
36 355
33 395
115 143
44 277
120 354
123 174
37 65
113 170
390 397
2 62
56 330
230 322
262 394
54 301
253 348
33 372
31 261
241 376
17 103
126 347
327 335
266 292
185 221
92 254
117 204
239 278
224 381
196 316
121 255
355 372
38 62
131 169
125 340
273 281
2 367
257 270
353 379
92 394
133 387
119 365
179 181
62 366
105 242
99 315
16 205
193 213
137 145
143 198
18 260
93 391
62 96
195 234
145 251
104 247
255 296
40 311
69 208
297 303
100 281
115 295
162 391
326 387
351 366
221 228
54 64
45 49
161 313
225 311
124 282
98 290
227 336
77 108
167 384
83 390
239 319
108 254
68 85
101 275
18 107
146 227
260 288
125 392
218 386
249 264
120 338
354 383
68 121
71 281
107 153
248 363
175 356
119 195
63 188
283 304
16 336
116 178
194 271
40 397
36 305
38 203
30 224
321 392
53 255
176 234
179 261
204 283
185 365
83 263
23 88
241 245
255 276
89 236
240 326
123 265
54 117
30 298
32 354
242 243
221 371
132 215
3 230
334 341
174 257
85 224
210 296
81 194
64 126
319 399
32 388
26 392
355 368
9 375
44 78
199 310
130 182
50 267
123 330
147 360
252 255
202 324
74 89
182 283
49 132
205 259
173 259
40 307
240 294
3 47
61 169
3 303
5 399
166 374
100 389
155 268
247 251
37 330
112 399
287 328
187 205
314 341
104 397
54 362
68 255
281 289
181 391
2 15
48 236
86 152
140 276
74 284
60 273
114 362
166 211
124 300
71 100
357 384
2 38
105 122
60 209
51 341
101 321
34 239
109 212
60 71
101 217
141 281
258 342
347 349
91 265
132 324
180 332
82 119
38 366
38 368
83 356
8 25
78 343
78 236
83 137
194 388
94 140
17 198
245 362
39 215
133 326
65 91
20 302
116 189
188 230
97 258
85 296
51 58
27 193
9 371
116 308
162 226
74 222
74 369
202 346
43 46
322 348
79 214
95 138
158 357
31 290
33 305
231 339
119 154
1 365
128 348
112 269
156 236
17 143
183 337
21 272
299 325
158 271
342 353
82 195
89 108
350 378
32 102
121 252
83 352
45 66
198 382
90 271
80 393
280 380
235 386
54 272
253 316
199 316
105 352
22 370
190 255
5 111
118 377
208 281
21 47
52 296
285 287
15 229
335 374
139 253
9 221
37 169
160 208
310 313
76 383
13 49
175 242
279 333
4 273
305 371
71 161
76 314
126 389
133 294
124 178
12 272
58 291
164 379
120 335
113 134
193 201
167 344
18 357
13 61
139 313
129 386
313 359
1 305
116 282
14 311
57 275
85 190
317 385
30 94
122 157
170 262
34 278
67 259
167 382
4 209
87 217
59 340
35 54
39 362
258 398
75 128
316 322
51 318
78 159
184 200
41 300
117 256
250 342
54 114
34 136
111 399
4 192
223 392
47 303
98 179
120 193
203 363
81 153
261 312
30
50
69
81
124
29
116
172
41
90
86
156
22
187
63
72
70
52
73
138
177
118
73
134
77
124
70
29
188
40
77
134
113
116
163
88
148
159
67
41
128
75
134
178
39
101
145
189
148
110
75
161
117
87
146
110
46
136
118
101
22
65
146
150
150
103
56
161
62
120
90
105
69
205
60
140
49
261
189
81
151
69
180
26
57
42
72
67
69
120
78
25
74
143
98
90
152
161
151
112
97
76
60
89
114
153
68
70
62
154
207
59
124
78
136
74
93
64
101
51
86
133
138
45
143
178
75
91
183
139
128
83
31
127
58
135
171
131
320
120
89
113
86
74
45
113
76
109
45
25
89
185
91
110
108
194
69
54
15
155
144
53
56
42
87
151
123
115
138
176
103
80
90
66
212
111
137
116
142
64
122
220
175
62
91
73
114
103
187
190
87
86
166
116
13
193
67
163
58
88
89
127
126
97
130
128
48
96
126
19
140
171
143
83
88
72
105
105
186
84
48
75
40
34
66
173
30
64
163
89
83
111
85
27
152
78
184
182
137
42
284
88
113
139
138
62
45
107
40
171
59
100
62
110
35
68
40
43
92
94
70
106
132
102
41
59
130
107
30
62
169
70
136
149
68
175
42
135
105
76
27
119
25
56
75
169
14
80
139
163
147
151
133
69
21
100
120
81
166
99
176
61
59
150
164
38
76
92
163
113
39
55
135
122
64
90
18
56
28
16
38
26
115
152
8
102
67
61
50
141
119
151
70
97
40
137
65
77
63
30
29
91
106
70
120
21
38
174
150
101
110
58
76
53
96
184
214
69
44
78
91
63
94
93
124
206
173
24
63
91
157
177
108
117
136
149
230
90
85
118
53
89
71
134
165
71
73
40
175
103
79
140
125
52
145
213
172
87
111
33
94
193
126
70
29
26
76
135
87
29
85
196
54
63
56
20
142
60
127
163
83
121
88
117
40
81
90
100
115
157
139
50
48
40
63
93
193
188
146
76
74
83
42
81
45
86
110
113
132
43
73
70
131
196
143
80
104
75
197
37
32
152
94
76
77
171
52
153
162
152
57
47
77
37
55
202
90
29
31
68
84
77
109
75
96
53
108
101
66
160
67
138
103
102
130
129
159
25
35
71
56
90
118
124
176
109
93
147
19
193
220
57
112
110
26
98
89
80
188
16
25
122
37
147
179
74
152
95
156
128
156
92
69
136
57
55
58
129
60
137
184
199
90
112
28
94
32
89
229
92
148
88
143
94
52
61
126
72
55
74
155
65
132
89
129
85
116
115
132
140
62
62
82
163
135
98
173
209
131
22
193
112
113
113
60
121
119
197
141
20
184
70
135
139
150
76
167
45
89
185
96
56
118
24
80
41
117
176
55
94
39
44
96
84
169
45
76
107
92
107
165
17
125
36
28
96
172
85
141
31
79
96
115
201
106
117
143
59
205
74
55
62
159
159
162
220
180
43
141
99
134
155
12
25
99
191
97
67
74
144
147
128
90
143
71
36
105
80
90
126
101
163
104
191
83
58
73
59
137
46
163
149
73
143
65
54
47
173
131
108
45
114
51
96
64
54
132
123
65
100
67
74
152
169
92
115
110
102
149
91
98
32
140
73
20
94
44
118
79
83
87
178
72
183
82
99
109
57
217
95
114
58
73
54
148
99
89
66
117
73
143
43
145
69
68
63
100
200
99
67
64
82
23
100
28
134
61
133
109
165
113
111
76
175
34
176
74
23
91
76
35
182
40
187
96
204
63
95
157
84
63
94
125
141
184
58
150
235
53
18
117
42
147
130
212
62
139
147
153
49
101
119
111
68
74
119
89
53
76
161
53
153
115
62
163
79
114
188
91
81
33
24
149
26
80
75
99
90
110
87
148
98
187
66
138
163
83
131
136
78
120
109
22
78
78
49
130
181
120
135
139
116
54
101
122
141
124
80
96
133
108
93
109
58
83
17
138
171
84
61
122
63
134
191
81
67
98
81
167
203
48
120
78
21
75
125
89
188
133
107
74
76
26
40
103
124
145
60
146
118
182
117
88
199
82
130
152
51
100
74
174
108
94
105
135
91
99
39
24
122
233
74
44
138
101
166
70
69
109
70
131
43
103
65
36
72
52
63
77
74
51
101
52
28
93
78
175
46
80
93
94
71
89
116
44
86
70
154
63
16
20
146
99
101
101
35
90
69
100
81
45
146
86
29
55
22
96
228
83
46
161
77
165
51
194
114
75
120
118
44
24
45
115
92
87
11
215
34
99
49
12
121
98
118
179
139
85
51
66
229
164
100
85
78
28
35
63
191
41
65
198
79
37
81
172
144
189
92
169
18
33
50
9
182
22
85
152
99
151
46
171
166
124
214
61
106
164
127
56
31
129
101
141
66
94
213
125
106
55
77
113
61
101
123
85
72
92
160
49
103
22
107
111
75
9
71
137
163
126
97
110
161
112
91
89
36
71
42
101
74
65
168
65
34
86
52
48
218
55
81
73
54
91
119
109
44
135
158
87
58
107
95
64
109
72
133
91
89
196
45
142
194
13
53
51
149
62
93
20
139
22
71
88
151
55
144
70
57
46
223
34
177
109
75
150
104
92
107
76
79
98
67
36
94
100
178
153
78
114
135
118
187
95
94
52
94
45
103
70
76
27
56
80
153
25
112
146
100
56
109
166
190
38
402
91
203
120
128
81
29
142
65
78
113
82
112
73
199
38
172
89
111
70
128
45
68
10
81
183
218
65
45
120
203
82
105
157
109
54
98
47
46
131
80
78
47
194
16
121
45
153
11
91
51
96
74
127
149
147
66
52
198
52
117
55
129
6
162
135
75
92
67
125
118
142
145
86
164
95
129
207
120
159
30
77
161
180
100
38
130
40
117
40
154
168
126
53
106
84
93
91
67
153
77
51
100
65
93
17
103
75
111
121
76
213
113
130
99
98
107
16
54
64
99
129
126
166
96
125
110
89
77
103
57
112
112
88
139
133
73
123
138
52
140
156
56
52
141
64
70
191
178
83
104
95
102
49
176
164
46
69
75
113
75
59
36
131
39
183
167
89
105
155
88
61
134
109
77
102
83
75
46
44
203
59
8
93
122
107
22
27
107
82
55
158
113
262
203
112
177
96
198
70
81
45
90
87
208
139
38
30
146
76
179
78
124
72
74
150
63
118
85
157
143
96
90
116
72
152
113
42
41
43
20
121
51
44
63
197
120
91
90
157
97
73
102
88
80
117
100
31
71
51
98
75
102
135
109
63
61
38
83
127
114
113
114
53
33
109
51
58
50
155
84
36
84
56
100
108
163
85
118
33
70
139
63
140
159
134
78
193
69
123
78
34
185
74
43
155
158
41
53
91
190
52
59
68
36
79
110
99
179
28
72
16
92
131
48
134
195
80
198
101
89
102
38
221
185
114
51
80
132
125
157
114
61
134
193
64
71
170
182
179
42
71
106
154
112
82
106
10
56
119
62
106
74
142
99
152
65
41
63
22
79
53
129
62
104
92
90
123
89
107
88
47
98
92
17
44
101
117
94
45
155
137
33
139
106
69
114
42
125
171
58
82
122
102
171
237
34
84
90
157
236
101
67
76
84
94
146
151
185
154
72
62
140
154
89
129
95
74
77
123
168
66
87
100
201
162
58
38
69
146
97
123
91
87
162
127
113
158
174
60
53
23
68
83
144
101
97
74
133
132
72
113
125
114
123
175
224
55
89
65
63
210
122
129
55
105
97
223
79
45
56
145
125
85
37
121
19
71
43
108
149
92
79
120
143
205
89
32
124
34
61
137
33
51
178
116
19
74
110
26
111
165
88
43
187
69
87
153
41
34
162
54
110
54
149
29
96
116
153
231
152
75
151
55
82
109
85
93
59
101
30
58
61
39
27
100
156
132
89
111
22
179
149
69
76
131
76
107
134
151
141
93
76
42
128
69
61
121
100
108
130
49
68
155
138
189
80
21
48
93
49
90
18
90
132
205
70
110
190
135
36
78
109
103
127
121
26
172
82
134
138
130
57
29
83
130
79
66
200
104
212
214
121
104
48
138
131
49
124
168
124
53
44
106
137
28
91
126
125
220
128
37
78
112
199
89
59
66
57
120
92
82
101
52
31
113
52
50
22
179
85
36
87
72
102
119
166
181
16
88
155
98
165
77
82
68
87
153
42
81
86
151
61
212
172
30
85
102
97
79
189
179
36
81
43
68
168
273
122
83
69
223
88
123
27
91
63
35
141
141
86
111
82
58
138
81
150
280
42
79
179
140
105
112
125
82
187
65
85
292
24
186
140
50
55
58
40
134
139
41
76
39
173
99
105
79
155
63
215
110
128
114
75
39
100
49
123
176
68
66
211
147
119
140
88
104
142
124
113
68
144
112
142
210
270
118
62
213
74
75
113
57
136
65
195
100
190
77
109
79
24
72
104
77
96
91
106
154
47
80
192
78
49
170
82
42
45
197
71
98
149
63
64
185
120
51
137
11
159
72
98
95
115
75
119
143
61
76
185
109
30
119
