384 89
754 151
630 789
712 348
489 771
274 710
153 557
210 267
205 12
763 622
482 177
543 726
798 345
424 335
523 113
165 364
635 326
571 795
648 108
616 225
427 724
320 612
509 533
462 266
756 478
521 721
727 92
736 502
559 446
606 613
354 784
148 29
27 730
460 621
62 548
352 471
717 307
143 540
732 565
436 258
45 563
196 296
365 81
383 477
168 429
612 309
551 749
720 634
729 623
282 178
778 228
274 73
212 506
317 396
453 652
329 207
510 563
321 754
74 158
175 9
754 208
621 149
343 5
7 608
295 614
687 328
388 120
381 304
737 26
162 112
254 358
644 346
344 180
472 334
400 364
379 616
333 675
422 455
293 601
609 471
189 214
140 274
183 52
2 131
742 293
359 118
343 713
64 626
114 115
561 243
471 719
776 787
666 220
252 718
530 71
178 676
547 436
333 572
418 283
99 111
764 479
637 457
234 117
743 633
762 636
739 655
69 72
37 245
357 314
336 371
365 47
367 603
113 754
403 738
415 202
665 334
398 132
585 706
75 303
784 692
389 70
560 206
207 278
229 87
127 291
463 180
468 265
434 467
543 7
367 755
607 599
293 528
317 138
204 394
83 639
1 780
746 353
262 257
370 181
288 77
599 702
695 722
637 375
704 783
351 501
301 103
727 28
123 418
332 293
509 448
232 76
489 488
641 191
463 41
664 297
11 526
653 585
400 339
540 325
256 220
756 797
769 186
516 694
641 80
39 761
412 366
402 785
483 0
201 272
687 351
722 173
776 330
229 776
5 724
658 745
129 489
636 121
55 615
608 628
744 59
331 346
798 194
180 455
716 234
602 143
392 374
594 316
574 541
531 81
753 353
39 685
486 615
711 639
606 349
792 625
510 796
17 185
484 305
222 467
105 406
780 476
715 416
579 20
615 414
771 674
695 185
612 421
393 619
729 694
535 502
88 648
219 525
143 454
654 476
665 462
320 28
207 775
737 779
516 585
595 59
442 225
633 692
601 314
622 192
800 68
741 304
284 479
662 709
566 135
496 790
539 125
675 231
668 418
73 180
215 659
57 404
782 215
723 383
552 29
717 498
336 259
651 562
575 9
218 229
495 10
525 264
164 641
447 43
22 133
332 102
501 451
419 484
589 599
495 620
677 330
307 36
439 768
450 28
440 476
188 414
690 420
661 597
665 124
491 111
503 467
346 756
326 15
703 769
306 424
657 162
208 306
482 366
473 191
277 247
171 582
168 659
600 642
213 78
608 2
264 6
707 200
33 10
549 255
448 405
535 284
773 492
386 694
427 665
97 288
451 418
98 585
255 74
60 51
318 250
160 252
760 741
580 642
752 100
503 235
780 734
357 388
544 651
347 208
299 586
57 319
292 742
332 552
508 38
398 412
541 509
618 537
765 459
200 704
51 547
682 356
554 319
705 46
609 369
393 331
206 208
483 496
276 342
728 159
614 91
655 249
772 644
509 516
350 361
82 603
350 491
52 219
596 213
411 668
739 104
22 794
385 622
373 33
13 96
511 704
398 375
359 434
91 582
286 407
441 620
198 251
617 362
363 245
309 331
678 298
176 434
737 756
716 274
26 326
537 696
777 632
470 314
322 154
158 674
473 3
212 197
327 528
410 87
324 637
513 223
196 447
184 242
666 497
52 252
667 684
505 130
747 579
61 673
525 392
244 111
400 551
388 461
273 192
470 515
478 23
376 429
517 436
449 589
120 443
597 77
725 520
708 420
447 772
397 117
408 708
143 62
359 744
426 31
684 684
630 523
315 421
19 30
235 49
440 670
97 61
229 475
164 173
179 262
212 349
43 258
18 176
66 138
75 335
56 191
302 356
20 166
28 206
19 331
15 259
139 145
141 217
115 154
119 325
263 369
4 17
58 330
215 266
52 198
74 165
16 115
214 239
205 322
160 350
193 345
28 209
13 355
277 389
123 396
201 260
62 336
87 210
134 290
238 278
30 305
175 364
21 64
200 311
46 90
85 249
287 397
252 301
0 120
47 48
58 99
147 364
70 270
69 102
137 159
86 113
42 62
201 232
43 379
167 307
80 168
174 392
88 398
98 318
169 237
6 52
329 360
139 215
118 294
130 252
318 339
6 290
253 301
23 284
31 88
133 364
55 356
184 269
130 276
86 129
178 221
228 369
1 26
95 312
2 174
38 370
123 291
87 190
28 79
12 171
395 398
243 319
156 261
89 245
97 374
26 68
123 373
290 313
284 298
207 287
47 354
179 316
67 74
89 363
27 285
270 365
169 260
32 334
42 145
149 151
27 38
87 290
130 178
287 343
123 139
259 399
122 270
94 383
41 294
188 219
167 358
108 318
115 193
1 181
21 75
237 260
36 136
168 270
85 356
117 162
361 387
165 327
332 343
6 37
108 109
300 327
66 356
19 282
139 150
55 138
36 65
129 388
153 257
198 226
57 93
3 201
183 205
56 377
36 348
212 382
19 89
106 395
243 344
61 184
10 298
201 385
124 288
134 357
172 312
9 103
152 205
175 212
122 365
233 248
234 246
53 340
60 205
9 194
218 381
189 225
114 302
142 193
63 155
28 250
288 367
214 384
55 376
91 143
250 320
14 307
293 346
47 208
16 169
198 212
70 321
142 345
11 338
253 343
65 71
196 248
187 209
122 243
104 194
129 166
74 318
90 256
297 322
112 164
0 361
106 337
128 307
85 387
184 228
129 256
118 330
29 241
57 172
80 294
251 258
69 389
21 303
74 308
32 210
96 372
157 327
67 180
49 132
15 147
266 336
221 392
173 371
5 265
35 375
109 340
27 239
226 394
47 261
65 225
8 389
152 280
14 383
101 213
98 126
88 389
98 346
105 325
26 333
169 314
262 269
308 375
269 322
202 383
264 309
67 240
389 398
111 374
370 384
319 359
209 380
36 154
156 252
247 391
95 357
13 108
131 329
119 354
106 398
288 352
126 363
219 238
207 397
239 285
304 330
327 339
163 176
202 242
65 254
117 227
159 319
33 287
128 202
105 204
83 233
108 157
254 348
215 279
33 397
166 390
192 261
137 240
110 249
168 365
153 247
29 261
191 301
233 337
324 348
200 384
277 291
157 339
33 381
36 189
199 212
281 337
282 298
222 315
221 296
260 314
150 277
147 175
164 334
270 344
281 395
174 227
66 85
36 351
51 277
218 253
75 97
162 301
307 378
109 327
79 203
27 366
15 44
199 382
209 309
153 167
124 367
39 126
242 383
252 276
67 346
282 284
359 365
25 195
13 73
20 388
36 169
242 278
295 350
58 337
243 376
152 331
81 118
291 396
22 320
121 282
184 323
72 132
49 72
93 95
117 140
41 270
247 307
141 368
114 272
274 357
311 385
94 378
85 145
212 364
30 166
201 311
97 362
292 337
127 308
76 93
87 328
64 97
75 362
222 317
275 357
261 276
57 113
207 332
90 338
46 338
106 248
3 36
159 293
116 120
163 383
99 248
58 233
310 366
71 345
100 239
97 360
85 361
70 133
122 137
332 388
203 345
375 379
206 232
8 31
16 345
309 326
317 345
47 392
205 280
193 317
116 138
16 186
41 122
102 396
171 225
3 314
71 115
25 301
167 244
94 230
45 154
344 359
348 351
117 221
34 63
6 341
115 314
198 211
326 377
136 237
100 311
95 234
234 312
22 151
1 322
106 281
132 145
82 150
90 388
114 138
226 399
202 238
43 144
130 187
276 296
158 282
142 317
7 273
101 206
244 307
75 303
92 269
35 394
328 341
212 259
58 88
170 205
161 280
53 342
188 230
56 187
80 365
192 368
170 333
103 104
83 248
210 328
94 369
8 59
23 298
61 228
20 90
43 308
250 264
128 358
59 82
130 393
131 303
52 211
343 381
134 210
324 331
91 217
249 356
158 355
87 313
109 339
1 280
244 247
44 198
18 219
115 348
32 371
85 120
336 391
28 309
86 265
156 276
99 292
0 336
13 74
16 65
94 307
36 115
173 210
175 182
74 327
234 357
227 392
286 390
1 333
358 391
178 296
312 357
274 275
209 250
136 169
127 289
197 245
177 371
31 59
128 242
81 304
188 228
255 336
46 229
147 382
160 267
33 207
224 297
227 267
130 241
132 139
221 276
101 366
221 368
110 266
199 235
27 384
93 312
156 241
172 305
113 256
288 304
21 111
146 179
99 389
159 243
107 233
28 96
147 235
194 325
27 100
129 265
141 267
21 306
198 349
137 243
246 290
100 285
161 183
89 284
221 227
97 111
23 98
309 320
214 260
185 318
80 344
291 373
66 116
228 323
49 376
44 259
182 364
151 326
171 189
20 332
111 306
273 293
7 168
7 319
245 284
90 287
19 269
52 226
258 264
258 375
108 148
204 354
123 150
137 293
47 104
224 333
25 338
100 200
187 252
139 396
96 149
232 385
144 375
127 375
105 194
134 371
88 99
275 312
105 354
216 305
11 46
143 267
248 330
71 254
5 312
43 251
282 331
135 190
77 340
130 310
146 297
74 283
148 347
4 229
22 264
145 356
46 117
22 56
86 388
179 322
44 212
60 183
328 371
65 351
148 240
44 382
9 48
120 387
186 345
7 80
207 374
267 350
174 221
35 379
42 387
158 315
47 192
71 142
183 231
109 300
227 368
82 277
208 350
63 190
77 379
92 331
116 361
103 208
152 176
285 311
11 117
4 25
86 305
4 20
231 351
58 107
217 295
180 318
138 302
113 265
151 377
30 265
163 316
117 353
59 389
112 312
174 267
259 382
7 243
183 324
72 138
40 155
5 76
252 296
31 69
151 320
24 200
155 341
235 352
149 250
46 195
103 354
39 220
31 277
306 374
158 197
67 108
213 393
29 156
159 359
35 268
54 287
125 272
31 106
152 262
180 321
289 380
120 249
287 388
127 377
113 166
161 170
225 348
215 255
38 239
68 333
43 375
29 301
102 373
202 323
24 201
141 174
8 277
176 262
198 399
56 309
264 380
15 270
82 123
138 346
0 391
202 219
24 27
129 390
55 293
208 227
120 361
43 360
34 341
297 316
93 305
335 343
49 159
121 298
241 393
128 378
94 219
327 347
39 98
112 357
33 218
144 329
203 317
271 355
1 297
152 269
207 362
163 219
61 152
37 52
372 380
211 274
329 375
127 258
206 213
115 142
31 281
29 296
151 380
165 300
52 274
242 307
24 285
1 236
81 294
0 42
103 204
94 202
339 379
313 328
94 244
356 376
19 231
24 384
16 142
81 168
57 76
51 396
78 306
228 230
113 332
110 255
181 322
166 386
60 170
88 292
34 37
81 365
193 315
257 391
190 210
194 204
7 41
177 290
20 129
148 346
154 348
109 394
17 46
130 296
26 322
132 249
86 390
181 236
50 183
29 252
71 169
188 263
190 371
66 361
215 336
83 395
23 73
154 324
300 379
319 344
272 298
39 355
226 329
277 373
187 310
97 131
4 338
219 323
37 290
63 177
102 123
113 388
107 304
268 340
89 282
198 364
34 177
25 229
210 357
216 312
99 106
41 365
49 55
124 304
177 190
194 354
72 302
48 325
137 344
84 171
12 225
126 245
20 390
155 313
88 106
239 311
247 358
77 251
128 167
230 369
53 109
70 347
48 354
54 381
197 271
81 288
300 339
148 327
109 180
109 268
213 232
44 349
36 225
25 90
177 328
264 326
34 87
141 350
64 111
288 330
67 157
56 326
139 249
208 217
190 334
185 379
240 293
366 384
20 113
253 397
34 328
127 283
223 331
57 86
268 342
102 139
164 210
150 291
240 346
364 399
253 381
149 264
4 11
142 314
38 103
219 242
209 320
166 265
78 131
5 93
79 206
248 337
30 113
90 353
33 332
115 345
40 177
210 246
44 133
266 279
293 376
54 253
112 334
48 370
91 350
148 293
17 195
62 215
52 364
13 157
100 201
23 220
16 314
245 363
163 184
183 280
213 366
134 246
104 325
16 317
196 337
243 365
38 384
35 43
164 371
271 283
182 212
20 287
140 276
187 393
206 345
133 342
105 392
141 221
150 396
0 249
258 377
89 186
82 291
238 244
161 322
249 387
10 14
204 325
109 185
289 375
131 360
207 381
7 365
147 199
175 382
4 256
26 146
83 196
109 342
10 114
45 71
204 299
3 169
165 308
314 385
7 137
151 258
3 84
125 363
32 134
124 168
75 287
5 234
170 322
114 220
344 365
247 378
54 397
191 253
5 86
184 223
7 294
86 286
298 363
158 245
67 148
51 249
231 280
0 66
265 305
303 360
53 379
163 323
182 198
18 262
256 388
251 375
97 335
7 270
286 397
159 273
188 307
136 225
7 344
40 63
175 349
4 90
301 338
119 295
122 168
300 342
89 331
94 238
54 343
133 198
47 105
29 276
245 298
32 164
85 132
300 340
223 231
21 76
81 344
208 392
160 295
140 227
220 298
308 340
311 384
204 208
53 268
117 338
42 116
82 396
55 302
31 389
10 363
217 267
95 246
51 255
53 347
86 93
257 307
240 273
30 129
93 234
37 211
178 301
165 339
73 165
262 333
193 222
186 193
173 190
200 285
9 192
217 299
192 392
168 344
44 175
132 356
16 71
170 269
77 127
149 209
3 65
121 245
8 279
30 390
13 339
45 193
246 357
124 365
48 104
103 370
75 374
21 78
167 391
90 162
10 125
63 87
118 367
108 180
286 388
31 82
145 255
15 41
71 154
325 354
176 269
154 254
82 398
210 275
119 208
21 207
153 307
102 291
281 292
144 360
18 383
307 358
103 105
143 350
141 295
151 309
192 208
241 252
44 147
34 290
73 158
14 369
99 196
7 159
27 370
104 354
149 320
71 193
337 398
178 276
34 155
52 399
131 211
206 317
209 264
2 227
81 124
22 218
73 197
44 199
13 318
84 183
18 184
220 272
153 391
133 182
156 178
297 333
122 294
268 300
121 331
192 325
61 163
80 359
196 330
65 348
140 296
126 197
208 368
18 61
104 119
143 160
5 305
61 323
274 290
44 399
38 285
183 236
165 289
5 57
182 211
61 262
329 340
139 291
60 181
136 171
147 212
23 39
243 359
12 189
33 343
240 302
71 314
294 365
386 388
211 399
286 287
73 271
118 304
1 60
41 243
75 207
69 82
174 368
299 350
54 332
205 231
83 337
147 349
50 236
246 312
118 352
55 273
145 249
3 254
185 283
13 271
287 332
5 216
141 392
336 361
213 260
288 294
184 262
112 135
13 165
92 324
36 84
223 269
8 396
104 370
121 363
164 190
78 303
56 209
162 338
260 385
180 300
25 162
213 239
33 191
94 263
364 382
53 321
322 333
29 130
85 116
42 249
28 203
169 254
284 363
153 361
103 192
11 353
96 206
321 347
76 362
50 161
142 169
92 280
229 386
210 341
183 351
83 106
98 355
188 383
37 341
267 295
290 341
62 110
16 154
20 256
77 283
107 118
96 380
51 145
274 341
177 313
16 45
202 278
320 326
141 143
24 239
286 332
19 92
104 192
388 397
340 375
144 374
167 257
12 84
132 138
203 232
109 321
98 220
279 396
11 17
48 103
323 383
75 332
0 85
59 396
97 303
107 352
36 171
24 311
28 372
65 169
36 254
142 232
161 181
226 360
6 175
62 279
228 383
28 380
160 217
68 146
158 186
119 350
184 383
100 384
97 306
91 299
23 126
178 252
15 349
99 233
1 161
368 392
185 300
94 128
42 120
14 263
265 390
65 115
176 383
65 314
64 306
32 112
37 274
124 294
41 168
40 328
226 268
306 360
64 362
102 145
156 310
271 372
226 342
34 40
55 132
21 97
238 307
287 335
206 214
113 386
115 169
340 379
69 398
10 263
95 275
121 223
76 286
205 262
34 313
16 348
296 301
74 300
57 390
9 325
284 315
47 103
146 333
186 315
52 182
186 222
195 229
257 358
127 251
211 226
22 309
13 185
40 313
60 322
250 326
69 99
265 286
16 254
19 324
44 364
300 308
64 78
203 206
191 218
24 385
128 244
54 191
47 325
73 126
214 232
150 373
114 125
13 98
145 373
233 367
142 254
64 76
30 86
169 348
182 399
349 399
94 188
208 295
14 94
245 315
241 261
43 77
329 379
91 295
303 362
50 181
137 168
20 286
40 341
160 299
349 382
66 249
19 61
209 326
163 262
241 310
68 297
137 273
288 365
294 344
338 353
142 203
133 259
99 398
282 363
105 192
39 197
3 136
7 359
232 314
85 138
87 371
16 193
126 220
244 378
91 160
71 317
205 269
10 369
78 111
95 210
292 389
25 46
259 364
89 298
68 224
8 82
280 322
237 385
112 371
49 356
157 300
35 360
37 175
272 369
308 379
23 245
276 301
53 394
250 289
187 309
50 84
238 383
277 396
24 100
176 323
154 351
157 185
177 210
179 224
72 85
18 323
110 361
110 391
262 323
153 244
110 336
134 275
230 263
80 243
186 284
316 333
147 259
107 367
231 324
207 335
61 331
165 318
295 299
18 269
195 386
128 278
51 139
32 135
113 390
285 384
15 133
23 355
60 280
374 381
138 356
143 217
292 398
135 164
310 393
302 346
99 337
152 324
118 288
20 397
55 346
335 362
255 279
51 215
153 378
101 260
64 303
208 299
42 361
35 329
28 264
271 289
82 389
185 308
79 310
39 114
149 372
349 364
70 342
165 185
50 60
373 396
9 204
63 328
107 330
149 380
136 189
9 38
47 370
41 344
45 315
301 353
337 395
49 273
264 320
143 295
92 152
49 302
13 67
220 363
157 165
44 182
259 349
0 116
321 342
67 327
11 162
56 253
93 172
264 377
77 258
184 331
388 390
8 150
113 286
290 328
251 377
26 316
184 230
104 105
84 136
56 381
67 318
14 230
90 386
104 204
246 274
22 377
61 269
170 280
92 205
135 173
153 358
189 237
33 54
66 387
358 378
292 395
120 391
120 336
182 349
31 398
79 393
103 325
101 232
79 366
19 121
129 286
197 284
214 366
27 200
197 315
152 223
98 157
168 319
125 369
366 393
128 238
173 334
62 266
23 363
4 46
14 228
104 208
108 240
42 85
201 237
114 116
246 275
76 335
18 163
92 223
161 236
232 260
237 314
197 355
92 183
68 179
2 267
1 170
296 353
102 150
152 231
53 300
74 185
96 209
269 280
318 327
243 273
307 369
142 206
88 233
131 306
74 339
45 186
213 214
122 344
320 377
188 369
145 291
258 320
186 317
59 277
107 196
26 179
16 222
0 387
7 122
32 190
56 218
179 333
332 397
204 295
234 274
28 149
151 250
53 327
45 222
112 173
65 154
84 351
217 350
200 239
198 259
26 262
252 310
63 313
176 184
258 289
256 386
2 17
308 339
111 207
111 303
180 347
11 140
143 174
0 110
248 292
58 106
79 213
340 394
46 140
35 340
165 283
191 343
89 315
9 370
223 324
73 355
293 302
66 120
332 335
134 341
283 339
178 261
103 194
51 291
268 394
116 387
176 228
72 346
10 272
108 347
243 294
51 102
96 250
134 190
320 380
68 316
304 367
255 291
247 257
41 124
22 209
210 290
58 367
43 340
113 129
58 83
105 208
2 143
108 327
158 284
123 277
29 178
305 390
55 240
182 382
23 197
255 266
196 233
51 279
126 298
3 171
244 257
93 216
84 189
114 346
185 339
222 345
283 308
5 172
214 385
202 307
286 335
38 48
131 144
3 348
145 150
69 88
168 243
51 123
79 101
35 144
17 229
9 354
245 282
289 308
32 173
151 209
4 195
26 224
148 180
120 247
25 117
79 214
251 320
193 203
257 378
304 352
84 225
319 365
140 174
77 289
15 199
147 182
239 384
40 87
140 221
60 161
152 184
141 227
71 222
3 189
109 347
191 397
232 237
61 223
238 242
180 327
27 311
6 211
54 207
135 334
244 358
233 330
166 256
22 187
330 367
130 156
234 275
1 179
141 208
75 111
117 301
343 397
22 326
58 196
207 343
235 304
139 266
48 192
78 362
210 371
241 366
151 264
87 134
46 353
6 274
69 277
92 170
19 223
156 393
9 47
48 105
33 253
273 376
42 110
72 116
106 389
9 104
213 310
61 176
76 86
139 373
131 226
219 278
132 376
62 120
41 81
11 25
188 238
22 250
71 186
30 57
105 119
119 204
83 99
118 124
3 237
179 297
247 361
140 353
182 259
144 340
110 120
55 72
282 315
79 96
313 341
125 220
101 393
239 366
342 394
101 214
378 391
139 255
170 297
43 127
14 188
51 150
111 362
57 305
300 394
134 328
270 294
1 205
361 391
80 319
250 372
35 251
77 308
191 381
10 220
111 335
26 297
67 98
90 397
137 376
230 383
63 134
21 335
57 129
146 316
219 383
89 121
168 294
3 225
75 343
92 231
101 203
3 115
74 157
352 367
254 314
235 382
87 177
107 288
40 290
162 353
126 272
12 136
283 289
96 264
51 373
303 306
214 393
359 376
172 216
167 247
62 255
117 276
65 136
115 254
306 329
158 222
53 70
281 398
201 214
58 248
11 90
170 183
196 367
45 345
127 320
185 327
110 215
112 216
250 258
133 349
42 336
91 267
102 277
60 351
106 292
43 329
13 197
134 177
166 388
21 362
72 356
159 344
324 351
78 97
20 386
252 261
40 134
126 355
57 265
87 341
140 368
19 152
272 363
177 341
305 312
225 351
46 162
157 318
42 66
25 353
54 90
250 380
4 386
9 105
127 151
130 261
170 236
53 180
159 376
60 236
167 378
144 306
117 296
77 375
229 256
119 299
379 394
69
117
72
145
40
90
19
74
123
191
169
55
149
43
155
83
71
56
202
113
28
76
27
76
106
122
78
25
129
99
154
59
49
76
38
120
152
104
216
41
38
247
39
18
206
38
21
59
89
203
85
100
180
129
124
89
108
145
154
163
140
51
101
56
164
116
28
128
143
72
83
168
140
155
99
109
125
85
116
105
93
53
35
56
189
105
40
126
50
21
87
158
120
84
76
106
75
169
112
185
73
44
136
115
183
80
82
123
156
36
67
140
204
57
120
151
99
18
58
101
150
66
76
147
73
154
86
85
93
152
31
180
58
98
191
73
132
108
94
33
135
191
95
158
115
73
32
87
150
32
21
133
23
48
167
220
64
135
39
118
74
93
118
100
72
150
141
85
90
131
58
76
170
121
199
73
113
105
123
110
181
68
51
59
65
135
154
122
124
88
135
47
85
166
128
56
79
86
107
50
159
183
186
241
119
66
87
77
133
306
115
74
175
68
128
126
151
146
126
56
187
34
71
193
108
206
143
150
39
108
107
139
87
18
7
72
50
202
72
147
188
135
124
173
27
187
162
155
72
32
199
116
74
34
86
74
143
198
149
211
123
81
25
10
132
69
140
47
45
217
92
51
149
132
94
66
204
118
58
19
62
192
272
128
208
92
41
49
69
174
184
125
106
82
160
29
85
99
125
26
106
79
47
68
110
86
137
60
21
67
158
144
65
13
71
93
60
179
128
97
49
104
88
66
42
98
40
42
170
77
147
198
55
93
89
144
111
80
250
19
33
115
110
153
196
204
135
147
71
72
161
75
181
91
216
54
86
149
139
45
77
242
97
46
131
188
60
89
113
101
184
46
165
91
87
102
81
112
170
95
117
99
166
128
60
53
20
88
48
36
87
73
33
101
50
53
37
127
40
97
105
56
128
98
188
129
74
97
75
107
53
63
82
79
73
178
113
140
114
113
66
61
116
145
38
91
71
202
89
33
128
175
154
51
89
121
33
127
73
59
182
32
131
103
44
49
116
104
50
79
131
73
85
36
124
50
132
83
51
44
11
96
50
65
177
215
133
189
169
155
186
112
157
162
56
68
97
202
135
128
84
123
110
159
295
176
66
67
60
81
129
58
37
107
210
103
112
57
161
59
97
51
183
186
125
178
55
133
128
88
184
126
159
141
62
102
139
126
29
80
44
186
130
151
64
54
69
111
133
18
162
55
85
48
91
140
78
80
231
48
186
134
99
97
75
68
112
54
73
81
36
136
19
57
20
41
50
78
77
71
25
149
41
118
111
219
162
140
79
76
27
114
96
185
43
34
160
150
106
98
98
76
97
105
26
98
122
208
48
21
99
42
217
64
120
188
141
72
166
188
81
60
197
157
146
66
71
112
85
50
167
140
53
124
73
141
96
85
164
81
87
76
112
15
15
32
121
29
30
83
125
111
99
132
60
98
99
40
124
163
135
104
61
203
73
91
103
151
41
35
142
125
130
103
135
170
85
138
49
65
174
46
180
14
28
255
205
10
78
100
37
97
117
149
74
158
79
132
195
84
38
266
176
116
158
76
124
75
64
132
77
34
121
140
32
192
30
156
190
127
143
67
27
128
64
179
63
176
123
50
58
22
80
139
72
127
81
178
85
149
137
66
116
93
164
104
47
179
102
28
105
94
109
84
108
66
102
98
45
216
90
29
206
128
193
53
133
135
243
203
55
188
71
51
71
150
102
143
87
157
80
91
88
144
184
61
96
39
158
113
90
127
52
148
127
103
111
58
65
97
52
149
70
145
39
76
107
142
134
114
100
48
156
53
102
145
34
44
108
126
201
134
61
118
63
112
108
131
93
177
182
43
103
117
45
38
201
160
47
99
123
148
195
158
104
138
128
153
197
50
63
140
119
83
97
101
157
63
161
69
98
85
102
93
74
103
56
171
72
91
113
99
31
148
176
11
49
80
79
72
224
82
174
167
63
63
81
167
257
74
24
171
71
122
150
100
40
107
40
145
270
49
39
111
81
27
111
70
77
140
70
134
139
44
77
68
84
127
109
80
122
213
88
120
91
114
159
49
74
58
107
99
80
56
140
138
86
65
116
40
30
177
25
62
206
52
101
58
130
70
80
114
80
61
162
147
108
194
58
122
145
105
109
154
109
126
182
90
132
79
91
66
108
63
70
53
184
135
134
216
122
164
34
142
127
104
66
155
66
259
92
102
185
26
90
29
83
63
25
81
152
122
89
48
101
141
111
105
68
74
156
202
81
81
41
195
114
190
101
176
85
123
66
47
90
120
142
143
72
18
93
90
49
97
197
54
80
38
61
73
60
67
169
105
65
114
151
103
130
125
97
68
111
158
117
24
79
109
57
77
50
110
126
108
69
52
204
86
189
50
152
135
58
71
93
19
143
127
67
33
109
45
42
176
26
116
50
102
167
82
76
119
82
173
80
159
189
56
178
139
54
116
148
53
55
56
187
143
85
28
46
49
134
204
75
119
76
84
93
75
118
57
23
58
100
69
69
192
103
135
144
64
229
149
195
31
55
74
98
46
90
64
74
113
101
204
54
156
48
88
47
115
148
48
59
150
149
16
109
117
41
130
85
55
110
48
185
113
166
70
75
107
47
138
186
125
148
139
88
83
208
89
155
88
105
59
98
54
81
54
47
121
107
29
164
119
67
66
49
96
159
39
81
110
134
123
81
59
70
14
175
61
151
77
65
117
146
31
158
90
100
158
84
154
222
46
84
80
102
88
154
80
84
45
149
26
51
67
55
87
53
105
110
169
131
24
123
91
124
50
195
177
87
55
127
83
58
112
62
128
69
68
107
224
72
153
185
104
19
119
116
91
128
114
77
107
234
155
65
50
70
67
83
92
76
133
137
57
120
116
223
110
119
186
84
109
206
43
65
101
75
114
46
121
91
26
133
31
126
109
87
112
121
97
139
47
49
21
66
225
125
155
29
132
11
105
177
176
49
48
87
152
72
92
52
39
138
82
128
134
99
73
47
55
156
61
84
181
65
84
107
53
101
55
129
140
172
117
50
42
244
74
28
143
84
133
15
51
58
143
84
72
50
32
97
59
100
12
17
65
60
206
66
110
48
87
81
182
180
105
96
95
135
31
14
53
220
134
121
101
148
113
93
152
108
89
103
129
170
116
117
111
129
15
121
93
183
65
94
195
121
156
104
155
131
110
71
98
101
115
31
93
93
140
36
287
74
41
66
49
134
72
83
77
52
83
101
98
65
48
99
41
41
108
109
141
164
267
235
103
98
74
222
133
109
54
173
101
84
128
157
126
68
167
138
44
123
134
123
173
55
15
65
89
107
76
85
98
82
88
144
141
67
40
182
86
55
106
162
94
41
76
15
78
119
25
59
119
184
23
132
51
67
105
104
81
138
125
83
62
80
47
48
148
164
45
85
99
167
79
172
51
97
73
145
50
28
146
155
115
99
149
167
146
38
110
49
46
84
54
126
34
20
7
137
127
134
148
57
111
150
47
119
79
140
121
84
44
34
61
123
138
183
105
159
154
155
37
195
144
171
138
61
95
108
90
72
103
111
63
48
149
48
68
129
68
67
90
143
75
57
66
11
36
129
79
44
37
65
93
56
145
186
64
134
66
51
112
88
26
81
169
146
103
59
154
30
87
66
128
170
130
59
72
147
25
196
65
122
77
35
71
35
90
67
214
50
110
117
132
112
25
99
154
123
117
231
143
226
130
27
23
44
74
66
78
107
48
126
141
84
95
75
89
24
77
52
70
85
88
147
132
52
101
27
160
94
88
26
129
72
75
158
152
113
149
18
139
56
63
133
61
148
170
87
206
181
132
125
79
51
53
110
172
109
108
42
116
72
73
70
94
149
150
31
17
28
84
154
37
128
78
134
128
113
118
98
122
124
22
112
48
90
133
108
68
208
46
118
72
82
48
42
176
59
70
114
35
78
117
99
151
127
191
171
135
12
153
104
172
125
201
181
113
174
119
112
77
94
139
59
45
78
40
57
122
30
50
75
112
67
163
170
158
97
136
49
42
33
95
139
122
148
154
43
150
86
57
78
67
91
84
70
199
187
73
90
40
129
200
135
49
48
60
117
188
51
90
73
110
72
51
156
110
17
122
112
107
99
64
122
66
71
33
47
61
67
85
175
36
104
64
36
81
137
76
203
212
31
170
63
102
75
107
168
148
180
114
26
80
161
85
114
78
32
269
116
63
58
96
116
85
121
87
68
188
144
102
87
182
76
37
44
55
110
200
129
90
68
84
36
64
49
209
139
112
29
146
116
146
52
134
48
36
64
111
81
193
98
111
114
79
39
104
89
68
95
20
97
110
30
177
72
115
28
112
75
56
212
58
22
93
144
93
93
153
32
71
97
70
65
20
117
129
198
194
173
143
98
68
107
140
69
44
62
275
159
116
93
172
107
93
64
90
76
76
157
43
79
131
85
118
110
201
113
123
40
149
183
100
120
67
296
75
171
30
46
83
119
23
61
98
61
139
196
75
45
55
33
88
70
79
110
105
156
