309 648
116 423
152 598
282 692
191 672
473 488
734 54
417 157
712 780
60 304
61 64
743 471
126 546
603 265
264 500
150 173
735 582
124 204
522 499
792 477
283 312
188 115
398 430
491 470
62 221
221 567
37 197
775 570
208 696
333 47
502 614
16 777
36 55
745 610
388 272
680 601
637 714
312 73
312 185
348 186
285 102
630 782
744 107
397 645
191 721
714 334
507 696
477 528
619 437
281 679
758 120
657 774
585 23
280 505
308 384
515 626
385 422
772 294
141 70
550 679
682 590
547 303
110 136
582 465
241 650
573 26
433 38
226 272
156 157
218 400
225 563
709 85
680 682
229 345
130 539
40 682
726 467
450 45
336 172
77 199
310 208
548 354
336 639
458 786
518 216
610 520
773 679
565 98
259 317
337 608
628 418
417 706
225 506
231 152
38 106
37 351
722 334
323 156
666 791
230 267
230 724
457 5
120 583
49 118
781 19
132 603
494 329
636 252
245 81
578 523
52 406
512 452
586 74
631 737
693 550
585 342
295 688
465 509
783 474
607 644
260 566
566 142
114 172
314 350
293 463
591 673
21 677
676 414
128 245
82 756
274 661
369 120
405 547
91 106
514 360
765 748
417 199
217 768
89 494
61 148
190 710
680 255
725 143
393 426
572 762
98 662
214 79
143 734
417 142
399 281
366 420
272 160
697 473
148 375
0 133
700 575
707 115
593 319
451 641
727 296
202 449
511 608
442 267
721 735
395 115
415 248
675 777
339 336
496 150
25 374
569 199
541 78
535 567
706 671
787 576
120 323
295 122
311 517
573 431
305 179
796 650
382 486
681 97
418 673
468 211
116 595
714 375
364 51
16 162
473 155
37 605
767 102
754 271
230 501
201 338
42 549
418 630
79 642
277 471
145 443
245 572
247 721
157 620
527 24
648 139
17 735
423 262
680 454
781 657
251 615
650 602
158 666
765 190
246 118
205 254
259 773
98 622
586 48
656 118
563 694
522 562
765 435
226 488
656 58
236 280
677 591
289 133
317 484
501 173
467 635
572 631
11 156
323 789
645 496
448 737
762 110
110 712
659 35
395 420
165 244
91 697
442 36
0 126
397 691
200 16
478 508
7 576
279 115
390 539
39 254
758 1
433 426
647 276
610 182
516 446
360 433
750 220
375 458
529 389
2 75
647 111
239 231
436 395
322 368
675 43
206 382
10 203
186 548
576 398
303 129
592 190
161 106
31 192
312 561
137 632
50 112
97 345
183 714
124 169
271 194
176 543
65 387
404 187
589 716
138 478
520 330
684 235
326 317
394 796
784 498
792 300
650 32
793 780
562 705
756 458
517 519
499 41
452 196
62 697
263 441
324 135
709 648
538 772
210 707
305 45
540 239
778 209
107 644
348 504
104 613
746 353
438 359
415 487
484 184
652 726
363 197
577 323
577 345
48 695
66 494
0 201
310 404
565 627
137 450
413 339
72 175
645 672
344 562
551 443
251 308
652 144
762 378
264 536
339 391
171 221
795 794
482 337
430 113
506 37
495 796
700 129
426 448
348 325
128 208
799 396
20 784
295 300
797 568
714 598
593 430
180 92
335 310
197 320
613 714
432 144
88 632
760 797
147 650
376 73
66 407
81 596
135 725
652 482
282 398
185 460
653 159
692 573
622 6
333 535
377 396
569 595
737 84
195 442
443 288
737 259
380 763
40 119
119 616
494 395
693 668
5 42
306 468
723 178
165 60
100 800
304 36
567 590
497 578
736 653
705 622
449 314
7 558
473 362
587 390
778 753
657 227
82 584
607 493
330 32
715 91
291 367
189 337
314 379
177 227
13 107
115 285
136 162
34 165
60 301
219 302
113 125
112 121
306 374
78 80
217 367
96 186
156 330
127 186
158 196
230 386
75 205
53 273
135 335
36 144
75 145
52 367
205 318
309 360
1 169
200 209
106 392
144 283
57 256
15 122
262 392
197 355
20 224
263 351
234 288
335 394
47 387
40 398
287 351
89 368
131 358
186 207
265 372
284 364
82 89
35 155
109 397
258 378
3 82
360 391
57 310
211 236
50 382
163 173
165 373
0 116
18 220
246 396
43 196
145 240
251 369
60 348
258 349
324 373
63 397
55 220
117 312
41 314
73 194
45 96
5 47
35 210
48 90
248 327
16 388
174 348
25 280
234 243
210 225
69 194
223 367
106 285
160 364
112 217
6 399
21 58
182 204
17 278
297 313
185 309
82 130
81 106
106 336
379 388
69 299
61 157
0 82
2 12
43 89
48 362
34 162
40 269
92 198
204 253
71 142
199 372
184 305
44 137
185 360
310 331
254 258
174 208
23 254
192 374
125 230
125 326
98 314
78 300
121 253
184 282
19 221
53 308
36 166
264 291
11 289
282 297
158 161
332 368
46 158
31 318
132 181
34 149
92 160
196 243
62 139
40 176
284 319
256 382
261 279
156 182
317 393
31 205
2 202
55 158
60 155
98 113
24 79
26 79
260 330
108 383
20 123
83 375
187 385
127 207
104 235
123 363
195 246
52 217
49 201
189 297
224 352
22 143
313 354
309 377
206 390
39 97
76 207
124 321
18 254
84 297
119 230
96 331
114 366
43 82
105 185
76 294
21 271
159 252
179 269
144 293
18 109
101 296
234 375
222 372
22 251
45 374
183 196
3 49
178 349
8 166
65 291
182 371
102 309
160 299
122 343
123 287
259 376
182 340
55 322
153 194
45 159
161 322
183 234
181 248
125 293
53 368
168 228
182 264
388 389
181 255
72 326
4 28
219 293
132 327
185 307
7 282
167 369
54 321
362 397
38 97
185 355
111 295
44 303
321 333
23 245
151 247
36 283
242 376
139 376
143 341
28 64
285 317
147 236
7 136
167 287
78 97
129 384
144 302
151 300
191 399
64 201
304 385
257 369
61 115
129 298
190 216
253 260
38 279
198 332
294 331
57 290
306 382
97 226
1 276
114 233
218 365
319 391
27 348
205 298
65 237
117 248
109 295
20 346
39 136
58 271
55 229
85 109
59 322
197 309
285 336
124 381
63 109
71 399
21 62
76 152
330 365
143 257
22 341
31 345
258 392
70 267
123 342
191 371
84 184
312 341
54 287
89 273
23 295
26 249
263 287
3 116
145 236
273 368
39 78
67 194
65 367
88 352
59 125
142 156
4 202
177 381
69 363
148 297
64 209
190 246
5 312
31 384
58 62
91 196
176 269
74 280
258 285
311 373
243 288
226 269
255 321
32 103
233 397
269 300
262 369
211 361
136 165
203 296
15 239
120 332
247 269
266 272
159 310
65 112
350 383
263 333
182 365
136 206
248 308
53 177
17 68
140 277
18 111
172 322
82 116
84 270
184 297
140 147
50 340
156 399
125 219
220 370
301 348
236 361
81 393
27 174
103 139
88 287
237 367
69 73
45 192
97 247
85 233
172 220
258 328
16 174
172 387
7 131
16 60
207 294
12 105
47 117
112 171
262 324
154 376
80 279
68 278
222 364
171 203
178 254
227 257
90 393
44 140
56 257
114 348
283 293
136 315
86 135
2 377
56 255
32 94
184 189
188 272
299 321
56 333
71 156
15 68
160 222
40 247
92 267
161 172
158 234
66 77
220 386
131 164
307 357
224 346
342 346
230 370
242 275
48 127
150 238
156 218
134 392
314 326
225 366
25 200
53 227
26 272
90 349
1 323
76 118
71 182
192 306
33 348
210 366
225 389
62 278
273 308
142 212
133 275
333 369
109 220
106 378
124 198
310 344
5 18
224 329
65 296
273 332
138 195
156 204
231 376
262 341
157 252
8 356
0 49
309 355
100 303
180 347
143 181
222 332
11 294
62 271
130 209
171 338
137 140
199 364
105 307
30 161
113 314
2 267
311 378
295 387
96 310
161 230
121 204
8 41
47 172
79 122
192 286
121 228
53 198
123 263
277 303
185 216
86 208
119 219
39 315
100 201
12 319
22 181
156 371
301 389
61 285
94 103
272 325
139 242
294 344
145 197
120 209
180 388
158 229
84 228
105 357
142 182
4 303
22 150
231 242
386 387
206 373
44 211
151 179
60 389
63 111
204 270
215 232
23 328
154 242
276 352
142 191
92 364
130 201
98 166
238 262
102 202
84 305
135 292
82 183
34 206
150 255
33 366
12 138
108 213
185 396
20 99
94 154
257 341
256 286
231 272
33 86
168 297
229 243
67 99
17 128
97 176
275 376
49 64
156 340
201 303
10 380
159 186
2 185
152 294
10 275
66 337
188 266
192 256
329 346
42 340
87 203
199 284
49 209
335 356
255 333
94 242
169 281
6 264
94 259
113 353
18 172
329 352
55 161
220 295
304 398
23 341
50 156
260 365
147 361
355 360
264 367
36 326
178 258
6 104
259 380
46 293
85 362
79 128
145 211
215 303
61 305
63 233
83 339
83 288
96 159
91 288
173 326
61 336
141 395
167 346
27 289
188 320
207 397
290 374
129 361
1 284
42 182
217 291
128 175
119 125
30 220
336 392
238 341
68 271
66 338
251 312
228 297
268 393
271 383
193 332
54 333
324 392
238 333
158 183
43 229
44 100
221 294
20 351
225 301
145 216
18 23
4 140
28 49
10 133
64 303
131 354
179 279
70 193
17 24
213 350
290 331
70 332
42 191
38 78
56 238
10 103
57 306
365 395
91 183
28 137
115 268
8 314
21 383
18 245
299 364
25 70
133 271
72 113
163 335
176 226
78 282
118 294
43 243
16 347
75 240
270 395
122 139
17 325
106 134
95 276
223 264
146 383
164 337
16 114
245 295
214 261
78 131
28 44
173 301
237 264
182 218
13 141
136 354
12 102
265 352
142 306
200 273
15 271
126 240
151 279
141 159
72 314
38 80
190 355
99 239
29 358
46 229
37 108
150 257
41 113
19 289
69 160
121 270
33 35
60 210
254 378
71 264
33 208
54 369
91 229
3 100
143 262
216 396
129 205
72 388
118 344
151 213
64 130
276 281
53 222
90 207
244 383
275 380
197 360
277 361
140 201
153 175
190 197
253 365
238 255
266 325
14 381
69 372
8 292
230 293
88 329
216 377
50 212
16 225
53 92
50 399
34 342
44 201
108 304
65 87
11 221
68 350
146 271
54 123
203 338
72 389
93 151
91 234
241 358
94 380
322 386
35 389
15 278
184 313
284 323
33 155
48 85
178 393
20 329
184 228
137 201
11 152
107 141
105 216
84 170
67 224
138 199
70 209
168 189
2 280
81 316
224 261
326 379
80 97
143 150
324 369
150 369
200 267
102 105
99 214
6 371
340 365
21 93
324 342
238 369
15 62
187 398
9 175
127 294
87 217
126 205
151 226
52 203
79 278
182 260
331 344
147 240
212 374
71 223
314 353
92 332
178 397
274 377
60 366
81 317
21 146
94 188
311 336
112 223
149 390
131 398
126 197
178 268
188 231
104 191
100 215
168 354
240 361
255 381
370 386
156 382
188 376
116 201
10 94
62 122
100 137
70 200
360 396
91 158
270 330
39 179
115 317
29 385
250 399
40 108
50 142
284 372
181 308
9 128
94 231
3 64
114 225
38 315
187 304
185 274
12 280
25 193
193 198
39 282
81 378
79 139
12 195
100 277
35 301
78 179
149 342
143 238
75 318
25 209
349 393
160 265
27 33
32 380
1 199
77 337
212 235
155 225
13 305
193 364
262 311
6 235
62 133
62 325
50 71
50 371
48 268
81 134
124 227
7 354
149 324
107 157
7 148
129 240
61 316
20 73
391 396
5 341
14 227
164 187
119 326
48 207
216 309
125 283
111 245
26 266
193 222
26 139
223 260
12 267
183 243
161 387
164 282
73 329
177 368
188 325
138 319
266 320
34 373
38 151
73 88
177 273
366 389
4 44
146 247
46 219
43 91
30 322
289 347
147 384
207 362
35 366
21 350
185 377
38 269
324 390
140 211
92 280
29 398
119 210
161 386
198 381
292 356
89 130
12 284
155 348
287 346
177 332
119 370
42 156
49 116
81 115
137 277
79 343
296 338
221 344
28 201
24 122
229 387
146 244
14 332
348 388
174 180
221 310
136 297
97 269
239 261
134 336
166 356
1 138
75 126
22 262
149 162
336 378
154 188
311 392
205 345
195 319
46 55
163 292
87 112
63 90
92 200
82 327
311 390
36 314
268 349
90 362
175 194
69 153
216 355
24 128
203 367
149 206
87 171
8 135
49 82
77 358
7 189
131 148
19 294
100 140
340 399
12 396
119 353
139 272
201 277
91 375
20 342
57 331
29 187
66 358
81 285
26 320
150 333
99 329
56 143
118 152
241 337
93 213
38 300
220 245
257 312
47 245
103 242
59 219
336 373
267 280
54 150
175 276
170 305
244 350
88 194
19 118
60 225
219 322
18 63
192 310
168 184
168 171
179 226
53 120
239 334
298 345
218 330
20 88
223 291
263 369
49 100
176 247
3 130
308 368
131 300
153 281
179 300
159 290
211 274
71 340
110 276
110 281
236 318
35 225
52 291
189 354
97 300
139 154
258 268
106 258
74 185
45 57
105 377
63 254
14 53
238 251
68 122
45 310
13 395
330 340
107 252
74 284
311 324
86 388
97 151
227 368
20 263
253 270
173 388
6 71
88 123
115 316
93 279
163 394
236 240
99 261
258 317
58 350
79 249
98 163
35 379
63 328
213 226
154 320
193 280
210 326
161 220
142 235
134 378
28 277
237 291
290 310
118 289
286 395
168 313
35 114
55 230
60 114
90 178
195 391
29 40
53 193
109 386
51 314
236 384
5 23
165 184
334 343
6 250
20 167
65 171
36 41
51 113
164 354
155 389
124 222
63 85
53 124
135 163
141 192
323 372
182 399
328 393
129 318
218 260
140 361
135 208
16 348
172 295
14 198
348 366
28 130
263 363
270 365
194 224
192 290
33 388
97 179
218 253
213 247
6 42
30 158
22 255
253 395
42 235
114 155
293 353
137 215
259 275
283 314
67 88
107 395
115 134
121 168
58 244
113 283
180 208
299 372
112 367
121 171
212 256
152 362
75 197
59 119
257 308
78 315
197 307
83 234
251 341
232 375
240 307
106 390
74 102
32 259
49 130
18 328
122 325
217 237
76 127
11 76
56 369
274 307
219 230
14 222
5 254
51 166
144 339
109 172
59 283
24 26
40 213
182 291
159 192
145 307
150 321
117 245
37 40
240 298
52 87
57 159
152 221
194 329
212 306
188 242
129 345
105 309
95 175
149 165
57 96
148 282
245 312
19 344
113 144
42 142
66 241
364 372
210 348
1 364
41 144
173 389
6 191
76 289
53 299
52 237
231 266
157 317
134 316
50 191
52 112
3 28
81 336
6 237
106 311
77 296
184 206
123 321
160 193
70 92
323 359
172 370
11 118
186 310
302 339
240 355
165 390
185 202
24 272
289 294
64 116
210 389
94 139
11 207
193 267
59 293
218 340
181 257
163 166
13 157
301 388
103 376
7 337
107 170
348 389
58 383
355 396
132 308
250 371
268 317
204 260
307 309
93 226
1 281
124 363
218 223
145 274
135 356
68 343
154 275
103 231
8 394
166 353
211 357
227 299
9 24
208 301
51 353
198 299
37 398
14 177
5 295
197 318
67 214
97 315
156 235
162 297
162 165
235 371
22 56
70 120
212 382
7 164
9 249
52 171
274 355
122 278
143 251
4 277
39 80
165 297
41 98
42 71
46 234
0 209
51 98
48 349
226 247
67 352
355 377
56 262
374 382
91 243
103 275
67 261
13 61
131 337
77 338
167 263
50 235
182 237
301 379
102 377
93 247
52 65
197 246
104 250
169 359
111 378
165 206
9 276
285 316
92 222
174 347
123 167
153 323
42 399
82 196
55 386
228 313
96 290
26 188
232 288
84 189
36 379
258 393
160 323
12 185
92 193
153 199
390 392
14 92
129 147
144 353
160 372
88 99
63 349
293 302
233 362
111 328
10 376
30 370
166 314
260 340
218 399
43 158
25 332
101 241
216 360
214 224
16 389
136 189
385 398
141 374
205 240
228 354
136 184
235 399
29 131
3 232
63 178
16 155
146 213
95 281
246 391
78 226
190 396
328 349
61 134
24 325
13 170
27 347
26 154
371 399
33 174
17 122
7 297
14 193
26 325
56 150
90 397
123 351
17 343
15 343
74 138
178 328
111 178
278 343
103 325
207 233
16 33
151 176
25 92
36 113
161 370
18 47
214 352
142 382
148 337
65 203
72 301
95 110
159 286
152 233
55 370
57 192
159 256
194 352
182 330
65 217
81 268
318 345
238 257
38 226
13 270
62 68
48 233
172 386
78 269
195 396
142 340
120 273
71 250
197 216
307 355
29 304
48 397
7 315
74 319
147 277
148 189
35 348
31 298
74 267
55 59
95 169
297 354
102 185
61 106
177 198
13 252
171 296
44 277
36 353
126 318
82 243
144 219
55 387
214 329
141 286
96 192
113 326
132 312
116 232
2 102
157 316
101 203
72 163
278 325
20 287
20 67
204 340
16 27
99 224
177 308
155 210
191 235
198 227
61 81
155 366
263 321
247 300
3 215
104 371
2 105
39 300
83 91
337 354
230 322
162 184
80 151
323 364
41 51
271 350
2 309
88 346
254 328
5 111
337 358
361 384
54 363
44 361
268 328
30 387
108 176
80 261
42 50
33 301
283 353
115 157
299 381
80 179
325 343
124 299
33 389
378 392
8 163
163 356
301 326
29 176
7 313
123 333
71 218
242 380
118 221
288 339
47 220
151 269
38 179
175 352
217 223
307 377
75 298
221 289
365 382
22 312
309 396
162 373
227 308
115 393
81 157
201 215
4 64
15 334
28 303
108 146
243 375
321 363
79 266
173 379
86 292
186 331
190 195
145 309
70 280
48 393
73 265
139 188
211 303
122 133
86 301
126 298
99 352
63 362
43 183
59 230
94 133
15 21
24 249
81 258
36 72
21 213
15 17
164 358
211 277
128 239
255 257
37 358
87 121
288 375
85 397
57 374
143 333
106 373
40 300
134 258
72 379
298 318
58 133
97 131
87 296
102 360
333 363
84 313
346 351
117 295
58 146
66 187
223 237
241 296
0 64
3 201
287 342
154 231
214 239
248 312
219 283
157 393
101 338
37 385
22 238
14 124
148 354
47 295
225 348
133 139
373 390
327 368
345 384
17 334
92 120
286 382
263 342
195 360
240 318
281 359
71 371
16 366
102 396
105 202
14 299
201 232
8 335
360 377
190 391
5 245
21 68
179 315
241 338
138 323
68 334
194 265
252 395
204 330
216 307
139 325
165 282
204 365
336 390
37 269
154 272
216 274
382 395
141 256
135 394
136 313
103 133
18 117
204 218
193 299
9 169
69 364
219 353
127 362
131 187
46 183
40 304
308 381
107 286
121 170
286 374
242 259
356 394
67 334
282 315
41 353
132 248
316 317
249 266
357 377
32 275
108 385
77 241
176 213
14 120
283 326
88 224
196 229
145 298
129 236
249 272
255 369
110 319
123 346
27 180
113 166
169 276
299 363
13 316
202 377
31 129
124 177
42 371
33 173
62 103
100 116
153 265
170 228
1 110
159 374
88 351
134 317
54 167
158 243
95 249
213 269
163 314
292 394
22 369
208 388
95 359
45 290
108 247
251 262
250 264
97 279
25 120
5 117
76 221
112 203
94 275
246 360
326 353
107 253
40 151
0 43
128 214
136 148
110 169
134 285
56 251
90 268
48 328
45 331
322 370
190 360
112 260
125 353
272 320
55 172
11 19
342 351
46 339
17 79
285 392
29 37
45 186
274 357
200 332
119 322
67 239
328 397
221 331
9 281
11 127
10 32
30 55
56 341
44 147
83 302
187 358
71 237
34 390
148 164
234 339
256 306
197 377
160 199
154 259
308 327
149 373
86 180
33 347
136 282
84 168
298 307
142 399
248 368
46 302
48 178
231 320
140 303
202 211
120 177
182 223
139 278
71 235
273 327
21 108
236 298
46 59
35 60
23 111
340 371
239 343
128 334
103 154
2 274
192 212
202 274
202 357
26 231
40 385
53 381
0 130
30 229
133 376
89 327
149 351
27 155
282 354
262 378
72 173
167 333
36 51
120 200
316 393
143 255
76 362
264 399
12 74
226 300
222 299
17 239
86 394
18 295
231 275
174 289
177 327
37 247
101 187
145 355
283 302
379 389
128 343
162 206
4 100
66 101
358 398
94 376
189 228
349 397
161 229
30 230
143 369
211 307
52 338
34 351
127 152
170 270
162 390
63 268
145 318
0 3
1 153
53 332
96 374
181 368
28 100
107 270
30 386
0 89
199 323
176 179
9 95
111 254
105 274
170 253
108 350
198 222
124 308
116 130
377 396
67 329
2 74
252 286
152 207
125 322
8 98
285 390
73 224
251 311
1 359
114 152
90 127
220 387
4 357
117 132
73 352
137 303
139 231
37 187
253 330
37 176
119 386
176 300
145 357
183 229
16 35
24 266
123 329
208 394
38 39
25 267
39 131
340 382
40 226
80 315
79 272
28 211
214 334
102 216
292 335
4 211
19 76
173 208
33 180
249 320
23 47
141 252
23 117
36 125
274 309
85 386
261 334
66 296
22 257
227 381
153 352
197 298
54 263
156 260
276 359
139 275
186 221
69 265
153 276
167 342
48 63
24 320
8 51
77 101
41 166
22 333
30 172
171 217
37 304
270 305
110 359
146 350
103 188
203 217
256 374
108 244
138 284
181 341
28 140
183 375
61 317
189 313
181 312
79 325
197 240
65 338
86 173
167 351
59
71
177
76
46
91
192
36
143
133
172
141
111
78
157
84
186
159
85
46
138
109
70
220
169
122
117
62
120
122
60
146
207
57
123
24
135
100
205
67
93
112
30
115
124
185
105
73
78
76
75
101
178
89
99
145
153
145
66
78
161
209
48
105
146
78
183
71
54
113
147
118
31
24
64
69
33
62
135
203
80
206
64
178
155
32
49
64
101
81
105
41
94
66
149
141
17
47
68
77
68
108
85
143
120
33
162
58
63
70
166
94
92
64
150
114
103
60
96
56
103
59
170
120
124
95
114
60
67
108
192
174
124
105
126
23
129
114
119
36
218
119
145
86
82
43
32
134
34
106
32
80
99
173
89
161
119
40
269
95
86
59
88
133
68
8
100
21
81
74
141
131
151
103
92
133
38
63
49
65
73
103
141
89
106
134
130
134
37
126
86
38
42
54
91
120
88
151
52
73
61
45
96
77
64
106
71
119
93
91
30
78
108
59
40
80
23
120
62
58
155
49
56
79
111
187
64
59
93
89
56
105
70
111
98
67
61
106
41
49
118
56
99
133
166
26
123
84
177
80
151
111
109
182
53
131
41
209
168
53
98
151
129
133
214
145
33
80
43
132
47
149
108
62
15
149
10
95
43
24
45
54
18
167
78
87
48
115
121
147
139
150
147
55
21
76
78
38
91
130
136
102
73
115
56
189
83
54
64
119
122
188
124
20
82
64
208
130
44
166
122
53
55
150
96
79
56
106
40
46
70
98
59
81
35
71
158
73
78
159
9
135
153
71
183
53
71
133
39
54
153
133
61
143
34
69
137
83
163
103
64
117
24
106
103
96
72
149
107
118
48
84
152
46
69
89
78
111
146
76
68
12
86
111
32
155
206
106
39
109
57
94
142
63
64
41
138
17
140
86
112
18
63
46
67
126
163
96
68
163
51
53
48
77
68
60
91
22
111
47
140
87
118
86
99
65
36
70
155
84
76
98
179
37
184
74
41
78
123
197
116
138
92
87
52
95
39
50
130
74
77
48
147
112
76
91
115
117
29
59
141
183
89
92
88
230
116
77
76
221
153
58
26
51
95
30
111
57
22
211
86
73
61
102
46
122
89
83
40
83
150
17
101
140
66
93
45
93
107
87
141
86
70
105
194
183
151
9
161
100
93
100
21
56
89
80
70
132
55
33
164
118
43
48
167
107
89
119
115
139
118
208
6
119
47
36
74
23
120
61
208
73
133
87
152
68
111
51
130
126
58
80
37
140
118
75
65
123
69
121
118
28
128
36
153
54
96
20
63
130
50
155
122
67
89
152
176
62
246
90
136
73
144
75
254
178
180
80
136
177
61
197
196
78
135
70
141
104
93
125
36
90
149
185
73
137
29
131
145
51
122
155
90
135
47
29
71
170
108
87
111
133
66
192
155
87
76
117
180
247
123
55
30
23
56
169
105
69
147
163
232
177
132
89
6
84
206
242
18
182
84
122
135
57
86
169
147
66
106
38
131
103
88
60
45
128
30
30
36
88
129
66
83
95
86
68
76
214
93
127
87
41
71
157
58
98
147
90
115
49
136
66
74
50
126
142
150
87
242
78
65
101
179
73
81
104
102
87
154
165
109
122
53
102
108
154
75
83
92
194
132
92
183
167
12
45
86
61
147
153
179
63
76
161
106
146
165
53
59
103
61
87
170
106
82
60
64
50
75
158
218
104
77
82
91
111
103
40
81
37
139
110
56
102
102
62
125
102
74
143
31
67
50
65
53
83
152
174
40
91
40
90
117
151
89
93
60
117
61
59
137
147
166
109
119
179
67
42
54
80
109
79
90
165
96
184
55
12
208
166
172
156
176
11
152
126
96
129
57
98
52
21
209
119
65
12
73
199
102
40
176
42
126
133
73
101
127
104
87
114
83
138
63
133
116
222
93
80
49
194
18
28
70
116
197
65
55
45
81
208
58
149
94
108
133
84
135
146
64
119
89
88
60
166
183
22
133
79
112
127
156
66
184
60
80
19
126
155
39
20
89
85
124
77
91
103
53
63
106
62
10
61
97
103
107
61
76
178
157
128
77
131
161
65
40
65
33
93
130
150
62
38
178
90
78
107
116
137
44
85
115
162
110
51
51
82
128
8
54
81
199
101
100
67
101
225
117
75
95
109
69
261
216
35
77
131
173
55
78
139
156
88
215
43
107
86
97
57
41
45
123
89
77
36
120
199
31
41
167
103
169
115
153
92
53
45
71
157
87
183
197
114
120
90
178
85
54
91
81
25
232
137
53
60
151
133
49
59
33
148
13
139
41
87
127
163
11
13
142
111
177
88
89
133
102
60
174
49
48
37
108
176
33
38
35
85
248
71
114
58
120
128
66
93
13
102
52
41
187
114
116
131
128
41
175
30
38
131
95
188
98
52
83
82
65
67
106
194
57
98
117
170
41
72
126
68
91
124
52
195
95
175
64
135
153
187
101
123
106
106
51
15
169
28
81
61
101
122
114
78
46
103
91
99
139
172
59
72
94
168
154
63
131
113
61
72
146
102
56
106
196
149
68
190
102
14
168
168
73
150
65
34
157
58
196
122
144
93
75
195
89
107
114
40
192
50
76
56
71
151
104
74
52
129
84
210
51
28
152
195
88
97
79
58
70
53
90
76
70
49
86
122
89
135
91
37
88
102
116
161
19
54
64
151
101
174
52
251
142
148
93
116
145
41
22
69
14
81
54
159
82
184
169
24
45
73
52
144
104
175
68
162
234
173
65
18
23
155
104
64
106
105
88
117
114
85
91
90
29
141
130
104
149
121
94
179
149
102
124
129
84
92
47
79
159
215
139
75
139
123
121
77
78
90
35
107
46
162
132
55
15
113
105
59
62
128
99
135
78
29
89
109
111
112
82
117
144
163
74
96
101
207
31
74
190
144
106
37
109
117
119
116
82
144
70
157
33
41
43
77
109
53
111
117
51
13
116
124
47
161
106
82
154
147
48
44
30
81
37
145
146
62
15
111
111
104
90
68
24
87
37
84
155
21
215
52
75
100
37
83
157
40
26
84
101
69
196
76
60
121
63
209
104
183
170
65
81
13
86
131
94
170
155
16
107
47
127
34
65
91
111
78
71
99
133
155
72
83
43
50
132
73
148
237
193
96
122
164
226
35
102
150
90
39
177
61
89
190
57
80
47
186
41
160
97
135
56
70
20
117
124
11
102
99
50
136
64
86
139
48
119
71
35
119
143
183
75
52
96
99
95
159
115
122
85
85
22
83
56
137
202
73
101
96
90
166
90
129
80
56
80
128
47
26
60
168
119
82
86
98
80
265
70
159
59
126
31
75
168
72
63
32
41
65
228
199
87
103
38
191
154
122
126
103
18
135
149
108
121
132
83
90
38
85
150
19
46
142
15
74
79
219
114
59
105
238
58
16
84
174
86
32
40
69
93
97
144
166
153
63
83
109
100
71
167
53
72
66
40
51
36
108
42
55
57
100
195
135
166
98
64
165
190
111
196
164
91
15
98
141
89
42
82
200
163
40
35
97
93
161
63
119
67
11
73
212
46
127
17
103
114
75
70
91
166
64
89
157
206
92
96
81
80
57
77
136
203
45
59
154
62
97
119
89
95
78
136
44
41
42
79
110
129
59
48
19
40
104
133
162
69
108
79
60
158
212
72
63
152
124
103
69
26
120
72
65
174
142
79
27
112
38
119
43
99
79
80
150
131
181
173
100
151
56
58
57
118
101
58
114
240
100
108
162
22
91
76
74
90
98
94
131
15
44
46
68
46
53
95
76
96
179
217
28
180
116
161
61
175
88
99
83
103
140
143
142
127
82
65
74
62
88
81
93
208
46
55
87
86
153
172
18
78
161
177
101
112
123
119
182
96
129
156
202
98
112
139
97
86
90
74
49
88
158
110
116
116
157
44
194
94
146
219
284
125
188
85
71
123
139
193
92
67
208
189
40
56
132
199
14
123
132
83
79
232
228
85
112
62
122
106
96
176
40
68
176
140
68
158
146
52
126
110
82
51
98
28
72
94
130
109
73
114
242
53
36
83
97
113
49
109
106
44
101
64
88
86
59
76
131
63
197
24
122
210
74
125
127
98
88
51
57
160
46
191
132
39
192
74
64
29
71
120
128
71
150
69
143
54
68
91
129
128
41
67
61
118
139
218
57
65
66
140
100
29
143
87
150
90
19
88
165
162
157
31
133
184
106
154
222
70
171
64
83
31
162
80
92
30
36
178
74
208
78
89
232
85
99
29
74
171
158
129
112
104
191
86
86
130
74
65
26
62
106
15
63
101
100
125
152
58
83
96
103
66
41
84
85
135
166
69
122
215
113
85
103
79
52
124
75
112
126
133
176
38
94
127
63
113
151
204
90
96
101
153
36
147
106
152
115
107
39
37
178
209
123
164
91
106
134
162
58
224
90
160
77
31
144
120
47
162
130
45
136
38
122
21
70
173
117
45
97
197
126
73
40
137
41
51
89
133
41
104
138
71
56
174
97
64
96
33
69
106
76
68
