185 650
311 131
484 476
737 645
277 190
768 630
345 283
662 546
165 586
159 172
694 379
93 509
613 562
250 180
472 360
688 758
640 455
119 309
365 774
84 29
572 555
314 247
81 99
229 786
194 35
748 193
88 718
686 99
72 69
638 68
587 300
85 670
110 296
605 92
541 312
531 100
384 188
640 566
639 507
85 55
259 466
275 203
35 600
173 33
392 452
196 734
313 11
372 549
385 161
550 419
515 82
497 524
43 689
521 606
215 61
172 381
141 421
250 17
540 298
383 407
278 304
467 478
719 603
469 768
518 359
57 759
326 487
451 210
393 465
236 574
739 545
718 138
523 103
516 327
499 402
17 144
795 324
484 182
257 247
642 190
189 62
298 211
495 50
563 189
250 719
116 174
151 269
608 15
433 737
125 374
487 336
165 631
501 200
331 597
201 379
672 462
258 501
463 145
743 139
600 441
287 16
779 371
357 160
80 233
393 668
225 136
142 641
450 177
65 600
54 432
239 682
35 771
130 380
734 482
41 85
605 701
86 502
489 670
246 154
721 703
273 255
336 746
101 701
600 422
551 272
1 204
774 753
91 739
732 265
680 467
236 304
311 68
104 688
250 547
350 658
256 477
134 156
38 19
295 710
708 425
748 679
338 20
42 127
108 282
325 412
217 534
309 327
276 492
732 441
282 478
236 260
134 321
279 372
649 181
685 424
281 786
121 29
730 271
798 49
562 555
77 612
45 596
90 54
761 607
279 646
117 165
219 199
532 289
148 222
799 178
562 505
34 280
733 302
454 260
425 472
648 611
627 535
178 150
662 324
587 428
286 499
443 423
402 238
230 520
632 345
98 575
635 77
158 472
10 107
531 782
729 186
655 488
453 622
460 401
187 327
410 720
452 743
153 112
45 394
149 63
582 288
170 701
741 75
192 616
679 136
777 674
216 182
677 600
566 237
507 296
459 60
547 571
599 795
488 488
441 590
45 709
341 11
84 601
477 84
2 693
79 170
150 733
289 450
451 324
277 175
498 542
363 255
293 31
428 484
336 249
418 660
30 172
492 354
104 706
775 558
198 306
149 138
92 176
0 236
429 776
534 330
271 634
619 446
546 655
186 350
540 337
666 608
536 246
395 475
345 119
73 507
535 732
660 614
733 399
399 499
48 575
785 220
641 670
499 689
774 438
499 156
613 781
608 58
744 241
60 407
407 548
117 281
361 501
451 786
692 231
430 643
55 300
212 327
376 80
34 527
25 476
340 558
791 114
532 89
519 563
191 313
530 337
94 298
322 462
743 216
793 353
342 736
364 38
172 718
62 594
545 139
150 387
174 712
191 430
658 798
671 482
515 628
386 476
492 270
154 184
715 63
222 635
91 707
469 782
646 27
477 754
56 523
260 388
764 438
604 505
204 137
70 397
156 670
631 199
323 560
156 788
331 394
776 94
376 800
555 647
72 589
377 350
246 398
649 72
454 155
170 675
244 3
781 189
14 637
362 359
280 428
401 50
195 63
202 605
448 499
477 258
313 280
408 173
701 776
654 341
623 483
44 375
634 124
613 725
313 254
572 721
293 742
584 205
556 277
16 451
135 410
384 600
567 743
265 241
490 661
688 765
206 130
148 666
526 112
313 737
615 740
75 334
479 488
190 10
224 781
734 754
419 750
486 62
766 177
543 457
445 711
534 628
553 696
465 503
329 458
754 231
25 85
614 633
430 406
128 24
108 99
218 70
8 616
187 792
550 140
514 210
399 727
644 593
450 23
284 396
212 446
636 362
265 752
5 464
369 598
527 667
658 115
303 19
768 266
378 255
184 339
56 89
4 81
115 319
12 387
210 278
35 367
33 323
83 347
166 353
165 299
153 313
70 207
64 73
174 181
94 322
115 395
17 32
117 243
34 64
160 185
78 120
103 282
331 388
58 209
85 165
209 247
195 196
200 348
109 264
52 233
35 260
261 352
96 145
59 316
27 342
126 338
10 178
207 252
216 227
76 157
151 361
260 384
240 348
219 328
122 215
47 267
13 105
207 257
129 154
7 387
55 94
3 5
129 242
100 216
14 281
25 263
146 336
317 368
247 347
196 386
123 242
67 324
50 218
55 293
100 397
283 330
147 222
90 193
235 280
39 199
64 232
210 367
262 396
26 302
41 78
65 127
313 342
229 344
85 103
208 348
104 351
247 335
12 176
88 196
179 340
113 308
328 382
213 362
9 136
352 395
305 370
260 385
40 135
23 84
79 153
38 309
296 371
59 321
33 35
11 275
156 379
261 343
23 315
126 365
11 306
213 334
250 275
128 172
51 170
368 375
67 107
2 334
278 384
134 394
58 240
204 342
162 380
153 190
93 314
30 339
170 340
96 180
18 195
7 38
144 316
94 390
110 138
99 340
4 13
233 302
68 374
52 215
284 327
243 345
19 137
298 335
75 220
133 180
130 150
162 379
57 100
140 163
255 306
58 298
169 368
322 389
32 151
208 313
51 279
372 395
248 267
161 289
71 277
107 324
121 386
180 283
34 73
294 355
108 382
236 310
303 305
175 387
202 300
18 286
121 346
153 269
82 210
9 168
322 390
46 131
39 376
134 138
6 399
326 397
211 296
214 230
90 232
55 272
50 278
81 344
240 281
161 382
231 238
327 368
83 385
197 310
54 100
296 372
29 87
98 190
114 162
167 281
38 340
121 318
0 333
311 361
127 302
53 225
132 215
31 217
141 273
44 174
12 211
142 376
189 251
42 255
12 246
42 289
30 178
228 334
97 218
2 61
166 224
186 204
65 111
150 280
143 266
83 260
128 269
66 149
34 167
49 242
157 375
55 89
294 352
32 103
95 340
345 352
61 174
159 309
17 361
83 290
35 50
288 315
71 204
46 227
64 74
89 151
52 65
73 167
137 162
180 374
20 211
186 304
106 325
263 284
300 396
258 371
127 221
29 342
215 219
86 194
121 155
99 179
38 176
37 175
166 299
6 182
33 87
69 203
74 90
17 266
60 353
192 230
31 108
125 171
229 353
63 189
187 390
16 95
273 287
267 276
221 325
239 305
291 350
117 395
193 378
117 192
5 62
47 93
67 385
134 359
6 120
67 335
52 302
79 347
68 334
119 140
176 295
241 301
16 139
151 194
136 168
146 389
32 86
60 344
95 295
191 295
98 277
71 300
122 127
203 333
21 81
147 283
113 139
251 345
123 391
285 308
286 359
117 258
312 325
78 150
69 133
76 101
71 190
354 370
96 133
193 232
78 130
167 298
309 340
147 330
106 203
25 190
163 246
294 338
14 90
102 224
254 267
117 372
81 353
132 357
21 226
264 275
151 282
244 291
21 41
151 266
191 340
44 297
53 279
81 336
28 114
184 200
93 276
169 317
6 329
338 355
45 392
112 151
151 244
75 188
166 310
36 399
304 323
226 229
165 220
35 278
41 166
16 129
269 375
174 297
310 356
274 275
54 363
109 116
164 241
114 376
195 239
242 309
140 365
92 247
55 56
42 108
21 399
25 398
45 288
3 163
185 250
73 281
232 240
64 240
22 114
22 197
4 206
139 148
261 338
10 339
119 365
63 370
24 57
212 352
92 335
112 244
269 313
261 345
71 368
251 372
159 211
92 324
131 141
103 231
124 200
106 333
12 377
103 125
191 242
56 112
68 228
249 273
364 383
176 191
14 378
158 317
154 391
98 158
66 180
202 204
34 200
289 306
195 305
300 304
105 224
8 91
351 394
60 150
60 272
201 357
238 271
77 97
94 152
174 378
364 392
0 357
49 123
44 228
159 176
208 347
264 393
161 185
287 388
206 224
47 351
256 375
89 264
157 256
19 199
20 53
363 379
52 111
130 244
25 327
221 302
56 350
46 100
347 384
132 233
120 150
44 181
93 351
74 378
300 323
7 252
239 386
168 299
95 154
25 128
211 225
31 132
104 270
104 370
124 298
284 368
63 251
62 140
144 329
232 245
58 247
177 356
160 217
26 111
77 335
26 65
267 314
167 245
229 336
13 81
81 224
45 364
94 350
91 312
273 397
0 325
60 130
26 31
118 310
204 396
217 255
41 206
54 332
346 364
39 156
69 301
212 261
263 398
27 204
143 168
31 302
72 278
139 253
58 281
155 346
209 281
228 265
185 217
181 378
139 295
274 393
188 231
258 372
34 240
166 177
136 220
105 356
103 238
55 151
61 334
172 339
264 311
225 362
96 149
232 281
84 164
197 380
292 357
123 179
16 123
136 380
195 230
180 314
149 374
139 308
122 132
21 229
264 341
109 311
156 199
72 82
227 397
91 357
143 151
293 350
316 389
67 97
25 284
105 381
26 233
190 368
271 361
291 293
63 305
102 249
109 341
16 340
62 246
20 309
204 313
9 237
38 191
77 260
222 374
312 357
80 363
179 369
131 227
43 363
92 260
11 187
144 152
150 353
97 358
136 197
23 346
173 335
25 375
279 371
64 193
33 342
195 370
20 279
43 381
86 280
156 380
15 294
94 194
2 213
270 354
53 243
26 52
40 330
108 161
103 143
258 296
58 73
36 226
127 233
46 141
22 142
59 193
180 183
73 232
13 166
306 393
47 254
362 373
103 171
319 377
13 118
100 287
163 207
82 388
103 271
182 226
41 118
40 147
136 177
170 369
293 322
334 362
68 254
354 371
187 350
225 279
330 374
77 324
150 235
241 333
5 70
148 253
116 250
37 387
29 204
125 220
135 145
257 387
263 375
284 398
231 237
36 67
90 240
152 307
11 116
147 183
7 37
218 278
19 28
54 227
352 360
342 396
21 336
12 37
22 188
38 242
49 369
101 259
355 360
196 366
91 203
82 367
36 337
174 373
48 337
6 60
158 202
277 368
186 323
182 399
114 380
11 185
174 228
160 255
190 256
95 191
100 227
67 92
17 151
11 250
330 390
24 199
13 206
17 89
22 376
222 307
144 307
148 154
44 374
98 317
83 92
49 179
207 377
61 373
191 309
338 365
150 166
96 135
242 295
90 281
0 292
120 353
267 283
104 230
50 358
268 370
121 286
98 202
138 286
213 225
110 325
23 155
307 316
18 318
69 333
301 333
112 361
65 215
283 374
253 308
101 285
86 151
121 195
63 268
38 95
51 334
157 263
61 213
223 232
35 358
157 172
79 83
101 308
105 206
278 290
147 180
135 390
109 349
44 248
173 223
210 331
18 386
73 240
115 343
35 290
97 324
172 263
100 326
175 377
287 397
108 320
83 247
236 299
168 266
131 287
113 129
103 220
89 291
177 310
52 328
53 211
158 277
80 332
58 124
78 166
22 162
7 70
228 297
59 144
366 386
138 392
149 330
160 382
190 263
146 344
178 391
95 242
92 97
198 341
346 392
227 326
254 265
136 236
7 191
8 333
266 282
26 122
113 259
93 265
102 337
29 323
136 299
75 114
271 282
101 253
101 172
103 266
129 295
371 395
217 289
126 205
50 72
172 285
46 287
46 397
9 236
59 181
7 176
147 374
314 394
108 255
260 358
88 366
42 328
5 163
239 366
12 309
302 357
61 362
14 73
288 325
209 348
144 330
57 326
80 356
164 301
266 361
88 305
73 90
204 323
27 323
96 147
212 343
211 371
84 346
5 234
42 320
171 282
61 254
151 235
48 102
225 373
243 258
96 183
206 310
90 209
36 249
2 228
209 335
115 345
221 383
146 152
115 377
31 357
14 74
26 127
10 391
58 348
171 361
43 379
239 268
31 106
53 371
10 184
252 377
145 183
121 359
21 344
84 392
140 205
56 94
316 374
217 320
190 204
276 314
74 181
31 160
8 185
55 350
319 354
190 284
108 289
4 353
167 335
63 88
138 164
135 183
109 393
131 216
247 385
163 205
73 298
43 326
3 207
68 174
61 225
154 308
284 375
251 343
176 340
39 114
182 229
51 61
107 337
82 218
153 396
339 391
32 271
186 342
46 326
230 386
44 378
218 260
211 279
201 221
52 219
198 264
7 175
53 117
352 372
161 274
9 206
24 332
30 391
248 254
30 184
366 370
43 156
209 240
330 389
118 166
213 228
107 385
81 102
311 350
346 359
120 344
149 222
43 80
141 216
118 356
256 368
175 246
344 399
10 101
130 272
192 270
34 281
43 199
79 313
72 290
86 266
37 207
122 221
36 182
316 329
167 247
62 119
209 298
226 344
343 352
28 156
15 126
40 180
31 219
4 224
141 331
132 312
190 269
15 119
166 206
270 351
161 320
36 107
29 186
2 369
6 21
149 283
83 384
114 188
52 132
35 218
39 162
41 224
41 344
10 253
86 282
56 390
27 300
104 192
71 317
76 398
34 209
40 390
249 337
170 211
55 280
117 230
11 255
0 301
92 385
243 371
24 379
57 397
42 161
3 205
225 334
171 271
25 368
32 282
245 281
44 68
117 371
34 348
112 264
125 238
173 209
84 292
91 301
50 367
259 308
359 392
106 312
189 303
306 320
123 369
6 336
318 366
286 346
142 188
48 249
121 392
172 178
62 175
53 319
233 292
278 367
83 313
218 388
129 253
34 124
127 215
277 317
4 41
230 351
222 330
43 332
6 226
272 280
159 170
2 362
177 236
266 271
75 376
160 320
36 102
28 380
216 331
188 376
2 51
106 132
91 106
90 223
185 255
87 323
47 265
1 102
75 231
77 107
15 261
75 125
160 289
85 236
169 277
69 241
25 98
77 385
196 239
1 249
28 376
58 245
91 325
87 186
215 233
246 387
198 393
38 129
7 246
141 397
94 307
119 205
124 208
253 259
360 372
186 262
82 278
47 297
100 131
12 38
89 198
52 122
214 265
105 166
220 231
247 298
92 107
128 263
218 367
226 336
288 383
316 330
136 237
46 57
154 191
29 262
95 129
144 222
192 214
126 140
258 319
97 260
53 192
85 136
24 381
162 199
57 363
7 207
236 380
104 394
94 272
40 322
124 209
185 306
31 215
135 283
9 310
110 301
131 273
108 160
58 64
288 312
110 392
130 235
98 368
263 269
327 398
17 271
15 355
68 297
118 224
201 288
313 347
16 242
51 213
276 351
158 300
294 365
71 202
200 208
295 340
31 122
199 363
31 52
94 291
167 240
10 139
83 208
135 330
59 68
212 294
265 267
5 119
16 154
53 296
5 140
63 303
163 234
248 374
37 246
345 360
84 110
375 398
116 187
165 380
6 344
215 302
256 263
151 280
0 288
44 267
32 266
128 157
0 110
104 195
262 342
112 291
72 367
98 327
24 43
152 316
288 292
111 219
145 333
9 299
259 285
0 203
185 289
184 391
147 149
48 107
334 373
316 321
60 336
39 379
105 310
95 99
89 341
178 184
54 80
171 238
117 296
165 168
42 274
40 389
132 302
95 148
128 398
321 329
194 272
155 364
160 328
2 174
18 88
303 366
208 247
84 364
275 393
257 360
103 168
0 91
142 220
62 387
363 381
110 241
121 138
28 188
301 325
279 296
262 304
69 183
253 285
177 197
45 110
252 387
222 283
88 268
14 232
130 194
108 328
167 348
26 221
203 312
2 373
256 327
73 209
186 396
243 372
89 244
196 305
194 244
201 312
22 39
267 297
205 365
180 222
319 372
190 327
12 175
255 274
195 366
25 269
54 57
196 370
208 385
167 209
254 334
59 378
56 187
263 327
288 357
84 155
270 394
124 240
244 280
256 398
257 343
167 208
14 181
115 360
324 337
27 396
61 181
66 267
149 183
84 138
210 218
213 373
156 162
197 236
14 223
273 331
292 312
114 142
157 284
27 186
122 302
138 346
209 245
51 373
356 381
27 98
228 362
70 234
97 337
54 326
15 365
95 139
255 320
50 210
68 267
230 370
198 311
176 309
71 98
135 222
31 127
169 284
19 22
69 145
116 255
129 191
179 242
177 299
49 99
16 309
341 361
146 329
255 382
119 338
59 329
344 353
139 259
125 231
116 275
76 285
358 384
104 134
358 367
41 120
123 340
27 202
261 360
265 351
0 8
91 333
116 185
323 342
201 325
44 59
228 248
84 359
66 374
10 154
157 269
139 154
12 252
15 338
129 308
165 237
216 273
113 295
115 257
14 193
149 180
157 398
10 148
57 131
3 234
343 360
33 262
79 204
311 349
18 121
355 365
265 334
20 176
271 341
77 92
187 293
37 252
265 394
228 373
250 306
9 177
32 143
251 352
218 331
178 339
246 257
86 143
28 39
88 386
8 106
287 331
134 351
154 253
47 314
129 340
9 165
268 318
165 177
81 120
72 218
254 297
214 394
64 209
128 284
12 159
268 366
199 332
305 366
146 321
290 358
289 328
161 217
175 252
13 224
233 357
57 381
8 301
197 199
68 248
127 132
212 360
25 169
81 229
21 120
296 319
226 399
194 291
79 342
133 145
79 269
174 362
192 354
35 82
43 54
132 325
115 372
116 274
370 386
182 337
16 295
246 252
218 324
86 235
29 304
129 139
45 315
50 82
218 358
80 197
106 201
112 311
39 380
155 392
210 388
173 298
63 239
94 244
21 353
207 387
338 360
192 296
173 182
315 364
124 348
189 212
134 230
50 384
128 375
27 29
367 388
172 398
67 182
243 296
124 247
24 54
198 361
54 381
199 379
274 306
63 366
107 260
247 348
201 292
108 217
3 62
4 78
159 225
28 162
91 292
15 140
243 395
4 166
161 328
85 237
263 368
99 242
160 161
153 342
354 395
221 315
86 168
51 362
42 217
22 220
30 124
148 295
120 336
120 130
19 114
34 58
95 113
189 305
30 348
64 90
45 201
19 162
175 257
113 253
294 360
177 206
47 394
194 280
57 141
222 389
254 373
230 270
40 222
162 376
199 380
6 229
235 244
23 364
7 12
258 370
196 268
68 181
57 227
311 341
113 234
25 71
66 297
323 396
165 236
292 315
214 351
0 312
169 190
55 244
55 291
264 349
169 327
23 45
296 395
175 207
347 385
206 299
216 397
169 256
0 106
119 126
221 292
292 325
85 299
286 318
15 360
243 354
24 326
142 380
45 325
197 356
41 150
142 237
115 352
229 399
73 245
248 334
23 383
239 318
8 69
37 176
7 295
5 205
8 203
94 280
260 278
64 281
122 233
99 369
58 167
109 250
17 194
174 248
326 363
80 381
278 358
28 137
268 303
55 112
293 390
78 353
336 399
154 295
251 305
42 160
35 72
63 196
131 397
104 386
144 283
9 85
153 204
54 199
19 156
21 78
33 186
37 309
26 215
320 382
289 382
275 306
219 382
62 70
60 152
55 194
109 275
119 355
142 231
190 375
143 271
45 383
3 140
22 75
29 300
27 33
70 113
66 276
20 159
134 164
16 179
18 239
30 58
66 283
133 135
296 354
62 234
345 372
117 319
72 358
111 215
49 74
185 320
143 171
62 205
243 319
53 354
228 254
91 201
116 306
47 276
240 245
120 229
45 84
20 37
260 324
70 163
53 159
194 235
26 132
9 197
256 284
110 164
30 167
40 183
41 353
66 96
220 237
93 164
236 356
88 239
239 370
25 256
213 369
45 221
82 358
72 260
6 146
48 324
209 223
243 377
227 287
31 233
202 323
85 220
250 255
51 211
76 128
165 197
18 346
16 99
203 301
22 380
90 245
198 349
189 345
195 286
88 303
248 297
33 384
89 361
260 290
66 222
4 118
103 237
170 309
118 206
133 183
64 245
135 147
14 64
221 288
148 308
1 4
67 77
144 389
325 357
249 287
262 323
1 131
307 389
19 39
261 355
129 148
40 293
3 246
276 394
181 228
51 225
239 303
45 292
33 304
48 182
124 167
319 395
294 343
77 337
23 392
109 198
66 147
202 277
87 304
9 356
216 287
79 396
207 246
196 303
94 293
62 207
72 210
174 213
169 375
172 375
174 334
77 384
80 199
250 274
33 278
71 396
133 147
221 233
159 279
214 270
258 395
13 41
196 258
257 377
327 375
33 396
105 177
11 274
267 374
93 394
335 385
118 177
29 396
98 204
92 290
119 257
237 299
30 200
206 356
174 254
151 291
181 193
93 134
49 64
265 276
307 330
286 386
89 311
135 180
145 147
60 120
29 33
179 309
75 142
94 112
133 149
131 249
60 78
40 149
343 372
17 143
289 320
100 141
114 137
143 282
274 349
17 282
62 163
22 28
141 227
3 119
112 350
138 359
222 322
67 173
12 20
319 371
336 353
16 191
221 312
148 259
108 185
122 357
35 384
13 310
32 361
18 366
117 370
18 359
41 81
255 289
34 245
60 146
202 317
343 345
268 305
56 291
42 185
117 270
93 241
153 347
40 283
74 193
65 302
195 386
176 387
161 255
137 376
88 195
258 305
130 280
36 48
242 340
322 330
85 177
20 170
78 344
1 224
115 261
85 168
42 382
307 322
197 332
76 172
37 38
47 66
252 257
155 359
0 201
88 370
16 38
146 316
152 322
152 330
99 191
44 254
332 381
28 379
144 374
251 258
89 350
282 361
62 252
46 216
28 142
24 363
251 395
297 374
167 200
128 256
141 287
203 325
269 284
77 290
113 148
58 200
111 127
6 321
27 71
4 120
73 223
67 337
135 149
122 312
98 169
377 387
189 352
235 272
21 60
53 395
258 354
96 222
315 383
72 384
345 395
40 96
123 184
87 262
89 112
332 363
154 242
143 361
136 165
74 232
246 377
38 295
106 357
105 118
336 344
275 349
244 272
24 80
99 309
332 356
56 293
300 317
117 354
290 384
19 379
152 389
349 393
30 34
99 123
39 137
138 155
61 228
154 339
50 290
17 86
13 353
261 294
97 107
78 81
27
105
50
100
119
113
115
144
72
76
89
48
158
90
78
76
133
32
168
150
60
35
135
128
61
17
84
141
42
74
160
109
67
152
56
91
137
141
62
151
188
97
154
92
131
64
49
103
225
90
89
82
79
184
118
97
114
58
243
70
67
73
135
94
120
16
110
117
150
26
82
73
55
178
31
138
57
179
41
92
86
110
118
60
21
156
116
51
12
35
131
78
88
19
188
24
74
57
59
183
176
12
132
162
84
53
57
147
68
134
162
94
69
121
132
65
116
113
175
51
186
125
33
187
83
31
187
105
112
42
23
133
24
95
168
85
32
175
84
66
83
58
98
158
79
57
103
46
89
102
44
86
17
100
55
191
151
82
46
114
58
41
35
45
66
120
91
62
80
153
149
135
102
88
176
76
191
31
164
31
110
16
42
113
19
84
99
103
170
87
136
122
109
52
147
103
154
94
178
142
188
138
43
152
78
76
35
101
70
109
57
108
25
68
182
47
156
13
146
144
77
47
82
98
114
213
127
113
60
70
150
65
94
60
102
69
50
82
100
163
61
119
138
50
77
66
63
169
205
90
82
121
156
148
27
35
73
73
128
187
137
141
28
86
128
201
171
159
159
159
33
129
180
116
114
76
51
40
180
130
89
107
88
127
96
59
84
134
91
172
110
115
110
97
105
130
148
20
39
57
198
111
16
98
104
88
55
208
158
82
27
32
59
82
123
122
173
54
67
136
49
56
86
62
28
271
104
38
119
57
133
81
111
73
144
51
139
168
68
61
59
117
142
38
77
46
95
79
42
125
110
178
81
186
148
45
77
45
14
108
55
125
51
11
69
157
228
17
45
104
142
110
149
67
35
69
129
47
110
138
44
144
72
49
75
151
36
131
145
157
122
168
167
155
189
76
159
87
103
53
126
146
145
63
97
181
246
152
96
43
145
81
77
124
69
201
287
50
239
74
203
225
228
183
121
20
157
117
48
85
52
171
107
53
47
91
81
119
42
214
170
211
154
116
92
166
89
99
163
190
125
202
83
119
27
38
98
43
63
146
53
198
183
98
121
100
62
159
123
49
74
111
120
123
132
217
90
76
138
100
27
156
153
131
192
92
39
105
47
115
129
42
204
78
111
48
78
73
48
176
53
197
44
112
43
90
85
94
39
48
50
59
114
89
101
48
26
159
125
102
105
54
135
163
45
143
103
32
127
24
88
47
95
190
139
144
25
96
66
178
130
93
161
20
54
53
48
107
131
43
101
114
98
92
122
70
162
47
100
71
166
25
68
73
91
121
138
208
110
67
75
107
19
68
154
43
63
116
103
149
76
101
122
165
40
92
103
85
99
92
70
112
118
103
139
103
29
158
63
57
83
38
112
71
70
195
77
59
123
172
98
65
71
82
151
53
83
128
52
166
84
100
125
122
152
66
65
130
102
70
68
70
183
35
137
63
121
87
247
81
32
69
185
140
205
187
41
144
165
81
116
60
17
137
89
126
54
105
49
63
36
52
88
88
103
113
117
88
41
36
49
124
55
134
90
101
42
77
101
117
24
96
102
66
43
56
47
21
133
71
60
135
162
175
167
90
108
112
165
38
83
56
128
93
68
35
170
56
97
43
79
76
39
149
34
64
124
89
202
142
164
69
71
89
123
55
22
59
40
143
80
48
143
120
37
60
141
29
63
114
156
64
106
28
86
107
25
96
114
143
19
30
73
20
138
58
108
96
34
152
117
115
147
143
143
30
51
126
83
83
18
81
165
62
143
98
171
32
91
116
164
87
199
99
157
106
55
79
134
120
37
173
54
50
28
113
270
122
33
86
147
93
74
184
119
17
107
47
97
27
231
154
31
51
92
107
73
145
66
59
51
83
28
50
118
139
48
134
84
72
134
18
76
162
83
135
44
84
71
42
122
80
70
130
89
66
136
109
78
111
74
90
117
115
95
123
119
45
187
161
136
179
131
26
107
53
81
47
52
146
31
109
84
40
55
10
102
70
141
149
40
179
33
119
118
143
79
156
94
21
88
88
48
155
142
174
131
92
144
161
146
185
34
159
146
51
89
58
128
102
73
53
57
79
84
134
66
188
89
176
84
41
48
51
23
96
87
51
183
72
28
216
33
91
120
126
100
36
86
119
93
81
185
39
59
77
39
26
82
57
27
124
196
61
84
50
91
28
61
42
132
134
73
121
76
166
59
90
56
116
247
47
249
31
199
142
151
107
23
74
75
178
25
93
49
56
127
93
133
113
6
57
131
117
69
222
90
129
186
64
52
148
182
118
88
116
153
81
28
77
174
140
33
76
133
46
27
34
20
33
122
54
147
52
139
103
150
72
22
57
33
123
78
118
70
150
60
55
58
149
171
208
150
108
98
91
114
251
82
116
68
18
103
47
91
53
75
118
25
52
94
109
50
64
107
165
75
66
92
35
105
86
205
42
89
78
41
195
87
66
138
131
148
159
60
97
47
61
83
68
133
104
72
162
133
112
97
142
64
102
132
209
96
54
221
81
124
147
123
73
165
85
62
64
41
63
117
96
115
54
184
203
39
17
99
82
85
191
68
103
43
66
103
139
156
140
199
124
129
72
106
99
124
132
64
155
45
151
143
156
91
108
95
227
151
9
13
100
28
136
40
80
81
119
251
170
137
104
94
108
47
155
42
68
53
136
151
156
179
135
63
40
141
18
115
163
138
50
104
100
179
110
108
106
112
120
174
80
18
16
69
86
91
44
127
105
51
130
12
115
150
15
101
80
79
29
37
151
51
176
97
84
49
149
178
42
62
152
140
131
211
113
53
69
47
38
54
80
168
117
91
171
37
188
45
156
107
29
135
129
149
75
146
141
188
124
80
79
163
122
100
60
99
59
25
133
187
30
70
176
37
50
44
116
87
160
38
61
48
66
104
149
124
63
150
61
82
67
134
111
56
117
64
99
114
133
167
155
133
214
107
59
112
87
172
152
76
142
66
65
61
200
70
46
49
85
43
76
58
109
103
79
123
35
56
130
82
69
145
63
45
177
143
113
63
69
150
51
99
26
40
29
43
204
90
136
89
240
38
47
120
134
158
93
159
136
77
153
128
159
73
140
41
56
93
64
78
86
175
102
135
156
87
209
89
33
60
43
74
70
124
150
28
181
28
232
66
112
162
98
94
23
69
189
156
242
31
90
149
183
101
63
126
177
93
41
56
142
66
95
58
79
33
43
114
39
162
84
24
61
134
97
78
68
138
125
45
87
149
75
103
29
76
170
91
128
113
106
162
102
95
191
74
12
44
130
173
86
82
28
104
77
145
89
52
72
27
206
157
46
66
94
146
180
138
84
122
87
60
88
123
16
123
64
113
79
165
108
57
91
88
81
62
90
98
113
70
68
79
61
142
81
138
161
21
207
97
174
40
168
71
56
160
106
89
76
118
16
94
49
136
135
60
35
34
66
81
115
34
140
297
29
170
96
62
191
56
39
68
106
84
119
83
103
210
78
168
65
74
185
20
70
86
70
78
61
51
112
203
188
120
107
20
168
152
97
47
35
73
137
100
81
12
151
158
59
187
116
44
238
177
119
52
43
122
70
68
108
65
30
167
33
128
70
50
118
185
91
121
103
78
66
69
61
197
182
143
139
83
83
89
178
130
67
48
51
122
105
147
191
97
84
97
95
125
164
63
13
114
28
188
134
76
126
88
54
82
26
100
28
23
116
175
181
91
17
69
52
82
145
64
62
94
65
124
45
127
79
207
101
82
190
136
146
80
112
206
124
118
99
115
85
143
77
159
166
85
23
179
83
185
137
38
146
77
79
69
78
10
163
77
84
136
176
35
120
61
94
39
77
18
163
158
101
65
141
142
66
87
125
71
123
105
81
91
206
42
154
110
103
184
52
82
97
96
119
166
202
153
149
135
115
241
55
179
88
136
65
187
86
81
77
83
156
177
149
136
13
157
172
116
123
67
173
95
108
96
66
54
123
78
85
195
44
71
68
183
101
93
62
62
171
153
112
81
138
69
44
53
90
152
140
28
85
200
200
70
84
122
147
61
145
73
130
22
113
58
103
230
66
98
181
46
182
111
44
167
80
140
101
80
90
71
53
181
125
130
107
137
171
88
92
88
137
120
88
158
187
141
16
122
58
184
62
105
203
149
69
71
71
68
161
140
104
127
48
111
171
132
147
28
187
54
25
111
133
24
83
43
62
80
50
119
76
94
98
94
54
56
152
81
139
77
44
125
97
97
155
68
110
127
72
46
36
106
109
114
43
63
102
71
116
108
102
89
71
29
145
60
145
72
195
110
33
37
116
73
85
62
144
130
72
36
24
76
103
149
97
71
59
115
70
154
196
119
88
156
131
53
199
87
135
60
54
134
30
100
25
117
155
75
126
54
152
63
149
122
63
144
80
70
82
193
76
56
168
202
84
139
74
201
152
64
64
34
74
128
54
140
78
24
72
174
171
54
55
65
58
70
41
44
56
44
66
191
167
131
158
27
8
112
46
17
74
41
95
213
99
193
68
90
69
75
62
65
