245 459
692 32
90 496
565 125
8 589
514 735
501 212
168 763
124 37
476 350
195 705
559 726
330 208
160 310
220 111
10 121
472 206
176 356
363 11
666 38
155 455
469 663
729 304
636 169
105 385
346 248
150 482
132 740
456 736
58 61
350 588
293 159
248 317
2 619
474 547
475 521
522 679
21 329
313 554
204 424
163 792
10 491
241 86
156 330
111 673
134 423
273 797
13 503
474 770
634 536
767 4
62 541
312 704
180 180
448 416
587 468
436 190
346 579
549 347
615 676
206 194
176 306
123 390
371 214
407 513
562 332
219 92
457 797
107 698
81 407
225 265
624 578
640 471
274 351
758 599
476 233
126 233
448 434
488 115
89 537
62 226
177 704
776 273
246 55
437 174
394 314
664 173
330 39
538 328
572 589
380 299
238 521
50 574
100 631
765 716
303 468
3 346
406 100
589 396
225 228
504 277
491 20
446 52
557 241
149 561
699 575
317 228
504 83
130 718
580 147
339 211
65 357
102 392
383 223
51 642
333 589
18 212
217 586
280 644
257 533
190 781
616 1
687 139
379 590
600 427
218 4
640 611
731 799
447 754
502 306
179 756
294 26
421 119
459 683
787 27
146 148
89 280
383 441
547 111
133 278
198 766
170 650
733 780
715 159
674 560
1 420
581 448
194 87
378 677
231 782
50 568
165 412
601 253
199 35
79 233
288 138
655 321
104 453
414 607
760 461
327 2
20 758
196 794
200 630
604 475
739 172
557 448
656 364
664 90
306 592
694 316
363 694
337 141
214 593
675 451
496 17
191 254
776 503
302 399
775 290
795 415
311 127
786 732
190 379
532 649
785 164
32 275
208 590
663 53
397 369
441 272
128 506
257 65
573 160
198 203
277 716
761 641
753 232
328 480
397 69
304 26
316 150
427 533
360 141
745 664
286 355
213 419
247 663
466 3
799 204
171 274
494 550
562 342
79 425
399 477
294 770
69 563
766 769
65 105
8 597
280 397
297 106
160 244
231 723
312 436
344 327
399 156
357 326
285 443
243 362
102 675
493 562
637 252
357 252
645 238
404 211
302 216
790 173
248 180
707 264
578 463
311 540
787 511
285 211
151 398
640 579
37 689
526 321
661 352
656 191
547 783
727 787
488 692
613 290
517 214
232 433
547 77
692 361
759 34
760 455
545 308
256 114
213 122
774 9
763 496
500 564
626 447
422 39
285 616
282 775
369 389
642 210
253 185
772 241
467 252
529 451
654 689
434 564
43 792
154 494
277 254
636 185
740 404
573 241
714 411
311 333
679 688
32 290
90 242
400 535
477 739
646 187
63 209
601 338
557 361
325 262
122 759
548 722
252 735
329 715
557 63
685 281
601 675
642 1
233 700
541 665
119 54
441 700
43 504
270 489
650 26
577 177
22 238
304 427
604 444
61 617
451 564
603 223
37 34
642 326
9 678
278 467
240 256
320 246
118 646
31 267
428 365
534 214
584 408
112 340
599 570
719 359
60 370
87 350
33 231
217 725
489 98
83 73
206 607
607 371
719 169
550 170
38 135
365 188
503 17
182 337
786 624
71 770
446 783
455 455
113 432
283 689
536 501
644 704
725 134
444 412
493 36
346 478
569 549
9 758
188 311
768 120
29 776
372 489
518 625
592 125
533 239
237 52
298 725
485 552
371 1
248 686
88 223
371 430
288 48
663 579
256 38
200 476
198 397
422 730
119 277
518 318
462 434
302 69
564 567
688 16
297 637
447 766
579 614
91 635
235 144
256 752
791 48
582 737
243 762
222 237
176 517
519 799
247 633
79 452
199 208
86 340
248 331
18 200
73 205
232 317
67 379
53 60
139 288
104 396
29 337
180 331
62 112
21 133
43 380
24 111
118 351
147 367
112 333
80 372
57 289
216 315
112 399
30 386
25 323
14 261
165 354
134 361
42 261
202 289
191 279
345 378
173 338
29 306
2 279
90 295
250 397
161 320
12 31
110 236
243 323
55 72
236 280
283 327
68 296
307 379
148 171
219 320
259 331
178 285
137 214
234 301
60 395
62 329
198 214
154 186
128 387
384 388
47 308
367 374
22 331
304 371
93 230
240 266
177 259
7 40
92 315
168 385
260 381
283 311
232 291
180 259
59 388
278 347
20 45
1 134
114 150
286 353
37 333
98 240
65 253
172 201
0 321
186 325
223 335
25 90
100 254
107 138
245 388
25 280
106 295
275 352
140 162
87 383
122 168
300 344
37 287
202 369
55 124
136 186
62 244
352 358
65 247
22 170
103 317
247 260
91 117
80 136
353 393
95 198
184 364
202 211
74 242
59 393
231 384
170 253
14 83
107 336
24 45
123 158
8 318
28 307
18 160
78 107
109 365
215 391
195 351
115 268
34 211
12 201
225 285
375 388
169 268
152 253
182 251
252 290
3 107
197 340
80 334
55 240
45 157
94 251
116 312
124 240
267 356
16 75
89 388
116 342
171 299
143 354
178 224
145 213
244 378
166 240
124 266
0 224
7 120
258 263
34 202
67 128
161 296
187 338
254 283
9 129
65 294
116 154
143 185
292 342
66 367
12 233
246 359
31 155
138 193
161 362
118 398
130 296
50 392
148 307
176 194
231 316
129 294
271 281
76 136
80 154
112 350
238 243
38 169
172 221
105 126
8 153
79 92
203 343
74 375
189 373
59 286
136 287
49 144
137 270
150 315
349 355
63 235
230 246
5 28
292 372
184 297
183 206
361 392
166 352
175 344
33 219
159 259
76 288
153 367
22 156
126 276
297 305
195 335
182 217
119 173
76 222
75 366
167 257
178 270
75 84
63 323
307 387
157 279
97 102
45 279
185 354
35 277
206 229
120 296
17 345
183 244
24 244
150 308
23 234
66 83
169 386
154 380
120 162
224 321
294 381
2 399
172 226
214 373
138 300
9 247
31 272
240 328
26 396
155 390
18 370
287 334
60 390
130 140
36 184
5 250
124 314
1 50
98 167
236 272
132 199
185 361
24 213
167 319
151 244
200 383
95 228
185 237
3 193
156 253
152 366
59 353
83 376
147 262
195 223
154 372
19 303
155 203
212 247
306 318
103 311
39 255
337 342
263 392
28 379
129 247
168 188
218 337
11 250
32 280
36 133
89 126
253 293
90 225
4 150
102 267
35 352
79 104
265 316
3 311
195 269
11 297
108 347
126 302
70 395
88 212
74 177
231 265
2 51
75 274
155 201
6 327
143 361
314 339
58 339
156 319
198 309
48 290
277 369
133 252
44 230
224 228
215 269
152 283
5 128
250 297
96 145
126 286
44 114
70 176
158 289
121 188
99 280
170 257
43 183
70 99
31 201
102 132
111 332
112 157
220 285
44 108
42 367
213 350
73 220
42 192
327 366
312 334
42 66
204 346
211 277
105 242
3 365
175 300
42 383
229 378
203 226
160 370
4 51
35 211
139 210
88 129
98 212
45 244
108 296
0 313
224 313
179 273
218 318
125 192
52 351
121 310
138 365
1 263
65 88
66 147
22 239
136 139
315 389
171 307
37 332
104 117
212 294
205 285
57 241
127 286
215 394
192 261
140 394
71 388
69 333
228 309
27 130
202 316
166 314
94 286
70 210
166 275
10 371
117 173
205 220
28 252
27 68
367 376
205 313
11 353
89 184
225 227
94 142
109 311
26 45
84 343
5 48
85 190
14 66
26 377
192 374
85 233
65 212
48 128
86 249
55 314
155 261
195 207
194 395
110 343
116 334
207 304
10 304
136 325
77 349
186 288
9 88
103 260
237 361
156 257
155 238
40 296
27 108
272 390
117 396
26 157
23 193
123 277
246 278
170 239
288 292
10 141
158 202
125 367
85 326
248 301
114 320
76 292
4 33
354 392
107 344
241 309
109 138
196 204
109 341
281 291
237 354
105 144
122 143
37 96
69 399
143 340
28 128
313 373
27 230
216 389
21 307
35 369
152 234
0 206
330 388
182 346
210 380
223 304
62 69
122 249
15 218
39 378
156 248
233 235
24 350
54 326
181 221
258 354
359 362
29 135
335 371
99 238
19 122
7 108
64 289
253 301
214 382
67 397
120 140
321 357
232 319
24 151
49 126
143 291
75 235
50 263
298 335
81 304
338 398
88 381
149 394
52 368
192 383
41 47
11 393
101 107
61 176
169 241
120 394
247 293
178 313
62 111
184 305
195 298
371 398
60 135
126 353
223 371
225 233
2 79
207 386
61 222
17 62
6 16
111 333
183 378
34 265
193 317
147 153
254 327
82 239
6 100
335 394
180 282
71 245
56 75
57 158
105 375
154 334
183 229
11 36
188 310
265 364
108 324
102 336
149 298
80 186
350 399
12 25
65 381
175 267
34 277
44 93
8 218
69 332
35 316
266 314
287 312
53 222
170 331
17 183
131 200
55 166
297 393
3 78
81 141
91 377
77 137
99 272
77 326
186 312
259 284
179 239
110 233
89 384
103 366
30 123
320 362
94 182
35 64
55 275
208 344
134 263
161 278
247 294
6 56
167 282
101 267
237 340
186 334
48 252
8 29
311 317
146 314
258 361
300 356
298 394
36 297
255 378
174 266
82 209
330 375
31 236
115 123
6 274
10 335
17 43
85 227
181 203
16 327
163 371
97 199
75 254
61 139
304 351
163 187
292 334
95 178
19 168
132 203
69 112
13 380
207 398
57 268
139 222
106 343
271 317
163 207
86 122
320 359
82 301
99 322
54 77
191 399
0 377
72 146
23 291
177 180
345 360
18 374
170 319
351 368
19 385
100 103
329 380
80 292
187 398
41 399
189 227
122 188
22 273
91 396
40 149
357 373
107 208
173 398
79 191
15 116
66 261
157 399
58 294
100 327
38 115
54 382
39 183
159 177
14 192
10 140
43 360
159 174
129 190
58 247
20 350
112 332
30 38
238 272
293 294
21 290
221 383
20 279
176 222
169 398
157 191
226 235
98 314
49 245
26 350
157 350
176 322
232 271
22 179
202 277
41 308
19 188
122 291
100 274
281 317
164 174
141 230
325 334
252 297
218 342
84 226
135 218
60 272
26 191
215 299
13 329
138 341
223 351
72 144
134 258
308 399
238 262
16 274
32 205
239 273
296 362
1 19
105 346
23 271
231 364
51 79
123 316
174 282
158 316
334 372
21 305
106 280
168 303
75 100
97 226
207 268
10 81
149 223
27 278
78 102
55 328
193 327
120 149
298 351
135 194
114 246
257 301
150 216
124 339
20 191
243 322
257 319
45 350
205 229
216 308
89 245
212 260
97 203
84 97
143 249
279 377
11 305
69 350
252 379
49 72
86 234
130 162
0 228
123 169
178 205
61 360
220 255
340 361
3 138
206 244
34 289
151 378
225 295
1 310
143 165
8 337
103 327
122 361
75 327
265 384
102 356
141 173
249 340
313 357
44 68
8 125
83 153
287 325
95 309
119 321
144 375
283 317
68 108
17 61
25 110
280 323
142 217
374 376
21 364
232 253
108 130
309 377
223 394
269 368
234 249
95 313
300 336
221 261
129 274
59 276
24 69
156 339
52 371
217 251
43 210
1 258
156 167
1 168
198 313
34 64
102 199
76 154
267 370
198 241
63 106
53 262
54 349
49 358
5 297
76 210
341 365
299 351
6 254
334 342
99 194
71 89
351 386
70 280
42 376
131 367
159 242
39 244
259 282
199 267
140 223
117 398
45 151
20 396
108 230
257 284
77 373
195 304
13 176
193 365
171 368
165 237
221 374
258 392
278 362
94 276
142 182
172 203
63 343
90 227
87 376
314 328
222 380
191 396
2 308
86 143
136 329
201 221
106 323
78 256
195 394
0 309
296 347
232 281
79 308
12 236
322 395
165 197
30 115
0 91
183 255
25 106
134 392
86 168
72 174
76 139
4 47
109 281
114 324
290 297
36 252
63 110
95 224
118 207
99 176
52 118
257 331
208 267
303 310
33 320
344 356
374 383
5 393
230 389
224 357
192 367
76 372
201 343
38 268
232 234
44 389
185 209
292 312
280 322
4 216
12 243
48 67
168 354
146 164
11 302
94 217
73 225
288 334
244 350
5 387
73 229
270 326
80 288
318 337
175 356
271 311
71 375
17 244
192 376
312 325
18 131
51 308
90 190
98 146
101 208
102 208
152 271
63 233
86 165
28 67
85 189
174 284
150 219
95 321
160 374
5 397
184 252
21 28
6 341
31 221
168 310
66 390
165 209
386 398
262 390
92 308
358 388
197 237
193 281
22 82
177 242
23 317
62 151
58 65
58 98
156 170
71 384
80 116
256 344
68 230
28 348
53 99
14 147
94 346
192 221
97 172
116 292
17 151
20 377
104 191
67 348
14 42
295 323
269 298
220 321
138 336
76 80
159 284
23 281
126 330
131 374
56 226
209 340
20 244
114 389
38 57
71 358
1 121
275 382
5 11
54 137
260 293
174 314
242 264
211 231
318 342
25 113
73 285
92 114
104 173
12 323
145 332
226 343
118 386
9 326
152 232
88 260
113 343
64 363
300 310
98 339
110 295
302 393
147 306
199 203
104 338
268 386
265 277
45 69
69 111
302 305
23 311
114 315
170 301
48 348
104 187
175 208
112 213
64 202
32 229
140 298
51 191
231 277
149 391
65 293
276 286
357 363
255 321
3 109
71 105
79 279
50 258
309 313
129 260
126 144
181 390
249 281
64 316
54 355
309 321
38 123
330 352
201 203
46 391
52 148
133 290
166 328
91 309
196 286
174 259
88 294
28 387
115 169
74 105
107 356
118 268
265 369
160 383
83 192
110 201
198 321
153 376
167 293
121 300
56 84
192 200
31 181
279 396
125 153
329 332
377 396
114 219
207 351
112 329
240 314
63 113
100 366
28 133
72 164
146 266
74 196
208 356
181 383
66 153
5 305
42 83
12 113
2 216
48 307
75 190
142 251
107 132
124 164
291 317
355 382
224 373
352 369
13 61
111 329
117 163
122 354
7 335
205 227
67 290
121 303
88 100
198 228
243 272
141 338
54 189
123 289
122 165
44 141
120 335
202 214
236 295
276 393
234 291
82 197
52 299
60 222
237 273
66 376
167 248
6 103
14 390
163 173
197 209
245 358
59 305
206 255
16 366
74 204
9 381
197 239
127 217
23 365
301 319
255 377
298 368
27 347
246 320
141 163
349 382
36 393
214 357
216 219
93 114
2 157
163 338
77 382
45 378
98 293
364 388
146 328
211 384
248 284
86 354
36 290
58 293
156 331
368 371
294 339
227 270
256 356
61 210
257 282
85 90
280 295
277 316
60 99
127 251
68 93
290 387
198 363
188 258
30 289
251 353
254 274
31 203
39 206
249 311
184 302
156 293
38 119
63 226
96 332
260 366
58 129
132 336
161 347
234 239
246 362
23 249
228 357
31 261
87 131
94 204
155 181
146 275
247 381
33 114
10 223
148 299
235 343
24 62
302 388
348 387
290 379
178 228
298 304
180 257
47 150
167 170
135 337
288 380
25 63
210 345
253 283
18 267
43 61
195 215
74 144
329 333
92 219
188 385
30 268
232 283
142 286
21 36
137 198
45 112
233 295
40 130
135 147
128 307
211 265
23 109
188 303
118 195
151 350
140 149
40 140
61 345
230 315
109 193
103 283
49 105
214 363
182 204
141 324
111 112
3 256
347 359
16 84
290 348
68 114
105 245
261 383
128 348
248 339
24 332
272 395
105 177
97 267
204 276
40 162
234 271
304 394
139 360
219 315
155 221
23 86
35 202
99 395
62 157
85 270
68 347
84 132
100 129
46 149
49 71
56 63
12 295
58 88
137 373
98 328
304 335
139 176
37 186
144 330
81 223
120 130
27 40
261 367
213 332
89 330
311 365
35 231
50 385
5 36
154 292
242 259
112 244
229 345
15 29
1 188
8 306
56 113
81 108
137 363
173 187
144 245
231 369
137 357
164 240
246 315
298 391
227 233
212 339
29 147
136 288
204 217
49 330
255 309
214 349
289 316
13 345
178 229
29 342
198 373
288 325
43 329
189 225
143 237
151 206
93 324
136 380
220 229
122 340
1 122
50 134
128 379
248 293
207 223
228 255
80 287
223 391
288 372
121 385
152 317
91 321
195 299
348 397
165 340
27 44
249 291
2 350
7 140
238 261
17 378
126 245
180 242
82 273
153 306
90 233
56 235
98 166
157 213
149 162
43 139
115 241
266 328
136 154
185 340
13 139
129 381
30 169
213 399
118 371
324 389
209 273
210 395
138 256
128 290
248 319
17 360
25 295
82 179
227 295
290 397
117 187
34 316
124 275
253 319
69 213
20 39
32 285
68 324
316 369
83 125
336 356
161 246
73 313
256 365
58 260
198 224
164 166
234 281
93 141
168 365
15 337
46 298
207 371
282 331
196 346
212 381
302 353
154 312
9 355
64 357
233 323
27 81
51 150
158 277
16 254
185 197
106 233
358 384
311 327
277 289
103 152
26 79
128 133
6 75
202 363
269 391
211 352
198 357
83 147
30 241
278 296
326 355
130 149
283 366
224 270
319 339
72 240
52 171
101 102
66 262
92 150
71 144
224 309
363 373
2 47
73 178
136 372
234 317
102 107
38 241
348 379
45 399
291 340
53 390
186 287
94 127
242 346
249 271
256 300
0 39
303 385
167 284
14 262
78 132
330 384
100 260
48 250
92 216
19 310
52 195
98 266
55 146
91 119
194 272
59 126
20 26
179 209
364 384
276 353
70 322
260 294
243 295
127 142
60 238
294 328
39 377
36 364
15 318
52 215
101 175
93 315
83 200
146 240
124 166
13 360
35 265
204 286
105 204
3 341
96 111
118 169
22 257
351 371
40 120
4 92
107 300
180 264
200 376
206 220
195 371
148 158
78 336
165 185
5 252
130 335
44 246
261 390
117 119
264 282
252 307
43 345
254 366
79 216
4 219
18 199
148 379
87 370
16 56
28 48
70 360
177 264
8 147
195 368
232 249
159 282
227 285
113 233
29 218
154 288
119 309
368 391
1 303
282 284
80 312
49 164
123 202
164 266
223 298
77 355
205 225
209 237
385 392
181 261
167 339
90 189
327 341
258 385
13 210
12 110
311 341
32 322
57 115
207 338
206 377
351 398
254 341
147 337
85 225
70 194
220 313
101 356
376 383
222 395
47 92
87 160
7 296
253 317
114 230
3 300
7 130
126 388
62 350
86 281
4 315
48 379
53 135
137 224
297 302
236 243
64 214
42 390
146 166
100 247
16 235
11 59
178 220
57 123
55 266
159 180
39 45
304 391
87 200
83 367
31 172
27 120
30 57
68 246
46 215
268 398
210 222
162 394
176 395
190 274
74 94
160 200
304 398
34 369
170 248
68 81
137 355
125 376
196 375
188 365
56 274
146 352
47 51
328 339
65 339
2 41
269 394
228 321
60 176
102 344
100 381
78 138
245 375
15 342
110 243
107 256
42 147
105 196
39 151
56 132
202 231
124 328
305 364
128 252
299 368
0 255
200 370
12 343
115 118
41 51
37 325
135 262
135 306
18 87
243 280
55 164
96 186
159 264
48 387
72 124
106 243
35 349
24 112
170 179
19 50
289 363
81 140
195 391
61 70
264 284
45 62
32 360
284 331
51 92
271 291
4 114
72 314
62 333
119 241
236 323
212 293
154 325
133 379
38 198
61 380
55 352
149 335
10 130
88 293
29 318
220 224
280 395
189 326
53 194
137 349
259 264
89 364
200 374
68 389
1 392
106 110
6 366
93 389
80 325
139 380
210 360
163 398
233 343
134 385
103 254
131 192
199 370
51 216
28 290
126 375
97 132
194 222
17 329
19 258
7 81
340 354
0 95
310 385
293 319
33 315
20 151
214 289
44 324
176 360
181 201
261 262
21 184
94 196
300 365
83 383
110 235
23 122
347 362
218 306
34 231
37 111
116 325
31 243
149 269
315 324
161 359
315 320
89 358
117 338
165 361
46 269
115 386
124 146
30 158
31 390
230 324
24 333
232 301
139 329
1 385
102 175
172 181
72 266
80 342
391 394
196 217
71 126
354 361
288 312
228 313
265 358
21 252
83 261
83 374
286 302
48 397
7 162
140 391
133 307
42 374
52 386
84 113
81 335
16 190
41 145
215 298
101 344
193 311
138 311
12 106
59 302
189 355
100 190
252 364
155 272
36 305
220 228
113 235
49 375
32 73
276 302
57 169
215 368
275 328
232 239
206 378
254 311
326 382
132 226
249 317
45 213
193 341
62 213
127 182
14 367
81 130
11 276
19 121
379 387
31 238
298 371
211 369
98 294
67 387
5 290
95 357
156 301
79 150
131 376
182 196
141 187
60 194
189 270
86 271
84 235
42 262
250 393
140 335
83 131
263 385
197 273
313 321
2 26
194 238
107 175
136 334
24 329
22 301
2 191
151 183
66 192
281 311
240 352
25 236
131 160
69 145
110 323
240 275
20 157
179 197
99 243
69 157
278 359
74 346
96 287
225 270
27 296
26 279
176 210
252 305
92 389
137 382
248 257
13 43
245 330
110 113
372 380
12 63
46 394
256 336
25 343
33 150
171 379
64 277
238 390
104 279
142 204
155 172
305 388
87 374
103 341
86 291
65 260
33 246
290 307
7 10
62 183
106 236
33 92
335 391
34 35
153 192
184 388
167 331
183 345
234 253
0 220
42 221
7 27
32 70
87 199
306 337
13 17
217 286
164 314
293 339
131 383
25 233
77 214
332 333
180 284
270 373
88 247
274 366
98 124
292 325
251 286
239 301
71 330
58 212
330 358
172 343
76 380
211 316
58 381
205
82
65
86
36
82
103
74
135
76
49
246
47
57
188
97
62
135
62
37
98
129
138
77
66
76
65
161
71
64
80
104
46
169
64
86
42
165
139
61
57
104
48
100
187
61
60
207
240
109
109
145
87
143
118
161
29
103
86
148
98
49
87
133
86
71
101
224
35
98
140
61
201
92
52
234
207
63
142
72
119
61
37
12
16
85
96
119
154
164
90
115
43
108
105
146
92
67
96
113
32
100
51
37
112
46
179
179
143
39
83
120
196
172
170
238
143
24
85
103
115
48
63
56
47
60
76
147
30
155
46
260
49
55
174
124
127
161
87
19
89
98
60
99
200
51
40
159
113
27
38
190
50
64
86
206
79
52
93
63
234
29
129
111
45
73
196
106
85
74
122
63
102
41
75
154
134
106
119
124
170
76
116
36
92
94
88
97
184
171
133
72
193
131
154
123
104
93
78
128
82
168
77
35
164
82
81
61
11
56
15
49
74
183
143
165
143
78
181
60
58
90
169
186
172
182
153
86
97
200
169
166
186
24
48
89
132
79
86
64
176
27
124
158
56
104
113
91
167
64
99
49
82
33
166
142
26
51
115
22
87
217
134
150
66
74
64
36
87
75
13
90
79
177
67
41
117
136
20
74
127
72
142
164
42
86
84
78
34
104
44
122
138
82
200
79
51
73
55
94
131
111
158
129
22
126
155
40
35
232
16
134
25
52
91
146
205
90
21
160
53
116
40
17
51
34
42
140
106
129
138
179
105
104
104
97
57
127
71
54
142
36
97
133
133
84
75
88
58
65
35
29
142
92
145
65
114
169
58
45
109
122
98
38
48
132
81
79
140
18
125
121
140
51
98
50
232
28
69
115
56
53
203
119
117
39
97
120
297
62
80
57
61
74
94
143
46
116
159
55
82
150
15
46
144
86
50
215
190
179
13
161
86
147
78
159
77
55
50
42
156
20
54
55
69
99
72
122
102
37
62
104
157
46
196
182
114
116
147
88
53
62
52
153
153
64
76
254
65
113
102
220
111
164
174
85
181
56
285
80
170
122
56
84
21
165
66
35
38
60
16
22
175
213
90
119
88
51
129
100
175
114
42
77
113
71
38
59
81
60
109
46
264
62
264
76
118
170
60
43
138
200
150
49
98
167
106
215
146
130
17
69
88
82
48
52
56
90
36
55
136
147
124
57
105
67
127
30
74
144
203
272
120
180
68
104
100
184
86
26
34
43
109
95
50
202
186
69
120
43
99
212
104
98
101
120
79
68
174
134
124
120
96
67
62
188
58
104
110
70
82
44
72
109
54
62
28
72
56
194
156
69
170
103
82
53
107
128
51
65
50
53
122
37
111
140
52
60
74
106
86
155
119
151
92
145
177
154
63
243
102
41
135
129
144
77
123
72
75
121
61
62
111
128
136
199
47
97
72
80
51
41
83
86
147
70
127
33
148
63
137
111
146
78
168
123
74
28
173
139
63
36
216
75
92
136
40
46
90
90
32
104
120
134
267
83
132
178
67
210
120
129
171
104
56
37
179
120
45
114
133
132
95
68
224
81
67
98
111
89
9
100
222
53
113
35
139
96
133
117
108
159
69
86
116
71
62
54
34
130
100
105
182
92
56
136
59
99
193
109
34
95
160
61
116
282
54
135
122
59
70
198
275
36
282
114
106
32
199
162
99
160
201
86
131
123
78
84
40
176
289
101
70
125
106
72
176
147
81
57
127
148
111
105
25
58
80
141
111
119
82
83
73
186
97
178
79
156
105
106
166
97
29
72
150
26
178
112
99
174
68
56
71
58
175
62
174
126
121
187
185
27
276
97
31
92
198
47
86
77
130
108
116
35
92
101
123
170
87
107
92
132
70
85
109
170
67
35
97
141
47
123
106
77
94
174
143
76
102
139
143
113
188
59
117
96
63
166
115
38
270
40
157
158
139
107
70
78
66
71
82
153
64
79
68
66
139
228
71
138
86
104
52
72
94
58
179
106
66
65
65
119
80
64
139
69
86
106
125
53
109
136
83
63
143
163
76
54
159
31
136
159
38
36
180
61
76
228
135
136
103
46
80
46
38
106
139
54
118
27
114
48
56
204
77
59
53
41
125
193
33
57
101
59
55
127
124
83
132
85
69
53
151
96
110
147
85
86
47
101
26
144
60
96
81
64
173
124
105
124
84
143
61
42
205
92
94
141
119
44
133
132
66
212
110
55
106
110
104
109
42
194
173
132
159
147
30
172
119
60
68
78
136
128
150
50
132
97
59
180
65
140
119
112
76
109
24
51
23
67
207
168
149
192
35
134
67
143
239
99
109
66
63
98
92
68
76
152
89
71
30
214
113
82
123
119
59
168
47
34
102
51
22
70
54
170
67
54
166
126
236
149
46
69
113
155
79
161
35
69
73
129
68
104
78
57
152
83
87
103
67
70
67
131
60
92
95
89
133
105
164
162
42
77
8
29
101
108
82
100
161
74
128
73
257
217
102
34
76
90
84
59
40
106
43
151
86
117
160
156
43
108
48
66
99
145
83
82
91
53
67
43
48
119
44
69
120
112
128
174
85
45
97
124
150
144
18
235
126
107
39
177
167
45
135
91
99
76
128
162
49
64
153
47
153
96
145
163
73
148
73
133
142
130
107
54
100
129
158
16
96
52
74
132
152
114
29
126
173
120
114
111
80
126
125
64
144
52
43
54
132
71
95
117
89
61
41
110
142
85
42
154
222
200
164
118
190
86
102
76
115
92
135
57
92
47
50
37
133
81
46
98
163
249
125
132
15
209
159
171
98
114
140
83
152
83
94
153
232
82
99
70
90
158
56
139
14
162
49
149
49
32
141
20
156
117
40
237
107
183
290
64
109
174
124
193
32
108
216
62
115
74
176
84
317
146
196
112
61
63
204
121
31
98
72
84
61
68
45
75
179
39
25
224
66
136
143
84
110
174
100
58
175
169
157
47
169
88
71
135
187
125
37
75
158
113
124
84
41
78
25
120
232
182
122
87
56
66
117
154
22
16
34
74
94
60
89
78
33
114
96
62
81
87
134
203
170
47
78
75
99
190
71
24
75
50
139
9
73
30
93
77
168
50
97
142
293
89
152
61
128
169
69
57
148
142
77
83
128
84
192
121
68
35
76
109
311
86
86
128
167
95
136
84
30
198
30
69
114
129
49
88
21
123
63
193
133
54
206
71
103
140
108
119
103
105
151
142
141
85
190
122
54
98
59
94
52
67
187
85
87
90
98
38
28
143
124
24
43
160
66
28
169
112
133
50
93
74
126
97
96
67
84
64
143
134
198
223
98
54
134
60
135
150
67
71
210
61
129
77
89
105
186
98
39
108
52
130
164
144
57
185
89
170
20
179
154
97
103
83
78
79
90
160
141
56
32
15
126
145
99
176
132
135
59
131
29
166
114
184
126
26
155
174
68
38
108
101
141
24
125
63
71
191
26
44
75
182
27
57
138
119
57
107
172
25
30
60
162
35
104
135
67
135
104
101
6
42
181
17
90
76
95
91
129
50
161
173
161
74
71
77
149
195
70
197
115
179
39
56
126
73
185
84
125
279
80
61
32
87
9
75
182
147
108
84
102
28
166
59
123
132
84
58
119
14
124
121
92
49
98
145
202
95
32
36
74
42
238
138
77
207
58
126
103
12
46
87
26
195
91
80
113
249
125
174
93
30
116
155
175
62
99
134
67
181
23
179
88
46
166
147
127
202
207
45
98
135
46
126
111
174
41
84
93
87
113
163
81
26
56
208
27
135
78
44
58
136
89
42
168
40
123
26
84
181
203
68
229
275
146
180
68
100
171
134
81
46
186
102
85
138
66
53
131
110
100
120
46
85
205
58
46
138
64
76
184
93
96
165
99
141
292
45
92
37
139
52
29
82
53
153
17
138
261
128
182
88
66
208
54
93
95
40
55
169
110
76
143
80
81
110
144
80
105
75
64
100
114
71
138
173
59
30
194
123
188
57
86
277
30
69
28
73
32
103
129
149
273
71
71
98
37
61
83
35
72
169
230
180
61
162
104
80
110
56
143
76
116
69
51
79
127
75
138
71
157
70
203
65
85
155
116
93
158
24
176
48
72
60
26
102
33
91
139
60
54
137
152
41
120
89
48
183
35
142
77
101
166
41
94
81
64
61
122
124
94
176
47
166
144
86
129
204
81
61
27
27
182
66
20
73
121
199
73
45
101
58
126
46
72
99
134
165
85
73
91
228
63
183
144
70
73
115
151
114
253
72
96
80
114
17
76
61
74
96
81
109
77
273
156
16
86
62
108
71
160
100
167
87
33
51
101
146
80
91
101
149
109
93
136
64
137
107
84
144
52
131
91
139
124
96
53
88
159
101
28
33
84
126
133
80
83
58
56
123
131
100
110
92
111
206
76
171
38
151
248
87
134
52
200
44
75
173
97
104
157
38
151
113
73
111
109
171
123
132
162
128
53
94
90
68
143
303
81
38
45
18
117
57
134
47
39
99
65
71
305
49
48
27
88
112
127
47
89
