31 471
600 253
461 70
586 255
628 559
797 673
668 534
120 96
132 76
435 260
424 622
332 271
474 335
191 242
248 345
493 727
764 214
523 293
744 479
63 692
706 430
56 314
788 183
521 608
58 747
279 495
339 684
675 111
270 208
299 202
447 115
673 715
611 386
201 159
571 574
567 622
435 275
684 168
453 745
639 593
183 759
522 354
144 766
434 631
690 689
793 531
60 341
205 366
125 233
293 304
594 92
271 674
287 216
80 189
496 774
361 8
389 549
424 18
745 325
19 560
39 47
330 58
650 569
14 669
461 703
771 89
348 581
724 298
127 463
541 80
669 773
724 798
579 230
298 608
307 735
637 647
75 78
166 366
543 672
589 148
285 635
627 410
577 431
780 7
207 704
266 474
661 680
678 512
265 643
262 494
269 431
147 289
531 180
294 637
770 588
688 125
204 653
784 725
683 245
323 120
46 69
219 462
287 322
194 301
786 272
792 511
399 600
581 742
60 752
566 743
158 722
695 478
226 290
788 720
727 751
68 225
292 455
296 603
335 565
705 530
295 516
781 435
340 607
554 508
393 284
397 791
510 615
401 367
414 742
127 673
249 258
420 163
678 685
398 591
448 271
85 544
698 1
487 251
426 305
50 55
441 612
412 542
706 720
183 183
290 667
329 366
496 146
338 216
708 89
639 34
498 299
320 360
381 120
168 75
663 436
49 368
721 134
262 25
648 40
725 373
42 393
337 630
163 767
412 66
634 334
180 725
427 775
71 157
496 246
431 7
379 250
365 192
103 500
717 664
543 191
126 682
782 588
194 384
690 505
462 692
395 397
468 51
261 732
100 770
32 87
591 643
462 57
715 775
499 520
459 361
598 31
662 685
230 560
591 729
70 171
762 522
677 556
218 798
380 102
154 358
450 90
189 496
7 100
685 408
225 674
203 151
753 94
328 76
292 531
84 319
502 690
188 593
389 419
737 101
182 567
681 570
207 588
17 550
721 292
654 538
530 374
711 508
744 555
269 609
672 510
318 513
306 656
12 340
691 491
568 195
524 137
260 434
520 383
187 222
203 341
118 416
145 207
685 482
454 539
252 18
274 281
505 68
471 488
793 793
333 79
230 187
793 291
160 789
742 151
109 326
577 385
378 406
573 211
635 668
784 88
263 420
68 57
590 248
20 352
658 667
364 49
678 314
421 229
264 137
656 273
130 524
45 454
168 654
564 444
91 357
330 196
261 797
276 560
792 56
376 232
797 705
581 199
657 152
183 84
521 59
204 292
413 4
526 453
523 147
503 469
25 580
189 508
41 135
417 506
420 792
753 345
515 640
675 269
466 115
584 705
396 640
708 198
781 270
348 800
326 226
152 94
789 194
153 628
705 236
645 774
654 220
449 473
775 244
18 683
557 372
376 698
123 611
338 144
535 343
676 298
355 45
609 444
791 762
231 473
748 739
58 384
668 795
510 702
144 576
667 598
596 528
9 742
569 424
624 750
761 565
213 406
79 67
785 648
245 680
254 394
754 618
429 148
466 243
675 82
753 788
722 748
4 253
219 277
52 183
618 453
171 323
190 736
345 305
204 554
491 548
512 311
382 154
286 45
373 575
416 22
11 751
754 762
684 366
376 122
757 773
251 152
552 19
83 653
701 154
441 163
175 674
800 96
501 490
53 73
343 382
736 389
460 15
169 185
43 722
747 684
286 439
401 229
266 335
361 651
380 476
226 749
687 267
241 238
503 460
673 592
374 55
32 16
569 481
82 336
64 146
794 700
323 535
605 484
514 4
295 194
107 5
662 470
467 282
83 301
292 707
129 302
162 247
30 163
326 373
97 356
157 239
95 277
321 340
35 185
13 245
165 204
306 367
76 202
130 382
180 212
94 332
163 181
15 54
103 112
113 114
22 156
77 249
87 228
93 378
147 299
144 399
219 224
56 379
227 341
335 374
306 379
214 265
48 233
144 333
243 339
188 367
84 96
112 377
69 279
93 144
151 377
51 333
80 333
104 218
240 342
286 318
334 375
85 120
56 133
91 199
85 101
10 133
127 138
31 328
232 313
186 293
274 299
15 64
27 213
243 359
106 141
93 117
168 397
247 380
14 334
65 206
209 269
95 248
84 110
221 228
256 386
172 265
66 391
22 248
155 227
19 63
10 353
155 269
110 365
124 170
73 223
199 345
82 282
85 116
173 191
30 181
304 321
28 130
94 329
48 372
58 246
222 329
28 382
88 144
122 378
341 343
8 300
27 37
186 200
123 242
117 122
245 372
122 226
218 290
58 290
31 259
14 280
286 323
14 102
267 323
198 358
135 311
116 375
62 215
78 322
162 197
114 359
91 103
232 250
1 3
148 254
367 383
178 237
66 133
151 369
62 324
9 134
97 114
109 294
26 378
27 158
0 59
153 278
53 343
41 232
51 73
108 326
7 8
32 81
92 146
171 299
24 373
220 250
58 297
104 301
9 397
67 381
99 312
270 351
132 191
99 244
118 353
175 311
241 293
212 369
193 253
44 75
101 330
15 109
157 207
242 383
317 359
198 260
57 354
118 120
327 392
118 161
73 272
211 302
114 187
169 181
129 175
115 343
212 251
244 358
274 376
185 259
262 397
118 225
212 379
79 276
29 270
302 323
275 319
68 286
40 346
64 179
342 345
145 212
11 52
16 301
15 289
177 345
344 392
25 318
42 162
264 381
112 280
145 151
129 267
92 283
160 388
119 219
107 294
332 335
91 398
17 313
6 196
262 364
19 308
79 229
205 245
258 388
2 57
177 234
39 215
323 348
111 178
144 204
192 208
315 352
187 339
207 315
257 276
77 330
213 366
36 170
24 63
332 374
172 286
86 259
32 82
2 241
119 178
277 305
117 161
78 291
0 172
1 257
214 286
16 246
108 373
51 144
31 142
40 165
284 306
37 98
160 258
207 358
19 175
1 292
270 394
36 137
40 271
119 224
242 282
40 380
214 302
106 122
21 320
78 107
118 272
114 321
202 343
107 304
29 52
93 226
215 324
152 351
46 160
133 353
275 317
16 296
229 257
218 381
112 240
242 306
111 224
84 165
96 216
27 148
36 134
216 223
165 365
29 360
248 296
62 224
239 352
267 365
131 293
291 322
36 262
61 99
89 120
12 127
26 161
90 255
70 340
174 283
109 210
110 267
82 316
324 384
277 363
95 206
189 313
50 69
137 337
47 345
151 251
0 160
268 309
78 185
198 200
347 369
11 347
206 273
2 30
340 356
25 272
287 331
388 398
277 296
2 371
124 274
257 264
89 318
249 345
374 390
47 280
78 109
302 311
29 394
198 385
16 303
28 270
150 350
129 362
11 240
175 302
96 302
134 397
24 355
99 198
93 122
282 387
86 132
84 162
110 183
122 161
184 202
209 398
66 118
164 357
81 164
35 78
60 202
76 389
170 262
139 368
72 252
88 399
68 266
221 222
253 259
220 350
181 354
26 226
162 380
33 143
203 396
97 374
37 95
145 377
2 293
250 327
29 299
73 161
119 215
146 174
98 261
95 213
164 264
12 313
209 258
8 395
207 260
28 147
250 309
211 311
148 338
155 160
94 195
290 297
72 229
58 67
171 376
92 276
28 52
204 365
319 390
309 313
97 317
67 246
126 291
71 359
7 153
7 331
66 73
44 340
308 362
264 305
154 203
35 75
82 309
27 206
61 157
32 154
51 226
235 320
53 341
55 315
4 196
2 181
111 228
25 85
336 358
75 132
212 306
19 373
331 368
84 267
224 237
340 359
170 299
224 396
245 394
192 223
122 353
248 363
81 203
36 376
149 338
269 320
35 39
263 394
131 336
211 267
249 269
141 288
89 391
41 250
134 337
222 335
228 396
25 391
314 357
51 399
160 269
92 168
64 128
303 314
13 103
140 238
12 350
127 189
25 375
6 221
268 392
46 249
40 182
60 256
387 392
343 389
18 195
124 376
3 264
16 22
369 375
52 240
339 340
62 384
57 281
96 333
75 384
186 371
152 358
8 256
300 331
230 241
20 357
163 169
188 282
125 310
59 217
43 295
218 292
169 354
247 346
83 273
149 190
229 283
57 186
80 88
344 396
193 328
197 346
71 114
51 80
39 185
204 267
107 193
68 135
115 236
5 374
65 248
13 143
117 272
215 222
234 345
316 327
179 210
90 116
367 387
53 287
75 191
60 139
178 221
361 393
102 347
166 289
98 292
121 159
268 383
10 106
232 327
181 241
193 294
139 256
29 312
77 177
317 390
163 281
131 358
18 370
125 166
19 362
333 380
234 342
79 277
159 357
9 337
43 133
303 381
112 342
33 263
279 371
178 195
60 184
154 316
61 239
360 372
158 190
21 249
261 314
94 176
106 140
392 396
360 394
67 159
103 342
279 393
234 377
87 219
43 378
9 36
327 387
132 253
4 219
32 164
5 275
69 190
51 84
81 357
272 348
192 272
191 259
6 87
89 208
282 284
171 351
101 231
76 331
47 234
292 314
198 244
88 93
170 274
194 389
61 352
122 133
142 319
182 380
97 340
27 338
62 196
167 389
118 208
196 384
32 250
181 393
199 235
70 114
182 333
46 235
15 210
104 307
219 228
66 106
130 233
13 130
56 66
2 186
134 138
130 240
262 274
7 368
235 266
51 93
246 307
293 364
83 206
9 168
48 194
45 222
44 86
173 332
35 291
341 398
19 326
37 248
23 35
152 336
17 350
77 235
73 80
161 310
316 387
52 270
215 224
89 201
308 373
240 377
117 223
0 135
21 398
131 152
46 227
275 332
242 288
199 249
241 371
48 91
28 29
9 124
245 382
159 290
218 307
63 362
57 163
102 240
233 342
270 299
64 210
50 361
9 138
95 156
301 307
238 367
62 325
77 234
172 235
157 315
101 318
118 122
220 327
49 377
73 144
86 142
146 230
346 365
195 222
206 248
90 318
218 303
174 230
168 174
38 289
172 201
2 279
35 126
148 158
137 350
296 305
34 39
107 109
61 207
314 381
71 187
16 297
279 361
4 39
182 271
124 347
234 330
69 283
79 92
325 392
155 388
210 322
73 118
45 195
82 392
44 173
264 314
187 304
190 361
163 200
169 186
160 266
25 116
290 357
40 197
175 365
152 244
256 331
45 176
289 298
144 223
132 374
167 287
117 208
50 190
21 388
31 70
294 322
143 233
20 159
48 115
53 389
175 362
31 132
30 186
110 162
13 233
353 391
61 315
133 140
223 272
141 353
17 168
285 362
98 296
87 196
12 17
68 101
24 108
167 194
215 384
150 397
47 177
214 323
116 225
241 393
138 189
123 392
280 342
6 237
242 349
190 393
50 158
97 275
10 179
175 267
356 359
20 237
25 120
184 331
87 111
161 295
135 172
248 366
14 112
27 363
56 118
103 130
5 332
168 337
18 121
229 252
30 200
123 349
262 376
147 270
2 163
25 101
37 156
101 286
24 326
230 283
84 204
265 323
85 255
81 396
38 310
163 371
71 356
32 327
60 368
192 211
60 386
52 147
169 371
72 92
132 259
57 371
8 153
349 367
56 106
209 388
170 347
58 357
170 376
45 221
339 356
91 345
131 262
226 399
47 330
156 363
263 360
246 290
27 277
49 112
139 395
201 265
164 261
76 167
12 232
79 230
115 398
99 207
216 302
203 370
310 378
7 256
111 396
50 279
89 375
119 329
312 358
163 354
207 312
173 259
354 371
355 373
57 169
149 158
102 145
31 340
56 353
5 97
211 323
58 104
123 325
180 251
17 150
93 333
86 173
75 294
91 209
142 173
69 361
240 382
65 156
77 345
42 110
386 395
164 314
114 319
30 293
66 117
80 117
29 171
71 321
82 344
13 372
60 100
231 255
218 261
134 137
146 200
30 152
194 236
66 353
38 210
232 309
351 358
196 222
123 367
203 357
125 298
362 373
225 391
5 335
49 347
181 200
87 237
248 254
317 356
21 269
41 309
49 151
354 385
198 351
103 280
1 305
261 292
249 388
124 262
20 154
30 131
303 307
47 334
93 399
25 208
176 195
337 376
217 266
4 215
38 179
163 358
88 333
192 348
58 370
115 389
248 301
92 230
82 268
55 61
90 231
333 399
68 172
105 121
28 394
95 296
25 231
319 339
98 305
299 394
52 130
23 349
89 348
143 245
119 237
213 273
113 390
338 363
7 76
40 162
288 306
205 360
81 82
4 34
48 343
10 43
89 101
37 303
41 150
19 183
130 342
15 179
67 104
27 156
76 386
67 297
11 124
67 261
33 372
85 208
158 338
4 6
151 347
132 142
74 144
84 333
74 310
267 311
54 125
114 142
55 385
43 140
154 344
214 216
107 328
163 315
268 327
80 144
147 170
255 330
252 257
95 158
105 176
102 112
238 242
336 364
37 363
46 258
244 260
119 222
56 238
78 179
68 235
15 38
42 346
99 263
3 276
135 265
60 76
269 388
137 168
85 90
46 269
145 251
188 284
26 74
65 366
90 330
197 271
233 372
86 191
137 262
134 376
171 270
92 252
87 396
106 295
181 279
51 182
18 111
170 171
201 318
156 277
285 308
268 284
148 156
70 321
171 312
168 350
165 380
17 41
134 168
33 233
24 308
51 204
64 291
224 392
18 45
20 203
207 244
33 300
183 373
206 254
115 341
63 373
124 134
12 150
73 122
42 165
221 237
95 148
120 208
245 360
51 96
284 383
184 368
265 286
71 339
31 86
1 252
89 231
20 121
169 281
159 203
199 234
135 323
128 289
28 263
157 352
69 241
126 140
31 253
118 391
8 331
36 397
10 56
145 369
33 205
172 266
81 250
134 150
28 245
37 213
63 355
142 340
56 288
186 354
302 362
205 263
177 199
215 219
88 117
40 84
112 382
146 283
1 72
33 360
41 313
257 305
13 48
216 323
305 381
100 184
7 100
56 391
211 216
282 327
145 347
196 324
70 328
178 228
120 225
90 375
76 256
13 342
283 293
14 103
160 227
99 351
75 185
128 166
65 83
60 331
316 396
33 236
250 268
192 286
219 325
52 299
80 93
44 253
82 387
76 287
156 338
33 278
42 183
110 346
38 54
207 385
125 128
14 330
154 237
15 128
184 389
94 222
37 305
260 352
308 326
105 222
294 328
255 334
31 114
162 183
97 319
133 295
194 287
256 368
198 207
26 310
160 235
101 255
202 256
96 365
237 396
153 205
173 374
20 111
42 247
108 355
256 395
109 322
74 399
11 170
238 306
31 191
230 293
73 226
241 361
271 380
73 88
67 98
147 274
315 385
44 259
42 197
83 254
371 393
330 334
225 272
358 385
148 248
31 173
144 161
267 362
195 221
244 315
303 305
92 174
74 271
7 278
5 390
42 108
205 233
100 368
89 225
198 336
61 244
287 343
192 216
126 210
54 166
224 228
30 336
192 214
73 117
103 234
70 142
82 250
75 259
36 150
160 320
185 294
193 322
97 359
96 211
5 113
122 295
320 388
167 343
27 248
52 245
13 236
213 338
182 346
155 398
156 213
147 376
32 316
281 371
116 334
246 297
37 296
232 282
92 229
213 248
0 217
250 313
218 314
258 320
206 366
163 260
39 384
131 376
139 386
81 344
177 334
87 215
95 338
47 103
113 319
137 150
86 328
147 394
319 374
321 328
53 372
207 239
29 245
85 231
41 189
196 219
70 71
255 318
80 161
16 307
78 294
188 288
155 258
72 305
213 254
1 229
218 264
103 345
116 318
131 351
32 344
76 368
63 326
197 247
121 370
9 274
36 337
93 161
9 376
161 226
311 323
136 158
333 365
182 204
184 287
204 333
309 327
135 217
241 279
166 298
144 182
9 262
178 219
13 280
6 228
23 126
33 245
44 374
275 390
117 118
197 380
139 184
161 378
115 194
244 385
49 240
254 273
144 226
10 140
123 188
249 398
129 311
3 305
188 238
100 331
154 370
21 227
185 291
178 224
3 72
84 365
9 170
61 385
315 354
62 219
244 312
36 124
106 353
14 151
98 303
46 155
201 214
128 179
81 268
91 249
40 247
138 150
187 359
30 146
261 381
111 154
6 119
49 102
108 308
211 348
46 209
7 167
236 372
85 225
319 359
55 281
22 301
120 318
336 351
119 196
46 398
150 337
123 284
11 102
297 307
200 241
40 110
191 328
153 331
194 343
75 324
24 183
103 199
67 292
177 330
351 364
14 177
306 383
295 310
9 137
142 191
54 109
312 394
143 205
142 356
270 274
83 366
54 322
128 310
120 391
23 185
37 277
214 311
332 390
100 256
23 34
15 78
296 363
25 225
138 397
21 46
319 340
143 360
105 195
106 378
282 367
114 317
198 312
131 171
8 278
278 300
331 395
18 178
19 355
199 269
145 180
36 168
193 304
180 379
19 129
292 381
252 283
74 182
126 349
288 353
124 138
159 370
327 344
280 345
64 166
251 369
105 329
111 119
77 199
147 171
342 382
129 165
242 284
141 242
296 303
143 236
261 264
118 133
146 364
288 379
10 378
90 101
243 356
231 375
140 295
220 313
114 340
113 317
217 285
0 266
161 353
292 305
231 334
127 180
187 356
110 175
127 369
98 264
152 385
50 149
295 378
229 230
219 384
13 382
6 62
22 296
183 326
284 367
49 145
155 249
112 130
6 215
48 236
156 206
113 374
181 186
38 128
58 159
112 234
17 397
259 324
40 183
63 285
302 365
16 248
242 367
115 167
18 221
51 88
178 396
146 336
260 354
270 312
111 221
75 86
131 364
163 385
61 198
50 79
71 243
96 204
33 153
143 372
67 303
51 223
142 374
264 292
331 386
85 318
85 375
223 226
27 95
231 330
171 274
57 385
383 387
109 328
67 290
70 304
52 382
18 105
205 372
148 363
233 236
119 228
66 122
147 312
339 359
220 309
87 178
80 122
40 42
260 281
46 388
277 338
58 218
87 224
6 178
176 222
156 248
76 300
152 198
59 172
57 181
208 272
165 175
65 273
44 191
65 213
133 141
316 392
4 62
329 335
187 321
182 399
214 348
173 335
150 313
31 304
308 355
31 44
180 189
101 201
58 261
268 344
153 300
181 371
368 389
142 304
41 220
84 380
136 149
184 256
207 352
318 375
119 195
104 246
47 199
299 376
196 224
176 329
12 189
255 375
156 296
238 349
0 320
82 327
178 196
23 291
368 386
284 387
265 348
34 126
100 139
110 165
155 209
69 181
54 289
110 247
76 100
20 370
269 398
54 64
187 340
123 282
280 382
21 258
18 228
94 335
44 132
50 338
174 229
188 383
38 166
87 221
233 382
100 202
287 368
163 198
205 300
100 287
139 202
113 275
253 294
65 95
172 217
187 319
165 346
275 374
155 266
23 78
87 119
297 301
15 166
97 390
180 369
127 145
2 354
272 391
196 215
102 377
21 341
13 91
68 201
53 194
281 354
252 276
205 278
47 77
84 346
80 223
43 64
59 266
268 316
176 332
30 198
97 113
94 105
56 141
3 257
67 218
30 364
226 378
1 276
11 274
84 182
91 280
213 363
190 279
26 93
130 280
209 320
19 108
326 355
201 348
152 163
136 338
38 322
79 252
11 299
228 237
13 112
93 223
43 106
17 137
244 352
240 347
89 116
4 325
14 47
12 41
234 280
12 220
86 253
76 139
189 232
81 327
14 234
154 228
6 219
229 276
28 360
4 384
88 204
208 391
83 136
68 265
123 387
45 94
96 267
106 133
113 359
63 308
78 193
72 276
81 316
72 174
44 142
211 214
132 173
163 186
10 295
82 220
202 287
27 149
77 103
67 314
254 366
350 397
221 224
231 318
29 382
174 276
239 278
117 144
135 285
110 129
19 24
281 385
55 354
227 320
79 283
142 187
3 229
220 232
206 213
148 213
260 315
21 155
141 379
39 196
227 258
22 307
12 134
53 167
71 340
46 320
39 75
170 270
154 396
271 298
78 126
29 147
104 297
90 334
195 329
188 242
171 262
20 396
162 165
88 226
136 148
111 203
53 236
114 339
286 348
276 305
250 316
102 151
174 252
313 350
268 387
139 331
108 183
245 263
73 93
6 224
117 226
107 322
116 120
127 212
55 260
316 344
38 125
251 379
21 209
34 35
293 336
65 254
225 379
98 314
99 358
113 356
116 255
59 63
48 53
125 289
99 152
88 96
334 377
11 49
290 370
32 309
119 221
210 291
98 218
243 317
191 253
12 138
65 148
200 336
137 397
268 282
292 303
112 345
227 388
179 322
179 291
134 262
176 335
201 286
238 288
3 252
261 357
209 249
14 377
266 320
54 128
14 240
26 144
296 381
45 105
64 322
120 272
70 187
198 315
59 135
74 298
200 293
80 226
45 329
337 397
186 241
24 42
7 300
157 244
346 380
79 174
185 253
208 225
38 64
282 383
159 261
162 346
61 260
49 130
36 138
319 356
39 62
357 370
109 193
39 324
260 385
100 386
53 115
123 268
317 319
150 168
235 269
155 320
52 394
16 104
325 387
34 123
267 302
66 161
15 322
317 339
95 363
148 149
156 254
114 356
111 237
148 273
1 264
59 285
55 57
8 76
202 368
129 365
183 247
98 381
186 279
304 328
188 306
12 397
140 291
26 399
89 90
116 231
218 297
76 184
312 351
71 319
51 74
216 348
11 147
43 179
47 377
273 366
188 349
262 337
2 200
344 387
146 293
67 307
287 389
41 350
148 206
78 210
165 247
14 49
34 325
4 324
127 251
311 362
72 257
181 293
25 89
81 154
69 230
75 253
141 238
18 237
85 89
152 312
233 245
88 223
264 303
28 299
132
30
156
50
115
14
56
133
35
173
78
135
178
63
43
128
67
129
92
155
138
113
26
113
27
58
76
213
108
87
76
117
137
102
69
80
55
114
32
62
103
64
86
86
116
126
94
138
104
123
129
84
148
163
48
109
61
98
160
64
115
63
109
121
133
26
43
80
104
78
79
96
113
63
94
59
136
53
118
42
40
75
99
74
68
127
89
154
34
175
64
36
123
77
140
126
65
140
48
157
52
153
154
155
40
59
85
111
102
85
33
179
31
65
117
100
94
72
103
39
174
31
57
104
41
47
47
173
80
117
189
245
35
49
41
204
133
42
51
132
150
56
130
143
175
90
130
81
127
40
110
80
159
155
150
134
79
111
84
127
58
40
60
18
160
158
109
149
145
29
86
10
67
27
158
52
81
161
55
88
125
73
72
100
117
67
33
187
206
161
62
151
183
63
68
42
34
51
33
54
52
180
80
43
52
181
92
57
143
47
131
106
107
74
69
103
111
36
84
102
174
45
106
132
140
143
179
232
142
168
27
158
65
58
183
108
111
170
28
177
87
89
54
89
46
122
174
137
190
108
155
55
112
219
97
154
75
102
157
165
92
103
165
279
119
37
31
60
79
142
64
104
125
137
54
136
61
86
38
130
86
32
155
121
179
67
86
80
26
161
166
61
149
80
192
65
28
165
115
205
150
51
9
84
177
197
81
63
94
177
151
203
127
137
229
97
143
56
74
92
78
85
99
149
81
175
96
91
69
144
144
90
24
104
79
75
42
107
140
78
128
24
61
137
57
120
42
221
124
55
54
30
63
168
109
85
164
207
94
20
29
195
235
90
28
87
100
60
111
51
176
123
43
91
80
83
103
53
115
176
77
153
185
186
165
84
75
125
31
71
34
56
166
103
85
58
141
143
25
122
166
96
67
170
38
120
156
78
83
77
84
129
50
120
150
114
84
160
83
132
136
102
58
49
25
74
68
58
243
56
66
124
74
92
105
63
77
89
114
121
92
89
95
87
119
113
41
168
95
55
73
143
85
158
102
127
120
67
133
169
153
171
165
126
56
66
118
65
102
74
139
83
95
104
74
112
97
98
230
165
129
59
33
52
113
113
5
120
223
125
150
124
113
101
23
116
96
39
109
141
71
157
159
28
66
92
101
75
54
179
107
22
129
237
120
94
106
49
83
52
63
117
65
152
131
121
14
32
82
120
31
44
242
111
94
75
58
69
28
106
91
83
116
150
136
60
116
215
163
69
61
71
135
54
38
176
147
201
57
80
199
104
73
152
30
33
79
102
125
133
47
127
92
104
130
28
99
121
82
115
64
195
125
197
128
118
49
69
92
73
110
148
18
53
49
83
85
26
54
91
107
81
106
148
56
30
37
77
61
96
183
137
129
106
150
56
74
93
144
80
66
70
17
91
45
56
136
197
63
117
104
118
92
236
89
66
181
58
271
124
69
104
88
61
146
77
155
135
106
66
169
135
152
69
257
66
58
54
104
119
134
127
174
46
144
130
105
120
174
60
51
139
48
112
84
83
76
127
198
176
76
217
198
17
53
93
54
160
166
76
94
48
116
105
123
91
133
83
135
169
131
93
106
105
179
24
40
34
34
121
76
44
132
130
162
103
188
135
95
40
136
38
165
102
53
143
55
94
102
126
46
111
104
70
162
16
160
78
127
85
60
135
171
43
85
179
88
170
81
127
130
31
134
48
41
71
39
102
84
51
136
195
60
81
82
111
6
32
49
64
54
96
97
74
82
76
38
115
85
113
121
60
151
85
29
144
76
102
114
142
136
197
145
124
76
176
45
61
68
19
39
210
34
47
112
99
109
62
129
27
68
119
88
170
117
199
81
124
68
99
87
84
49
96
49
71
93
113
118
32
173
147
55
193
68
53
110
128
54
55
52
178
74
184
125
147
54
133
126
100
84
64
96
84
109
152
63
106
119
109
123
48
191
138
98
97
33
32
105
127
44
118
109
131
115
19
42
83
163
206
177
72
156
92
181
97
52
226
93
48
44
152
67
136
96
107
136
53
21
92
100
85
85
103
28
98
58
53
180
158
109
116
124
48
169
63
84
34
110
38
125
80
123
60
145
27
151
87
52
84
48
154
179
68
168
53
106
102
180
99
58
75
79
57
178
206
160
96
30
129
14
55
96
169
62
141
155
64
105
90
148
69
242
95
121
157
24
136
82
58
67
105
150
160
95
30
145
103
169
173
87
109
123
107
116
114
135
82
96
121
133
116
106
58
109
85
217
169
205
57
90
20
108
84
86
113
32
73
93
118
43
224
155
109
126
35
58
46
79
51
171
243
120
93
113
123
161
81
56
25
24
89
46
149
58
83
79
83
118
121
9
192
76
60
109
55
46
108
145
108
102
67
119
176
81
82
56
75
144
127
166
63
127
192
47
204
112
71
84
11
156
217
76
97
86
147
108
66
132
41
41
38
88
99
20
44
106
72
47
52
123
75
43
86
128
67
81
175
79
54
183
83
72
128
86
223
61
21
200
161
106
70
192
188
33
66
156
208
150
113
46
90
163
99
65
77
126
19
116
114
141
124
43
167
133
50
65
114
114
86
26
53
47
63
73
152
167
148
142
121
89
175
83
143
124
135
181
102
45
27
75
140
105
137
158
87
69
150
62
113
122
79
144
137
58
75
172
177
170
98
77
134
124
97
81
130
24
174
90
112
85
116
44
67
93
55
128
46
89
163
148
66
77
114
45
97
57
72
76
66
180
45
24
54
85
227
121
113
148
156
178
116
170
112
139
58
149
40
185
79
57
112
77
15
148
98
31
147
61
149
73
66
66
97
10
118
115
122
65
85
41
67
252
130
165
80
169
63
93
132
86
168
144
198
84
57
131
134
85
112
41
94
70
83
86
234
125
101
86
56
83
91
179
96
103
61
103
55
104
93
60
172
79
119
103
174
231
86
120
171
29
115
159
124
68
138
207
51
160
130
163
162
49
185
44
146
45
128
79
108
132
87
94
90
117
121
180
151
104
80
32
97
147
52
187
188
99
96
78
140
18
41
165
17
141
55
54
38
99
59
47
35
25
49
122
107
117
77
113
33
141
82
207
54
59
131
147
95
180
44
134
60
81
96
30
65
196
198
154
155
91
193
110
83
58
95
65
52
179
87
94
201
37
133
96
92
18
144
48
50
137
87
164
198
57
84
51
139
175
66
87
72
73
125
66
180
193
141
155
79
83
146
85
100
71
157
105
206
80
56
116
37
196
131
45
142
129
51
78
120
71
81
172
89
120
57
89
112
68
123
81
134
82
170
131
88
143
106
225
110
35
135
95
150
204
109
45
77
67
213
66
81
87
37
77
98
163
88
205
40
55
77
147
67
129
94
175
99
53
122
38
11
100
37
57
179
139
79
34
97
128
145
51
100
86
43
132
121
76
44
236
123
62
192
82
107
92
88
142
163
21
60
84
93
158
115
154
126
127
155
47
148
121
87
57
142
96
100
51
52
41
42
155
81
106
67
191
30
68
194
133
48
111
62
97
170
32
150
117
73
154
79
61
67
124
164
88
68
94
115
37
166
39
55
17
150
43
95
37
210
62
11
56
54
62
100
31
304
88
80
124
91
35
42
128
42
64
131
63
63
74
70
129
99
94
60
84
48
149
133
40
75
215
192
38
136
95
73
122
77
160
21
72
200
61
90
81
54
174
68
208
23
82
44
141
112
80
195
26
32
144
168
158
102
40
98
135
196
81
76
170
72
139
70
29
193
54
82
113
46
126
53
82
82
120
93
133
48
144
190
276
109
35
129
118
148
46
130
82
48
85
124
154
158
18
53
210
98
184
25
37
36
141
40
63
79
127
323
83
140
99
12
228
55
12
9
143
122
116
165
124
58
105
164
126
59
170
99
18
78
164
127
155
81
60
20
73
61
108
140
111
127
72
135
113
148
96
87
43
72
158
101
100
163
33
41
130
141
73
81
175
116
92
66
58
24
111
28
144
71
110
96
98
36
87
138
96
196
120
167
108
61
40
82
45
56
134
104
180
114
128
107
95
178
98
83
135
94
184
35
40
44
19
132
207
107
41
148
75
66
97
89
139
90
62
110
175
82
15
120
64
84
110
155
77
103
210
151
188
92
128
180
201
132
69
94
109
46
51
135
33
55
103
203
128
134
53
30
178
113
32
104
143
21
84
149
152
111
69
120
104
68
67
162
164
119
119
128
35
67
149
54
48
83
160
100
44
90
63
94
186
96
210
120
120
27
89
48
71
57
47
206
138
169
153
202
57
74
76
124
127
159
156
40
68
108
71
59
169
76
132
40
98
67
69
84
53
213
99
95
126
49
68
38
141
84
37
25
116
68
180
54
58
146
31
54
168
55
74
70
73
32
108
77
91
78
77
19
212
93
33
159
115
78
52
135
42
127
70
124
148
190
104
129
109
182
118
114
87
90
40
76
69
171
91
65
115
58
135
92
212
46
44
123
62
158
166
98
147
93
95
21
65
50
47
70
63
116
149
26
58
115
86
82
115
