537 45
539 93
429 210
560 175
302 416
372 700
101 562
312 784
684 448
511 457
696 614
6 271
269 369
178 246
384 119
722 465
7 445
425 477
329 542
518 776
721 644
334 138
204 656
506 455
140 434
648 714
173 731
159 647
136 91
481 52
0 191
548 789
592 730
434 716
167 122
768 194
590 529
532 422
92 382
780 276
556 557
129 293
568 38
212 110
323 799
747 155
252 156
767 304
196 588
557 496
136 755
80 105
449 602
297 175
471 110
220 651
280 224
697 282
231 162
120 347
637 406
401 211
673 788
764 522
579 631
83 547
258 132
62 561
64 789
762 410
705 720
515 313
738 40
110 182
376 230
241 322
20 324
393 90
164 655
603 69
715 446
717 115
724 797
101 99
428 37
546 516
140 495
721 270
233 739
691 600
218 140
677 19
81 40
692 734
378 467
565 543
770 381
700 725
448 481
423 388
73 218
710 294
730 75
790 113
777 48
794 227
435 418
215 766
760 684
698 380
751 233
353 184
366 800
674 49
794 221
250 393
592 332
88 399
9 528
6 92
338 93
362 121
182 565
756 209
716 641
356 550
297 376
289 298
741 235
370 232
334 394
61 11
143 111
502 726
217 82
328 764
781 64
226 753
360 518
624 613
377 118
51 389
610 581
390 103
150 319
356 32
297 275
570 310
608 511
157 425
655 792
631 521
419 732
58 724
246 513
708 526
756 305
543 740
24 202
544 138
697 50
782 168
277 402
245 651
174 634
401 333
293 88
407 737
58 775
218 556
352 191
586 562
70 729
405 653
245 657
306 441
96 668
698 216
666 39
240 560
451 229
289 573
697 74
95 20
301 95
200 355
464 121
800 528
753 22
795 634
462 69
170 197
67 440
667 381
11 255
284 499
692 333
511 673
131 102
699 271
131 543
768 754
585 252
63 504
718 161
396 120
154 389
427 432
543 249
606 113
723 27
239 550
571 525
777 328
104 521
468 409
186 270
425 26
120 569
542 44
788 324
313 742
91 765
156 0
593 39
449 436
19 299
230 282
247 321
94 0
311 196
741 59
362 29
660 329
511 405
496 599
671 683
71 225
216 684
765 641
86 584
492 283
550 257
498 16
53 207
376 260
79 23
58 209
502 594
206 158
512 563
302 643
659 257
296 696
111 286
145 668
77 549
357 533
418 96
437 493
773 229
228 237
382 472
472 646
512 468
764 161
304 576
627 656
690 158
546 238
645 209
48 290
695 227
65 665
652 531
403 601
260 629
695 130
125 416
197 341
223 125
198 559
32 60
4 625
154 331
423 180
523 525
365 316
420 452
58 669
68 328
800 310
229 726
510 742
350 575
774 347
333 552
444 581
676 321
721 582
396 752
197 669
726 790
183 714
279 339
697 594
349 530
559 128
781 365
561 410
427 466
45 200
263 788
428 766
603 632
175 365
76 284
606 506
142 50
603 703
133 526
145 214
93 363
527 741
246 145
639 444
191 371
717 705
549 433
76 247
345 222
119 104
735 177
488 597
176 775
531 195
144 556
618 14
794 170
35 215
462 101
726 163
710 676
604 737
35 266
237 490
184 480
667 95
42 490
191 252
253 743
285 423
217 704
493 486
602 695
157 672
204 93
132 375
645 372
691 207
552 203
282 632
652 658
392 672
323 594
364 429
513 46
666 792
368 778
582 172
750 462
206 294
34 703
384 737
289 483
325 512
365 510
227 306
663 732
284 723
77 93
682 424
69 741
208 383
426 421
170 190
723 375
305 556
320 416
393 679
759 761
298 678
562 643
111 274
54 526
627 437
394 497
347 766
524 753
760 573
14 285
19 398
191 349
60 309
40 235
358 381
321 393
51 282
95 212
142 314
242 269
33 363
374 375
148 212
124 305
350 379
256 320
131 318
326 377
294 387
325 358
182 277
21 140
207 384
147 202
127 304
255 301
50 168
29 54
130 175
226 329
123 128
166 184
259 288
328 353
44 397
273 382
75 371
267 354
131 183
68 372
21 120
3 360
47 295
178 210
72 160
22 352
57 272
43 324
186 205
104 231
146 287
47 308
142 212
92 198
163 251
228 304
100 329
25 236
3 208
90 134
92 318
40 49
81 102
47 101
96 308
76 344
156 291
194 244
314 392
71 208
36 148
123 177
226 290
186 340
72 91
0 42
318 356
172 273
198 356
128 177
95 142
167 373
104 136
148 274
29 366
360 369
105 260
244 311
289 372
269 369
27 78
16 348
194 271
21 230
131 246
320 336
266 296
111 170
118 394
190 340
138 262
162 351
225 384
84 243
18 195
235 250
161 265
155 399
21 111
32 343
58 385
240 283
68 153
148 325
92 331
38 206
325 395
25 378
281 345
311 329
185 284
205 285
165 245
7 112
42 79
158 311
140 258
31 32
235 297
38 278
200 214
91 337
21 66
215 384
17 259
5 363
49 85
65 67
248 297
73 244
312 379
167 397
3 242
92 223
248 286
221 312
52 275
149 383
86 320
246 380
329 344
93 327
247 344
73 321
89 362
55 78
13 191
107 137
62 302
251 253
115 351
105 114
10 139
254 329
126 388
375 376
69 295
113 160
20 89
0 366
111 230
146 230
250 286
105 128
57 101
174 292
195 374
81 332
100 393
303 355
3 269
206 326
157 197
53 230
179 181
175 388
164 238
123 260
156 199
215 234
124 189
152 300
150 367
234 309
123 332
129 170
158 244
163 276
45 338
60 325
157 354
46 90
121 205
29 190
251 391
29 243
70 93
65 203
121 184
207 262
227 228
105 338
115 304
39 220
70 201
113 210
244 344
173 263
108 342
172 382
125 376
153 382
102 277
263 297
28 92
236 319
66 134
286 333
102 104
57 252
25 70
325 381
349 371
29 186
343 398
101 196
141 192
144 393
119 380
160 231
87 101
368 397
152 373
218 240
46 58
80 381
237 244
219 337
17 288
130 351
329 393
276 391
32 323
81 341
48 281
102 182
172 255
72 102
68 382
92 229
158 344
125 266
11 344
190 366
53 324
109 193
58 66
13 349
273 372
21 143
300 373
158 237
239 342
211 345
247 311
139 392
39 260
100 158
6 218
19 133
279 284
90 385
200 320
126 351
66 184
85 317
135 373
86 214
204 359
326 357
348 394
60 109
84 217
6 394
56 330
6 256
42 243
79 347
375 387
138 376
153 372
45 268
61 205
43 249
178 337
72 182
122 164
154 195
26 137
271 329
153 168
45 265
199 233
168 372
206 357
52 173
367 378
93 367
224 337
293 398
223 246
109 386
199 270
286 353
37 353
7 135
93 378
41 284
4 162
59 254
113 182
98 259
65 336
133 398
33 167
82 390
358 395
316 329
127 377
35 341
87 110
117 192
113 231
58 191
75 185
36 250
4 304
156 295
132 198
329 339
9 37
18 376
195 211
10 236
8 60
144 371
57 196
60 193
300 313
252 272
125 306
157 293
376 396
32 378
36 212
185 326
70 302
1 307
227 279
253 379
27 255
31 343
55 352
255 303
243 366
125 275
113 337
23 353
198 318
51 132
29 84
74 330
247 329
128 199
62 367
153 222
161 260
268 277
63 187
181 211
108 189
129 330
95 250
35 260
206 315
132 318
257 296
28 132
151 274
18 125
319 343
279 326
4 115
153 172
24 192
179 266
25 97
64 319
254 284
200 336
294 306
157 343
152 313
170 230
34 249
100 316
88 238
25 62
203 214
208 360
148 151
22 163
164 301
152 167
80 370
265 332
90 249
128 332
22 238
88 107
20 236
202 335
18 181
238 352
33 373
77 205
17 225
65 240
265 341
59 357
288 384
244 247
208 241
174 361
80 325
109 381
235 263
147 208
96 386
4 130
47 156
253 361
247 339
59 284
55 163
60 358
43 66
42 209
81 182
83 198
67 218
114 128
238 355
97 327
43 90
207 310
22 255
268 270
220 291
78 255
204 332
135 312
35 105
8 325
153 289
96 291
98 264
142 171
121 170
301 355
43 46
37 328
27 238
214 240
77 190
197 333
137 352
54 258
20 124
35 161
56 146
204 265
117 357
202 269
102 178
49 286
49 95
55 355
58 249
280 324
94 288
273 289
342 378
38 290
152 389
237 311
75 383
7 368
25 354
41 144
58 90
202 208
154 345
217 258
62 97
36 151
373 389
8 370
34 134
138 306
183 229
111 245
61 285
142 267
138 296
193 298
48 55
248 263
12 388
219 224
37 234
85 286
59 278
251 361
171 314
361 364
324 356
340 366
38 59
318 331
292 301
113 178
211 281
2 129
205 258
281 320
133 323
77 258
110 272
381 386
363 373
91 178
15 155
36 171
379 391
33 313
78 303
313 373
6 203
236 267
92 282
262 365
237 329
194 339
364 387
182 347
23 309
144 357
39 295
25 342
55 361
69 80
59 144
2 245
69 370
47 291
230 330
216 377
90 324
189 239
270 369
9 234
192 348
173 275
323 343
11 194
204 341
84 232
227 349
108 124
65 214
278 357
54 190
213 291
174 238
41 59
10 89
24 86
86 200
42 366
236 362
201 390
40 95
5 167
221 368
260 338
153 273
299 305
220 295
31 133
10 124
70 327
187 399
206 322
321 385
217 232
280 356
92 380
207 215
296 387
66 249
32 157
300 368
6 65
74 111
54 366
23 98
177 204
92 183
269 335
59 117
298 358
327 342
123 338
214 336
57 128
28 51
138 257
54 159
43 134
21 53
206 279
7 379
221 373
124 239
18 374
176 382
254 316
95 286
143 340
11 226
124 236
154 281
270 360
32 319
32 398
69 96
237 393
97 236
12 115
223 229
40 212
107 350
45 204
30 194
128 272
35 123
313 368
361 391
123 272
120 121
71 147
199 252
215 288
38 322
163 352
50 153
76 316
61 74
284 393
29 258
78 164
93 302
121 143
202 252
87 128
33 293
216 284
342 362
72 104
55 276
19 32
56 261
146 304
137 350
220 386
6 336
121 258
75 227
18 387
137 303
133 157
0 1
13 41
343 378
296 306
112 397
44 221
117 278
124 362
150 378
266 294
227 371
259 353
130 365
315 383
163 391
116 358
38 357
193 381
101 156
28 331
94 376
3 335
12 351
275 389
16 141
94 262
122 200
237 316
15 325
87 252
108 390
41 216
218 256
253 391
62 378
327 378
203 256
67 200
172 222
140 205
42 337
108 201
73 100
12 75
176 255
249 324
103 161
63 370
300 389
23 49
12 383
94 396
21 121
183 223
103 265
25 32
13 385
284 322
248 333
68 168
179 211
99 165
185 357
45 81
125 257
226 271
174 352
34 43
294 364
160 210
197 392
370 381
235 333
91 182
131 282
98 353
316 344
181 296
57 87
110 128
117 322
52 297
36 95
250 333
61 180
126 304
53 330
13 393
158 247
12 127
197 293
236 327
22 55
34 198
135 368
251 276
227 377
54 186
251 266
48 211
93 342
103 104
99 225
81 347
19 31
45 161
43 58
114 338
5 221
128 260
149 278
81 265
79 224
300 397
195 375
80 109
148 171
1 219
68 172
27 301
229 246
20 305
291 308
29 340
40 142
199 298
77 340
149 206
158 194
19 323
98 384
122 169
9 309
70 236
70 108
14 121
9 49
5 389
37 264
126 175
343 354
111 285
109 233
261 377
126 162
295 308
1 209
110 123
0 79
168 172
214 218
22 355
59 206
84 258
208 369
255 355
263 333
253 350
64 139
76 226
13 216
49 212
111 330
106 207
192 203
271 393
147 269
87 199
153 176
116 147
326 383
167 363
102 231
84 340
251 364
141 322
210 231
93 97
73 247
278 315
44 368
216 371
4 126
81 160
27 164
365 384
77 145
104 210
34 280
55 301
304 377
270 272
52 333
185 371
25 343
196 298
332 338
42 224
66 356
216 321
139 171
103 338
45 332
257 376
214 320
332 341
38 141
50 172
131 380
64 171
299 399
50 382
39 213
97 108
48 122
28 43
74 285
43 356
51 380
48 179
4 12
201 327
52 248
166 324
26 107
120 232
97 378
14 77
183 318
137 334
215 225
9 286
227 304
275 297
135 221
22 27
48 169
327 390
303 352
47 87
129 245
120 143
26 334
196 358
23 225
53 58
14 258
236 354
110 199
3 307
272 359
226 316
172 289
291 295
21 205
147 233
335 369
181 276
101 213
261 349
18 266
275 363
77 232
102 188
284 315
23 215
182 210
25 93
177 270
14 111
257 294
314 362
34 90
161 341
67 256
54 205
42 219
101 298
3 369
82 302
214 394
2 74
162 304
60 381
30 244
1 159
315 326
97 342
76 271
36 49
124 342
24 117
131 229
216 349
105 110
26 88
371 377
11 271
228 279
201 302
62 93
20 189
288 396
262 396
180 285
190 243
49 353
135 397
122 179
135 300
100 237
5 373
17 384
2 285
65 218
179 387
256 394
9 264
100 247
125 387
116 202
10 305
21 166
59 290
136 210
176 273
5 152
208 335
36 274
184 324
95 171
28 34
129 180
64 392
141 290
33 173
292 350
163 174
306 396
47 220
57 156
257 306
117 141
79 178
190 258
55 164
233 358
209 224
267 392
107 292
31 398
12 130
288 365
196 199
62 150
237 339
225 234
71 234
157 323
112 135
319 378
12 185
254 393
2 61
207 288
119 282
93 236
183 246
132 380
193 358
151 212
351 374
8 109
178 182
277 332
7 397
102 160
10 399
15 63
31 323
75 127
143 186
147 242
102 113
18 364
77 140
33 263
61 129
143 205
149 357
8 381
40 286
115 228
144 254
39 47
40 250
335 360
21 184
331 380
89 399
165 384
256 348
18 296
114 123
283 372
53 66
236 378
277 341
34 132
77 121
199 272
20 239
40 171
202 360
49 264
174 391
122 336
268 332
155 305
18 306
172 176
0 337
191 321
278 322
162 388
84 145
73 331
28 318
130 162
87 177
82 97
21 170
90 191
98 396
7 312
133 197
62 70
30 247
88 137
203 394
24 149
159 209
85 212
109 196
16 192
237 247
196 233
165 287
4 374
122 281
10 20
208 269
16 203
100 311
206 383
161 338
69 308
39 156
173 389
238 303
172 372
96 295
279 315
86 149
170 330
41 316
22 164
264 286
75 304
7 221
176 372
170 245
94 365
282 380
297 333
29 217
34 356
192 278
10 239
143 232
67 240
179 281
181 294
4 175
144 206
81 231
66 280
292 303
33 300
66 324
350 352
200 218
312 350
246 318
17 98
71 242
316 393
203 348
198 331
24 38
33 389
26 50
27 176
197 398
76 290
85 95
178 347
221 397
4 351
213 295
97 390
87 196
288 310
74 230
120 145
222 372
284 371
261 371
65 256
49 148
46 53
115 388
265 338
109 358
70 342
154 346
262 288
271 316
308 386
36 85
45 341
160 178
227 261
195 345
10 342
9 353
134 356
48 336
47 213
35 128
241 269
181 266
197 263
129 230
186 258
107 352
188 210
307 360
264 328
40 248
190 219
123 161
25 362
255 289
81 268
257 375
168 222
298 386
174 251
41 254
88 352
146 227
86 346
16 118
67 214
147 241
219 366
295 386
266 364
5 368
39 114
64 354
193 233
19 293
74 180
82 150
111 205
97 201
83 282
116 309
173 363
206 278
97 302
28 198
314 319
279 371
345 346
90 356
139 314
211 387
99 288
277 347
171 212
70 97
296 376
121 140
202 270
49 317
88 334
0 243
66 90
167 389
194 311
228 371
1 366
176 355
123 341
31 157
372 382
0 224
4 388
12 228
55 174
185 383
57 298
115 162
49 328
154 169
73 191
190 217
159 369
241 242
249 356
110 332
26 292
186 190
39 291
26 303
134 280
20 342
88 303
152 368
125 364
117 206
96 220
132 331
107 312
67 394
269 360
30 339
320 346
136 231
100 339
78 176
40 333
127 287
95 317
72 178
279 377
10 362
59 322
9 85
85 264
194 329
164 255
11 158
306 387
175 374
98 225
289 382
20 299
30 158
77 84
110 260
85 171
79 209
17 207
271 339
73 237
69 109
185 377
13 321
182 231
161 332
150 302
9 225
146 228
222 382
118 348
176 289
40 148
138 294
20 327
120 140
8 395
152 363
222 334
63 80
216 227
35 265
214 256
216 261
219 243
23 264
13 371
85 250
157 319
24 278
23 37
1 224
29 219
209 347
249 280
28 380
15 69
267 314
197 323
55 238
20 108
37 309
17 106
339 344
205 340
187 370
219 307
33 133
144 315
239 399
273 283
113 347
281 336
302 367
51 331
154 374
35 338
191 261
319 392
88 379
167 300
9 23
149 346
142 151
22 174
122 211
169 281
38 192
129 285
77 143
174 301
137 379
363 389
137 292
41 349
105 123
193 395
93 150
112 313
276 361
122 320
120 184
198 380
143 258
221 350
18 294
20 362
118 256
204 277
82 93
175 351
1 29
24 206
270 359
5 33
17 94
85 353
32 354
305 399
124 299
114 260
1 54
144 216
83 132
48 164
28 356
284 326
220 308
22 276
235 248
46 66
223 318
124 327
35 332
290 322
209 369
169 179
178 224
195 387
115 326
14 140
163 238
120 205
53 56
61 111
169 345
142 274
0 29
61 170
381 395
194 344
14 21
39 110
79 337
323 398
66 166
46 230
5 397
73 385
195 351
151 317
365 388
162 175
145 232
69 386
307 369
96 213
7 44
296 375
25 267
67 203
301 352
0 190
51 119
83 318
0 219
209 307
221 379
35 45
50 107
218 320
306 376
177 272
154 179
264 353
275 294
166 280
97 367
26 301
290 393
315 357
74 245
102 347
34 385
111 121
151 171
18 375
191 385
255 273
156 308
51 198
85 148
2 180
98 106
185 228
82 201
26 382
58 280
127 227
91 210
155 299
292 352
31 293
212 250
83 380
38 117
185 206
44 112
1 79
267 362
307 335
177 199
75 279
77 217
262 376
100 244
257 396
43 132
116 233
133 293
8 193
181 387
181 364
254 271
98 310
112 300
92 119
221 391
354 392
84 190
175 195
45 123
25 327
35 110
259 262
196 386
234 264
177 252
15 80
3 209
139 305
34 331
51 83
5 300
155 187
11 339
187 299
134 249
18 257
225 310
139 267
89 305
94 138
218 336
139 362
76 141
170 285
81 277
212 286
8 80
50 303
368 373
27 355
11 76
200 240
345 374
271 344
56 127
34 83
57 233
10 299
81 136
45 277
98 288
83 331
279 383
145 217
72 113
44 312
214 348
110 114
115 126
238 301
9 98
268 359
46 56
94 310
67 118
202 369
71 241
174 253
221 253
52 235
373 397
249 385
159 307
35 114
83 183
24 346
296 364
309 395
125 296
213 386
58 324
88 292
99 384
37 215
123 265
99 215
294 376
125 138
72 136
46 280
322 357
26 352
242 360
53 170
311 339
239 327
351 388
193 386
229 318
102 210
106 310
317 325
65 348
310 353
240 394
67 283
18 138
14 205
120 258
107 303
154 211
182 188
248 250
101 252
30 311
126 130
177 359
252 359
51 92
83 92
50 334
40 85
95 151
183 380
17 262
174 276
130 388
3 202
188 231
234 328
310 384
101 199
108 327
83 119
87 272
146 330
193 196
64 267
79 307
115 383
242 335
266 361
208 242
200 281
101 233
194 226
104 188
50 68
106 288
6 240
33 152
94 207
267 319
226 344
74 170
52 263
107 334
129 287
258 340
254 290
12 162
125 294
77 120
181 361
121 166
160 347
130 165
266 387
47 96
72 231
112 373
39 105
71 116
180 241
22 303
127 146
80 386
177 332
138 375
70 390
186 285
6 67
45 103
110 177
246 282
12 304
69 381
321 349
185 315
143 190
89 299
135 379
65 200
8 15
56 230
240 256
259 310
93 390
64 314
40 64
35 204
206 284
193 325
169 211
36 317
202 242
156 220
74 129
81 204
89 124
86 336
237 344
301 303
17 310
319 362
354 362
238 292
92 131
163 301
41 290
106 384
293 323
82 367
28 83
53 111
89 155
25 319
78 301
244 329
46 249
50 222
39 87
156 213
111 129
24 357
112 368
152 173
75 228
349 377
292 379
9 328
163 361
168 382
233 298
109 298
0 307
72 210
229 282
115 175
58 356
244 339
60 395
271 290
164 355
98 207
252 270
106 225
207 225
72 188
68 222
139 142
159 360
111 140
9 215
89 139
303 334
114 161
91 160
100 344
258 285
127 228
211 266
2 170
12 126
200 256
228 377
27 55
167 313
64 142
155 370
3 159
284 357
332 359
13 261
6 200
99 207
13 227
22 301
150 343
148 317
65 320
245 287
213 308
341 359
149 326
217 243
140 143
175 365
26 355
15 370
125 375
78 355
160 188
138 396
1 340
61 245
32 267
225 288
23 328
88 312
120 166
204 268
144 284
87 156
207 365
132 356
91 113
250 297
262 310
1 42
309 328
57 199
22 78
19 157
183 282
44 135
319 354
268 341
159 335
252 298
256 336
96 109
6 320
17 396
169 181
197 235
171 317
122 218
54 340
70 378
62 82
177 268
144 279
41 393
63 399
14 143
225 259
61 330
108 239
290 316
79 219
162 383
63 299
294 296
43 280
88 350
259 396
185 279
95 148
36 142
99 106
173 297
302 390
46 324
240 336
136 188
236 342
179 345
212 317
160 182
137 312
75 377
71 269
245 330
78 238
92 246
118 203
130 287
155 274
157 398
5 173
4 365
310 396
65 394
213 220
90 280
149 315
106 215
274 317
102 136
14 120
158 339
314 354
167 368
283 289
63 155
52 250
59 315
103 136
115 185
15 381
23 234
191 249
36 40
306 375
189 399
36 286
163 253
349 385
6 214
239 299
207
54
138
158
187
108
113
103
21
82
32
179
118
92
77
102
96
206
100
99
156
152
88
23
71
81
135
150
128
135
107
69
15
56
186
70
214
79
111
72
230
58
34
108
102
58
142
97
139
162
69
177
134
87
215
150
89
86
80
176
90
63
68
92
106
42
177
51
111
43
188
32
112
163
23
164
66
165
134
148
98
102
41
42
88
40
104
28
24
62
173
17
87
114
157
62
76
114
19
125
74
133
59
73
131
112
75
46
205
56
25
86
209
97
139
121
105
25
25
109
66
93
93
116
121
107
31
105
191
143
95
80
147
206
109
29
48
25
71
76
180
192
189
116
120
107
189
68
123
58
80
117
112
149
56
92
61
59
47
150
78
84
6
178
146
83
49
124
25
106
69
121
209
107
141
31
191
35
106
193
140
149
95
141
59
70
38
85
59
82
56
153
58
25
109
47
87
42
60
57
70
131
83
56
64
42
92
55
55
98
143
88
59
90
83
99
134
110
100
132
21
44
47
151
105
175
140
180
222
125
118
104
108
71
130
102
97
96
95
104
66
43
57
42
104
47
98
40
149
43
136
58
62
95
144
54
59
184
85
130
110
143
113
62
133
152
91
103
24
114
144
35
84
189
122
43
175
130
97
48
89
63
182
37
74
169
119
128
113
158
79
74
168
18
101
149
34
90
194
79
24
55
123
129
99
140
140
186
78
159
91
76
31
117
100
34
137
92
82
53
29
179
57
205
90
178
43
61
87
47
175
89
46
158
48
74
109
138
89
180
53
57
85
87
155
156
155
118
101
45
143
85
98
116
156
145
80
85
82
35
134
53
64
41
208
47
48
97
101
118
87
29
124
115
132
85
146
84
52
117
82
114
52
112
137
16
143
62
59
97
124
175
40
96
76
53
85
39
33
56
49
51
89
57
24
204
132
107
124
174
50
77
150
57
60
129
129
137
143
63
87
46
60
125
32
96
67
63
63
32
59
71
116
153
39
64
41
88
97
62
73
89
11
73
112
191
95
153
139
108
43
23
165
37
92
59
38
120
172
56
67
155
149
71
76
43
81
102
153
44
54
57
110
107
82
106
213
85
36
156
50
171
28
88
173
212
234
93
81
13
83
155
90
89
89
191
102
125
170
55
71
122
18
152
110
146
87
191
112
86
84
74
115
63
102
178
69
174
129
119
43
58
90
45
82
68
105
165
151
123
83
71
49
203
33
90
81
158
118
127
169
76
13
109
67
53
140
34
40
105
142
114
30
183
50
122
85
161
73
73
71
60
139
26
78
107
48
137
176
141
188
114
81
122
77
129
84
128
68
54
93
172
91
130
91
132
43
17
152
71
66
87
67
94
67
105
162
39
94
146
82
51
27
32
55
119
134
98
62
70
219
54
47
76
157
93
185
101
63
82
49
115
125
44
29
151
79
131
107
51
98
68
142
59
160
122
73
152
38
85
46
149
163
190
73
65
198
119
100
134
102
72
63
170
188
30
194
73
88
75
58
179
74
69
48
176
50
44
114
71
97
81
92
47
159
51
149
244
160
55
179
104
58
168
65
179
42
137
112
171
101
61
236
128
86
30
208
65
63
56
43
83
95
138
143
124
40
48
107
106
90
168
78
56
84
118
38
86
150
117
134
90
34
52
97
155
94
101
9
126
161
121
159
100
131
56
35
127
113
89
92
100
48
159
95
141
100
146
117
159
94
199
160
143
54
93
127
151
86
169
103
26
19
30
128
89
52
51
47
135
101
48
59
60
202
9
142
63
125
77
61
60
26
73
39
29
105
136
44
126
190
60
165
180
80
43
118
105
63
45
34
110
167
165
143
111
110
49
86
60
115
173
42
80
93
45
71
80
72
105
54
124
126
37
115
137
92
70
94
204
104
113
87
110
85
161
79
86
37
113
42
124
175
74
81
93
161
88
21
112
56
120
121
118
87
129
168
156
39
64
158
124
75
53
57
78
32
106
126
148
30
116
63
52
159
30
143
93
82
103
15
104
166
96
85
83
77
35
151
83
147
145
65
169
140
85
144
125
57
106
47
138
201
136
143
73
50
79
34
122
80
226
164
76
186
86
92
52
112
201
57
22
58
129
164
116
218
122
140
55
69
132
128
94
79
118
91
40
91
68
94
66
163
36
105
53
172
164
141
57
205
169
118
26
77
123
66
82
261
112
172
208
84
123
151
152
126
102
68
70
137
158
109
60
62
111
93
26
193
28
105
60
17
147
74
127
65
123
98
24
92
46
79
106
149
71
20
43
182
24
47
79
126
162
158
54
84
131
97
128
31
174
202
8
116
150
47
101
115
99
17
44
129
160
33
189
91
140
87
131
67
96
184
58
129
116
58
66
90
53
12
155
57
171
18
53
91
68
53
75
86
133
42
111
203
126
178
18
108
130
255
41
98
190
105
18
66
45
51
140
46
161
67
66
104
207
54
172
114
116
199
161
152
121
95
77
165
96
84
174
49
34
57
68
131
118
68
54
115
38
109
59
95
176
93
21
80
194
63
99
113
30
112
65
90
49
86
123
68
101
82
109
52
133
258
37
121
64
140
145
116
89
61
199
92
154
56
105
93
105
170
18
47
49
188
80
93
145
51
63
109
155
32
87
32
186
51
106
19
115
106
65
46
58
37
67
152
74
87
75
108
68
89
140
184
81
158
64
141
54
185
168
235
49
95
112
32
145
160
39
55
136
32
158
32
79
111
24
104
55
40
33
207
157
71
85
145
101
95
134
50
48
48
168
88
25
86
101
96
105
119
9
74
80
79
34
159
65
82
56
77
107
69
40
61
133
81
174
72
26
136
38
67
154
19
93
190
78
103
39
120
100
184
185
126
112
218
86
98
45
211
101
20
95
150
113
119
150
96
39
152
75
213
90
74
80
79
128
72
81
164
82
188
35
88
172
26
157
101
55
110
34
87
123
56
48
7
129
40
110
88
169
107
116
180
146
105
66
82
144
118
116
111
19
125
36
31
77
70
160
139
175
126
108
186
171
75
95
58
51
29
78
81
71
109
128
193
175
26
74
86
91
117
137
54
70
88
163
208
81
200
78
160
63
163
96
92
125
181
82
57
59
111
107
63
93
47
155
78
53
146
172
83
107
116
70
100
168
129
165
35
122
84
151
146
69
118
125
154
232
225
46
44
95
107
94
30
100
144
82
33
67
87
167
162
105
172
174
57
178
67
84
77
90
149
123
169
217
206
64
202
188
72
54
166
83
96
36
186
91
83
56
6
153
167
85
123
37
131
154
39
147
190
13
61
158
112
189
165
157
48
135
51
154
31
87
63
209
183
70
71
50
129
130
57
138
129
114
76
184
176
48
144
75
130
136
97
84
55
68
18
53
85
76
108
56
141
60
97
182
93
18
78
85
148
105
173
128
145
158
160
64
73
74
81
32
120
81
90
131
195
29
69
112
18
75
137
135
38
108
145
103
100
177
87
109
8
132
63
61
187
61
40
22
92
29
71
95
93
73
184
76
59
127
121
177
80
85
18
215
172
96
95
53
161
118
123
133
81
85
111
154
58
155
113
39
35
157
70
105
47
162
126
143
108
117
34
116
108
114
28
145
34
44
138
51
75
104
74
88
117
121
94
162
77
105
153
114
98
22
206
108
83
54
150
143
136
282
176
38
75
98
21
60
47
58
133
138
63
91
59
154
74
38
69
166
137
27
100
93
90
105
245
159
75
44
79
109
162
73
116
58
68
39
80
59
213
121
182
191
49
149
92
64
125
123
30
58
130
184
92
149
38
108
45
35
39
103
106
93
101
91
81
81
48
67
80
139
26
152
96
107
113
99
53
176
126
95
78
216
86
23
97
159
51
125
69
92
102
122
13
173
178
86
109
111
159
140
101
38
47
148
80
134
85
47
91
190
101
129
88
127
126
74
93
143
11
125
151
125
51
112
86
44
50
153
136
97
53
95
60
101
91
89
35
63
72
79
124
147
191
56
96
33
174
95
108
154
64
28
170
108
40
176
86
39
129
116
102
82
159
138
42
128
60
157
101
99
59
92
60
136
63
212
65
138
191
31
81
81
71
17
128
93
181
62
140
26
94
176
94
59
136
100
25
34
63
96
110
218
82
85
93
60
94
164
40
145
102
27
193
16
154
78
104
50
98
46
76
177
47
127
84
222
56
62
123
69
81
95
23
49
23
68
71
164
76
155
181
168
118
93
64
143
56
208
175
58
100
36
87
70
165
214
76
52
111
52
68
69
76
23
164
7
156
65
60
131
67
154
45
167
117
62
52
41
85
94
140
84
109
86
99
159
83
32
34
114
159
131
60
145
62
163
77
19
59
127
88
92
24
97
147
152
89
204
88
37
171
175
146
165
24
48
109
77
106
57
56
28
91
146
90
85
143
179
121
60
22
40
120
14
162
105
74
100
59
22
180
55
47
159
92
30
69
23
188
59
120
46
73
117
77
56
116
75
76
74
30
27
113
94
78
150
118
18
88
68
101
75
117
87
90
107
155
135
129
57
49
113
155
189
113
120
95
