500 581
796 330
682 69
180 359
715 122
174 243
594 339
485 466
574 549
597 646
330 580
175 278
689 141
793 588
595 726
93 235
575 157
573 355
260 774
150 195
399 547
658 473
158 309
741 328
683 178
28 101
206 512
524 597
333 27
278 710
687 231
548 666
792 731
236 538
27 192
35 224
647 753
172 768
456 395
387 156
254 122
704 239
266 463
694 435
403 771
327 411
227 311
302 469
357 721
411 350
630 110
202 128
425 156
539 56
681 365
470 71
627 462
641 64
659 561
392 323
350 674
419 484
600 793
242 778
50 323
525 81
352 274
278 459
198 300
132 747
739 233
345 691
662 380
304 22
751 502
478 387
193 62
395 439
780 489
535 439
72 626
104 427
268 631
307 692
110 741
722 582
647 769
718 690
258 287
388 265
6 687
64 617
754 179
326 485
58 482
649 200
76 698
669 765
267 443
685 308
585 304
387 504
148 653
368 239
389 558
117 284
437 697
6 102
405 453
81 785
87 379
760 707
37 567
549 543
645 744
7 681
623 312
344 557
261 381
404 645
582 342
721 593
146 497
662 667
176 5
372 208
366 357
348 745
393 509
300 243
580 552
673 569
391 522
20 570
574 332
125 152
443 185
609 462
93 301
484 257
444 556
375 345
752 203
717 491
301 248
534 615
282 274
265 147
738 449
19 756
769 54
125 334
797 409
531 262
307 608
318 212
763 40
576 29
529 192
599 782
773 231
468 767
114 21
517 146
614 713
524 337
103 167
102 711
457 631
64 57
649 210
256 488
452 298
360 761
399 378
702 213
362 24
344 238
237 75
48 82
259 739
457 63
439 678
226 242
346 796
472 233
457 672
326 252
707 306
504 203
703 511
512 501
673 418
259 503
346 164
48 42
413 520
580 404
272 221
69 323
448 773
130 489
639 234
682 613
581 570
501 362
700 567
365 743
600 364
376 89
776 145
330 730
201 654
105 418
538 379
680 222
749 29
765 556
443 536
701 364
277 421
716 319
780 565
719 790
636 446
157 263
591 384
683 333
743 528
678 304
599 577
442 736
112 234
691 367
251 586
40 218
106 698
343 116
663 574
246 237
294 589
666 231
771 461
717 723
727 442
294 91
14 542
552 608
345 667
722 333
486 245
32 603
684 341
213 567
384 594
424 759
252 99
107 292
730 777
490 145
204 479
718 182
611 539
104 780
266 207
598 702
466 22
611 340
639 1
49 420
778 416
187 419
695 682
55 775
69 655
607 636
67 105
626 211
171 337
656 612
586 27
778 781
196 447
711 48
65 796
376 566
660 346
226 657
566 298
20 213
355 263
306 475
131 260
602 498
86 196
109 358
636 609
281 84
631 787
587 219
732 495
146 686
31 9
353 728
28 56
224 234
772 182
192 285
18 422
747 716
711 241
89 481
750 497
163 670
341 133
566 137
364 408
773 123
225 324
394 64
698 429
94 701
618 73
76 619
692 703
394 200
679 644
279 31
575 298
415 760
114 686
231 237
237 457
465 12
320 325
544 509
491 318
743 69
658 142
16 336
219 466
156 439
221 519
282 691
519 139
238 582
289 755
11 221
124 489
379 483
319 140
418 649
702 165
556 278
785 766
221 332
631 770
118 44
669 9
797 23
29 418
386 472
514 540
526 123
218 502
69 511
544 156
110 169
395 140
391 167
591 425
634 419
244 594
395 194
661 509
529 592
661 425
505 214
110 347
440 419
464 609
356 657
252 232
663 490
59 771
766 331
756 335
400 670
312 204
181 463
332 235
353 6
329 122
356 101
92 470
687 57
348 373
481 56
459 720
162 498
81 110
9 145
183 331
128 349
103 390
129 198
272 326
65 259
364 389
363 397
52 259
131 203
117 128
90 149
144 155
5 331
42 291
230 275
131 374
99 221
86 356
230 279
136 368
75 379
16 50
49 59
48 248
282 389
189 377
255 398
58 206
106 231
53 322
9 31
149 384
169 357
26 340
283 395
154 234
113 375
106 186
82 343
130 247
97 356
0 247
152 244
135 166
80 330
162 357
60 83
293 335
139 189
171 342
179 276
11 68
124 162
1 386
234 287
34 235
73 176
109 273
14 36
204 262
72 192
276 294
264 382
40 76
7 38
21 43
58 230
293 374
243 309
183 382
39 209
289 347
97 298
370 371
119 248
106 200
15 225
221 252
181 319
170 241
102 287
259 377
123 275
2 216
127 207
88 305
248 343
42 67
147 256
23 188
32 111
41 170
30 41
20 285
105 138
163 377
88 239
68 318
22 378
87 111
146 382
16 315
111 281
185 250
51 135
114 164
47 67
151 257
46 318
158 185
58 238
139 172
24 352
56 137
235 289
138 199
36 324
292 294
83 248
254 381
139 377
43 244
104 140
80 91
84 96
226 267
98 193
49 316
215 241
175 241
21 224
170 277
137 376
289 294
99 227
125 155
177 187
20 61
92 175
292 307
80 323
30 215
117 132
358 395
313 330
92 317
94 308
5 225
281 309
233 252
259 344
181 397
122 389
96 301
48 173
375 380
110 295
190 312
45 118
110 378
4 12
284 384
71 387
110 339
238 374
320 376
17 214
4 283
50 395
179 302
146 198
99 188
8 375
337 359
157 322
232 289
167 263
201 311
130 230
23 221
55 266
59 89
24 261
290 334
95 338
58 374
88 144
56 224
57 395
5 183
96 321
75 336
6 100
40 178
105 378
10 104
217 228
187 390
145 380
242 270
217 312
44 231
301 321
43 383
51 256
7 79
294 367
332 342
35 347
11 225
61 361
3 318
321 384
175 215
34 289
144 239
0 362
324 326
229 286
39 373
311 399
54 376
17 288
264 331
89 187
9 265
198 305
2 12
44 127
119 168
288 353
96 167
124 178
17 120
162 179
141 334
21 371
229 249
10 20
198 264
163 366
109 263
142 310
73 297
94 311
135 169
122 365
142 160
98 118
21 192
39 314
348 399
27 130
131 279
275 279
351 380
28 391
273 284
144 264
25 195
231 329
102 236
314 392
216 358
68 355
93 291
19 135
90 274
143 228
11 183
195 302
295 378
9 275
83 343
34 107
91 133
89 290
343 346
271 282
319 393
147 245
350 393
221 249
6 288
121 279
165 214
22 355
112 251
36 114
88 331
64 138
25 107
88 183
125 325
259 363
194 369
95 241
61 128
256 392
83 211
79 214
209 237
120 134
163 344
196 285
257 295
236 330
180 346
102 274
222 228
194 388
216 283
19 51
82 345
186 398
65 266
72 320
230 238
86 324
161 200
30 95
114 298
178 297
131 296
5 307
242 312
157 268
26 193
193 291
245 256
7 61
128 132
116 208
123 164
57 280
0 27
112 246
130 375
237 369
74 242
27 31
90 251
32 243
2 358
43 56
180 211
282 399
204 230
54 221
81 311
212 301
243 354
33 342
338 352
208 267
135 367
9 164
213 394
154 381
22 292
193 342
199 378
38 379
130 293
61 349
271 341
68 307
72 252
66 89
22 68
20 132
85 131
17 208
71 343
125 388
197 370
53 333
76 162
177 290
263 273
68 278
61 77
304 357
201 365
20 117
122 260
60 381
91 112
166 235
119 380
145 375
167 321
8 335
114 324
30 170
72 286
19 225
362 375
162 304
297 392
40 350
4 338
7 191
76 327
163 189
42 364
41 202
74 143
283 337
122 341
155 390
176 319
121 326
88 382
121 131
82 83
10 82
139 185
120 165
53 280
207 303
173 255
91 274
182 231
85 121
148 312
186 231
206 279
311 348
188 385
215 352
105 151
170 338
190 374
100 267
167 313
233 249
165 336
71 127
113 230
302 304
246 251
288 328
229 252
319 397
40 297
109 149
28 209
74 78
126 334
70 142
239 382
151 292
172 336
156 216
57 157
214 370
15 257
89 177
60 351
28 327
132 140
54 286
144 146
71 381
120 197
76 357
189 250
14 265
138 295
266 319
56 376
138 339
39 393
212 287
137 383
322 395
109 384
234 240
158 250
96 273
305 307
45 291
221 227
183 239
219 249
340 342
22 138
16 363
8 113
38 77
6 134
240 345
5 305
44 161
180 287
142 261
219 386
139 153
36 62
5 105
58 190
38 75
34 35
333 397
104 117
96 274
155 194
221 386
5 232
221 385
30 310
187 290
197 208
265 356
243 272
211 248
6 208
175 261
16 366
198 382
7 335
307 331
113 130
25 169
319 368
176 209
332 340
332 389
101 196
47 171
211 346
81 348
64 257
56 371
207 231
98 332
70 175
163 363
316 396
120 226
93 349
74 190
149 263
192 224
314 368
150 395
79 197
24 241
27 113
216 317
276 304
101 218
250 336
103 155
209 319
101 132
100 134
253 364
287 372
169 276
325 369
22 151
102 167
103 290
171 260
15 35
32 258
65 397
106 255
188 252
42 47
32 281
67 291
14 356
228 312
92 352
39 52
95 299
93 193
78 228
200 329
46 307
56 192
349 361
374 383
381 387
256 327
84 167
109 284
227 252
102 212
191 362
193 364
54 99
308 360
153 185
190 206
0 380
132 361
15 289
182 387
134 208
15 292
282 364
42 193
29 180
107 276
137 197
101 108
237 314
2 57
101 361
19 292
25 179
341 389
81 308
260 342
202 241
328 353
111 324
261 310
216 359
281 354
158 363
86 164
276 357
278 355
342 399
14 164
224 293
111 309
178 327
57 322
1 249
54 219
179 357
47 93
96 323
259 366
80 321
147 264
80 236
29 346
96 115
119 381
82 212
282 341
224 383
28 245
121 217
210 337
348 365
36 97
170 215
154 345
42 98
69 167
94 348
70 92
140 380
183 264
194 393
169 302
149 273
198 390
254 285
22 105
30 70
31 186
72 233
119 186
366 377
10 154
260 364
188 229
196 218
144 382
75 214
187 198
53 363
27 145
103 373
208 370
264 388
27 375
228 300
58 279
227 233
287 345
26 389
74 244
49 396
97 114
184 207
182 380
114 356
227 249
71 207
20 140
19 367
247 375
71 83
209 314
102 301
44 207
223 309
325 368
23 386
140 254
144 177
103 125
155 264
248 381
20 254
18 180
111 223
225 257
177 325
44 173
181 209
17 197
123 272
185 377
392 393
125 177
117 154
33 364
4 395
17 328
85 217
199 295
245 314
143 374
153 336
69 263
71 211
213 295
21 293
26 33
183 307
63 346
171 193
30 175
89 103
221 229
89 172
4 24
219 221
22 257
96 330
127 329
91 330
181 333
138 378
60 303
85 203
103 187
105 292
104 196
188 219
193 332
91 246
144 388
15 19
130 204
24 30
88 318
269 360
15 105
6 328
131 238
151 295
59 174
84 109
64 339
55 319
146 187
188 310
35 166
21 143
101 349
42 260
169 195
105 232
138 151
20 128
111 258
217 300
172 205
2 395
11 22
2 283
97 159
348 394
287 343
162 302
41 160
213 269
148 242
157 280
212 372
110 151
49 141
348 389
156 337
127 303
141 396
30 277
71 248
142 175
164 265
224 374
242 244
153 353
38 49
309 354
269 308
279 326
85 228
278 307
8 204
57 283
36 243
108 128
136 325
13 228
237 319
190 383
27 247
16 299
30 241
141 316
156 395
100 120
70 160
114 243
232 292
123 326
94 269
245 327
134 328
188 249
99 249
176 391
153 328
47 291
142 210
84 384
104 254
45 316
122 348
58 262
100 208
70 241
351 381
5 11
132 218
219 252
24 338
274 330
127 211
329 398
78 312
34 294
44 255
52 368
4 150
368 393
16 163
301 330
49 379
80 251
241 261
282 332
20 218
167 236
40 147
167 330
52 125
154 372
65 344
15 166
191 335
207 255
283 359
179 304
334 396
163 315
79 335
97 243
183 305
59 66
262 293
139 353
8 362
74 228
243 258
325 373
283 358
201 389
69 84
245 393
318 355
57 268
21 374
88 146
60 71
188 386
34 347
81 360
21 320
144 187
136 373
18 63
6 116
168 186
100 288
153 377
259 315
239 264
117 285
89 125
121 238
118 318
42 171
204 296
266 333
201 260
138 232
227 229
77 174
315 366
202 215
41 70
150 283
46 355
243 324
223 281
135 276
244 300
1 23
17 134
61 196
16 344
148 320
73 391
79 370
70 306
170 175
106 182
188 286
85 222
365 394
116 134
33 234
280 322
43 320
298 356
166 367
62 159
73 178
69 330
275 326
134 165
104 285
58 85
40 51
43 376
172 185
20 361
44 200
12 338
193 340
278 295
44 398
53 181
48 83
147 350
48 60
173 184
144 198
158 189
112 323
332 364
75 205
207 211
342 345
307 355
22 225
73 245
43 192
203 296
82 240
4 352
251 274
331 382
35 294
133 251
64 199
77 396
41 241
201 399
54 72
200 398
6 197
101 104
29 83
194 314
43 72
189 366
148 244
311 365
16 277
389 399
111 243
3 151
100 353
55 397
171 340
30 202
241 310
12 95
267 328
72 226
21 56
211 343
166 232
48 127
158 366
167 274
129 264
233 320
126 141
69 321
136 250
145 204
244 270
35 289
117 240
342 372
77 101
77 379
199 339
138 292
214 226
196 349
114 159
168 380
62 114
316 349
126 174
33 253
176 327
17 267
65 280
78 148
23 227
29 211
209 391
67 193
96 384
61 108
79 191
5 292
51 76
36 356
72 371
302 357
87 243
134 205
18 37
0 218
165 353
160 306
11 292
293 383
136 185
61 101
260 341
104 218
52 136
258 309
147 314
245 350
15 235
59 396
117 254
100 116
92 142
275 296
128 218
236 321
245 297
188 227
72 376
25 34
205 214
274 323
225 307
83 381
31 275
61 132
174 316
39 136
269 394
118 220
301 313
39 369
143 244
129 239
220 332
340 389
81 201
129 187
74 148
67 171
350 392
187 388
36 298
56 383
194 237
224 376
161 255
53 65
0 168
215 310
103 325
278 318
161 329
125 369
125 194
27 204
133 323
246 365
78 300
150 156
34 367
180 343
143 383
66 129
27 380
101 128
97 223
141 174
233 286
144 390
15 294
273 384
2 4
251 323
66 144
155 388
84 273
40 245
167 273
339 360
55 363
179 195
121 222
58 131
53 397
159 298
69 284
264 305
168 182
62 86
4 317
58 203
163 259
91 251
129 382
124 357
234 342
87 203
55 65
45 220
134 288
230 262
44 303
23 385
77 316
120 267
10 285
112 365
235 294
107 302
128 196
77 349
237 245
261 306
237 392
53 157
48 387
314 393
11 46
24 175
24 95
153 288
15 347
322 338
66 187
182 351
142 352
230 296
156 317
201 348
108 174
64 295
201 341
81 269
3 278
86 298
192 244
189 344
23 252
151 199
256 350
345 372
54 229
191 218
316 361
268 395
22 307
13 121
42 332
36 265
9 279
158 344
253 342
237 350
212 313
257 378
158 163
37 84
322 358
31 145
70 310
40 256
36 164
18 346
219 227
244 312
178 256
259 397
46 278
77 108
82 372
235 367
192 371
363 366
268 358
194 392
337 395
81 341
148 270
91 115
14 159
230 247
150 216
87 272
113 362
248 303
10 254
78 270
69 301
113 247
93 361
66 390
10 117
153 250
65 181
106 398
94 246
92 160
56 370
305 382
311 394
123 324
1 385
14 114
97 258
130 335
129 290
159 356
77 361
240 372
271 389
46 146
129 146
174 396
49 174
143 148
58 296
260 271
107 179
84 321
33 372
47 220
66 126
173 207
132 196
56 374
156 359
120 208
231 255
253 345
102 330
5 22
139 158
201 394
151 378
75 165
170 299
234 372
68 88
195 357
33 240
54 233
37 263
60 248
15 367
207 329
48 71
84 330
19 166
195 276
176 393
32 87
116 286
98 291
177 390
226 371
129 155
148 190
238 262
290 390
105 199
80 133
192 376
8 230
265 275
136 377
136 189
66 334
120 288
116 328
81 394
104 128
12 395
122 311
138 257
29 63
90 115
119 254
271 340
313 321
115 149
225 292
44 184
15 232
173 329
213 378
155 187
108 361
29 71
94 360
227 286
171 332
127 173
245 392
108 196
129 144
39 194
162 169
219 233
87 324
258 281
280 358
31 247
125 290
134 214
194 325
108 379
9 247
91 323
159 164
48 381
6 226
20 101
9 296
268 280
160 310
102 321
55 181
169 304
124 327
53 266
81 94
177 388
272 309
203 279
368 373
87 123
206 238
231 398
82 154
143 312
153 189
23 219
134 226
218 362
249 386
126 396
0 113
80 96
155 198
215 261
203 272
202 299
18 343
66 177
64 378
269 311
33 345
120 214
8 262
291 349
22 278
50 338
24 170
54 249
76 124
78 242
83 303
300 312
116 267
31 265
219 286
261 317
131 190
113 262
190 300
149 284
58 121
95 202
13 222
297 350
95 175
64 110
107 304
140 196
4 210
36 159
124 256
83 127
94 133
78 143
183 198
74 312
147 297
121 206
299 353
51 178
220 291
67 220
274 301
124 195
165 288
147 392
53 55
2 338
57 358
41 310
57 338
321 330
144 290
68 225
309 324
199 257
102 313
6 120
317 337
76 178
101 285
88 355
203 275
234 345
95 170
23 99
167 384
270 320
306 317
182 255
137 224
129 388
263 321
162 195
306 352
237 368
48 303
81 295
103 177
342 364
139 336
256 297
28 319
198 331
65 163
106 168
63 180
150 359
175 352
314 369
50 57
39 125
257 292
255 329
41 175
235 347
83 346
186 380
238 279
99 286
11 105
130 362
319 333
260 389
267 286
74 217
20 349
247 275
341 394
388 390
39 368
153 299
113 335
87 326
82 287
210 306
344 377
204 247
119 182
137 293
369 373
294 347
5 19
161 231
119 351
261 352
98 171
93 101
132 285
45 396
194 373
96 236
66 103
95 277
123 296
86 258
84 263
98 340
39 237
106 351
26 260
237 393
18 29
61 218
136 369
204 335
24 215
125 373
121 228
110 199
239 305
198 388
268 283
14 62
223 258
260 332
155 177
279 296
28 73
226 370
62 298
152 242
164 356
146 239
41 215
186 387
0 375
60 387
17 100
190 228
8 27
0 145
21 376
65 157
238 296
55 259
115 251
224 371
92 210
152 270
62 97
209 393
21 190
193 260
106 119
71 303
20 104
32 354
260 282
287 313
106 329
13 217
17 205
60 119
14 298
260 399
203 326
142 306
106 387
43 224
99 252
171 291
84 284
59 126
19 294
203 206
52 369
158 259
168 387
211 303
73 327
38 108
49 172
52 373
216 395
156 283
8 293
29 343
171 364
135 294
12 24
121 203
42 340
6 17
82 234
208 226
70 261
238 326
341 348
248 387
50 322
277 299
341 399
192 233
74 222
109 167
41 188
54 227
128 285
65 315
60 211
201 213
182 186
54 192
167 301
335 362
164 324
200 255
33 193
67 98
173 211
23 249
213 360
137 370
59 172
223 354
371 376
37 63
225 232
40 392
139 250
96 149
25 276
213 348
158 377
297 327
327 391
14 86
198 239
26 171
120 328
38 174
122 201
153 158
84 236
127 184
85 206
95 352
61 379
133 246
209 368
232 257
185 189
11 278
122 394
110 269
239 331
4 261
2 50
100 328
250 377
168 351
105 257
21 383
206 217
166 276
278 378
200 231
7 379
217 222
73 256
83 180
35 235
151 278
26 399
307 318
41 261
25 302
63 343
130 262
94 112
66 141
90 96
213 311
9 123
150 317
110 360
72 227
5 68
194 368
205 336
236 313
112 133
45 47
170 202
54 252
208 214
340 364
45 98
11 318
244 320
236 274
232 294
186 351
215 277
41 142
161 398
42 220
16 158
56 293
87 309
43 143
314 350
254 351
364 399
1 152
368 369
90 321
125 390
68 183
59 290
242 300
204 375
234 253
26 364
100 153
38 205
181 266
282 340
59 141
3 355
344 366
210 317
173 303
132 349
85 238
26 342
33 260
194 350
86 114
2 337
158 299
135 232
113 204
70 215
21 137
268 322
11 307
80 112
30 261
276 367
45 126
99 229
76 256
47 98
385 386
315 363
2 322
86 223
258 354
37 301
39 392
17 226
182 398
50 315
119 387
35 232
67 93
26 253
36 86
148 152
266 397
166 294
137 371
184 211
216 337
143 190
46 68
196 361
108 316
3 22
213 341
2 268
175 202
296 326
46 88
232 235
15 34
12 261
92 306
37 69
94 365
169 179
86 97
55 333
305 331
188 221
127 346
107 195
113 293
178 245
69 96
134 353
143 242
252 286
197 371
263 284
129 177
118 355
74 300
131 206
262 374
110 308
263 384
315 344
195 304
175 310
274 321
244 376
15 138
12 352
3 68
112 274
236 301
10 240
122 399
42 93
8 130
108 349
28 176
67 340
129 390
192 320
223 243
44 48
243 281
86 159
18 211
12 50
62 356
319 391
113 191
29 287
44 329
84 301
104 132
81 213
33 171
116 229
272 324
6 267
172 250
133 365
249 385
80 115
145 247
143 300
123 279
134 267
17 165
174 379
106 161
140 218
39 325
8 247
131 262
147 178
91 96
3 271
158 315
67 332
165 205
344 363
105 225
47 193
69 236
27 362
114 265
351 387
197 214
95 215
241 277
209 392
19 232
260 340
136 259
92 261
203 238
146 334
206 228
13 85
94 394
66 290
253 372
115 274
126 316
25 304
232 367
111 354
249 252
202 277
32 309
197 226
0 140
122 364
110 213
101 117
72 219
65 363
116 120
4 337
51 147
128 361
43 148
1 221
350 388
52 325
48 207
69 109
154 240
221 233
80 274
189 259
150 337
76 297
48 211
107 169
210 261
97 324
26 122
98 220
224 370
323 330
111 272
148 300
123 203
49 126
20 196
147
121
8
37
65
94
81
171
116
228
130
56
124
188
62
122
50
74
172
73
41
106
164
146
215
98
62
34
24
145
67
59
182
120
114
151
61
64
163
145
46
148
154
112
134
231
73
104
59
90
164
166
138
83
62
143
84
98
63
129
71
163
100
43
154
71
149
98
102
174
121
51
44
126
29
94
104
86
172
183
93
99
44
227
189
72
105
42
145
136
26
67
118
45
119
37
38
72
105
113
59
113
101
67
66
151
41
206
119
35
60
39
162
40
102
41
24
41
78
140
228
132
171
127
102
125
23
147
120
132
212
27
72
60
30
131
185
53
154
33
80
179
75
14
18
115
93
131
78
208
48
94
70
31
26
102
185
91
187
39
49
176
69
75
37
98
89
184
40
65
184
212
166
69
65
173
152
119
178
142
78
51
48
56
160
50
182
88
116
58
51
75
120
51
181
90
71
90
157
65
25
192
104
123
70
130
82
135
149
66
182
50
69
62
78
85
36
55
98
124
150
120
86
141
75
86
121
169
104
78
107
107
150
40
72
116
45
96
129
121
128
94
23
72
48
153
192
37
142
181
84
110
115
92
43
159
105
153
104
42
38
59
152
74
96
33
183
64
57
78
183
97
161
76
22
41
34
236
148
95
169
68
94
71
76
17
82
138
59
145
100
9
151
91
65
135
63
119
87
55
81
178
110
90
44
38
21
104
125
24
98
79
126
121
108
222
110
53
120
112
122
208
30
108
90
118
156
50
74
184
54
69
95
100
31
139
100
132
64
60
181
82
129
177
216
196
122
151
176
78
49
130
126
129
230
24
112
66
25
103
155
81
156
105
90
70
117
110
81
24
88
63
90
30
147
67
112
76
40
110
166
45
139
50
146
257
88
128
106
52
84
105
169
54
37
95
153
67
71
81
98
220
83
131
117
52
218
129
133
103
78
58
123
52
136
178
142
116
172
234
73
151
157
39
135
61
116
31
134
86
73
40
114
181
124
100
49
61
78
81
52
119
137
137
110
22
60
162
113
73
171
82
101
82
13
82
122
22
87
145
150
56
114
152
106
51
57
40
91
170
117
66
151
142
91
135
120
25
114
92
70
127
97
103
152
79
107
55
92
120
173
118
57
139
40
61
151
106
209
44
138
62
144
153
187
59
38
63
112
91
140
95
170
136
46
39
126
82
125
128
55
37
86
34
131
167
34
142
124
86
28
165
58
133
129
96
152
65
227
84
88
41
79
121
134
65
104
65
104
145
107
70
128
196
188
178
198
122
91
49
68
168
164
82
42
104
220
54
106
98
82
80
151
109
100
116
59
71
86
160
85
77
145
95
63
101
97
27
26
58
197
47
28
17
156
70
123
99
24
149
146
79
60
224
46
50
82
121
107
99
182
93
72
50
42
58
104
40
99
228
51
30
83
129
116
139
39
81
89
240
84
104
31
111
22
130
48
74
53
167
83
194
105
233
92
106
98
85
115
108
83
88
91
164
173
144
59
47
141
58
109
162
116
163
123
83
130
45
149
53
58
71
269
70
122
140
59
31
60
64
71
62
85
80
41
116
158
66
10
105
109
95
150
87
132
120
36
92
194
39
62
131
46
76
74
111
75
53
64
202
102
47
199
54
48
149
15
61
52
177
146
140
120
115
126
100
45
98
52
129
82
75
113
127
83
116
137
107
115
77
65
61
75
145
105
39
44
43
115
125
69
65
125
46
153
163
71
132
67
110
93
80
100
144
104
93
88
89
27
128
51
42
126
127
17
35
89
101
98
171
69
111
253
65
52
187
34
126
66
107
161
132
180
14
66
37
75
103
106
240
89
95
103
21
103
142
94
130
96
27
101
91
60
84
44
133
53
30
117
97
89
75
94
85
57
100
222
115
131
166
134
66
89
161
33
150
196
74
53
185
65
54
106
75
61
73
110
60
73
21
125
69
65
93
63
65
182
124
171
98
91
53
124
63
48
126
37
76
49
55
90
122
160
55
169
91
136
123
114
32
48
37
126
162
110
139
68
136
108
77
61
137
80
107
13
146
105
140
80
38
165
18
104
78
46
183
25
105
70
30
32
141
74
184
98
25
102
26
120
116
25
74
228
105
64
159
64
93
69
109
12
212
200
45
153
59
65
57
88
34
78
122
199
127
91
64
102
116
112
86
63
177
147
42
125
162
136
104
83
131
14
46
16
30
228
87
81
127
30
135
137
42
193
90
60
57
62
185
144
150
95
131
62
49
116
49
183
63
42
68
178
66
77
115
60
103
93
53
64
64
116
97
38
138
105
46
62
74
126
131
70
79
162
124
35
97
180
85
46
70
58
32
100
66
75
193
164
190
85
141
180
69
98
151
102
147
19
116
110
180
150
37
118
87
92
104
100
108
67
61
92
53
146
140
60
95
134
59
242
158
145
125
95
125
103
97
169
103
120
46
138
249
43
144
203
145
97
72
92
175
130
59
62
170
93
106
177
90
85
79
150
63
62
53
59
35
17
108
83
226
106
101
69
84
122
117
129
173
114
75
37
27
96
104
142
39
83
48
77
92
24
119
75
96
85
70
51
29
137
46
110
82
131
109
152
87
162
145
73
28
169
108
66
72
159
8
139
98
51
67
56
14
178
49
101
16
194
55
79
205
210
54
78
43
158
48
95
114
80
65
119
138
53
35
71
199
83
212
144
141
37
85
139
44
57
40
75
77
84
97
35
113
136
67
41
71
178
61
101
79
41
79
148
183
79
66
76
120
130
6
98
136
117
126
45
71
131
96
126
98
174
24
84
120
104
128
123
177
77
107
112
115
51
48
107
162
110
95
101
68
59
47
73
47
95
136
36
252
151
36
106
115
93
82
41
106
102
75
118
211
117
60
79
25
51
116
77
102
107
89
86
99
66
48
155
53
135
64
76
34
18
112
68
158
180
82
61
98
102
78
102
146
67
84
39
115
157
186
86
79
86
138
203
26
45
80
77
71
79
73
111
199
165
69
58
105
81
26
178
134
96
26
169
23
197
53
53
95
62
128
131
158
132
95
33
154
52
144
164
102
117
227
40
53
106
178
137
67
85
140
75
86
206
159
38
101
13
123
66
109
213
50
67
23
130
140
86
52
174
96
39
39
32
124
179
5
119
158
18
56
136
158
88
150
137
116
86
106
14
143
143
76
123
136
100
98
88
17
79
115
192
199
54
148
37
99
135
79
24
135
64
178
62
128
71
100
63
182
81
134
130
152
153
173
65
92
109
68
58
98
96
54
61
88
78
97
40
145
30
45
82
66
175
85
116
70
182
122
45
56
172
157
76
55
113
184
98
238
194
116
166
80
14
66
62
88
155
93
89
184
235
93
87
85
125
169
18
196
26
145
79
99
63
36
34
161
92
87
171
143
39
22
73
203
101
138
86
40
69
111
99
100
120
13
207
67
27
88
42
111
122
92
153
100
101
121
115
102
101
44
24
63
34
171
142
102
87
108
99
110
78
85
100
127
151
212
97
48
167
41
152
139
56
222
122
72
92
72
107
76
50
39
29
50
85
115
68
166
71
52
43
152
107
42
77
97
132
53
37
187
84
133
155
60
49
90
105
44
129
251
92
20
65
67
33
42
86
92
126
104
66
62
138
72
85
91
48
186
133
54
188
124
202
194
79
67
24
207
31
88
177
157
74
21
85
37
117
127
56
72
161
187
112
59
50
93
63
73
144
113
84
116
106
52
180
107
41
38
164
98
83
134
104
95
56
67
134
82
76
47
34
138
58
117
155
150
103
107
60
74
159
183
113
142
43
71
124
99
143
54
104
143
117
201
49
72
41
124
54
172
107
89
98
68
128
144
120
25
88
82
199
62
66
215
92
78
65
87
175
38
85
107
138
40
105
122
87
79
110
57
155
108
85
39
145
175
33
94
93
25
28
112
108
103
52
74
45
101
183
16
49
105
108
70
267
145
97
94
85
204
189
105
96
95
107
90
64
54
169
38
131
48
48
169
102
116
108
59
58
81
131
82
88
70
47
74
117
99
87
54
128
147
201
54
249
80
113
149
136
114
48
29
96
62
94
75
84
56
82
63
47
81
176
43
110
52
44
75
181
155
92
166
84
100
37
176
81
164
118
22
199
112
24
120
94
223
78
117
143
39
85
157
60
226
61
158
36
81
83
82
90
104
110
64
70
121
157
117
125
92
76
107
94
185
107
99
23
66
36
35
53
97
21
47
176
129
94
69
184
119
79
31
125
100
85
104
58
79
114
176
107
91
64
62
106
160
126
80
149
217
116
59
25
104
12
110
44
166
74
52
78
84
105
90
229
186
91
77
90
184
21
165
105
25
126
81
42
49
119
151
79
125
20
19
72
49
123
163
107
29
88
100
117
193
145
68
86
81
87
17
69
73
98
174
70
65
93
64
79
129
159
42
131
48
53
182
128
95
103
31
50
89
138
72
151
131
86
36
49
57
125
202
47
100
42
112
59
121
99
98
122
138
97
152
68
112
54
137
77
84
39
162
74
79
73
103
120
45
61
216
132
60
105
76
79
