697 137
594 494
708 792
599 113
726 261
563 711
106 599
144 30
242 386
732 444
150 108
614 20
224 0
754 635
778 568
718 695
368 429
327 122
421 587
626 373
135 441
350 416
729 759
718 147
526 211
800 321
665 262
774 669
411 653
547 614
108 473
593 129
6 317
331 548
241 431
768 781
444 132
60 774
540 282
500 160
514 478
273 763
626 596
423 736
96 721
194 746
152 224
198 284
427 566
27 497
140 494
665 728
380 36
782 693
428 79
490 493
292 736
590 252
606 497
650 714
741 571
134 109
508 344
713 355
658 347
483 480
256 308
609 594
182 652
380 613
572 55
686 188
176 533
52 691
334 81
615 270
192 738
491 85
266 61
410 370
86 669
414 66
401 639
775 296
800 597
215 375
627 433
151 395
799 751
79 25
337 578
561 29
625 676
424 31
664 681
344 519
147 772
648 283
93 383
571 207
772 747
688 460
107 708
677 326
408 419
528 742
36 714
432 476
105 772
374 426
53 537
145 101
609 372
56 23
416 512
194 92
312 472
82 518
413 487
535 612
108 88
423 538
207 324
295 788
47 527
116 592
434 39
620 562
276 356
541 305
46 219
703 223
140 201
364 365
387 227
768 477
343 346
0 622
793 385
141 91
684 604
663 762
554 662
68 486
18 164
419 690
517 5
605 510
727 791
0 379
549 767
350 215
259 650
517 426
398 340
63 625
316 749
646 575
655 713
45 242
408 749
227 760
771 429
121 19
232 104
752 446
508 689
463 762
384 648
762 386
120 657
94 234
304 705
379 624
783 517
449 679
230 48
676 191
609 461
154 283
74 790
243 765
262 246
670 471
243 325
574 705
268 449
275 327
105 697
415 275
438 328
606 398
253 97
539 51
592 489
410 55
310 709
231 583
527 355
592 183
28 725
23 595
157 645
54 79
253 710
576 317
8 350
230 25
246 444
68 233
79 675
563 433
620 184
427 722
231 700
147 42
426 706
769 484
735 699
168 164
451 363
481 241
761 87
248 189
296 278
776 439
184 576
707 11
698 598
503 361
124 169
96 530
142 322
252 681
351 451
384 322
548 698
302 436
418 31
325 341
199 640
306 715
752 360
441 116
616 254
573 430
161 166
630 213
214 463
461 384
535 80
296 407
451 16
552 53
441 639
679 69
761 775
366 15
200 177
354 729
536 17
733 720
621 646
356 597
68 279
350 661
316 655
671 351
690 536
548 421
121 457
464 65
263 361
522 517
204 725
214 103
393 776
360 347
782 454
147 346
669 178
46 684
373 256
356 659
503 770
544 603
563 705
455 131
768 614
235 309
361 270
655 178
672 164
166 729
3 513
229 572
47 650
249 776
534 149
230 398
162 602
131 740
80 88
711 173
511 174
622 133
601 590
88 469
121 121
751 571
300 129
222 72
97 292
53 74
706 571
148 153
379 308
655 514
704 248
54 704
319 103
555 688
334 722
467 536
229 221
798 666
468 60
232 800
747 542
756 290
799 789
796 211
728 471
568 657
752 521
741 377
228 143
178 789
0 781
592 352
613 366
549 703
180 668
252 321
700 456
721 493
500 253
261 195
94 269
353 28
336 357
472 285
742 146
497 69
283 123
388 767
191 540
758 766
353 129
59 643
9 441
325 672
371 499
711 51
155 33
488 475
447 671
130 369
490 571
452 778
224 767
533 205
178 210
685 71
337 16
115 50
450 111
381 49
441 259
89 782
549 572
688 490
676 659
617 76
634 431
636 136
754 397
150 759
43 191
576 308
22 406
711 311
784 23
747 613
364 569
733 283
141 517
474 320
107 447
512 557
132 171
297 327
0 292
115 176
275 311
176 364
154 316
26 97
128 239
54 77
81 93
146 253
351 397
126 377
178 317
310 358
196 361
45 301
97 267
241 266
239 251
210 281
40 153
300 356
45 96
93 126
260 326
14 328
100 357
52 374
76 204
238 257
194 245
191 339
231 307
183 381
111 315
156 196
117 398
70 91
224 239
64 391
21 350
29 306
64 103
219 246
10 61
46 132
339 389
72 231
63 391
187 239
5 236
37 319
9 381
128 350
22 100
104 154
161 204
173 254
265 283
85 343
26 244
160 259
45 327
112 340
186 237
20 270
118 234
80 319
46 230
85 128
192 207
236 333
130 348
98 390
54 353
85 122
280 303
80 102
68 226
37 44
36 39
203 375
118 362
280 385
93 257
36 376
73 359
286 321
181 327
52 377
142 262
1 127
166 366
191 269
9 217
142 185
0 71
99 298
110 124
111 230
78 176
252 326
353 376
257 349
135 162
182 347
196 241
171 388
198 269
274 293
335 391
111 375
134 316
243 287
75 97
110 307
17 354
60 328
19 339
136 316
143 231
33 69
217 225
72 248
224 343
144 159
209 312
99 247
109 118
171 230
129 346
217 332
227 373
259 361
145 168
135 165
139 315
90 266
72 300
6 300
328 334
41 370
202 240
136 350
143 307
47 289
39 298
65 107
56 181
152 197
277 290
1 245
28 254
191 211
65 273
278 332
123 327
76 181
278 386
179 312
221 346
181 274
60 314
242 391
13 393
185 333
323 365
14 393
258 336
49 143
165 278
105 150
153 229
73 281
112 205
196 259
202 342
6 80
318 391
140 314
3 250
31 250
62 220
72 197
101 384
127 157
220 249
131 280
162 165
155 281
44 210
7 139
212 385
13 288
26 131
63 242
4 329
18 173
21 136
256 357
325 393
22 261
152 214
191 340
363 383
9 335
326 353
53 218
71 280
183 345
340 389
273 399
39 243
171 179
24 371
213 366
255 383
193 353
54 195
96 387
275 354
240 300
16 104
68 342
327 337
231 396
98 206
28 82
46 315
8 85
364 375
13 27
165 332
198 220
10 246
1 147
178 183
1 178
5 142
336 354
31 212
86 245
46 219
57 97
201 359
18 121
197 295
282 378
46 348
131 395
222 255
129 198
15 22
1 58
26 318
233 274
102 319
280 305
100 330
226 356
183 384
111 115
362 394
21 234
218 325
43 167
38 346
6 202
32 312
46 179
85 272
131 291
4 97
195 349
45 274
88 357
307 360
284 369
38 129
71 303
25 138
162 278
120 302
160 369
128 289
135 328
23 71
281 296
98 367
151 358
35 357
190 378
139 275
74 192
292 305
307 398
131 303
190 397
23 292
132 308
25 329
154 189
29 333
50 117
221 378
197 356
259 276
11 91
91 353
199 305
293 342
308 313
55 65
109 234
46 258
173 283
37 106
5 185
88 330
30 50
26 103
17 320
176 207
39 287
321 333
181 370
98 279
64 112
54 271
189 235
99 304
279 367
191 245
140 228
80 170
26 177
9 169
20 396
124 307
140 393
173 266
153 249
27 218
30 307
122 184
142 286
134 221
187 289
60 393
227 392
320 358
24 346
296 359
176 192
11 383
14 84
65 153
44 319
280 292
51 94
158 262
54 126
310 320
334 381
309 314
93 377
172 322
268 314
227 363
334 345
44 80
132 159
81 238
78 320
259 355
337 370
108 180
10 115
169 225
80 359
68 170
66 239
232 348
106 338
274 370
265 361
171 372
108 301
117 307
272 343
189 397
223 354
29 142
76 274
59 94
50 143
107 118
22 256
176 311
73 200
162 335
101 381
1 194
25 242
36 271
82 283
291 303
105 341
123 297
72 396
46 246
255 392
0 373
15 100
349 377
90 283
8 299
259 322
52 257
280 291
93 326
107 114
145 175
182 324
192 311
184 299
102 293
0 385
94 218
122 343
316 350
50 356
180 338
262 306
79 133
105 236
48 114
168 283
117 143
197 300
166 284
293 337
196 266
184 343
161 293
121 394
147 317
4 83
75 247
184 272
56 241
296 319
38 351
124 143
64 340
196 204
56 123
354 358
77 287
69 82
14 60
212 291
148 330
83 395
62 198
235 290
71 212
170 210
20 98
327 370
105 185
67 380
7 89
117 396
118 365
315 372
5 150
313 375
302 308
346 397
258 372
66 272
192 275
77 193
85 367
67 306
79 220
294 360
136 277
265 266
80 281
9 162
130 264
44 180
171 312
45 293
239 316
110 201
41 56
40 269
103 340
79 190
6 155
5 166
33 362
55 153
192 310
68 214
124 231
19 64
126 195
174 328
303 352
56 172
19 86
129 339
120 163
30 49
228 393
9 225
208 237
0 255
61 120
271 326
93 349
198 389
77 353
54 377
49 390
73 296
0 303
96 293
125 170
32 149
305 383
49 149
105 286
186 248
319 359
119 142
288 325
95 114
228 314
22 141
113 375
87 98
276 369
37 200
64 267
240 295
234 362
110 117
78 275
162 242
218 357
133 277
373 392
270 398
168 361
128 184
356 396
152 266
210 296
101 165
164 310
156 204
33 90
47 279
30 124
66 224
9 278
363 392
333 341
181 204
2 261
154 235
196 322
185 236
77 271
258 324
64 97
267 391
95 118
12 311
172 196
227 383
18 48
111 120
102 210
229 249
226 295
140 382
336 347
311 336
85 87
52 54
188 301
183 344
2 148
67 285
276 355
50 72
92 185
189 221
87 367
3 298
77 253
230 308
108 188
213 216
109 133
73 188
44 379
77 243
82 254
10 120
88 256
235 239
204 214
291 305
7 120
40 365
246 258
8 186
36 77
147 157
78 311
10 375
194 211
16 21
112 384
130 144
44 96
29 399
45 161
130 312
82 216
285 333
13 218
30 143
63 335
236 321
147 194
241 322
35 330
29 67
185 341
164 354
145 160
138 335
308 315
89 120
41 123
90 263
286 341
120 215
111 364
43 355
142 166
25 83
60 140
78 207
212 292
86 211
373 385
10 219
24 199
74 78
57 244
47 182
62 249
374 377
60 288
16 362
4 131
72 295
58 317
368 399
166 321
172 233
97 244
117 124
35 148
146 260
219 308
70 253
131 177
129 351
49 294
136 239
137 359
239 350
69 168
190 220
103 391
4 391
235 277
38 221
107 365
217 334
153 365
49 360
92 94
38 62
59 382
324 372
195 238
159 348
9 345
178 211
178 269
102 301
76 370
219 336
0 352
320 349
108 387
309 328
106 319
204 370
163 375
42 306
212 244
85 279
3 199
281 359
245 384
89 203
217 345
218 256
270 396
223 347
329 395
54 287
122 272
302 313
63 267
9 332
155 210
134 378
177 212
28 216
62 129
286 333
113 313
92 382
5 321
50 398
83 391
111 275
20 30
292 303
266 361
144 388
328 393
222 363
273 365
271 287
99 212
14 288
216 366
135 345
89 375
91 250
255 373
331 352
195 271
340 384
250 326
358 377
74 377
9 135
84 309
54 93
78 164
283 322
391 395
49 307
246 315
87 232
172 265
119 306
265 322
78 310
144 209
323 399
222 373
61 375
96 301
283 361
268 381
161 297
80 210
95 394
73 319
135 344
185 321
34 272
71 177
209 264
49 231
363 373
38 75
194 317
162 217
162 386
46 324
111 219
82 173
4 331
14 174
110 143
150 284
61 230
44 188
43 369
163 215
116 362
117 294
112 245
76 96
309 334
137 296
111 308
86 340
2 141
91 260
135 174
113 302
47 122
133 316
66 182
141 148
128 136
41 204
83 331
242 335
53 357
76 387
25 169
189 290
288 309
24 221
233 241
118 121
203 313
12 364
11 70
115 336
102 170
133 154
241 259
190 229
105 284
190 316
153 198
238 377
104 234
22 35
38 389
53 325
273 380
161 370
228 382
302 375
213 369
15 59
39 304
175 213
195 257
103 267
202 226
34 237
45 370
69 265
76 161
193 260
26 75
280 318
30 398
74 310
136 235
159 264
41 241
277 350
95 362
14 309
99 199
238 326
8 128
330 357
92 158
92 321
69 254
301 387
258 315
10 230
268 317
285 306
173 263
291 385
21 109
19 205
22 51
43 216
129 397
34 248
28 366
279 312
61 246
246 372
120 139
52 195
125 226
86 178
133 235
47 343
126 326
38 57
58 147
84 328
145 366
310 354
34 208
129 205
3 383
134 151
91 193
102 188
160 216
161 181
68 240
373 383
7 364
178 194
207 364
51 59
119 380
138 278
44 200
223 336
255 363
60 334
214 274
232 312
303 331
63 169
300 342
43 213
208 248
120 375
92 262
168 265
147 178
112 339
2 35
107 323
132 209
236 341
28 69
222 352
297 370
177 318
159 209
107 121
56 233
32 159
291 292
15 158
223 372
100 261
19 384
314 393
193 253
52 349
28 145
143 398
55 399
92 333
211 269
115 275
6 170
8 34
168 366
135 225
115 192
224 289
29 368
67 157
58 86
317 381
76 337
93 195
36 287
213 276
170 359
146 193
253 383
192 320
179 232
57 389
36 54
104 107
86 112
281 319
62 351
248 356
239 272
9 165
180 301
57 205
81 326
262 333
148 256
120 308
85 299
94 382
127 147
60 228
186 234
106 281
344 381
102 108
12 78
7 163
169 335
173 265
198 397
122 179
210 319
16 237
0 280
24 298
30 396
13 15
18 263
71 131
290 316
23 280
203 302
149 206
175 366
138 162
23 352
16 116
119 333
128 343
55 365
37 379
69 263
324 347
66 122
24 304
179 264
8 251
304 371
22 148
91 253
124 360
154 220
122 279
137 281
77 326
137 201
177 280
285 399
235 350
74 374
106 210
188 281
221 371
45 76
21 133
179 279
60 309
219 315
78 354
53 100
172 241
214 342
270 307
38 205
199 212
154 239
73 102
87 279
116 234
151 290
39 376
272 299
160 213
246 308
111 215
183 317
332 381
76 214
113 163
300 396
191 267
84 288
212 280
134 282
81 377
130 159
195 326
232 279
45 181
72 226
62 190
378 397
223 258
11 260
126 252
168 266
27 84
221 351
48 323
40 55
221 304
238 349
151 224
188 293
167 216
132 348
26 247
264 348
52 238
238 271
57 129
227 255
329 331
105 167
130 209
174 278
318 395
6 125
29 285
34 299
337 387
150 341
9 101
250 298
10 308
62 229
96 379
10 111
66 187
312 348
287 376
161 214
23 291
104 109
88 261
196 233
101 345
31 199
247 291
222 392
41 196
268 309
17 310
84 393
157 262
50 231
3 212
249 397
132 219
102 281
122 187
48 394
80 188
287 304
70 260
93 271
172 266
114 362
304 346
184 224
128 272
128 187
101 317
43 175
156 172
322 361
232 264
208 251
235 316
20 307
209 348
142 285
24 39
332 334
205 389
204 241
121 368
238 252
165 344
311 364
152 204
105 166
292 352
17 192
225 332
151 282
135 278
176 275
168 173
55 323
57 371
199 371
19 340
220 229
73 210
52 126
101 332
18 394
23 222
200 338
27 288
82 366
81 376
184 187
115 207
285 380
197 226
56 259
100 148
71 352
145 254
37 108
224 290
2 22
242 329
95 116
54 376
247 280
142 236
123 181
79 277
180 379
161 327
66 289
157 314
323 368
225 278
15 27
155 359
64 339
189 282
56 196
22 88
266 283
28 175
106 296
104 220
37 180
132 315
243 376
90 173
96 108
0 177
79 235
162 225
156 297
197 240
139 364
89 113
90 95
27 325
135 217
169 278
17 78
7 375
50 307
215 375
61 139
78 192
307 390
332 345
85 184
5 286
212 247
62 397
307 396
229 397
322 355
241 361
106 200
165 217
32 206
218 261
211 245
245 269
0 23
285 368
171 209
243 326
45 337
34 85
159 312
41 161
164 336
61 302
56 204
76 293
13 60
289 343
136 154
0 222
109 237
86 191
119 285
70 193
208 299
56 297
158 382
132 246
48 368
49 117
174 309
165 386
256 261
183 332
69 394
199 385
42 140
168 175
218 382
104 133
263 265
268 334
33 263
253 353
379 387
10 315
74 358
234 251
83 329
216 254
63 386
261 357
75 244
156 241
21 116
17 377
267 339
58 127
310 336
115 164
67 262
52 81
167 369
48 69
59 262
185 286
226 396
89 163
182 223
63 103
23 177
70 383
199 298
143 360
104 249
11 227
89 302
114 323
98 149
144 203
200 281
56 322
11 255
172 259
27 261
41 156
204 274
115 139
71 318
231 270
138 242
133 350
257 377
86 384
224 282
166 175
149 360
202 300
8 208
67 333
149 264
3 70
69 173
164 275
55 273
10 215
97 318
273 368
86 101
31 305
192 354
128 299
247 292
178 384
18 114
215 364
70 353
312 367
145 216
140 157
82 168
1 211
147 183
20 367
260 353
13 325
61 115
219 230
174 217
161 337
61 215
121 323
195 252
115 311
70 146
94 261
175 216
45 387
168 254
143 270
42 127
223 324
160 276
86 183
235 282
138 225
33 116
225 386
263 283
8 187
135 332
82 145
217 278
59 141
79 104
187 343
193 250
15 94
189 378
32 264
138 169
165 169
47 232
43 276
16 133
8 184
51 261
172 361
62 205
63 64
124 201
226 300
367 398
181 214
189 351
18 368
268 345
94 262
51 382
46 47
217 328
23 363
165 225
98 398
68 202
9 344
187 350
236 286
40 65
28 173
125 202
71 247
210 359
164 176
10 275
4 26
153 269
220 397
274 387
41 181
226 240
244 247
116 186
130 171
56 156
99 244
198 229
123 156
42 92
349 374
321 341
46 171
44 73
120 313
21 104
38 198
169 242
64 191
142 321
93 252
100 218
326 376
73 80
5 333
81 243
368 380
43 160
171 264
130 388
157 228
74 349
47 324
222 227
15 261
219 258
92 286
298 304
81 126
29 380
40 273
1 317
154 190
49 110
198 339
28 283
108 379
295 356
165 345
159 388
161 274
116 208
3 305
196 265
40 211
182 289
155 201
18 69
205 340
54 238
54 81
17 74
12 207
186 251
274 342
53 261
146 252
113 203
186 208
26 391
174 334
230 246
121 362
200 319
166 286
66 128
119 368
230 372
19 103
254 366
69 283
305 385
179 372
143 396
141 158
89 313
15 51
100 256
54 326
258 347
112 267
76 301
9 183
152 361
264 312
117 270
10 139
41 297
301 379
2 256
234 237
61 315
132 372
79 316
50 396
150 185
101 183
77 376
51 158
42 157
149 390
26 395
177 292
34 251
4 318
240 342
8 122
167 213
288 393
205 339
209 388
199 247
16 234
137 155
282 316
74 354
328 345
344 345
27 393
127 380
167 284
175 254
63 83
20 398
178 191
255 385
190 249
133 239
129 229
74 320
116 251
195 377
11 253
42 67
5 341
190 351
177 303
213 355
36 243
83 242
51 141
31 385
177 385
162 332
5 105
57 99
293 387
70 250
244 389
42 228
250 353
277 316
320 354
44 108
61 111
22 357
21 251
28 168
120 203
292 385
155 296
46 209
59 92
200 210
12 176
18 323
30 117
193 271
346 351
65 118
329 391
11 193
52 93
306 333
198 205
94 158
204 233
214 240
189 190
80 296
44 106
267 340
204 297
132 230
34 186
33 394
220 235
134 290
126 271
154 350
50 248
177 291
50 270
148 261
122 289
20 87
23 303
143 294
71 291
105 321
170 300
250 260
6 201
3 31
153 211
187 272
169 386
179 348
262 382
295 300
243 271
28 265
6 231
8 272
73 106
13 14
206 360
18 254
67 127
160 355
18 82
145 283
39 371
37 338
87 270
51 92
60 268
32 390
126 238
46 372
47 66
79 249
5 284
193 326
97 391
199 291
117 231
150 236
43 259
97 103
103 395
154 277
214 233
190 235
282 290
86 194
60 174
91 146
156 259
157 306
201 296
272 289
212 305
4 395
58 178
309 393
159 171
57 199
173 394
131 318
251 350
45 214
55 107
275 336
122 232
252 271
77 250
134 189
111 139
164 311
75 389
90 394
116 237
228 268
8 343
7 215
27 53
194 273
174 345
65 365
177 247
65 323
332 344
52 74
41 327
219 372
21 277
80 155
152 240
44 387
89 215
19 112
35 100
13 309
92 142
346 378
182 224
69 90
166 341
82 265
124 294
303 318
156 322
203 308
164 192
30 231
44 281
44 301
188 319
24 99
181 297
135 334
335 386
47 184
164 207
15 218
314 334
96 180
104 118
273 323
155 170
257 374
338 379
178 245
339 340
351 378
133 136
110 294
168 263
242 386
145 213
139 302
63 329
71 292
2 357
1 86
157 317
57 75
4 103
35 88
6 110
192 336
13 228
31 383
30 270
6 359
263 394
79 154
128 251
82 263
230 388
188 210
16 109
88 100
288 314
9 386
138 386
251 299
91 383
189 316
31 298
346 371
29 119
49 124
107 362
54 243
19 267
253 260
271 353
125 231
186 299
60 84
170 202
166 236
233 240
61 308
35 261
248 299
35 256
112 191
125 300
17 358
237 251
119 399
95 234
48 121
129 389
53 88
68 300
87 398
84 325
187 224
191 384
347 354
251 272
71 385
15 53
127 306
79 109
0 291
66 184
57 247
271 376
184 289
33 95
360 390
206 390
43 145
125 359
163 364
150 286
314 328
81 252
380 399
110 231
47 179
142 341
206 264
160 167
63 395
44 102
188 202
101 344
139 215
207 311
139 308
160 322
230 315
21 237
293 301
80 106
45 297
318 329
66 343
75 205
22 218
20 50
170 342
148 357
284 341
172 204
228 288
74 257
157 268
162 169
239 277
15 382
211 384
82 175
131 292
24 38
114 118
250 253
170 188
132 258
0 363
96 337
40 323
28 213
72 356
171 348
232 367
114 121
298 371
228 309
355 369
81 195
99 371
142 333
13 84
127 317
111 302
13 53
153 245
81 271
146 353
58 194
19 191
14 334
42 285
306 380
93 238
139 375
383 385
65 114
345 381
59 158
256 330
268 328
61 219
3 385
125 155
205 244
42 262
152 233
83
35
43
89
91
202
48
66
130
172
104
152
37
57
82
93
56
129
123
151
97
44
54
140
116
35
240
78
41
106
100
62
159
94
98
29
58
101
211
52
144
73
68
158
76
19
32
49
60
138
132
93
59
73
139
72
110
142
57
77
10
132
120
70
80
11
67
51
215
49
142
131
201
69
126
87
154
55
70
112
186
174
66
69
71
113
124
23
116
26
66
31
78
138
114
172
114
116
67
105
13
100
96
57
147
40
56
55
13
194
158
97
114
81
148
48
100
122
92
40
106
86
111
172
63
222
99
194
125
80
104
189
148
83
92
175
124
73
150
215
87
167
51
73
86
22
49
131
37
63
74
206
179
114
67
84
157
151
143
82
127
117
36
114
53
145
29
139
185
77
117
97
39
42
132
22
162
139
68
192
177
95
174
224
134
132
178
34
28
98
67
112
116
64
114
41
91
84
122
155
88
16
133
49
144
60
106
176
69
62
51
146
75
78
200
162
25
55
164
57
55
31
102
158
76
27
162
105
257
27
76
80
57
90
96
193
136
34
81
81
150
93
62
109
81
184
163
108
16
73
122
138
130
137
84
27
72
89
63
101
75
89
58
53
100
102
121
53
51
84
277
86
66
173
191
180
37
109
207
68
54
69
112
77
65
157
167
173
101
61
102
214
24
196
217
96
129
78
68
73
52
130
132
105
102
144
107
132
64
87
115
63
138
144
15
51
120
98
149
15
82
110
88
44
52
159
63
48
147
157
73
160
185
66
97
27
64
214
158
117
171
190
184
207
145
51
71
56
259
108
88
152
121
61
14
62
127
95
102
88
32
98
200
113
96
153
109
105
38
47
40
43
120
280
84
160
70
62
89
103
102
53
124
203
113
157
113
53
150
51
86
83
215
167
69
18
86
174
25
39
61
64
82
65
15
82
140
69
61
59
125
96
109
304
132
198
77
169
44
60
32
42
124
82
54
113
89
146
125
171
205
61
159
84
216
86
70
69
73
36
73
198
227
128
99
16
80
149
113
105
78
117
66
135
176
50
134
113
91
98
163
75
86
74
95
87
35
116
135
95
72
100
94
108
170
113
148
156
101
84
77
77
57
129
110
158
246
24
46
100
42
102
91
71
90
180
60
42
99
165
82
159
157
137
97
152
73
130
158
149
87
85
75
45
76
37
175
106
73
207
126
125
143
188
40
10
161
193
43
105
201
51
112
81
166
117
123
249
142
131
70
67
69
111
32
89
180
127
171
119
23
135
150
56
143
102
161
49
279
19
130
90
82
74
91
133
208
125
59
131
199
141
69
128
74
139
194
54
78
67
57
123
71
99
76
110
10
160
37
77
93
56
64
82
186
104
82
155
87
34
25
127
10
142
108
221
91
171
104
88
171
21
163
155
146
98
101
128
77
144
56
156
122
71
55
178
126
107
114
157
103
51
119
163
102
197
64
184
173
130
125
101
57
30
69
61
74
151
59
59
114
115
80
127
84
58
32
142
98
136
85
58
166
84
152
71
167
96
72
181
55
93
68
105
119
86
132
103
132
77
49
143
73
54
65
33
151
48
114
160
57
34
77
45
49
44
60
122
79
83
158
95
109
70
58
124
117
76
62
73
67
59
199
117
90
112
129
217
81
32
41
190
66
44
210
129
97
65
122
77
96
236
180
30
57
155
112
61
73
32
116
130
89
147
131
90
121
98
70
64
90
174
107
92
37
57
211
107
100
122
81
111
98
137
94
163
15
197
161
184
156
254
157
76
59
129
143
85
77
73
37
194
88
157
169
181
95
61
148
159
100
35
46
44
22
59
35
71
50
165
20
128
134
92
210
172
55
50
130
111
68
165
112
59
62
138
43
56
69
69
176
86
149
60
110
61
166
139
34
98
177
58
111
154
83
150
147
201
35
206
49
174
121
114
78
177
53
11
135
121
158
150
99
109
74
67
136
131
79
117
58
57
70
97
9
179
61
101
81
20
126
112
52
147
118
111
152
119
74
112
115
49
161
110
110
67
61
60
67
35
130
75
90
125
99
86
48
164
110
79
81
103
116
30
145
127
54
176
107
104
115
154
53
75
75
192
84
109
133
57
72
27
109
100
51
39
109
68
100
90
17
135
20
21
190
13
99
86
29
121
155
73
84
81
95
88
129
121
122
176
35
67
39
44
87
111
27
149
121
117
7
114
107
58
138
26
163
156
114
57
161
156
133
96
144
20
56
85
135
111
77
26
26
133
51
187
42
114
186
73
110
185
60
146
50
14
141
157
145
190
108
109
169
73
65
89
64
195
171
94
49
220
144
108
99
53
85
40
61
139
97
106
45
42
182
175
32
45
133
159
76
90
75
123
102
65
125
126
102
97
93
63
43
18
53
52
176
118
83
18
44
48
51
146
79
219
75
97
43
57
274
144
71
206
42
58
45
168
138
136
118
144
93
16
143
157
28
43
158
132
25
162
57
147
60
137
85
104
81
83
200
97
83
60
161
99
129
88
119
186
239
73
126
68
39
35
111
38
159
98
112
75
111
231
40
82
180
48
60
66
175
166
115
167
134
183
156
64
96
141
201
137
180
133
57
147
119
29
23
92
92
150
105
176
87
40
152
24
32
36
50
124
203
94
110
165
51
114
48
73
141
209
84
77
152
138
217
152
103
148
141
96
41
127
145
106
73
80
145
92
35
73
180
184
81
55
173
102
30
133
111
67
65
143
14
64
84
44
70
86
62
94
148
177
156
134
56
65
50
112
132
188
37
154
35
91
86
74
83
65
140
156
156
36
160
32
124
162
135
98
158
81
70
93
114
95
47
108
96
150
132
46
99
47
84
109
23
162
19
93
51
90
182
120
133
174
91
57
144
17
101
80
146
127
15
171
119
169
68
67
46
20
71
194
81
106
69
39
110
251
63
90
11
34
61
167
62
95
130
21
48
92
47
12
79
35
138
39
182
57
124
142
86
46
156
77
50
71
35
158
243
77
78
37
53
112
156
101
105
139
136
80
116
133
103
95
122
145
196
178
152
77
118
113
93
96
92
74
187
28
138
172
110
32
39
180
153
105
181
166
120
121
133
54
89
212
25
180
55
161
81
114
139
163
134
166
198
167
162
247
113
63
59
196
62
180
114
97
155
95
191
93
63
96
9
208
180
71
77
66
151
234
116
27
53
107
162
110
153
104
56
87
97
99
72
87
14
88
236
26
122
29
95
140
150
151
76
85
75
75
71
77
68
70
76
177
110
43
113
159
125
86
85
59
164
144
59
145
123
132
75
111
137
97
99
57
57
74
126
45
161
88
127
137
83
137
155
169
93
144
84
97
71
150
168
127
179
137
61
91
150
95
286
28
143
35
40
192
18
75
63
161
101
69
143
119
94
78
107
138
36
176
128
74
65
77
113
60
55
93
55
24
86
95
128
124
138
61
123
68
47
86
94
102
66
77
142
28
122
41
71
67
76
119
58
59
110
90
70
77
85
125
69
104
105
88
35
60
142
131
114
167
50
134
72
73
87
105
113
141
35
110
43
96
153
85
129
68
49
171
38
105
157
93
61
62
158
81
193
53
86
16
205
150
64
90
148
82
45
109
92
124
156
156
79
109
22
70
137
72
75
74
56
149
61
123
58
108
39
81
95
212
56
94
42
83
189
89
43
114
136
83
59
87
130
161
77
43
132
144
66
117
179
73
76
218
101
105
178
39
164
86
159
22
43
72
117
111
29
203
50
80
82
82
86
91
39
86
169
73
109
92
91
103
30
73
65
64
106
75
89
251
68
90
70
158
138
96
120
80
147
223
49
187
138
70
48
110
104
57
148
139
68
70
62
69
236
127
101
160
240
53
50
74
68
84
44
126
40
112
145
96
83
21
86
101
38
82
108
97
132
75
185
33
77
136
142
123
40
39
103
140
71
102
138
193
94
171
20
34
92
68
109
210
204
99
37
94
130
76
165
45
37
136
53
105
166
98
124
84
139
157
152
23
48
102
138
107
151
25
178
135
180
81
165
72
54
90
11
95
133
59
72
187
112
27
54
82
196
7
115
94
76
121
127
77
121
51
156
181
207
26
84
115
153
137
99
103
116
95
123
129
93
186
63
67
82
109
144
109
39
125
48
145
108
19
190
180
174
173
78
50
165
133
58
64
82
72
128
95
52
74
170
63
90
130
149
81
222
65
131
145
102
107
21
177
33
94
95
160
188
64
16
35
217
150
106
123
126
129
154
92
29
50
118
95
104
93
43
168
115
160
82
109
132
20
160
152
26
58
91
39
61
120
171
78
68
89
128
101
189
59
80
128
77
134
64
49
191
96
22
157
138
34
70
103
144
102
164
95
185
130
185
117
93
85
50
235
145
144
50
211
17
145
129
42
131
62
71
70
117
144
131
37
90
142
123
118
85
175
116
189
118
116
99
46
154
190
68
183
142
40
88
121
187
205
93
125
179
31
73
120
77
68
159
79
16
97
42
174
169
87
73
92
96
133
26
80
109
145
64
14
107
89
190
58
13
96
101
166
122
95
151
146
33
