455 663
69 504
431 256
39 89
84 440
10 17
36 520
464 658
467 640
433 287
464 47
37 326
668 507
338 390
440 279
115 337
65 405
427 731
539 103
532 200
691 553
388 240
760 89
409 497
227 164
519 134
630 622
180 178
213 327
501 311
766 492
323 631
628 460
324 21
568 18
635 750
597 183
633 431
561 675
479 721
414 104
442 701
549 116
732 288
746 97
430 363
197 628
300 42
557 552
20 655
46 594
735 585
90 752
533 594
150 757
277 189
612 509
120 522
29 661
778 268
142 533
644 342
438 9
372 792
555 584
615 119
634 117
452 87
123 337
559 2
573 143
520 45
10 468
579 260
293 47
39 717
571 5
713 624
58 372
441 316
562 133
319 390
380 43
149 699
161 63
467 68
691 763
445 582
273 137
560 193
126 230
574 476
273 60
733 29
640 455
494 663
415 674
435 317
308 211
144 90
640 641
452 142
482 188
137 661
95 101
331 763
361 128
495 25
8 693
614 688
441 608
107 282
745 347
354 684
185 125
412 603
261 245
88 353
307 715
581 473
14 584
689 736
373 706
695 184
651 492
312 29
259 8
326 504
196 56
390 142
707 399
775 676
563 273
101 264
165 161
411 213
18 160
274 129
55 162
524 645
747 175
220 276
373 255
352 399
484 330
408 748
325 353
782 535
384 358
573 590
215 526
426 200
564 29
783 474
244 312
135 669
550 456
324 379
153 591
584 693
227 598
242 449
726 780
44 136
35 42
409 659
624 88
781 97
398 612
1 433
128 302
793 318
708 438
743 334
739 229
196 279
406 647
2 233
10 101
50 16
87 664
121 679
358 353
784 561
134 591
21 693
72 483
585 81
130 617
38 167
177 455
781 641
735 761
748 505
290 613
50 352
682 150
657 494
474 242
63 550
492 773
98 501
640 5
442 494
499 560
205 488
685 297
67 737
390 229
545 510
260 209
263 215
519 574
355 26
262 772
8 76
49 260
773 604
739 570
576 701
707 301
719 171
253 164
251 413
662 735
172 502
114 424
115 76
699 623
652 667
270 738
422 586
645 516
127 99
187 63
50 281
333 157
184 116
378 115
167 780
763 572
492 77
358 370
542 752
85 90
794 413
663 217
251 631
61 317
349 514
614 531
482 680
280 26
671 402
211 595
724 529
717 508
56 436
336 549
69 147
691 753
429 597
246 276
577 86
216 304
295 106
654 452
56 635
598 534
14 362
144 676
643 232
514 144
632 191
104 112
574 545
130 800
629 298
96 636
678 662
685 448
155 504
264 576
257 728
47 772
460 779
708 560
643 528
602 179
486 725
269 530
113 470
134 709
50 380
683 133
301 468
766 565
700 642
81 556
357 787
460 23
572 334
150 523
330 534
333 595
630 746
689 435
464 651
782 38
799 711
717 141
715 643
783 625
682 328
539 190
99 160
373 263
316 151
458 588
649 635
439 601
443 712
458 498
271 68
540 511
723 399
404 431
354 78
382 412
558 341
257 35
186 6
716 463
107 244
293 605
673 415
41 221
94 27
92 627
483 253
661 403
153 350
679 180
198 638
47 575
139 203
174 379
274 5
144 294
331 245
469 667
532 678
419 255
48 272
631 784
780 234
393 252
30 323
356 135
440 512
754 660
711 451
651 172
395 116
144 218
187 605
53 267
14 301
539 299
272 319
41 2
564 629
219 248
366 153
443 193
3 334
253 530
10 698
723 445
117 16
648 71
657 7
307 426
74 745
535 484
483 660
456 615
684 238
609 787
161 370
182 19
335 135
757 14
571 681
607 596
64 472
437 763
593 541
94 507
169 688
110 318
111 353
175 264
330 347
113 122
32 287
122 145
22 93
35 109
136 138
379 390
208 356
123 196
163 315
59 355
15 78
99 104
127 290
297 360
265 391
63 145
86 162
8 386
10 71
81 182
57 298
19 89
181 292
36 70
106 238
3 259
6 120
270 292
158 188
49 185
41 350
17 285
163 274
225 302
28 369
200 243
74 213
55 317
303 376
88 317
12 266
13 326
152 202
90 170
90 333
49 377
37 335
92 126
179 370
199 201
294 362
34 71
261 320
37 266
18 70
267 344
191 217
116 175
50 338
8 251
12 232
83 270
18 272
248 269
51 297
30 255
218 240
84 331
158 343
74 323
97 148
58 278
71 300
124 250
284 383
124 232
186 395
86 260
235 367
261 386
13 328
193 332
43 313
3 179
188 365
100 228
9 198
4 186
381 392
2 374
14 339
113 176
77 131
346 389
74 92
13 382
45 328
190 225
147 193
129 358
151 352
102 272
93 380
268 287
204 359
68 117
44 221
61 277
67 241
67 238
163 215
190 205
108 267
310 362
99 134
28 341
167 221
54 399
68 348
282 290
147 153
19 73
15 195
83 292
229 279
34 187
115 168
75 207
61 220
183 296
236 373
298 398
77 319
271 362
87 203
51 217
30 193
32 94
9 356
10 62
133 333
343 365
71 85
65 70
127 249
2 21
177 235
32 156
205 281
91 384
7 251
186 201
155 188
66 263
47 330
80 166
123 362
94 306
40 373
206 277
24 211
327 358
72 169
93 167
21 142
27 345
65 273
90 345
171 245
40 238
63 299
147 217
280 306
42 263
70 80
275 324
170 333
59 171
15 346
57 302
2 316
56 91
137 391
39 200
245 325
12 124
191 360
78 293
12 56
7 41
3 274
161 382
286 296
56 119
125 347
20 286
135 374
199 344
246 271
9 352
53 64
91 156
228 286
25 42
103 184
181 270
229 319
109 229
324 397
88 265
69 152
70 263
260 388
109 305
338 344
258 334
115 320
174 387
73 132
92 323
253 313
342 362
268 324
197 256
301 329
276 284
140 294
3 163
46 254
32 37
252 323
249 295
45 242
174 221
39 251
260 354
267 338
33 74
18 263
95 139
133 366
247 282
78 248
285 321
235 248
54 83
1 395
57 199
125 213
236 358
110 115
27 134
66 294
180 207
183 218
279 319
52 383
150 161
42 65
146 182
100 109
185 267
35 388
104 337
35 305
92 330
294 342
177 189
151 374
73 89
150 290
135 208
326 328
114 234
103 365
241 300
54 276
204 322
273 342
218 255
130 325
7 307
227 233
10 85
131 192
67 363
394 397
77 228
25 102
172 253
30 332
115 231
159 305
50 344
4 398
87 359
190 281
122 299
307 320
113 230
119 209
1 199
153 193
280 361
236 363
120 267
235 336
18 85
395 398
54 292
282 303
6 201
38 371
253 266
56 232
122 230
229 311
105 113
18 187
75 284
157 382
191 309
234 331
111 333
352 356
65 166
166 187
8 139
209 324
141 372
60 184
24 114
47 265
39 95
104 227
167 308
194 334
10 241
233 237
236 238
65 187
243 388
35 86
59 220
248 375
283 399
213 327
102 314
200 396
106 373
134 233
385 386
236 317
351 371
2 97
5 215
363 373
0 7
66 166
139 371
95 350
319 394
345 364
17 299
36 288
128 234
129 363
272 314
205 223
12 250
47 213
55 210
151 198
76 187
40 101
61 313
233 234
171 173
199 398
123 140
166 381
218 296
291 398
32 280
248 367
41 321
247 365
100 319
211 349
47 327
0 95
24 222
131 191
66 362
152 187
255 296
49 108
105 230
52 284
160 254
164 370
13 242
111 366
266 306
9 339
57 186
366 367
64 149
40 82
307 386
164 179
12 197
89 272
142 356
5 179
77 297
243 289
308 392
29 339
262 264
168 304
119 268
102 374
8 110
76 381
110 307
149 397
62 300
23 359
69 76
32 119
193 296
221 355
214 283
312 360
78 357
66 196
9 79
256 361
129 151
309 360
335 340
362 387
51 240
232 250
361 378
186 398
79 148
2 352
39 41
195 293
11 248
89 314
23 326
232 268
121 279
198 339
3 178
114 128
17 41
11 375
56 197
13 157
79 352
318 320
193 218
113 145
123 310
216 248
26 109
163 178
55 211
251 289
280 340
145 396
93 392
25 70
367 375
139 351
219 393
105 145
155 181
238 373
190 226
209 268
18 42
194 282
219 243
114 134
6 199
168 386
20 51
7 165
31 118
66 288
353 367
306 340
100 297
20 256
233 274
303 334
21 374
40 67
193 361
200 289
19 132
335 378
45 326
350 386
135 356
82 125
30 256
129 135
208 374
164 178
40 129
46 399
132 329
7 110
224 305
111 248
350 385
46 158
87 168
268 275
123 271
108 207
97 356
85 241
114 222
270 343
64 394
148 326
206 271
90 133
78 117
235 353
88 391
70 187
201 281
154 372
13 146
211 222
325 378
133 248
126 252
146 242
6 395
24 55
259 315
180 188
295 376
94 335
316 352
66 70
325 335
75 185
68 346
6 186
24 88
64 397
282 376
217 296
59 112
22 44
190 302
155 278
158 254
100 279
225 281
67 101
17 39
53 275
52 276
37 340
187 263
92 347
64 268
104 259
212 275
23 249
144 368
64 212
98 262
239 399
203 326
58 377
337 370
137 317
11 366
29 79
246 342
146 157
262 372
77 279
273 362
233 244
203 204
125 330
69 71
191 311
134 315
244 337
68 341
216 366
17 63
271 387
60 225
39 285
6 298
62 82
323 347
61 206
94 280
147 255
1 201
238 317
139 385
75 377
160 282
207 292
130 335
6 398
94 266
14 208
89 273
88 137
87 231
129 327
61 340
48 64
210 262
102 151
35 260
243 393
177 366
291 302
60 298
265 323
122 176
24 372
228 319
295 303
51 296
271 342
99 274
160 343
172 306
10 67
31 282
150 205
168 231
348 364
2 9
175 262
262 369
45 182
123 246
84 104
122 165
129 236
21 151
249 304
41 251
84 114
17 96
332 361
19 102
316 349
1 4
154 262
205 290
65 380
126 331
40 358
282 334
22 294
79 97
9 14
121 224
2 135
0 8
142 208
12 94
330 390
29 301
196 246
48 53
363 391
253 280
18 241
116 372
32 266
142 349
36 362
74 252
106 327
105 118
75 180
94 197
34 381
228 297
155 343
160 334
155 292
51 183
30 378
26 229
331 390
155 399
228 311
50 199
177 216
19 314
60 291
194 247
7 350
26 394
139 393
167 310
208 349
84 390
117 293
174 246
130 172
231 261
169 293
0 386
323 330
203 359
56 275
307 350
80 187
138 336
112 325
58 180
103 338
180 267
99 234
188 278
74 330
19 80
258 304
26 319
278 338
14 21
116 154
171 220
169 395
48 397
84 233
80 272
204 324
58 267
48 149
14 144
61 253
18 71
170 341
74 125
77 311
15 117
221 294
32 56
109 224
19 198
322 324
176 231
46 365
47 126
17 122
196 221
24 27
192 224
71 107
91 324
273 288
41 165
73 277
210 372
349 356
70 89
8 307
103 155
264 341
9 144
2 208
172 266
266 340
26 228
100 394
104 164
306 361
45 144
156 209
98 116
302 398
43 59
157 182
71 152
110 320
285 289
44 140
98 236
116 369
95 351
1 291
209 397
98 222
25 80
98 349
250 275
240 296
159 371
21 349
49 75
165 176
193 240
377 383
239 276
123 387
7 8
217 218
150 282
135 142
337 379
101 272
37 280
9 97
143 157
78 257
236 391
40 327
81 146
60 398
55 88
74 347
84 274
350 351
136 177
101 363
165 168
112 130
36 314
149 275
269 357
207 383
180 292
114 233
10 40
83 399
7 386
156 324
33 47
113 118
105 299
209 275
161 376
4 201
168 176
91 119
148 242
304 334
81 328
7 385
112 253
112 313
95 251
103 188
44 310
13 148
84 237
57 60
142 352
134 237
78 375
195 375
14 79
185 383
29 144
7 96
1 186
189 315
60 302
239 292
17 321
33 347
13 182
197 250
207 284
266 335
31 247
232 287
132 277
23 203
213 252
161 295
138 163
144 339
126 330
203 231
259 274
84 379
34 107
138 259
357 367
92 265
59 173
270 399
47 252
164 215
141 262
35 354
66 187
343 399
87 110
16 293
16 226
214 230
117 195
79 144
104 244
110 176
166 263
172 280
238 363
155 270
31 334
229 297
21 352
139 251
52 75
306 335
50 58
57 225
112 220
135 151
159 219
153 245
161 205
315 364
235 366
289 350
3 227
28 264
44 294
71 241
33 252
4 291
77 286
48 394
8 318
85 107
28 346
109 219
172 378
51 218
332 378
173 313
103 292
11 78
77 218
101 374
205 376
98 317
96 321
22 392
133 170
201 398
168 320
58 108
118 230
116 349
86 354
180 270
45 97
116 264
109 159
229 305
138 189
186 291
240 255
201 302
88 236
44 93
14 352
11 269
67 107
191 312
103 343
23 303
8 385
341 389
136 336
72 186
290 303
230 299
95 307
252 330
42 314
162 224
60 205
3 138
36 89
72 395
335 361
48 212
137 265
16 169
183 312
28 372
84 234
357 375
137 323
233 259
123 174
128 237
0 41
185 207
27 364
56 397
161 223
154 369
34 263
25 101
11 357
145 299
106 358
270 278
192 309
42 70
65 66
240 312
49 50
227 237
164 337
51 147
174 220
1 57
103 278
221 362
86 192
181 278
329 368
35 159
133 353
198 374
3 136
91 209
116 141
215 244
0 17
138 178
211 372
206 313
103 181
68 78
43 220
136 163
179 379
25 272
81 382
109 393
111 170
96 350
4 257
124 280
52 292
197 280
194 254
111 364
150 254
175 372
39 321
178 215
115 176
83 103
242 328
125 126
255 286
254 343
266 280
112 206
322 384
129 391
46 160
193 256
264 372
47 125
23 322
83 181
194 304
181 188
128 331
306 325
155 338
358 373
103 399
141 175
42 187
177 353
6 72
78 195
18 65
151 208
117 357
246 273
254 282
125 327
224 229
48 324
219 305
224 354
72 257
2 14
21 135
123 294
86 388
56 287
301 368
150 160
11 353
331 379
24 210
73 271
3 104
124 266
158 160
221 246
41 289
136 259
132 368
56 268
234 237
20 287
0 96
15 111
228 360
63 396
81 148
16 117
2 339
48 204
265 317
311 319
308 381
216 367
201 298
31 258
252 347
149 212
294 380
38 159
284 377
140 355
50 267
116 262
86 224
14 29
65 263
115 318
339 368
184 365
288 362
226 395
2 79
12 20
61 301
321 350
219 388
371 393
214 299
309 312
16 195
234 330
90 111
42 272
39 396
51 77
184 298
250 287
127 376
105 283
38 219
90 364
17 145
119 384
146 148
15 248
16 269
104 274
274 315
160 194
28 389
143 148
8 95
306 378
251 307
224 388
41 396
281 291
227 234
162 260
2 356
261 318
173 325
106 391
185 284
17 396
123 221
101 151
5 178
150 281
22 308
241 272
131 311
133 348
116 210
177 336
43 355
40 106
130 173
48 250
134 364
195 357
96 145
158 184
192 260
44 167
77 360
32 91
198 352
185 377
280 332
179 337
131 217
277 301
31 168
139 350
0 350
145 321
251 385
2 142
195 269
105 122
48 384
130 378
147 240
48 268
148 328
242 382
242 326
230 283
148 157
112 173
99 379
373 391
140 310
247 343
80 89
107 300
181 338
53 139
195 367
162 354
133 235
26 149
102 198
197 287
290 376
39 350
206 220
1 6
208 316
325 361
7 95
199 298
27 237
124 197
9 21
220 387
87 320
121 260
15 348
126 347
115 304
180 181
140 221
288 314
112 171
42 241
140 196
120 199
50 298
150 376
20 255
79 339
130 361
29 97
42 80
104 138
196 273
98 210
19 25
228 229
159 229
66 342
214 239
43 171
33 327
267 377
9 316
311 360
253 335
160 247
296 312
12 287
166 294
39 289
28 141
159 393
125 323
110 168
84 99
153 378
97 352
226 257
41 96
264 369
254 365
48 275
36 65
202 380
62 107
95 385
172 325
250 268
28 175
289 321
247 283
184 302
216 333
178 259
74 265
71 76
271 288
208 352
30 153
98 211
37 306
123 342
62 67
11 367
160 376
57 281
15 389
258 303
136 189
12 256
13 143
250 397
196 342
146 382
247 304
130 306
217 360
196 294
196 362
127 258
51 286
84 128
70 272
140 174
96 165
33 92
96 122
53 212
217 312
82 213
27 114
201 225
37 253
238 327
58 185
111 348
27 222
47 347
132 301
142 316
191 240
121 162
36 273
15 341
119 156
307 385
212 318
104 163
133 345
204 212
55 222
112 245
51 228
182 242
22 221
74 327
73 368
35 121
231 359
279 311
20 218
127 303
36 271
129 373
14 316
10 82
0 321
32 197
146 369
118 214
150 302
224 279
275 394
353 357
3 215
100 229
186 257
187 380
32 232
19 272
281 302
113 165
84 227
101 129
107 241
55 236
121 229
147 218
231 386
178 189
164 244
310 342
7 321
216 235
10 107
317 373
248 293
80 314
14 356
17 289
127 382
47 323
106 129
26 100
103 270
179 215
27 90
148 182
291 395
136 178
315 345
188 399
38 393
224 260
143 242
172 335
18 25
121 354
109 319
35 224
292 383
31 113
1 344
220 313
160 365
81 157
254 376
316 356
217 240
246 362
52 185
253 340
292 399
38 109
76 202
135 352
24 137
257 293
131 309
109 279
211 262
189 259
219 371
106 317
56 250
189 336
87 204
0 110
2 198
180 185
67 300
50 278
114 237
119 324
333 366
151 356
99 237
49 58
52 207
76 152
244 315
99 114
144 329
25 241
207 377
34 76
6 50
141 211
248 357
97 144
103 180
143 146
121 192
290 295
34 202
115 261
174 355
257 291
52 83
81 242
23 127
201 291
118 283
156 384
44 392
298 344
55 137
169 269
55 116
195 248
59 174
217 311
339 352
71 263
61 335
333 336
65 294
223 295
210 211
333 348
260 305
181 399
0 307
183 193
255 256
104 315
121 305
68 248
183 240
157 328
47 74
245 378
258 282
257 395
159 243
66 380
9 45
203 322
45 143
357 366
305 388
170 175
186 226
251 321
231 320
57 398
57 184
353 366
77 217
67 85
99 244
131 312
276 383
14 198
51 312
92 125
3 5
123 273
249 258
154 175
184 188
87 115
248 353
306 332
70 314
44 308
196 310
358 363
15 68
14 97
173 220
251 350
43 387
49 267
317 391
53 371
102 339
33 125
117 248
128 323
73 301
34 69
352 374
231 318
130 313
18 152
271 277
320 386
25 314
39 243
60 201
130 280
234 390
38 139
88 222
318 386
282 304
108 377
251 351
99 227
163 189
236 265
188 270
53 149
266 332
68 389
85 300
222 265
33 213
106 363
263 380
141 264
28 154
82 327
128 330
154 264
0 385
246 387
244 259
146 154
197 232
221 342
65 288
16 257
34 152
115 386
110 261
371 394
43 206
351 385
175 348
104 233
2 151
172 361
190 291
249 303
170 348
81 223
280 378
17 200
46 188
4 16
48 209
26 371
57 291
78 269
38 95
299 396
52 54
60 281
92 252
126 390
227 244
45 148
193 255
163 259
21 208
1 257
83 343
143 182
57 201
138 315
321 396
226 291
317 358
1 298
30 147
143 382
5 370
110 231
117 170
370 379
58 75
118 299
197 266
221 310
162 192
273 387
60 150
3 244
41 145
180 278
0 251
227 379
111 235
137 236
29 368
74 126
91 268
10 300
160 290
297 319
56 209
161 190
77 191
188 267
149 371
11 293
293 375
82 300
96 176
226 389
184 278
140 167
64 371
64 275
46 103
24 237
43 174
15 170
47 92
215 370
258 290
69 107
80 288
247 334
26 279
120 344
145 285
1 398
93 381
99 233
336 353
21 316
277 329
53 204
293 357
49 120
167 392
235 357
40 85
133 216
264 348
172 332
324 384
128 390
169 257
96 307
351 393
209 384
12 255
358 391
20 232
147 183
0 176
11 235
238 358
227 274
333 345
38 351
219 351
131 360
147 296
21 356
171 355
62 85
240 286
268 394
205 225
85 101
354 388
327 363
60 158
180 338
152 263
111 345
341 348
70 288
269 367
186 199
22 167
179 244
69 202
31 194
233 315
188 338
176 261
135 198
83 180
194 258
32 124
87 386
297 311
105 214
106 265
133 364
51 255
22 140
64 204
19 36
110 386
43 112
8 320
200 285
232 397
137 222
201 395
220 277
4 395
30 245
28 262
55 98
253 325
40 363
117 341
285 396
49 180
33 82
83 155
31 304
81 143
86 121
80 263
225 291
253 306
86 305
155 180
65 80
52 239
134 345
157 223
138 274
150 225
88 210
54 239
31 176
63 122
256 332
20 197
308 310
163 244
65 362
140 342
336 366
130 340
268 397
290 334
227 337
118 122
342 387
157 242
158 302
202 381
149 268
76 107
16 78
12 286
54 383
246 288
275 384
16 395
5 164
36 80
127 295
294 310
45 79
256 286
29 132
206 387
116 211
51 311
56 94
143 328
43 246
63 105
269 293
90 348
56 124
222 317
94 124
87 318
99 128
182 328
24 134
141 369
166 380
279 297
223 382
210 222
322 359
153 332
269 375
4 226
87 261
101 102
108 185
130 253
83 239
267 278
19 70
43 173
228 279
268 384
216 353
111 133
149 394
96 113
141 154
106 236
46 247
327 391
18 80
68 170
303 304
281 398
107 152
184 338
125 252
129 238
216 336
275 397
305 354
11 117
271 273
94 119
218 286
205 302
11 195
1 72
3 164
249 290
183 217
25 89
13 81
248 366
93 308
333 364
247 254
198 368
50 120
341 346
22 310
295 382
29 329
277 313
204 318
159 351
158 365
75 108
37 94
8 350
280 335
68 111
173 206
46 343
124 287
235 333
168 261
143 326
70 166
380 381
244 274
238 391
0 165
89 288
75 383
287 397
4 293
328 382
6 344
28 348
26
96
59
79
70
83
105
192
144
80
185
46
107
116
97
167
118
177
115
82
129
63
34
161
141
139
87
76
132
43
173
172
58
74
114
49
137
72
80
124
58
189
97
146
51
168
233
239
131
34
132
125
71
36
75
62
75
21
57
133
138
66
178
111
121
45
71
86
78
111
151
35
130
185
56
172
176
157
118
92
48
39
18
70
67
128
111
64
122
150
176
109
70
107
156
120
83
102
16
48
51
193
114
53
54
57
96
175
57
99
70
133
50
63
170
118
43
93
218
138
138
205
167
136
126
161
174
93
28
74
134
51
72
191
42
36
147
127
167
238
96
53
35
119
126
30
59
125
141
37
107
110
128
59
46
59
48
109
130
99
228
68
118
107
151
186
93
57
129
54
78
80
69
183
39
21
164
32
61
24
134
75
114
107
88
58
139
149
116
169
57
79
19
153
138
200
73
72
132
62
36
65
41
60
85
32
64
89
77
92
34
46
74
61
51
51
147
132
154
184
75
79
76
30
20
185
57
173
181
26
138
151
75
88
43
87
142
155
74
82
180
77
85
90
63
87
152
94
163
39
132
82
152
81
85
65
28
153
147
49
66
49
161
83
36
106
103
82
186
8
33
107
176
27
195
88
45
86
158
159
133
67
84
58
67
38
15
33
62
258
113
136
16
80
112
112
27
137
35
122
78
101
141
74
134
104
135
113
41
103
70
141
226
74
103
214
95
66
147
46
198
183
214
65
99
138
213
166
113
59
60
112
111
9
69
164
99
65
109
52
76
27
46
118
138
117
217
157
226
114
126
145
74
124
55
124
146
25
158
172
70
56
20
47
46
42
99
26
188
17
19
71
71
103
96
129
67
85
100
162
120
101
60
126
91
171
78
60
134
76
12
139
23
199
114
106
72
98
139
123
58
84
144
96
41
73
65
143
114
94
85
145
21
164
77
82
38
187
34
92
40
72
46
119
72
84
135
49
112
190
73
150
78
69
24
133
139
100
61
79
166
109
84
115
171
183
25
109
70
49
30
36
117
13
51
31
58
39
188
118
129
24
32
112
93
58
62
30
144
41
107
236
117
119
90
75
57
67
147
45
30
156
54
60
22
91
25
111
205
172
31
123
68
41
68
64
102
111
113
193
116
82
154
156
38
152
122
116
181
99
96
139
127
116
100
92
85
159
155
143
80
135
185
76
82
95
21
107
122
55
147
149
114
61
130
163
108
99
169
43
50
13
155
161
107
135
50
94
108
113
83
89
152
145
53
133
184
104
79
194
67
34
105
124
159
78
95
68
122
41
157
97
111
71
17
72
102
102
153
114
12
112
168
76
154
128
120
51
171
129
100
96
134
86
89
78
119
66
69
68
49
109
230
109
75
188
156
140
97
18
227
108
96
100
64
132
68
116
76
113
83
192
106
85
121
132
101
124
42
212
106
18
63
107
115
57
125
95
106
202
70
90
121
60
87
196
72
201
91
179
92
83
50
98
126
59
93
143
58
99
130
124
65
151
73
137
67
233
119
77
92
20
63
125
127
77
220
144
91
104
45
213
15
11
73
83
49
67
126
109
159
172
138
125
68
151
58
51
117
64
60
88
100
146
117
231
32
158
157
77
155
168
89
19
100
65
89
123
25
146
116
21
49
151
200
141
71
57
214
116
32
166
102
79
45
126
35
134
138
149
109
166
84
105
67
105
122
102
34
16
100
92
90
131
74
106
134
114
48
106
189
152
92
123
78
32
67
84
73
135
92
239
141
28
106
168
125
121
148
32
134
40
134
63
168
83
153
32
17
189
138
93
57
104
191
118
205
54
123
90
67
143
51
97
129
21
114
115
130
154
97
111
135
143
44
94
64
8
120
77
132
26
200
152
110
81
31
142
176
87
68
166
63
41
94
180
54
166
76
57
140
119
222
172
221
79
52
118
92
81
82
33
75
166
81
46
111
165
95
72
55
84
213
170
47
20
84
46
105
30
156
80
46
75
111
138
130
41
62
115
165
59
89
110
57
72
28
89
17
95
47
62
119
127
71
51
168
36
168
84
197
166
50
187
79
214
71
153
144
28
48
138
163
35
33
49
69
53
144
144
56
52
138
58
88
75
18
59
121
46
43
11
80
139
68
102
110
76
115
134
177
30
17
101
70
195
30
144
110
42
189
99
88
125
192
157
128
103
143
59
48
29
32
113
125
123
157
82
175
171
126
114
79
9
118
95
48
183
192
168
127
136
41
154
41
85
164
62
187
108
52
83
145
33
119
157
40
38
152
73
124
222
84
35
197
139
102
188
59
87
63
109
91
88
151
168
66
76
106
101
118
93
78
101
145
50
49
47
169
110
9
121
26
140
146
49
50
157
124
120
134
163
204
97
63
95
131
121
76
226
127
143
126
110
95
78
76
109
161
74
61
163
77
59
174
30
105
115
78
56
64
124
82
87
172
136
153
50
105
63
50
109
136
127
53
126
49
174
141
120
88
36
97
23
137
44
62
71
105
101
135
29
76
56
103
92
117
42
228
51
76
68
130
173
147
108
165
163
151
75
89
130
251
50
55
83
96
207
148
71
121
104
201
186
141
53
67
32
56
162
61
108
127
122
85
145
140
132
68
188
154
106
93
171
26
80
92
51
176
197
122
48
117
129
63
127
182
119
131
171
158
105
191
106
254
140
159
124
109
208
94
129
66
60
178
58
164
235
68
50
29
77
82
76
104
17
103
147
187
79
88
90
102
103
183
59
103
72
46
75
159
27
219
93
81
81
176
86
128
171
105
95
57
96
165
124
134
129
74
84
145
22
80
72
138
158
162
36
85
107
210
175
109
132
20
131
27
75
52
152
146
86
69
118
125
218
205
29
156
25
143
89
119
98
96
84
175
80
169
169
90
98
157
76
34
146
55
39
89
119
51
45
127
8
73
80
20
45
131
32
168
69
31
187
157
136
102
161
70
84
111
209
71
126
41
119
131
127
80
97
131
188
184
135
174
210
178
75
27
97
94
35
220
11
129
22
65
43
41
98
74
170
56
169
62
35
173
180
101
11
97
27
125
57
141
164
86
158
168
87
196
78
31
86
86
38
210
66
166
78
167
43
47
69
50
37
53
75
203
97
148
26
97
134
62
88
172
57
46
145
101
26
42
57
91
114
75
60
44
86
169
129
63
18
135
157
86
79
96
39
132
176
177
52
38
162
56
38
228
140
127
161
166
52
76
75
122
72
186
120
119
123
92
116
106
162
124
134
53
75
89
97
163
161
31
103
120
76
110
112
174
75
77
165
188
93
110
28
49
86
97
73
134
150
209
69
37
51
21
146
80
38
146
118
176
149
36
40
54
125
43
137
78
80
158
180
213
68
76
26
100
37
78
114
227
16
72
57
97
51
81
110
113
196
66
47
208
72
63
103
162
166
109
148
90
118
26
163
159
82
127
32
53
54
120
93
218
104
112
25
175
121
46
118
88
57
132
125
129
41
57
134
213
119
206
79
78
90
246
65
90
208
113
97
58
177
90
140
188
193
207
145
8
153
88
94
25
198
41
131
172
167
57
71
13
147
121
50
90
143
216
44
103
127
71
120
78
88
55
47
104
11
146
71
67
150
123
100
169
81
130
72
69
172
31
81
98
86
100
146
106
111
21
98
61
52
86
81
49
78
148
33
96
166
139
42
79
37
159
198
109
57
119
153
88
152
106
116
94
33
170
11
144
53
78
129
100
98
146
118
133
146
34
40
100
31
43
110
101
68
65
41
92
266
69
118
125
48
25
99
34
112
125
89
82
54
66
18
121
63
36
200
106
113
103
50
53
92
108
65
74
128
99
72
94
113
76
117
52
55
30
180
175
119
79
61
100
105
117
155
62
87
68
69
156
120
120
145
100
77
45
205
202
59
67
33
85
146
126
134
71
134
145
46
98
85
189
184
102
181
119
130
74
104
70
188
107
226
70
129
122
174
168
52
85
206
188
70
148
105
151
97
142
35
159
19
148
74
93
49
63
121
113
120
68
145
99
47
34
107
119
109
83
32
99
24
135
65
92
56
49
51
69
47
110
47
93
13
159
191
116
96
98
98
38
93
132
78
122
95
63
49
117
156
49
156
124
74
124
112
97
183
189
237
80
55
28
167
192
105
107
94
63
200
30
165
117
65
103
84
94
178
51
159
149
59
108
38
178
50
182
150
84
71
64
75
123
149
92
105
114
94
125
132
127
112
142
184
53
205
96
82
199
225
114
191
195
121
103
12
116
63
101
93
69
198
46
70
222
58
184
127
180
144
142
55
149
88
50
108
104
192
105
77
167
96
68
240
125
40
144
72
66
40
28
149
116
63
104
85
77
118
51
33
202
60
83
60
58
32
47
220
82
196
133
67
216
31
51
63
169
72
89
55
146
78
60
172
65
69
132
48
47
40
35
62
113
105
67
68
174
34
138
68
111
85
100
30
59
137
82
126
199
100
48
76
85
107
61
83
129
65
84
63
75
82
136
206
10
94
108
102
173
191
98
59
134
123
54
64
132
188
173
128
162
