494 734
791 437
215 721
526 176
564 138
201 652
701 96
178 770
212 513
64 520
512 522
340 457
579 568
43 176
125 201
166 232
509 53
651 136
329 278
232 623
328 106
306 511
170 174
14 688
1 375
466 680
104 91
87 1
519 463
680 366
32 643
293 54
238 387
374 359
342 42
167 379
599 121
738 193
316 53
516 308
244 239
408 721
442 73
549 381
792 752
657 714
334 131
525 567
698 39
332 315
445 348
452 776
630 751
630 606
453 99
705 724
526 536
333 90
674 724
121 375
252 752
676 81
640 515
571 691
384 35
244 144
661 741
130 533
691 5
267 101
61 385
438 664
470 439
616 389
457 6
47 214
402 407
101 524
448 478
723 667
436 236
101 730
157 704
565 32
527 236
287 423
318 764
667 1
358 450
613 643
143 348
613 577
302 427
705 61
195 410
608 760
516 233
616 309
551 771
421 382
276 251
727 334
187 239
114 550
644 68
125 286
107 392
488 173
729 433
217 786
201 714
685 536
105 116
518 741
307 337
679 351
269 787
752 744
237 81
675 402
573 306
724 130
362 602
359 350
205 512
755 166
320 326
735 758
785 295
412 394
367 33
668 468
356 463
226 178
771 203
748 65
325 762
178 563
359 285
530 685
255 523
388 289
168 369
769 781
302 354
679 640
676 757
795 787
139 354
318 605
232 454
775 111
12 22
22 658
328 680
543 600
230 142
578 559
345 315
326 648
662 39
653 535
438 414
433 401
644 52
441 306
256 713
378 636
523 508
261 413
145 49
487 629
627 39
467 198
477 523
225 273
153 616
99 206
577 385
60 353
209 355
450 158
462 55
585 415
701 354
577 38
45 688
535 369
793 517
659 797
430 110
722 509
521 226
495 690
491 587
775 184
276 779
521 691
77 380
61 605
643 702
230 291
124 93
287 395
717 277
635 357
394 360
313 745
185 159
390 704
649 114
628 126
794 343
523 38
623 135
225 110
672 290
656 355
291 460
631 263
381 322
97 403
295 197
38 581
296 97
654 559
513 763
366 64
80 601
604 293
661 681
265 522
425 43
714 737
530 582
392 11
593 248
667 594
603 315
651 123
506 87
544 463
778 440
658 609
172 157
397 685
443 426
190 46
269 463
641 205
386 471
238 282
259 696
787 665
562 211
653 211
791 29
397 351
498 286
316 311
151 477
396 126
612 600
662 777
732 599
126 718
620 633
191 654
458 543
412 594
178 497
621 121
265 490
286 433
204 729
792 372
375 403
233 711
563 82
502 106
83 75
449 272
272 797
664 564
35 635
539 189
537 699
136 89
616 61
713 518
590 241
272 285
521 16
516 782
580 630
304 308
602 579
168 762
157 315
681 27
84 193
480 566
171 3
543 85
380 114
194 79
106 231
638 525
341 410
553 390
167 593
611 616
428 556
655 299
54 371
14 271
219 35
156 727
227 197
89 402
379 25
776 366
327 251
512 154
343 700
639 267
230 123
136 74
642 549
669 304
298 395
670 233
676 43
537 270
614 1
103 252
537 147
126 17
169 614
750 79
47 711
605 282
527 194
588 692
756 789
30 487
265 297
644 405
221 674
378 428
580 428
685 78
539 572
243 744
286 247
530 593
750 49
124 269
314 680
752 201
30 281
310 394
81 236
525 21
509 228
553 465
407 570
472 521
113 447
599 648
251 762
156 100
310 566
304 242
315 145
249 556
296 403
646 721
256 159
232 568
336 58
46 255
214 676
487 517
236 757
206 678
394 187
393 501
477 464
300 84
672 559
545 680
382 298
751 688
60 416
226 778
130 476
599 19
470 84
94 222
181 279
47 174
182 190
109 116
229 238
42 240
72 388
105 399
5 110
112 287
257 276
14 102
113 391
52 377
54 240
126 158
150 272
79 253
11 387
64 227
251 346
71 167
84 285
66 127
216 329
282 370
258 333
229 341
18 322
59 319
278 303
286 293
219 290
60 166
71 269
131 161
182 213
19 375
185 288
274 353
16 54
299 332
101 184
244 327
308 376
197 343
369 391
92 376
83 303
149 154
40 346
168 388
276 349
165 392
225 283
79 233
182 279
192 290
288 334
254 364
305 316
111 390
61 104
29 108
92 132
267 310
10 241
153 228
296 311
121 195
99 246
213 278
77 260
259 346
95 377
124 375
132 276
111 161
108 131
49 220
89 262
237 262
300 335
335 357
197 391
312 367
219 313
182 398
357 362
283 289
58 146
294 311
99 129
306 399
123 126
141 392
307 390
97 229
313 331
20 46
91 311
33 123
63 197
117 393
192 333
267 348
30 284
254 285
351 356
36 211
260 396
26 337
67 396
104 160
213 240
97 238
171 193
308 330
36 303
2 277
236 341
136 207
90 180
27 337
161 289
14 357
81 317
4 211
277 385
73 205
23 199
164 210
85 169
30 223
199 223
38 130
88 250
135 351
21 140
25 286
57 389
184 321
130 227
8 272
16 279
94 260
28 388
63 193
5 267
66 233
49 259
216 331
110 297
207 370
5 310
174 301
65 374
294 369
234 301
159 324
202 305
83 334
66 200
135 151
224 374
101 115
70 319
179 360
168 174
197 286
42 279
124 379
111 225
252 348
215 316
66 146
148 221
10 352
313 329
58 95
19 310
110 382
190 232
55 143
98 113
18 373
63 286
177 306
36 210
131 307
178 187
129 206
191 289
153 340
114 330
57 69
169 330
235 320
294 391
176 310
97 325
151 356
273 308
2 384
156 244
55 127
177 335
9 67
253 264
47 355
184 347
8 379
94 148
38 69
52 263
268 312
0 286
53 296
194 355
54 190
216 217
140 372
183 241
25 391
45 377
162 163
166 274
51 226
90 221
47 301
215 247
18 138
200 230
265 340
47 157
227 304
46 389
14 22
274 382
170 327
49 114
4 278
14 306
8 124
274 317
77 368
18 291
139 391
34 389
110 385
353 370
16 83
65 156
26 327
227 380
133 208
87 160
253 393
178 347
17 211
21 372
138 141
213 279
6 210
171 197
279 398
262 311
138 295
7 109
381 399
52 200
1 191
90 105
124 137
84 96
157 262
86 196
12 157
34 235
156 208
78 268
330 361
155 194
310 379
214 271
264 390
65 133
169 361
24 179
72 162
81 284
9 77
339 356
94 150
85 330
19 267
208 244
142 298
115 347
76 163
105 362
58 233
47 383
76 257
301 352
98 226
260 270
206 220
53 237
285 336
110 277
23 153
336 342
69 389
122 372
199 340
91 283
125 359
86 282
177 399
94 142
29 101
97 236
27 327
75 315
366 387
144 361
75 362
308 361
159 358
26 280
222 378
183 365
132 218
65 224
73 217
70 314
271 288
268 301
115 205
114 158
45 146
123 276
90 142
190 261
161 191
33 276
240 323
213 303
278 279
33 206
110 267
39 84
93 104
3 323
76 276
42 190
68 332
173 181
198 394
102 357
110 353
105 357
160 334
317 385
268 367
149 375
15 22
122 269
183 187
3 4
91 237
286 391
71 171
113 286
335 399
5 385
29 217
113 293
274 395
19 348
343 391
101 119
50 129
41 245
209 358
282 395
181 323
234 355
243 262
110 265
11 92
52 58
183 205
156 378
243 264
155 294
352 355
153 199
167 366
27 170
99 162
18 354
333 364
3 254
4 336
65 118
65 215
59 106
61 351
53 89
6 93
77 270
176 267
61 332
99 257
368 394
15 318
96 192
103 223
80 386
62 225
367 388
118 389
52 189
283 307
300 381
9 103
247 287
110 274
63 139
315 362
327 371
54 182
150 248
11 132
265 297
308 349
56 168
319 368
92 203
192 285
126 220
170 371
97 341
123 220
170 305
60 207
232 235
164 288
29 329
122 149
107 173
80 141
20 38
176 228
25 71
149 358
21 272
109 297
241 365
88 308
48 351
162 349
140 375
130 232
2 370
43 178
67 137
144 330
362 399
277 370
82 267
141 281
262 296
66 263
173 386
81 82
183 347
141 165
254 336
209 324
130 235
194 269
56 355
163 246
262 294
222 322
63 294
28 241
56 367
58 200
114 126
34 38
97 313
32 94
370 395
171 301
73 115
21 248
28 350
224 389
91 307
231 272
120 333
141 158
241 309
240 363
215 305
56 157
0 391
45 52
2 82
323 336
222 374
104 332
69 215
59 142
97 217
324 358
283 390
146 377
345 394
12 296
71 197
287 327
309 350
125 134
11 88
48 339
76 246
192 364
117 147
252 277
106 396
374 389
240 303
272 375
104 397
57 130
290 333
53 283
75 399
116 196
87 299
42 232
71 193
85 273
185 213
34 320
74 292
87 332
11 21
55 263
50 206
190 398
33 220
229 313
291 373
62 283
59 198
31 34
97 216
23 81
179 319
92 218
4 342
48 356
160 397
67 270
49 295
80 281
53 369
95 263
269 366
187 309
175 354
120 341
154 358
243 311
158 259
194 301
0 113
199 284
195 339
48 299
222 318
0 226
115 217
0 25
117 233
260 368
55 230
179 394
49 392
146 200
283 328
129 349
91 262
3 336
30 186
342 364
30 153
10 367
75 360
162 246
194 268
259 291
57 227
280 287
112 202
102 251
60 353
204 331
154 159
115 329
10 174
114 346
20 31
28 168
26 170
170 287
231 372
137 338
193 226
90 198
172 397
56 268
33 99
100 346
217 329
137 176
8 248
32 330
24 314
232 398
31 38
170 280
152 280
11 218
159 245
62 131
236 255
241 350
284 340
69 378
180 201
205 329
0 197
183 350
109 370
83 213
273 330
118 247
305 327
106 221
348 382
188 242
194 234
120 290
135 339
21 218
26 152
193 197
40 318
185 334
69 118
59 368
179 198
151 339
161 390
108 191
105 306
106 148
274 297
127 143
31 118
1 289
33 129
204 359
254 333
89 294
66 230
9 199
82 297
29 184
92 330
83 278
47 168
64 235
12 91
63 369
19 176
170 247
129 162
13 177
99 276
148 298
29 321
116 370
138 322
247 302
372 375
103 176
30 81
360 381
246 349
290 325
240 398
53 91
266 296
107 192
2 317
45 66
114 144
76 99
105 298
70 221
65 326
116 384
291 346
59 90
48 61
72 163
221 396
82 317
45 58
153 186
36 271
24 394
104 351
42 182
172 288
185 363
110 317
72 76
103 310
127 147
6 48
200 343
33 158
38 57
262 266
95 98
199 228
68 93
120 229
104 164
39 120
193 286
230 377
139 193
119 347
14 177
211 239
42 54
59 148
93 356
84 290
6 339
164 397
219 341
131 289
41 51
92 308
331 359
60 384
384 395
19 338
78 250
372 379
48 135
259 322
154 324
111 283
198 319
105 148
40 100
168 367
182 292
104 172
76 349
77 103
185 292
131 347
15 102
96 364
156 215
29 115
104 211
160 288
65 318
274 385
116 136
101 275
31 224
90 298
93 299
215 371
229 236
132 349
181 261
281 392
17 214
106 179
86 136
170 316
85 218
96 173
382 385
40 251
100 373
178 309
290 341
188 264
4 271
279 323
28 56
237 328
215 326
55 66
155 234
124 150
137 310
49 144
106 198
140 272
201 251
166 353
65 69
33 76
69 374
1 242
49 138
72 129
75 335
41 209
168 383
12 355
150 270
16 42
242 275
35 148
77 228
246 388
95 189
184 212
80 165
132 387
300 306
134 204
52 343
380 389
133 318
92 169
52 66
62 111
154 252
22 244
16 240
41 71
231 379
57 224
182 240
306 362
6 125
84 333
204 216
252 358
60 196
235 380
106 368
85 203
212 275
241 388
203 273
126 295
205 347
127 344
60 395
243 266
124 270
218 231
2 348
54 279
312 387
302 337
47 155
84 192
279 336
208 378
200 377
240 278
214 239
277 353
206 276
13 75
118 224
10 47
16 182
40 291
100 291
132 250
79 393
35 59
3 107
174 383
140 231
286 343
30 228
220 257
300 399
167 324
133 244
280 327
15 357
301 366
212 242
83 397
166 370
129 276
12 311
173 323
67 77
225 243
190 304
86 324
61 239
302 305
304 380
315 335
124 260
227 320
59 70
25 197
218 273
97 120
238 329
198 221
67 124
50 163
36 214
301 355
26 371
33 257
151 195
39 96
250 349
225 307
65 208
48 68
185 397
116 207
44 233
14 300
145 230
213 292
20 304
122 154
118 326
139 197
159 252
294 343
14 244
15 306
8 140
50 257
194 367
48 164
93 256
35 142
278 288
92 273
155 352
19 382
61 160
46 374
100 222
165 281
194 352
25 209
193 391
174 312
163 349
211 214
174 268
44 393
57 374
236 249
219 229
21 231
227 261
184 329
85 308
6 351
256 339
220 392
5 277
166 358
166 348
20 389
72 246
115 216
175 291
79 145
34 57
164 351
113 193
20 374
85 272
196 207
138 259
2 252
98 286
310 338
55 200
111 289
117 143
346 354
108 275
49 158
102 318
38 227
144 259
0 139
89 243
120 187
110 348
173 342
250 387
43 309
57 380
40 133
362 381
161 237
102 201
77 345
154 167
297 317
85 376
96 342
25 139
288 397
37 331
53 145
154 209
204 313
7 265
16 303
104 239
75 177
67 260
145 243
204 329
28 365
37 125
330 376
306 335
46 224
71 245
35 298
67 310
232 320
145 264
10 383
20 57
237 283
101 329
63 343
87 172
99 163
40 222
196 353
318 378
89 296
164 185
116 353
18 158
100 295
201 346
0 193
147 233
18 295
167 269
10 268
203 330
267 382
89 343
126 138
291 354
29 313
126 346
29 119
122 159
18 141
100 322
43 73
122 167
53 262
130 320
65 378
27 152
49 123
50 162
99 349
245 324
1 108
137 375
47 56
103 260
117 127
300 362
161 283
116 395
28 383
50 165
148 198
67 103
240 279
35 90
238 341
160 332
221 368
48 93
207 324
175 251
3 342
84 364
243 390
70 179
181 190
3 96
368 396
137 270
124 396
219 331
103 199
22 318
353 395
222 373
343 369
206 392
287 337
121 339
208 215
326 378
249 255
66 377
20 69
153 284
265 317
47 352
106 319
13 399
119 205
69 326
285 323
182 363
16 278
255 331
73 183
26 112
70 394
244 371
16 292
307 328
36 278
107 342
183 309
221 319
126 144
111 328
121 359
78 383
32 203
216 313
16 363
129 246
0 51
275 321
168 241
60 370
2 166
261 386
323 342
27 302
249 290
11 349
162 388
47 234
74 232
40 373
173 285
178 350
32 169
38 320
306 381
257 392
101 204
18 49
54 232
205 217
155 171
73 350
82 265
6 151
104 214
202 337
22 133
172 332
258 281
1 188
32 142
13 300
106 394
44 253
128 212
20 34
76 88
7 274
184 204
68 87
93 135
182 232
218 272
102 175
144 158
84 236
59 179
315 381
277 382
143 233
56 383
160 172
25 245
198 314
267 338
156 318
104 271
69 224
215 244
134 151
120 236
100 251
35 94
131 191
10 234
30 199
10 28
171 194
5 338
20 227
217 313
221 394
240 336
54 181
39 187
25 193
140 150
223 345
258 364
53 243
135 256
81 297
133 326
115 119
146 189
55 233
50 99
298 357
370 384
150 218
204 212
219 238
174 388
56 352
64 320
43 187
69 156
63 89
114 259
236 333
85 92
1 321
2 274
34 380
89 311
191 390
27 280
82 274
304 374
148 319
97 205
166 277
272 273
20 224
124 231
247 337
219 329
60 274
90 106
122 312
88 387
85 248
6 121
195 359
251 291
78 388
178 205
8 375
206 257
15 335
114 361
4 214
117 344
248 273
141 220
165 258
135 356
53 311
99 206
11 250
89 230
56 174
167 209
156 305
208 318
94 180
2 110
44 147
149 372
274 277
144 376
136 282
0 293
350 365
70 368
62 390
83 292
116 282
196 395
17 271
60 277
106 314
111 191
52 95
55 58
224 380
367 383
173 364
12 262
55 79
78 387
140 270
20 380
281 364
335 362
7 384
165 220
92 248
120 238
73 119
119 184
43 120
70 106
303 363
205 313
81 186
325 329
130 380
222 354
225 296
170 337
40 175
113 226
86 116
71 209
117 146
68 299
127 146
3 192
327 337
119 217
78 367
157 234
238 313
78 246
168 365
31 380
123 259
83 363
55 377
42 74
244 318
335 360
156 326
306 357
76 206
231 248
44 143
98 293
81 340
17 36
123 144
279 303
91 157
23 30
172 334
31 69
75 381
375 379
163 206
2 382
12 234
119 131
4 323
8 150
296 328
186 199
37 195
142 180
105 335
155 355
85 361
46 57
107 364
189 263
48 160
55 146
172 185
184 205
44 127
177 362
219 325
28 72
58 79
303 336
133 156
64 380
277 348
76 162
180 298
125 339
217 347
92 361
86 207
106 142
68 160
59 221
75 306
56 194
160 164
179 221
66 189
242 321
185 303
255 325
10 56
58 117
104 210
301 383
273 376
345 368
89 200
177 300
249 331
138 158
40 102
29 347
86 370
233 263
30 265
254 342
219 249
137 379
210 271
236 290
112 244
169 248
196 384
184 217
38 64
51 293
361 376
45 200
49 126
125 151
295 354
229 329
267 385
63 391
118 156
215 378
334 397
225 328
203 376
64 232
125 195
87 164
223 228
2 60
96 285
118 305
213 398
64 130
22 208
24 70
169 218
225 390
348 385
100 201
225 237
91 296
43 350
84 258
54 261
289 390
227 235
34 227
93 160
26 287
237 390
134 195
45 95
36 288
338 382
124 140
6 61
97 329
59 298
23 340
35 180
48 332
25 171
153 223
285 342
282 384
96 254
139 286
102 306
53 266
270 396
332 351
192 254
177 357
129 163
295 346
24 198
325 341
48 87
280 337
94 169
226 293
305 326
313 325
54 398
114 123
112 170
301 367
268 366
115 313
273 361
23 284
151 256
164 334
33 49
37 121
1 212
53 294
120 219
276 308
103 228
37 134
115 184
52 146
11 308
325 331
76 250
5 176
18 259
9 223
18 126
76 129
309 365
58 263
18 392
210 239
197 293
51 113
58 66
4 303
188 289
234 352
186 284
121 134
74 182
2 353
128 134
101 212
139 343
45 55
184 275
3 364
79 264
91 243
1 275
29 73
37 204
338 385
70 198
150 169
163 276
88 276
129 257
45 233
157 296
73 178
17 210
113 139
88 132
157 352
118 215
4 36
104 288
210 214
186 340
14 15
233 344
128 275
166 252
57 304
32 180
244 326
42 398
43 183
40 354
39 333
227 232
19 379
56 234
91 161
277 384
209 245
7 297
111 307
140 379
6 332
138 220
202 327
138 392
78 162
169 203
274 384
14 335
229 290
55 393
178 238
25 41
202 280
322 354
108 119
89 369
196 370
296 369
77 396
176 338
136 324
335 381
37 359
55 117
291 295
155 157
192 258
219 236
263 377
122 366
259 295
144 295
128 321
160 299
88 349
113 197
41 324
252 385
26 202
103 137
353 384
14 362
61 299
161 328
230 266
312 366
121 135
181 386
14 75
0 98
14 399
247 316
8 137
143 344
146 233
7 395
210 211
149 167
56 301
172 299
268 269
13 381
101 128
343 377
109 353
169 376
46 69
383 388
58 377
150 273
108 242
9 396
112 280
19 385
112 327
79 230
59 314
164 299
237 243
208 326
311 369
124 272
32 35
112 371
287 371
268 383
44 117
213 363
161 307
81 153
88 92
148 180
247 371
100 354
55 344
149 159
75 300
22 102
133 215
5 19
13 362
6 356
117 253
319 394
164 332
285 364
175 201
6 135
261 304
248 272
39 258
208 371
80 173
266 343
12 352
166 384
104 299
15 105
96 333
254 290
118 316
34 130
82 385
249 325
60 109
4 285
3 84
93 332
205 238
328 390
53 225
45 263
44 344
233 393
100 175
247 305
207 358
8 270
62 161
210 351
32 85
360 362
236 325
60 282
62 307
229 325
72 78
191 242
10 301
160 351
304 386
5 382
219 255
38 389
262 369
212 321
203 308
216 219
53 328
169 273
251 354
266 311
22 156
339 351
109 384
89 266
174 367
287 305
374 378
170 302
314 319
101 216
73 309
173 192
139 171
127 393
320 380
188 191
61 210
8 231
176 385
192 342
47 194
185 278
221 314
295 322
62 328
107 323
158 220
31 57
159 167
216 325
91 328
5 348
133 378
73 347
91 266
247 327
108 321
7 81
8 260
17 61
40 201
123 206
101 321
132 308
16 213
97 219
170 202
145 237
255 290
302 316
3 173
81 265
10 168
61 93
164 172
49 141
236 254
154 245
256 356
144 203
7 317
23 186
123 257
140 248
34 64
107 181
252 382
161 225
111 237
90 148
61 121
18 100
292 363
82 110
89 145
152 337
10 365
84 342
11 273
12 47
269 301
30 340
93 339
45 230
211 271
58 127
218 248
83 288
126 259
202 287
83 185
202 371
12 155
178 183
299 351
158 295
60 86
197 226
2 385
201 291
315 360
31 389
66 95
17 239
109 282
313 341
357 399
46 261
154 207
252 353
42 64
3 285
171 355
16 398
127 233
58 230
121 351
216 341
223 284
237 311
347 350
177 381
35 106
228 284
103 396
196 282
301 312
237 264
74 235
147 344
134 359
9 345
109 395
123 129
167 245
322 373
175 346
110 166
123 158
143 147
302 327
78 174
314 394
231 375
38 224
60 116
136 196
162 276
203 361
107 279
107 336
61 164
158 392
121 151
29 205
9 228
266 294
11 85
266 369
96 258
38 380
36 239
114 295
145 266
305 371
238 325
243 283
84 254
269 312
32 376
146 263
142 148
295 373
226 286
93 351
91 225
107 285
87 334
80 364
179 314
121 125
46 304
112 152
239 271
123 392
354 373
128 204
216
190
149
67
60
146
29
77
65
86
147
187
95
38
81
38
120
106
111
98
50
143
138
104
39
112
96
33
34
60
55
217
80
77
117
185
113
91
103
114
140
48
92
119
62
145
119
32
152
77
148
155
31
130
11
183
133
145
128
72
67
72
67
224
158
128
123
208
55
212
134
98
197
66
100
175
94
42
73
122
60
155
128
62
27
141
43
34
77
104
49
80
39
44
79
21
60
28
195
65
84
40
121
82
139
70
9
53
86
39
22
180
147
82
73
17
161
126
73
25
72
27
128
54
149
119
111
175
125
40
101
166
73
176
75
61
49
176
121
212
57
81
79
146
135
230
52
155
28
72
33
82
84
107
172
90
175
37
122
84
123
144
109
72
109
79
86
193
111
41
68
137
73
122
216
23
135
90
37
189
164
115
89
100
80
48
54
55
122
130
123
69
27
60
163
75
48
25
164
58
133
116
101
113
147
69
76
89
112
59
102
113
136
146
91
97
140
61
60
29
169
93
97
192
17
31
150
75
121
89
95
31
49
166
56
112
60
154
118
30
49
86
67
19
132
170
152
27
122
54
21
84
37
44
37
56
54
51
128
65
95
36
136
119
156
112
33
89
62
157
111
206
183
116
11
54
66
23
71
85
161
21
63
163
17
78
72
64
156
83
276
96
56
88
48
65
39
100
141
59
99
85
187
56
124
76
98
44
52
68
48
81
68
102
80
178
145
90
168
38
112
119
84
233
138
200
89
73
36
80
40
130
83
167
76
85
31
166
67
61
81
110
114
39
66
92
110
73
66
169
20
73
115
112
39
46
64
99
84
51
97
154
24
77
130
30
239
168
142
140
139
68
29
132
86
67
37
60
73
73
145
92
230
82
49
96
64
170
19
101
141
124
109
191
85
171
50
47
111
180
101
91
102
110
125
61
116
84
64
12
108
50
139
83
87
80
106
144
27
202
175
59
76
108
66
66
139
173
201
42
97
180
39
132
109
48
91
74
60
143
52
94
75
120
40
61
117
63
128
70
164
127
33
160
114
135
64
196
84
132
19
86
73
120
46
117
56
36
86
43
34
84
139
77
38
87
130
80
169
167
139
58
80
176
62
61
53
154
69
58
160
103
42
57
53
134
35
107
146
77
94
33
61
55
115
143
96
192
91
143
215
133
60
33
56
117
101
76
175
101
14
109
144
66
187
43
59
80
54
76
111
21
115
80
245
153
109
150
147
196
115
88
50
19
48
61
182
26
111
81
163
48
179
98
75
91
108
133
133
133
132
64
79
148
169
54
80
100
91
86
56
65
147
64
48
31
106
105
17
73
32
32
71
78
167
48
184
93
25
139
83
91
75
80
154
73
34
101
52
50
79
107
44
54
161
22
60
136
64
148
47
138
29
101
56
131
97
147
156
77
69
71
136
152
77
197
42
93
95
140
114
105
152
153
111
85
25
139
170
99
178
95
190
88
162
120
116
183
132
30
75
76
84
59
169
35
8
214
114
145
29
105
331
74
133
64
89
180
45
103
38
127
94
101
104
103
141
282
145
155
148
70
164
199
152
45
45
142
124
38
35
130
115
128
43
118
54
115
209
62
66
64
181
208
276
70
98
148
78
79
152
73
98
76
35
76
115
117
69
135
24
101
76
114
120
47
21
105
42
203
91
72
61
81
138
217
150
130
133
121
159
114
63
174
36
63
61
33
115
64
52
45
46
42
45
41
36
111
136
143
79
70
175
158
84
232
25
29
140
129
84
78
178
61
43
43
172
52
135
133
46
74
65
105
165
56
14
80
27
65
95
57
68
117
132
121
51
95
70
100
123
170
133
78
89
17
167
109
74
12
87
73
64
108
186
63
67
140
70
32
88
23
138
40
63
40
71
14
102
97
168
146
25
103
143
79
29
61
114
155
127
130
46
88
68
175
185
93
81
111
226
173
44
33
98
54
112
82
45
75
176
88
63
54
35
209
45
65
80
106
204
119
63
74
95
41
48
57
47
59
110
87
194
131
78
174
140
81
29
103
164
37
79
59
74
99
83
172
65
131
97
91
82
41
93
106
34
15
143
145
60
91
107
120
89
74
218
166
103
137
48
81
137
76
126
90
205
123
149
199
104
165
115
82
111
51
97
174
38
100
124
79
88
140
66
128
224
102
47
107
36
72
129
167
75
113
48
68
207
125
22
146
75
104
132
89
109
130
101
264
26
101
51
29
88
57
46
121
78
74
234
52
171
116
20
61
175
90
131
43
119
97
78
63
40
175
31
110
124
92
65
42
63
62
71
102
115
152
81
178
95
69
53
218
32
108
60
114
118
205
34
100
135
66
116
159
94
70
63
92
12
78
72
112
157
154
94
148
54
59
55
82
90
152
114
88
165
198
107
96
81
60
107
111
79
33
9
33
117
136
144
132
132
196
49
40
89
189
28
116
64
160
86
85
155
132
103
63
130
96
48
169
83
103
104
23
81
93
147
97
123
165
72
165
110
134
168
55
35
29
56
90
92
66
63
164
165
127
59
114
47
73
39
72
94
92
111
28
51
68
98
19
73
30
140
24
51
60
156
86
102
93
81
83
223
143
155
141
38
56
96
179
165
140
184
69
23
29
80
30
71
29
26
84
110
79
118
100
99
37
72
54
57
117
69
69
135
106
100
21
43
125
195
132
59
19
89
76
140
38
56
15
49
121
96
251
129
69
164
36
56
149
145
77
101
90
164
126
134
74
162
46
106
113
70
119
185
196
64
55
53
228
210
130
88
203
105
66
166
107
109
35
49
43
92
141
124
169
102
58
92
127
64
96
158
30
96
162
109
57
180
158
71
80
87
186
92
139
165
47
127
61
72
57
75
93
89
78
129
249
76
60
159
221
151
109
56
33
120
66
46
94
105
72
172
52
29
47
57
66
45
129
20
206
15
44
42
79
197
85
166
90
130
56
95
45
81
100
167
76
76
81
137
130
107
72
61
85
133
75
23
96
137
70
72
52
67
74
16
51
50
59
112
99
89
148
164
57
41
65
55
46
121
164
84
138
207
66
88
17
87
37
81
156
88
39
87
159
33
59
68
130
103
215
65
195
50
173
97
88
34
110
87
187
125
188
165
170
55
104
51
94
102
94
23
122
86
227
30
131
100
112
139
76
115
73
60
117
100
160
80
139
117
95
161
38
65
51
106
48
73
81
146
109
123
114
52
102
65
70
28
87
80
81
149
143
162
139
135
87
86
113
32
70
91
105
39
38
71
94
83
62
82
22
143
90
66
40
68
56
82
117
197
58
91
55
176
56
61
106
90
59
71
58
209
110
146
22
115
55
102
56
137
74
57
66
61
140
100
70
103
142
60
104
59
37
15
210
145
61
131
199
79
35
19
39
78
108
113
37
30
109
169
68
34
34
121
30
118
83
125
139
45
210
34
22
143
160
50
34
76
111
15
100
101
174
154
121
92
128
36
78
42
72
67
83
57
70
111
98
73
77
41
60
158
13
55
126
20
130
70
82
75
112
184
42
64
88
70
106
107
66
21
96
68
62
89
154
85
137
157
64
79
91
103
123
170
148
86
107
84
167
69
64
91
83
85
159
96
82
102
73
16
129
112
158
20
98
139
37
118
118
17
100
174
111
50
171
197
93
127
154
73
120
128
110
124
93
106
18
130
129
149
101
121
67
99
30
69
22
74
58
108
64
56
57
141
196
128
21
93
65
157
62
102
44
89
85
116
105
116
61
20
35
121
147
102
100
34
57
95
52
95
140
100
126
157
92
98
87
153
23
34
69
82
25
193
162
37
88
92
144
91
41
64
128
24
61
96
27
40
142
97
144
48
113
27
113
127
54
103
56
93
186
125
94
75
78
83
43
81
137
25
134
131
83
135
197
158
169
75
42
101
64
67
166
77
112
126
67
118
137
189
60
25
96
37
85
173
113
25
99
73
23
44
134
76
82
154
23
126
68
79
195
165
108
99
197
208
53
37
68
21
101
36
80
41
72
144
195
80
91
68
102
117
42
57
60
83
150
91
132
74
61
123
81
53
109
109
95
141
80
187
62
37
103
96
167
148
74
23
89
81
103
159
81
155
74
147
39
76
70
114
83
146
66
61
43
128
120
65
31
14
144
136
77
112
90
64
151
204
179
114
150
100
62
207
50
48
88
117
63
37
57
99
94
108
50
62
43
38
46
127
99
140
233
163
144
73
97
146
156
21
120
102
94
114
145
161
66
27
84
26
77
55
168
58
54
50
59
102
154
51
95
101
67
98
10
117
164
15
118
149
297
100
45
156
102
136
178
99
59
25
173
27
142
30
33
31
61
49
43
151
99
116
190
88
74
24
63
132
38
118
70
164
132
186
87
176
41
118
118
88
64
123
97
152
165
106
173
173
66
140
29
98
158
134
69
27
67
26
107
115
73
88
99
74
35
100
92
126
87
137
113
129
134
28
166
147
78
70
90
78
194
86
110
64
125
60
146
86
158
86
167
100
84
79
136
49
88
98
160
36
50
72
81
154
50
48
132
322
51
73
23
132
