731 178
180 337
27 680
223 430
37 105
568 539
455 489
584 483
156 321
586 249
424 323
97 484
264 143
736 706
487 276
117 590
78 170
155 568
161 303
715 219
163 615
403 368
444 591
333 679
256 643
478 117
204 78
161 48
568 453
228 18
772 671
334 302
253 79
571 306
338 379
576 772
68 172
602 55
114 709
63 491
69 515
353 385
533 267
418 528
656 146
196 212
754 551
144 319
348 269
420 513
375 651
715 40
648 507
491 782
745 582
525 48
66 55
3 733
681 619
432 84
683 72
613 766
373 297
298 620
255 605
346 351
761 477
251 229
20 243
601 16
640 501
143 701
627 768
561 160
480 516
439 702
180 370
782 768
671 286
444 205
171 630
125 11
364 565
128 46
362 229
599 181
128 215
186 331
713 63
43 74
357 729
184 743
293 20
585 98
8 625
108 12
226 561
784 587
176 132
501 328
618 681
404 657
793 478
508 370
337 333
709 446
476 414
531 724
342 606
452 413
185 687
519 57
511 49
652 639
368 414
347 754
186 425
165 701
112 458
203 509
695 329
729 449
0 460
16 609
706 172
193 716
306 681
316 435
654 392
169 465
669 271
331 372
300 69
74 180
200 156
748 475
440 793
345 118
475 563
682 412
776 430
414 110
598 676
436 710
263 8
676 39
323 748
483 323
133 424
746 31
693 411
583 362
153 542
633 771
500 242
124 195
393 578
800 206
663 706
95 269
575 392
146 270
714 29
467 254
317 496
672 401
392 613
319 204
314 584
520 467
677 595
480 99
122 252
271 279
238 304
687 393
784 664
159 679
414 628
412 124
401 349
151 727
312 431
554 568
789 95
97 705
166 553
789 367
237 675
712 87
512 429
603 743
525 331
275 508
38 425
772 414
155 18
410 33
579 579
593 783
150 240
553 543
433 623
529 584
542 719
60 300
240 404
579 712
173 739
298 642
757 235
716 427
231 152
754 270
645 171
411 156
553 583
321 715
71 108
39 78
254 58
533 120
780 74
379 385
663 310
514 420
749 352
456 711
585 749
79 54
110 674
726 787
160 490
362 456
234 0
697 454
388 267
126 485
108 755
424 142
134 125
426 738
10 337
249 207
618 448
743 435
323 278
603 549
19 68
530 705
427 373
86 674
200 485
443 121
193 78
789 762
349 692
607 664
3 225
608 5
614 97
75 312
258 584
249 174
422 602
707 493
389 796
534 449
384 783
646 607
180 627
104 672
385 596
263 265
218 659
321 753
41 658
48 482
86 425
761 680
114 199
113 129
263 372
535 789
425 163
1 73
51 247
631 39
516 141
442 65
648 163
644 797
79 596
403 650
363 244
631 142
643 45
643 20
773 684
31 621
789 613
140 743
2 9
606 717
233 507
368 57
2 346
56 463
191 577
737 89
558 116
677 390
568 218
351 705
540 129
27 276
234 269
603 281
419 799
463 119
120 767
118 303
94 353
644 530
702 59
510 539
428 535
281 472
545 557
598 100
399 319
723 367
766 481
67 547
486 618
626 111
77 103
670 373
520 788
142 606
335 449
780 116
448 786
127 773
223 347
324 799
142 136
682 773
615 306
189 116
749 421
78 558
697 427
14 423
615 387
724 294
454 314
244 798
267 581
134 285
536 732
667 189
710 225
656 444
334 110
542 775
637 79
437 246
138 193
104 381
51 496
396 412
111 263
237 598
580 538
2 19
25 84
419 357
611 294
674 164
148 103
748 759
678 543
8 246
534 249
607 252
654 749
514 690
208 734
256 516
770 638
386 495
354 27
24 652
401 483
433 117
7 713
615 358
184 541
141 438
96 398
167 263
59 215
241 266
22 166
371 377
21 250
188 274
82 108
158 257
180 377
14 79
118 277
4 376
71 271
297 324
90 126
195 226
102 135
60 335
257 269
114 127
47 172
197 289
138 325
139 363
89 375
170 269
261 286
117 125
139 311
96 373
287 366
199 303
20 80
165 354
296 366
86 280
9 33
34 41
208 301
24 358
251 393
60 366
90 266
214 290
161 172
165 211
78 378
7 201
8 359
69 296
255 298
35 107
116 232
93 111
91 181
167 273
103 147
249 387
50 108
61 291
2 123
150 331
61 228
259 296
29 220
25 319
205 359
160 190
87 359
249 365
35 360
119 186
115 256
375 376
33 42
181 320
180 223
23 256
212 243
218 248
52 382
24 274
241 318
145 287
230 251
312 385
134 263
14 163
25 253
308 339
215 284
123 299
37 296
81 95
35 61
76 344
81 83
84 236
12 212
123 292
362 379
220 234
5 216
88 341
87 316
158 386
204 249
184 222
199 291
114 233
18 47
104 330
277 333
3 206
130 355
7 70
78 130
314 329
107 228
358 373
350 352
46 66
32 254
105 175
7 247
183 201
136 143
181 185
19 361
15 339
258 383
9 85
160 244
6 394
53 318
188 388
105 121
91 343
160 267
205 322
121 150
266 342
4 219
15 333
145 297
70 323
266 268
115 146
288 319
9 312
114 131
333 370
47 372
66 121
8 321
86 172
98 281
6 391
301 320
99 192
111 221
328 374
389 398
44 85
20 270
23 217
14 192
175 311
160 225
128 354
22 326
23 115
227 249
153 291
8 87
104 180
90 146
59 141
52 70
311 331
15 270
71 238
371 394
147 163
137 215
100 158
141 197
56 95
41 114
13 381
42 385
23 108
67 273
145 366
74 326
190 225
73 310
204 360
250 356
41 340
311 352
88 296
177 230
311 397
145 189
130 362
346 368
132 220
17 270
208 320
101 143
103 267
71 125
8 76
22 264
41 131
78 385
119 308
210 355
44 366
172 280
39 351
58 113
15 20
43 156
34 114
260 296
33 317
152 398
8 322
329 335
12 134
104 131
189 324
111 171
43 82
286 372
140 332
295 361
132 392
35 228
52 235
159 383
275 313
337 352
37 329
155 200
27 81
153 228
13 347
155 372
224 348
146 313
89 95
205 286
69 145
90 115
239 395
31 330
264 334
262 373
17 96
290 361
107 338
99 103
119 152
49 391
15 186
80 308
248 375
265 323
138 326
240 281
241 342
337 397
159 172
110 388
96 304
181 238
240 380
42 312
11 148
23 209
21 330
67 263
177 274
317 385
22 138
283 338
309 324
21 180
101 178
50 264
115 313
195 211
177 208
181 230
51 60
96 358
348 378
103 160
39 277
70 363
286 383
53 342
27 254
159 161
117 177
29 144
39 40
68 315
186 232
45 86
32 234
266 318
60 297
18 159
54 97
56 219
29 234
47 76
355 362
35 338
9 317
147 356
10 21
71 185
182 327
48 62
149 184
189 222
18 200
198 374
121 135
165 311
99 356
110 117
128 397
338 342
56 229
119 398
201 374
42 384
26 98
133 155
268 345
17 186
216 247
320 343
61 386
63 126
68 159
131 182
148 369
277 370
123 333
233 391
256 313
182 233
238 301
161 200
94 251
312 378
378 385
92 234
262 308
115 266
40 118
10 330
237 252
247 382
175 211
139 165
10 147
51 189
48 294
135 332
5 247
203 328
185 301
166 264
25 314
26 27
111 112
115 275
261 315
290 295
83 229
27 83
261 359
130 385
209 262
40 333
238 343
201 328
165 352
40 370
154 312
310 314
161 372
285 302
60 88
277 353
304 398
40 307
226 331
307 370
120 130
58 382
6 109
152 351
67 174
287 329
115 268
63 262
30 176
223 371
108 156
64 168
103 106
255 381
200 372
315 383
25 179
149 309
240 346
45 200
110 188
11 370
169 325
50 272
169 190
6 43
100 142
118 399
59 179
14 367
295 335
65 246
93 314
4 229
180 371
91 125
0 19
104 223
264 326
118 237
121 352
5 198
72 153
49 138
101 166
161 359
248 285
79 154
119 193
284 395
103 192
94 123
236 246
236 294
1 344
72 347
327 389
252 389
60 309
7 323
126 188
179 284
88 149
69 287
187 226
304 389
37 310
242 315
128 175
150 337
86 372
157 341
165 175
72 191
167 294
66 102
353 370
72 291
105 235
221 329
265 382
272 293
28 354
129 398
14 154
138 202
58 269
286 315
205 383
140 350
270 274
53 338
10 99
86 161
48 104
42 192
177 251
49 74
94 396
218 281
275 345
150 245
74 328
347 386
220 349
198 325
19 124
9 385
47 369
263 349
13 77
7 52
5 183
190 267
3 282
159 321
213 355
212 263
2 276
125 274
207 360
103 225
125 301
43 391
192 356
270 308
21 34
210 362
110 181
223 377
170 323
100 257
46 390
214 335
199 283
79 367
44 295
122 353
24 188
129 304
331 337
14 99
295 379
194 278
296 335
136 342
23 146
19 213
176 255
121 245
51 296
13 255
203 216
168 209
225 267
33 378
326 391
1 174
101 202
44 379
175 331
92 392
49 394
242 306
137 364
214 361
310 335
277 278
11 40
119 252
44 260
52 265
302 375
217 275
86 368
201 203
97 390
135 265
133 258
187 350
369 399
136 268
71 301
230 271
187 195
93 335
259 287
292 333
143 227
36 336
33 348
71 251
64 373
237 307
163 367
98 212
338 365
3 304
148 237
38 230
37 93
215 253
321 372
279 390
21 371
219 302
288 310
280 346
156 326
269 323
83 196
299 393
120 213
7 374
101 256
18 76
109 190
179 197
243 316
211 245
91 388
80 274
133 280
62 65
93 310
221 314
22 178
247 374
54 265
78 317
39 237
203 325
281 346
31 62
50 293
233 371
87 161
281 380
156 264
30 381
317 384
196 254
100 113
97 298
30 255
113 158
57 396
66 140
11 278
151 160
199 207
13 298
285 375
176 279
4 336
183 216
271 393
124 361
139 175
151 354
90 275
59 197
204 228
39 194
128 165
106 267
11 237
270 373
105 150
361 362
117 230
253 289
216 325
93 295
212 349
128 352
327 340
191 360
200 359
322 369
184 189
2 393
63 373
393 396
121 332
156 272
82 166
279 298
26 196
139 150
137 141
120 311
28 169
291 347
120 226
54 279
69 366
44 214
107 365
23 63
191 291
211 331
21 109
260 366
296 297
7 328
308 373
48 246
37 69
12 32
194 277
17 308
168 358
56 375
22 202
7 28
140 245
96 193
151 378
52 244
143 342
213 226
66 195
40 351
164 389
138 264
173 246
43 394
290 379
59 289
38 343
68 133
180 250
248 302
207 257
150 235
326 394
115 345
83 336
226 350
68 286
29 32
162 324
384 385
181 388
13 231
224 317
144 220
112 171
64 274
159 372
108 272
12 132
315 372
146 217
268 342
67 243
15 351
141 364
247 323
218 336
87 344
150 311
30 279
278 399
349 380
242 261
44 124
26 32
77 298
260 335
224 378
32 144
88 324
257 303
107 387
306 353
27 29
171 288
296 329
37 259
220 254
149 189
6 74
131 282
204 207
130 317
200 321
19 379
98 349
118 129
208 343
140 187
252 399
56 83
183 325
9 384
61 72
232 398
5 203
149 222
105 139
214 379
201 325
61 153
127 182
29 92
129 148
330 377
28 160
86 159
275 357
155 346
141 171
79 284
86 133
307 353
21 377
36 280
50 166
309 341
206 344
171 319
132 144
354 397
116 148
115 217
25 239
73 85
146 345
145 324
249 360
97 279
191 204
73 288
167 246
273 316
40 237
125 177
0 210
169 225
191 303
298 381
91 208
93 221
200 368
101 313
69 297
56 218
20 152
154 384
202 272
82 156
146 275
78 224
80 117
109 250
83 95
222 341
55 111
214 295
296 324
110 208
126 217
121 195
72 158
96 119
19 210
159 205
147 154
261 321
194 353
72 199
162 309
318 342
174 344
128 311
123 393
8 372
96 186
105 135
61 207
64 308
79 215
168 262
126 313
228 365
206 327
324 366
84 246
24 64
76 148
227 241
55 221
30 97
278 369
130 348
64 262
178 202
136 318
2 251
68 258
27 95
134 212
57 276
360 387
61 199
122 194
38 320
177 270
70 244
134 349
74 138
94 276
62 236
148 232
60 189
90 256
145 162
304 327
251 396
180 330
216 374
218 240
12 364
255 279
152 237
37 366
140 195
122 277
71 91
182 206
122 370
21 65
32 212
70 265
1 76
105 211
254 349
378 397
19 355
172 200
6 190
233 394
48 167
54 170
76 116
198 328
277 307
33 99
58 257
10 236
159 261
4 285
116 399
70 382
35 199
197 305
334 387
348 385
179 395
114 371
147 377
97 300
155 281
242 322
91 110
346 380
55 171
84 367
6 106
35 191
118 232
64 358
241 268
211 311
15 308
51 222
93 329
28 267
164 391
109 371
94 299
114 340
193 358
149 162
72 303
63 358
10 14
197 395
103 190
26 349
98 346
177 181
34 131
149 324
167 243
47 87
185 271
231 255
124 379
141 305
173 243
117 388
203 334
247 269
126 256
75 227
237 399
136 338
345 357
1 18
126 209
154 163
38 181
258 315
232 237
54 176
211 352
137 179
209 217
47 359
125 188
80 339
89 302
127 327
16 86
98 368
25 395
122 307
127 164
141 239
205 321
106 169
186 308
6 326
130 224
231 386
311 337
54 300
133 281
151 397
165 337
164 193
106 109
171 221
161 321
39 278
61 303
5 7
109 377
37 287
13 300
35 72
13 30
202 334
5 201
121 265
246 294
66 265
41 233
191 257
204 365
193 327
83 89
100 303
68 205
101 272
14 384
352 363
156 293
292 299
162 189
268 318
45 134
89 218
19 362
179 253
0 361
102 245
72 228
261 322
271 276
32 92
71 110
391 394
16 155
110 301
303 386
187 331
78 348
59 395
205 372
34 282
337 354
106 250
240 254
78 362
168 272
125 181
195 350
41 127
302 376
90 241
105 350
260 290
24 63
7 244
164 327
46 54
82 168
153 303
52 247
56 89
22 293
120 355
30 77
154 367
290 335
129 399
17 20
231 347
51 149
185 251
278 353
218 285
184 309
30 298
35 365
163 384
108 178
59 239
224 311
66 332
100 191
169 267
153 191
10 250
67 173
224 355
228 249
7 267
276 292
42 99
199 365
130 378
288 314
121 140
26 144
35 303
66 245
28 190
83 380
38 271
25 111
357 388
144 234
264 293
138 328
4 248
141 319
207 228
139 337
11 399
105 165
110 125
68 383
105 245
48 330
112 221
54 382
67 316
198 269
194 370
155 280
191 365
21 223
121 350
240 336
142 204
134 368
47 261
12 349
108 168
73 93
16 281
172 359
159 200
56 336
66 350
74 325
1 47
196 234
70 247
105 363
246 273
183 247
129 232
178 264
88 189
39 307
97 176
60 260
46 332
331 355
16 280
319 395
270 339
163 356
53 107
133 368
260 295
45 316
33 384
42 154
250 330
111 310
360 365
0 44
11 232
15 17
166 293
183 198
39 333
36 281
30 300
90 217
35 153
205 261
62 294
160 354
166 272
151 348
118 148
85 361
108 166
298 300
162 297
16 368
35 283
37 297
165 397
28 225
218 376
10 62
166 178
34 104
179 239
75 143
11 333
25 288
15 152
63 64
52 363
288 395
229 336
18 172
19 157
228 303
2 185
11 118
243 263
92 144
312 384
62 246
99 147
124 295
89 376
115 318
31 104
306 315
102 140
128 337
175 337
116 129
11 39
189 341
348 397
27 380
114 250
155 172
208 388
176 390
40 277
128 244
41 104
18 372
116 252
252 398
219 375
36 155
223 233
228 283
201 216
346 349
260 310
29 196
129 237
24 373
8 47
158 303
75 178
60 296
305 392
50 217
25 59
105 265
240 349
26 134
91 301
141 284
172 368
204 387
381 386
27 196
202 293
55 310
25 112
193 304
300 390
155 368
71 117
1 359
317 378
110 177
98 240
107 227
178 334
295 329
112 289
25 171
0 124
35 207
94 393
66 135
150 363
203 374
148 399
79 239
251 271
361 379
107 207
31 273
150 352
193 389
78 120
124 210
85 295
86 359
221 310
24 209
242 353
95 229
239 319
74 201
18 344
14 147
251 299
56 81
235 363
28 244
174 316
265 332
45 155
153 199
219 376
276 396
56 248
206 282
198 201
305 364
14 356
90 313
43 49
111 314
106 225
207 387
185 320
48 236
19 130
235 265
9 378
26 29
65 330
38 251
141 395
88 184
59 319
260 287
207 249
22 43
356 377
142 191
34 223
51 145
142 207
329 366
224 397
73 329
9 348
191 228
235 245
333 351
229 248
2 94
279 381
106 190
3 252
191 199
107 204
18 161
141 179
50 90
117 301
118 370
347 381
165 363
174 282
30 390
63 209
83 254
60 162
138 203
46 300
88 162
359 372
152 232
17 80
311 354
248 376
73 314
22 334
135 140
47 161
125 388
244 354
15 80
65 104
120 224
134 243
221 319
175 352
143 293
205 315
217 256
45 212
191 207
13 279
54 58
39 118
227 387
158 191
36 258
252 304
47 159
59 305
63 108
238 320
101 227
336 376
137 305
228 360
177 271
0 341
289 319
219 248
247 328
183 203
113 269
92 132
179 319
163 236
103 109
180 356
157 213
87 321
52 323
107 249
141 289
145 149
232 304
55 112
94 292
205 242
65 114
85 290
35 204
219 336
120 331
17 152
42 147
230 276
364 392
22 156
43 74
70 374
62 104
239 253
292 339
20 339
171 289
253 288
297 366
73 221
214 260
164 340
351 370
81 229
23 50
160 397
17 339
321 359
26 254
87 174
269 382
152 252
57 185
153 347
138 183
295 366
251 276
75 101
60 145
82 264
205 306
101 264
181 301
8 18
183 328
39 122
280 372
1 87
36 218
89 285
33 151
139 211
121 211
137 392
34 127
82 272
6 325
215 395
173 174
164 233
48 173
147 192
152 308
308 398
75 387
119 389
29 254
20 186
321 322
76 87
142 303
301 343
3 76
131 223
41 180
3 327
46 265
50 313
42 317
135 235
145 296
222 309
172 321
79 163
181 343
253 319
53 365
71 177
128 150
86 155
289 305
20 308
50 101
13 176
80 270
24 126
41 223
89 336
317 348
100 228
91 117
38 117
31 246
276 393
56 376
62 330
211 235
10 356
330 356
62 84
281 368
150 165
21 114
51 309
153 386
104 246
80 177
6 169
67 167
243 273
223 250
176 298
260 329
197 392
298 390
37 335
1 321
32 349
236 367
100 207
135 350
23 126
178 293
49 156
279 300
133 218
323 374
262 389
90 345
42 163
123 276
44 335
7 169
9 130
31 294
84 294
200 280
256 293
268 275
194 307
34 182
143 241
38 177
210 213
65 223
33 385
53 136
5 325
57 393
150 175
132 137
118 307
170 382
336 380
141 215
18 321
184 341
274 373
156 166
170 247
116 206
211 350
151 192
113 257
117 208
33 192
213 362
201 247
132 364
59 171
53 241
85 312
14 42
98 380
191 386
150 211
18 174
91 357
209 358
218 229
120 337
127 233
236 330
207 303
4 56
88 222
218 219
18 359
51 162
151 225
71 230
134 346
44 290
159 286
276 299
199 228
9 42
41 65
157 210
0 157
335 366
4 218
45 263
16 133
120 175
54 390
33 397
61 347
182 340
34 65
237 278
27 229
224 337
11 351
26 220
245 352
292 351
244 363
245 332
159 315
27 349
85 214
258 286
25 221
173 273
188 209
34 371
227 342
128 139
37 260
5 328
60 287
77 381
13 158
31 236
18 87
46 170
299 351
132 305
250 371
0 379
189 309
171 314
48 84
81 196
174 273
89 248
198 247
215 239
63 188
126 146
202 264
178 272
232 399
141 253
64 96
32 220
61 191
152 186
231 381
2 396
36 133
62 180
24 262
22 272
335 379
2 271
110 274
172 372
310 329
173 316
17 398
278 322
93 260
198 216
74 169
8 161
146 268
235 352
69 259
215 319
53 360
226 355
348 354
72 386
11 277
338 360
245 350
253 395
264 272
219 285
179 364
63 168
219 229
93 366
156 178
129 252
1 8
158 347
98 134
159 359
39 370
284 319
119 232
16 36
287 296
312 317
47 322
285 376
113 303
262 358
43 326
124 214
3 116
128 363
294 367
145 259
77 231
0 362
186 339
38 238
12 243
51 88
10 377
233 340
2 299
3 129
61 365
146 256
107 360
92 305
139 235
56 285
88 309
254 380
31 48
114 182
121 235
96 308
103 151
45 368
46 97
50 202
73 312
38 71
278 307
179 215
12 263
85 385
13 390
186 398
171 253
23 90
38 301
177 339
38 185
12 220
134 380
125 208
96 389
23 313
32 132
176 300
92 220
135 245
5 374
45 67
21 41
142 257
185 230
95 196
109 225
181 208
340 391
98 254
89 229
261 306
261 372
24 270
108 209
119 304
58 170
90 268
239 284
71 208
2 57
51 324
183 374
136 266
50 178
266 345
10 180
250 377
25 289
60 324
136 241
119 129
281 336
283 360
47 321
114 223
291 386
198 203
208 357
50 256
177 185
15 292
65 180
240 368
43 138
26 380
282 344
53 283
221 288
166 202
124 290
41 182
124 362
64 209
195 245
96 262
237 370
77 279
166 168
101 293
325 328
75 293
323 382
76 206
86 200
287 297
259 297
41 377
110 270
156 202
88 145
11 129
44 361
8 344
102 332
232 252
65 131
59 253
292 393
283 365
80 110
281 349
138 334
253 284
229 376
113 170
148 278
113 142
117 181
139 352
164 182
256 275
75 241
89 219
171 395
6 49
41 371
289 395
231 291
84 167
140 211
77 255
45 243
31 131
152 339
16 218
356 367
280 368
49 326
71 181
358 389
4 89
118 278
127 340
82 391
30 54
78 355
31 65
11 307
20 177
16 336
105 352
223 330
185 238
217 313
31 173
216 328
66
84
156
165
80
112
61
44
136
82
37
192
145
57
107
127
201
140
103
151
84
144
132
85
85
121
150
77
162
50
47
56
104
180
30
123
72
32
99
30
41
138
102
70
79
26
69
149
128
107
76
117
208
133
187
186
53
146
151
66
84
52
202
123
76
141
112
33
220
91
90
129
169
169
146
127
134
52
82
60
97
97
116
44
70
53
31
126
145
52
44
95
23
40
86
43
82
88
79
82
35
192
213
97
48
254
113
124
39
63
137
52
41
112
111
35
169
122
19
168
97
68
133
205
168
127
70
50
121
114
90
76
42
132
82
125
113
128
54
97
172
187
58
71
62
182
95
48
20
52
129
43
160
131
149
115
70
88
185
178
73
55
97
106
162
166
54
82
194
21
146
101
130
79
96
51
68
84
94
93
12
76
143
183
103
91
212
113
142
72
37
97
187
149
82
135
116
23
99
26
119
188
116
201
136
109
123
89
72
115
100
62
119
230
137
132
45
26
199
193
197
199
72
200
58
130
131
91
75
123
60
137
50
139
68
51
118
102
66
63
174
190
68
136
241
85
91
63
61
58
84
115
69
95
85
214
84
116
38
81
193
132
69
124
38
111
122
108
71
89
157
120
142
115
58
85
152
32
64
63
70
26
91
70
141
52
74
69
48
110
42
65
50
80
145
85
107
128
176
81
79
27
127
46
104
120
108
78
136
25
101
45
81
150
203
84
55
164
106
98
103
20
150
184
90
46
35
125
94
66
59
167
132
114
99
78
33
49
71
123
136
35
86
33
46
126
145
97
35
148
26
131
72
232
109
66
33
130
66
37
110
100
46
198
203
68
154
167
85
115
52
172
139
105
29
143
95
82
45
63
52
159
44
118
102
21
31
144
43
99
47
129
78
172
59
72
23
79
37
199
44
51
114
48
137
151
112
80
43
83
93
220
172
149
151
70
109
21
90
77
63
135
98
69
97
103
72
18
159
119
74
205
137
84
62
39
85
132
106
36
81
128
130
81
80
94
200
119
48
103
59
21
84
123
37
50
180
131
117
86
41
186
38
61
155
86
188
159
105
78
106
78
96
45
48
114
72
78
74
57
252
47
101
59
86
91
68
41
149
98
93
127
222
49
195
91
97
183
38
117
70
103
96
78
156
129
80
226
83
53
90
178
47
241
198
139
46
123
207
82
98
76
75
74
92
113
49
44
168
60
88
61
57
135
78
70
116
78
89
121
27
165
88
137
92
58
51
71
135
71
98
125
134
83
27
185
155
189
59
90
217
57
79
87
76
119
89
89
63
129
133
48
32
14
47
189
82
118
35
92
122
19
48
24
92
127
107
119
162
165
58
50
12
134
83
121
148
54
197
74
123
25
181
50
177
74
101
90
77
82
83
102
105
121
136
98
173
165
99
82
34
171
102
81
155
180
170
109
81
51
81
106
149
66
28
136
59
237
179
147
100
68
73
48
161
199
104
69
199
197
77
128
275
103
128
34
67
76
41
210
73
136
84
116
24
246
112
46
69
109
123
55
77
45
176
61
138
60
81
163
132
134
137
140
65
128
148
95
30
107
58
90
116
68
21
58
34
99
23
94
71
118
95
93
112
212
73
134
93
164
149
128
62
69
221
100
56
65
143
140
91
136
185
49
78
54
206
186
84
82
98
87
120
68
188
78
129
37
56
133
184
63
129
86
82
73
115
227
80
31
106
63
170
124
103
187
60
173
183
47
112
172
159
52
131
52
81
181
80
9
77
68
41
122
56
117
66
79
180
40
115
121
34
98
91
222
91
159
141
123
104
116
80
189
69
124
158
110
62
95
83
172
155
169
83
106
19
108
111
152
78
86
111
55
14
147
144
52
107
155
189
63
103
47
70
78
27
144
79
145
69
39
124
42
94
113
119
129
119
76
61
227
163
100
220
70
70
100
179
68
71
143
27
135
114
118
88
146
84
102
97
84
14
50
210
113
55
86
29
87
176
143
41
147
188
114
81
82
151
44
27
102
141
60
68
39
95
82
173
107
100
124
68
105
85
95
89
72
181
40
135
91
215
193
78
112
25
52
23
107
58
130
73
232
67
37
107
60
99
59
62
119
131
89
211
52
68
67
141
93
33
74
82
115
212
101
85
31
144
133
79
82
77
214
76
65
45
77
146
182
38
190
73
84
145
110
40
22
84
137
175
80
93
48
91
59
143
205
102
48
58
111
63
83
106
168
69
177
156
129
111
123
31
184
140
116
95
14
45
191
74
67
94
175
78
68
88
114
89
100
115
48
116
23
81
193
94
87
125
44
136
105
144
90
214
80
55
100
195
199
64
53
52
105
63
87
99
21
136
223
55
175
42
196
102
156
163
131
86
125
49
66
100
61
87
112
154
33
110
136
42
50
80
31
143
51
128
99
161
97
42
255
83
125
139
38
130
109
162
111
196
100
108
248
81
171
66
60
48
160
114
154
40
165
108
23
69
188
131
133
127
123
83
94
39
103
72
162
160
112
48
105
158
168
155
163
197
86
63
66
172
119
73
63
128
80
146
68
49
140
94
100
65
114
68
186
139
61
52
132
47
53
65
209
172
148
19
51
91
136
117
216
7
121
25
73
99
58
130
93
167
137
91
92
83
43
84
262
102
125
163
101
50
210
185
54
97
114
111
78
77
74
170
72
83
18
73
120
150
87
117
109
153
12
113
51
64
77
127
140
134
154
47
120
139
38
101
114
124
63
107
88
175
108
100
106
47
40
26
33
125
117
186
104
126
61
90
104
102
150
92
166
174
67
61
166
111
116
114
45
79
78
161
166
164
43
64
48
144
102
22
156
92
188
120
120
190
151
108
107
102
143
125
75
50
60
50
23
82
119
161
77
190
123
54
111
96
38
173
87
48
82
137
69
43
116
32
93
85
218
92
30
27
69
79
82
104
105
107
81
103
65
68
73
64
157
101
158
192
147
181
155
41
120
167
92
71
54
18
121
212
59
66
111
108
111
83
183
126
68
75
102
178
56
75
93
146
56
84
20
40
72
35
81
92
98
112
56
92
23
78
103
45
24
138
157
39
180
43
66
77
194
27
30
96
237
138
79
56
99
118
112
51
78
228
61
149
100
66
56
94
129
157
57
42
136
127
85
93
119
150
39
29
111
48
79
78
45
151
90
84
143
68
133
42
235
61
90
125
101
119
107
86
108
44
84
188
152
129
25
112
47
166
96
237
94
92
51
33
93
26
91
94
146
150
61
186
94
37
154
157
172
170
53
95
128
132
67
25
40
108
54
93
45
62
155
60
48
205
180
46
76
84
69
153
83
86
174
151
95
174
249
100
125
123
72
43
172
90
78
81
62
97
173
28
97
48
93
91
92
202
136
189
199
154
37
38
150
128
98
24
226
98
163
100
91
49
117
32
184
179
124
81
105
73
57
63
167
34
64
128
146
136
82
149
158
158
112
56
54
62
33
99
206
135
141
63
176
134
70
77
80
108
125
126
50
46
34
147
72
13
154
98
129
79
37
262
88
78
208
78
98
152
187
70
123
71
142
139
143
63
133
61
70
91
220
111
73
205
148
134
179
132
102
62
134
67
57
40
103
32
60
42
221
75
35
96
10
142
72
82
60
137
119
132
68
40
71
87
95
73
70
172
76
44
148
64
76
153
76
97
197
160
143
24
16
131
86
90
200
210
82
55
88
42
55
163
113
180
189
160
133
86
120
118
111
240
109
38
156
120
81
63
65
53
120
39
63
93
63
64
153
50
200
113
71
212
125
111
53
94
67
220
144
63
74
128
45
138
179
100
56
122
161
68
69
102
56
34
170
195
111
71
51
147
53
42
80
131
86
95
15
140
102
151
52
128
52
44
155
37
152
166
68
95
80
22
161
64
71
173
83
56
204
133
124
195
70
50
76
80
146
153
177
53
126
138
24
143
163
163
90
59
56
160
87
131
123
91
200
104
111
94
163
66
83
55
57
109
38
91
55
226
172
39
110
153
55
110
26
56
31
38
51
27
75
140
87
115
145
65
23
63
95
120
83
86
69
184
56
175
67
18
138
152
166
164
91
77
100
43
11
60
98
126
51
130
74
60
71
80
158
75
51
31
146
119
22
23
204
90
50
186
15
36
149
64
92
118
99
169
72
147
93
144
32
57
46
93
85
121
183
21
244
104
125
53
62
41
67
49
47
156
115
92
75
109
36
113
92
59
168
220
22
69
58
103
188
41
251
170
33
54
47
128
74
102
78
27
93
123
38
78
55
128
36
196
156
68
194
178
228
164
76
53
169
61
73
111
40
60
135
63
101
48
34
142
49
142
66
88
68
68
87
80
108
202
136
105
73
121
186
132
86
59
52
56
50
152
68
69
66
41
70
192
256
158
8
107
147
40
180
38
58
114
161
162
79
88
101
120
190
58
107
45
81
137
26
144
125
161
52
171
111
88
109
50
39
86
153
67
13
114
66
73
154
244
75
73
22
59
182
181
113
78
27
53
81
66
66
49
56
184
96
140
108
79
83
103
40
116
56
47
185
66
