471 676
90 574
557 275
101 447
146 665
662 644
235 758
649 247
582 499
734 281
550 493
739 232
265 189
221 734
63 424
700 97
418 334
472 712
552 224
235 136
215 15
373 544
653 652
258 401
2 778
613 35
189 87
547 44
347 79
547 741
757 681
135 267
74 82
78 228
364 170
123 397
55 734
585 607
29 541
148 128
244 294
657 403
50 744
711 340
140 120
543 766
53 478
401 109
283 708
338 602
20 614
522 317
286 492
538 686
110 315
362 606
340 536
603 30
58 56
249 626
146 354
761 282
282 734
124 789
612 777
475 435
231 769
730 564
608 407
471 396
585 309
382 395
234 461
740 404
658 303
184 621
69 435
126 218
162 582
509 481
339 51
369 405
35 582
761 705
427 681
219 219
798 358
73 331
459 336
180 595
702 351
752 98
296 141
331 353
651 124
351 59
364 47
745 274
389 613
146 258
349 416
453 153
763 644
406 558
610 421
736 439
291 706
192 572
644 192
164 417
73 92
679 182
441 605
584 543
164 266
420 681
146 522
444 112
579 731
628 527
422 643
549 410
275 9
124 113
653 196
165 695
463 434
55 295
426 336
618 446
715 7
78 127
746 119
407 228
238 429
418 788
769 671
593 435
263 746
498 433
459 260
277 181
355 113
275 101
8 460
651 41
768 353
660 687
558 236
602 267
296 550
235 13
96 69
629 611
311 705
639 761
800 74
45 75
94 77
528 57
424 397
196 296
128 3
409 404
94 183
213 254
125 372
783 309
214 513
398 496
0 124
322 117
382 440
302 365
450 525
394 477
356 588
376 150
267 555
278 613
53 237
202 108
747 621
225 577
228 219
139 755
583 782
784 692
265 326
258 360
440 755
614 752
614 240
778 481
225 530
674 736
730 265
776 362
176 249
754 543
580 754
572 71
209 219
435 479
253 541
752 679
644 284
685 172
141 794
318 260
210 761
580 10
452 131
589 161
203 306
323 776
724 287
328 311
1 402
162 198
767 298
424 246
386 472
751 636
162 52
418 34
636 409
323 363
0 27
534 543
169 30
296 191
377 697
326 320
452 61
183 573
665 24
592 264
605 397
553 333
706 793
504 627
181 146
341 562
563 727
698 536
212 131
510 563
362 479
159 241
713 125
227 259
406 782
21 736
562 132
794 273
645 140
402 266
758 245
783 685
333 420
685 599
146 53
318 618
784 790
242 602
218 55
341 165
85 649
800 305
86 760
223 416
413 568
776 631
376 417
564 648
614 196
355 307
343 645
573 534
323 382
29 623
350 94
367 559
253 266
257 116
97 683
514 601
446 548
43 298
767 438
500 519
3 148
771 419
4 611
763 208
9 449
580 98
759 152
183 475
255 231
571 133
365 521
287 702
102 651
172 592
712 300
445 119
637 726
658 588
737 185
639 380
466 14
551 370
351 212
153 177
260 729
583 652
705 570
129 610
666 231
504 573
377 310
669 208
117 573
118 800
571 177
207 416
18 391
406 544
798 348
354 317
63 95
538 286
380 790
467 247
266 485
209 650
455 21
551 714
723 628
472 668
448 757
335 440
465 457
171 429
263 234
3 544
509 780
523 151
252 363
468 441
227 495
761 69
26 594
525 693
571 158
800 371
258 170
395 39
457 570
42 331
61 290
244 58
154 265
222 487
291 733
598 707
20 71
206 467
217 549
597 406
497 615
167 633
668 476
603 693
421 467
592 27
760 269
85 222
552 236
281 440
692 230
454 223
10 560
545 533
645 54
581 297
263 19
510 421
474 216
242 119
42 281
573 321
497 414
353 122
734 676
637 536
645 134
131 107
84 341
79 394
387 393
92 285
88 160
81 274
121 389
42 253
161 198
89 373
257 335
175 376
17 342
45 186
244 339
97 269
268 319
247 291
109 299
1 319
129 226
200 367
17 252
77 219
234 359
91 298
271 327
73 90
37 113
212 383
152 332
16 277
152 157
59 265
165 284
268 304
286 304
8 229
31 362
58 228
8 119
211 386
254 297
72 271
131 164
283 329
88 140
101 117
61 97
91 132
93 227
160 163
374 397
146 293
263 278
262 399
173 227
89 235
0 241
227 277
89 319
197 357
72 381
172 274
51 70
333 335
173 350
130 353
78 116
32 110
228 368
21 283
191 195
85 284
168 299
225 234
52 204
124 320
3 76
322 331
307 349
31 99
107 305
83 259
13 316
301 356
258 295
18 149
34 267
46 76
138 154
181 391
240 308
70 74
167 269
21 103
247 288
32 399
209 346
76 296
129 238
187 264
110 152
134 336
201 254
114 198
65 394
176 329
172 260
344 394
65 376
260 274
166 345
301 398
235 319
134 369
47 177
21 272
178 265
205 259
228 332
97 167
53 341
26 224
337 373
47 117
172 222
82 268
287 360
158 399
275 375
53 339
77 249
167 378
188 284
94 108
231 314
15 236
149 380
102 396
6 106
198 251
104 121
165 202
43 73
44 262
103 302
25 57
34 133
339 375
119 374
12 141
192 380
290 293
65 203
19 181
40 189
75 319
117 212
15 398
58 158
126 344
165 364
294 384
202 300
104 137
49 176
38 144
121 137
110 123
23 271
94 207
7 149
40 165
48 106
103 243
352 370
267 395
64 195
38 281
291 321
85 358
77 180
1 82
274 280
234 307
189 233
367 375
71 227
46 218
185 286
281 384
82 281
142 171
261 309
62 106
158 332
65 139
76 218
17 53
86 167
41 90
83 136
40 284
281 304
49 98
43 90
276 320
81 343
66 208
3 35
48 62
2 393
53 244
38 384
99 114
27 159
246 358
195 367
197 293
27 57
44 315
25 377
279 291
36 268
93 173
56 176
84 112
277 331
118 191
188 214
269 330
68 104
131 157
188 189
168 336
255 258
16 331
55 283
36 253
174 329
149 206
7 276
5 375
24 63
165 184
136 182
76 144
85 165
121 139
218 361
21 248
75 337
67 340
250 298
78 89
183 265
61 306
57 386
205 340
286 319
94 111
147 367
32 157
178 194
10 291
154 215
146 290
42 185
209 217
197 269
277 322
38 46
182 340
20 230
77 99
150 179
72 327
211 377
108 124
2 148
126 351
11 61
54 60
87 289
111 207
208 210
66 210
92 391
110 158
212 307
327 369
253 286
64 367
108 213
125 185
118 308
28 395
361 392
22 153
257 314
86 330
336 352
41 374
1 78
5 317
129 311
121 371
14 76
97 295
19 92
16 257
309 397
120 341
7 124
100 172
68 313
134 345
93 277
132 156
201 377
9 258
83 264
272 283
221 383
63 185
163 274
290 357
62 303
70 313
137 238
237 380
47 225
110 368
175 203
13 106
250 310
103 174
122 151
120 232
241 341
9 220
132 353
73 290
279 397
229 287
35 345
80 171
64 191
157 228
57 236
297 356
92 142
59 183
213 297
183 235
21 302
30 396
169 222
29 118
127 289
181 363
100 381
333 387
299 365
243 263
351 389
28 142
37 153
39 399
136 396
168 352
196 378
50 354
354 384
62 316
196 220
41 226
165 346
69 163
50 347
313 393
49 179
59 263
59 75
287 385
89 265
60 161
135 342
155 240
333 380
19 391
311 371
8 385
47 95
172 376
98 120
186 244
44 131
17 84
73 357
89 337
10 79
270 286
78 183
146 167
16 128
48 138
11 196
256 398
202 219
51 333
125 270
29 367
68 137
235 265
0 120
56 243
299 352
274 343
61 255
74 90
68 129
191 367
174 360
299 327
157 332
66 138
11 382
12 346
285 391
243 283
31 77
22 147
26 44
238 313
31 364
18 356
140 221
71 274
152 158
169 329
1 281
48 154
135 348
107 168
50 384
28 143
53 118
173 217
153 261
56 283
14 218
174 272
12 202
344 376
143 171
93 322
148 192
122 363
287 372
69 344
7 74
271 381
30 136
107 370
121 239
181 242
207 382
218 328
17 115
288 360
9 378
78 319
224 266
306 378
16 160
158 262
134 327
109 345
106 316
241 321
29 53
2 333
86 197
24 325
134 352
39 242
107 265
241 275
37 317
153 275
223 340
75 89
107 235
117 338
169 248
95 96
109 369
159 297
30 259
84 342
249 315
61 196
304 319
297 398
46 328
127 361
33 289
254 349
329 360
183 370
182 223
15 386
167 220
7 206
25 27
57 145
80 95
72 134
136 205
239 313
121 394
117 307
131 292
131 158
154 316
14 328
227 322
32 123
258 378
131 152
239 393
273 340
182 396
104 313
17 348
179 265
327 345
268 286
241 247
12 19
291 385
223 273
214 284
305 373
83 102
169 175
245 318
125 304
164 219
155 200
136 273
150 204
78 235
86 357
101 212
54 166
190 348
61 220
178 370
160 351
22 375
206 320
65 69
33 392
176 283
141 346
93 217
32 131
63 125
194 336
204 370
135 334
178 204
5 136
145 236
99 198
265 337
326 349
138 366
223 259
188 217
169 302
168 178
204 352
31 379
75 125
61 258
226 371
108 398
80 142
5 147
194 370
26 242
29 339
124 192
173 189
61 378
112 272
238 239
61 216
206 237
28 282
87 361
225 312
6 366
207 398
129 374
27 338
282 359
305 319
192 276
116 235
58 131
134 350
29 348
155 191
1 268
201 386
320 323
95 359
9 11
117 349
22 261
272 288
151 230
234 338
32 332
85 249
19 242
96 225
11 310
130 386
174 376
136 223
67 245
327 350
17 190
60 166
149 237
192 320
308 375
0 84
167 255
29 191
81 163
32 158
229 385
207 320
321 385
113 119
123 131
137 371
48 366
225 359
104 238
28 80
50 268
125 286
161 251
139 394
341 355
317 375
89 324
119 279
96 282
111 250
185 208
31 161
150 243
259 264
51 393
146 357
214 251
38 294
192 237
26 391
213 301
323 382
196 258
219 249
47 307
86 293
42 63
111 124
143 285
169 283
169 174
169 203
347 384
21 243
36 63
342 348
189 271
352 369
25 297
108 382
99 219
30 83
23 350
123 262
171 285
48 316
98 176
242 391
232 334
140 390
0 17
262 266
188 227
54 392
272 360
336 369
2 149
269 378
269 357
152 399
16 71
181 246
171 267
41 68
192 323
98 115
12 300
24 253
19 358
75 305
178 183
297 377
184 284
18 148
177 395
97 220
143 363
179 263
251 346
145 377
222 343
259 396
97 196
148 387
52 56
153 397
65 79
216 306
100 163
14 296
128 163
161 284
20 224
200 339
17 355
70 206
92 171
28 359
53 367
49 243
305 370
40 300
170 292
31 198
5 261
210 316
182 205
71 128
102 182
73 105
73 293
15 256
49 55
184 346
149 192
39 315
231 267
147 375
30 102
141 300
178 179
305 324
2 70
82 384
128 160
155 195
195 240
291 344
156 298
248 343
250 398
276 356
62 210
2 239
71 100
154 232
247 287
199 318
12 92
321 360
49 56
83 187
36 185
6 316
4 319
256 356
104 371
16 88
189 350
21 169
44 242
196 255
98 272
24 42
11 295
28 95
62 215
33 164
71 160
23 173
141 285
73 193
363 388
4 373
143 391
271 345
113 229
202 346
102 136
168 369
148 333
54 127
79 389
28 177
260 381
12 184
43 197
52 352
136 187
55 263
194 204
224 399
92 267
58 332
44 224
254 326
196 382
286 373
64 118
23 72
15 298
146 197
95 171
219 242
10 137
13 62
132 250
69 394
212 234
9 306
292 332
233 322
79 229
169 376
6 210
18 192
177 307
362 379
196 216
288 321
217 227
201 297
129 137
19 143
271 369
129 371
90 146
200 375
142 395
146 220
90 306
157 292
13 366
53 317
81 100
91 130
15 353
89 305
14 144
182 261
194 299
309 318
284 300
167 197
83 205
33 99
26 262
377 386
194 235
112 329
74 216
126 376
156 250
193 290
253 268
138 215
84 232
171 177
147 308
173 280
144 218
192 387
132 295
168 365
187 259
183 194
185 210
8 129
100 248
113 247
30 187
106 138
280 343
94 250
185 325
241 372
40 346
340 396
72 168
64 240
173 233
133 221
62 154
12 358
180 392
174 288
97 216
45 118
215 334
67 199
216 382
100 343
86 146
52 178
131 399
70 387
36 325
18 333
320 382
145 386
309 340
28 171
218 296
103 272
64 308
198 249
80 395
237 276
250 353
236 377
0 355
96 359
61 330
139 344
237 333
8 397
213 254
13 303
141 358
201 301
215 316
229 321
201 211
241 287
47 96
223 261
75 183
49 263
72 194
30 223
16 322
145 201
248 376
31 114
247 385
285 363
101 390
154 366
70 393
204 365
216 258
127 362
217 331
138 210
161 214
246 285
98 283
226 311
132 298
28 96
108 320
109 166
31 219
84 190
1 38
6 13
220 330
234 312
87 127
56 329
227 331
164 180
148 149
37 309
44 399
336 381
74 149
267 314
318 340
40 214
136 259
1 116
287 321
33 127
308 367
4 75
39 181
32 368
81 227
41 105
23 134
117 225
147 155
126 394
108 276
3 166
94 386
133 177
198 202
20 151
104 129
222 302
114 251
127 392
108 207
288 291
12 231
133 383
107 373
65 344
14 87
2 18
47 101
258 310
101 177
317 339
79 344
55 120
118 244
233 277
52 365
103 169
45 64
194 352
202 249
301 326
180 362
36 286
133 390
77 379
49 283
57 211
79 126
175 274
242 315
114 165
48 303
94 256
92 141
197 290
142 282
198 364
10 139
165 198
157 170
231 358
161 364
70 239
44 123
18 276
13 48
338 359
11 258
261 318
69 88
48 215
23 280
81 93
10 229
29 355
22 340
78 373
7 323
216 220
135 215
167 357
101 307
289 362
5 22
333 393
189 227
165 300
31 33
115 120
47 282
26 399
40 188
112 241
108 323
105 293
28 47
281 347
80 282
8 279
279 385
300 346
68 226
254 356
115 232
20 122
298 310
79 291
50 82
65 351
173 188
71 93
90 311
71 172
324 354
141 231
46 347
159 301
23 381
6 66
207 298
299 345
14 361
118 355
114 364
160 274
62 366
187 205
244 375
19 285
6 48
119 397
305 337
220 255
103 360
87 166
95 142
41 311
33 362
85 219
0 372
256 276
266 391
35 54
360 372
38 347
245 397
144 328
112 120
191 244
124 382
365 369
95 225
233 280
190 252
123 158
93 233
124 276
128 140
23 327
117 177
175 248
266 363
18 380
53 275
181 224
186 348
158 368
77 198
365 370
120 272
102 187
126 160
70 149
351 394
58 368
61 167
231 300
98 103
149 387
252 342
271 350
44 158
177 267
107 204
40 350
9 196
187 396
70 333
142 267
35 76
51 88
99 364
174 291
42 268
52 150
66 316
125 337
118 186
106 366
114 214
26 230
116 299
140 257
358 391
39 131
82 294
15 91
0 53
152 224
312 338
175 302
78 324
47 359
220 269
27 312
5 340
24 36
148 380
60 214
78 107
50 281
389 394
242 246
245 261
213 349
207 310
89 183
147 396
9 167
83 396
203 288
14 35
191 375
1 304
73 197
245 374
222 248
78 305
118 375
139 389
51 387
30 273
236 386
67 193
71 280
131 332
167 330
59 179
183 305
319 324
44 110
200 244
123 315
185 270
321 372
182 273
13 210
19 26
184 202
165 251
122 388
105 193
67 182
30 264
233 331
111 256
110 170
21 56
141 184
54 289
25 145
84 98
72 352
111 276
113 397
102 340
39 44
8 137
98 263
148 326
145 211
127 180
111 398
8 10
223 396
221 390
82 354
153 317
142 177
15 94
109 327
1 324
4 305
103 176
229 291
215 366
203 376
46 296
203 344
56 150
232 278
32 58
30 182
144 296
3 46
43 306
96 142
198 214
26 181
92 358
98 232
63 325
0 341
154 278
177 282
294 347
67 309
213 356
257 383
26 151
52 336
182 199
126 203
68 121
107 116
317 367
119 129
54 87
197 330
299 369
230 363
207 250
84 115
239 333
0 115
159 254
98 243
105 374
36 304
138 316
92 143
85 346
2 192
229 247
45 339
209 314
124 323
150 178
54 362
215 252
19 141
205 396
87 328
379 392
275 317
257 322
15 130
85 184
293 357
176 272
60 87
191 240
230 266
45 200
330 357
318 397
164 315
159 338
125 210
69 139
194 365
227 233
100 173
108 256
30 205
238 311
191 200
34 171
186 191
12 85
182 318
148 237
55 243
260 343
247 360
208 270
44 181
363 391
125 373
59 337
275 287
175 222
133 335
224 262
171 282
351 376
106 278
344 351
171 395
127 379
235 324
195 308
101 383
93 100
65 121
199 261
155 367
136 340
141 267
9 97
107 183
79 139
50 294
104 226
69 389
341 372
75 78
199 245
21 176
52 381
217 233
235 373
332 368
29 200
347 354
103 283
85 198
123 152
221 322
71 260
268 281
31 249
275 339
35 60
207 323
56 248
335 390
100 227
46 384
34 47
260 280
335 383
161 165
172 175
3 109
121 313
95 395
61 269
221 257
74 320
41 371
86 269
162 224
159 234
114 249
79 385
313 394
230 262
77 315
184 300
55 176
3 14
65 126
84 120
26 39
285 358
34 177
244 348
46 144
132 207
99 161
87 392
162 230
133 314
86 220
190 342
112 115
303 316
108 192
177 314
196 295
117 234
25 386
42 325
47 395
173 260
24 270
110 332
20 266
44 246
265 370
206 387
157 368
134 271
295 298
205 273
313 371
18 326
88 128
158 162
255 330
131 170
160 172
18 237
111 323
118 339
58 157
64 155
58 152
35 109
339 355
326 356
75 373
82 347
2 380
180 379
159 377
240 264
103 288
349 356
243 302
110 157
55 278
254 276
112 360
268 354
121 238
105 290
15 132
60 109
289 392
69 160
41 238
91 156
27 297
57 201
151 388
81 172
118 155
69 351
106 215
77 164
115 190
142 143
170 368
56 302
176 278
100 280
213 326
29 244
222 376
212 349
33 379
146 330
68 371
259 273
229 372
13 125
217 322
155 186
225 338
109 271
134 365
133 257
124 256
54 364
17 135
288 329
27 377
137 226
220 306
140 335
102 273
26 266
54 99
221 314
122 266
130 236
255 378
5 309
183 204
154 303
249 364
281 294
9 43
53 241
74 306
339 367
336 365
4 337
227 280
89 370
15 250
68 238
20 363
92 231
244 367
188 233
14 166
111 310
76 166
9 382
80 96
114 161
89 107
55 103
162 262
55 272
301 349
106 303
169 172
184 251
58 110
87 362
119 309
239 387
276 323
62 138
237 393
41 129
69 126
118 367
217 277
42 270
38 354
9 61
253 270
352 365
53 355
275 367
294 354
186 339
100 274
302 329
170 332
78 370
361 362
19 246
237 387
163 172
10 385
18 390
92 395
272 329
147 195
334 342
25 236
63 210
77 114
38 296
20 26
57 159
168 194
152 262
106 154
304 373
7 237
37 279
35 166
29 45
196 306
75 265
343 381
303 366
32 228
191 308
72 299
6 62
326 380
172 248
41 137
296 328
257 331
157 158
2 387
192 206
68 311
312 359
132 310
21 55
57 297
174 247
41 104
22 309
221 335
165 249
70 237
75 107
203 222
1 354
7 192
99 249
297 301
139 203
85 300
39 123
159 211
91 353
362 392
126 163
345 369
40 161
45 348
168 370
80 359
7 382
110 131
135 252
25 211
34 395
128 322
168 204
81 260
151 266
32 152
91 310
256 301
104 311
295 378
383 390
102 223
63 270
231 346
36 42
119 245
31 54
95 282
71 343
176 243
209 331
26 246
316 366
14 46
176 263
97 378
205 223
67 318
252 334
43 74
164 379
319 373
284 346
47 212
54 361
200 348
53 375
64 244
143 246
72 365
9 216
82 324
181 266
74 206
13 66
97 258
76 328
23 189
81 160
298 353
275 355
246 391
111 382
85 202
256 323
38 82
172 203
3 296
123 332
73 146
2 51
172 343
202 251
245 309
102 205
200 308
232 252
247 279
97 306
51 140
64 186
4 286
43 216
266 388
112 288
43 146
51 239
156 353
271 299
159 312
34 314
198 219
257 277
20 388
94 398
13 185
135 190
25 201
186 200
139 351
194 369
116 324
4 268
91 250
220 378
98 278
113 385
133 140
222 274
328 361
67 261
242 399
77 364
153 309
159 201
184 198
138 303
26 363
238 371
203 351
3 345
126 389
29 186
105 197
85 251
37 287
124 398
146 269
140 383
10 279
255 269
310 382
93 280
124 207
270 325
143 358
216 378
180 289
209 284
81 280
49 150
134 381
102 259
155 308
235 305
52 72
209 277
213 256
112 321
11 97
190 334
63 208
208 325
27 201
17 341
108 111
72 369
289 361
4 125
220 258
204 336
163 376
47 234
235 370
99 379
103 112
71 163
292 368
184 358
152 162
75 235
80 388
64 200
226 238
103 329
254 301
300 358
251 284
207 256
15 145
11 378
88 163
8 113
98 112
282 395
219 315
229 279
209 233
111 320
22 317
72 336
10 113
188 350
179 183
93 331
35 87
107 194
118 200
130 145
34 231
248 302
281 354
37 275
79 351
213 276
244 355
213 398
261 340
51 313
34 142
126 139
165 214
204 265
113 279
57 377
149 393
193 293
251 300
181 285
6 138
151 224
227 260
39 246
248 274
71 81
115 342
110 399
276 326
2 237
344 389
42 286
272 302
143 388
313 389
193 199
224 230
7 108
97 255
226 374
47 142
13 138
7 320
62 66
67 223
40 251
261 397
33 77
202 284
1 384
65 389
38 50
49 278
247 372
55 98
33 180
9 255
100 260
123 399
45 244
247 321
27 211
5 153
21 329
291 360
151 363
115 341
36 270
4 304
283 302
295 310
112 372
101 349
174 203
138
177
30
72
164
20
99
73
148
64
165
73
107
49
21
159
118
96
109
54
77
142
226
112
122
120
37
138
94
176
42
145
86
33
69
48
34
109
199
124
55
183
89
95
125
54
205
98
48
48
38
48
137
153
107
136
46
57
132
184
98
32
97
39
181
117
95
177
106
12
89
25
138
140
125
53
143
39
63
31
191
29
68
32
99
74
87
143
51
63
103
89
217
97
38
59
187
120
138
64
148
290
76
145
167
26
41
201
111
58
74
115
213
160
144
81
125
117
59
58
189
138
147
124
64
126
59
107
72
87
93
88
44
127
122
202
65
115
142
55
194
132
80
76
169
190
107
31
72
82
168
32
104
22
137
72
104
73
47
158
93
63
118
130
89
37
24
147
60
114
69
136
130
134
11
80
131
102
207
152
66
98
118
167
100
148
193
27
149
110
138
156
109
69
34
40
106
63
136
189
93
90
53
49
144
153
20
71
64
187
128
78
108
82
61
41
32
141
225
68
106
169
28
171
207
54
78
187
26
97
77
44
19
104
53
152
71
164
106
84
143
77
63
175
333
82
137
75
84
117
237
156
66
149
130
43
57
65
132
123
110
106
118
38
131
71
152
111
252
88
132
51
170
74
100
80
171
81
31
16
47
27
118
132
57
29
82
45
148
37
25
98
158
78
120
124
93
52
75
119
94
20
72
162
169
117
131
106
19
187
102
96
111
89
146
110
96
128
77
210
135
49
264
137
58
73
72
157
74
83
88
99
127
132
74
204
84
70
70
195
79
63
111
94
106
72
128
100
65
138
181
168
96
72
155
86
47
46
59
73
33
84
101
59
100
66
135
85
74
48
84
33
82
21
70
54
127
40
84
100
122
150
147
173
80
183
181
136
115
183
75
41
125
93
100
101
123
73
180
110
94
72
99
121
142
50
24
123
91
17
109
97
119
153
51
120
66
65
84
120
86
84
58
56
50
96
70
69
52
45
37
48
69
80
105
174
27
158
87
32
12
83
190
57
124
101
112
189
113
122
130
90
190
64
110
69
87
161
108
85
65
102
76
77
48
97
191
113
105
43
75
64
74
67
140
86
70
83
82
36
117
96
162
63
48
331
102
55
135
179
51
144
72
77
23
208
113
38
122
144
43
85
138
103
80
130
246
80
171
68
75
50
48
78
49
85
137
78
37
88
26
65
143
20
187
67
123
108
215
121
52
141
65
90
88
184
135
70
92
87
182
163
105
54
161
54
65
29
89
156
196
102
53
106
26
32
46
163
131
19
106
75
164
63
115
142
49
75
80
72
301
73
79
87
55
119
66
34
83
58
76
159
123
79
185
84
172
189
82
64
98
117
103
29
95
27
69
123
39
101
182
92
128
36
34
107
113
146
148
216
79
62
93
115
97
137
117
49
90
221
62
103
71
195
142
76
96
94
28
176
70
131
119
154
120
111
69
126
152
79
17
121
124
122
74
113
51
50
28
114
101
94
118
65
40
27
63
55
194
138
134
49
59
98
152
112
61
188
114
200
81
241
148
99
101
107
59
134
38
53
86
88
134
76
197
72
57
177
155
79
30
109
157
195
149
44
130
158
138
56
62
91
194
90
113
179
96
131
79
176
194
169
73
117
52
66
195
156
204
31
109
65
79
183
100
114
105
60
88
108
139
13
89
74
58
89
67
164
121
118
21
107
91
205
57
28
75
79
107
169
128
137
108
104
74
88
182
118
169
79
51
113
80
124
70
209
54
92
78
152
43
103
65
91
138
92
43
98
130
124
54
49
124
105
75
192
101
93
85
95
109
129
46
142
105
150
103
130
115
37
107
38
119
201
20
115
21
55
50
76
118
86
39
50
111
102
43
88
148
221
72
99
43
120
135
82
72
55
108
100
84
89
108
77
183
172
55
83
84
124
151
72
71
79
111
101
112
154
218
19
104
95
187
65
74
74
201
47
222
105
190
95
72
188
121
181
24
116
143
52
69
156
106
92
197
167
20
151
152
115
130
71
34
187
115
16
88
111
120
87
105
78
67
194
74
64
137
141
68
122
181
119
258
105
60
152
117
72
112
125
157
71
10
49
145
65
181
91
54
64
79
176
113
21
185
128
57
254
53
69
52
48
71
62
56
52
165
38
169
40
41
175
71
37
242
132
42
29
99
126
83
32
121
51
211
71
213
174
79
60
172
100
88
92
85
205
49
143
182
49
132
48
104
161
102
56
175
62
51
162
150
61
113
96
75
99
46
136
103
17
68
66
33
49
104
80
94
101
64
128
177
94
143
84
168
120
69
135
157
192
108
114
23
79
135
133
133
54
41
143
74
152
70
78
158
62
163
114
42
208
116
81
82
113
124
196
65
30
56
96
88
28
135
105
78
72
121
35
111
94
190
124
227
189
119
118
22
75
167
154
98
92
61
95
98
74
168
60
55
35
76
184
116
80
20
26
90
149
48
60
231
96
108
114
111
64
20
123
154
87
58
82
173
208
171
159
78
124
103
120
129
94
260
188
54
33
15
127
168
113
85
78
157
170
62
102
56
64
105
153
127
58
33
11
43
53
129
176
58
53
80
27
135
123
202
106
269
38
237
159
76
19
90
130
173
109
20
63
10
81
82
36
90
38
183
59
104
141
119
48
172
99
122
178
132
132
141
45
181
147
113
140
67
70
111
82
54
137
58
116
122
64
107
45
49
30
51
182
137
214
111
96
157
147
153
129
83
65
58
123
145
85
77
115
165
57
192
77
21
137
85
160
130
72
24
56
123
144
59
89
65
60
136
127
175
70
129
82
102
142
80
159
28
61
51
95
67
239
95
76
15
184
44
19
26
81
146
151
137
115
105
91
80
174
156
93
203
135
115
53
17
67
27
64
68
93
282
167
60
114
56
142
73
189
37
187
77
84
58
73
136
42
30
27
77
59
256
63
116
114
97
163
115
74
125
43
162
72
68
22
181
71
95
224
85
177
90
94
121
18
65
119
65
71
39
215
103
81
135
49
157
104
76
83
70
171
12
90
83
108
75
74
48
220
33
20
159
105
157
156
42
168
246
45
131
61
124
188
61
108
74
51
52
133
103
17
62
87
160
192
224
160
18
58
125
199
74
78
132
29
56
59
149
151
20
131
164
19
83
114
23
108
158
151
109
85
94
36
138
107
241
135
72
45
91
127
63
12
49
76
77
88
81
70
45
82
57
158
172
109
105
134
133
77
9
100
28
56
136
173
24
84
137
70
50
184
99
123
140
116
166
173
16
74
133
21
30
105
83
79
109
112
64
19
127
128
40
124
82
106
118
195
116
66
93
151
91
93
100
69
61
105
152
79
70
88
89
119
47
128
113
89
200
121
144
65
194
67
184
94
97
63
62
25
78
15
104
153
66
29
93
87
121
84
90
115
157
171
23
132
48
58
145
98
84
49
147
135
100
212
22
64
169
177
161
28
41
157
152
124
57
94
226
165
220
127
142
72
86
24
44
61
53
94
39
42
53
113
72
183
86
55
86
100
95
102
141
91
122
87
34
104
159
21
86
63
141
179
90
63
52
160
110
186
82
209
89
146
43
120
68
61
44
42
212
13
64
32
128
232
201
124
113
110
156
171
55
102
113
110
75
64
92
97
24
29
43
170
214
132
138
79
144
108
52
38
71
102
162
78
57
54
83
23
165
78
22
59
115
84
183
114
69
193
88
51
52
27
171
72
122
129
12
122
49
46
55
190
64
112
38
131
116
115
70
69
65
110
49
91
9
28
185
70
121
36
94
151
130
77
42
92
58
64
166
149
53
112
94
159
127
163
276
115
107
53
154
46
126
116
197
59
51
48
62
149
64
158
105
54
79
123
51
80
173
96
139
69
112
55
194
148
162
143
179
52
181
111
112
46
102
133
82
75
48
104
92
89
62
81
88
27
95
147
93
53
57
86
117
80
33
102
81
77
140
85
99
70
132
81
104
87
63
35
83
150
16
113
74
37
113
81
176
129
63
114
104
46
57
47
62
83
80
127
72
125
146
227
113
173
160
34
36
218
80
34
47
67
166
42
110
147
73
78
143
12
191
82
174
103
109
149
120
105
74
100
56
73
220
84
52
212
53
78
59
60
58
70
103
48
121
90
102
131
110
64
21
225
77
95
75
87
87
166
121
55
70
165
76
135
124
150
109
136
98
48
86
79
61
169
22
100
114
90
139
260
60
167
117
122
64
131
65
95
81
77
74
108
114
73
153
105
123
89
92
94
56
98
146
85
158
110
198
42
54
77
124
99
71
34
79
132
124
99
81
82
88
62
28
173
144
154
144
143
50
76
34
22
70
69
105
147
56
179
114
83
32
40
109
68
54
84
67
60
100
135
123
94
137
41
150
79
85
72
110
134
45
86
92
94
65
161
39
94
106
33
27
143
123
40
69
66
206
156
123
191
32
135
98
120
50
161
148
151
230
121
133
35
126
146
79
57
110
35
158
136
78
130
86
72
183
99
170
99
118
35
27
90
40
13
111
27
121
130
59
68
48
121
115
90
103
96
80
98
80
