153 530
314 740
583 770
148 267
196 498
571 103
504 312
375 185
736 24
361 61
190 171
505 87
561 63
460 527
116 731
217 755
118 718
639 106
191 72
132 194
410 536
25 109
359 568
631 257
139 362
443 601
305 277
142 247
80 391
213 462
702 314
253 461
707 507
437 572
682 88
754 223
509 134
728 230
690 671
37 695
320 534
635 341
427 336
527 563
783 249
227 752
280 699
601 555
105 37
71 509
697 790
765 413
72 191
695 253
210 253
439 732
773 16
638 408
353 488
339 721
287 592
279 92
532 221
383 560
566 383
43 614
715 218
174 189
603 500
137 271
680 496
450 165
359 720
59 500
174 639
527 108
324 280
58 477
225 355
780 98
585 366
597 29
513 9
318 307
656 32
505 248
661 349
161 486
536 484
545 196
434 88
252 384
17 502
65 624
643 327
756 653
395 473
66 779
92 461
110 273
673 575
453 411
351 638
105 778
681 236
498 27
347 762
427 239
327 749
68 129
54 702
119 565
225 682
298 244
245 742
209 578
470 791
751 323
201 279
564 45
789 352
441 28
630 240
246 186
351 241
709 240
256 226
216 539
348 116
30 740
417 71
658 192
739 85
143 298
660 220
505 679
473 45
711 646
356 76
317 430
96 737
552 674
574 594
65 5
16 311
423 771
72 404
364 381
320 578
48 330
580 526
397 566
59 581
62 430
769 69
343 123
94 582
32 204
290 474
525 617
79 150
419 351
427 459
358 797
743 470
314 354
143 15
665 155
382 101
274 266
633 137
730 310
757 19
719 248
19 411
565 229
415 288
296 680
499 308
257 681
55 79
508 528
287 136
652 203
72 89
269 384
757 43
706 128
344 627
330 465
792 13
700 356
661 109
406 487
250 760
422 169
56 737
476 4
744 25
486 437
372 136
27 467
371 555
439 705
743 133
279 521
569 84
344 64
101 441
518 629
628 542
384 127
482 583
287 671
386 244
485 349
154 358
686 523
472 753
181 729
229 655
184 150
733 89
326 181
271 746
271 515
27 674
792 642
128 685
387 206
475 238
364 765
167 783
488 66
620 705
489 77
104 51
439 792
652 684
472 464
747 481
730 76
567 457
239 763
781 539
570 115
110 106
338 559
663 610
661 265
399 129
379 174
221 366
11 37
535 449
103 632
652 531
574 288
480 35
77 643
275 257
23 740
622 745
344 539
436 427
135 9
197 249
546 587
697 403
607 258
216 95
94 743
607 492
772 725
267 625
385 451
788 383
60 225
743 672
510 481
766 379
183 759
169 588
20 44
502 106
120 28
525 334
393 133
506 4
323 361
716 735
648 485
760 30
136 283
414 508
355 544
347 752
710 189
16 291
636 348
256 527
270 424
593 363
703 444
136 315
53 359
544 285
771 318
184 365
491 212
718 387
373 376
493 70
438 797
342 328
368 660
201 395
193 713
751 589
724 546
511 496
80 137
122 543
247 681
378 763
16 765
555 61
489 380
637 589
329 253
430 403
445 572
612 55
727 689
94 792
540 490
13 144
360 106
759 179
133 127
15 108
361 440
216 270
578 170
210 130
674 701
250 441
279 705
711 58
540 512
314 193
557 427
37 366
118 115
500 98
480 501
783 428
753 552
480 655
8 317
643 737
643 128
273 468
610 245
553 345
233 171
163 33
774 59
165 280
438 308
486 370
719 306
766 508
357 453
671 382
544 399
9 752
383 547
582 306
413 103
418 673
361 43
146 794
271 368
456 169
321 154
480 450
570 136
783 371
73 784
288 53
395 38
498 423
718 516
571 97
202 614
595 66
581 461
245 44
460 260
245 396
55 218
97 389
125 249
1 106
93 226
64 375
115 300
294 377
116 313
164 240
3 266
112 220
147 165
48 184
227 273
73 153
144 174
184 353
4 127
234 238
205 263
97 376
38 248
216 252
67 123
200 250
302 375
94 374
129 271
114 281
11 235
221 365
59 347
244 318
173 371
126 342
206 245
143 265
96 341
204 338
139 362
273 333
106 163
302 378
131 183
111 322
210 217
6 215
24 305
220 274
270 344
220 395
180 253
19 277
52 109
139 346
57 86
100 393
136 284
17 361
8 292
175 363
154 241
246 353
344 398
129 261
26 126
234 360
78 383
44 173
332 394
103 389
132 348
32 319
61 270
70 210
125 173
72 231
4 225
276 310
158 346
178 399
76 169
11 75
263 295
246 321
254 279
148 263
350 385
41 302
179 323
108 224
47 150
165 289
39 129
39 65
21 340
71 287
97 325
100 328
4 87
150 349
97 103
68 335
327 392
10 221
6 369
85 89
161 176
220 317
75 387
168 379
104 249
23 134
128 168
177 179
107 309
45 114
145 237
20 63
276 356
114 194
182 350
46 59
18 166
235 284
19 160
131 170
155 385
45 112
51 388
103 140
215 369
150 397
38 137
76 329
235 312
97 129
133 308
95 290
112 347
114 219
96 162
85 107
154 204
205 362
1 108
248 345
245 394
125 134
179 347
76 124
287 337
334 389
22 295
105 233
132 204
137 227
51 280
135 209
1 114
183 297
18 398
287 379
113 169
47 210
234 290
109 340
55 203
7 250
306 364
260 342
49 111
19 221
88 150
119 326
310 374
274 323
221 344
100 256
12 394
155 251
41 191
108 163
330 370
65 93
252 301
28 146
195 287
94 302
138 211
55 324
202 377
124 223
126 350
99 149
228 271
275 341
257 378
1 177
321 339
68 272
75 354
114 347
313 324
28 305
13 331
155 168
42 311
246 285
252 308
166 236
239 386
278 318
39 261
15 317
185 301
102 148
336 340
68 349
86 374
223 229
215 370
20 151
91 301
0 4
62 89
177 323
249 269
200 337
234 345
16 103
49 201
333 360
207 391
303 393
139 147
74 282
49 153
296 324
117 171
199 239
21 283
97 196
28 359
66 173
97 334
66 104
117 280
210 272
31 205
76 165
90 250
273 290
52 277
13 279
290 345
227 333
17 170
9 138
149 174
223 329
364 375
135 141
195 211
51 303
62 257
143 253
228 259
179 274
268 280
53 173
107 229
225 300
64 242
70 393
3 27
54 266
179 213
102 315
261 325
139 185
167 183
78 216
28 149
40 60
87 127
155 223
202 263
60 205
112 179
24 146
149 352
370 392
275 330
26 76
249 363
1 347
69 293
314 329
37 44
218 324
82 105
344 365
92 98
88 279
24 316
0 115
15 243
20 263
62 230
126 365
200 229
109 157
81 332
239 320
94 249
11 105
119 332
168 250
88 349
234 262
150 272
167 170
182 398
159 212
23 122
141 358
105 235
23 363
180 246
132 154
150 267
118 368
136 197
351 397
219 232
128 385
241 292
28 77
16 228
272 335
69 133
278 333
18 270
230 399
26 113
262 345
241 348
351 375
78 185
191 268
304 368
36 384
28 352
254 375
290 333
242 335
79 241
66 183
103 382
131 167
143 180
170 361
62 306
19 353
236 246
74 228
198 348
14 382
207 390
298 352
67 266
63 377
51 276
168 287
264 330
151 247
107 230
307 388
7 107
277 298
39 325
160 321
12 206
216 293
77 146
139 165
10 339
162 373
13 239
32 164
366 398
34 241
11 284
42 176
31 91
251 287
10 365
37 53
155 337
5 245
46 177
72 380
332 396
31 300
39 110
253 340
83 329
140 271
187 192
241 367
219 243
101 199
139 373
257 286
72 145
56 292
38 278
300 362
148 247
110 261
108 347
64 286
126 260
19 321
94 299
155 250
58 263
172 292
184 283
141 159
29 316
62 343
132 222
159 267
212 358
157 277
333 345
31 158
327 375
242 272
92 153
35 66
31 139
22 377
356 388
318 357
190 292
312 326
89 309
136 288
151 263
128 200
184 236
191 299
51 120
145 296
132 241
186 198
83 260
226 261
258 288
270 398
34 361
116 203
69 304
9 128
0 282
160 340
131 361
10 270
103 271
158 225
63 263
238 345
78 308
42 161
64 80
69 118
184 340
244 319
133 293
153 201
165 314
77 92
5 332
244 357
138 391
193 264
125 183
326 394
112 213
158 189
227 278
121 391
37 297
232 281
43 181
144 149
109 339
20 33
52 336
135 358
22 102
106 224
125 371
269 378
35 338
189 373
286 364
137 238
60 148
177 315
88 181
6 178
3 19
129 140
302 364
90 287
128 337
63 247
46 213
278 345
134 363
162 386
152 259
115 395
22 263
110 129
68 291
34 187
124 329
102 380
43 159
54 368
40 148
142 159
150 210
1 231
153 174
117 388
50 345
158 373
195 229
90 379
27 133
299 374
24 133
124 176
14 16
155 182
104 173
49 208
233 312
217 372
206 394
203 358
24 308
191 374
2 141
57 299
46 347
239 392
127 205
115 127
3 99
168 200
75 235
26 260
236 285
29 346
181 320
101 392
280 388
231 237
43 150
128 182
237 324
326 332
181 267
256 393
99 277
43 349
228 255
5 394
183 363
178 370
102 188
306 378
159 181
199 279
162 239
260 329
47 267
11 233
254 335
64 302
41 378
224 296
30 94
85 306
264 327
118 293
311 341
31 225
49 77
238 360
240 357
70 303
36 75
36 387
180 283
25 33
13 33
9 155
45 243
196 325
82 197
165 383
90 130
67 221
236 353
247 295
32 256
47 142
59 324
1 72
105 312
138 168
1 46
258 312
327 330
218 237
11 326
132 367
215 286
134 183
40 377
121 258
198 292
80 302
30 53
90 136
166 265
101 370
193 275
216 368
14 196
122 175
5 396
101 327
5 387
7 385
48 265
134 249
148 274
82 258
28 208
274 395
142 267
132 186
282 395
213 220
71 250
70 240
6 364
122 131
68 150
148 202
53 183
175 269
123 182
281 317
42 369
137 333
133 216
34 192
22 148
321 336
154 186
112 114
63 151
135 159
224 243
82 288
301 346
59 108
173 297
77 98
139 301
42 215
122 134
57 302
284 312
175 309
35 37
13 294
126 266
18 366
134 173
3 133
12 396
7 229
204 222
30 249
170 387
155 211
8 56
130 391
29 127
86 191
16 259
11 36
292 367
6 327
127 282
193 377
135 218
4 322
100 318
99 133
25 380
95 278
64 254
220 323
50 290
180 353
48 143
190 367
101 161
137 318
214 229
43 267
34 348
172 198
187 222
24 293
346 383
293 368
71 384
175 306
37 134
209 358
151 331
124 229
170 192
196 261
79 204
80 378
143 184
184 253
335 397
213 347
202 294
78 316
81 206
58 294
200 211
113 329
192 348
346 362
246 265
167 361
138 337
73 208
109 184
386 392
24 304
233 284
89 175
112 274
266 342
290 360
181 279
39 196
107 214
14 271
120 280
84 348
31 301
27 293
158 300
96 264
60 300
79 186
271 334
121 130
113 223
184 339
165 185
72 177
163 231
17 332
169 260
310 388
35 125
93 152
177 347
30 117
148 295
212 267
174 359
174 305
185 316
75 326
109 321
105 197
103 281
144 298
128 287
107 399
68 397
154 222
214 399
100 319
245 343
298 359
20 295
10 123
139 189
115 282
174 201
1 163
221 339
13 355
178 286
88 386
289 314
15 281
176 369
187 204
3 118
139 289
1 296
1 224
101 162
82 119
95 273
83 169
116 324
146 174
185 346
94 378
38 234
55 313
43 209
264 386
84 332
23 53
223 251
245 387
141 142
87 322
2 238
39 93
222 367
133 266
211 379
9 381
28 216
113 350
169 329
14 140
326 396
17 396
264 275
172 186
45 219
124 214
315 380
257 363
358 380
199 320
110 271
112 219
285 366
186 190
182 223
5 17
239 264
25 159
14 110
198 241
254 351
120 307
32 372
156 322
381 390
221 353
235 258
27 304
108 231
110 196
15 194
145 313
59 177
117 276
36 89
179 220
106 108
16 110
168 337
35 173
144 359
270 366
189 225
261 271
200 379
115 274
185 289
7 124
114 179
264 392
182 385
187 241
5 326
78 118
123 344
40 362
66 131
21 160
77 153
247 263
61 398
123 126
168 207
7 200
32 70
46 323
120 171
162 294
140 196
91 346
96 275
74 395
138 155
337 385
337 379
7 251
229 251
77 174
109 246
108 324
199 392
207 337
114 323
214 329
39 376
206 396
101 386
58 373
86 310
145 231
56 190
215 364
74 255
23 378
211 250
164 393
319 372
357 393
55 380
63 202
23 183
146 305
224 323
93 255
278 290
73 156
186 292
137 328
129 226
394 396
71 309
199 330
11 312
48 246
320 386
240 356
42 330
54 69
89 343
279 335
74 220
279 320
217 256
19 67
254 349
38 290
247 377
309 384
106 296
152 255
95 333
45 347
239 279
26 124
32 291
273 278
82 233
171 307
279 386
81 84
231 296
169 342
105 121
105 258
363 378
55 135
33 212
200 223
51 240
251 385
55 72
114 317
218 313
92 201
41 86
46 114
222 348
217 393
253 283
239 254
244 393
242 279
122 183
26 314
75 312
101 330
130 379
38 360
90 312
370 375
242 254
126 169
27 67
158 362
320 335
35 44
1 324
16 271
159 209
160 336
6 85
171 388
109 160
59 315
34 84
239 355
252 316
182 365
48 236
318 319
146 201
71 195
5 12
38 328
8 154
62 85
233 258
7 223
168 211
39 259
163 296
261 389
53 122
233 235
5 343
154 367
230 309
206 332
61 182
45 194
335 355
40 300
387 396
116 145
8 241
61 207
120 388
195 251
7 211
57 268
117 307
227 318
30 173
114 224
101 215
53 249
197 288
210 248
230 384
103 196
223 350
6 306
195 250
67 344
14 228
25 358
153 305
46 220
286 378
80 299
187 297
83 289
148 188
37 66
50 273
14 219
54 118
18 339
161 330
136 354
270 365
103 334
188 247
191 280
20 96
75 394
343 387
91 316
240 319
146 149
170 245
154 292
256 319
184 321
164 217
129 325
254 392
32 217
134 297
236 366
184 285
268 374
130 381
188 315
191 310
168 381
54 342
96 193
119 394
72 324
156 282
89 387
162 199
280 356
72 106
127 395
98 208
138 381
173 249
48 285
91 165
327 370
200 385
152 322
167 187
163 313
40 295
189 301
46 224
217 291
250 251
254 386
37 338
279 355
301 383
339 353
196 271
55 358
141 234
10 344
62 175
118 126
4 300
19 52
161 369
30 86
142 150
38 333
27 266
177 213
98 153
28 98
55 145
257 364
86 302
34 132
387 394
329 350
350 365
136 235
303 310
9 207
318 393
238 248
21 253
187 348
38 100
77 208
14 232
175 343
286 370
308 316
271 382
54 126
179 224
128 211
34 222
73 98
240 372
0 111
38 262
111 152
194 224
67 365
47 68
81 326
291 397
41 374
97 271
73 322
120 276
200 287
100 210
35 53
345 360
51 268
113 260
257 306
76 214
9 168
250 287
134 269
166 246
83 124
67 339
137 278
75 206
243 317
37 125
175 257
269 363
10 67
146 153
27 368
224 347
14 103
339 344
319 357
156 255
118 133
72 296
46 112
316 383
98 201
189 362
200 251
18 344
12 75
59 106
255 259
112 395
216 304
23 249
355 386
157 160
47 328
105 288
271 389
66 338
223 385
60 247
64 364
49 152
32 240
102 213
86 371
79 154
187 361
40 225
199 327
154 172
80 351
195 200
93 259
33 63
146 208
0 87
123 221
51 356
279 392
213 274
72 203
114 243
305 352
202 295
137 290
88 335
128 155
189 341
219 317
35 297
158 205
75 245
50 262
272 397
46 179
135 203
301 362
59 231
203 380
60 188
2 360
49 73
174 352
269 306
240 244
276 307
45 317
100 217
204 241
279 349
16 140
238 278
201 208
321 353
4 31
248 328
63 294
125 297
216 308
0 322
111 282
33 377
3 293
70 319
76 314
144 305
91 308
26 169
349 355
128 250
155 200
34 170
77 201
55 116
11 12
19 27
7 350
74 112
238 328
150 335
196 376
49 92
178 306
26 83
357 372
83 314
184 246
29 158
100 137
217 357
130 136
194 281
284 354
158 301
231 324
145 203
352 359
36 309
136 258
199 264
58 158
160 339
15 219
4 29
64 351
122 363
11 136
142 328
106 324
240 303
3 304
214 251
160 353
7 287
272 291
26 329
186 241
104 131
2 234
121 197
161 215
127 225
66 297
138 200
199 355
297 338
152 156
22 40
390 398
118 266
90 233
316 346
63 331
139 158
99 304
21 321
107 369
97 261
110 255
12 245
25 151
104 125
32 303
149 298
76 83
95 137
238 290
70 164
81 396
183 269
41 80
85 230
312 354
111 255
1 194
143 236
83 113
65 156
45 281
91 289
82 136
147 341
95 318
145 218
147 330
85 175
243 281
87 98
131 134
232 382
6 286
305 359
137 248
4 346
286 306
113 124
193 341
76 260
85 399
141 209
22 188
49 156
334 382
221 270
13 193
192 361
90 235
66 125
18 265
8 198
117 371
14 389
157 321
155 287
178 364
105 136
268 303
298 305
93 110
17 167
43 320
145 163
40 205
45 224
311 330
172 367
194 347
222 241
181 212
211 337
289 383
325 389
73 152
199 386
136 312
15 45
102 177
87 208
109 336
58 295
219 382
317 323
29 362
140 389
99 293
109 180
160 246
22 151
133 304
0 156
85 178
9 337
15 112
185 383
57 80
303 374
86 268
38 95
73 201
18 221
14 97
172 190
5 119
164 303
39 140
254 320
191 307
185 252
111 156
217 328
80 364
5 75
266 293
280 307
123 350
25 331
236 265
246 339
233 354
90 121
151 202
69 266
181 335
90 168
47 272
99 368
266 368
21 109
166 366
80 375
206 387
276 388
116 218
32 357
254 397
349 397
84 396
321 340
41 57
112 317
257 269
17 192
138 390
48 166
143 285
235 354
155 207
307 371
299 378
50 360
20 377
196 389
80 286
52 160
238 262
154 348
30 171
40 202
16 196
16 219
41 299
79 367
95 227
171 191
65 226
15 114
96 373
96 294
14 334
112 323
56 367
161 311
60 115
210 256
58 193
93 156
56 172
27 118
164 356
195 384
291 303
40 263
53 371
58 189
210 291
289 311
244 372
182 344
88 320
38 345
55 231
33 151
117 310
293 304
52 321
194 243
12 119
163 324
20 202
37 173
88 355
60 274
62 309
120 356
256 328
256 272
174 208
265 285
94 191
86 94
132 292
139 341
36 235
180 340
63 295
113 126
23 269
12 81
8 172
181 355
27 69
131 297
75 284
72 108
110 259
24 28
69 99
122 269
109 353
21 180
73 92
11 354
110 140
236 339
3 342
98 322
85 309
6 399
265 366
49 322
43 212
49 98
140 228
72 315
70 217
309 399
65 152
9 390
295 377
252 383
262 360
245 326
130 168
8 367
335 349
56 198
248 333
242 375
204 297
372 393
183 249
250 379
318 372
20 193
110 376
238 333
146 352
186 222
28 153
53 125
162 193
74 115
78 91
44 307
211 287
7 195
56 154
91 252
103 232
22 63
76 113
207 381
147 314
54 169
29 31
369 399
225 362
226 259
15 232
129 389
323 347
93 111
137 345
88 254
75 233
144 277
106 231
13 181
53 104
13 212
11 206
180 321
116 237
242 397
29 87
149 305
138 207
156 259
17 34
210 328
40 247
250 337
44 338
325 376
53 66
262 290
143 166
381 391
150 256
21 336
20 22
151 377
136 233
25 209
1 59
37 104
147 311
10 19
91 185
30 191
31 362
11 258
209 212
282 322
22 247
162 275
240 393
215 327
13 320
43 47
70 272
167 192
61 128
100 248
217 319
19 69
275 373
104 122
96 189
157 336
118 342
19 339
242 351
59 72
153 352
178 215
104 363
107 176
38 273
3 69
132 187
292 348
13 20
180 285
198 367
9 391
193 294
78 252
197 258
216 316
28 174
176 214
121 136
73 77
180 236
48 353
219 228
65 259
80 94
61 155
70 256
122 249
130 287
83 165
171 173
127 300
129 196
118 169
79 132
213 323
171 371
38 238
3 368
51 164
22 202
193 373
275 294
8 348
51 310
128 138
180 184
311 314
212 355
145 324
233 288
81 119
31 346
167 297
46 108
98 146
258 354
128 207
178 230
144 352
61 390
54 260
342 368
58 139
117 120
5 206
48 366
162 264
147 161
58 341
52 339
53 134
59 296
57 374
161 370
56 186
299 302
33 331
124 350
48 180
203 315
79 222
197 233
320 349
320 355
209 267
286 327
130 138
206 326
276 280
159 358
199 254
7 214
88 242
91 383
40 189
36 284
177 188
242 349
12 326
283 340
8 186
280 310
55 237
104 134
12 332
165 311
281 382
186 348
123 365
170 343
23 257
375 392
68 242
268 310
70 291
34 167
32 393
52 157
196 334
143 283
172 348
68 210
151 295
69 368
151 294
25 212
211 251
27 54
97 140
134 167
58 275
6 370
20 331
36 354
160 180
186 367
133 368
36 71
331 377
219 281
176 399
166 285
86 299
263 377
66 134
104 297
177 274
108 296
117 191
205 300
149 359
190 198
129 376
178 369
0 127
164 372
68 256
23 104
154 198
176 230
27 99
304 308
45 232
203 218
53 171
189 275
27 277
237 313
110 226
142 209
30 371
119 206
250 384
319 393
256 291
107 195
10 266
58 96
25 63
335 351
21 184
3 54
101 264
104 183
212 331
261 376
202 247
160 277
30 307
140 334
255 282
20 294
197 312
65 255
147 289
43 142
9 130
106 145
2 262
40 58
153 208
39 226
101 239
364 378
160 184
47 256
301 316
41 94
181 349
205 225
351 392
341 373
191 371
164 244
88 351
248 256
29 301
90 391
162 330
119 396
20 25
24 216
15 224
88 397
148
63
14
114
51
160
78
80
58
93
21
149
60
97
145
171
90
189
97
138
66
116
95
142
195
140
70
83
119
144
71
25
149
173
113
101
77
65
155
56
49
117
108
79
119
38
35
126
48
201
119
105
49
70
156
90
151
74
160
136
60
49
96
64
29
235
20
184
75
69
115
86
74
94
98
76
167
24
134
158
191
86
181
99
46
12
73
102
128
48
102
24
147
69
16
123
134
10
103
84
75
61
89
46
103
56
49
190
100
123
158
142
69
70
79
111
57
124
54
47
38
79
23
136
114
81
57
160
85
47
124
125
42
79
137
46
70
22
125
222
206
135
120
38
143
100
70
20
187
27
54
61
60
51
54
52
118
122
118
39
109
85
148
72
49
90
60
196
157
32
69
115
179
217
184
176
22
109
72
75
73
92
104
110
96
187
45
192
38
49
64
88
93
19
184
135
209
165
65
34
171
75
21
46
57
187
68
82
95
69
208
87
90
27
86
64
53
110
95
88
148
54
103
29
99
98
128
32
144
100
41
155
125
127
150
156
216
77
117
211
69
75
49
149
56
117
69
82
54
98
57
162
162
139
75
102
114
145
102
83
29
145
133
115
64
61
184
141
180
121
94
137
62
91
28
161
44
43
22
48
42
46
167
110
72
166
166
100
78
68
77
38
165
102
152
160
46
70
139
21
106
120
120
43
56
132
44
89
107
43
113
95
62
176
83
41
124
143
80
142
85
59
52
98
95
113
107
48
111
152
29
152
58
155
44
66
109
158
72
62
209
62
193
68
38
73
44
55
171
30
79
56
132
50
147
83
77
124
81
129
149
45
88
109
17
73
103
143
77
63
100
160
106
145
17
92
82
73
160
85
107
141
123
184
20
24
81
208
224
169
152
86
62
196
52
46
70
131
106
53
74
38
17
54
223
22
108
48
150
73
6
124
59
97
118
70
176
225
56
69
72
63
124
113
77
75
209
47
160
140
11
119
93
186
120
7
108
152
94
70
58
89
122
173
51
171
67
149
44
65
165
111
56
59
56
109
67
122
197
14
26
78
171
70
72
141
110
93
167
86
180
110
92
110
56
97
75
85
48
67
79
88
138
40
125
95
57
182
49
95
104
174
94
69
87
137
124
98
53
58
48
166
98
95
56
181
207
186
157
91
50
35
102
43
211
115
7
194
181
90
157
17
121
39
145
77
91
133
85
43
115
104
72
29
218
90
62
115
103
65
115
79
73
135
133
55
73
144
126
160
199
38
157
85
215
17
118
29
176
85
72
280
83
14
141
187
94
108
104
121
54
45
52
52
128
43
150
65
69
135
110
133
200
199
124
154
9
134
160
28
122
118
117
112
60
117
62
60
46
162
199
128
132
162
168
105
85
100
152
203
102
91
134
105
37
71
71
28
49
43
47
47
57
186
65
119
121
116
85
79
45
116
84
164
69
106
92
64
39
184
120
24
24
70
161
13
60
68
117
158
177
130
55
43
126
108
78
138
108
101
84
41
131
83
79
158
193
136
124
68
152
67
84
92
56
73
64
80
86
113
98
54
156
15
190
64
22
30
56
174
107
128
84
102
89
102
125
61
146
129
58
159
46
40
70
126
83
180
77
68
61
156
86
247
141
74
176
137
152
163
95
171
56
208
62
138
78
159
167
70
110
126
157
103
82
116
25
111
94
116
48
13
76
130
59
93
60
68
46
99
93
175
103
87
37
125
116
160
154
40
43
115
102
284
41
50
107
105
89
71
106
82
91
44
219
139
101
107
58
84
165
99
79
104
113
95
160
78
133
160
74
71
163
58
157
22
90
118
78
76
51
54
131
134
103
80
126
17
78
104
47
51
44
118
58
130
59
136
64
166
107
51
43
57
140
151
88
63
88
51
77
62
77
159
155
51
59
103
70
150
125
112
86
141
185
85
76
118
148
55
66
87
53
220
155
269
128
140
104
95
38
91
56
97
42
107
67
108
26
100
37
68
69
108
86
90
115
63
57
171
154
97
135
157
85
68
70
136
124
108
176
127
142
67
65
96
78
84
80
74
69
66
73
64
58
27
230
142
186
91
97
157
175
127
94
56
78
60
170
191
223
85
134
115
43
86
88
140
130
62
106
182
67
111
83
57
41
100
122
134
26
51
206
131
65
37
99
115
173
136
61
115
49
155
62
56
76
210
96
25
102
100
74
121
31
62
61
92
70
105
166
14
262
119
92
79
123
30
149
60
154
143
196
72
92
77
41
70
55
169
130
53
133
15
201
89
86
88
118
122
86
92
45
128
102
29
149
156
29
167
185
132
75
78
160
224
134
84
50
43
92
99
35
22
76
162
124
63
113
127
48
42
198
101
184
81
50
156
48
59
54
114
46
41
146
145
142
30
107
120
44
75
73
27
117
97
30
73
285
99
75
89
86
73
146
98
104
153
19
122
13
71
110
121
69
159
90
171
151
78
72
32
79
63
135
48
110
189
49
111
98
78
202
82
138
34
55
136
180
89
179
119
96
111
150
114
124
156
19
292
194
54
199
76
77
114
51
156
112
194
61
47
148
107
179
133
109
170
51
101
68
133
44
123
162
167
95
95
83
66
129
51
32
99
61
100
80
97
126
121
106
58
35
129
35
172
14
120
74
115
131
37
103
118
156
106
163
111
73
165
31
64
248
111
119
66
147
89
73
130
142
102
54
150
18
109
108
81
67
93
97
48
96
99
63
139
42
84
96
143
151
181
101
192
169
80
96
152
124
142
54
72
67
86
80
246
74
41
155
128
134
145
123
122
134
85
37
108
167
124
141
29
32
149
70
16
78
264
219
155
46
51
125
45
138
17
47
51
60
119
88
140
74
153
98
85
144
188
143
153
54
64
148
120
74
103
104
73
97
141
52
33
132
104
37
120
115
74
69
180
115
41
133
140
80
89
97
98
46
73
68
59
182
65
153
142
230
42
49
39
108
13
22
65
21
129
87
115
153
71
82
80
80
85
100
99
158
40
85
178
191
174
130
119
117
76
36
204
134
59
70
44
99
152
54
85
72
169
39
162
149
154
110
67
154
99
32
146
40
105
149
62
144
181
182
76
59
100
66
42
112
55
60
158
82
94
112
69
23
99
33
197
102
124
36
106
184
151
48
71
46
56
92
118
73
75
73
98
137
91
54
97
56
132
83
49
99
170
78
165
64
134
39
136
54
67
74
155
75
146
144
185
111
164
170
73
108
60
120
128
33
105
205
100
54
110
126
94
82
83
95
89
142
99
59
138
102
162
145
64
91
115
146
188
57
50
71
174
110
232
68
56
88
134
59
167
126
103
61
146
98
48
156
42
124
23
84
192
227
98
135
89
94
110
176
137
151
102
56
78
125
61
171
30
121
78
156
177
117
31
33
25
102
157
91
94
214
182
115
114
82
113
101
56
50
156
147
48
219
24
136
129
92
143
46
85
86
63
69
99
184
65
190
80
42
105
99
66
181
61
198
59
59
78
102
111
50
143
56
104
117
55
69
79
31
61
105
26
44
80
103
191
90
157
131
62
50
39
159
70
62
31
79
103
174
124
54
129
100
123
203
128
76
141
116
90
13
61
59
143
118
48
125
116
128
44
123
105
100
52
97
60
23
122
104
94
108
71
147
33
100
53
61
174
84
55
156
70
192
94
124
30
48
48
114
60
149
101
124
197
64
175
122
50
67
82
113
98
98
63
60
86
40
146
46
64
25
153
70
80
93
167
79
82
84
53
91
35
81
225
155
234
64
99
73
142
129
125
169
128
66
95
51
89
46
83
31
60
99
60
35
86
163
70
113
114
96
51
82
144
176
97
154
119
70
48
104
103
74
164
24
99
70
107
68
52
59
74
84
130
60
98
113
122
72
110
70
123
138
98
138
212
37
120
33
63
87
135
41
32
129
60
35
99
62
100
70
68
161
29
86
255
221
56
149
65
133
29
53
92
57
138
27
63
23
55
60
80
98
187
58
70
65
88
108
96
177
96
165
83
86
221
49
74
96
97
44
192
73
50
151
65
184
84
230
16
130
120
117
183
89
47
63
35
35
100
152
121
55
36
70
80
103
45
144
165
49
50
149
93
120
101
44
122
112
58
23
101
55
119
32
113
184
95
119
41
23
135
208
94
136
42
23
156
200
83
103
91
115
139
44
171
107
161
140
53
131
68
149
128
256
131
76
42
192
48
99
23
80
105
206
59
82
49
79
126
129
174
75
65
112
76
117
76
45
109
58
172
133
11
97
34
116
72
36
126
147
130
72
38
125
108
146
58
69
63
73
41
47
103
166
95
61
66
76
62
92
103
149
63
135
77
113
88
66
212
61
81
133
166
58
81
70
68
73
88
146
162
43
82
34
126
136
72
68
149
115
58
78
140
144
113
158
169
116
149
142
90
11
47
99
48
94
206
77
74
166
167
61
104
92
133
94
44
92
64
30
38
216
181
73
143
63
139
177
98
147
170
140
88
161
52
26
73
71
103
141
161
40
44
28
163
16
147
90
128
188
74
92
102
42
187
48
136
138
