330 294
214 212
752 626
64 323
344 757
185 60
300 121
346 765
227 178
179 369
751 466
565 602
596 376
417 547
24 267
200 41
157 226
720 140
300 633
151 528
468 348
582 302
176 164
338 791
223 157
159 87
676 240
217 561
374 280
717 230
752 664
584 584
19 348
621 334
673 528
9 144
555 229
518 476
280 295
328 277
522 433
279 396
426 42
364 218
751 253
374 181
702 746
315 590
308 505
21 763
227 677
446 429
148 731
391 564
423 689
275 458
492 262
744 659
151 337
502 526
619 741
666 682
638 209
661 673
133 609
377 455
291 371
238 444
41 767
581 94
305 702
373 202
174 617
214 250
19 272
153 350
541 151
657 721
687 428
441 543
484 124
590 321
516 150
115 775
386 560
52 61
189 450
464 51
411 768
297 104
635 677
402 552
565 364
655 173
387 426
672 144
326 630
340 540
399 596
304 668
163 275
505 18
689 89
230 484
789 788
445 451
367 657
793 502
254 278
539 477
304 713
551 125
353 689
242 74
293 672
245 51
709 392
548 474
250 230
375 531
659 105
326 226
231 267
312 86
305 727
127 650
556 222
41 460
769 0
449 610
403 331
236 691
619 275
714 482
384 132
236 366
355 135
475 198
789 698
126 80
786 55
364 26
649 315
467 73
418 666
245 229
254 212
584 10
601 151
596 589
249 651
669 391
247 682
51 440
691 39
72 775
181 392
483 386
775 425
633 314
540 506
50 474
557 365
721 676
201 312
50 763
445 468
501 755
450 327
797 78
363 346
756 593
477 518
427 175
151 102
103 328
50 131
42 182
646 714
99 116
772 118
122 455
27 103
276 652
542 280
26 363
645 70
57 28
319 162
308 632
28 272
314 137
52 68
182 115
410 461
543 267
716 604
274 54
501 771
384 261
724 4
763 32
160 538
381 318
509 697
187 545
35 790
480 472
787 21
613 171
777 577
393 620
138 0
79 706
132 375
408 90
714 253
232 499
506 759
756 381
10 277
412 127
614 262
57 566
390 306
206 323
124 781
584 101
448 86
157 546
624 201
465 197
63 434
694 334
755 620
274 538
62 418
251 557
144 503
577 170
46 278
111 543
456 624
330 766
128 530
469 700
718 237
351 410
87 105
501 144
714 281
112 455
49 50
10 665
744 315
411 593
230 559
511 501
595 283
153 736
397 321
532 23
764 659
266 443
308 489
447 658
499 13
751 424
671 267
290 216
587 251
628 428
385 185
674 658
8 402
374 56
176 798
693 360
417 681
537 738
635 445
329 405
435 106
607 548
610 604
393 276
660 693
649 179
297 138
187 622
525 249
588 284
541 393
43 251
295 534
787 690
217 69
414 650
366 255
99 250
612 760
274 223
739 161
438 790
116 221
452 797
211 103
266 63
56 519
552 68
515 556
399 364
117 635
532 212
476 286
251 344
316 667
687 558
189 393
712 215
284 203
227 322
485 245
788 290
33 593
448 287
456 678
361 18
49 331
368 671
120 46
48 636
366 380
159 420
616 26
452 645
105 193
652 342
247 740
739 379
630 477
659 705
55 308
46 770
312 797
283 329
120 419
286 639
622 220
406 488
608 383
589 567
416 596
619 706
174 402
531 574
274 28
318 633
31 724
55 186
381 411
432 672
141 22
75 714
62 555
623 90
281 350
352 355
578 795
380 551
351 36
286 25
404 537
617 643
493 387
219 481
744 609
377 574
352 624
28 729
95 428
134 89
558 303
455 137
636 255
173 524
648 671
753 57
594 170
203 573
218 29
502 595
306 85
97 287
203 220
185 476
100 400
476 667
236 401
58 674
48 55
0 298
178 386
43 298
122 164
80 249
179 381
3 393
93 209
165 343
111 249
105 194
119 372
7 70
104 295
8 22
248 252
70 114
195 270
88 303
104 138
84 255
3 328
202 229
196 273
213 379
331 363
102 387
6 123
127 161
47 378
379 399
190 240
22 394
18 150
17 319
149 284
162 374
166 207
143 282
32 240
53 97
134 221
216 268
270 382
88 305
76 227
180 208
61 353
57 295
148 388
147 261
176 177
31 355
234 376
106 378
217 256
228 383
189 357
143 228
114 316
86 181
216 254
130 311
185 274
316 347
107 267
56 184
213 259
213 253
113 306
117 207
102 186
348 388
194 349
102 302
85 139
290 314
56 325
1 8
242 326
277 337
131 152
371 390
209 348
40 117
296 306
73 164
221 228
37 172
142 159
12 292
116 219
63 373
127 274
110 338
83 343
109 160
118 145
84 377
216 323
110 124
64 289
134 383
95 209
221 282
96 347
4 23
80 87
4 110
296 390
177 304
151 280
143 383
130 325
304 359
11 391
106 278
97 377
197 307
322 325
213 399
78 267
172 310
111 365
27 385
155 379
120 365
288 320
145 146
132 384
31 391
26 348
182 252
135 164
198 368
62 287
2 196
48 97
62 348
159 384
86 395
343 358
13 372
64 241
194 207
42 266
218 368
177 336
78 219
94 166
252 330
153 380
290 322
209 287
307 356
42 87
62 388
188 269
79 172
93 120
278 329
190 220
132 291
169 180
89 307
263 264
75 318
18 114
71 199
76 148
27 289
0 170
26 44
352 377
137 231
208 387
21 270
160 310
102 365
78 271
23 344
130 203
27 202
131 338
7 88
212 330
235 264
275 370
91 98
225 315
47 97
212 362
285 298
112 316
86 238
40 109
3 185
191 288
13 369
242 397
67 395
256 294
165 206
19 385
211 377
148 209
102 154
330 381
10 133
153 274
250 323
53 91
260 332
331 399
61 90
122 394
9 58
168 374
242 335
181 236
19 395
238 241
41 67
29 62
62 95
302 319
18 316
63 178
103 395
75 333
26 250
5 113
65 247
165 399
53 79
66 281
68 206
271 350
126 388
96 316
222 268
9 354
98 377
242 391
54 88
34 196
173 221
16 299
144 335
59 310
34 133
99 114
287 348
1 118
182 248
2 210
168 314
202 241
111 388
35 177
5 306
113 193
177 182
87 261
107 210
186 365
25 139
335 361
50 152
189 378
33 81
162 350
218 245
45 191
223 364
343 379
196 376
238 251
124 338
296 307
27 217
110 114
286 386
199 203
69 334
49 343
205 389
40 292
202 385
87 282
230 287
315 398
215 370
4 70
67 103
0 39
121 269
90 284
10 267
315 345
122 321
188 272
17 387
68 343
63 341
52 259
253 358
24 146
3 190
76 80
125 399
1 320
186 227
198 204
130 285
101 266
164 225
87 143
375 385
233 254
5 212
5 193
108 164
69 186
158 267
5 390
60 368
3 32
99 183
81 159
160 283
144 326
248 381
106 357
265 297
363 379
213 363
46 178
285 325
79 310
35 192
159 222
56 322
258 270
180 387
54 245
55 398
244 308
229 385
326 397
211 255
345 366
33 132
199 260
16 22
167 279
29 246
70 338
258 382
50 183
15 115
85 248
159 277
2 295
193 381
336 359
237 256
268 384
127 236
13 53
47 96
297 329
25 248
147 309
265 397
25 193
22 193
29 216
170 247
332 367
68 358
4 7
151 339
181 251
117 292
128 154
56 290
8 118
16 100
112 124
77 386
112 329
128 201
204 218
1 16
157 292
59 79
28 130
289 389
143 266
254 277
265 326
250 319
130 170
76 239
12 159
145 320
40 51
46 104
68 363
114 183
73 108
82 111
151 233
171 376
187 330
17 120
239 388
174 306
205 385
54 278
238 385
94 194
43 285
136 272
96 357
52 276
159 258
13 79
139 248
86 217
58 354
157 374
18 47
30 171
119 349
93 102
159 233
66 315
150 183
166 194
167 326
9 214
84 372
108 118
114 357
249 313
55 264
8 145
36 184
29 302
67 217
17 180
133 317
4 124
90 373
222 348
67 398
49 68
53 119
74 240
78 277
33 258
126 270
59 160
316 378
247 311
292 350
25 174
15 390
123 370
264 294
141 275
118 146
62 209
119 377
219 254
136 221
21 92
135 318
256 389
26 62
6 89
250 254
30 376
72 125
240 299
193 306
125 213
307 390
331 379
49 379
7 110
56 231
113 307
209 388
14 74
58 225
206 343
80 228
48 119
49 363
50 338
129 352
83 259
169 387
133 267
273 386
13 119
75 225
55 67
179 182
19 205
37 160
206 379
189 316
37 117
163 376
94 105
153 236
139 381
45 173
3 14
65 166
85 330
224 298
51 207
357 378
7 124
60 286
109 117
104 163
81 350
148 239
114 131
159 350
53 352
20 157
11 284
44 246
346 354
90 273
321 366
155 276
123 191
98 255
162 292
188 191
161 364
101 309
14 220
259 363
215 383
53 84
258 291
94 332
257 310
120 227
204 279
74 342
281 367
246 323
141 327
171 196
61 341
136 191
297 361
318 333
238 395
191 392
84 98
154 201
24 288
314 322
211 352
230 239
0 345
244 385
49 206
245 397
41 135
105 207
57 234
13 84
217 375
16 304
11 149
130 260
54 297
64 223
31 284
41 66
121 298
41 315
161 232
42 101
185 342
142 250
230 270
203 367
99 347
184 270
312 331
217 237
328 393
222 270
247 367
16 394
10 116
93 95
366 398
94 349
84 369
351 355
0 224
179 359
5 25
149 351
211 297
106 112
168 325
194 372
262 295
86 354
113 115
161 380
138 262
184 258
15 212
6 191
118 269
198 245
253 331
64 312
214 318
261 309
79 84
214 354
129 255
69 111
86 398
169 201
13 91
311 360
102 201
50 289
65 94
128 140
31 283
41 345
194 360
140 387
232 346
163 286
91 255
70 112
122 146
65 281
43 188
11 283
355 391
14 190
215 228
184 290
62 222
327 370
75 156
24 306
5 362
273 286
341 386
65 264
224 367
35 182
333 354
117 257
214 380
204 335
4 88
233 277
146 301
183 357
195 314
63 386
164 321
26 319
77 90
269 301
293 304
183 316
145 301
75 175
86 375
329 378
98 129
146 320
173 383
229 238
51 105
192 248
247 360
98 378
140 169
100 304
246 254
9 164
60 300
228 249
61 273
154 208
247 332
28 285
68 379
5 139
231 322
234 262
18 189
219 233
6 307
165 213
144 278
39 199
203 298
48 294
102 200
334 365
92 292
135 225
94 360
89 288
62 93
66 345
80 137
176 252
292 374
64 72
156 354
198 218
37 166
200 201
94 247
217 235
81 258
91 377
217 395
4 243
258 384
180 201
3 74
20 130
351 373
38 118
95 302
51 157
100 394
240 342
30 138
83 363
135 315
38 122
170 281
176 359
161 181
186 334
89 123
165 363
204 326
89 113
148 287
139 330
284 373
95 102
7 303
46 77
68 213
101 147
125 363
129 297
27 256
81 162
189 347
132 348
93 148
163 295
11 351
120 186
54 361
51 349
40 257
166 172
152 183
197 356
114 152
73 122
78 280
283 317
10 107
132 270
126 239
266 309
19 27
52 83
197 296
108 301
309 365
176 248
109 257
90 178
296 356
81 382
28 43
1 73
224 260
58 100
210 234
311 332
205 256
335 391
119 369
251 380
116 271
49 358
79 372
27 229
242 265
199 224
128 180
24 193
178 353
245 278
115 197
132 142
72 229
176 192
75 214
124 344
70 124
178 273
205 238
121 188
218 305
43 272
135 398
229 389
229 241
58 75
123 197
83 155
127 251
38 39
33 142
23 124
234 295
8 301
188 288
310 351
26 216
232 236
57 138
66 135
201 387
106 211
77 353
275 327
67 263
36 291
12 151
7 243
11 373
54 144
293 299
78 151
16 336
210 376
94 311
52 363
103 375
15 362
63 163
318 398
8 146
59 109
94 281
148 365
63 273
22 24
21 81
123 371
32 274
129 242
62 230
100 393
233 268
284 317
43 199
215 275
76 111
57 163
241 364
11 31
21 258
43 45
114 150
116 233
101 261
14 342
44 319
335 397
164 315
299 336
95 148
248 330
195 291
174 381
167 245
254 339
1 24
56 195
5 174
170 360
220 328
241 308
211 378
288 392
220 293
148 230
222 384
95 186
229 244
47 235
251 346
122 145
113 197
253 379
8 394
30 295
65 105
245 305
161 236
116 151
97 119
215 221
31 310
12 81
0 121
149 355
311 367
39 43
216 384
154 387
171 210
139 192
72 312
4 344
232 251
175 342
50 131
23 110
71 173
196 234
370 392
240 328
299 342
89 191
39 345
163 273
110 243
136 215
59 355
54 265
203 260
77 273
115 371
142 384
126 313
126 195
159 291
199 285
321 345
308 364
33 159
227 365
15 25
13 98
32 342
76 209
59 257
83 206
109 207
45 121
160 257
356 390
48 263
170 224
353 386
304 336
133 158
65 360
9 398
0 203
195 258
324 331
216 250
31 373
43 71
6 188
158 339
26 246
176 179
106 144
167 204
316 357
29 268
153 232
230 388
11 355
27 72
203 311
162 382
61 163
123 288
47 347
113 356
231 249
166 257
283 284
56 313
230 348
284 351
59 117
27 235
44 254
265 335
80 143
226 276
165 226
2 57
153 396
247 281
227 309
175 396
32 328
168 260
179 248
175 328
142 233
195 382
39 203
226 363
9 225
86 103
54 329
108 321
39 298
3 293
67 375
103 263
198 305
13 377
52 226
48 235
257 355
308 324
150 189
186 200
219 277
33 337
42 370
59 207
113 392
106 329
81 142
214 333
300 353
175 393
115 306
246 302
54 326
7 344
23 88
12 92
179 192
135 321
64 331
38 345
106 316
111 309
358 379
246 268
37 257
60 353
202 244
184 322
5 381
85 176
91 349
227 334
183 189
195 322
17 302
134 282
173 231
53 372
147 334
236 396
21 184
219 267
97 294
81 291
139 362
22 336
127 380
220 240
159 268
61 77
123 307
60 77
57 273
216 233
116 337
61 178
297 326
110 316
51 374
157 168
42 141
33 291
137 249
34 317
166 349
356 392
40 207
349 372
132 258
330 362
300 341
12 162
71 298
36 290
12 33
102 120
6 288
38 108
144 265
255 372
185 232
111 239
324 399
17 95
30 262
137 322
80 282
31 351
40 157
197 371
26 384
13 255
184 314
193 296
149 283
116 339
108 315
46 61
109 172
82 383
137 290
224 285
128 169
18 378
92 350
134 136
222 291
134 173
107 158
300 368
1 394
312 399
40 160
245 361
83 276
21 291
36 239
73 146
16 73
13 172
79 91
286 353
169 208
181 244
117 160
35 359
43 121
222 258
278 297
128 200
99 152
143 261
179 330
21 222
146 269
99 150
171 262
158 219
99 357
56 137
114 189
96 378
73 145
139 193
69 76
3 240
181 232
70 183
2 376
303 305
2 30
0 28
190 393
281 332
253 399
115 296
12 280
221 383
243 344
59 172
14 293
9 318
37 207
346 380
170 311
140 180
97 369
118 301
333 346
114 124
224 325
283 340
232 396
78 133
242 297
276 338
105 360
132 222
89 197
181 395
116 158
235 294
156 318
202 205
89 136
87 228
140 201
251 396
36 126
91 119
25 296
28 260
213 331
45 136
76 249
230 384
60 341
22 306
2 163
3 342
72 289
369 372
42 282
256 385
132 337
118 394
116 254
293 359
278 326
15 113
354 398
81 132
99 110
105 157
6 392
150 152
293 393
151 271
223 308
61 373
253 324
128 208
144 211
91 352
100 225
39 121
28 39
204 265
77 178
167 303
172 207
71 272
142 268
69 227
55 103
45 134
97 264
9 333
36 270
134 228
83 165
192 330
261 266
373 386
209 239
196 317
53 211
37 59
77 286
105 172
36 313
8 320
131 183
154 186
81 337
241 324
347 357
268 319
181 396
61 63
1 122
26 268
190 293
297 335
73 118
190 342
233 250
95 287
130 332
238 244
42 327
111 148
267 277
198 279
130 367
42 275
160 207
75 164
278 335
273 341
28 170
138 295
32 185
102 180
19 389
346 396
156 398
246 319
86 318
58 214
81 92
103 235
204 397
281 360
279 300
177 293
75 354
73 301
53 98
224 311
219 339
74 220
161 251
52 125
25 330
326 361
120 148
307 392
180 302
65 349
139 179
241 385
240 393
185 236
181 333
163 341
115 392
64 364
291 382
60 90
171 317
190 328
375 395
249 282
145 269
358 363
42 215
178 300
71 136
297 352
167 198
155 213
181 346
337 350
24 145
315 321
99 316
50 114
155 226
200 208
273 373
199 298
129 211
19 238
149 391
103 217
151 277
151 337
131 150
333 380
160 351
17 169
235 237
96 189
85 182
66 398
279 368
187 192
37 40
202 238
12 350
142 337
155 358
154 365
251 333
44 216
245 279
67 86
84 352
35 248
32 74
58 318
317 376
301 320
88 198
19 202
141 215
18 183
0 367
74 190
299 359
299 393
72 389
168 224
82 239
83 226
259 276
255 352
156 346
115 390
173 272
155 363
69 147
223 331
27 205
33 350
221 272
356 371
260 325
260 311
214 346
314 325
13 352
86 156
76 126
123 356
236 346
361 397
55 263
29 250
98 352
82 249
168 311
82 137
223 241
126 290
103 385
187 252
31 149
51 94
14 328
309 334
41 366
241 244
155 343
30 196
135 345
155 206
107 133
214 396
25 179
42 228
118 122
270 290
121 301
174 179
129 391
64 229
85 187
77 341
57 376
0 285
47 189
71 134
5 296
202 256
11 59
68 155
236 380
342 393
124 243
139 212
25 306
380 396
120 154
170 260
271 280
5 115
49 155
60 178
5 15
327 371
37 310
362 381
70 316
114 347
144 242
205 244
128 387
56 314
90 341
46 341
22 174
39 269
41 55
122 301
99 189
280 350
53 255
15 306
116 267
223 324
125 312
154 200
280 340
223 244
7 23
18 357
197 392
245 265
250 268
43 173
196 262
28 199
228 282
90 353
360 367
267 339
176 182
64 125
71 121
200 387
188 320
137 313
44 323
182 192
53 377
66 367
113 296
181 238
9 156
46 286
20 314
55 217
24 394
121 320
167 218
80 111
78 339
41 398
30 104
134 215
72 205
160 172
41 281
106 297
127 308
18 96
76 313
204 245
249 383
324 364
10 158
182 187
217 263
45 221
235 256
134 275
58 164
263 398
123 275
141 371
242 352
341 353
88 243
177 359
134 191
62 384
210 262
36 195
96 99
10 219
138 163
217 294
42 143
260 367
293 342
310 355
57 262
286 341
30 234
150 347
58 175
270 384
17 102
25 381
358 399
112 243
91 369
269 320
135 156
113 371
316 329
2 171
70 152
105 166
108 122
299 304
90 386
283 351
99 112
216 319
240 293
263 375
370 371
69 239
155 165
18 99
150 289
137 173
27 389
110 344
53 369
41 263
172 257
136 288
333 395
237 389
203 285
245 326
167 305
369 377
153 251
2 138
140 200
100 299
291 384
149 373
236 251
148 227
123 136
76 388
160 355
62 270
113 390
260 285
123 392
279 305
184 382
21 132
73 394
69 148
92 382
270 291
278 361
47 294
127 232
236 274
15 296
231 383
47 357
101 143
34 340
156 214
179 336
28 224
13 349
129 361
175 240
192 252
137 383
80 82
30 273
213 343
353 373
254 323
85 192
126 184
92 162
39 285
239 313
290 382
0 199
80 221
144 297
21 195
143 221
196 210
74 328
59 391
333 396
90 286
184 195
159 337
57 171
23 243
11 310
363 399
105 349
21 33
165 358
66 366
12 337
130 224
3 175
215 282
55 375
76 82
232 274
30 57
69 365
174 193
226 343
220 342
284 386
122 225
233 337
142 277
226 259
153 161
205 217
222 230
125 331
306 307
132 268
261 334
70 110
0 38
146 394
129 265
19 244
111 227
218 279
170 332
124 316
139 174
142 258
69 309
126 348
29 44
99 124
73 100
290 313
178 286
140 154
67 318
61 286
141 370
270 348
84 119
183 347
25 362
304 393
93 287
17 93
70 243
14 240
44 250
20 325
5 330
1 301
91 372
213 358
1 146
8 24
302 387
63 90
206 358
118 320
40 374
332 360
209 230
19 241
197 390
116 277
38 366
98 369
156 333
265 361
57 196
65 194
93 388
195 290
170 367
51 194
20 168
227 239
89 188
271 340
130 168
89 392
34 280
2 262
318 354
140 208
195 313
277 339
203 332
1 145
331 364
371 392
225 321
52 213
45 188
115 307
95 365
265 278
68 165
96 106
154 334
61 386
255 377
326 335
307 371
174 248
312 363
100 164
218 303
21 159
27 237
315 366
98 211
85 179
48 264
49 165
93 348
6 113
47 237
21 382
213 312
87 215
135 366
26 29
313 322
167 368
62 148
310 391
145 394
64 202
58 156
93 230
74 293
246 250
385 395
132 159
54 397
205 237
86 333
205 229
262 376
175 214
170 203
6 136
115 356
143 215
149 310
110 112
85 252
38 315
175 299
95 120
88 218
211 265
12 271
29 319
20 311
20 374
134 272
133 340
207 257
87 266
38 321
9 75
9 135
171 234
242 361
202 389
78 116
2 234
1 22
173 282
144 361
181 380
37 109
287 388
35 176
343 363
9 321
165 379
77 300
187 248
232 380
70 131
32 220
45 71
185 328
136 188
202 395
70 99
216 246
275 392
50 150
161 308
152 338
82 231
19 229
282 383
6 197
10 78
63 286
123 327
18 347
108 145
129 335
372 377
289 312
78 340
80 383
45 272
28 298
34 283
84 97
233 339
51 360
96 114
144 329
26 230
28 203
237 294
271 337
54 335
201 208
30 163
108 345
178 341
8 16
151 350
3 220
198 303
385 389
163 234
348 384
33 92
87 101
184 291
26 287
127 153
217 385
71 188
328 342
84 91
125 289
244 364
163 262
63 77
174 330
203 224
152 347
51 166
138
84
118
85
72
49
117
75
69
11
101
72
62
97
243
131
139
56
48
92
254
81
30
23
159
111
231
122
82
19
53
76
42
80
78
173
29
150
48
78
119
60
81
110
79
114
195
208
122
75
48
101
125
79
29
60
99
125
24
37
66
105
204
56
76
73
110
134
113
198
126
113
135
137
75
187
115
132
136
103
63
134
21
168
118
142
74
96
128
108
41
66
63
110
165
173
145
57
14
50
247
41
77
129
190
65
90
87
156
102
100
169
149
102
83
181
94
111
140
23
103
69
166
89
83
112
87
40
95
32
37
155
152
113
114
132
83
104
129
26
119
39
93
48
95
159
116
123
152
131
135
204
46
55
106
89
116
86
142
91
187
58
49
67
91
129
102
164
104
139
96
160
98
164
76
15
61
130
157
75
157
65
74
166
51
125
137
125
47
118
118
137
59
100
63
82
117
90
49
72
63
117
79
91
61
70
30
147
127
88
86
177
17
112
71
52
90
50
190
27
98
124
82
174
98
73
167
38
71
53
94
157
101
93
230
141
142
40
138
169
44
110
89
91
107
146
238
129
139
62
69
79
24
133
78
124
149
142
125
125
144
67
182
91
75
110
41
45
52
31
55
74
71
155
86
15
89
75
131
76
110
84
74
57
168
162
78
87
82
50
185
34
150
208
175
60
41
46
184
109
58
115
117
159
13
82
12
118
150
126
123
211
133
84
192
81
10
19
66
139
158
199
143
159
165
72
126
141
147
71
75
217
50
58
147
92
84
16
139
155
121
219
56
37
91
78
129
135
204
36
40
66
47
90
144
160
51
14
152
77
120
95
68
146
215
92
133
37
107
141
85
74
116
170
154
68
104
133
49
163
29
107
19
142
29
235
195
41
96
139
70
137
62
75
120
112
160
104
64
126
184
162
62
74
86
49
140
113
106
212
117
55
54
85
89
26
140
118
47
101
73
23
57
79
83
122
16
180
130
48
70
141
137
30
131
72
104
205
169
55
59
105
235
99
72
84
59
192
112
103
155
200
82
151
144
126
110
115
72
21
37
48
156
133
90
117
72
154
70
47
45
128
113
35
30
130
91
73
74
86
80
79
105
40
95
84
125
108
53
85
154
247
36
72
115
57
50
12
135
42
92
140
210
130
94
135
110
206
60
47
100
65
132
66
99
147
102
87
108
179
26
31
151
94
178
177
121
135
79
110
96
26
202
145
52
74
160
89
101
71
91
65
53
81
227
120
17
83
54
97
117
19
153
95
13
9
101
135
154
143
134
70
125
20
57
32
62
75
57
120
59
78
184
80
58
60
69
118
52
86
72
147
41
54
98
28
81
61
23
115
123
95
65
107
121
52
231
71
143
149
135
42
158
115
76
117
87
101
61
190
70
127
158
16
68
118
207
37
49
90
48
82
149
60
104
32
180
100
98
205
54
63
87
144
34
75
87
138
103
47
87
158
94
22
88
134
101
49
148
102
86
129
76
153
102
94
113
65
93
101
155
91
14
116
52
118
34
63
143
103
89
37
140
123
47
26
82
140
136
125
77
61
107
129
33
58
75
130
29
171
68
38
100
75
74
94
54
57
61
30
153
62
94
35
196
139
113
51
237
42
149
85
23
111
169
62
59
15
100
94
102
29
64
125
90
108
148
105
54
21
71
108
94
154
88
91
47
35
34
119
88
113
139
89
72
122
28
115
99
88
109
169
116
130
96
132
35
84
204
55
74
119
69
208
62
40
132
160
114
56
68
80
61
242
130
117
101
169
100
15
142
65
121
122
90
101
38
31
96
193
73
119
78
123
28
87
138
112
48
125
190
93
97
77
103
98
74
47
60
169
38
188
105
42
120
135
98
114
150
57
84
139
58
93
101
73
132
144
142
75
94
81
88
129
99
88
120
41
71
98
68
110
111
43
102
55
28
90
48
85
57
42
216
110
111
84
94
99
37
150
130
58
72
51
112
65
121
194
22
106
63
165
98
97
128
70
140
19
96
61
133
59
94
108
144
52
122
43
156
139
40
33
152
172
241
96
138
63
61
91
54
68
86
105
89
78
57
93
71
90
147
138
122
106
42
185
74
159
97
88
152
153
69
45
127
115
104
64
156
66
190
81
105
102
108
122
56
132
223
115
53
46
89
128
150
113
87
107
130
224
102
63
155
161
53
72
154
43
171
127
54
136
82
127
86
112
80
167
133
131
80
47
73
104
120
58
109
91
20
72
70
52
110
181
73
142
196
72
138
109
163
58
103
217
97
60
66
249
56
182
107
111
100
75
141
47
96
132
111
104
151
95
46
61
29
90
101
81
70
106
119
143
93
84
191
161
163
109
45
66
105
90
176
41
102
98
190
75
90
67
94
97
77
65
19
81
122
113
140
89
96
57
60
71
89
84
126
134
93
81
82
78
179
187
101
229
71
60
76
146
121
15
71
87
125
92
90
195
48
105
78
43
192
133
171
37
103
61
18
143
29
81
39
186
73
79
188
101
44
136
38
137
111
90
49
71
129
62
92
81
84
173
135
48
121
119
97
56
159
220
119
94
108
54
145
158
141
103
151
59
88
137
160
67
30
71
146
57
110
41
87
45
51
51
77
108
102
134
193
82
20
61
142
46
93
43
113
94
100
172
75
92
174
126
137
80
79
46
211
131
81
53
87
148
228
145
27
178
115
107
162
20
150
86
72
195
84
114
85
206
79
86
88
79
78
128
134
194
74
69
102
133
74
127
58
104
123
65
40
69
89
125
183
87
34
20
77
62
165
121
109
49
94
116
84
40
68
43
74
65
106
191
73
62
65
79
163
102
57
168
119
193
85
21
67
176
217
62
24
32
188
110
63
71
9
51
105
81
187
135
85
126
77
191
72
24
26
37
130
113
191
100
237
122
107
156
104
157
98
129
38
89
115
92
75
70
207
45
52
78
157
150
97
116
37
200
103
46
106
18
94
104
101
56
46
95
81
141
102
73
48
87
90
56
83
168
34
76
102
89
147
200
65
82
169
14
85
59
29
113
45
51
83
109
143
48
87
130
121
114
119
79
152
108
107
117
150
14
32
161
127
73
56
67
150
75
72
138
97
86
198
191
110
172
36
140
45
14
92
93
84
56
196
108
100
130
83
194
56
160
51
202
165
213
41
182
129
89
40
104
86
78
85
143
202
121
30
133
75
94
209
49
23
164
150
180
164
29
81
66
177
45
117
94
94
191
91
192
60
25
56
128
131
67
72
95
40
27
132
219
145
98
82
117
90
94
140
204
94
35
150
23
93
71
177
15
156
68
138
138
125
12
80
17
119
42
46
109
123
109
92
72
112
19
96
57
117
34
98
119
175
138
79
91
50
108
22
48
136
184
121
86
150
66
31
174
189
172
49
32
48
198
106
96
225
57
130
80
100
69
154
82
61
157
59
36
138
69
70
102
50
169
204
92
93
69
103
165
111
77
118
85
28
119
152
67
38
224
183
114
67
52
115
126
154
81
60
107
148
215
161
156
87
101
69
82
159
104
43
123
49
202
80
38
129
110
99
83
145
58
44
98
149
85
83
63
144
102
124
86
135
99
50
150
40
73
58
83
136
134
153
144
11
173
132
123
130
113
196
71
97
104
151
65
153
51
82
141
50
207
165
79
132
126
114
53
108
122
142
78
189
33
153
102
223
51
77
105
101
116
146
104
162
29
53
33
47
82
69
83
82
65
68
132
38
42
106
78
71
82
93
32
47
94
31
48
53
70
28
149
161
202
63
76
80
112
22
232
45
122
97
91
158
137
74
72
125
32
88
197
223
125
60
102
119
72
125
162
78
133
118
57
6
108
76
81
66
158
103
36
23
84
82
163
49
78
123
168
195
80
220
59
149
105
105
32
90
84
158
193
108
68
8
126
10
72
143
125
88
176
33
65
179
99
90
184
72
83
13
35
162
68
86
93
58
111
53
35
84
84
87
77
135
43
113
23
124
63
162
158
186
97
104
90
124
36
84
134
145
127
70
211
28
121
72
48
68
86
48
45
87
71
96
112
104
105
129
84
96
33
279
128
37
35
71
51
35
103
69
19
80
129
41
124
91
173
161
43
116
54
49
179
32
127
53
90
101
81
110
154
41
102
127
86
33
169
84
90
72
38
69
38
114
78
113
100
43
130
35
38
76
76
142
176
92
189
69
40
98
145
48
183
69
14
92
174
44
117
99
52
75
239
74
179
121
45
63
29
117
31
37
82
154
183
32
222
203
130
94
77
213
166
54
61
176
67
52
69
55
109
114
125
193
125
70
115
79
82
100
52
137
223
114
32
76
191
72
146
102
174
21
100
123
158
165
64
63
78
47
126
36
94
115
100
9
156
94
17
104
61
56
87
178
98
53
68
125
56
164
160
55
63
48
173
75
29
128
41
53
128
91
54
55
87
160
55
117
21
150
35
136
194
192
43
19
50
107
125
170
94
130
90
175
112
127
173
80
54
43
170
46
217
136
172
113
151
85
100
89
155
69
159
30
147
186
59
44
147
83
83
62
102
30
100
94
