770 444
401 378
727 500
569 779
68 476
633 302
541 8
572 234
232 602
526 593
210 555
630 204
533 712
688 474
499 479
401 22
571 572
286 560
493 313
224 94
731 5
58 698
634 269
90 84
130 343
380 738
606 700
271 193
579 680
739 359
29 153
282 603
758 52
273 256
736 309
685 657
334 348
653 160
638 104
185 237
135 37
14 224
758 538
308 711
767 75
371 765
167 654
282 707
659 35
726 603
178 59
19 384
443 526
787 530
346 584
679 246
758 552
272 264
249 741
279 433
384 239
437 144
441 177
669 44
732 782
543 533
83 556
145 427
357 294
51 684
631 393
536 121
3 746
672 452
35 668
475 454
657 499
798 167
368 651
365 285
749 591
566 417
791 734
682 128
316 661
679 318
556 565
747 140
92 491
510 210
578 703
759 151
649 302
722 762
216 384
701 732
766 628
103 583
317 171
259 588
442 711
360 156
282 795
499 19
486 472
272 428
390 748
75 702
470 550
305 11
770 507
734 190
272 478
295 210
767 358
198 775
380 92
16 581
437 633
194 339
558 126
797 464
274 283
703 538
77 72
667 601
287 522
589 184
70 43
559 105
402 669
751 551
518 415
619 476
763 108
377 371
262 319
431 246
136 762
205 245
317 750
367 486
294 495
288 789
208 503
617 386
300 420
187 622
425 747
425 348
360 310
295 135
245 337
77 519
290 405
495 565
438 384
741 290
635 591
226 391
190 745
644 216
634 241
396 682
277 118
769 233
442 456
295 554
123 800
278 108
362 763
272 651
656 321
739 202
373 675
796 661
80 656
389 133
364 375
680 341
369 640
661 356
605 594
782 474
475 541
190 172
259 255
403 505
493 550
75 187
343 761
650 112
621 689
541 452
509 202
80 418
603 514
116 675
694 114
585 773
654 576
796 395
480 413
527 227
326 191
775 349
22 347
490 616
103 684
576 458
204 430
635 399
31 366
423 109
12 494
249 53
141 352
313 418
610 574
245 462
430 261
792 652
420 653
565 761
470 103
462 720
293 377
251 689
171 541
670 331
81 192
658 134
538 486
352 130
331 573
11 436
465 373
279 323
601 146
292 275
670 788
356 214
216 481
367 685
418 139
183 795
149 330
516 643
17 160
385 215
768 86
119 572
699 562
272 597
564 367
601 400
94 701
689 772
209 717
694 600
364 195
91 254
554 68
233 454
447 716
452 542
585 11
712 59
66 205
264 687
216 408
588 279
755 288
430 319
770 116
699 649
239 509
716 288
100 84
774 30
753 429
666 800
317 566
328 473
450 25
240 474
222 651
119 75
556 754
231 469
450 656
352 686
232 219
378 54
585 437
482 74
497 577
220 418
799 478
384 128
251 384
77 353
503 5
480 717
60 406
14 535
760 737
283 241
729 744
207 671
692 196
360 61
684 777
438 99
501 371
473 626
302 210
75 645
680 594
267 464
765 759
441 651
472 7
628 121
598 740
335 737
131 136
650 764
507 582
309 452
608 293
776 685
400 270
765 526
360 110
241 532
357 237
697 229
110 250
630 325
308 562
50 614
261 515
322 131
372 152
674 735
257 663
618 38
395 535
777 592
430 512
293 183
161 700
133 544
332 85
753 148
393 482
81 146
651 666
301 93
157 248
165 401
564 638
35 130
286 632
78 274
575 1
309 481
145 615
119 167
385 9
168 364
212 740
547 637
44 266
151 257
630 407
249 595
484 169
713 580
28 670
256 497
467 771
171 331
261 309
255 219
473 648
416 130
603 466
113 505
347 475
527 625
567 766
268 528
586 718
685 572
575 168
595 115
476 476
377 194
104 398
266 347
1 150
70 255
157 165
1 36
206 235
181 376
71 378
52 108
309 372
181 255
240 345
86 296
344 387
146 319
11 127
42 80
222 386
284 313
125 252
105 217
63 191
69 341
132 294
212 374
114 205
228 242
64 281
12 90
207 391
276 319
189 248
249 336
120 127
113 204
33 139
7 194
4 51
217 329
169 343
150 273
126 393
159 263
222 321
251 368
32 134
28 223
308 345
215 359
254 255
284 370
303 382
283 329
63 83
315 386
185 369
113 307
217 226
194 378
196 218
52 166
220 336
25 243
226 237
319 329
59 319
132 193
114 280
165 173
53 183
23 128
182 373
99 364
57 316
16 158
226 300
221 331
285 381
38 397
257 308
111 337
29 272
119 159
207 247
179 277
156 236
40 50
49 96
25 174
287 357
275 318
1 149
106 190
152 384
278 287
172 339
10 353
278 363
276 289
120 129
236 273
329 390
261 375
115 245
94 105
290 321
188 265
95 320
25 291
60 249
15 116
21 380
27 33
178 226
156 273
125 218
112 263
159 270
94 300
48 191
20 279
100 130
204 260
31 167
207 373
222 315
39 185
209 294
25 190
365 374
85 157
42 131
85 277
11 161
58 269
296 391
5 172
263 270
93 308
242 319
99 340
199 288
147 377
250 274
341 380
191 323
46 352
17 167
149 156
131 252
56 349
5 55
137 249
37 198
55 310
26 288
12 394
155 188
5 85
126 276
109 359
335 381
68 150
179 339
264 303
12 324
43 170
220 249
230 374
81 294
20 267
86 391
351 385
100 321
176 256
247 290
238 396
49 349
335 342
191 238
13 76
36 79
113 385
0 110
122 239
20 32
70 294
85 229
268 369
5 330
217 283
259 379
3 324
33 292
145 211
318 395
2 131
108 328
144 228
227 269
233 311
26 358
396 397
43 243
27 151
122 152
17 54
193 294
78 84
143 190
307 385
11 396
86 182
1 156
129 262
30 189
18 314
176 341
84 243
12 288
38 83
229 277
243 291
154 217
232 398
108 265
83 310
247 328
175 331
258 286
82 331
6 322
102 325
176 317
259 395
177 313
40 287
98 164
218 318
118 222
172 179
97 153
118 130
47 84
244 313
60 241
185 326
6 366
89 378
24 119
83 323
104 193
182 362
69 72
14 232
256 380
230 357
82 306
281 327
263 289
8 10
31 253
79 150
171 227
144 276
187 350
267 279
58 227
62 89
0 2
5 22
171 364
46 286
56 333
69 256
33 186
88 304
19 359
123 333
57 384
100 222
286 377
85 92
173 355
328 391
296 315
168 256
79 220
66 305
97 117
290 386
240 281
146 154
211 294
71 127
39 375
197 368
9 155
166 350
103 284
110 333
118 315
227 372
147 368
166 202
112 367
103 266
114 272
64 82
1 273
214 235
13 388
73 376
284 293
162 271
148 163
129 397
108 296
22 330
41 268
61 224
2 183
295 302
122 385
167 377
116 244
46 147
348 350
230 248
159 361
69 107
60 260
116 311
52 265
63 347
88 195
2 333
269 286
299 387
276 285
269 346
49 395
106 382
100 225
105 329
81 193
5 229
163 264
31 340
118 207
122 237
43 47
249 399
269 372
116 344
78 291
45 190
185 385
244 387
85 339
84 346
97 251
354 359
87 310
141 356
233 359
264 290
257 345
29 85
219 276
342 393
16 86
90 324
99 377
123 395
177 387
12 225
204 336
10 377
82 308
120 238
245 258
207 386
181 339
171 286
204 241
46 368
309 352
203 396
273 332
29 280
139 375
43 171
146 367
95 306
84 180
346 364
71 129
154 226
100 163
284 295
392 394
125 318
338 374
104 202
247 315
249 260
70 376
336 399
210 270
248 363
327 345
8 46
186 307
105 112
245 372
134 274
71 397
1 178
252 259
219 381
60 150
93 95
247 373
213 387
98 351
47 58
53 110
189 369
90 362
45 140
14 202
37 161
119 246
240 312
130 180
60 220
169 215
146 300
105 270
137 332
73 388
281 345
67 361
115 372
125 158
164 343
239 384
219 242
155 328
183 280
75 193
78 130
141 390
36 237
193 209
136 239
30 363
151 351
101 249
367 390
230 261
263 319
52 104
81 209
141 367
109 215
52 187
113 316
25 45
44 87
148 170
311 354
240 327
127 238
31 377
54 234
128 278
343 354
112 219
66 341
94 270
23 278
257 306
31 364
98 151
24 301
170 190
255 388
97 341
74 107
39 186
149 273
139 186
301 304
3 288
61 62
97 368
68 239
100 106
97 353
124 363
43 84
317 341
151 359
44 267
204 351
52 350
130 243
56 252
17 234
147 309
229 339
105 263
365 375
317 368
27 185
49 221
47 140
161 162
92 181
188 296
207 296
17 31
259 275
5 92
324 327
202 314
17 377
57 186
262 302
177 233
206 301
330 339
233 334
112 276
334 344
156 202
202 236
15 311
241 260
135 156
152 237
252 379
176 197
353 368
93 327
224 313
94 210
55 277
142 390
11 310
0 121
129 323
40 326
136 237
0 280
35 192
57 292
33 39
65 232
141 348
28 247
333 349
30 41
317 380
209 376
115 352
151 169
54 348
2 42
90 199
103 224
119 361
142 381
189 357
37 231
150 336
89 396
140 143
142 393
179 181
207 290
124 278
153 305
73 76
110 131
98 233
268 338
22 162
250 355
48 366
176 380
327 394
326 369
121 201
209 232
125 182
147 286
105 297
10 228
113 241
66 353
234 253
74 176
159 371
180 291
233 344
238 397
185 360
127 161
88 353
58 258
61 387
114 157
166 356
12 26
70 73
172 229
118 321
49 80
139 385
12 392
133 209
158 318
11 37
103 366
189 261
96 331
35 358
21 256
357 369
36 178
41 357
66 97
53 56
157 205
130 174
274 355
77 111
68 332
67 216
36 226
116 299
63 198
64 320
99 253
53 121
58 140
334 359
105 319
15 322
61 177
283 367
52 398
270 371
101 343
44 134
182 200
111 355
129 396
31 234
335 393
164 354
195 361
2 123
174 291
81 211
131 349
65 188
228 251
148 225
34 277
3 394
167 282
104 132
151 233
258 309
38 238
65 155
85 181
295 322
198 355
159 300
199 392
140 190
312 327
4 304
112 126
277 337
8 147
148 303
9 65
347 397
119 216
84 291
53 131
258 352
135 273
96 275
222 243
85 179
145 339
21 107
21 197
62 194
24 216
62 378
112 381
209 388
122 186
237 239
42 123
58 245
34 272
56 110
54 78
116 370
189 338
43 140
49 318
74 208
268 365
66 228
59 154
160 245
190 291
102 143
19 215
292 385
241 249
9 247
62 244
8 377
360 365
219 319
204 249
16 182
26 345
143 170
6 262
260 336
163 174
126 142
108 155
276 342
52 155
206 374
334 354
10 276
173 337
91 173
144 285
338 360
28 394
238 323
386 391
75 132
261 338
324 394
303 386
256 317
103 295
95 312
103 322
258 269
247 391
43 190
45 106
42 110
3 199
23 287
13 123
138 352
24 361
127 396
136 384
217 367
136 152
141 329
86 155
97 317
63 267
309 346
22 339
223 392
22 172
16 218
283 356
207 315
85 272
265 296
122 307
233 299
95 240
30 230
38 231
15 370
49 56
219 263
60 399
299 334
223 324
22 229
27 292
49 259
94 159
134 355
192 324
244 299
33 136
149 150
242 263
98 101
51 206
75 166
7 203
130 291
148 264
288 324
183 298
157 277
210 289
145 172
197 317
55 92
83 191
4 195
248 357
320 331
69 380
163 321
306 308
187 390
83 267
95 327
289 319
44 250
38 48
31 99
96 349
133 294
77 355
37 396
19 50
39 139
8 31
17 99
81 145
139 360
189 268
112 142
18 220
107 317
287 326
251 341
96 379
39 292
281 312
111 165
301 365
236 314
9 362
61 244
269 364
257 320
127 194
91 134
166 187
299 344
285 319
198 231
216 383
92 179
125 395
105 285
123 259
127 397
46 309
23 326
211 255
286 346
95 257
62 387
11 337
34 179
33 385
107 197
112 393
228 335
334 343
30 248
81 132
125 275
51 304
79 273
106 264
371 383
177 299
123 318
192 358
66 389
105 146
188 328
67 88
253 364
98 343
14 398
84 364
272 277
29 201
98 169
163 291
10 99
138 372
18 149
70 254
33 122
82 93
60 332
38 198
204 343
17 340
169 359
116 334
152 300
41 230
69 197
135 150
75 202
212 304
98 204
141 350
14 132
29 205
62 177
108 207
106 170
106 163
297 361
66 251
206 304
73 211
28 362
94 383
189 363
334 387
76 196
15 313
80 221
26 394
19 185
138 245
100 382
92 162
66 117
130 321
82 320
121 333
42 333
293 354
260 344
228 368
251 353
246 360
176 208
316 385
171 309
42 379
87 91
319 367
215 354
66 153
233 354
16 328
6 347
121 298
47 171
4 305
270 361
21 208
95 345
289 297
133 376
119 371
241 332
175 306
220 273
223 394
166 398
232 388
172 181
77 173
308 312
77 87
32 267
19 164
8 364
219 297
319 381
113 351
92 330
113 239
210 242
232 294
64 257
125 200
132 202
34 114
49 125
77 250
12 303
204 316
26 90
47 346
41 374
81 388
84 269
242 289
150 178
56 80
207 321
88 153
59 105
123 252
204 344
132 254
184 188
213 299
319 342
64 95
349 379
46 208
37 127
126 367
293 334
167 253
92 339
32 44
45 148
42 183
6 295
37 238
68 336
75 232
182 218
86 218
98 344
116 233
151 354
252 318
33 57
32 63
183 333
271 330
51 212
87 250
189 230
197 352
49 131
65 86
119 383
94 371
151 164
180 243
125 379
275 379
93 306
24 371
21 317
158 182
35 49
93 312
89 194
198 274
24 246
184 350
204 399
80 349
17 282
80 175
246 301
145 255
141 283
77 91
45 170
153 251
198 250
213 244
196 232
250 267
155 184
112 289
12 247
9 296
42 349
55 161
100 290
246 383
149 236
144 242
36 154
55 173
27 204
250 279
48 266
83 355
288 394
93 345
268 357
255 376
103 302
79 241
80 131
155 207
124 287
119 152
70 81
80 379
268 374
299 343
230 338
107 176
262 347
17 335
53 349
43 269
117 153
91 111
343 351
114 201
244 344
17 253
350 398
93 240
75 236
66 88
187 356
234 282
163 222
153 228
12 223
23 363
104 166
101 177
242 285
228 353
329 367
178 217
177 213
61 378
70 179
31 346
30 268
113 186
230 268
179 229
278 326
193 388
84 171
97 176
11 162
200 252
158 259
88 214
142 367
100 303
93 320
97 389
12 28
1 236
24 383
194 396
219 285
315 321
253 282
195 212
132 236
122 384
71 396
9 328
210 263
316 336
200 218
202 398
34 229
124 326
171 269
42 53
22 161
65 184
125 358
328 373
17 126
205 272
257 312
11 55
49 252
174 180
93 257
94 152
9 207
265 348
23 369
55 111
28 373
195 235
231 238
155 315
4 389
278 369
36 135
235 304
52 348
194 203
67 195
20 63
61 344
79 332
257 281
104 232
7 271
120 262
198 323
257 327
78 243
34 85
221 349
265 328
188 207
3 392
176 368
39 385
52 184
71 120
260 399
213 313
216 361
213 293
20 48
276 335
144 289
34 205
58 372
102 190
37 397
64 312
93 281
116 313
112 285
55 162
94 361
131 379
189 326
78 222
177 399
195 206
4 153
16 362
131 333
48 347
156 178
81 376
338 369
74 317
308 320
299 313
41 261
31 171
356 390
157 337
193 398
117 305
213 295
107 380
197 256
284 302
101 344
231 323
294 376
253 340
158 200
210 361
55 337
0 183
69 74
44 274
228 389
311 370
241 399
199 394
118 163
239 307
311 359
25 325
286 352
208 256
109 311
125 259
212 301
136 226
160 352
94 119
100 386
219 289
177 344
40 278
64 345
285 342
192 345
222 290
14 104
264 382
42 56
94 297
82 175
142 319
364 377
217 390
59 300
160 168
37 310
53 298
105 159
195 301
126 167
70 181
37 38
116 177
307 316
246 375
324 392
89 203
101 241
121 183
90 392
154 329
72 107
101 387
276 381
161 310
58 143
41 248
123 379
147 251
323 396
134 250
9 16
110 183
67 270
174 243
115 160
14 166
74 197
128 363
269 309
142 283
141 187
91 274
52 188
48 63
148 382
38 191
5 271
230 365
262 295
60 68
115 258
25 170
33 316
57 237
212 235
110 298
38 63
50 278
80 96
14 193
138 256
184 296
297 300
16 196
306 331
159 297
258 372
14 75
282 340
124 128
2 76
70 145
130 163
247 386
51 235
0 201
116 354
161 337
111 173
83 198
342 381
181 229
50 287
160 258
4 88
225 290
44 355
3 12
361 371
14 65
13 280
146 329
37 83
35 275
154 319
55 85
248 369
43 58
109 293
307 351
173 310
75 104
20 44
261 374
29 157
26 324
28 324
2 110
24 67
244 378
251 389
8 253
31 282
191 231
375 383
168 245
126 381
25 163
252 395
177 334
7 161
46 197
103 262
43 325
214 305
353 389
38 347
107 256
30 369
27 307
290 315
165 337
2 56
86 188
4 66
98 316
265 350
184 265
64 306
19 40
115 168
29 114
120 397
56 379
5 179
289 381
98 260
146 217
170 325
199 327
122 136
14 184
90 394
19 151
72 380
135 178
47 291
105 154
294 388
242 381
313 387
22 55
192 394
247 362
6 103
68 79
100 148
47 227
332 336
91 198
255 294
69 208
161 238
11 22
109 370
152 226
87 355
181 211
4 214
201 280
191 347
293 311
101 260
71 262
302 322
17 393
156 166
78 174
41 189
57 239
117 317
165 272
225 382
167 342
92 277
58 102
191 397
99 335
142 329
263 381
28 90
101 399
312 345
81 255
50 326
22 92
76 123
84 174
98 241
159 210
61 313
231 310
350 356
59 112
171 253
9 86
115 138
39 360
263 285
27 113
56 131
261 360
110 121
26 28
216 301
362 373
28 192
186 292
132 209
213 224
225 303
110 123
18 236
107 208
112 319
38 129
30 357
241 336
21 176
144 335
57 136
118 386
139 292
61 299
8 99
283 390
40 124
83 231
171 346
209 255
11 238
87 198
186 384
33 113
128 287
305 341
270 300
76 388
127 203
60 79
90 288
225 264
260 316
17 342
59 217
33 239
205 280
5 339
150 332
207 328
7 89
102 115
96 221
343 344
23 40
224 378
48 198
6 302
167 340
88 389
106 148
35 259
38 323
145 294
57 307
126 342
121 280
175 221
262 266
343 359
240 257
51 301
152 159
56 123
90 192
86 328
108 350
262 397
133 196
23 124
246 361
267 274
42 298
171 377
187 348
15 284
74 380
37 323
145 254
71 238
180 222
287 369
144 381
151 343
4 235
266 366
162 337
27 316
240 308
78 163
196 388
77 134
243 325
163 290
25 140
292 307
280 298
185 292
100 264
18 273
59 226
9 188
302 366
311 334
34 157
91 355
118 290
223 288
197 208
120 323
7 162
13 73
16 65
58 160
0 333
112 283
135 149
47 269
60 137
106 325
92 271
74 341
227 286
64 308
156 314
46 258
249 332
62 137
66 368
129 238
22 85
126 340
101 334
26 223
80 333
60 336
54 282
210 297
291 325
112 342
54 167
81 254
123 131
70 339
53 333
138 168
126 282
45 243
174 222
360 375
326 357
286 309
142 276
33 237
21 74
162 330
86 196
69 317
210 219
127 162
72 74
376 388
164 169
7 11
155 265
74 256
296 328
27 98
21 69
308 331
137 220
10 144
7 396
7 22
116 293
78 180
59 219
271 339
189 374
256 352
284 322
184 398
132 314
29 34
318 379
8 171
130 222
196 209
87 173
275 358
51 195
183 201
9 391
48 267
193 232
259 318
92 172
10 335
91 250
140 325
19 169
213 334
0 298
77 165
71 224
268 363
230 363
201 205
71 295
242 276
101 204
276 393
146 283
140 170
153 389
172 330
306 320
230 326
338 375
33 384
101 244
80 395
248 268
163 243
99 282
292 360
45 325
87 134
167 393
361 383
200 259
164 359
57 385
27 186
54 340
32 274
263 297
340 393
54 180
57 139
332 399
111 310
57 122
35 318
158 395
164 215
224 295
200 318
134 198
21 72
15 293
87 274
61 213
270 297
23 357
348 356
381 393
253 377
379 395
187 265
310 337
116 213
128 357
288 392
29 179
295 313
64 93
43 227
108 188
117 214
32 250
231 397
57 113
22 271
373 391
123 200
322 370
99 167
112 329
241 316
101 299
25 148
285 289
102 140
315 328
16 373
261 365
345 358
186 385
200 379
108 184
4 67
155 296
26 192
153 214
146 226
293 370
43 291
65 296
126 335
62 399
133 255
70 211
321 386
75 398
92 229
154 300
234 340
37 191
47 325
199 324
105 300
69 176
88 251
80 252
153 353
79 336
216 246
49 275
186 239
227 309
67 371
211 376
149 178
138 160
198 267
120 396
9 373
261 268
41 365
167 234
35 125
139 185
230 369
191 198
65 196
1 135
137 273
344 399
80 259
134 279
199 223
3 223
32 279
124 357
76 133
145 376
135 217
195 304
158 218
27 385
25 106
190 325
95 308
77 274
85 172
49 379
58 115
67 304
200 395
233 343
44 279
7 127
224 244
160 372
208 317
9 315
2 13
13 133
98 113
163 180
315 391
33 307
117 341
338 365
87 111
312 320
184 328
227 364
8 286
90 223
101 233
40 128
227 346
246 371
357 363
169 354
67 210
106 140
5 181
83 87
347 366
7 330
323 397
105 226
206 212
6 266
145 181
52 356
352 372
262 366
203 378
220 332
134 267
59 329
105 219
143 325
172 277
224 387
133 388
28 358
177 244
175 349
109 354
266 302
208 352
96 175
290 303
59 146
298 333
65 328
316 351
149 314
36 150
27 351
237 384
39 338
130 290
227 258
157 272
307 384
50 215
5 162
10 147
216 371
162 310
167 335
73 133
36 68
116 387
142 342
160 309
275 331
278 357
64 240
362 391
254 314
16
58
218
41
116
140
231
160
117
59
90
203
128
88
128
155
81
118
149
85
62
121
83
170
124
115
14
123
166
57
60
152
170
42
118
37
70
147
158
53
132
103
56
90
56
146
76
120
116
127
136
160
120
50
215
42
138
73
55
89
107
101
125
154
145
46
38
53
190
62
110
113
180
143
162
69
110
44
39
85
79
131
136
84
67
105
41
82
141
169
108
120
98
84
81
51
77
198
94
54
30
133
83
110
67
161
20
118
164
71
50
121
106
149
209
189
154
94
23
93
94
67
146
92
140
180
128
193
46
57
75
186
33
86
45
150
165
31
58
26
66
84
36
200
64
125
56
48
20
50
123
103
188
81
126
99
211
76
44
118
111
177
108
41
145
68
198
180
67
150
62
165
73
112
127
69
108
72
53
40
85
76
153
81
68
57
88
146
45
74
67
137
40
101
161
58
36
140
119
102
25
193
142
80
90
185
97
189
136
83
119
64
111
143
109
83
106
160
117
151
114
66
70
41
78
82
35
174
169
48
160
135
198
146
28
68
124
68
90
92
29
37
90
72
120
92
40
134
42
84
79
107
157
118
155
91
159
114
56
60
45
112
34
30
87
37
33
185
152
76
212
56
50
101
78
127
29
198
190
127
66
97
116
44
119
86
136
158
189
197
105
40
39
19
140
223
76
103
87
87
107
36
76
190
100
106
37
222
158
169
134
67
96
178
139
73
124
110
100
87
146
97
171
136
132
166
63
103
65
109
181
64
76
93
40
97
159
135
95
73
40
31
55
196
39
131
82
61
72
84
102
60
78
55
179
123
82
69
103
14
141
75
25
76
153
35
172
105
110
165
69
31
41
58
22
111
41
169
161
159
175
86
134
73
75
147
45
70
124
146
170
81
162
85
138
159
101
118
77
35
86
143
139
27
111
146
51
39
27
132
65
66
57
190
37
120
99
27
94
94
54
38
138
53
96
23
36
132
70
74
159
57
177
156
104
47
73
71
171
119
169
101
114
177
54
61
66
91
63
65
45
113
94
45
28
102
56
74
50
76
127
42
137
88
89
118
106
186
66
18
81
104
136
73
70
96
98
41
68
84
75
83
33
24
87
33
45
145
21
80
67
53
153
65
88
94
32
44
132
181
70
130
197
108
69
85
74
84
38
74
123
66
77
72
62
223
152
215
143
139
69
126
59
64
63
109
42
70
92
68
48
186
88
155
84
25
117
61
142
116
165
49
156
61
48
120
180
105
68
106
129
136
154
87
199
260
49
66
107
161
264
78
139
97
107
114
122
193
158
58
132
119
155
228
191
81
41
78
88
103
111
44
37
167
28
119
68
108
90
165
71
76
186
109
134
92
114
75
70
108
115
79
136
118
143
85
149
77
36
89
164
171
200
124
56
80
68
86
195
37
22
32
100
184
78
95
70
217
118
76
83
70
83
110
257
52
97
118
44
51
97
142
177
111
58
158
54
37
175
78
82
70
110
142
46
93
122
91
76
86
78
91
103
27
170
177
103
71
84
89
142
127
135
38
70
65
148
139
62
73
140
107
77
81
29
46
61
105
90
105
84
64
131
115
176
92
64
93
111
169
104
184
57
63
38
151
109
31
109
28
64
39
113
66
206
38
49
150
177
80
109
56
176
168
152
57
117
152
15
58
38
37
127
47
46
201
66
182
53
199
169
89
118
72
68
54
27
177
139
114
103
85
151
114
140
76
50
68
72
56
71
75
117
173
135
54
166
38
95
58
38
43
30
112
187
74
27
22
132
50
193
169
166
106
70
139
12
152
70
113
54
102
148
86
34
124
124
101
27
145
36
107
33
39
144
102
55
31
89
90
61
171
95
92
51
85
89
55
120
38
86
38
58
74
172
138
65
80
166
172
163
66
56
34
151
221
107
106
21
118
32
49
102
104
143
69
42
88
106
152
130
33
42
131
151
85
88
137
84
79
125
171
95
98
60
154
229
237
71
85
57
38
86
76
73
93
146
182
207
56
159
78
104
104
74
154
103
107
115
120
127
68
41
139
122
79
87
166
79
20
99
86
128
51
50
128
107
106
45
91
50
68
200
116
89
101
102
189
43
105
46
120
115
32
70
29
113
153
135
132
51
95
44
147
82
93
179
138
81
141
129
93
199
131
66
80
94
171
122
166
109
69
138
106
65
73
210
102
83
197
30
150
126
153
50
159
36
95
117
127
36
112
158
109
75
94
185
19
136
173
96
84
80
125
126
85
185
232
141
86
90
78
55
106
155
83
108
168
162
55
61
54
47
131
60
120
95
43
46
76
107
171
89
82
29
89
79
155
104
39
99
74
78
78
13
55
66
101
46
129
128
73
88
83
140
75
70
130
45
25
138
127
180
156
112
89
58
164
134
57
101
108
17
89
81
54
66
158
14
144
105
82
51
71
40
47
72
142
118
95
154
89
146
99
9
226
52
88
88
68
66
131
175
46
117
66
24
97
105
66
165
180
93
109
109
57
145
85
95
52
48
69
187
176
159
76
101
172
110
159
90
85
29
153
82
73
113
87
87
42
180
162
185
66
191
147
131
66
257
128
138
81
69
116
148
158
215
165
54
18
60
239
116
144
120
57
48
38
51
144
95
92
158
139
86
152
37
39
94
108
117
102
56
80
151
167
47
56
125
114
89
182
112
122
15
61
98
179
93
64
161
60
107
84
55
170
157
156
55
74
140
200
182
176
76
175
7
92
93
68
36
137
54
118
144
91
75
104
139
191
133
127
112
118
83
92
198
155
168
52
98
154
96
77
78
89
102
155
136
189
138
13
206
140
93
33
36
34
149
74
155
35
122
95
57
93
212
111
112
133
59
102
124
74
187
143
115
223
52
93
41
81
181
68
151
118
89
150
221
132
124
118
131
119
84
121
55
61
17
83
84
51
38
107
41
34
32
46
166
154
46
84
157
46
91
57
233
37
206
71
137
162
121
76
136
32
70
146
76
75
155
72
31
89
35
56
143
109
75
97
121
181
89
67
62
124
85
107
135
47
91
188
106
65
91
22
111
111
174
127
59
138
86
99
121
241
103
52
77
38
188
34
67
137
174
181
133
104
82
81
134
38
124
18
130
206
191
68
147
38
96
60
219
77
195
246
74
100
168
62
90
116
106
63
31
99
17
51
105
18
21
115
153
134
69
78
34
32
35
66
69
39
55
157
133
169
64
94
205
66
69
27
151
113
185
156
119
177
133
61
114
141
177
116
129
126
111
179
87
112
83
41
122
131
68
67
38
108
181
159
135
76
83
109
187
56
218
98
97
174
134
170
100
92
56
47
126
136
194
79
70
75
69
61
72
28
58
185
95
167
38
95
86
22
102
50
38
120
84
63
86
138
113
13
90
77
126
75
42
72
240
193
158
128
25
120
100
61
238
51
56
139
63
101
195
50
119
52
245
157
89
109
102
135
87
130
81
146
40
55
109
99
249
84
114
175
67
54
69
82
113
64
145
84
120
49
60
49
8
131
104
74
84
36
119
87
211
84
28
91
178
96
27
171
115
29
47
85
69
69
89
59
52
57
120
44
52
187
113
63
148
114
156
92
42
157
149
76
72
18
173
110
37
50
240
51
105
46
121
185
78
114
171
167
121
72
31
40
101
173
56
174
63
73
56
26
109
66
46
112
63
97
57
53
130
118
89
36
117
92
161
108
51
103
7
62
100
129
131
217
50
32
76
27
187
94
120
94
65
193
66
65
148
167
69
180
10
72
117
100
110
130
49
8
46
20
20
165
128
58
70
89
212
166
129
43
88
133
155
164
133
99
74
96
73
177
87
93
141
99
96
122
88
64
62
55
118
86
60
61
122
99
42
58
70
224
153
11
97
51
72
94
61
140
201
130
88
199
203
79
23
171
61
160
19
139
31
76
34
120
115
86
57
26
107
76
240
135
79
107
66
80
65
64
25
140
68
135
77
240
52
118
50
45
26
49
140
56
65
183
74
194
86
140
86
91
121
95
130
43
123
121
101
68
50
98
49
98
134
150
84
84
155
151
70
45
67
127
67
60
132
83
97
128
41
58
133
91
178
119
53
186
157
100
56
62
150
210
69
61
93
29
130
110
54
68
60
145
52
104
295
20
175
71
45
181
44
151
53
186
86
140
52
130
190
115
119
69
106
104
22
100
167
181
64
139
36
60
25
260
12
57
101
58
66
131
104
67
147
184
19
68
29
39
74
74
112
101
42
144
44
130
60
134
82
68
121
63
84
98
25
82
120
142
99
55
159
102
115
152
149
70
69
78
58
183
108
148
100
28
21
45
121
77
27
222
69
61
54
20
75
80
131
57
39
103
177
72
36
134
109
135
58
102
107
113
171
81
125
156
34
108
41
75
86
77
167
78
81
45
148
74
68
59
77
167
115
81
78
156
172
87
129
51
54
72
81
111
161
99
89
96
99
53
76
91
125
53
200
35
152
212
145
179
107
178
41
67
154
63
145
117
32
32
107
61
60
18
191
190
115
203
38
81
71
86
64
128
90
129
170
88
133
65
184
