157 26
388 783
129 257
626 788
606 713
283 590
690 471
302 468
3 351
66 570
283 277
208 434
557 617
161 77
542 717
324 472
237 716
472 746
268 247
717 481
368 72
96 593
529 270
655 736
614 445
296 368
697 279
20 667
8 94
31 100
536 547
232 172
609 313
57 575
521 379
689 285
669 602
124 584
495 202
405 593
68 705
397 145
648 663
269 227
276 757
37 370
672 222
623 630
637 779
511 676
593 513
509 637
797 251
708 71
758 86
92 464
108 61
704 239
8 793
674 89
782 474
134 573
667 177
219 631
295 47
468 200
81 781
769 45
136 599
185 789
764 396
566 461
507 290
485 504
278 479
203 664
188 370
400 104
683 708
397 528
11 171
374 59
110 182
0 237
316 790
455 356
461 156
255 683
54 680
495 118
487 529
47 201
370 303
272 380
511 538
622 147
70 131
672 450
587 270
175 117
276 88
396 668
652 612
557 160
93 459
379 736
141 134
293 449
266 799
143 359
320 516
759 371
412 112
219 298
458 465
723 655
274 433
631 63
539 656
167 91
128 271
574 747
27 329
461 421
672 456
174 272
204 0
227 778
717 691
143 459
623 584
724 512
109 577
437 790
750 724
291 693
740 436
723 326
469 732
793 155
135 483
616 286
621 414
241 140
315 88
172 324
209 795
129 486
393 382
580 82
541 795
693 116
163 754
215 261
248 554
753 246
575 90
107 729
737 426
480 677
120 384
317 59
425 405
774 48
388 137
9 50
367 345
202 284
82 263
707 33
625 361
315 680
517 640
153 135
466 550
157 397
647 264
698 99
336 188
151 175
549 273
284 724
442 460
457 69
783 387
168 456
332 315
496 320
543 513
229 360
515 257
525 296
771 112
610 176
641 330
378 79
357 592
224 747
350 785
2 606
236 779
780 722
799 668
728 23
157 384
581 724
162 434
271 296
481 131
79 212
354 520
169 567
345 326
599 576
2 723
372 550
86 204
639 396
635 690
753 268
417 735
21 219
433 301
743 354
82 164
727 162
439 738
651 297
523 80
391 541
37 307
639 506
645 379
359 734
97 266
510 9
618 18
189 549
558 543
150 724
590 618
768 454
466 253
738 680
762 674
517 425
596 287
14 48
589 451
327 360
601 30
338 453
620 326
331 148
295 218
752 215
396 655
277 577
458 402
310 542
506 387
599 595
334 276
86 118
733 156
691 51
482 224
149 200
298 798
164 119
10 154
575 454
206 27
597 218
454 731
460 657
633 633
155 230
736 385
614 585
212 90
225 669
488 793
92 335
62 27
348 185
729 317
516 305
612 535
780 517
143 564
80 442
23 268
68 419
333 611
530 538
74 149
650 512
697 634
244 748
676 717
535 423
421 120
673 412
174 464
697 0
116 136
191 287
305 667
419 254
758 558
720 620
57 649
786 527
298 741
41 630
122 318
278 3
90 190
272 713
331 688
591 442
257 8
360 420
362 210
484 177
427 16
349 734
789 725
92 167
223 692
133 177
76 689
208 635
697 26
707 718
457 667
766 619
347 451
400 118
209 722
406 369
709 290
208 58
331 124
119 501
157 709
143 778
371 666
487 310
318 502
70 554
207 572
688 478
654 398
734 281
189 306
125 63
653 29
500 37
565 247
650 758
793 504
394 710
763 455
471 126
198 14
275 533
434 603
420 797
277 204
683 735
494 185
96 661
675 347
343 356
157 322
21 752
26 790
673 496
94 401
479 578
322 252
441 216
237 363
706 448
246 701
51 686
690 275
45 343
552 207
212 360
154 98
596 600
67 19
32 724
358 258
457 772
514 86
116 259
21 132
156 250
167 356
158 303
215 350
330 346
197 340
29 96
146 197
165 394
36 47
44 200
34 85
315 332
119 343
38 86
42 276
44 386
219 355
30 50
47 218
251 323
7 74
312 332
67 203
196 259
280 366
97 385
59 151
119 272
12 51
95 151
37 61
285 344
202 244
106 224
256 336
38 103
44 84
246 273
197 299
190 242
7 15
24 301
154 352
233 320
14 159
113 356
159 336
94 295
10 43
109 145
160 204
310 311
234 292
72 190
101 320
194 374
87 308
126 322
70 111
139 192
171 319
170 252
189 356
268 314
74 154
211 333
136 278
61 132
10 113
186 262
230 292
198 369
222 309
298 337
23 42
209 296
206 304
36 130
165 247
0 119
209 234
171 308
82 277
312 315
302 365
123 245
60 362
288 379
5 259
164 195
109 391
160 380
71 271
31 43
72 349
152 340
281 340
41 344
287 349
153 356
39 368
120 316
21 312
353 385
73 295
35 227
3 371
342 374
181 308
144 253
217 374
208 372
91 270
196 210
120 168
129 291
140 290
106 119
123 260
220 327
327 363
220 226
2 234
137 278
78 371
184 223
178 285
176 227
271 301
2 168
266 325
135 320
73 114
190 360
241 385
191 287
357 394
253 285
210 251
78 134
15 251
12 261
59 169
112 195
128 335
16 197
9 61
254 324
9 33
96 296
58 214
7 367
147 185
26 388
117 177
82 267
63 352
33 312
213 240
224 263
125 167
262 375
77 344
34 187
35 388
95 193
360 390
74 251
119 280
200 268
24 142
133 226
244 298
142 232
352 367
150 205
98 360
291 380
134 300
96 247
66 347
196 256
91 318
319 340
171 294
314 327
134 243
50 279
23 205
48 300
5 63
226 369
99 269
30 381
299 314
326 359
130 393
92 212
137 223
6 353
253 324
45 230
210 338
291 293
297 379
171 348
246 252
17 133
114 123
12 118
319 386
33 199
147 304
15 110
8 230
55 291
213 279
30 90
20 326
122 230
40 312
138 226
295 381
104 206
39 79
44 299
195 326
187 260
82 106
18 262
105 198
85 260
54 264
215 294
25 186
58 66
198 233
113 307
188 295
214 332
323 375
286 388
124 379
208 398
53 54
216 331
51 172
164 344
258 301
54 67
57 342
42 102
13 280
85 123
78 128
168 230
106 392
29 247
32 180
119 357
169 305
379 385
139 225
113 145
257 352
93 375
91 216
278 286
305 334
170 354
284 357
85 341
245 258
100 143
166 341
216 296
238 288
57 255
354 374
226 363
105 327
74 259
97 379
230 234
285 396
44 127
39 229
8 122
112 208
44 181
106 263
37 132
103 149
230 389
70 223
271 321
258 260
130 240
82 329
320 327
69 340
78 300
88 395
27 40
68 211
74 107
17 369
113 167
21 373
66 395
68 132
52 355
32 227
257 367
128 243
20 302
74 338
19 379
46 193
70 278
290 352
47 130
36 311
84 327
48 121
387 395
310 313
145 316
212 375
62 151
74 116
183 208
86 339
8 45
283 376
16 44
209 399
6 124
7 116
20 77
224 331
196 294
18 382
172 275
82 216
309 383
5 367
78 115
261 276
339 365
168 234
5 294
170 232
259 367
88 387
249 323
1 84
190 287
149 236
52 255
110 229
208 365
144 195
21 33
168 221
16 181
183 235
68 373
61 345
235 326
276 298
29 284
201 335
6 303
131 385
24 71
147 345
369 397
175 380
72 266
31 143
13 272
234 316
21 351
12 279
183 398
148 162
294 308
23 361
240 393
272 280
111 136
98 273
330 340
50 213
138 159
36 102
39 215
28 29
16 340
314 319
74 350
143 370
199 315
45 122
43 370
87 299
32 246
259 350
273 360
27 88
267 318
140 206
302 339
125 307
110 338
116 338
168 316
103 398
97 124
339 344
87 135
106 269
13 269
83 209
7 259
9 351
15 367
89 302
53 67
256 368
14 150
64 100
170 227
97 353
57 355
92 262
359 398
208 302
124 142
112 164
98 176
101 348
18 113
8 292
32 194
77 164
194 217
126 366
124 353
20 344
113 384
178 396
44 108
244 328
115 311
19 364
112 302
11 206
173 306
71 188
16 299
11 185
81 161
35 342
4 218
109 160
285 382
105 133
1 105
173 331
228 365
270 296
3 48
100 343
296 318
217 248
40 214
6 231
98 390
99 143
15 210
115 243
129 147
214 387
92 396
90 381
107 251
73 182
30 295
57 264
121 150
183 365
142 354
75 87
155 342
145 376
22 72
15 107
35 46
60 289
253 339
64 144
22 242
82 296
197 239
160 206
38 208
243 311
252 374
289 362
62 273
104 345
223 278
91 221
148 258
153 307
245 321
109 175
222 349
86 325
158 364
56 357
333 386
100 344
7 338
11 204
41 253
242 309
298 311
82 318
162 166
41 77
29 270
209 329
48 361
115 244
288 297
23 300
67 169
181 327
117 265
54 177
194 232
70 158
50 297
32 170
99 173
110 215
32 141
309 324
132 211
118 172
220 369
242 287
91 209
79 196
98 180
83 230
38 372
307 356
209 216
98 141
56 394
174 295
308 348
60 241
80 221
44 268
140 304
129 185
40 395
269 392
26 137
216 318
147 206
95 156
27 315
211 237
87 386
210 259
145 356
43 153
3 23
225 255
44 314
166 186
205 361
62 264
136 158
56 247
107 116
82 306
275 336
166 323
377 387
10 18
142 321
318 331
224 306
11 76
248 271
92 166
315 387
37 290
227 252
16 127
39 381
66 378
187 349
154 259
142 271
59 177
138 282
105 369
85 187
88 315
25 249
313 362
2 399
279 288
122 283
56 392
11 175
178 253
138 220
190 349
218 361
156 398
114 182
19 131
232 374
306 318
117 250
50 71
157 346
228 398
25 212
76 189
72 360
39 174
105 363
113 376
89 365
6 379
272 322
24 232
154 211
122 292
47 276
49 275
37 211
148 166
59 358
22 98
114 245
104 291
142 303
377 395
47 240
94 238
35 286
65 266
105 226
158 223
342 388
24 321
179 318
6 97
23 371
224 318
245 301
305 358
25 384
91 292
12 393
137 388
167 307
246 360
330 333
303 374
113 125
171 327
0 343
102 311
86 302
260 301
303 385
255 264
34 123
96 270
145 204
162 182
56 119
100 280
166 375
181 314
145 307
128 244
29 263
329 331
195 339
176 252
364 385
169 358
27 387
98 191
40 377
16 386
90 238
134 371
187 222
53 334
128 201
78 335
58 377
141 273
136 184
16 75
86 266
200 340
186 207
105 233
60 158
296 306
72 187
274 336
281 333
88 157
33 37
120 234
219 255
146 299
118 159
102 213
6 131
18 207
115 134
1 220
91 329
0 126
93 186
176 273
34 258
79 210
356 376
77 112
212 249
157 239
238 295
272 343
127 197
215 229
80 224
110 210
125 356
102 279
125 376
82 331
105 320
120 376
36 276
69 200
24 217
342 355
36 42
226 282
248 321
89 372
166 212
38 266
208 325
241 362
228 235
230 316
137 374
169 177
136 241
332 387
120 277
306 331
247 284
30 188
179 277
141 252
175 391
175 206
254 285
214 377
111 137
66 377
285 324
107 350
80 96
269 306
43 382
83 221
94 381
220 397
239 340
201 243
263 296
207 384
274 282
80 91
198 314
72 242
159 275
104 380
23 78
241 313
179 331
284 394
135 319
325 390
158 184
65 325
50 295
219 286
4 42
203 305
131 362
13 357
36 298
123 182
88 332
4 205
23 335
108 299
214 378
115 298
233 327
61 290
197 386
365 398
256 275
266 383
178 382
20 112
216 234
175 204
63 75
221 270
197 319
5 196
92 309
6 385
58 395
98 252
50 188
244 337
300 361
57 388
10 382
172 381
33 132
243 337
93 189
161 317
117 169
87 319
196 215
21 290
14 118
71 301
91 224
362 364
11 116
73 90
13 56
86 398
245 271
299 319
75 333
157 378
213 393
122 389
223 286
54 192
145 391
130 261
52 155
35 219
313 364
299 386
155 388
47 213
31 254
99 179
53 265
121 361
291 345
77 81
251 338
47 279
243 300
152 346
32 176
178 254
96 165
145 189
312 395
256 363
22 180
281 319
69 239
14 205
52 219
31 370
133 282
242 349
154 367
178 324
209 318
27 312
82 173
1 369
196 229
74 367
156 228
319 330
217 232
27 373
311 337
155 219
59 95
157 347
152 197
99 106
217 321
0 56
42 300
260 349
26 286
46 57
93 107
255 355
107 323
40 387
124 385
277 307
81 302
9 68
13 126
55 380
132 345
133 274
265 305
13 366
61 211
77 183
30 238
220 233
323 338
102 261
94 174
76 145
65 86
60 131
57 62
316 389
76 384
209 331
181 299
92 222
16 135
2 125
50 248
320 363
60 136
45 293
194 246
159 226
372 390
15 74
93 384
202 328
17 226
189 384
213 276
86 208
303 353
139 255
53 117
108 200
6 158
39 256
78 243
123 301
125 145
177 192
184 241
78 361
16 319
357 392
76 376
180 360
85 258
269 357
141 360
236 358
165 284
200 299
65 242
343 366
341 375
28 270
355 388
22 390
135 386
277 399
116 251
197 200
272 317
9 132
96 263
201 202
20 339
261 393
190 390
76 109
297 353
81 112
242 372
161 195
335 371
16 87
166 249
210 229
241 289
384 391
69 146
137 342
90 188
177 264
28 96
175 185
145 167
114 258
37 237
62 95
186 249
131 310
192 225
207 262
86 383
134 201
19 124
69 197
120 307
232 303
40 378
336 368
179 329
26 355
111 286
181 386
185 204
53 192
41 164
171 320
19 289
250 265
178 344
276 393
41 285
48 205
108 127
238 261
88 373
38 383
161 344
54 203
73 188
163 203
186 375
186 382
167 277
126 343
96 224
44 197
307 376
125 153
72 287
28 80
36 261
16 330
29 296
142 170
53 177
179 306
4 48
110 259
67 163
254 396
32 98
106 179
300 371
73 174
168 209
153 167
33 315
23 128
92 249
121 205
108 146
185 345
65 309
286 374
27 395
49 159
126 272
250 358
3 4
180 390
30 174
111 158
127 146
76 175
37 373
4 121
51 336
128 134
146 200
109 283
281 330
128 328
99 119
183 359
24 50
151 265
138 274
22 349
50 94
139 264
32 252
96 318
130 288
2 209
334 358
88 312
45 380
20 144
112 183
57 176
221 292
190 191
177 334
13 119
45 389
28 284
24 97
69 127
12 240
113 189
8 389
332 395
35 57
102 298
280 392
45 283
149 398
37 351
25 116
12 49
100 161
233 348
237 290
289 310
46 255
46 62
20 64
98 246
146 347
89 183
53 59
180 191
89 228
29 165
34 245
56 263
7 350
231 288
293 380
25 375
26 219
64 161
41 86
99 392
17 138
124 297
55 129
51 159
23 48
218 276
49 118
330 386
218 300
94 188
38 390
127 200
35 137
234 399
229 368
63 333
140 147
294 348
17 159
263 357
40 66
203 334
227 388
180 190
267 331
54 169
265 334
215 259
223 355
42 298
262 324
188 288
163 192
244 335
256 348
90 114
259 294
19 158
46 176
12 213
125 316
66 157
340 346
81 339
55 345
43 254
231 379
213 261
61 351
164 285
11 304
152 239
26 46
57 219
17 282
22 246
84 198
257 294
38 65
109 204
17 397
320 348
194 227
41 112
72 180
236 305
262 396
125 277
103 372
132 351
42 47
282 397
18 153
110 350
25 189
169 203
263 306
290 351
43 207
157 387
46 388
180 349
308 320
141 176
7 110
62 225
109 316
148 212
76 391
134 244
226 397
162 258
173 179
9 199
87 281
89 325
247 394
315 373
67 265
325 365
303 354
113 207
151 225
19 241
292 389
216 224
160 293
159 274
106 331
236 250
183 326
190 266
239 347
84 268
289 364
240 279
346 347
93 116
186 212
30 94
2 120
338 350
324 396
54 265
42 115
5 154
129 345
81 326
21 68
333 352
251 350
75 330
7 210
14 17
55 185
149 156
40 332
234 283
241 364
111 223
112 365
1 397
10 153
133 397
97 217
76 160
68 290
153 277
267 277
242 383
361 371
19 136
70 136
78 218
95 273
125 399
85 162
167 376
52 57
290 345
53 163
54 139
103 193
20 195
150 282
35 194
266 309
55 147
12 47
140 345
119 392
306 329
103 273
180 287
131 364
238 279
131 313
135 181
282 369
22 360
213 238
110 251
140 185
4 14
127 340
10 370
216 221
1 233
228 359
9 21
80 270
216 329
129 206
36 279
193 360
193 273
63 281
101 275
76 356
101 363
94 114
9 37
243 244
111 278
92 341
131 379
146 152
236 334
158 278
324 383
106 329
376 391
6 19
37 68
187 190
153 207
266 390
277 331
160 283
195 302
198 327
210 215
158 385
13 343
117 334
61 68
82 96
106 306
279 393
283 316
77 339
170 194
130 279
49 138
235 359
40 157
220 363
2 316
148 341
35 374
208 228
343 392
6 297
75 386
14 49
1 327
3 361
372 383
261 279
142 248
24 248
187 191
44 319
81 144
103 156
202 337
0 272
12 130
141 246
79 215
220 274
64 322
177 203
31 179
111 184
144 344
53 169
82 179
172 336
209 221
316 356
281 386
155 355
61 352
135 171
3 121
15 338
115 335
115 337
235 398
48 371
84 108
323 341
51 381
19 353
61 237
373 387
13 392
101 256
157 395
127 299
216 399
77 326
90 295
299 340
74 110
232 252
112 339
3 150
40 315
308 319
41 339
309 396
266 372
227 374
133 369
89 359
160 291
38 242
185 304
176 388
134 328
114 162
142 217
156 236
152 347
124 303
22 187
212 262
59 117
254 382
71 142
55 293
141 180
19 385
283 389
104 129
128 300
21 211
201 244
29 80
120 356
136 364
164 302
141 194
26 342
222 242
104 147
368 381
2 277
188 271
67 192
42 218
169 334
26 57
319 320
53 358
148 251
92 186
325 372
26 155
317 366
70 364
201 328
15 116
15 350
31 99
58 378
77 195
26 35
30 73
20 81
97 142
90 182
117 149
0 357
69 152
249 375
130 276
102 276
80 296
197 346
204 380
18 254
110 367
103 390
83 292
115 128
151 264
99 280
258 341
49 172
56 165
85 222
106 173
71 245
227 246
6 136
53 203
18 43
47 261
162 341
157 332
67 334
27 199
138 336
81 195
348 363
101 105
224 329
50 271
274 363
41 302
42 240
162 323
131 353
65 208
97 297
176 246
296 329
3 205
134 202
13 106
195 344
22 191
86 372
87 330
148 323
183 302
149 228
65 372
168 292
82 224
72 191
380 389
340 386
15 323
100 144
194 252
144 161
310 362
283 380
135 308
7 251
1 226
263 329
21 61
181 320
167 207
192 264
104 140
109 380
154 257
157 373
51 118
101 336
176 194
210 350
109 376
88 214
173 392
160 175
64 317
99 343
2 267
164 178
64 81
318 329
35 355
193 390
180 246
151 177
64 344
225 264
25 166
60 364
230 283
88 377
118 240
129 304
14 121
95 103
203 265
92 375
224 296
137 355
33 61
149 250
173 269
117 156
113 391
29 394
174 368
377 378
86 89
4 23
8 283
256 320
243 298
179 269
204 376
300 335
273 390
356 391
132 237
316 399
243 328
16 314
353 379
24 354
325 383
262 382
18 370
177 265
265 358
285 370
312 373
181 319
54 151
57 225
136 385
129 175
182 258
209 224
174 381
293 389
180 187
86 112
370 382
35 176
243 335
365 372
102 393
126 317
231 297
161 322
137 286
217 354
237 352
27 214
120 145
223 374
12 172
72 222
199 312
240 261
205 218
211 352
104 293
0 13
34 260
96 306
87 340
65 383
179 267
204 206
138 397
50 321
171 181
15 259
24 271
154 237
90 174
213 288
169 265
226 274
30 213
272 366
269 280
164 253
135 314
129 140
53 305
227 342
159 172
253 344
171 314
73 94
236 265
49 336
170 374
119 269
16 200
286 355
45 160
306 392
130 213
71 248
131 289
86 365
382 396
332 373
168 216
203 358
5 257
85 349
202 243
28 247
27 332
233 314
92 382
54 163
96 329
168 399
218 371
84 314
226 336
254 262
197 330
97 354
289 313
207 382
19 97
42 78
97 303
286 342
280 343
23 218
0 366
211 290
322 366
17 220
175 304
60 313
105 220
19 60
140 291
335 361
47 393
275 368
128 298
76 204
39 196
322 343
79 174
152 157
79 229
97 231
219 342
240 276
248 301
108 268
91 296
118 275
99 306
183 228
158 241
185 206
239 346
70 184
17 274
9 315
173 267
22 266
231 353
123 258
53 151
68 237
242 266
10 254
212 341
312 387
122 168
147 291
75 346
63 330
50 238
119 173
79 182
164 339
75 281
1 198
10 186
95 149
87 333
33 351
4 361
160 316
148 375
71 321
102 130
170 303
232 354
13 99
120 399
80 83
324 382
90 94
198 268
274 397
204 391
26 176
134 335
4 300
21 37
39 294
49 51
163 169
143 280
222 341
89 208
87 181
1 133
89 398
113 153
345 351
186 396
151 192
85 148
51 368
117 358
75 340
59 265
62 177
105 348
108 314
317 322
38 325
38 190
170 217
147 290
141 227
274 275
87 171
28 165
107 110
83 91
191 360
26 227
219 388
123 162
55 104
257 259
24 231
216 267
310 337
22 287
50 231
119 306
93 249
16 281
77 302
102 240
10 207
73 381
56 284
51 275
136 353
304 345
20 164
20 161
288 393
24 124
76 206
244 311
34 301
21 315
276 279
299 330
316 376
133 138
184 278
50 288
217 303
133 220
62 193
378 395
69 347
107 338
128 371
148 249
128 311
132 290
149 359
10 262
189 391
68 352
177 225
254 370
40 88
191 349
124 231
314 320
40 373
22 190
34 287
178 370
187 287
212 396
47 102
41 195
13 173
214 395
124 354
93 391
188 238
7 107
63 87
25 93
120 125
82 209
59 334
117 236
57 155
261 288
155 255
233 363
350 367
70 241
29 224
245 260
55 140
301 321
181 197
41
106
55
188
207
142
33
82
53
154
113
58
147
200
154
108
78
127
29
98
61
48
45
64
63
145
200
72
75
76
92
221
24
117
91
167
97
212
106
175
43
64
61
240
86
76
212
38
61
52
67
89
88
192
191
90
101
54
136
66
56
99
74
89
137
85
92
227
91
65
153
74
121
108
80
162
188
80
89
73
14
179
145
47
161
43
117
124
64
74
127
138
86
34
28
114
83
143
165
184
36
86
85
60
96
48
122
72
139
89
63
83
146
86
123
134
53
171
243
81
159
157
146
65
40
101
61
135
29
40
105
90
89
90
108
61
121
26
124
68
179
112
39
61
109
103
63
47
136
105
19
29
94
179
72
19
163
118
72
157
82
79
44
161
202
115
23
31
86
118
49
79
90
76
216
123
131
131
58
76
76
166
173
102
50
85
105
102
50
201
120
105
109
166
15
146
62
194
92
39
47
15
88
82
124
55
39
75
91
86
54
115
62
82
143
91
96
61
40
110
160
33
170
92
98
199
180
94
90
77
122
141
141
179
98
157
164
146
78
46
84
163
137
73
72
139
100
80
24
117
149
76
82
78
137
189
79
189
114
116
93
100
61
76
90
67
203
139
96
160
39
133
175
55
142
69
102
106
79
156
68
138
30
78
94
128
202
124
65
47
114
93
163
36
150
111
77
38
150
51
36
53
151
31
50
154
109
98
210
39
84
85
98
179
49
95
37
183
137
88
105
82
192
104
56
134
116
125
107
89
82
90
84
173
120
66
71
96
110
39
126
69
137
72
130
166
75
97
86
100
88
126
27
67
28
94
12
162
191
53
81
171
138
16
173
124
166
93
117
185
109
190
105
90
212
172
169
94
43
53
152
82
69
151
122
124
189
106
96
157
66
38
128
187
90
75
103
70
40
127
56
79
113
68
77
55
108
58
174
60
75
88
96
101
69
36
31
153
80
169
243
15
84
93
72
95
163
192
19
228
123
71
146
155
126
165
96
62
80
149
177
124
92
148
67
158
158
76
71
87
40
49
115
195
126
72
92
53
99
14
137
86
73
46
106
109
54
73
76
207
97
57
128
193
102
22
191
60
172
104
97
180
196
113
38
31
80
48
137
78
68
32
223
127
71
43
109
122
15
77
55
89
58
139
135
155
138
90
88
138
178
87
30
238
79
96
96
177
46
197
44
119
58
44
30
156
130
83
96
130
119
70
63
202
44
163
112
40
46
54
82
83
188
125
129
119
41
94
53
38
111
44
186
93
74
100
177
45
94
41
222
37
21
19
53
86
92
169
67
131
140
45
36
105
62
121
34
106
172
61
55
22
119
58
188
155
63
65
60
85
152
14
138
75
137
15
84
105
96
94
75
48
134
30
76
122
43
110
182
111
117
26
111
96
34
113
100
143
147
48
47
16
52
147
110
99
83
97
172
109
121
42
71
108
137
90
77
92
20
166
59
82
106
67
96
30
50
125
174
168
99
12
63
86
94
175
131
157
23
61
74
74
124
77
67
61
176
51
44
175
81
40
52
23
60
66
161
95
122
27
79
60
176
113
109
70
143
157
70
80
134
111
159
133
117
98
190
46
65
120
68
60
98
126
105
139
67
93
93
174
45
86
70
99
108
147
30
54
92
186
125
209
151
150
25
70
48
86
127
96
143
109
63
64
126
189
145
134
68
136
148
115
91
120
117
133
57
64
35
90
66
45
91
67
45
84
58
65
100
80
41
178
129
65
62
144
61
67
92
11
194
42
37
101
69
107
196
150
136
90
60
144
124
69
77
86
64
149
111
166
56
121
174
75
143
98
55
89
62
140
65
122
126
47
107
151
52
152
85
44
147
53
79
34
25
72
203
164
41
91
110
157
92
168
78
105
69
31
29
58
116
94
52
22
14
51
129
65
91
83
83
73
26
76
176
60
185
137
28
165
90
56
63
75
50
53
162
145
101
65
196
163
101
83
157
162
82
149
104
96
46
116
160
158
66
29
232
33
23
67
46
69
56
85
165
153
104
97
160
124
104
32
143
90
120
21
131
200
134
151
101
280
68
168
78
45
140
107
57
129
123
66
127
54
91
38
81
76
52
150
95
103
85
22
136
137
60
178
72
92
52
78
101
170
137
122
48
158
72
130
33
73
126
97
211
140
139
120
93
101
147
72
122
23
92
81
90
113
132
128
125
198
232
69
120
73
90
129
105
69
112
89
119
119
100
87
119
55
104
57
20
99
46
204
94
93
85
143
86
142
219
100
222
193
156
42
69
72
38
128
150
178
37
66
86
75
101
133
140
115
184
77
107
73
58
106
67
43
148
132
14
166
62
122
172
113
97
63
104
107
110
142
50
48
50
135
138
160
116
84
97
202
76
134
143
171
151
168
90
145
163
97
78
209
152
159
83
163
114
128
204
28
48
78
193
102
126
173
181
128
78
56
157
118
141
66
149
108
188
164
72
38
140
102
76
50
143
112
61
76
70
77
154
101
52
13
223
109
105
30
136
111
37
163
172
81
51
104
106
137
97
88
46
29
57
120
164
186
154
45
104
146
129
175
63
87
62
52
238
78
157
212
188
29
132
195
71
31
141
61
138
95
66
177
161
150
90
94
70
118
33
74
139
131
59
76
140
50
112
76
92
154
71
123
178
133
162
80
97
104
107
185
107
139
55
130
172
72
72
66
164
70
87
107
53
53
126
135
29
131
75
28
151
72
82
49
137
60
32
67
44
165
16
139
57
108
33
20
186
179
165
185
52
47
110
78
156
41
87
188
85
101
105
90
152
48
138
127
161
105
119
183
108
76
116
65
53
97
36
103
102
94
90
151
131
58
103
94
71
78
75
33
56
74
100
52
229
55
95
175
78
108
44
123
24
165
54
93
193
100
110
72
91
39
95
124
77
62
127
62
107
102
97
104
212
68
67
153
160
210
74
47
123
156
60
125
108
122
97
90
56
166
80
154
39
168
121
106
155
36
30
17
79
56
210
97
61
109
176
117
148
137
51
182
228
190
12
50
105
13
57
181
72
112
71
135
110
63
95
79
93
109
61
56
132
95
62
90
164
176
85
110
130
103
36
133
114
178
47
157
37
32
61
135
90
97
207
192
84
88
96
144
107
109
97
167
179
147
171
53
70
47
110
69
146
115
57
59
101
123
109
164
99
49
33
213
109
110
179
110
213
122
84
78
43
139
176
130
87
129
176
124
55
46
152
110
75
183
69
65
91
36
40
10
121
51
54
91
62
41
118
66
191
116
92
104
71
81
85
48
119
59
72
78
195
169
83
83
99
40
97
94
104
105
140
80
51
39
94
116
67
148
82
83
199
32
111
40
81
98
81
167
138
74
90
52
136
88
54
31
80
89
103
256
86
108
107
154
33
233
184
98
40
90
56
158
27
104
158
150
11
49
111
190
46
104
53
98
63
150
118
63
76
75
204
66
67
100
91
162
141
130
147
75
81
109
23
143
123
98
98
186
146
52
23
93
190
113
191
91
22
73
117
149
12
77
64
87
18
59
18
86
38
146
201
59
65
66
28
112
51
122
114
82
80
73
97
39
95
170
119
183
46
246
103
12
137
123
159
55
60
96
108
64
119
89
177
40
101
164
25
163
99
93
84
160
106
183
108
145
36
211
196
127
172
51
45
79
53
149
80
33
106
66
20
215
118
159
100
37
29
147
91
55
101
142
131
120
76
76
110
58
86
46
94
87
69
187
92
104
149
111
93
72
110
86
189
81
30
60
79
140
38
236
19
87
79
164
159
172
64
57
125
90
156
23
134
136
120
45
129
155
237
70
62
121
150
246
162
72
138
125
66
96
172
226
129
200
76
65
142
170
63
60
97
90
171
94
43
208
100
86
154
104
139
49
80
103
118
156
127
90
164
119
197
14
207
27
34
33
165
170
105
112
93
171
45
178
94
97
115
48
73
150
58
51
54
115
147
156
163
55
61
60
107
66
18
75
24
57
66
92
74
214
163
63
57
167
62
192
105
90
40
79
47
121
150
27
35
104
62
57
61
82
142
23
139
85
97
70
157
141
67
120
68
141
75
112
187
114
61
36
182
76
63
104
102
42
136
61
64
168
162
80
151
114
76
108
147
87
173
152
65
111
72
120
116
18
152
129
49
84
35
130
150
142
145
72
43
19
63
60
155
195
133
79
53
77
93
47
84
182
89
228
168
127
97
95
115
103
24
69
108
101
166
104
30
99
185
111
79
87
188
53
124
36
131
67
42
125
86
98
151
60
81
64
117
50
130
173
113
35
91
54
69
40
165
104
96
87
195
76
137
51
182
102
131
30
79
74
103
181
110
183
152
83
91
161
145
72
124
67
8
82
177
132
175
76
68
100
106
108
73
120
54
213
111
63
126
164
174
67
127
84
78
196
132
66
149
150
46
112
125
79
66
59
66
74
70
68
107
165
154
71
152
143
45
201
105
45
30
67
114
64
107
22
170
119
65
71
48
86
68
66
136
126
45
53
137
75
80
99
164
61
138
115
58
56
64
92
236
55
112
176
80
