216 629
120 212
703 61
453 738
213 194
214 123
581 151
521 450
714 640
625 187
344 514
10 389
478 439
70 180
295 359
274 755
50 734
177 24
219 502
625 510
624 499
503 162
218 153
283 133
301 152
334 595
7 199
68 562
488 568
754 269
254 652
66 570
57 649
520 243
501 599
764 617
79 714
664 109
401 433
291 606
467 599
474 373
700 67
87 480
560 59
230 193
205 707
363 375
297 518
418 627
597 358
117 475
742 98
38 173
256 745
227 184
305 118
118 553
538 737
84 435
642 716
330 735
69 671
402 340
625 96
51 242
774 751
443 409
295 423
698 89
755 63
595 419
259 531
627 313
135 84
721 593
511 646
578 749
363 392
79 447
403 550
142 361
604 426
98 518
65 597
19 384
152 424
366 29
205 28
674 790
444 186
386 234
148 133
87 7
303 21
584 333
422 443
73 684
54 457
232 392
13 400
753 505
29 106
285 233
695 705
262 171
635 374
262 675
774 636
698 370
226 594
137 511
552 507
275 406
760 497
8 236
2 575
525 44
599 602
250 498
189 141
575 457
196 569
672 435
487 266
150 145
421 589
632 517
776 698
428 245
744 405
107 289
323 723
629 688
135 173
78 358
70 710
472 791
601 626
171 478
363 48
179 186
163 264
613 231
582 365
337 437
372 282
394 96
786 515
473 485
151 313
425 210
682 774
765 32
766 237
321 37
794 144
56 612
88 120
213 794
467 106
654 138
319 359
380 376
672 502
260 496
489 83
300 598
229 0
500 664
506 286
774 177
596 583
628 141
620 637
426 14
670 551
165 550
410 542
497 230
107 740
232 83
638 754
14 472
379 6
179 352
240 572
2 794
209 393
437 275
36 334
369 90
133 398
520 693
261 705
671 253
304 420
30 257
95 199
767 679
391 767
41 44
428 91
386 490
195 418
343 502
174 165
336 259
541 583
164 626
714 129
183 572
209 100
600 760
88 283
622 329
573 547
620 469
430 41
264 688
345 547
136 767
112 276
704 252
724 387
19 367
240 317
384 186
478 448
21 714
302 485
24 361
519 74
285 615
12 504
373 190
36 82
418 34
312 476
362 110
14 180
422 216
664 739
236 56
274 744
280 783
792 536
685 394
663 653
314 552
561 482
424 629
784 52
431 447
429 741
114 536
114 391
730 474
256 383
772 307
220 735
185 790
665 76
394 75
590 69
175 221
709 507
364 333
563 530
52 522
657 170
72 782
348 27
333 9
756 263
171 464
342 296
753 710
75 591
449 17
547 568
473 721
401 82
497 773
22 308
80 523
755 381
565 16
716 415
443 84
29 36
51 375
82 390
60 169
676 469
686 722
482 141
497 47
282 452
245 725
453 576
137 65
777 509
272 316
213 599
667 711
662 284
374 475
665 99
151 488
108 77
641 725
190 246
319 239
91 173
629 559
546 651
392 411
169 487
188 196
427 687
258 739
618 647
758 217
232 279
67 87
411 755
379 474
412 698
681 604
47 14
603 651
561 679
388 394
92 707
160 621
38 500
345 573
623 560
589 720
367 548
253 621
403 67
269 774
265 459
722 377
255 411
177 431
632 228
740 593
159 240
122 719
593 225
526 470
436 633
588 362
379 229
163 285
177 640
246 121
107 98
164 79
415 362
74 215
204 761
560 215
602 397
115 500
328 669
645 750
443 277
655 632
134 386
741 66
97 723
731 140
186 346
188 440
196 582
763 405
381 336
199 574
354 595
284 599
234 310
596 148
403 158
170 766
796 27
127 228
11 137
218 512
344 117
611 792
413 145
578 771
267 507
570 270
590 681
248 493
186 211
184 237
83 269
51 111
192 372
144 366
329 371
51 285
158 236
64 69
13 390
37 385
221 374
6 9
275 309
260 299
131 142
312 389
79 98
75 176
54 364
102 236
286 288
107 368
337 340
203 340
7 353
51 318
176 329
194 260
101 246
16 271
393 395
113 162
224 286
37 173
281 320
129 227
133 295
51 255
6 270
197 284
167 341
99 185
112 216
125 206
251 328
48 399
47 333
17 88
29 171
183 269
62 84
71 217
160 202
171 274
215 397
63 380
251 382
45 120
96 307
238 307
54 260
140 147
54 299
166 218
303 384
3 200
158 301
246 302
86 347
80 337
259 274
87 175
357 384
250 353
142 150
129 151
58 77
45 105
334 351
225 292
52 375
35 108
81 185
78 317
162 276
188 347
347 377
106 144
14 346
105 359
309 377
130 288
28 34
220 382
91 129
344 346
229 334
21 166
188 204
317 362
235 313
61 368
27 31
223 323
148 246
123 217
239 392
185 372
37 161
139 309
191 342
100 225
48 220
172 338
90 241
75 349
120 206
8 128
109 345
37 262
60 339
316 322
16 187
223 259
279 297
91 370
1 293
20 121
289 297
57 278
73 106
19 176
168 243
320 354
275 347
292 372
27 116
73 355
306 352
146 313
9 365
282 392
32 62
97 229
320 328
136 334
193 339
386 394
4 45
129 170
180 221
117 287
60 104
23 56
25 368
70 210
62 229
230 344
137 254
227 356
153 373
12 67
114 266
122 304
68 344
9 37
196 258
44 287
0 381
169 332
155 272
8 75
90 296
264 385
96 317
166 202
182 395
78 162
178 340
71 355
107 219
132 244
47 78
304 381
180 334
152 295
112 250
61 254
98 100
125 314
22 181
10 230
60 248
84 157
218 282
240 293
159 260
85 284
57 111
69 262
128 277
0 341
104 295
57 367
7 228
230 396
160 166
244 245
8 277
304 341
81 292
138 322
331 339
29 223
51 98
115 197
26 390
107 299
67 362
174 322
44 64
51 309
0 378
125 141
150 185
16 36
108 277
209 358
172 208
241 394
102 201
81 376
142 265
332 339
68 196
132 321
29 154
270 385
7 149
11 225
104 311
257 379
158 293
14 303
101 266
365 385
208 280
108 329
11 231
124 129
31 32
36 271
348 365
102 293
48 238
9 385
252 388
280 338
14 113
132 200
254 328
166 232
38 145
161 262
195 270
129 189
309 318
10 307
87 94
57 285
226 258
175 279
132 194
296 394
59 291
58 193
316 398
376 384
27 84
54 261
43 285
84 269
272 342
22 105
101 114
1 134
125 360
59 86
3 283
256 292
298 346
117 160
26 240
391 399
162 196
126 178
34 169
38 333
52 153
192 204
47 380
49 126
121 217
138 174
196 344
2 308
189 241
8 199
39 167
100 183
43 336
6 385
1 265
260 343
293 314
73 306
352 385
118 315
51 367
141 319
58 283
147 239
143 348
132 368
96 228
50 366
134 314
45 141
176 315
208 268
14 68
231 291
143 385
29 274
113 196
186 233
20 217
263 282
321 364
9 143
141 265
339 395
164 266
43 83
34 354
27 285
46 107
10 327
68 145
54 343
11 85
179 365
156 210
18 165
311 339
106 366
134 389
201 330
17 168
83 309
391 396
40 169
205 340
60 242
101 302
111 275
164 294
160 232
36 62
90 394
122 381
135 372
183 336
73 215
72 230
170 397
312 324
165 298
304 378
52 373
151 241
185 357
76 316
116 234
120 359
29 323
178 203
298 396
34 40
92 120
3 281
50 95
220 340
2 52
242 295
38 203
58 339
277 295
16 136
270 348
124 170
36 334
254 320
31 269
175 342
107 233
146 207
45 55
127 338
68 238
48 165
106 215
25 337
165 399
68 298
145 196
140 263
315 329
79 183
158 325
27 83
109 288
168 181
131 357
0 335
66 277
67 163
43 98
85 291
87 273
26 115
86 204
185 384
40 251
140 155
178 220
160 282
17 74
254 326
63 189
87 263
173 385
169 193
264 287
151 179
30 304
133 305
20 82
87 282
221 334
12 41
112 353
25 220
32 157
166 279
160 297
206 265
78 267
60 182
226 384
335 381
29 259
187 229
76 193
233 383
244 299
27 157
194 219
15 132
172 315
339 369
314 389
205 307
221 261
56 359
82 121
204 377
97 180
27 57
238 396
108 349
29 195
8 349
71 144
159 245
67 253
396 399
85 292
95 106
213 369
48 205
143 365
7 71
193 332
189 356
276 380
351 387
169 320
222 350
43 51
61 132
248 371
235 394
88 243
139 275
38 253
149 228
61 321
237 279
40 49
183 234
22 141
81 150
163 380
49 328
209 378
242 393
22 55
147 392
80 203
249 382
1 198
71 366
89 369
119 391
138 331
99 376
314 363
138 371
147 394
191 273
217 366
205 238
102 290
321 343
70 156
124 370
58 213
17 301
53 102
369 393
154 223
146 276
180 374
58 281
8 35
104 199
213 395
34 76
81 372
306 348
113 346
185 376
52 156
232 289
268 280
241 386
59 98
1 350
275 318
48 396
82 144
44 297
225 231
155 184
42 52
145 317
351 374
113 344
50 73
8 371
135 231
217 250
129 241
302 349
247 379
1 222
110 186
305 369
37 308
10 48
165 238
104 242
209 304
78 333
281 326
133 398
1 142
16 97
60 305
86 256
202 394
59 292
129 356
123 266
84 116
8 104
3 326
63 163
182 393
73 143
111 177
218 237
101 294
185 188
217 294
174 398
44 232
281 283
39 233
107 341
172 176
295 305
235 386
188 258
304 335
136 180
357 376
26 293
28 76
96 327
40 76
49 320
85 225
118 316
128 199
33 170
41 63
202 237
42 153
266 294
96 203
64 173
258 346
107 244
133 248
229 374
172 331
2 69
140 342
348 352
117 232
18 119
48 72
103 207
62 97
170 189
119 396
49 382
262 308
145 298
339 398
176 349
239 342
47 162
24 105
23 181
32 36
80 300
199 277
130 247
130 345
234 269
182 295
136 271
6 352
2 252
92 125
198 350
362 380
228 253
251 320
81 86
190 225
34 316
154 274
150 357
146 356
76 169
310 361
41 362
99 258
121 353
125 319
61 326
155 168
118 174
126 340
261 387
255 309
58 332
248 305
197 363
155 191
274 323
230 238
138 338
186 304
290 330
135 256
13 198
12 38
53 363
92 206
257 294
235 241
74 125
110 358
71 82
198 389
15 299
295 311
71 250
82 106
176 266
143 306
148 349
309 347
145 307
356 386
237 342
250 268
73 95
305 311
47 63
126 251
282 394
169 316
51 275
54 159
182 242
77 213
80 340
236 360
85 231
22 359
39 186
13 293
10 238
83 111
200 326
14 162
3 254
242 369
43 269
18 396
69 308
68 230
126 382
203 205
120 212
27 278
191 263
26 363
151 356
241 370
225 291
131 389
186 341
50 82
233 341
99 113
134 198
161 385
108 128
69 153
188 377
260 321
19 315
298 399
71 106
74 212
18 318
91 151
68 113
115 363
42 70
79 292
136 187
101 148
33 124
151 235
208 216
42 262
114 246
21 33
18 275
64 308
10 203
101 349
22 206
87 218
26 53
25 383
4 319
73 144
46 219
267 276
42 210
20 216
154 195
110 381
38 228
98 336
111 139
158 314
234 336
289 342
53 115
180 271
364 387
4 55
90 151
87 191
301 361
53 390
36 374
42 373
219 244
46 364
6 21
102 158
295 369
133 174
62 334
196 238
150 214
162 303
9 352
267 362
147 202
360 361
267 380
50 71
38 96
69 373
135 291
127 294
11 292
5 105
51 139
13 53
298 344
133 331
52 252
37 210
211 381
16 62
35 246
93 310
73 195
131 150
139 391
106 288
111 255
174 331
72 391
5 212
285 367
118 216
63 276
118 338
90 179
358 378
60 369
19 217
174 332
180 351
109 224
275 377
151 394
281 328
82 355
78 196
48 119
94 168
50 215
293 390
126 300
7 121
0 358
237 289
201 290
1 314
263 342
22 212
24 239
72 399
175 184
211 335
177 318
78 380
352 397
7 112
256 291
77 393
45 265
21 179
184 273
94 155
13 314
124 189
230 399
196 346
135 225
62 351
14 258
86 139
19 121
99 346
118 322
212 243
63 78
15 245
80 126
255 269
117 279
28 126
77 339
159 387
113 188
64 161
91 227
107 194
127 216
19 216
81 135
149 253
149 353
188 346
61 245
268 353
73 348
152 182
138 332
39 382
65 214
331 332
91 356
32 84
4 22
289 296
242 305
167 337
164 257
42 69
156 375
125 310
165 230
130 257
227 394
5 361
238 298
369 395
23 392
113 298
139 377
25 233
35 329
120 319
118 371
301 325
348 397
40 126
41 67
43 255
182 339
93 290
53 198
318 347
95 355
103 324
202 342
25 249
31 157
213 242
312 357
48 344
152 242
92 141
209 335
172 371
110 233
112 217
190 291
167 382
164 217
285 336
252 373
174 248
18 139
310 330
202 282
239 386
27 336
190 231
283 395
319 350
145 327
205 327
72 249
172 322
79 256
176 338
92 310
88 361
77 369
30 383
46 260
9 348
37 52
114 164
247 345
230 298
102 390
53 65
192 347
158 360
333 362
85 135
135 192
163 333
44 264
64 287
299 343
9 270
179 370
135 292
35 199
227 241
3 137
100 291
111 318
110 304
190 284
36 97
91 241
20 338
212 359
15 244
15 343
190 197
262 373
197 214
31 285
5 243
30 219
363 389
71 353
48 230
147 386
100 190
317 327
194 244
311 369
97 334
140 184
109 286
69 210
91 313
119 344
343 364
239 282
67 317
90 386
114 148
118 280
18 72
65 284
121 250
2 153
31 278
320 326
47 362
118 138
28 300
50 106
36 351
78 362
133 371
275 367
54 244
40 300
32 278
127 266
177 255
4 206
146 189
212 361
94 272
63 146
31 255
2 37
79 336
38 317
106 355
325 330
171 323
172 174
209 381
29 306
216 338
98 269
265 389
154 171
234 285
46 54
34 126
167 383
249 340
329 349
107 321
243 359
151 227
56 239
331 398
323 375
116 269
129 179
120 134
256 347
131 222
3 58
39 337
91 235
134 265
152 369
143 397
19 250
63 333
260 364
78 163
171 210
325 390
74 325
25 39
19 164
153 252
345 379
328 368
12 149
37 69
195 348
373 375
228 353
191 202
117 166
218 297
95 366
104 128
83 255
87 272
214 389
138 316
98 234
142 389
344 396
70 373
293 363
126 354
173 270
139 318
51 59
326 328
19 112
104 369
70 388
67 96
37 270
322 371
73 397
123 345
133 322
12 253
279 289
43 367
291 292
175 297
60 398
279 342
22 45
211 378
38 163
232 296
109 379
201 236
143 223
94 140
86 275
147 263
75 329
161 375
132 219
192 256
13 134
99 377
263 272
181 361
60 213
247 294
12 96
47 163
13 26
56 191
278 285
30 110
111 285
263 392
35 128
144 215
122 391
268 338
26 65
260 387
5 206
112 280
218 342
43 111
207 235
57 177
130 286
236 330
254 283
170 179
0 110
19 294
189 370
288 294
74 361
95 397
4 105
145 230
142 312
51 86
10 337
324 357
38 67
204 275
140 272
21 296
2 70
6 365
39 249
136 229
91 189
142 357
207 356
123 247
300 354
184 342
17 361
159 343
166 297
2 42
313 356
202 263
169 354
95 215
223 306
67 333
236 390
13 240
286 379
255 367
253 307
239 263
162 258
247 286
191 282
133 311
334 374
182 369
20 268
99 188
85 190
31 116
19 338
140 282
224 379
5 181
199 349
9 195
198 363
184 218
186 378
43 79
56 392
10 80
251 354
255 285
119 165
37 64
69 375
89 182
136 374
25 167
219 341
31 84
123 257
42 308
57 255
35 75
208 300
196 230
322 332
25 382
146 370
151 189
177 378
265 350
148 257
93 201
38 307
8 108
59 256
14 196
160 394
222 389
34 300
236 290
216 280
337 382
103 303
220 337
88 301
267 333
257 266
75 371
10 340
143 352
5 120
75 108
49 251
124 179
79 367
352 365
24 392
195 352
224 345
54 245
316 331
198 314
204 372
142 319
210 373
133 182
208 316
28 208
211 304
144 355
85 100
218 263
13 65
6 173
159 261
82 250
139 367
54 219
22 319
122 211
39 341
146 380
54 132
157 278
24 56
54 321
89 393
190 292
37 375
88 212
127 315
163 267
185 192
23 105
186 381
138 172
72 396
45 206
127 164
131 214
10 205
265 319
272 273
64 385
127 217
265 357
261 364
154 156
19 127
148 302
86 377
59 231
2 373
263 289
221 271
163 362
64 264
19 268
188 376
82 123
97 351
97 374
204 376
42 375
64 262
58 395
46 387
152 311
231 284
182 305
81 192
140 239
193 281
36 229
125 134
282 342
258 303
227 386
6 64
33 370
198 293
110 122
257 288
347 372
110 383
101 257
204 346
249 337
288 345
247 288
256 372
83 285
223 348
213 311
12 353
141 312
57 211
5 92
147 218
210 270
224 288
123 288
119 230
83 367
3 193
274 306
61 200
184 272
167 220
170 370
205 220
290 310
216 268
49 354
7 12
43 59
187 271
350 389
172 216
194 299
133 242
195 274
240 390
70 153
37 42
172 280
201 360
62 374
57 84
153 388
213 393
269 336
309 367
335 358
92 134
91 146
24 359
34 280
216 250
123 294
209 211
21 160
202 218
21 90
8 248
191 392
166 289
120 141
134 319
18 391
147 289
32 136
32 334
32 97
245 299
10 178
191 272
121 366
5 23
27 269
38 327
322 398
221 351
268 315
59 192
16 229
318 367
80 220
90 129
134 141
253 317
155 273
96 333
9 173
65 240
68 346
158 310
322 331
324 384
161 270
65 363
122 335
159 364
82 366
47 317
111 309
203 327
2 210
307 327
11 190
129 370
30 39
174 329
142 324
16 180
178 300
18 399
146 267
255 278
246 349
66 295
18 344
266 302
150 350
51 83
72 119
150 376
191 239
52 388
92 361
13 363
164 315
166 296
15 321
239 394
55 141
55 103
205 230
93 301
35 349
0 304
1 141
207 313
207 276
53 240
160 289
87 140
140 191
237 282
109 123
43 309
172 268
11 291
215 355
94 243
66 199
112 268
161 173
130 224
84 278
204 347
62 157
118 172
97 136
214 363
145 205
27 255
192 292
290 325
315 338
118 208
33 352
205 249
226 324
72 186
174 371
113 258
116 157
244 260
167 186
74 310
5 359
340 382
210 375
219 321
94 273
72 165
232 287
66 104
54 194
9 161
114 302
139 204
223 274
106 247
140 273
26 197
165 396
0 209
235 356
254 281
77 182
108 199
120 125
40 354
102 325
110 378
251 300
210 308
260 261
240 363
114 257
20 112
124 397
117 264
97 157
133 369
265 312
23 24
20 176
136 351
50 355
117 297
148 266
83 336
59 79
77 193
201 310
95 144
129 146
103 313
92 301
245 321
1 389
173 308
55 105
222 357
154 259
96 253
127 176
244 321
312 350
55 319
193 283
259 345
74 92
181 243
147 282
52 210
109 247
227 235
3 320
220 249
46 321
21 365
109 130
50 144
45 319
162 163
130 379
87 237
63 370
181 212
122 186
162 380
36 136
224 247
142 350
99 204
46 194
180 387
3 328
125 361
6 161
23 359
233 368
90 227
301 360
177 211
182 311
177 381
22 23
65 198
76 354
206 319
138 398
135 190
259 286
123 224
122 177
71 121
216 315
245 343
141 206
115 240
45 103
60 133
65 197
30 341
124 241
118 331
186 383
318 377
182 213
45 312
74 158
4 312
193 316
0 122
152 305
171 375
137 283
372 376
53 314
119 298
304 358
161 210
248 331
47 145
67 228
154 323
62 136
43 234
48 249
249 383
270 308
100 231
167 249
76 332
74 301
0 211
257 302
365 397
350 357
137 326
200 254
160 296
218 289
325 360
221 387
213 339
14 226
66 128
169 281
269 285
22 120
77 395
34 208
150 222
143 270
106 123
76 208
236 325
161 308
145 238
237 263
39 383
70 252
133 138
147 191
80 178
33 397
224 257
88 168
0 186
225 284
164 176
33 179
75 248
156 323
104 277
344 399
60 311
215 306
55 265
25 340
55 359
194 343
11 100
77 311
63 267
103 105
253 327
4 141
87 184
341 383
112 121
214 222
119 399
314 360
175 237
56 105
167 233
137 200
4 120
63 362
1 13
110 211
219 299
114 294
28 40
202 289
333 380
203 307
16 334
15 54
55 206
175 218
6 44
101 164
276 303
142 222
310 360
110 341
78 145
195 223
69 70
122 378
143 195
286 345
91 207
373 388
51 79
90 235
181 359
332 398
165 344
131 350
36 187
194 321
13 158
5 22
44 166
106 109
151 386
96 149
86 192
20 127
10 249
299 321
232 264
10 220
36 180
299 364
60 295
303 324
341 378
238 344
151 370
46 299
20 250
210 262
162 267
47 267
195 306
19 20
7 250
355 366
125 158
244 343
52 70
248 329
140 237
133 339
246 257
219 368
241 356
123 164
232 297
41 228
92 360
141 350
20 294
92 212
335 378
282 289
139 347
86 188
231 292
111 367
40 208
61 244
5 55
8 329
49 300
156 171
57 83
92 158
88 181
165 391
74 360
134 206
214 284
20 164
200 328
193 398
28 280
203 253
15 260
137 281
93 330
81 256
287 297
196 298
55 120
65 115
310 325
50 397
312 319
317 333
236 310
104 248
31 83
271 374
52 171
4 265
42 252
173 262
226 376
53 293
52 69
89 152
30 233
89 295
378 381
98 183
71 95
0 30
12 228
288 379
104 305
20 315
331 371
262 264
44 117
22 125
87 155
226 303
219 260
201 325
120 361
30 107
316 332
86 372
1 363
147 342
82 217
248 322
38 78
33 365
15 194
68 258
276 313
69 161
318 391
218 279
16 374
17 243
89 242
215 366
301 310
31 57
163 317
271 334
221 364
171 223
242 311
52 308
2 262
328 354
15 61
30 194
87 342
129
142
77
45
12
75
55
162
128
73
135
146
107
93
73
71
78
176
28
180
121
48
57
99
72
152
37
109
120
143
116
136
85
122
48
50
63
185
130
70
170
122
116
102
47
37
94
69
80
39
182
83
207
75
42
212
171
56
198
74
93
77
92
57
33
95
78
191
105
39
62
140
134
182
157
77
62
39
83
71
58
89
102
38
58
57
159
51
30
105
169
62
105
89
60
135
50
64
122
230
66
87
179
134
13
84
28
132
45
79
91
39
41
35
162
103
101
40
33
90
31
34
101
176
79
234
168
144
155
88
171
111
133
154
57
131
65
153
80
176
182
114
191
177
71
130
55
36
85
20
18
186
60
96
92
50
78
153
120
102
79
63
50
116
129
62
84
210
124
50
65
127
35
67
90
101
124
170
62
57
107
58
25
71
30
65
59
118
57
171
137
128
86
75
159
51
142
86
135
128
76
86
32
93
42
124
69
88
68
55
81
47
138
62
160
94
126
64
136
58
158
17
145
103
116
97
140
63
142
20
144
84
74
138
52
55
21
190
100
140
98
38
67
114
153
64
79
120
35
120
63
145
134
103
199
101
135
91
28
114
84
197
117
31
73
183
192
86
50
73
183
111
83
30
91
152
138
81
104
115
96
175
118
197
178
143
29
124
130
116
75
70
84
115
47
95
173
58
170
121
143
103
88
65
50
40
56
100
120
156
14
109
128
17
74
163
48
60
163
119
72
13
161
95
34
153
101
69
60
134
111
144
93
35
175
8
34
147
83
17
154
121
75
148
37
57
92
60
193
96
49
70
28
86
120
122
126
80
168
66
148
93
115
215
147
48
46
94
43
76
81
94
7
97
84
32
88
153
124
79
65
56
19
141
84
192
63
85
99
105
36
78
64
78
25
111
59
60
82
183
41
168
42
35
66
75
148
146
82
16
113
66
43
103
43
34
73
72
46
207
157
49
116
84
244
91
103
60
172
105
95
100
86
93
180
96
74
177
111
212
43
94
64
50
98
110
207
186
116
164
82
219
69
48
101
56
94
197
138
175
58
13
151
122
234
106
21
66
105
28
115
113
106
134
68
71
101
78
38
74
87
139
58
121
80
123
148
53
64
159
115
104
120
62
173
71
179
56
127
145
165
71
42
38
137
100
27
33
84
94
44
158
42
148
77
49
158
59
144
67
157
67
151
48
43
60
47
34
168
99
90
86
103
190
53
122
82
154
65
164
124
88
84
146
36
22
151
66
181
33
62
44
89
30
10
132
128
95
132
78
114
47
58
191
105
23
173
61
161
71
74
124
68
131
107
59
111
210
124
74
47
19
76
142
47
112
69
99
84
98
71
74
110
140
90
74
198
173
148
109
121
68
141
139
33
161
143
73
140
89
59
20
120
150
63
95
104
144
107
149
128
96
80
145
164
26
88
30
124
140
67
87
110
130
106
65
117
120
202
88
51
97
52
84
69
94
83
35
95
24
108
43
115
95
99
93
78
54
137
145
122
72
156
89
66
131
122
177
119
19
228
62
107
130
82
102
162
60
84
151
44
96
83
32
120
154
199
280
79
93
44
176
102
78
131
187
125
16
150
81
28
120
79
125
131
110
64
66
126
184
27
79
61
66
166
121
70
76
258
77
86
117
44
82
50
63
68
79
76
93
144
136
43
61
105
146
25
108
67
23
137
75
67
58
30
49
159
134
83
72
171
107
88
61
87
135
107
110
53
132
95
186
92
47
130
73
112
163
105
102
70
120
87
81
58
103
31
204
101
85
281
66
112
75
124
50
94
128
177
84
117
162
136
118
42
117
51
70
176
105
112
145
205
49
226
62
70
78
41
51
73
99
64
38
35
123
85
101
30
58
162
117
208
173
95
88
105
160
106
124
60
67
87
129
22
70
33
125
37
100
76
183
114
41
27
52
86
109
19
139
238
207
78
134
115
115
34
32
54
30
98
147
160
64
153
168
45
81
89
30
88
69
134
157
107
195
76
85
54
89
41
75
93
59
29
102
36
127
138
61
131
85
165
136
67
162
122
60
82
86
68
31
63
106
130
139
94
193
112
143
192
77
147
80
143
32
70
177
98
174
46
127
143
71
53
77
71
160
181
113
101
135
200
143
94
136
71
111
100
137
15
88
121
194
62
55
152
40
114
105
54
199
60
181
78
127
119
47
109
107
115
74
101
102
140
82
88
178
153
69
90
125
33
178
71
56
125
141
139
188
77
64
18
134
182
112
63
121
177
123
93
128
126
257
31
172
187
87
109
55
154
55
59
204
117
96
204
106
192
65
90
45
191
175
108
42
59
122
115
60
114
140
98
49
53
135
130
80
146
39
135
143
56
74
80
41
40
44
77
173
53
32
32
136
200
113
142
187
37
141
195
42
165
124
148
46
26
58
47
171
89
84
80
74
75
125
105
93
82
143
144
57
112
39
133
123
25
89
75
52
146
82
91
52
28
95
206
101
57
174
100
125
155
60
185
181
41
133
159
77
90
77
244
113
193
121
83
147
70
105
17
80
69
177
147
79
123
64
107
112
185
170
148
19
242
148
113
96
126
101
102
97
71
30
79
132
192
101
124
28
120
146
115
105
85
135
130
67
86
153
120
186
63
40
179
100
71
85
96
28
56
113
103
9
69
169
142
197
104
112
131
93
149
142
116
50
150
92
70
215
144
151
113
47
163
191
188
105
258
146
87
58
99
135
179
33
175
129
186
201
73
203
97
19
104
136
200
181
103
84
188
156
112
157
87
153
60
104
108
162
97
77
74
99
105
118
50
80
7
191
50
148
75
71
72
171
113
130
100
148
47
54
86
201
68
129
103
57
137
66
122
106
150
149
40
14
158
53
115
59
72
129
156
165
37
60
66
60
127
199
57
50
20
20
97
38
82
92
150
116
118
112
219
83
45
67
116
96
42
93
22
104
24
42
85
148
58
87
131
56
151
76
35
125
106
192
181
35
113
161
100
56
155
142
135
177
96
76
147
85
122
58
51
60
154
36
203
138
47
173
120
24
72
133
6
43
163
39
71
108
14
68
121
62
166
132
159
135
151
118
88
14
24
117
134
106
70
190
118
173
100
28
108
123
86
46
50
18
160
142
212
110
62
95
115
67
59
67
62
78
74
44
16
42
64
173
85
178
64
259
30
17
64
236
112
106
145
42
60
191
94
179
128
67
168
94
98
93
207
172
151
66
97
135
160
101
90
16
74
69
74
87
46
105
152
177
167
96
78
81
92
96
46
48
192
124
169
66
148
88
90
176
86
91
103
69
159
266
172
73
74
137
71
160
60
47
73
82
133
38
69
55
142
158
63
71
147
107
223
75
141
92
52
58
58
56
122
66
178
121
66
44
161
178
142
76
135
82
93
85
167
22
80
70
98
79
95
84
183
153
109
73
86
57
77
185
167
40
78
149
148
59
97
38
156
57
182
105
85
43
53
94
102
164
79
76
104
71
25
78
15
169
97
87
144
154
170
70
35
114
166
223
143
168
141
114
98
71
82
24
112
66
55
115
62
65
125
116
220
104
101
88
62
162
58
53
74
72
26
108
95
163
118
157
68
135
223
105
32
69
81
24
36
87
23
69
126
193
150
104
106
8
102
210
140
104
115
88
33
114
63
161
57
39
112
22
93
54
68
198
241
68
144
63
68
93
86
126
146
27
91
113
143
154
81
55
123
124
44
108
119
153
160
52
203
220
92
75
120
66
64
86
130
19
78
86
117
15
87
108
46
95
105
192
87
49
105
87
62
118
12
104
33
86
95
133
133
138
55
18
71
69
15
122
46
104
79
130
39
71
179
37
52
150
36
127
126
13
111
70
75
118
141
117
93
93
59
170
130
76
81
58
122
101
82
216
44
74
132
178
95
41
109
145
26
59
68
110
66
29
42
208
77
80
68
112
96
74
75
52
167
97
62
64
86
107
153
65
117
78
76
138
53
40
100
112
74
198
104
136
134
23
102
132
93
116
83
74
73
112
86
78
49
188
55
112
37
83
28
58
124
145
137
184
84
70
110
71
13
36
151
53
24
65
177
108
102
133
139
54
151
146
79
101
11
149
191
137
197
78
16
85
39
152
129
61
35
102
100
59
9
198
37
93
63
151
73
28
159
136
108
235
47
35
115
25
60
56
93
28
209
125
165
67
45
49
108
65
82
34
161
93
124
89
107
201
60
86
88
139
230
65
74
60
114
147
61
173
79
45
107
41
163
37
57
146
124
64
109
53
82
63
171
94
93
105
60
18
89
88
143
38
53
92
135
53
91
149
126
178
66
102
148
117
163
74
57
63
87
94
155
36
176
152
136
99
114
65
119
92
119
133
44
90
159
75
107
184
78
179
63
180
106
121
92
92
118
100
60
210
81
44
202
144
168
123
89
54
172
158
126
37
72
20
77
157
24
104
153
54
15
142
35
174
85
99
108
166
134
69
78
64
133
31
46
69
135
45
62
54
131
89
84
73
89
145
55
80
122
156
119
190
47
61
51
117
131
170
58
87
88
165
169
67
99
