143 338
393 777
143 94
202 604
408 660
606 488
39 502
176 465
92 539
109 592
719 184
431 305
788 643
117 463
185 589
20 746
75 644
796 588
553 718
58 313
706 412
240 578
121 471
729 460
347 119
393 32
26 557
203 85
495 260
742 447
688 147
682 645
547 431
140 508
330 444
129 301
253 43
735 198
538 104
116 137
501 134
512 778
575 231
548 391
367 459
506 267
578 39
219 617
318 431
674 220
320 576
692 435
270 655
532 103
705 274
686 454
262 566
662 705
795 327
453 789
686 670
331 208
283 163
228 187
500 482
639 371
565 419
416 59
432 73
472 466
768 457
264 482
16 287
582 314
625 727
576 523
675 494
707 466
161 156
207 665
710 157
482 613
244 147
605 524
206 55
280 590
472 664
489 543
40 539
779 376
473 786
151 119
586 211
228 405
110 326
728 720
475 708
339 163
710 771
269 58
509 519
714 130
344 434
761 202
334 608
709 310
670 91
700 74
565 24
160 697
112 8
586 558
20 188
609 540
571 781
605 172
443 661
672 304
404 533
379 229
492 755
68 329
447 800
651 119
373 283
187 38
759 185
622 480
272 531
118 298
128 711
190 428
207 330
272 194
39 333
447 0
673 658
173 84
779 799
179 402
318 512
27 169
459 720
482 233
745 311
147 397
48 684
155 36
276 672
706 713
627 508
160 215
658 635
61 755
453 627
209 182
550 744
478 668
197 596
309 11
42 344
480 478
510 710
800 374
630 17
149 612
129 269
116 497
327 514
111 707
691 781
714 707
722 194
409 175
22 110
461 756
412 473
650 526
121 387
329 433
543 451
507 272
286 245
575 510
662 45
569 666
473 36
516 546
227 390
677 132
322 317
563 325
735 517
81 30
769 119
793 419
8 780
463 508
691 275
108 505
544 701
471 773
646 792
517 325
91 225
448 426
683 432
777 512
168 396
77 246
308 136
421 629
619 399
82 196
504 76
748 226
334 599
196 171
153 294
186 519
739 618
583 228
272 386
330 47
572 22
189 434
368 747
261 357
31 303
315 457
185 270
284 619
231 671
246 353
645 272
393 234
720 479
157 281
158 707
237 587
185 288
308 200
90 682
733 625
699 552
698 34
231 348
582 573
521 557
295 146
61 160
622 169
347 550
326 26
523 510
319 706
64 14
112 740
42 487
590 702
464 489
146 193
787 373
523 230
364 239
514 64
298 643
352 776
792 135
482 220
69 357
127 733
670 363
223 361
281 248
360 25
413 511
145 646
626 332
590 307
38 533
753 349
452 37
289 706
371 442
363 250
260 161
287 731
67 26
568 268
132 240
204 693
772 731
510 332
53 796
183 467
414 592
153 191
16 18
366 778
654 593
3 315
287 681
232 207
393 110
78 730
611 446
429 740
37 349
560 690
59 551
80 387
483 46
434 792
24 593
659 433
731 496
102 63
244 560
359 376
799 7
465 341
247 238
481 373
324 373
781 601
49 706
487 417
562 584
393 550
599 347
285 503
759 770
713 38
788 29
284 91
477 342
790 258
750 450
1 204
267 89
636 105
52 41
692 249
292 239
785 84
437 230
580 559
262 679
506 740
183 670
775 238
599 696
397 344
776 523
753 15
102 464
642 217
300 341
159 565
77 305
750 659
590 116
13 496
92 218
748 196
457 124
137 662
359 613
76 341
679 290
347 748
551 467
215 789
484 272
260 218
686 268
617 770
172 234
112 626
382 131
255 703
322 449
446 709
524 487
685 165
709 452
726 564
766 682
338 441
576 481
77 511
311 532
171 141
467 428
90 58
437 254
81 686
783 34
340 314
122 307
55 315
220 388
9 367
100 187
8 22
126 351
90 201
291 367
84 147
90 349
115 357
138 292
134 311
216 252
66 180
108 312
92 251
79 158
22 356
32 66
4 211
9 165
6 199
134 369
169 242
136 361
110 256
246 273
101 365
311 369
307 371
238 257
37 385
159 335
382 389
63 82
210 241
173 235
132 273
46 164
134 301
34 389
120 313
78 393
90 122
159 275
144 376
140 179
230 237
75 254
39 213
227 233
232 381
139 273
305 326
51 338
78 151
55 77
99 253
56 231
194 345
109 169
57 60
94 178
299 313
12 361
207 236
165 359
10 343
122 313
212 278
36 84
117 198
111 328
36 125
81 116
64 180
165 379
61 264
52 266
23 195
257 271
60 220
322 375
170 292
227 246
335 340
233 358
60 361
303 375
315 386
161 205
96 162
253 275
226 313
60 95
122 201
7 139
186 214
151 166
226 371
2 137
9 310
77 236
191 278
161 327
200 352
180 327
215 343
149 332
180 390
272 281
116 211
131 188
235 264
109 238
183 247
179 229
178 208
134 228
114 202
218 378
117 370
141 204
204 290
181 263
316 386
69 260
23 338
290 297
186 282
195 262
238 305
30 123
269 396
31 300
30 341
124 396
153 305
50 104
53 366
155 261
195 338
176 284
139 246
244 387
132 233
151 204
71 382
166 290
111 113
113 300
105 370
51 77
94 369
50 168
131 295
7 22
11 28
27 36
3 79
255 348
29 77
197 276
34 44
155 286
143 181
72 301
97 133
32 43
109 277
278 330
61 235
142 307
153 257
127 177
185 200
133 286
92 357
221 251
159 223
63 303
206 212
99 125
110 147
81 86
13 145
61 344
4 296
212 330
108 214
162 200
111 247
210 286
130 169
116 142
71 392
101 106
160 228
112 204
149 171
105 198
184 355
133 241
241 274
5 306
184 245
254 260
51 206
215 365
23 236
175 307
91 137
48 319
2 27
232 291
222 227
203 293
95 136
15 294
52 79
175 201
210 340
167 295
156 352
0 369
63 286
61 97
83 390
130 397
68 214
80 172
247 328
51 236
139 188
180 384
291 373
25 68
18 114
70 262
40 214
116 157
242 277
75 187
73 289
58 337
264 344
61 62
174 395
204 213
111 347
83 328
76 236
133 249
231 239
199 356
162 175
29 51
74 377
76 127
19 360
170 171
247 300
88 310
308 311
257 294
270 308
76 316
151 230
96 349
208 295
104 266
76 177
367 379
190 324
37 49
236 386
63 155
110 288
146 397
198 215
89 195
308 369
58 281
89 144
207 387
124 353
246 358
145 225
86 162
336 374
96 200
143 269
256 298
103 215
357 376
11 336
10 49
106 189
47 231
34 48
36 137
174 288
45 269
228 301
361 388
269 374
49 370
242 367
225 295
41 59
310 314
80 126
169 397
228 369
232 348
223 275
217 393
155 375
44 382
157 211
6 363
57 95
168 331
37 80
291 381
20 206
8 33
7 295
78 217
35 166
216 368
15 196
324 353
363 391
57 171
107 333
23 51
100 260
109 291
119 173
40 269
187 248
148 283
44 102
147 317
230 378
181 203
154 211
67 312
97 119
293 336
166 218
329 368
130 238
49 198
209 364
102 389
127 183
64 260
73 330
148 381
41 156
46 214
45 374
172 215
129 237
277 379
59 122
57 202
73 279
70 195
142 162
187 328
26 310
304 380
297 364
262 281
185 259
44 48
282 366
201 313
19 308
156 377
60 171
115 341
28 346
149 388
46 224
44 276
133 274
309 352
169 367
80 103
191 289
154 296
42 357
132 188
216 231
50 252
254 390
43 323
171 292
146 169
47 79
261 290
49 376
231 368
6 356
270 369
119 235
191 293
214 224
43 293
350 367
155 322
93 233
274 322
65 206
32 327
119 264
53 362
83 247
88 391
185 352
62 210
73 191
171 332
66 306
48 382
31 149
131 208
69 276
129 369
191 279
201 307
29 338
1 175
84 125
256 395
68 135
117 278
359 379
337 351
168 382
19 369
62 249
31 60
150 183
7 131
117 234
146 242
139 225
218 290
24 304
12 95
80 365
181 336
36 99
103 126
280 310
110 342
210 380
96 175
183 390
253 335
271 305
102 284
105 343
11 396
94 237
106 107
147 288
146 153
14 359
90 175
65 272
236 338
342 395
205 323
12 17
89 338
54 343
151 364
77 316
274 375
234 279
102 179
99 159
148 231
63 133
35 240
10 385
204 261
242 305
162 383
1 122
75 150
213 339
193 256
69 197
166 360
25 275
226 255
50 231
142 157
71 128
83 183
52 85
222 358
95 388
205 327
4 116
168 329
11 353
135 275
64 87
12 220
331 392
147 193
73 278
23 206
118 296
34 382
77 315
241 344
32 390
81 248
66 372
142 349
25 223
25 282
34 229
14 219
86 96
333 355
265 312
283 348
249 340
260 276
95 138
66 390
3 14
64 254
69 100
36 253
93 131
132 246
95 332
247 347
156 259
11 346
18 309
271 397
83 150
84 137
151 297
307 383
134 308
86 157
255 267
77 386
251 341
105 272
82 217
158 239
51 386
175 313
75 372
174 250
118 329
165 350
331 382
124 399
157 200
61 274
343 357
255 287
203 323
278 370
28 374
226 299
56 318
321 336
23 70
379 397
10 215
242 326
71 140
158 359
182 344
109 367
96 157
292 388
5 150
258 310
286 303
190 399
153 326
30 385
190 227
63 393
117 272
188 222
24 97
107 245
16 242
133 303
44 176
160 270
15 146
46 184
206 315
129 360
288 317
33 391
345 398
54 376
203 336
213 364
58 89
121 308
130 242
187 197
86 116
188 246
65 330
146 305
81 157
219 318
143 263
170 377
5 127
2 84
219 295
302 348
17 220
74 114
264 285
102 229
92 221
141 250
264 399
195 281
194 268
25 304
26 88
20 77
103 351
132 240
64 197
41 90
49 54
244 316
155 217
68 265
346 396
113 177
52 232
38 40
79 238
45 143
4 154
99 335
213 261
0 178
0 218
319 353
316 338
173 366
299 371
284 319
51 315
164 245
123 341
79 381
365 385
17 243
137 317
306 315
26 391
99 223
3 359
37 172
354 387
310 391
256 342
89 281
242 397
243 361
91 317
106 245
16 379
62 241
2 393
349 383
74 156
233 273
156 349
69 161
238 350
345 355
321 327
41 114
265 282
204 250
67 223
217 261
95 361
272 370
321 353
31 171
344 375
291 350
132 230
149 170
89 262
95 171
203 279
23 29
0 132
270 311
64 187
251 362
307 313
20 29
28 45
27 82
6 88
46 108
269 346
2 39
61 249
77 206
75 347
31 57
10 189
10 30
144 370
148 302
288 342
60 243
207 316
56 85
183 372
9 379
262 338
45 289
14 318
232 350
277 350
267 371
24 335
151 261
160 369
107 189
168 252
220 361
163 281
202 377
139 145
255 381
190 319
72 339
22 199
47 158
130 367
261 297
9 277
234 357
165 277
29 70
10 103
20 338
290 364
215 337
252 329
242 257
69 394
0 208
268 365
181 374
341 362
155 297
229 382
52 104
206 272
45 181
287 302
61 182
279 330
193 342
243 388
93 227
55 206
325 387
30 172
84 99
67 186
23 77
150 390
70 386
247 248
178 270
81 154
88 280
175 349
42 263
120 156
84 340
121 129
168 392
52 283
93 273
263 289
35 94
36 159
174 342
223 253
56 392
234 376
27 125
216 266
64 100
160 311
115 221
206 236
161 260
27 147
209 250
35 237
1 226
169 238
179 389
68 312
175 383
83 127
20 386
98 171
93 295
260 384
198 376
28 203
144 262
126 215
48 229
35 360
152 220
293 321
181 269
38 214
44 389
155 378
105 281
283 371
5 390
2 125
42 289
126 194
308 360
52 148
121 134
234 278
166 209
62 82
172 385
24 223
151 378
192 207
86 383
198 234
40 265
245 398
10 37
115 123
326 397
0 145
78 137
268 345
319 399
73 203
166 230
62 286
272 278
260 394
67 380
89 163
135 312
266 348
5 372
199 310
105 376
97 210
93 208
18 200
8 310
88 363
69 176
47 239
236 316
87 260
16 277
109 130
70 338
86 142
164 224
102 382
183 254
18 185
241 264
70 316
285 399
122 175
15 305
2 91
57 152
21 158
25 159
177 300
284 382
162 309
106 123
227 324
96 116
132 218
192 387
87 248
241 249
55 236
57 377
145 178
100 384
33 356
4 368
374 396
275 282
37 126
120 175
35 218
2 193
243 387
78 155
238 367
171 388
33 199
222 246
196 305
42 221
2 78
142 175
64 161
218 237
100 197
147 395
136 171
94 129
50 128
172 365
6 391
62 375
157 383
217 378
79 148
90 307
218 240
16 367
8 258
153 271
43 66
128 239
140 229
7 356
61 241
322 344
108 265
32 384
367 397
232 283
217 297
45 396
9 16
54 117
255 283
65 278
161 176
81 296
5 76
220 325
255 371
145 311
82 340
50 392
30 101
67 366
8 9
131 139
106 385
272 330
303 344
193 317
248 328
125 137
209 290
143 396
94 218
46 362
75 100
107 398
198 370
17 325
39 317
324 358
232 302
147 256
75 390
238 277
214 265
182 322
120 201
106 341
278 279
63 375
17 354
32 306
156 185
166 240
116 383
294 305
149 361
41 120
38 108
7 208
34 284
29 236
16 326
214 366
249 335
74 259
167 219
103 337
316 387
7 13
2 317
25 186
53 312
18 259
121 301
75 127
20 281
101 123
60 136
233 246
252 392
255 302
22 391
176 276
153 196
280 363
226 267
95 170
105 144
4 157
229 331
66 212
15 397
22 33
133 210
68 275
78 297
104 252
179 382
117 343
48 102
223 340
248 347
187 384
142 201
102 324
92 263
131 145
370 376
258 363
10 126
324 399
366 380
85 266
18 349
179 222
150 306
43 212
74 309
24 210
6 26
88 199
32 372
28 181
101 172
244 300
211 368
112 141
79 350
161 394
41 349
70 163
231 348
135 186
263 269
5 113
258 391
129 218
235 285
169 257
291 348
177 244
79 232
6 280
179 324
231 266
235 396
372 390
323 394
27 393
128 140
287 371
183 384
130 271
3 158
4 86
72 360
252 368
162 349
78 91
128 318
23 386
75 83
258 280
11 143
10 101
103 172
317 395
226 307
79 291
50 329
13 33
106 184
158 165
70 207
29 316
60 152
58 262
9 359
161 197
13 167
38 53
18 120
49 172
61 285
238 271
327 336
334 355
37 351
181 191
58 105
94 121
189 251
20 315
13 391
141 213
90 120
201 349
124 285
3 239
164 341
60 149
215 376
237 240
69 327
76 150
304 366
30 251
107 345
265 366
37 365
187 254
31 361
32 180
112 364
230 290
98 138
43 180
258 356
59 313
87 197
127 390
259 352
266 368
11 321
128 168
112 250
19 134
65 212
10 80
124 264
229 389
237 378
62 63
176 260
8 280
337 365
54 215
54 234
72 160
41 201
40 366
43 330
87 254
152 300
103 268
160 360
75 111
63 78
319 389
183 347
69 384
120 383
130 350
53 265
31 152
81 211
104 231
309 349
47 56
118 176
45 293
8 88
29 206
248 254
312 366
97 173
144 281
85 392
52 348
94 166
120 142
161 254
133 182
27 340
220 387
162 185
25 67
75 247
28 289
372 384
123 184
41 122
50 85
50 216
23 55
19 270
297 393
264 346
213 250
209 360
85 318
190 358
200 259
4 383
153 169
93 222
196 294
205 260
20 272
276 329
117 144
0 139
76 192
194 365
35 129
245 320
355 398
219 359
292 361
118 197
121 270
43 203
38 224
287 373
7 167
21 239
257 305
39 393
283 302
121 369
129 290
47 52
96 142
305 397
212 315
261 378
164 333
223 335
93 139
7 225
81 87
234 370
98 292
166 364
79 109
286 375
250 339
39 395
14 165
54 144
169 326
151 217
228 360
126 268
123 362
92 289
24 380
77 338
319 324
29 55
85 231
299 307
97 304
112 339
83 347
111 150
52 231
320 333
325 354
56 128
316 354
333 345
39 91
52 381
251 357
61 133
21 231
142 383
271 373
75 183
33 225
44 179
144 337
182 303
227 273
131 225
186 312
64 394
283 287
184 341
193 288
320 334
140 392
343 370
148 287
34 140
360 369
0 35
28 143
182 274
96 201
240 378
289 374
75 248
91 393
96 383
319 358
254 372
141 174
280 314
116 154
158 318
357 385
82 303
235 346
53 214
3 318
101 385
68 186
214 312
123 189
21 128
156 200
125 147
11 235
194 398
114 156
105 234
181 396
20 55
122 299
57 98
10 365
33 359
98 332
140 382
21 85
178 311
274 303
188 208
121 311
109 257
85 216
48 284
114 349
242 271
57 136
113 127
227 358
108 224
164 184
131 273
222 273
256 317
194 355
48 389
288 298
199 280
38 312
80 123
165 367
63 322
25 135
285 344
204 209
321 374
65 117
87 187
297 378
3 47
87 100
222 324
28 269
210 304
231 302
184 333
279 289
21 318
11 124
121 360
110 125
141 209
285 396
191 203
41 175
148 348
211 296
87 161
54 198
8 359
101 194
55 386
346 374
169 305
18 156
3 165
112 213
31 220
136 149
245 341
173 269
59 175
302 381
320 345
26 280
123 251
108 164
26 363
148 255
274 344
189 385
333 398
33 295
254 384
134 270
245 355
167 199
30 189
197 260
212 306
19 129
169 277
23 316
12 243
21 50
233 324
317 342
221 263
37 103
263 374
154 383
68 366
48 179
222 233
36 335
306 390
239 318
384 390
172 343
287 348
102 319
224 265
113 183
328 347
266 283
188 227
91 297
200 309
157 162
127 306
173 346
57 259
97 241
348 381
22 225
203 321
320 398
120 349
293 323
19 301
113 150
238 373
134 360
120 162
137 147
263 346
88 314
156 162
217 286
257 397
42 92
208 273
68 282
21 56
200 349
41 162
25 253
112 174
140 252
210 249
192 354
5 75
126 365
75 328
82 286
141 364
256 288
241 286
115 251
57 149
159 253
69 205
119 285
101 345
82 249
60 388
47 350
245 334
50 56
306 372
166 237
323 336
39 261
96 120
127 150
82 155
321 323
204 364
98 149
10 172
45 263
100 254
50 140
42 45
153 294
130 257
82 335
237 290
73 234
213 290
358 399
39 78
143 374
169 271
56 331
2 395
46 265
101 189
228 308
160 308
18 352
19 72
167 391
56 239
166 204
146 196
44 229
136 152
128 331
5 177
83 111
48 222
19 160
173 380
16 397
192 244
86 211
128 392
139 178
11 374
42 279
301 308
170 202
6 8
238 242
132 227
40 53
76 77
3 21
59 120
59 307
27 91
136 300
221 234
0 237
97 249
14 239
85 239
1 313
99 210
128 252
353 399
7 219
21 47
16 146
338 386
124 346
88 258
113 347
148 266
114 377
181 293
75 113
27 99
0 94
99 340
106 362
78 261
151 155
283 381
77 192
106 333
92 115
95 292
194 334
277 367
67 275
59 90
71 331
123 385
39 250
98 170
267 299
334 345
64 384
98 202
68 380
284 389
107 184
160 301
48 324
176 197
288 395
18 74
29 386
196 326
141 339
146 326
130 305
185 309
43 191
134 160
113 328
8 26
145 208
241 375
199 391
8 391
154 157
221 357
303 322
58 163
8 199
107 355
124 190
298 342
26 314
144 198
261 364
130 277
50 266
104 368
110 193
67 282
34 102
220 244
110 395
188 273
100 161
82 210
15 326
140 168
42 115
33 219
110 317
249 286
28 396
68 304
24 249
356 391
63 378
193 395
320 355
109 271
180 254
27 137
54 370
75 384
1 299
13 356
137 393
133 375
45 203
352 377
109 350
261 393
266 302
105 117
208 225
28 263
206 386
12 388
188 225
85 128
118 252
170 332
242 379
101 107
37 215
113 247
138 170
334 398
234 343
83 177
47 232
255 266
133 155
67 135
148 232
71 229
343 376
243 325
220 243
30 106
3 350
65 315
186 265
151 290
63 217
14 158
203 374
18 162
296 368
15 153
58 144
93 246
38 265
38 362
79 348
72 228
207 354
83 113
280 391
13 295
19 228
173 304
0 240
16 314
95 98
31 243
155 393
182 241
79 367
136 220
323 327
80 385
62 133
95 149
33 167
155 303
209 213
197 254
181 289
12 325
54 105
192 236
171 361
259 309
118 276
8 167
147 342
167 356
126 172
44 284
22 295
17 387
156 309
23 192
90 142
176 205
74 202
70 354
69 254
139 295
51 55
217 303
115 362
287 381
80 189
61 119
7 33
34 168
325 361
43 327
5 183
143 346
205 394
96 154
31 136
0 129
12 292
245 333
14 47
29 195
96 307
106 164
140 331
199 258
293 374
133 322
116 296
74 352
62 97
333 334
76 244
49 385
53 186
2 147
55 76
351 365
1 307
210 335
93 225
166 378
111 183
36 223
144 163
73 293
5 83
6 258
135 282
139 208
14 21
127 315
104 216
161 276
19 94
85 104
267 287
67 304
1 59
118 260
120 122
121 160
38 366
180 372
34 179
150 177
161 384
133 344
50 368
67 68
221 289
119 346
238 291
259 377
19 121
250 364
124 235
286 340
121 228
80 194
215 351
107 341
152 243
38 46
49 343
39 297
90 313
79 277
230 240
218 230
290 378
129 209
13 22
52 302
94 360
1 267
236 354
192 316
264 396
119 396
64 69
84 91
94 270
47 318
100 248
18 41
129 166
212 272
76 386
35 290
72 134
149 292
80 101
1 371
198 343
20 23
6 310
282 312
64 372
30 80
103 365
373 381
30 37
191 330
57 74
119 124
182 375
193 298
3 232
27 84
270 360
20 51
327 394
82 133
13 199
138 332
168 229
36 340
49 234
251 385
296 329
292 332
62 335
179 319
189 341
163 195
324 389
92 234
188 233
298 395
214 282
93 188
117 376
46 53
163 262
136 243
101 126
86 154
97 380
179 284
91 217
22 167
57 352
159 340
107 123
131 178
59 201
49 357
70 236
134
90
136
94
33
208
88
39
116
63
105
66
123
113
67
48
243
104
181
26
56
80
99
172
113
41
147
98
30
205
85
169
126
148
237
37
53
72
99
61
136
70
18
192
35
71
55
185
173
49
91
75
20
41
156
70
83
85
56
147
169
38
135
123
79
172
51
136
89
131
36
169
121
44
58
192
138
81
92
90
34
99
38
95
29
257
74
49
86
87
80
64
67
35
37
227
143
92
181
98
94
32
90
87
50
71
108
75
197
127
143
113
93
81
90
62
24
184
28
55
36
196
156
44
128
58
48
66
67
24
96
23
47
88
65
131
129
70
193
66
105
182
139
71
133
123
52
95
185
96
37
55
114
106
38
80
181
40
115
171
130
159
173
55
71
93
66
65
87
144
100
77
63
188
107
57
95
94
75
90
184
100
22
197
207
62
82
180
131
107
112
89
88
16
159
49
73
153
68
63
134
14
71
172
87
68
78
111
136
11
48
33
106
79
162
78
35
55
13
112
180
158
55
70
137
129
87
87
92
72
117
73
56
63
124
137
123
166
60
115
244
140
39
129
117
56
200
133
155
115
80
10
175
53
65
158
120
196
136
93
157
57
165
95
47
117
187
49
123
69
53
194
137
114
120
84
164
44
41
66
38
169
115
69
76
198
212
131
162
166
84
176
169
19
115
41
138
103
117
108
115
37
246
200
131
76
84
126
169
73
86
114
127
129
109
176
88
69
105
63
51
171
71
120
74
132
76
55
167
11
49
57
42
64
134
159
118
92
60
79
96
84
121
26
102
43
147
101
104
46
171
165
53
80
132
38
130
88
20
133
65
46
61
122
217
38
48
112
100
35
143
17
118
137
130
55
40
118
55
91
96
231
49
45
194
130
144
105
190
47
162
89
115
94
166
63
103
199
183
60
71
143
125
123
179
92
85
98
204
208
50
23
98
116
117
70
174
114
84
101
116
25
90
122
118
100
108
49
115
146
19
109
77
209
161
35
118
18
120
42
73
219
116
169
49
161
84
28
70
52
78
64
58
83
65
95
207
73
206
34
27
44
111
168
124
30
128
81
42
148
107
154
96
199
118
70
94
73
114
60
184
145
139
46
145
114
80
111
43
93
139
48
84
86
94
71
170
93
96
161
44
97
144
59
191
91
114
116
95
135
69
97
71
91
137
130
91
97
109
44
130
84
68
137
24
72
81
157
178
59
63
137
159
28
156
65
81
50
106
120
91
113
155
23
98
92
188
99
63
163
26
111
174
49
91
80
50
72
56
24
16
121
37
138
176
63
45
52
61
126
178
25
187
161
134
222
182
101
84
94
80
26
41
26
27
52
153
85
125
73
62
12
78
48
118
67
175
113
47
148
40
116
105
172
54
82
86
114
49
86
64
129
156
35
126
94
82
67
46
57
67
147
63
64
131
57
90
80
154
102
118
111
87
47
75
124
41
98
206
11
87
18
84
210
83
78
153
60
86
116
130
127
70
106
101
29
186
54
123
125
132
83
112
134
100
95
144
58
108
90
133
47
198
89
174
58
146
173
209
134
54
82
162
137
27
121
74
50
51
19
81
161
106
50
97
67
98
129
45
88
23
55
174
119
173
160
84
170
96
111
160
173
128
68
46
134
169
19
37
200
44
119
54
148
184
109
84
31
153
54
27
97
91
202
43
59
134
164
85
181
38
24
70
57
75
120
37
154
75
143
125
77
73
150
67
45
97
118
102
151
38
79
83
147
119
81
84
116
17
140
120
73
55
112
135
48
95
86
170
56
170
192
36
123
86
31
143
105
8
88
113
99
53
191
157
58
156
109
72
69
69
66
115
82
154
53
15
54
79
66
159
140
64
128
105
165
82
187
101
52
67
72
57
153
106
77
89
176
22
137
200
55
45
86
35
59
100
75
53
182
134
61
27
93
129
88
26
55
202
118
135
81
79
66
60
131
90
196
114
190
99
28
45
70
85
80
49
163
66
115
154
127
96
183
31
107
72
105
200
86
100
114
88
26
72
163
141
57
64
105
80
114
75
94
182
39
89
102
164
83
57
96
75
80
23
96
154
60
139
55
138
130
131
49
104
27
104
60
160
83
85
59
84
93
144
178
58
48
124
69
166
70
105
117
181
92
134
66
73
74
180
149
91
104
94
55
154
128
25
129
38
22
36
100
147
94
78
78
30
78
120
69
179
160
77
67
165
114
203
77
187
87
128
65
116
103
133
174
189
58
190
132
108
66
41
72
80
111
51
52
146
88
93
91
173
59
46
81
73
203
74
137
124
108
126
110
109
186
192
19
34
98
81
171
120
67
146
42
112
44
52
108
110
110
87
88
125
99
93
112
51
241
154
69
71
174
164
163
45
199
156
68
82
117
106
144
40
76
66
197
118
45
23
99
77
107
111
177
104
35
185
67
89
128
158
228
109
188
104
101
110
17
98
33
152
113
111
76
152
113
90
51
54
84
73
160
121
113
163
91
123
102
58
96
224
58
27
157
179
167
29
55
114
108
179
66
54
64
74
116
97
63
81
69
147
30
77
113
76
90
85
122
152
108
184
119
49
14
99
126
91
35
110
115
51
44
70
189
83
69
36
79
33
180
79
76
84
119
107
60
77
137
55
94
9
165
79
108
59
104
113
57
163
262
120
107
106
98
149
84
130
55
97
149
119
170
81
62
132
69
106
149
123
29
76
124
38
234
122
89
60
87
32
84
101
11
188
59
159
89
82
61
37
59
84
85
81
143
142
115
146
109
115
111
88
113
105
102
104
124
88
182
176
93
151
116
173
90
58
184
77
82
166
122
97
84
182
110
103
105
112
195
74
110
49
87
76
135
80
85
55
105
184
96
188
128
83
50
58
88
117
193
54
108
111
68
130
77
146
144
93
146
169
107
97
200
65
233
17
259
94
147
89
180
35
137
217
96
152
23
105
156
28
36
129
96
32
51
115
66
213
77
120
68
136
46
133
109
61
63
91
90
74
70
94
63
82
115
85
139
54
61
101
135
82
168
107
25
48
188
66
262
164
40
151
137
42
133
65
119
175
18
209
17
119
111
181
90
114
15
30
145
35
79
38
33
33
71
67
187
76
110
57
12
109
111
252
115
87
35
101
149
78
177
44
89
143
131
92
76
92
90
143
106
65
101
44
81
145
86
106
173
147
72
173
144
53
106
138
87
44
114
79
173
78
78
145
109
84
135
72
113
94
14
98
124
61
176
215
31
133
100
96
152
115
148
148
142
44
130
130
55
122
29
73
134
114
251
146
84
120
28
110
38
145
225
221
132
103
40
102
170
40
93
95
23
184
93
59
125
178
102
140
106
91
81
91
143
63
80
120
154
97
37
64
98
59
44
49
129
12
28
37
48
168
209
38
116
212
165
131
136
54
152
241
103
17
53
122
129
82
85
74
154
149
83
118
72
137
141
197
43
54
52
62
203
131
27
97
139
77
36
125
68
64
178
115
86
106
212
72
135
74
91
26
76
99
38
131
166
70
87
126
24
66
91
26
132
63
94
15
143
44
121
39
104
50
162
63
192
107
159
73
94
30
55
146
147
76
109
41
21
91
19
104
28
117
172
107
92
202
122
175
165
131
72
105
58
142
182
137
72
114
20
60
55
82
82
166
138
74
39
33
74
96
165
37
62
126
92
120
65
92
80
111
88
121
98
77
118
46
108
66
103
124
181
178
82
139
138
67
64
103
230
142
176
139
128
56
117
153
92
54
83
53
64
101
160
101
38
195
69
158
54
110
155
91
65
265
33
179
59
49
130
77
41
38
118
73
157
167
33
76
125
99
182
67
178
77
252
105
48
104
74
87
26
162
141
43
106
83
65
85
150
85
106
102
205
104
44
50
183
149
166
146
71
40
62
43
192
139
32
67
69
145
26
156
111
59
83
91
87
174
78
90
42
96
74
166
30
78
177
41
31
126
76
107
132
82
104
59
65
112
45
65
54
173
68
99
199
112
75
60
75
238
17
122
108
80
108
152
173
49
124
53
55
19
167
135
88
81
110
84
17
167
52
116
87
147
102
120
80
100
29
11
26
96
107
57
176
153
197
145
157
149
67
202
91
115
73
73
39
41
47
93
138
182
127
96
95
172
63
44
80
106
81
52
42
177
129
141
115
196
111
155
159
159
118
33
104
88
56
45
112
155
91
104
66
100
45
23
138
19
129
172
22
48
161
99
88
69
144
169
126
169
47
99
225
70
60
213
121
72
125
91
61
142
133
68
138
240
124
66
19
89
36
127
122
9
174
162
134
212
117
140
164
158
90
221
42
30
46
83
114
95
45
105
77
95
182
30
88
62
131
119
155
36
197
213
167
58
93
57
167
49
44
57
153
19
88
98
48
195
43
209
98
76
246
132
143
115
87
91
185
70
127
51
94
48
145
34
98
127
53
155
47
23
245
207
68
79
79
96
188
184
63
93
76
46
142
82
80
157
48
101
121
114
104
107
77
68
82
165
143
45
171
154
23
47
155
36
130
95
99
90
47
178
33
144
157
192
211
54
73
146
