462 42
464 402
289 104
745 665
333 538
302 342
309 9
286 47
655 247
625 226
35 181
673 727
721 631
328 629
118 543
424 796
214 475
789 441
225 752
398 324
399 600
48 494
434 282
659 591
717 489
777 389
179 557
704 420
397 778
328 564
245 398
606 286
539 116
42 158
360 255
437 541
326 361
183 158
712 743
195 208
337 774
440 640
675 377
38 294
610 700
48 652
616 142
709 471
306 577
34 715
254 602
631 750
429 150
663 145
192 728
103 464
624 587
748 794
212 14
518 222
669 131
281 446
715 287
477 126
659 335
475 26
450 440
575 574
108 298
230 325
745 442
657 113
206 564
286 632
720 756
318 703
398 773
476 203
377 652
267 391
548 7
400 470
441 696
584 324
493 108
330 322
433 75
508 589
745 89
670 158
783 443
644 364
57 547
476 758
493 535
605 677
144 348
454 499
756 481
135 538
551 234
166 30
312 183
105 252
94 627
715 244
733 337
622 644
177 267
327 607
314 772
428 142
143 775
289 562
324 18
297 473
536 764
697 175
799 456
549 589
749 446
658 61
410 651
41 536
194 86
691 300
782 139
285 379
80 218
479 693
513 776
410 94
309 348
411 510
251 585
570 576
630 660
353 222
356 59
420 680
775 563
191 407
177 225
479 500
58 717
266 189
531 427
578 316
115 414
489 699
512 630
398 498
690 444
57 38
642 122
498 12
94 91
192 675
412 99
607 789
489 519
728 118
393 423
401 680
478 331
214 185
485 692
797 127
699 527
797 642
188 117
113 263
7 475
571 124
567 545
225 622
144 276
785 452
557 447
107 651
792 758
603 491
270 124
453 229
311 370
196 464
191 751
778 7
75 178
515 113
466 362
21 93
230 555
677 362
168 170
348 716
141 219
624 265
711 580
656 308
443 626
678 264
308 43
479 96
60 541
215 657
469 8
416 80
317 479
733 722
753 528
682 583
18 241
246 600
721 552
146 413
192 229
95 669
665 12
694 555
264 20
684 242
597 63
785 714
572 70
173 685
708 311
400 657
762 172
210 462
378 109
454 800
269 369
290 785
654 429
582 402
355 735
287 528
101 715
289 41
282 740
89 713
493 732
785 386
485 674
266 749
359 133
764 131
411 517
17 178
333 414
178 769
278 389
194 42
13 44
654 223
371 251
584 655
275 462
76 274
263 283
546 138
634 587
599 549
400 593
556 70
467 451
635 61
380 717
305 17
86 84
420 334
743 295
54 77
148 80
346 231
485 557
574 205
578 278
281 425
714 505
730 416
398 28
699 622
99 152
724 188
492 611
524 40
82 503
438 38
387 94
696 584
581 186
231 492
285 703
797 506
444 73
494 206
695 92
55 587
749 74
713 701
65 759
618 595
637 725
779 413
694 549
14 699
728 734
659 504
436 577
746 68
384 64
519 280
737 40
597 679
741 613
350 205
375 138
482 236
216 606
482 746
470 619
544 500
540 542
365 347
785 0
694 280
256 121
604 569
669 753
578 496
410 541
771 228
10 529
313 522
241 740
274 185
265 4
650 140
94 448
763 390
83 572
323 432
582 458
572 446
634 155
732 238
614 239
475 781
25 156
602 235
529 98
671 248
30 439
88 27
318 101
559 712
690 693
264 628
392 62
689 763
593 502
336 679
135 698
705 765
231 537
778 437
372 377
42 564
140 44
178 738
688 594
302 86
698 769
187 282
630 381
321 11
699 789
285 370
446 186
36 149
148 36
372 460
774 92
5 325
489 113
43 486
426 87
520 682
307 396
697 656
573 770
483 479
258 335
595 427
196 123
443 492
356 14
92 51
168 291
54 364
43 128
261 386
173 265
44 257
62 347
234 344
108 375
215 229
92 99
10 128
330 374
110 336
138 282
290 296
127 250
93 242
129 242
256 317
185 258
251 336
20 310
110 195
113 359
193 226
156 355
127 252
22 183
94 97
214 219
26 99
27 152
106 193
128 212
13 359
91 193
94 324
11 74
209 308
36 250
302 307
116 159
6 239
139 166
357 392
258 335
53 346
4 109
306 309
82 321
146 393
40 76
211 372
345 395
67 324
85 379
48 335
126 228
172 387
163 363
92 387
141 215
45 342
274 382
53 161
54 251
17 243
56 174
252 379
268 363
198 316
122 322
93 129
155 296
286 322
221 327
202 239
197 221
61 115
132 184
47 280
54 157
150 389
95 303
230 360
85 271
183 297
197 351
270 274
90 305
157 225
119 324
201 226
102 182
67 135
290 360
64 327
10 212
182 373
12 291
285 333
254 270
207 360
138 269
35 332
183 319
82 163
168 219
137 318
51 361
296 386
166 321
94 276
198 219
97 133
169 316
30 258
105 201
65 289
131 360
78 268
70 118
35 248
323 362
49 144
63 386
0 203
217 364
257 315
6 220
209 223
192 213
144 179
312 388
47 234
36 127
101 170
81 151
62 226
2 328
153 156
229 293
220 377
119 276
63 296
117 346
184 250
36 85
52 388
240 245
81 248
141 185
73 294
323 324
323 344
60 154
3 223
63 77
82 227
0 296
191 273
49 302
65 203
116 149
3 283
60 71
153 355
28 236
126 161
185 293
168 309
32 224
176 375
71 161
173 292
253 382
115 279
78 109
24 280
339 346
19 36
238 302
225 371
39 145
228 247
96 141
164 319
290 318
8 221
132 252
282 398
248 383
242 389
93 149
314 326
80 265
206 296
16 293
28 231
9 255
327 347
121 298
329 362
202 338
257 303
93 166
70 305
14 92
87 119
274 355
48 213
163 236
101 355
313 319
31 64
110 236
105 353
91 234
113 213
64 125
282 312
140 316
22 34
13 29
62 221
131 388
52 380
60 89
10 249
105 255
67 174
105 125
111 158
350 381
158 388
128 171
15 40
145 182
276 310
27 341
131 230
246 318
51 374
5 85
63 84
51 159
311 326
26 366
4 208
278 351
22 256
157 320
174 324
15 76
235 395
88 384
220 338
251 371
9 353
16 61
355 399
234 376
237 335
56 107
34 256
124 170
58 338
301 391
97 332
172 354
213 366
79 390
49 238
1 393
105 327
361 378
36 252
67 303
101 382
290 388
197 353
201 347
184 390
199 353
369 387
13 78
234 345
167 228
203 287
161 384
309 362
188 249
100 319
125 201
11 330
7 338
134 175
20 35
79 379
120 281
29 335
225 251
16 229
130 231
3 316
203 352
166 244
211 316
37 165
79 184
210 280
7 356
221 285
69 394
140 210
127 232
100 297
138 373
8 351
115 208
97 160
94 160
344 395
104 299
241 307
154 173
125 193
298 311
98 305
73 113
114 239
158 230
133 151
176 259
165 328
143 397
105 272
87 150
192 320
18 157
88 300
112 371
72 366
221 255
165 396
56 329
93 231
33 381
46 53
74 374
11 365
43 212
112 186
300 311
123 299
91 199
35 310
86 296
128 381
281 341
24 98
87 324
27 47
84 189
200 310
287 352
10 33
74 308
192 366
299 369
95 304
13 75
106 226
8 255
254 355
21 369
144 307
199 201
263 303
102 137
73 134
312 360
334 387
97 397
174 329
48 50
2 202
27 193
195 294
109 359
354 385
50 366
99 342
35 97
39 176
137 246
317 337
324 362
81 97
146 178
272 327
116 242
191 254
272 347
90 120
33 350
135 324
22 190
345 362
191 249
36 379
179 238
257 357
3 12
71 89
91 125
196 375
333 347
301 361
64 376
44 357
165 216
262 291
17 305
31 348
52 183
324 331
103 176
23 372
185 229
10 191
34 85
352 386
365 374
87 322
86 386
328 337
301 308
103 142
174 181
224 265
30 127
97 248
51 392
44 136
186 225
92 342
143 266
11 308
238 371
173 352
134 359
112 251
207 388
17 367
145 165
361 374
172 204
12 391
160 397
294 363
214 291
95 107
89 161
90 118
61 335
317 318
1 164
52 63
82 129
189 265
104 342
42 193
82 268
116 357
53 60
125 327
203 388
1 190
59 380
181 395
25 281
23 211
104 364
97 151
56 135
187 314
207 282
123 204
252 390
217 307
5 325
23 219
60 339
40 240
198 211
10 381
269 377
138 356
113 335
90 98
261 292
181 345
312 398
61 293
156 274
54 245
25 243
133 397
27 120
334 369
179 342
262 303
1 146
249 350
39 375
135 262
81 162
139 227
251 364
206 287
14 299
320 366
41 82
46 292
206 289
129 389
158 289
267 298
25 177
258 279
202 269
167 300
83 278
184 368
139 268
37 194
59 183
157 336
74 330
24 47
19 85
41 122
209 361
193 199
0 388
13 48
308 358
151 248
16 366
1 66
41 129
207 312
310 322
8 197
250 368
357 389
111 318
30 141
61 390
23 198
24 70
382 399
5 36
138 290
91 235
248 310
195 240
122 200
262 263
55 99
284 350
217 241
143 323
8 9
128 188
175 213
232 252
243 305
134 213
145 216
305 367
81 266
113 134
203 296
57 365
88 187
62 106
290 312
84 203
338 377
168 214
71 298
124 328
107 303
304 392
25 305
7 239
179 225
183 313
184 232
301 365
128 284
40 75
11 301
28 349
41 310
300 326
304 330
200 264
265 287
175 320
70 177
233 245
319 380
154 222
112 241
73 109
21 123
14 369
66 143
56 263
277 348
28 76
23 291
126 300
253 338
78 195
374 378
111 380
161 314
152 280
110 245
162 368
59 319
46 261
125 221
84 296
40 268
79 279
297 313
245 336
75 240
68 385
270 382
286 310
301 358
6 338
123 369
176 216
300 314
123 172
76 268
284 381
88 314
270 370
368 390
7 269
20 200
161 311
184 343
264 332
68 128
230 246
127 390
157 371
48 237
226 327
180 308
83 197
141 229
58 220
270 273
247 311
74 301
241 302
32 265
34 137
40 195
291 316
147 197
89 255
50 134
189 261
160 323
328 373
143 276
5 260
255 348
101 370
201 255
228 285
239 269
79 252
194 196
144 238
55 354
78 139
190 271
62 272
294 336
162 383
107 136
158 312
40 233
348 353
59 313
131 312
38 365
191 399
177 305
178 345
291 306
208 258
13 363
168 198
205 320
233 236
102 337
181 331
124 274
278 348
305 341
0 287
89 339
68 171
90 367
163 268
230 318
264 310
80 287
39 337
270 284
178 235
161 247
58 253
181 263
282 289
207 289
351 353
364 371
13 73
187 326
158 318
179 364
250 383
156 273
7 58
181 362
247 300
35 94
17 118
125 226
208 335
127 132
296 360
180 223
102 246
233 240
37 396
233 336
110 294
177 367
155 289
82 122
50 213
122 227
170 253
211 214
21 340
161 167
150 244
31 199
87 276
235 344
186 364
116 349
64 91
65 287
24 210
77 319
43 171
41 139
11 358
154 267
57 74
18 336
58 382
92 204
133 248
262 372
179 217
304 361
7 328
199 327
67 263
179 299
24 214
8 353
41 78
65 86
212 385
84 261
343 383
138 398
45 241
282 360
330 361
308 378
250 279
232 390
173 261
315 357
66 190
108 216
146 344
140 198
291 372
246 317
172 288
155 206
19 164
37 196
283 372
62 201
138 377
19 325
11 361
370 399
275 337
72 134
105 333
48 134
12 211
7 182
154 339
153 273
101 124
292 348
116 130
42 376
227 363
212 249
158 290
197 348
222 224
167 311
70 152
218 298
10 188
201 353
182 356
198 291
72 192
35 397
186 245
11 38
120 152
273 355
3 209
32 261
107 262
158 360
19 190
219 280
67 329
11 51
204 387
51 95
188 350
150 286
60 121
35 143
296 388
288 334
198 306
197 255
136 391
133 332
60 267
344 362
96 215
289 388
142 375
203 207
129 149
131 158
202 377
149 244
100 277
69 260
209 365
5 379
178 331
131 296
310 332
230 312
15 93
112 364
32 386
260 375
78 363
37 170
92 334
128 249
140 214
81 397
200 227
119 286
195 268
98 280
69 375
132 232
178 344
261 277
100 292
279 390
104 217
100 313
97 276
142 176
50 113
170 274
39 165
127 279
45 238
26 320
46 154
14 99
47 120
172 340
67 119
288 354
23 283
231 242
225 364
9 348
221 353
246 290
34 275
23 306
65 206
68 103
57 374
187 300
28 268
24 120
174 362
4 237
153 191
178 362
14 26
117 285
204 369
75 245
327 353
204 299
165 170
193 376
61 279
274 370
192 237
42 64
89 285
21 288
8 31
59 277
2 239
77 297
134 366
131 318
252 279
43 68
150 200
159 392
230 290
17 341
343 390
243 367
181 344
328 356
18 294
71 154
262 329
8 201
65 296
105 221
18 371
41 227
67 262
88 126
224 267
5 69
279 343
152 281
132 379
29 48
256 275
21 55
27 42
266 393
137 337
372 391
217 238
117 228
90 281
240 336
59 100
202 356
97 143
151 383
86 203
123 387
254 273
118 120
73 175
6 202
12 198
98 295
137 317
245 294
139 163
114 220
81 133
2 373
5 394
261 352
269 338
224 261
97 393
35 264
249 381
358 391
149 242
218 222
45 299
32 84
45 217
79 141
86 131
45 307
161 300
71 339
30 279
62 327
59 292
330 378
119 135
94 393
50 72
129 321
129 166
11 304
44 95
36 184
136 257
40 236
79 232
41 264
229 258
66 266
283 316
90 341
101 253
55 387
0 65
113 192
196 259
361 365
48 359
199 226
152 234
9 100
116 321
70 120
21 172
79 127
4 335
45 144
242 321
269 398
214 316
22 271
44 315
29 109
126 384
356 373
33 188
188 284
131 246
244 389
29 237
130 349
198 372
51 330
198 214
0 86
228 333
146 235
36 132
211 291
86 289
9 292
336 371
219 372
31 351
61 229
73 213
196 284
283 391
186 371
19 256
6 269
148 354
144 217
54 112
211 283
252 343
55 148
147 278
1 162
156 399
68 259
80 222
365 378
192 293
244 321
140 295
9 197
325 368
181 309
250 343
150 166
104 241
288 387
298 314
56 372
164 313
15 231
199 376
82 149
156 382
379 394
74 361
212 259
187 311
311 314
6 7
147 199
16 258
82 242
144 241
132 394
160 324
126 311
154 298
165 194
136 304
19 368
41 286
15 321
326 384
283 291
246 356
37 274
145 328
134 192
112 302
224 287
164 271
253 396
112 238
21 204
24 306
88 247
253 370
47 70
113 366
210 306
222 352
102 275
376 395
156 370
211 219
34 317
36 368
209 301
42 234
104 179
273 350
117 221
44 107
86 158
182 328
33 249
260 394
11 209
166 389
88 311
31 197
14 123
36 325
119 150
47 152
86 360
173 346
83 91
156 270
211 262
54 186
72 320
331 344
123 288
14 342
184 379
164 190
154 346
21 92
360 388
66 162
145 275
138 312
92 369
38 378
76 231
247 285
37 39
25 90
255 353
20 122
123 334
92 123
145 317
160 276
360 398
89 117
293 366
95 357
50 359
370 382
31 83
166 242
135 329
205 213
348 351
24 152
140 169
47 98
56 211
120 177
89 154
5 127
12 169
204 334
61 343
31 278
9 278
96 148
137 256
146 266
46 173
8 105
74 223
304 358
29 264
52 111
340 354
141 148
200 286
304 315
88 298
207 290
235 376
78 264
108 171
74 180
98 367
149 166
20 41
127 184
207 230
297 380
41 244
37 142
41 163
93 116
68 375
244 286
298 339
50 192
82 244
196 216
121 154
100 348
86 290
177 295
32 352
25 341
17 295
103 196
90 243
23 107
88 228
214 280
157 186
281 305
103 108
48 73
17 177
247 298
393 397
244 322
148 215
236 240
347 353
263 329
115 250
86 282
242 357
6 377
137 275
314 384
179 241
86 312
14 21
240 294
58 124
71 346
272 333
91 376
207 296
76 236
3 301
340 387
306 372
21 354
239 356
108 196
81 383
156 191
9 31
62 105
35 151
46 346
288 369
98 118
279 379
100 278
0 155
219 306
90 177
139 244
23 303
33 284
265 352
82 139
30 252
299 342
149 389
83 313
37 328
222 265
94 397
84 352
0 289
102 145
328 396
227 264
17 98
68 96
121 222
60 285
115 335
225 238
15 28
143 160
103 128
75 236
172 334
32 63
181 323
29 113
186 251
110 240
119 329
171 259
175 225
117 161
261 265
5 132
303 329
70 98
167 384
185 215
1 266
278 313
121 218
69 379
50 109
142 196
259 385
323 393
201 272
4 48
255 351
39 196
208 279
125 353
288 340
8 327
70 341
297 319
238 364
275 317
239 377
227 268
323 345
53 154
23 262
168 306
74 209
224 352
205 359
5 184
200 322
248 397
150 322
84 86
218 267
213 359
46 339
106 341
128 196
202 398
73 363
117 339
87 94
30 232
178 395
308 365
77 380
316 391
39 142
104 369
33 191
23 56
206 282
46 71
289 296
108 176
62 125
118 177
19 34
69 232
20 78
219 309
22 313
38 330
61 258
300 384
106 125
56 262
156 284
40 110
276 286
130 392
377 398
42 152
263 324
17 90
21 387
379 390
92 299
93 321
209 374
242 244
236 268
103 259
250 390
130 321
169 223
178 323
157 175
4 29
56 67
74 365
274 396
40 245
277 292
49 217
32 173
208 237
63 352
96 176
71 121
47 309
231 349
160 266
115 343
18 54
14 204
94 143
242 349
71 267
24 168
86 207
128 259
120 367
30 379
85 325
187 384
173 222
109 113
49 241
6 138
75 294
11 44
321 349
106 272
33 273
98 120
3 391
68 176
234 395
17 120
174 323
36 232
285 347
130 357
82 166
38 361
52 131
14 55
142 171
153 270
0 206
126 285
114 398
135 263
39 194
95 136
130 242
134 237
4 113
323 331
121 267
45 179
86 388
52 318
83 376
38 57
218 314
103 188
254 399
155 287
210 295
126 247
142 216
237 258
53 339
241 364
10 350
142 165
118 367
37 216
105 285
188 196
138 202
50 205
129 244
12 372
58 101
94 323
273 399
16 141
18 233
10 284
204 288
111 131
247 384
126 167
197 201
143 248
239 373
136 358
25 367
230 356
17 25
88 167
80 224
61 252
99 204
168 280
8 199
84 386
106 327
182 396
83 147
162 343
15 349
38 74
5 232
232 394
209 358
257 389
57 308
41 200
30 229
66 97
74 378
234 235
153 254
158 207
78 122
101 399
220 239
135 303
80 155
208 383
98 210
22 164
281 367
248 332
273 381
63 380
127 394
26 192
263 331
52 158
49 307
134 320
125 199
124 253
184 252
237 366
258 343
36 390
342 369
59 77
127 379
189 386
85 132
50 175
7 220
57 180
107 315
186 336
98 177
52 77
32 203
83 199
136 303
89 346
151 397
299 334
117 255
157 205
232 379
85 260
116 392
1 271
274 399
26 134
125 272
182 337
6 114
200 244
175 359
201 327
93 349
41 322
78 163
288 342
65 155
270 355
38 374
66 393
122 264
18 186
38 308
163 200
64 226
17 70
35 133
9 277
332 397
62 353
195 236
139 200
54 225
138 230
45 104
171 176
105 347
33 156
75 363
68 108
63 111
43 103
277 278
165 337
153 370
203 386
39 216
236 363
148 340
189 224
176 196
41 166
12 316
205 225
170 396
95 257
60 346
191 350
30 79
276 322
161 298
258 293
3 169
45 49
51 304
174 263
153 399
72 99
37 124
277 351
235 345
158 246
46 89
66 397
119 174
102 318
194 216
7 373
113 237
11 374
170 194
263 362
2 356
143 393
85 256
12 283
174 331
55 288
7 377
308 330
118 295
194 396
13 109
35 276
210 214
173 189
5 390
331 362
165 196
144 302
76 195
147 313
222 267
114 269
8 348
47 168
211 303
47 281
3 358
46 60
132 390
31 147
61 208
253 274
50 73
64 193
168 210
243 341
2 182
6 398
58 370
163 195
55 215
103 171
189 352
237 293
75 268
189 203
16 185
185 366
59 297
38 301
271 325
136 315
175 205
28 40
238 241
119 263
219 283
298 300
159 330
54 336
211 306
276 324
171 196
213 320
204 342
50 320
308 361
9 351
27 234
221 347
61 79
341 367
330 365
60 117
18 245
92 288
42 281
19 271
202 373
201 221
99 288
191 270
168 211
51 315
158 296
78 227
43 259
110 233
151 332
72 213
355 382
53 117
197 278
114 377
111 388
124 370
18 240
194 284
20 264
331 345
42 91
220 269
311 384
161 228
280 309
54 205
214 372
159 304
44 51
56 303
178 181
197 199
160 393
162 250
35 160
114 138
191 381
298 384
128 350
231 321
87 286
14 288
289 360
115 237
70 367
292 351
122 163
93 130
102 317
76 349
215 340
18 251
173 224
149 321
135 174
4 115
120 305
217 225
60 161
188 212
96 375
271 368
223 301
27 281
123 342
149 357
183 380
53 71
69 108
188 381
101 274
232 279
72 175
53 89
292 346
20 332
184 325
122 139
95 315
216 375
23 329
24 309
131 290
2 7
7 202
21 334
220 253
129 139
344 345
73 359
195 363
146 395
48 113
131 207
124 396
118 305
115 258
163 227
32 189
70 90
55 340
144 364
355 370
60 298
157 364
63 189
38 209
124 382
9 221
53 298
100 351
20 227
77 183
145 337
198 283
43 385
57 378
97 266
7 114
133 383
75 195
142 194
354 387
214 306
320 359
308 374
59 278
5 252
88 161
87 135
202 220
39 108
219 291
270 399
266 397
38 358
170 328
315 389
70 281
22 319
269 373
26 72
75 110
208 343
138 360
63 203
151 162
66 81
48 109
226 272
72 293
111 230
108 142
132 325
44 304
19 22
146 345
180 209
27 70
316 372
49 179
277 297
107 257
33 128
171 375
54 371
114 202
239 338
223 308
133 143
280 306
156 381
167 247
85 184
64 199
98
174
247
125
138
155
151
96
20
97
105
131
44
203
92
136
71
76
74
67
139
117
88
66
208
73
141
18
111
87
31
72
65
116
171
81
74
68
119
13
61
81
180
80
146
171
118
57
147
139
164
101
152
25
51
54
195
111
46
51
142
104
112
206
48
137
67
62
113
35
79
100
124
171
111
52
110
24
72
70
25
66
89
80
107
142
220
77
37
107
71
41
59
83
211
6
55
66
123
146
74
129
102
37
107
51
69
49
76
162
161
105
118
38
39
66
156
100
83
68
80
100
148
38
126
38
40
69
96
28
93
148
105
92
75
102
70
223
69
40
111
153
85
174
170
178
135
134
102
116
43
142
106
123
83
143
52
95
103
128
56
100
70
88
135
176
60
65
109
153
82
70
104
55
141
96
103
87
168
18
53
210
132
156
95
74
92
134
127
37
78
66
145
130
166
157
121
147
65
140
66
166
78
71
129
173
181
49
68
67
131
120
114
177
162
83
80
68
106
143
63
84
159
111
121
77
50
65
70
44
67
69
97
112
39
30
71
161
88
102
72
40
17
147
93
71
106
220
61
89
86
119
143
32
42
62
52
48
93
146
205
46
54
64
142
28
80
97
49
169
43
95
40
85
222
76
82
85
124
44
73
52
155
26
109
90
114
151
158
101
110
148
69
189
103
32
124
54
170
68
57
110
207
16
158
105
81
51
143
63
107
68
113
199
33
111
34
75
60
91
29
47
29
82
91
119
146
88
68
208
193
70
37
35
139
141
105
130
107
119
145
45
99
38
57
79
78
121
18
125
45
86
79
86
7
55
169
86
14
88
97
50
64
132
41
130
144
71
57
26
38
76
93
94
66
155
192
69
69
116
164
109
24
122
16
80
98
177
65
81
140
321
206
97
49
165
113
194
101
128
82
147
160
95
68
63
43
74
209
100
236
109
101
110
46
141
230
169
118
164
104
55
147
100
33
111
182
109
88
81
31
107
160
57
15
128
111
150
57
95
148
19
120
68
62
101
182
63
77
75
189
115
127
108
33
14
53
22
133
70
136
56
88
77
191
49
207
166
183
133
95
85
128
41
186
165
37
38
132
108
194
100
66
25
105
118
55
109
122
44
52
180
152
129
24
190
29
83
31
148
104
105
60
127
90
175
102
77
12
107
143
100
210
44
124
47
173
110
80
30
191
150
185
187
129
158
49
56
153
184
169
84
61
158
52
136
122
32
192
182
131
24
73
33
93
71
162
153
57
54
181
66
182
47
54
36
120
85
109
155
140
158
115
77
82
98
181
134
108
69
121
174
97
97
122
42
71
52
50
70
23
215
66
105
108
88
105
202
143
72
35
126
34
109
82
109
97
65
13
133
155
83
111
197
125
140
234
73
239
53
83
68
20
87
79
115
118
129
131
110
222
121
94
123
15
58
118
205
115
57
88
180
159
110
123
56
208
100
172
158
94
132
27
100
197
131
114
43
126
40
92
76
185
85
168
139
190
135
94
93
149
108
139
118
51
81
118
137
102
155
147
91
69
59
157
107
118
123
89
131
101
114
72
49
112
79
152
165
160
97
44
137
108
34
30
143
123
200
137
94
46
72
122
23
124
61
71
131
67
64
112
92
16
44
66
73
55
140
223
44
72
89
109
67
156
34
96
22
95
43
66
69
110
128
113
93
98
151
96
100
115
59
56
30
136
111
153
107
232
30
143
124
29
54
126
98
88
71
172
85
70
150
75
26
87
96
12
23
104
101
145
88
130
85
43
65
104
167
90
112
112
44
139
94
75
153
122
45
164
7
17
115
35
97
222
66
59
107
160
45
79
125
139
90
65
51
184
35
56
154
85
64
81
126
132
102
79
148
32
179
216
68
175
175
80
72
127
70
50
143
156
136
135
127
153
226
59
59
116
129
68
62
159
169
48
59
59
175
116
124
55
28
96
27
38
111
122
89
140
117
107
36
173
103
83
158
71
131
131
160
111
78
204
100
60
126
83
66
139
54
178
65
128
92
119
188
13
12
55
68
61
126
141
41
113
89
76
90
182
149
92
201
66
88
106
88
100
104
100
139
82
103
135
96
59
167
106
68
57
133
180
112
147
159
59
73
83
121
86
52
109
268
81
139
74
180
100
44
33
65
46
106
21
112
114
94
146
96
96
106
188
96
170
66
35
113
78
97
207
104
42
109
125
87
185
102
179
105
128
24
85
146
37
188
96
104
40
165
69
133
95
98
146
29
58
67
79
81
123
76
109
176
99
188
63
128
68
37
67
87
98
87
139
106
74
192
103
84
82
75
37
51
150
130
72
57
116
94
146
93
44
88
33
125
101
28
127
110
55
97
63
156
89
87
60
250
153
72
148
95
55
148
111
84
132
65
76
61
25
82
84
158
14
103
56
20
113
69
59
74
125
24
73
119
76
119
29
115
245
19
135
140
80
206
138
7
83
40
65
88
41
117
174
126
63
53
106
31
56
76
107
50
111
106
58
78
49
72
68
94
37
29
49
117
148
70
91
74
91
174
83
37
193
21
240
93
154
127
116
72
73
133
109
47
129
46
85
207
135
110
70
151
45
159
168
124
112
86
106
70
138
130
147
65
61
162
127
48
49
115
74
188
74
96
115
94
131
89
167
142
142
229
224
102
147
122
147
40
181
70
124
210
94
106
188
75
124
59
170
74
193
87
131
175
41
59
144
32
162
62
95
156
70
53
19
76
62
130
55
39
72
228
88
164
86
52
125
147
21
54
28
44
63
126
111
40
78
80
118
92
138
240
40
60
113
99
159
138
110
86
130
38
53
240
53
161
63
97
145
39
25
124
52
58
98
33
111
132
77
108
58
46
44
205
57
106
67
87
103
35
107
77
64
188
81
86
17
184
205
99
105
149
74
122
163
136
175
110
19
114
80
124
95
74
123
69
167
168
74
162
111
132
125
161
81
150
158
44
29
93
135
93
170
147
95
130
67
212
73
12
116
107
144
86
207
128
31
197
104
159
13
22
117
75
137
103
79
132
133
184
60
36
116
108
133
111
118
72
116
35
119
179
68
129
57
218
75
94
69
132
10
12
158
97
153
40
33
65
95
63
159
123
69
105
78
50
130
168
178
134
78
147
181
56
148
93
47
67
77
91
145
157
81
46
134
177
70
186
87
104
20
57
108
85
190
128
138
118
183
160
103
147
89
206
85
114
98
81
85
155
112
79
86
52
30
107
85
134
51
31
47
84
82
88
66
67
83
107
92
135
70
90
70
115
105
172
170
100
63
69
73
50
111
25
100
74
84
207
143
100
58
51
35
141
129
117
76
162
59
21
55
64
24
81
55
147
132
35
196
160
11
17
39
71
38
161
177
72
80
80
62
191
101
103
65
89
17
94
135
34
197
88
149
104
155
66
130
61
197
84
116
102
59
56
157
64
32
154
84
108
74
193
143
88
57
131
77
204
53
43
164
74
130
120
144
116
54
117
61
80
68
80
99
218
82
76
72
147
68
41
82
40
141
146
131
43
42
125
24
69
204
96
183
137
112
95
93
50
43
162
35
104
28
89
69
171
152
171
69
80
28
141
128
73
107
129
91
145
63
55
61
46
129
145
81
201
119
94
117
104
95
151
89
27
139
17
86
107
21
123
73
17
109
108
89
179
98
20
148
154
83
118
46
22
65
77
52
67
139
122
136
168
118
55
190
188
93
153
111
155
45
93
83
116
81
142
67
114
119
105
21
68
99
55
83
164
99
150
117
159
139
119
128
63
96
168
101
47
21
232
48
187
71
190
141
87
40
73
108
69
23
52
103
192
57
126
80
70
165
59
48
203
92
56
48
75
124
174
26
152
90
70
151
88
36
211
75
199
149
205
146
157
202
27
33
136
47
164
123
144
58
106
23
41
102
132
42
71
88
149
106
152
69
94
60
109
175
120
73
106
63
146
108
230
74
49
45
100
150
99
84
45
143
49
59
72
134
144
65
150
30
125
88
125
98
42
124
84
228
177
88
31
61
110
132
111
92
102
124
108
103
146
122
53
99
61
30
47
171
84
148
36
61
184
94
75
41
120
42
63
120
88
105
151
18
87
160
136
186
83
61
143
118
71
39
100
85
64
99
144
146
75
70
116
103
65
105
26
73
60
94
151
167
232
65
38
115
76
84
100
154
111
89
8
55
68
157
139
14
88
65
50
105
128
100
84
146
155
117
30
157
162
94
76
89
123
98
222
223
128
37
85
126
146
63
104
73
53
50
128
134
112
136
74
34
189
88
96
67
93
217
152
169
76
131
122
129
34
171
78
115
148
127
42
76
125
67
54
13
150
71
177
47
109
59
93
166
90
48
32
107
86
25
34
78
57
53
68
52
102
31
118
90
137
64
102
84
166
119
74
70
69
58
12
127
127
80
145
112
145
57
60
96
29
140
86
146
130
50
139
55
180
46
98
112
111
192
94
80
197
192
68
110
85
48
33
110
84
69
43
206
81
42
143
96
165
134
91
48
161
99
206
81
171
150
26
63
91
98
71
90
131
69
75
56
