39 122
727 475
301 497
547 399
345 339
318 191
278 243
0 549
581 89
191 208
586 795
404 203
790 344
137 124
369 779
605 391
647 193
667 297
533 594
201 541
283 417
701 444
344 472
692 378
457 53
529 315
563 608
160 180
775 652
128 49
337 294
584 296
382 510
606 292
141 200
331 703
345 623
164 775
769 74
287 564
319 532
721 736
512 397
648 478
777 625
215 429
92 4
383 340
633 735
517 240
240 664
301 563
9 68
436 13
571 26
594 780
340 672
134 588
473 187
246 682
449 420
129 320
258 177
33 602
454 215
127 401
349 434
758 668
524 562
236 346
114 274
542 273
202 62
514 759
23 653
794 529
750 120
645 780
67 422
399 39
36 533
501 716
763 28
393 102
103 774
192 283
680 227
630 777
369 392
14 654
705 257
700 309
149 617
625 454
795 764
73 388
145 171
356 449
541 173
603 78
693 518
681 85
31 663
487 149
100 456
278 439
608 538
454 505
308 618
225 6
210 570
471 795
264 178
440 209
278 509
195 143
600 219
68 249
279 501
139 337
151 446
542 222
738 286
177 18
43 188
525 796
10 173
237 699
196 251
689 359
774 177
366 209
179 792
229 69
89 385
192 1
555 346
373 156
206 619
147 50
330 596
568 674
576 621
419 166
491 52
245 41
356 295
800 320
176 286
380 767
709 351
208 551
627 299
747 484
103 650
520 38
328 33
527 173
531 741
58 6
4 658
564 361
97 76
517 409
87 720
343 57
691 48
669 603
85 408
365 155
509 361
611 98
24 647
798 167
275 100
148 434
349 680
111 21
14 607
444 529
483 536
180 326
471 404
117 204
410 72
388 279
480 731
141 412
388 714
107 55
141 236
737 325
277 178
432 715
123 487
59 764
573 644
431 467
594 604
473 279
50 608
625 222
376 399
103 314
31 486
621 38
283 298
575 612
460 89
648 753
664 101
150 287
392 482
142 72
227 267
571 731
84 328
277 362
199 333
66 628
178 173
470 438
385 382
739 342
197 483
277 91
695 666
319 20
587 438
712 742
301 332
17 348
163 577
618 435
352 302
566 136
432 205
315 706
795 402
661 395
56 604
451 703
653 165
420 605
553 210
469 558
749 105
21 11
330 548
392 523
402 27
796 201
69 373
330 607
186 126
604 770
65 568
26 253
19 520
347 659
101 282
610 768
731 765
452 696
422 448
434 733
440 499
429 0
665 228
647 720
675 154
562 115
3 223
161 157
49 536
584 692
88 656
265 782
174 47
651 365
141 649
559 4
528 615
274 505
541 401
733 446
129 587
50 735
218 540
399 22
332 254
76 171
652 586
301 230
747 539
568 390
175 734
360 236
535 174
732 548
756 250
470 241
571 479
415 73
371 688
727 627
697 553
413 336
283 760
265 141
739 481
759 515
513 454
569 720
157 10
211 303
317 612
554 649
187 419
580 72
171 427
412 364
313 217
28 17
756 487
621 695
531 462
751 54
640 610
574 229
333 346
178 680
518 230
783 738
255 651
322 565
57 641
106 376
222 556
245 745
12 336
505 516
624 782
81 45
308 592
669 136
569 709
755 132
156 580
797 641
341 412
558 247
563 774
368 88
255 471
94 576
582 117
244 184
198 522
87 61
791 680
113 320
571 440
72 765
534 699
534 360
287 509
163 593
766 612
37 450
294 650
653 298
480 797
38 363
655 511
348 164
452 682
700 129
643 54
626 332
385 603
501 316
440 556
582 537
733 795
773 243
758 597
376 441
325 750
715 62
146 798
93 297
113 764
365 602
35 776
576 482
769 293
287 749
235 278
442 18
110 358
5 309
115 357
210 319
42 161
215 346
131 236
84 164
159 343
140 380
27 34
220 254
40 344
7 178
96 115
275 325
318 320
262 269
108 370
56 176
99 205
9 128
49 157
5 297
256 274
256 258
142 317
162 343
107 382
32 387
163 284
33 351
182 312
10 77
299 305
206 398
125 186
138 232
214 218
18 180
89 172
29 177
133 254
151 288
92 348
186 364
141 313
147 396
174 309
201 268
245 266
112 293
148 315
305 349
333 384
72 139
223 396
13 27
170 284
117 124
138 338
97 264
24 53
47 230
215 364
25 351
66 105
5 357
71 244
202 264
152 371
71 332
206 234
117 126
28 67
13 220
182 284
12 147
250 289
242 270
132 339
53 184
69 218
294 386
95 104
228 395
145 227
23 285
46 343
131 322
123 145
18 196
43 395
178 256
70 391
257 340
194 224
135 278
349 368
68 180
216 373
202 330
180 266
64 236
56 304
242 377
270 345
365 381
306 386
5 112
137 236
285 324
89 200
40 283
317 364
294 306
92 154
98 103
210 242
75 299
167 226
14 397
104 320
116 242
39 110
261 269
116 121
95 187
17 371
240 276
13 34
77 261
136 295
150 371
79 83
115 309
130 385
149 265
82 246
129 239
3 163
21 153
127 237
50 127
141 346
167 305
48 255
108 140
93 395
101 166
3 170
72 135
130 300
16 377
144 303
285 311
96 183
333 360
374 383
129 191
142 198
19 338
240 256
155 319
85 218
112 309
226 269
242 345
59 296
205 378
168 337
68 341
18 68
73 111
30 330
35 308
232 338
71 351
44 67
55 87
294 310
162 213
15 239
29 189
13 213
177 278
313 364
70 183
120 320
63 80
84 296
58 298
294 311
218 398
142 275
190 260
141 142
151 232
123 213
271 319
83 353
79 208
117 257
8 205
23 91
286 367
207 383
75 310
303 353
57 286
110 151
182 264
221 266
23 191
66 350
69 398
48 342
230 330
138 348
156 250
289 303
100 299
26 383
258 274
41 48
17 379
95 340
228 284
241 263
42 365
101 171
158 275
6 192
302 326
140 344
200 355
44 305
298 329
122 300
223 238
84 195
211 315
252 373
179 382
271 298
76 389
172 200
235 298
134 337
156 227
25 170
34 273
142 282
36 344
188 265
302 395
44 294
24 303
257 391
167 299
114 118
131 293
176 259
90 396
146 230
42 221
92 367
259 380
302 312
188 376
1 374
122 223
125 372
17 150
63 336
16 242
1 311
119 391
23 239
61 70
47 185
171 235
170 182
111 186
48 77
215 255
225 309
62 174
15 379
96 190
128 211
51 108
4 234
255 261
27 273
137 375
98 329
15 93
170 381
29 343
6 290
36 253
120 187
196 346
11 137
59 127
4 330
29 359
323 343
171 378
177 323
305 368
168 252
17 129
136 365
280 367
88 387
178 200
299 324
268 371
77 255
134 252
242 268
257 260
63 256
280 331
104 187
198 282
101 377
9 27
322 375
94 262
326 362
270 347
22 212
209 384
5 375
224 318
172 178
75 324
13 291
165 289
193 265
183 273
263 376
149 188
193 304
88 330
262 384
23 129
35 397
119 361
123 139
222 321
16 201
177 213
163 326
62 322
85 148
335 393
72 123
25 199
13 162
140 393
70 148
99 210
178 336
32 248
175 320
131 297
251 347
165 174
204 274
189 314
9 357
36 243
35 370
173 246
266 382
91 223
76 173
281 319
83 143
164 195
35 36
253 380
51 283
265 372
192 309
146 297
123 278
23 150
316 335
175 224
135 145
13 115
299 306
48 325
198 328
35 176
177 359
233 362
81 376
22 32
100 324
97 212
368 386
83 169
58 64
156 289
96 273
181 218
101 327
206 293
61 211
111 193
63 240
8 378
56 316
109 135
86 90
95 168
166 210
107 197
99 101
83 165
89 102
50 138
122 191
154 331
66 212
31 329
99 271
18 142
218 315
100 294
361 391
123 133
151 358
189 359
329 351
186 263
39 108
224 320
96 220
22 40
293 322
65 320
55 255
77 229
206 230
319 378
36 370
93 239
64 113
8 356
41 333
252 361
36 380
3 136
27 183
95 252
83 303
229 333
87 209
203 260
1 324
284 365
335 344
313 317
49 71
189 278
195 392
71 121
9 273
209 229
59 397
145 174
23 279
98 244
215 313
74 200
378 389
20 105
116 351
151 367
115 220
76 377
101 345
203 361
120 168
99 235
141 364
72 109
25 381
267 399
39 316
45 120
79 165
1 100
233 279
41 226
174 225
44 386
128 181
77 352
212 266
55 342
153 294
61 181
91 396
99 356
42 163
276 280
80 369
106 198
253 259
63 172
39 338
213 254
171 210
22 350
31 33
190 211
3 362
96 254
256 355
287 394
67 305
64 199
309 357
46 189
101 270
39 335
90 122
18 207
61 218
169 375
61 119
11 131
33 152
240 274
10 215
61 85
219 336
24 399
163 170
110 138
61 361
176 388
106 383
192 357
139 162
188 241
3 284
45 187
132 392
13 273
214 398
56 237
16 86
216 391
120 194
60 321
147 223
43 374
32 212
155 208
164 276
182 321
119 203
98 271
259 316
310 324
40 335
90 91
154 336
133 145
287 363
28 386
219 256
171 205
213 278
28 305
36 140
36 393
111 265
136 284
33 379
78 95
275 346
244 298
124 272
276 336
47 202
206 217
166 377
26 141
54 319
306 374
48 275
221 264
67 333
145 225
26 196
204 258
8 99
299 386
65 337
38 76
172 240
286 355
277 308
117 190
25 71
40 51
110 338
72 133
222 350
343 359
245 341
232 367
76 251
307 321
86 201
104 175
48 55
215 352
2 118
127 397
107 264
284 362
185 234
231 373
81 241
212 249
211 361
294 368
13 96
22 387
150 191
102 200
141 325
275 317
73 372
4 230
251 385
50 339
91 129
140 253
127 334
308 388
109 123
241 304
224 288
47 330
19 224
296 390
106 292
148 181
79 353
63 160
158 372
0 52
169 297
146 290
37 84
64 332
158 215
237 259
152 279
70 216
200 219
275 364
67 229
49 244
5 131
102 287
10 352
51 335
38 389
2 105
217 330
226 229
184 208
146 185
253 393
298 356
130 251
238 324
76 101
159 177
134 373
66 88
80 274
2 248
107 221
113 301
313 352
17 152
87 255
284 312
108 334
94 384
98 121
39 344
248 249
37 392
153 311
4 30
8 319
41 67
196 282
61 148
80 355
21 239
65 78
102 276
31 161
77 342
136 161
47 307
168 373
88 321
178 240
79 289
165 227
106 395
44 299
190 273
95 337
73 125
210 378
227 289
54 205
339 390
157 235
246 327
132 277
297 322
117 391
330 350
203 216
32 249
240 355
347 389
114 354
7 274
139 343
66 222
53 399
73 158
2 354
185 297
118 354
102 240
39 366
316 334
244 332
127 339
127 370
161 379
69 181
70 203
222 307
79 227
79 399
6 293
205 281
45 318
244 351
181 361
65 104
191 396
299 368
346 364
51 140
290 322
169 353
117 260
31 379
36 304
3 15
97 202
186 193
31 371
40 140
130 347
187 337
165 303
57 367
92 286
23 223
30 293
69 206
36 108
21 324
17 90
245 382
67 368
107 212
56 259
60 264
154 276
248 366
70 117
0 291
14 265
38 82
76 246
68 383
244 329
175 194
229 384
261 342
56 188
265 304
121 332
197 221
300 385
46 359
44 368
201 242
10 125
234 297
188 388
83 208
81 193
145 278
71 329
53 267
87 269
43 93
21 285
141 317
176 370
110 348
138 367
99 171
363 392
232 288
56 108
354 366
11 169
35 237
73 364
248 253
210 270
52 247
40 248
46 247
61 337
392 394
253 370
4 185
84 287
52 343
30 297
117 183
138 334
38 347
210 345
102 195
74 178
226 328
306 311
226 305
45 354
235 356
42 182
180 245
114 366
60 312
33 71
284 326
77 269
256 286
34 128
248 335
18 26
13 189
33 371
126 257
121 351
154 200
76 270
24 250
50 370
108 344
105 114
348 355
138 151
86 242
211 260
40 366
135 314
380 393
58 157
155 399
142 328
19 358
0 359
27 190
132 296
7 80
10 261
164 392
280 348
157 298
49 64
149 193
73 81
157 332
39 51
153 299
17 191
215 261
246 377
49 332
274 355
49 329
97 350
166 246
220 357
94 333
305 386
38 246
312 395
122 396
10 87
349 386
104 369
315 398
113 236
107 341
279 371
180 197
63 178
222 330
91 191
85 398
46 177
29 139
108 335
251 300
325 346
144 399
237 388
95 134
15 295
4 146
239 379
85 190
46 162
202 321
262 333
34 190
289 353
193 376
87 352
235 271
1 294
58 143
112 192
75 368
89 160
192 375
90 385
27 96
153 324
5 169
131 169
103 143
165 184
39 253
92 232
201 329
313 325
86 300
86 270
78 369
129 150
78 252
31 71
160 172
172 219
75 311
228 302
127 308
15 136
327 377
29 123
72 145
318 354
149 388
220 273
13 139
176 188
127 277
98 298
288 338
57 348
181 315
91 279
269 325
115 273
52 126
6 214
311 386
28 333
5 322
5 6
294 324
4 217
96 291
9 115
74 160
271 356
28 368
235 319
65 134
142 196
229 262
179 266
85 128
311 324
168 187
25 136
76 130
195 390
65 252
51 118
148 398
141 282
5 137
8 235
302 341
52 359
83 184
259 304
31 152
188 259
6 206
198 207
23 379
316 393
246 347
186 265
388 397
184 267
76 345
110 288
15 233
12 238
237 308
102 164
211 218
158 352
131 137
41 262
213 314
54 281
243 382
154 219
36 316
58 103
158 313
334 370
45 320
126 291
224 358
292 306
100 374
232 358
167 306
0 162
5 293
54 99
85 211
202 350
34 220
91 371
161 365
0 126
75 294
79 303
128 148
7 204
206 330
209 342
5 290
119 211
78 204
102 336
171 356
1 153
27 220
98 157
88 350
74 172
255 342
2 51
26 68
108 316
11 297
210 389
91 122
136 170
82 327
323 359
6 112
108 253
10 342
4 307
150 223
249 382
62 309
207 328
308 397
20 45
197 212
116 201
122 150
234 290
186 241
133 225
89 178
288 358
312 326
223 279
260 361
60 221
179 249
363 390
232 348
134 231
200 276
141 196
152 379
141 275
180 341
17 91
72 278
63 274
70 211
146 234
3 326
212 264
125 352
122 385
44 360
158 346
79 250
69 230
57 355
15 362
298 332
64 301
283 354
42 60
1 310
205 319
173 251
188 263
105 350
296 392
91 152
11 113
172 336
130 246
80 256
338 367
144 208
81 186
144 281
36 56
66 387
144 155
84 392
49 199
134 216
253 316
151 338
57 232
108 393
105 118
150 279
268 270
71 199
148 211
249 266
26 198
109 133
12 122
116 268
103 298
19 348
237 370
151 224
9 190
183 190
196 317
81 263
40 114
62 293
29 314
99 378
253 335
61 203
177 343
39 114
147 191
183 291
14 188
70 190
154 280
72 314
73 186
121 329
21 93
75 153
59 334
202 387
231 252
7 258
114 283
113 143
121 244
216 337
166 378
285 310
78 134
8 155
28 349
164 394
98 235
177 314
167 328
345 377
63 74
337 361
171 271
63 355
153 285
58 121
198 292
116 244
45 175
221 326
45 224
282 317
74 336
4 222
235 244
58 236
43 100
202 222
74 219
81 158
208 399
149 304
11 143
178 219
53 250
221 312
286 348
34 291
326 341
137 353
237 397
228 326
77 384
70 361
165 250
300 396
2 283
16 270
63 89
81 364
4 202
154 164
247 343
0 343
95 373
50 108
238 285
167 198
317 346
179 212
39 248
9 96
55 158
87 342
191 223
163 182
94 360
68 282
301 332
295 365
348 358
109 314
119 148
24 79
32 266
65 175
86 371
163 221
216 231
24 155
7 63
264 387
55 209
217 230
147 300
20 217
49 301
47 222
51 253
110 232
209 262
199 332
132 390
219 276
40 118
21 310
38 166
104 134
2 97
64 143
56 370
213 359
41 384
172 276
92 355
119 337
16 268
200 256
206 214
187 320
278 314
233 302
41 209
73 313
78 104
78 373
2 114
198 383
37 339
164 287
308 339
42 284
158 186
129 223
34 183
86 268
26 207
208 303
302 383
212 387
216 361
53 144
247 359
146 307
53 289
199 301
119 134
176 237
121 298
156 225
26 282
133 174
264 266
344 370
163 362
11 58
9 214
62 192
215 275
3 295
90 300
339 388
19 367
371 379
46 159
160 336
83 137
93 233
143 236
127 331
203 211
30 290
377 389
277 397
49 121
61 391
25 161
156 353
34 96
54 155
331 392
60 197
166 327
279 379
187 194
15 228
209 255
54 171
27 115
204 369
108 259
29 46
128 315
303 399
159 189
230 234
70 260
185 307
117 272
182 221
24 289
65 187
6 357
385 396
158 364
390 392
50 59
47 146
10 55
47 234
171 319
354 358
120 224
37 296
106 302
39 118
41 229
126 272
21 43
168 369
111 372
147 385
4 88
252 340
259 370
100 306
198 317
188 304
296 331
193 263
14 35
81 265
37 390
55 125
35 304
73 215
287 392
17 86
167 292
100 310
74 240
32 179
51 248
68 207
54 378
25 49
200 240
295 362
250 303
35 388
162 189
35 188
24 83
35 259
82 166
310 311
59 237
11 64
49 351
216 340
329 332
219 355
17 122
312 362
28 226
80 258
196 207
11 375
67 349
243 380
63 200
1 285
294 299
166 205
25 365
92 280
11 301
12 396
25 31
15 161
20 354
148 190
39 40
258 369
332 351
124 183
60 163
29 213
18 282
88 307
241 265
100 292
380 382
188 193
120 175
21 23
293 297
129 379
233 295
117 291
232 286
71 381
383 395
61 216
160 178
90 268
228 295
49 298
93 302
65 120
55 352
1 21
15 279
127 296
179 197
72 254
88 222
33 201
85 214
106 374
163 295
219 240
51 366
139 314
16 116
187 318
327 347
161 284
174 192
159 247
51 316
58 113
153 310
130 173
197 387
184 289
121 301
68 245
102 219
48 87
260 391
164 390
90 371
32 40
255 313
184 353
43 106
24 184
3 42
125 158
78 337
4 47
255 352
210 377
48 261
292 374
305 360
176 304
183 220
24 267
1 299
107 179
197 264
12 191
232 355
254 273
200 336
154 240
203 252
103 113
193 241
87 261
263 265
98 356
134 187
257 272
42 170
263 304
197 266
95 216
38 327
168 175
191 300
350 387
162 359
14 388
77 209
166 389
47 88
43 233
107 249
77 87
105 283
216 260
77 262
57 154
107 266
206 315
326 395
31 136
319 356
103 208
139 189
123 314
305 306
146 330
349 360
107 245
109 278
53 303
50 331
61 260
85 181
85 315
131 143
29 162
53 79
34 124
18 245
95 231
234 307
93 362
184 303
203 337
79 267
333 349
3 228
299 311
92 331
62 115
155 281
17 279
327 389
241 376
37 363
59 331
17 33
105 354
214 315
338 358
195 287
296 363
240 336
42 136
119 181
76 347
55 77
2 366
118 366
148 214
72 213
84 363
267 289
57 92
196 328
280 286
360 368
177 189
13 254
138 331
30 146
39 140
156 165
340 373
42 295
82 389
93 374
19 151
80 240
1 43
76 327
133 278
124 257
74 102
110 367
22 97
69 315
222 387
179 245
122 147
141 207
38 377
59 370
30 185
196 198
179 341
134 361
27 254
312 341
236 301
103 157
46 314
192 322
3 312
59 339
91 150
65 318
15 365
250 353
18 198
151 348
89 336
135 139
207 317
0 272
210 246
36 259
239 279
51 114
129 279
131 185
283 366
143 169
266 341
45 105
180 382
66 97
5 192
139 359
74 287
26 317
58 301
139 177
106 328
186 376
6 62
362 395
246 389
237 304
100 311
32 97
252 337
302 362
316 344
57 280
37 164
8 54
346 352
101 210
99 319
275 313
69 217
233 239
137 169
104 168
118 283
84 394
231 340
171 242
170 365
175 187
36 176
119 218
79 184
109 145
209 261
107 180
228 362
66 202
272 291
283 288
41 94
65 168
186 372
98 332
141 215
112 322
12 150
157 244
89 219
74 89
30 47
147 238
24 208
84 390
184 250
28 44
142 207
28 360
58 332
26 142
153 306
139 278
250 267
83 250
90 191
164 363
247 323
29 278
148 218
9 34
24 144
101 378
104 120
9 220
55 261
292 328
152 201
270 377
224 354
47 321
179 180
30 206
143 375
79 156
277 339
284 295
184 399
11 236
19 288
161 381
189 343
162 177
3 365
115 254
185 290
128 398
62 357
205 210
313 346
19 110
159 323
206 290
116 329
62 112
150 239
195 363
22 66
192 293
6 398
297 375
75 386
139 213
67 226
48 269
44 349
30 230
0 124
131 290
175 318
140 248
80 204
50 334
228 233
119 216
92 138
196 364
363 394
195 394
73 352
67 360
30 234
33 329
27 128
10 255
88 97
113 131
243 393
265 376
213 343
37 132
120 318
140 316
211 391
209 269
243 245
101 205
134 168
189 213
39 283
196 275
289 399
112 357
342 352
173 385
123 177
299 310
250 399
32 197
163 365
22 366
123 135
17 223
181 211
161 295
8 171
84 132
16 329
14 149
2 22
3 161
111 125
19 232
316 370
137 143
201 351
269 342
63 219
129 371
229 269
33 116
348 367
63 258
52 323
18 317
102 160
165 225
344 393
199 381
88 202
12 223
95 369
31 351
67 386
136 381
51 344
170 295
131 375
237 339
296 339
261 352
102 172
215 325
7 256
100 153
97 387
17 268
65 95
60 182
6 322
121 157
42 312
173 347
128 190
41 269
165 353
16 345
159 359
128 214
8 271
140 335
55 215
201 244
35 56
124 291
2 40
234 330
29 72
216 252
203 391
20 350
233 395
108 176
101 389
290 297
5 62
163 312
46 323
290 293
124 126
81 313
93 228
48 209
65 119
101 246
161 170
171 345
207 282
277 388
104 194
78 168
347 377
253 344
339 397
248 344
20 66
111
217
123
169
169
44
103
156
51
60
30
100
135
146
164
79
20
190
73
29
95
106
149
177
102
184
108
104
75
122
39
84
129
77
235
76
79
178
195
132
12
53
141
16
47
129
117
61
79
54
124
121
88
114
114
81
97
69
129
141
121
164
122
128
129
91
124
111
149
139
56
142
102
209
42
146
80
69
10
42
171
157
117
115
135
57
187
226
44
123
124
88
173
109
71
153
194
142
69
55
103
174
157
39
74
124
53
56
82
92
168
107
155
85
79
133
156
66
127
179
193
182
141
98
79
73
118
74
33
94
181
105
119
219
131
96
131
123
120
65
70
148
211
63
83
186
72
52
166
59
83
136
170
104
188
163
115
141
110
117
57
44
59
97
98
43
159
33
131
37
88
147
42
151
116
209
146
37
104
74
143
131
63
23
106
184
49
95
39
87
140
187
53
81
148
176
54
77
186
90
83
236
118
83
80
41
191
109
57
8
55
78
170
127
67
119
138
91
100
160
57
96
114
51
168
100
196
147
19
82
149
115
191
54
64
160
94
68
110
149
124
75
59
72
104
172
85
110
55
24
93
74
129
119
148
14
180
75
135
158
10
161
52
103
185
141
48
74
72
193
159
164
122
115
50
39
122
146
52
114
180
164
143
72
135
76
87
161
185
98
122
138
40
14
62
38
119
67
81
95
160
46
101
70
140
38
30
108
65
76
181
86
86
72
26
75
108
40
185
194
106
24
186
102
114
56
63
158
133
119
183
143
132
151
127
210
113
148
99
60
153
114
22
109
17
94
89
104
45
44
171
46
131
69
101
178
74
112
41
117
55
162
153
75
149
164
152
167
62
67
93
156
139
107
151
193
177
134
117
109
140
146
116
91
152
164
153
85
113
77
57
72
55
158
177
183
95
71
50
52
79
52
63
146
119
80
43
178
92
182
54
57
195
123
90
226
69
180
68
85
77
55
177
106
140
75
47
85
117
214
88
76
110
120
67
86
79
205
86
63
36
47
115
115
36
189
43
60
35
171
106
111
70
146
16
39
165
125
125
140
75
29
49
117
31
72
45
119
70
198
104
97
86
53
72
111
145
70
57
96
24
136
124
38
86
118
64
94
109
15
191
102
54
139
55
39
63
197
175
93
209
80
21
77
223
108
62
86
99
128
136
53
16
72
211
161
157
125
107
179
141
88
55
151
68
164
76
50
143
96
117
69
118
43
104
64
180
27
43
72
27
139
133
86
27
104
126
61
17
210
75
54
134
176
7
204
89
101
21
77
87
78
64
87
66
48
66
225
156
197
58
121
150
33
90
74
136
89
78
76
96
122
106
141
68
77
181
125
81
82
58
67
74
62
175
179
113
74
115
97
183
111
172
128
54
91
42
112
53
59
115
60
42
156
46
77
20
41
130
47
132
23
113
52
159
96
86
93
58
168
69
106
105
27
85
57
119
132
96
103
100
174
93
153
60
96
73
128
145
20
145
59
56
131
87
72
174
121
181
100
100
177
156
104
177
78
155
137
62
149
112
118
43
105
157
59
147
105
81
55
68
78
78
165
140
76
58
199
71
116
192
103
105
115
31
137
140
116
89
74
44
124
167
112
140
74
157
70
94
116
28
106
74
77
74
75
168
73
118
47
28
79
187
147
108
33
90
128
208
146
88
79
118
169
85
321
76
52
115
80
135
112
52
42
61
147
117
147
77
162
13
69
131
68
66
179
59
133
84
89
77
84
104
104
64
240
112
78
162
36
93
80
164
75
136
98
50
66
77
126
64
80
76
110
124
150
99
124
144
102
78
71
79
149
88
110
79
163
77
98
67
30
72
29
132
57
90
80
137
22
99
53
77
65
26
140
105
26
54
30
168
42
91
139
74
180
150
103
171
131
34
148
60
95
84
116
164
124
35
80
150
67
84
186
38
162
165
131
114
27
146
162
130
167
179
92
195
161
184
133
63
85
247
92
154
123
66
130
39
69
59
22
208
109
134
142
182
144
29
42
205
125
82
67
73
188
176
76
65
105
78
107
202
138
95
103
60
107
231
184
54
143
138
156
40
78
128
190
20
183
89
71
122
28
96
209
75
150
13
61
120
85
96
83
43
54
83
189
51
132
106
189
87
15
91
80
104
31
112
81
79
51
40
82
171
148
145
80
23
107
46
149
184
160
137
122
72
172
60
167
54
173
166
22
190
31
154
77
50
14
129
160
162
119
130
111
145
126
182
129
64
60
53
61
65
80
81
99
94
100
243
152
121
224
128
49
91
145
227
12
23
47
101
139
47
43
248
162
223
211
48
145
139
180
80
108
31
56
115
192
59
53
78
47
55
83
72
46
112
101
173
174
161
190
153
117
148
178
34
82
107
122
130
29
95
140
45
69
85
97
104
82
100
129
156
111
129
97
59
86
153
31
107
104
59
99
87
105
84
102
75
116
97
148
130
217
48
125
88
60
112
64
39
90
50
68
110
130
85
43
97
137
83
95
51
60
56
24
42
7
40
110
95
31
98
93
119
106
43
172
181
58
108
76
86
125
72
172
28
107
99
66
179
116
101
133
134
57
26
106
69
63
68
170
17
120
93
56
92
40
83
75
39
87
71
23
122
129
92
146
65
67
20
73
44
135
154
70
108
158
37
96
55
95
206
108
197
101
92
183
68
172
53
26
92
100
56
90
40
71
75
22
28
88
101
174
89
91
159
44
142
71
108
112
98
72
75
65
88
118
44
50
60
54
121
59
140
97
50
55
108
174
87
169
74
44
199
130
37
192
68
54
73
162
38
11
109
47
63
130
51
81
176
47
120
68
68
69
40
65
151
124
175
108
124
180
48
136
107
65
79
76
63
75
127
61
23
92
71
83
93
70
116
47
88
59
104
65
199
64
96
218
54
193
46
54
82
142
59
97
195
170
111
80
238
182
218
84
193
49
91
79
11
40
98
156
153
137
54
125
88
174
66
96
61
165
140
81
158
178
50
108
85
143
133
53
58
88
93
229
169
57
64
60
99
169
99
82
81
147
93
121
75
78
94
82
95
135
59
91
142
223
78
78
147
64
70
192
106
66
87
87
62
35
25
34
112
148
98
34
171
136
73
89
56
166
68
83
169
54
98
104
101
97
85
171
35
60
35
94
232
187
117
73
58
119
22
48
91
160
108
189
108
60
55
61
166
56
154
303
123
91
106
220
111
106
105
72
107
148
117
141
100
196
153
30
82
161
87
154
37
171
105
113
97
37
103
38
66
117
90
170
71
75
123
25
66
108
184
26
170
75
169
74
99
69
93
157
55
224
83
86
129
109
141
200
85
44
84
114
132
86
206
94
167
8
116
119
78
58
124
172
73
83
89
191
97
80
78
92
76
154
122
167
32
80
108
128
74
46
31
22
106
66
74
108
82
132
127
181
174
105
123
85
105
164
73
34
149
44
188
186
66
12
106
133
145
153
143
49
142
151
133
62
53
134
158
62
73
57
81
71
105
70
196
57
211
93
59
93
59
81
64
96
71
179
66
164
54
116
50
27
56
141
58
100
146
52
67
39
275
144
106
146
89
130
119
98
163
144
50
100
57
96
128
175
48
87
126
180
42
25
81
181
47
86
118
164
116
39
43
78
149
99
77
61
207
50
109
30
80
109
91
48
63
30
56
152
102
185
37
115
57
175
109
15
178
134
93
78
130
54
34
190
67
68
81
80
180
69
139
101
63
142
53
50
128
197
81
100
89
13
174
146
290
159
111
117
101
96
163
75
28
170
189
94
51
76
46
88
316
108
137
120
33
55
40
21
155
99
33
93
35
163
182
125
55
147
95
49
66
32
55
63
95
121
30
201
104
153
119
154
28
146
32
79
109
96
195
90
105
127
116
116
184
200
144
187
109
111
140
68
175
183
98
151
175
110
128
139
127
69
91
206
115
45
37
72
78
219
35
103
151
97
84
19
78
85
198
64
91
87
138
93
106
113
118
160
155
144
48
40
52
141
187
119
97
47
71
71
56
125
18
67
11
76
36
112
54
46
158
65
88
106
88
60
30
71
198
107
197
121
139
177
129
178
188
99
58
15
115
87
75
58
74
80
21
81
176
53
126
45
56
107
142
127
27
75
140
74
60
53
134
77
32
73
208
40
63
48
86
64
201
203
91
74
79
56
36
95
38
82
121
47
115
55
40
178
20
31
64
115
43
15
185
27
92
126
67
189
106
67
121
27
31
142
132
77
61
57
85
48
64
166
90
140
59
63
76
104
25
102
94
81
113
84
133
146
163
58
105
38
71
88
184
156
24
55
127
115
114
44
100
119
195
141
61
164
135
138
33
117
82
43
52
147
135
40
147
119
119
109
126
78
176
187
122
101
139
76
26
88
135
79
36
177
117
76
29
73
162
155
204
63
38
93
70
175
138
110
33
174
84
125
43
91
156
64
124
69
60
165
62
202
85
171
152
101
93
56
113
188
90
79
91
142
165
81
56
93
131
96
60
70
107
134
184
74
58
181
114
31
125
193
122
159
139
123
74
37
127
35
76
60
195
