599 500
94 196
127 46
659 424
708 171
265 644
72 519
605 342
85 240
355 255
782 774
373 417
743 11
353 521
678 265
116 585
642 312
176 714
669 252
548 663
715 22
795 522
353 680
303 432
307 270
244 310
723 164
647 350
208 350
658 552
550 585
220 675
487 364
329 373
635 129
696 320
630 25
630 327
350 295
472 42
679 373
158 321
152 557
356 573
245 174
523 277
503 140
357 410
656 42
94 401
176 231
794 222
220 640
586 191
563 300
33 798
672 552
79 767
743 366
495 124
512 674
465 26
509 374
531 345
753 253
538 214
551 378
778 51
304 454
523 319
572 612
595 789
718 67
770 363
434 800
332 572
334 251
648 608
559 531
474 366
507 278
343 405
362 144
782 533
568 104
281 531
593 248
411 508
658 202
693 449
192 191
317 633
670 229
531 472
549 681
443 740
242 34
261 326
608 506
318 246
480 50
558 692
660 601
298 390
694 295
194 166
141 575
166 528
765 301
343 281
117 243
405 68
762 638
291 285
297 257
627 83
506 403
593 352
702 768
635 501
789 582
648 220
482 208
26 216
411 499
389 280
732 502
779 276
199 49
70 190
8 424
551 782
623 799
227 673
242 52
124 260
12 535
453 144
431 423
747 118
654 335
420 547
607 442
11 771
220 164
725 686
520 180
63 766
767 117
208 523
230 121
333 668
420 245
617 601
190 393
425 206
556 74
138 29
41 415
711 69
676 733
796 528
468 621
53 789
441 395
635 546
209 320
170 155
386 716
794 151
575 537
342 672
605 38
230 739
402 124
308 570
496 75
447 310
303 611
709 179
714 458
427 724
203 206
175 553
384 185
46 303
675 532
351 774
536 592
753 83
156 462
130 410
643 599
464 561
562 331
32 345
495 416
266 727
460 401
276 71
590 613
631 52
619 107
142 606
598 430
386 342
567 770
430 127
287 731
131 146
198 654
336 8
210 555
702 442
722 335
792 87
476 565
41 256
704 683
135 122
485 588
670 734
412 677
723 628
97 442
319 144
129 15
287 740
570 582
554 279
287 303
616 793
359 286
160 328
530 557
14 446
565 577
543 290
755 271
155 772
436 243
476 346
664 425
410 380
581 46
177 26
795 115
168 407
159 26
157 85
316 707
623 575
110 307
70 347
420 690
103 362
796 733
38 770
599 526
244 684
511 687
448 689
180 789
523 593
50 271
589 678
121 469
287 705
462 292
40 639
17 780
435 41
30 598
20 21
289 562
146 144
183 794
142 729
490 380
433 173
341 123
13 183
430 11
689 412
78 66
195 205
50 44
580 137
331 733
597 531
571 237
128 354
57 717
647 93
653 348
630 782
200 487
181 578
88 495
187 110
372 121
318 368
51 543
414 727
231 261
671 34
502 314
131 577
634 757
45 336
150 496
762 748
361 483
767 753
160 573
472 171
770 38
409 652
221 522
225 53
23 209
2 226
3 183
508 124
199 462
290 684
516 3
59 331
518 479
412 55
186 705
792 127
194 388
349 456
101 276
83 512
606 378
555 188
42 552
199 441
294 692
699 122
318 267
434 595
592 96
745 740
372 143
23 470
103 99
672 768
301 139
527 562
683 307
192 18
50 88
234 609
677 113
261 725
492 718
658 615
224 769
416 432
161 476
697 390
380 422
290 776
184 431
207 289
87 353
735 421
218 46
66 527
520 691
694 779
447 646
458 200
268 156
393 15
462 14
634 47
335 175
744 129
227 553
507 795
375 744
56 265
451 486
769 630
720 702
236 303
591 630
77 348
78 329
40 280
501 107
236 504
519 312
358 60
356 717
173 96
166 389
255 391
308 373
141 386
119 289
15 269
139 179
54 86
61 378
67 331
209 219
102 192
96 199
12 72
183 382
5 91
35 37
31 197
229 396
32 241
185 368
208 250
348 354
217 322
288 365
36 379
107 212
67 316
47 301
48 115
98 170
0 289
251 359
220 374
35 140
2 399
130 224
282 377
82 184
132 349
14 35
4 139
9 152
165 251
142 336
152 184
27 40
72 159
5 325
190 310
266 298
143 269
75 141
74 181
11 312
79 243
86 121
219 249
30 390
76 342
282 326
188 216
15 42
56 120
30 234
6 15
287 344
282 329
185 392
82 174
267 288
357 360
5 267
190 266
112 256
145 218
251 258
221 308
123 217
7 194
42 310
70 263
281 320
348 399
71 231
190 247
118 308
36 201
116 196
77 192
98 258
66 194
113 304
226 286
41 252
67 159
296 339
166 332
269 272
61 176
42 307
61 100
82 346
149 382
1 320
24 99
12 316
173 227
44 105
79 278
39 326
250 357
130 235
59 146
72 139
241 268
67 148
16 37
33 205
208 357
60 101
32 79
8 264
239 360
157 353
46 59
108 214
213 369
39 100
42 107
2 286
318 382
14 18
167 182
51 108
264 327
112 218
155 375
54 80
139 169
33 103
13 333
189 381
160 373
19 265
154 233
170 351
190 296
306 396
197 208
263 351
44 376
17 277
293 344
71 131
111 211
105 182
171 250
15 338
60 358
44 90
131 231
25 166
5 133
309 327
156 344
32 396
120 126
11 81
71 295
164 241
75 91
220 343
60 261
299 399
243 364
329 378
164 278
42 183
6 347
224 335
95 181
302 338
16 140
160 308
228 236
37 294
92 121
56 119
150 199
147 277
26 169
199 370
261 374
38 113
252 368
46 122
151 325
281 321
56 77
97 166
157 248
5 259
332 366
158 235
11 33
250 288
320 321
135 334
181 398
190 339
88 179
22 325
188 236
49 266
1 275
358 372
105 209
23 103
222 398
52 355
24 109
60 372
83 112
11 23
25 97
257 270
3 242
168 181
24 113
297 382
152 155
94 265
43 274
195 368
95 168
168 317
227 325
7 37
320 322
35 58
198 278
61 329
321 393
244 326
63 396
280 300
99 232
55 257
32 164
96 353
197 340
24 25
89 363
32 116
95 261
217 281
251 289
304 367
164 196
112 223
167 209
123 393
139 189
300 380
125 240
12 20
163 239
262 360
254 261
84 323
31 133
15 314
174 279
209 348
8 334
200 236
276 360
208 227
370 399
5 52
269 292
197 227
234 236
247 366
387 388
42 314
56 165
223 359
71 206
25 230
257 292
170 234
77 251
120 223
8 217
218 388
6 338
122 315
113 230
39 329
180 213
34 202
217 264
274 382
110 135
55 292
189 331
191 366
249 353
63 66
82 380
191 291
21 126
291 368
252 255
110 252
8 393
145 311
172 202
81 364
119 258
57 270
250 340
57 163
139 246
197 360
24 38
248 319
305 379
78 328
302 335
327 393
299 319
104 108
75 178
202 379
206 383
261 317
193 220
126 180
107 362
141 216
3 283
57 239
148 341
149 395
206 295
6 266
290 337
309 391
255 309
109 114
159 381
123 281
223 387
128 353
159 356
56 192
160 295
222 317
46 337
222 261
221 373
9 24
24 232
185 309
73 363
105 150
319 370
253 291
270 292
99 342
62 241
298 302
345 388
177 240
188 220
177 205
169 381
27 37
200 265
49 253
51 238
153 390
231 295
52 297
191 266
311 313
158 224
347 371
157 226
168 171
70 390
17 360
32 278
44 225
70 236
50 105
36 305
42 203
150 299
11 243
218 345
101 358
239 257
46 146
140 294
50 304
233 252
245 399
154 339
273 354
12 67
139 159
101 265
28 41
119 186
191 255
160 221
196 198
157 284
29 251
20 189
144 285
21 369
147 257
123 129
233 332
75 274
195 327
123 321
168 398
25 113
56 251
169 246
22 168
195 392
282 378
202 287
108 127
250 267
91 175
156 287
148 169
148 246
8 123
71 132
64 104
115 287
160 218
82 207
264 334
159 189
19 372
197 259
118 132
271 329
77 102
320 385
180 242
185 264
253 391
98 204
35 363
78 351
102 165
37 336
112 387
131 132
39 61
71 221
29 359
235 347
195 391
225 376
346 350
19 101
344 379
172 244
250 398
192 200
284 354
79 164
271 377
57 143
18 104
291 391
128 399
185 385
147 292
30 78
175 382
115 202
159 341
236 351
10 373
60 94
138 243
266 335
197 250
62 196
236 390
187 398
327 385
143 163
156 176
134 199
46 84
257 277
328 386
247 339
220 263
53 86
298 362
235 298
185 195
280 397
271 378
74 384
1 209
162 216
111 282
318 324
132 373
266 362
168 187
99 109
2 128
164 243
14 64
66 278
207 279
245 370
252 334
27 35
96 319
217 334
107 382
345 373
39 394
31 355
114 342
19 260
148 331
136 338
155 207
162 220
162 188
345 349
132 308
260 374
361 386
97 103
368 391
143 147
8 135
194 306
3 40
117 194
83 180
87 141
0 98
80 229
234 263
319 353
191 332
217 385
288 398
23 301
71 308
105 144
161 180
165 289
34 341
53 290
203 314
144 182
40 140
41 135
244 344
118 349
18 88
102 359
66 116
197 325
123 385
106 297
173 357
153 192
219 284
136 298
62 198
23 68
231 373
63 278
298 338
39 271
84 156
128 299
50 167
57 292
118 373
44 182
81 205
246 316
236 263
8 110
47 103
158 391
81 243
128 319
183 212
332 339
63 241
38 232
182 376
293 379
242 363
315 323
150 167
192 390
167 219
261 358
226 284
118 145
45 396
214 238
10 256
68 312
46 207
32 196
40 369
93 116
40 283
105 219
377 378
26 356
275 299
7 66
142 242
33 301
106 307
4 26
309 392
172 293
339 362
57 257
125 232
94 260
253 309
9 114
101 372
137 323
113 342
215 246
272 302
137 375
87 124
80 237
219 354
149 212
137 279
341 381
28 233
86 290
271 397
100 326
51 64
311 388
198 243
17 262
183 314
201 344
28 97
48 72
74 95
45 237
104 140
95 303
104 127
264 393
66 204
105 299
90 182
190 324
111 207
14 16
200 228
240 279
191 368
65 122
17 239
124 312
193 263
314 382
133 210
158 195
280 380
79 138
85 274
119 165
17 133
14 238
22 250
48 172
110 385
82 225
49 368
58 73
1 123
99 380
360 365
203 210
148 215
139 341
157 399
261 303
59 176
221 388
207 300
105 275
159 305
79 306
76 125
297 307
252 327
47 364
11 361
18 35
47 81
152 240
191 224
2 273
324 366
275 399
18 352
31 52
36 293
272 338
259 267
98 289
253 392
7 16
87 193
133 357
167 285
173 197
40 89
54 63
16 35
82 280
212 395
250 325
84 176
280 346
199 350
129 320
183 310
256 388
349 388
331 381
40 58
32 198
1 110
52 210
13 87
80 268
38 230
11 364
58 214
72 316
176 378
142 204
106 203
22 398
362 366
207 315
224 266
139 215
303 384
30 351
40 213
37 140
133 173
117 336
27 294
77 223
97 367
80 306
3 142
6 136
49 391
233 367
15 307
312 333
149 310
106 183
65 337
339 395
125 205
7 27
229 237
150 319
384 398
277 330
118 311
185 253
261 372
44 167
13 43
273 286
96 134
79 196
45 229
145 160
22 288
66 117
376 380
310 335
69 306
259 325
128 134
111 300
124 141
201 356
67 246
164 198
123 322
194 229
273 284
78 98
15 203
189 246
111 397
116 278
211 377
93 170
83 161
7 294
21 120
79 177
45 80
26 179
63 237
173 208
196 328
236 289
50 182
225 280
174 184
140 336
41 291
39 377
349 373
140 214
68 103
58 369
63 194
47 312
63 79
214 363
101 260
32 62
126 213
127 238
216 234
15 302
249 348
173 277
52 330
116 198
120 161
129 217
151 178
16 294
165 170
249 299
52 133
107 307
202 356
138 196
35 352
233 255
39 176
83 120
62 63
77 390
25 114
18 121
2 249
170 258
33 81
90 285
163 292
11 333
54 117
57 147
183 297
10 345
43 178
31 210
201 305
138 364
48 159
252 391
207 346
138 164
153 200
53 287
145 345
145 387
295 373
81 103
0 204
247 291
162 374
2 226
242 336
120 387
218 387
293 305
85 382
190 366
64 238
132 160
223 388
153 236
177 306
109 232
239 276
89 369
111 329
65 86
14 92
130 347
157 249
91 325
217 321
319 399
73 369
227 288
42 297
340 357
247 332
131 295
155 279
280 350
38 205
164 361
34 293
197 365
44 150
90 105
65 229
44 144
151 267
178 355
173 262
174 329
174 346
208 267
82 300
208 325
168 384
170 289
85 318
50 90
145 256
177 241
207 329
118 313
106 107
226 273
141 193
132 295
256 311
220 234
159 293
303 398
325 357
234 351
218 359
137 315
350 380
324 339
111 174
150 399
146 337
188 263
123 264
112 145
361 364
148 189
27 352
268 396
217 393
114 389
49 130
127 214
22 151
185 217
76 114
96 128
13 85
29 56
260 358
56 102
239 330
31 330
198 241
95 384
82 350
37 352
4 381
200 251
51 127
101 390
186 251
24 230
21 161
311 373
222 374
211 329
102 251
190 362
115 244
225 346
313 388
70 228
107 190
217 320
302 371
45 69
113 389
16 27
115 379
131 308
343 374
241 306
193 386
197 357
62 396
244 379
165 192
34 356
212 297
184 280
353 370
176 323
124 361
13 124
259 330
144 167
7 336
130 195
128 249
209 299
48 201
172 305
315 394
245 319
46 137
174 280
112 120
78 258
248 353
175 274
209 249
185 334
97 113
154 247
224 235
46 323
36 172
84 344
110 129
327 391
215 331
94 101
5 178
78 236
286 348
173 259
163 257
162 193
256 345
168 288
19 390
3 363
39 111
172 344
64 127
126 161
59 84
222 303
122 146
162 343
30 70
298 310
296 324
8 320
133 259
252 253
49 158
107 296
144 150
59 394
97 389
78 228
14 121
144 299
33 47
240 375
189 316
116 328
149 324
69 194
146 375
133 355
128 370
268 306
227 357
134 150
129 322
339 366
216 220
20 305
231 349
36 244
11 68
311 345
178 274
31 173
151 398
149 318
199 319
152 279
160 345
212 382
138 361
184 380
19 70
107 297
107 183
11 164
205 232
201 202
163 270
122 155
138 198
228 263
32 63
70 265
236 258
309 368
94 358
254 374
63 116
145 223
35 108
117 294
40 242
173 360
145 221
28 247
203 297
62 278
144 275
63 69
152 177
70 251
146 315
152 232
41 233
128 248
9 76
97 304
279 315
75 85
391 392
30 200
109 113
155 315
13 175
285 304
69 80
34 115
104 214
245 248
47 243
195 253
226 249
213 242
227 267
243 361
169 331
72 148
181 303
3 204
18 92
241 278
5 355
139 331
81 301
76 109
253 368
237 396
54 290
13 141
46 315
30 170
128 157
265 372
125 152
187 288
184 279
15 371
296 366
139 381
107 314
73 214
129 281
190 191
9 232
0 258
185 391
43 175
216 343
125 177
10 311
23 33
107 395
132 206
8 129
75 175
128 245
187 365
218 223
358 383
162 263
271 282
220 351
20 67
33 364
112 388
93 328
131 206
165 258
296 318
228 390
245 353
377 397
149 183
309 393
50 367
209 275
99 113
100 176
221 349
264 392
155 240
96 370
153 359
283 363
40 214
90 275
0 93
80 396
72 381
221 345
107 310
25 367
78 234
173 276
153 165
284 286
70 200
37 117
115 172
188 200
104 352
171 325
5 340
247 362
50 110
55 270
19 94
338 371
144 376
287 337
46 176
89 242
182 304
219 275
324 395
105 399
9 109
103 301
329 377
27 336
35 73
258 289
240 268
60 260
158 253
60 162
207 394
139 356
134 319
27 117
219 399
156 394
260 261
175 178
53 88
25 304
45 290
226 353
110 264
169 215
179 381
147 163
95 383
95 358
262 330
4 356
168 254
54 306
78 170
39 282
227 340
5 210
93 196
104 294
189 215
48 305
310 324
86 229
100 378
4 179
139 148
94 390
61 282
313 345
165 186
131 383
72 341
209 399
88 121
17 31
57 262
56 186
307 314
201 379
340 398
57 277
171 398
92 104
327 368
321 322
28 154
48 293
29 192
202 344
109 230
171 267
36 115
205 243
143 270
276 330
254 303
136 335
49 291
6 371
181 384
20 72
23 333
208 288
162 317
1 129
21 83
333 364
154 366
58 283
212 318
30 188
24 342
269 338
224 362
296 395
313 373
329 397
2 348
87 361
29 102
68 81
84 202
227 365
135 252
288 340
310 366
241 396
36 48
69 241
90 167
7 140
274 355
134 353
115 201
53 337
22 171
61 377
300 346
2 353
72 189
55 163
16 352
89 283
77 200
206 308
164 364
96 245
237 290
148 381
151 171
210 259
14 140
137 394
209 354
219 299
373 388
183 318
308 349
141 220
149 296
317 343
228 251
135 385
147 270
255 392
224 347
363 369
216 351
32 306
152 375
28 367
197 267
106 314
42 106
35 214
27 363
76 232
34 287
91 151
201 293
23 81
310 362
62 79
215 316
14 352
118 345
95 254
59 137
138 386
302 347
173 330
47 68
26 88
76 99
17 276
6 335
198 361
335 347
218 221
132 221
143 292
246 331
330 360
341 356
117 140
184 300
295 349
52 259
10 313
19 60
55 57
105 376
64 108
45 54
151 288
298 335
225 300
3 89
78 289
105 167
80 177
22 91
49 255
350 376
40 352
70 94
89 213
69 396
267 340
62 66
54 229
105 285
193 234
284 348
77 153
275 348
176 271
154 291
102 223
8 385
122 152
133 330
145 388
246 381
145 313
55 143
28 332
293 341
79 241
90 209
382 395
17 173
118 388
54 69
1 135
85 395
62 69
130 158
98 119
281 322
326 378
43 75
184 225
49 224
2 245
156 202
63 306
24 97
146 323
264 321
213 363
276 277
184 346
239 277
115 356
110 334
252 392
72 305
84 244
283 294
300 350
392 393
201 244
48 379
126 186
35 294
266 310
296 362
317 374
22 254
146 287
295 308
0 78
136 272
79 116
124 333
149 297
13 75
115 344
334 385
26 148
298 347
121 179
29 186
16 18
6 302
62 306
3 213
115 293
1 281
160 349
39 378
29 165
118 160
22 317
293 356
325 340
152 268
188 234
9 342
7 54
47 205
279 375
61 271
123 320
229 290
204 336
143 257
12 189
68 333
84 394
140 352
168 303
260 372
170 236
25 28
157 245
267 325
114 230
55 239
160 388
5 31
16 117
47 333
323 394
100 271
156 323
20 316
182 285
174 207
118 295
212 355
242 283
248 370
40 294
56 126
53 65
38 125
180 363
66 336
49 191
253 255
2 157
153 228
65 290
172 379
239 262
200 390
15 272
203 307
233 291
99 114
17 210
87 312
58 108
181 222
134 245
43 141
4 341
214 352
225 380
59 315
222 254
11 138
45 306
167 275
59 207
45 65
86 337
30 263
91 171
272 371
225 350
334 392
216 263
0 165
192 359
208 365
31 357
84 287
227 360
180 283
21 180
107 149
26 139
141 343
54 396
288 384
9 125
226 248
183 307
158 347
185 393
18 64
180 369
98 165
29 119
210 355
335 371
355 382
47 361
194 237
171 288
86 237
104 238
136 302
188 351
78 93
0 119
73 127
197 288
3 336
277 292
212 314
24 76
19 200
172 201
298 371
90 144
136 347
32 177
50 285
41 166
136 371
9 38
183 203
94 372
9 99
245 249
89 126
40 363
156 172
59 323
168 222
291 392
327 392
17 330
4 92
204 242
294 363
114 304
242 369
12 159
247 324
38 109
253 327
228 289
108 238
14 104
228 351
286 354
193 351
259 357
44 350
111 271
166 233
215 381
174 300
69 229
20 159
41 367
26 381
137 174
151 340
51 169
31 259
149 362
53 121
21 387
35 104
16 104
181 358
194 396
109 125
22 222
3 180
34 84
2 354
26 341
25 389
59 100
259 340
37 40
252 291
269 302
300 397
62 116
212 296
44 285
185 327
23 47
210 330
195 309
159 316
226 245
74 303
153 251
97 230
254 317
221 231
279 346
50 135
177 268
385 393
43 91
166 304
228 234
71 349
154 324
30 228
249 275
38 99
30 236
1 8
124 138
122 240
2 248
267 357
76 113
181 261
119 142
53 146
122 279
84 115
151 250
230 389
45 268
312 361
22 384
224 298
7 117
70 188
30 220
136 235
10 118
248 249
191 247
113 114
134 370
256 313
14 88
87 386
6 298
208 340
118 218
58 363
0 170
67 72
179 341
98 142
32 69
194 336
155 184
28 166
283 369
102 153
255 291
111 377
231 308
318 395
35 40
294 352
221 295
29 77
61 111
95 222
294 336
118 221
176 394
187 384
264 320
122 375
213 283
264 385
83 387
46 375
315 375
15 183
255 368
324 362
154 332
11 47
249 399
115 305
211 397
69 237
367 389
85 175
15 297
54 194
167 399
4 88
199 211
65 146
67 215
133 325
137 207
232 342
137 155
61 326
368 392
13 312
150 376
124 386
100 329
20 48
77 359
188 228
28 389
22 340
132 231
89 180
334 393
83 126
125 342
162 261
192 251
102 186
85 149
304 389
193 343
41 255
92 179
2 219
166 367
168 261
170 228
195 393
181 254
88 92
122 137
38 114
43 343
46 394
149 314
167 299
236 251
91 178
74 383
37 194
206 231
237 306
265 390
297 355
335 338
262 277
67 189
2 284
297 314
60 374
107 318
54 237
101 206
193 216
333 361
156 244
219 348
262 276
96 248
296 310
147 239
34 344
100 282
79 198
100 394
171 340
71 383
129 209
255 327
196 278
190 224
42 212
73 108
357 365
38 76
55 147
161 387
72 356
230 342
63 117
346 380
109 342
106 212
312 364
81 333
97 301
227 250
176 326
15 106
239 292
38 342
24 114
70 153
202 293
27 140
303 317
189 341
154 191
0 142
50
38
155
154
129
270
72
79
21
90
25
35
93
63
155
86
191
190
108
61
184
41
114
163
93
42
132
45
156
65
62
63
135
70
62
180
205
79
102
132
104
70
118
92
188
160
71
8
72
49
45
225
259
175
164
70
79
112
92
57
95
100
66
165
76
148
103
144
74
51
78
112
158
58
299
54
57
54
95
72
67
60
70
85
44
105
81
77
37
20
46
142
190
90
69
168
93
72
69
58
54
69
10
97
147
37
98
146
63
54
142
83
27
117
76
83
182
45
142
36
56
13
105
189
151
28
145
81
31
32
194
62
18
155
89
175
208
100
136
138
84
162
52
132
128
201
70
134
38
41
51
35
95
121
74
206
54
96
223
82
86
119
46
97
39
126
61
158
69
56
177
97
136
125
58
111
83
83
33
207
104
52
20
61
79
12
54
27
161
152
241
156
125
122
60
91
179
92
50
90
150
59
66
123
91
170
55
46
52
88
61
157
160
93
84
141
111
144
43
93
98
64
23
154
92
68
66
5
90
48
129
44
114
73
64
68
68
98
55
47
116
55
73
170
164
103
54
96
49
112
105
81
92
125
109
131
132
81
61
163
90
99
117
48
176
155
51
299
95
83
69
12
123
167
162
43
49
57
15
129
45
189
56
73
32
233
36
78
106
50
65
90
120
76
200
119
53
130
73
54
102
25
63
17
149
43
242
68
114
118
48
104
82
115
85
104
169
70
202
196
86
47
170
60
73
81
83
89
151
108
78
46
115
177
84
67
131
177
77
96
113
119
91
77
219
202
69
65
180
151
70
98
86
171
54
94
60
132
133
193
69
107
50
72
109
156
86
222
168
22
119
219
48
80
167
115
105
142
95
89
72
121
86
156
69
32
180
129
7
158
114
28
145
35
184
27
110
45
187
122
56
109
82
172
110
147
99
29
178
99
79
140
172
126
94
69
136
117
69
7
80
194
94
193
84
143
44
77
102
86
87
69
69
129
123
84
72
50
43
116
55
31
76
167
52
30
68
58
152
178
123
200
94
126
86
139
91
30
20
173
131
94
13
180
170
133
109
131
25
127
29
245
178
49
131
129
188
52
164
25
122
145
76
129
132
188
84
131
93
79
88
125
91
31
102
45
229
104
55
162
87
98
99
168
150
129
89
96
220
116
143
81
67
121
209
174
84
103
106
117
89
160
95
157
177
42
160
118
126
38
152
179
117
88
39
145
62
173
132
94
107
135
35
72
60
42
97
42
199
111
69
96
150
197
25
130
95
150
158
65
131
58
14
112
74
62
174
34
74
122
145
75
202
88
115
101
72
97
60
140
57
68
84
20
90
95
138
56
95
67
135
167
69
25
181
95
80
64
62
62
166
55
42
159
197
183
121
94
96
143
116
74
88
60
81
39
151
142
123
94
170
87
128
145
112
239
94
181
67
87
124
143
137
146
58
174
130
81
108
181
91
34
14
51
48
178
53
117
52
100
64
96
109
173
32
78
110
85
14
110
258
39
95
119
128
26
202
144
63
150
136
221
35
136
91
131
77
60
82
71
104
23
153
92
24
81
104
141
47
197
128
137
173
86
197
195
38
103
88
145
60
85
152
215
108
132
174
76
91
81
205
128
197
145
74
120
149
104
62
108
86
139
60
112
91
102
124
62
123
131
36
24
131
126
85
60
128
47
102
115
88
34
29
96
209
153
160
49
203
116
92
36
148
73
156
74
77
133
65
106
170
69
72
46
56
44
116
70
81
19
109
163
189
19
83
99
137
149
76
75
53
86
111
72
144
59
13
178
108
36
115
134
116
135
28
73
136
83
62
177
64
46
31
188
58
80
96
80
87
134
58
81
23
54
40
143
125
112
161
184
53
60
83
106
52
191
66
22
94
131
118
97
89
158
108
62
59
147
27
103
82
132
39
49
166
98
98
69
51
57
114
119
66
181
39
157
151
101
69
124
107
165
86
48
139
69
159
183
118
262
141
107
56
95
175
55
90
112
80
177
134
90
48
131
57
88
39
125
196
73
137
29
64
15
191
62
149
38
67
116
98
36
62
139
126
116
78
35
36
111
83
76
170
56
135
159
80
42
125
60
242
157
69
126
54
104
132
65
66
36
79
84
40
101
70
92
166
82
61
177
181
77
100
76
91
175
97
79
117
129
91
66
148
59
168
64
73
96
207
99
101
28
42
47
56
37
149
73
229
74
218
89
106
172
136
45
53
64
107
81
57
11
134
73
122
39
148
150
84
14
101
96
41
44
91
107
43
118
90
159
54
76
101
97
217
24
92
81
95
104
62
130
101
148
67
99
103
151
190
103
14
182
108
96
84
32
137
110
207
35
167
54
49
111
108
56
90
104
129
50
125
8
184
74
72
83
54
81
95
133
81
67
151
65
75
103
94
90
77
180
205
131
94
114
111
77
51
27
81
149
96
78
221
47
66
44
132
54
55
39
110
103
123
99
29
143
117
166
141
100
175
103
81
107
148
88
115
48
54
66
47
107
48
128
125
140
58
44
82
128
142
91
97
78
49
93
140
91
188
93
45
80
36
109
181
32
38
67
132
68
185
54
106
73
64
18
140
167
161
30
39
71
99
133
28
196
140
87
97
162
78
122
134
125
117
58
184
63
69
133
121
62
111
44
194
159
59
54
139
50
193
107
80
143
18
101
22
186
84
114
37
94
56
157
135
154
128
58
70
20
96
107
190
126
40
133
35
201
36
119
27
95
75
114
65
47
24
85
83
133
57
76
173
209
91
74
139
94
160
24
62
137
83
126
75
75
79
141
63
193
46
186
187
130
84
62
38
152
174
94
96
78
53
81
179
190
35
57
103
41
87
35
67
103
149
93
45
53
66
38
111
88
52
102
66
104
109
144
40
184
79
97
124
88
184
85
44
48
94
97
144
21
75
121
189
149
28
53
102
67
67
113
62
68
66
115
73
45
68
72
119
97
15
134
16
152
138
137
102
31
103
57
186
184
114
147
152
149
84
133
73
130
26
173
144
121
118
79
118
22
151
113
75
107
150
115
40
174
51
94
20
41
187
57
38
58
85
92
80
22
91
108
23
87
7
143
153
96
199
66
52
100
78
96
83
153
113
151
84
30
232
56
116
135
12
67
131
148
82
162
37
24
103
104
162
38
45
14
166
90
46
108
76
109
187
100
155
106
89
96
108
207
68
71
107
67
98
166
63
53
85
37
186
36
167
114
24
77
77
133
106
118
84
157
40
28
112
82
168
104
139
191
149
50
146
71
183
96
155
51
78
191
102
110
118
94
130
69
20
55
72
153
78
153
72
64
120
33
51
113
97
153
60
139
114
131
145
182
194
47
192
19
134
105
96
114
105
33
149
52
94
79
130
64
58
45
156
126
60
135
110
29
88
103
90
36
119
119
53
83
132
185
22
19
34
47
62
116
88
92
80
74
191
77
194
101
216
121
40
141
137
103
71
97
46
176
68
174
118
79
146
121
136
49
47
25
155
33
197
86
76
161
58
118
171
109
62
175
117
131
93
81
64
58
107
177
151
112
87
47
134
79
105
108
114
79
91
62
152
140
126
112
155
93
88
91
101
78
122
46
101
87
86
107
38
82
76
73
24
81
69
84
14
134
50
109
81
150
75
85
20
113
54
65
192
85
88
120
56
19
69
62
62
39
70
184
61
62
124
84
24
104
97
145
17
63
191
174
52
62
57
213
131
74
112
124
50
44
22
113
109
51
66
26
237
65
111
68
131
158
83
119
74
125
127
81
99
79
24
174
56
62
178
71
154
81
131
89
55
105
126
167
28
88
167
50
165
55
293
76
77
119
97
100
115
32
128
93
48
156
77
139
118
143
42
128
186
57
112
74
75
83
81
160
59
138
140
105
144
78
50
78
79
72
115
131
159
59
135
100
54
112
79
88
118
150
68
62
27
117
133
51
21
187
134
72
86
178
134
124
18
19
146
81
69
113
107
170
119
66
79
110
144
74
67
105
79
79
148
47
171
72
87
118
214
57
68
129
140
106
115
95
205
254
120
30
79
54
105
102
241
81
55
198
131
74
95
127
43
149
127
95
59
102
76
106
116
72
69
51
175
175
70
93
128
34
94
149
17
67
176
170
78
54
134
83
190
95
177
183
69
118
159
163
126
117
33
54
110
203
85
146
65
87
39
91
120
71
34
113
96
109
108
80
144
106
148
144
67
59
90
85
47
77
103
51
100
135
182
87
163
102
135
97
96
38
153
74
63
15
206
156
84
75
28
82
13
25
37
85
89
38
65
90
74
56
101
149
206
88
108
157
82
128
103
82
33
56
76
88
170
76
18
85
64
124
11
25
152
146
96
76
32
106
88
53
119
144
91
190
42
201
85
111
94
47
126
165
140
77
206
136
82
59
204
107
149
60
106
78
72
112
55
117
38
180
85
57
200
15
139
50
108
16
87
68
139
120
79
77
175
126
253
177
61
37
92
58
184
156
92
86
178
101
130
175
146
71
192
192
85
191
128
184
48
324
96
25
138
62
45
176
118
158
142
