556 427
383 771
128 651
148 15
58 154
640 609
540 767
186 769
0 793
495 465
653 234
635 5
671 100
169 322
159 158
472 473
80 773
482 682
776 410
548 560
184 461
403 541
286 714
550 312
370 63
265 496
95 282
319 566
270 800
187 298
795 94
351 319
741 49
304 148
754 207
389 779
28 175
771 490
781 171
95 24
339 137
699 203
429 288
380 154
612 535
463 686
482 39
199 318
306 221
118 671
456 150
202 741
738 640
217 674
458 212
799 587
106 362
386 227
194 671
38 278
511 82
496 747
357 291
513 391
475 751
733 19
289 361
311 85
28 457
214 245
713 583
158 364
536 31
423 422
211 81
332 257
581 433
231 473
407 129
102 730
664 558
729 679
775 397
144 317
657 59
12 701
587 680
337 600
81 208
771 466
751 397
778 592
751 533
220 92
499 480
708 91
250 269
478 635
181 758
311 428
463 387
791 308
202 242
728 297
429 136
252 339
223 431
387 182
268 709
622 760
289 455
673 290
759 794
722 265
67 143
642 546
329 488
172 666
775 245
787 92
615 221
404 735
72 219
670 710
236 392
143 340
773 218
560 23
93 700
57 674
437 308
785 742
780 735
477 673
559 144
592 196
201 358
579 590
341 450
201 491
370 607
605 124
182 752
258 194
646 102
27 678
275 760
499 291
286 64
534 545
403 336
721 249
456 376
266 330
9 413
528 508
739 402
347 450
696 45
336 780
519 665
35 716
570 511
254 13
388 32
369 513
287 251
624 270
786 314
684 319
644 364
364 205
311 150
642 230
433 165
601 60
609 798
282 551
490 203
11 84
200 173
56 239
632 107
215 465
528 94
535 485
399 206
540 279
675 481
115 110
790 750
360 770
447 408
137 275
296 469
522 752
584 499
294 354
258 566
787 212
272 773
23 784
681 77
581 679
532 610
10 398
436 296
518 360
291 715
336 571
307 694
178 357
619 590
302 491
639 529
300 773
245 494
426 70
265 375
297 433
165 17
163 568
11 169
424 332
460 594
75 375
662 9
449 575
226 799
232 289
581 356
764 154
708 509
571 86
665 740
276 351
37 547
624 319
319 316
221 738
752 683
398 553
361 785
7 488
757 109
120 384
479 726
77 159
32 418
38 231
20 687
181 107
462 467
22 224
517 302
88 775
58 585
89 761
602 735
540 382
597 785
486 757
192 749
343 81
97 535
684 348
288 678
243 80
201 546
609 229
747 783
329 232
629 605
478 228
361 739
149 462
109 762
370 234
696 58
588 295
441 129
543 617
540 516
783 619
40 87
631 473
47 496
621 173
37 787
482 455
410 210
304 476
380 225
782 613
686 83
355 215
514 751
628 620
736 176
73 779
12 654
4 131
297 7
248 673
582 409
712 736
37 471
393 134
456 515
93 54
690 506
255 218
435 481
306 104
786 632
181 73
106 630
524 124
746 736
496 409
381 25
389 250
185 52
199 792
215 170
470 568
367 358
482 156
531 112
139 38
493 696
249 770
16 88
392 257
562 118
116 599
113 659
621 441
462 313
713 371
176 706
213 164
169 247
557 563
754 3
602 558
676 592
228 179
107 713
341 333
275 496
154 232
195 62
407 143
360 209
237 440
769 476
352 624
672 533
659 432
226 124
650 196
444 34
513 413
14 222
486 8
534 795
29 664
60 376
575 215
655 587
332 271
684 695
296 286
286 688
290 779
747 619
648 304
502 319
117 398
297 273
196 569
81 485
110 442
0 214
419 5
193 546
204 4
666 652
610 644
255 502
203 686
751 41
475 45
687 433
40 12
483 790
169 525
465 794
361 355
38 244
71 379
145 348
290 292
207 230
143 180
68 154
248 382
123 258
197 238
12 84
25 350
155 282
182 202
46 60
36 122
296 396
94 319
144 278
5 212
111 170
24 164
65 278
53 303
0 9
64 261
222 247
88 114
17 246
314 376
56 225
219 355
20 183
55 92
84 182
177 216
341 347
51 331
120 167
211 245
57 295
75 166
29 47
73 312
153 197
127 365
104 353
38 118
68 383
74 148
111 167
5 80
21 308
126 298
34 298
153 229
67 93
185 196
94 252
138 157
257 288
251 360
359 394
26 59
74 163
194 291
88 247
243 264
140 241
10 111
125 136
15 252
137 212
126 151
2 49
135 173
311 341
6 195
56 125
56 383
110 219
146 215
45 330
76 185
16 288
42 273
226 278
203 389
158 294
26 88
202 278
109 372
10 41
243 382
102 229
43 174
0 337
238 399
143 347
149 282
212 370
68 286
79 129
12 175
118 298
39 220
161 250
147 206
21 140
208 375
62 321
35 121
19 325
65 202
225 245
82 168
254 279
32 344
126 199
41 298
53 117
103 111
30 32
13 211
52 372
320 385
64 195
268 381
217 280
215 242
264 397
69 229
91 240
83 342
296 366
175 334
18 356
30 392
41 151
368 379
57 271
95 182
22 108
28 215
96 380
29 125
129 367
46 362
251 267
103 118
189 329
49 348
38 298
75 373
228 239
177 390
114 247
4 253
276 348
140 357
80 212
92 358
126 231
25 183
62 238
119 231
186 321
19 162
253 384
289 319
49 128
57 321
9 308
155 343
381 386
29 229
32 244
17 133
80 345
28 200
128 300
38 119
52 70
167 369
147 187
248 368
259 319
84 158
32 392
99 291
47 136
8 16
202 294
266 357
25 116
29 136
157 291
141 328
154 286
39 284
304 359
241 308
22 266
284 309
163 352
42 338
91 293
350 390
83 211
74 93
144 287
366 398
18 89
149 325
128 161
2 336
36 114
160 204
20 275
277 321
204 281
340 348
327 328
44 343
85 129
97 325
317 334
292 354
12 95
70 358
104 280
40 313
192 319
109 176
16 255
117 316
32 202
88 181
220 329
85 300
12 144
320 362
81 305
102 324
215 375
271 292
90 168
16 299
46 72
271 354
290 354
309 332
197 399
158 202
226 294
34 38
96 166
99 157
103 113
98 323
216 355
61 366
272 389
17 97
128 348
111 169
26 249
101 126
171 277
252 312
18 82
70 80
41 173
66 235
207 254
34 113
306 383
44 137
266 303
78 186
138 219
146 374
108 374
45 160
27 87
152 192
60 328
5 297
280 327
22 146
49 117
111 113
53 340
275 379
152 319
24 362
89 90
252 308
36 247
123 234
30 231
210 266
150 399
100 319
64 398
138 291
187 378
137 345
54 290
81 283
14 347
64 246
231 244
136 211
67 313
283 293
322 387
171 292
235 238
142 340
208 215
74 322
147 378
212 346
33 67
13 136
129 336
50 174
128 129
94 155
184 334
32 119
167 173
75 354
67 263
193 342
371 373
265 377
267 352
47 153
169 377
72 233
196 214
9 289
366 396
55 283
108 331
217 320
80 214
217 385
179 332
220 309
3 352
16 161
135 361
77 110
70 91
285 394
197 373
169 170
90 356
104 217
103 377
20 216
149 281
188 232
98 142
156 359
310 394
29 342
191 242
61 261
201 299
12 158
134 317
107 354
44 214
304 337
75 277
271 277
134 141
108 239
162 343
40 67
171 295
84 144
206 223
6 261
10 377
183 397
118 168
309 395
146 239
55 293
352 387
342 351
230 279
110 216
181 222
18 90
51 58
66 218
108 200
190 318
71 125
22 374
185 282
121 191
91 92
234 318
109 123
159 274
34 231
82 89
237 279
113 118
75 238
251 352
137 343
0 76
74 220
201 288
93 341
7 340
89 232
134 328
362 365
175 182
158 278
27 177
307 353
82 339
44 196
95 278
287 361
103 169
2 117
84 202
19 343
146 200
76 259
24 263
113 169
62 333
33 313
166 371
139 216
70 232
34 41
245 368
295 321
194 219
33 143
66 197
96 102
198 268
370 388
61 246
179 301
77 106
130 333
275 382
108 146
177 350
48 143
131 132
365 385
45 61
203 258
157 219
165 209
281 343
253 364
150 223
120 361
19 44
240 314
3 315
130 223
63 289
153 373
80 346
32 294
146 191
45 64
12 202
146 331
22 208
71 245
5 389
153 235
87 198
191 215
252 289
125 245
146 208
220 315
186 354
114 122
61 296
303 391
78 174
54 174
110 194
132 305
285 310
52 376
4 249
96 311
7 142
31 326
239 340
46 393
130 147
28 228
184 317
110 291
304 363
362 393
0 304
58 340
115 232
277 295
79 257
255 288
216 350
256 316
188 285
99 138
270 305
255 276
50 280
24 320
29 83
185 289
223 326
2 335
47 125
54 327
55 314
24 67
61 195
2 348
315 329
111 237
73 100
13 342
265 339
66 99
255 348
56 245
6 260
43 353
13 229
130 378
267 360
97 133
36 222
182 233
124 153
19 149
65 95
130 254
27 357
182 287
297 388
129 161
161 201
162 196
27 140
239 303
170 265
26 351
143 166
7 323
170 237
200 331
315 360
94 185
115 345
102 351
264 382
115 214
200 228
332 395
290 321
85 367
63 304
1 398
130 150
75 380
192 252
278 344
35 242
111 265
102 180
230 259
5 388
72 393
21 227
75 271
24 78
50 317
202 226
8 201
43 171
228 323
349 399
213 390
153 218
13 71
150 206
187 369
32 278
81 376
78 353
51 239
160 281
39 329
89 356
107 186
43 280
45 97
215 331
4 301
19 155
297 345
141 144
28 146
100 152
227 308
24 307
308 312
162 185
9 252
33 172
169 237
133 330
61 330
62 373
127 184
212 343
110 138
10 135
131 270
205 368
137 297
19 345
195 396
135 167
84 175
125 193
63 192
100 207
205 243
1 35
221 335
26 83
173 287
56 379
104 327
251 322
27 209
200 239
238 349
177 213
42 333
136 218
124 136
155 185
292 295
146 375
139 275
64 121
19 281
74 315
337 359
252 319
115 188
115 358
10 173
49 336
192 363
262 331
318 372
236 382
60 393
346 376
358 370
51 142
85 201
206 333
17 160
57 171
275 397
35 191
114 284
99 194
198 390
198 381
69 96
98 228
97 204
1 215
224 241
64 330
6 61
34 151
6 296
50 78
113 377
236 243
162 345
196 345
114 179
133 246
120 269
137 204
100 259
36 181
245 383
117 335
234 260
59 364
159 191
47 229
69 342
48 166
149 343
57 292
233 328
47 83
7 262
160 330
323 331
143 341
277 333
144 202
125 211
246 398
276 288
55 91
269 369
106 218
286 382
50 327
266 374
210 303
54 186
113 199
233 317
80 272
97 281
63 100
78 217
58 117
50 54
158 392
144 175
155 162
154 248
33 48
68 236
396 398
72 328
60 72
133 160
349 371
141 182
46 127
12 141
184 327
34 118
223 399
37 89
16 257
58 391
186 333
261 398
51 340
88 253
22 210
20 383
227 241
73 252
37 92
178 273
28 331
212 297
72 365
44 80
159 375
221 381
156 394
170 359
167 279
221 386
208 303
57 333
79 255
149 162
261 296
105 124
23 279
139 390
98 239
38 231
352 360
245 379
84 226
44 285
241 325
85 250
115 272
217 393
147 207
52 283
32 158
196 285
176 258
315 387
60 317
284 301
309 329
159 200
139 381
31 150
132 190
91 314
195 246
116 213
208 374
70 293
240 305
45 121
3 329
22 200
135 141
6 109
40 43
74 352
119 392
81 123
15 308
137 149
129 250
151 199
29 193
255 299
98 331
107 171
271 380
180 251
53 108
23 378
125 225
340 391
107 295
341 360
292 333
19 204
87 140
185 252
62 75
130 206
40 263
29 102
138 194
207 259
96 373
64 296
15 94
155 196
250 348
275 383
102 341
29 96
37 356
296 330
174 327
86 160
214 285
81 314
197 218
93 148
99 218
69 351
200 208
97 330
286 306
55 376
123 240
43 107
344 392
272 346
32 95
31 62
37 232
52 293
171 321
189 251
49 335
53 239
137 272
50 307
174 280
99 110
38 126
188 359
286 383
267 387
110 157
79 336
66 124
313 360
29 211
88 122
145 250
16 79
346 358
189 315
108 303
83 136
12 182
31 371
67 320
326 399
21 209
95 158
96 105
166 229
71 136
5 370
259 378
212 214
61 396
345 370
4 189
219 350
243 306
239 391
128 145
184 328
41 287
4 222
150 338
71 83
164 320
225 248
29 69
6 176
16 276
13 125
171 186
36 253
105 373
33 40
103 168
42 206
226 344
174 307
273 327
0 230
154 225
270 318
152 363
11 175
276 299
188 394
7 331
305 318
220 387
362 385
14 324
4 284
224 227
52 388
195 258
134 135
90 394
97 246
207 338
240 372
107 174
221 264
268 390
130 152
56 368
21 224
111 377
138 165
150 152
225 379
317 328
77 139
141 175
96 229
78 307
172 263
31 399
84 278
104 107
28 323
250 300
285 359
177 209
13 29
9 185
222 253
166 373
82 90
169 265
5 272
218 219
283 376
77 216
8 299
173 361
264 335
104 307
137 389
101 118
247 301
142 239
98 340
164 385
152 207
6 64
39 395
248 306
130 338
187 279
43 307
129 145
40 107
249 364
277 371
160 246
80 115
76 196
87 209
69 166
272 345
217 362
329 395
20 77
62 371
337 394
49 129
143 311
243 248
11 84
239 323
9 282
147 254
0 363
189 247
154 243
14 251
115 346
15 185
4 332
26 181
269 361
7 239
128 316
176 366
216 390
246 396
40 353
221 397
289 363
199 231
48 172
81 132
33 43
218 235
209 357
47 71
385 393
222 384
59 122
66 105
153 380
249 384
5 346
311 380
118 151
121 159
107 307
280 353
381 397
11 278
88 364
141 334
187 273
43 172
161 300
95 202
6 366
45 246
118 126
38 199
7 98
182 294
303 374
70 346
122 222
132 270
143 360
40 172
48 311
322 352
81 131
134 334
112 318
324 347
234 305
23 230
246 330
289 308
194 350
52 346
210 357
81 240
291 390
176 234
12 294
167 361
101 113
80 358
51 262
110 355
85 145
106 124
46 184
44 345
222 301
188 214
112 190
82 101
256 300
238 326
31 197
10 287
62 399
93 251
22 375
81 372
170 304
184 393
14 341
36 364
42 130
154 205
48 271
179 284
9 94
67 302
42 321
273 290
328 334
103 339
163 267
91 376
100 192
72 175
6 246
149 204
221 316
284 395
84 95
17 61
137 281
127 233
3 322
124 235
159 242
267 313
6 258
23 237
16 348
16 128
7 51
234 270
109 234
10 113
77 390
120 135
15 312
170 339
183 216
4 114
139 355
68 205
42 62
63 152
195 261
63 207
49 58
287 369
167 169
215 274
163 302
324 341
129 316
77 183
67 148
11 127
97 227
85 128
234 258
128 250
37 310
14 180
207 319
267 315
105 136
142 323
184 233
50 178
46 217
94 363
3 309
113 126
27 165
188 337
263 302
222 249
261 396
213 219
150 326
25 194
90 339
41 361
49 340
142 262
254 338
14 351
54 178
45 133
148 302
173 369
105 229
90 156
145 300
95 244
48 380
151 298
201 255
199 298
111 151
256 367
76 304
18 394
107 290
31 238
3 220
102 193
278 294
206 338
9 319
154 306
178 290
132 240
280 307
83 193
99 116
134 184
144 294
65 344
124 211
114 189
128 257
193 351
176 195
243 286
386 397
242 274
29 351
343 345
149 155
210 274
15 289
73 152
180 324
214 232
235 349
10 120
25 177
86 258
244 278
41 126
116 165
150 349
195 330
279 369
196 282
80 232
9 312
20 139
76 363
195 260
198 209
194 390
317 327
141 287
163 322
18 156
208 210
62 277
232 310
0 63
203 281
264 286
44 282
205 306
234 372
9 363
311 347
239 262
53 266
141 233
120 287
268 386
210 374
315 352
66 153
175 233
198 350
30 38
59 253
44 162
148 263
74 251
279 377
79 161
41 120
285 337
52 91
81 293
282 343
143 324
131 240
239 331
297 346
122 247
212 272
19 282
240 293
86 281
8 161
339 394
262 323
203 297
57 354
212 345
26 125
183 355
47 211
171 271
277 290
288 299
156 265
164 217
9 155
167 269
35 159
147 273
119 244
297 389
62 349
89 156
246 296
57 277
59 181
76 285
22 215
101 103
263 313
2 58
142 228
147 338
51 98
331 375
128 255
139 397
205 248
346 370
213 291
251 341
165 213
17 45
102 347
118 199
25 139
47 105
36 88
144 182
153 238
180 311
220 322
310 358
151 169
95 144
26 193
78 107
79 128
66 349
164 393
263 320
256 335
171 290
161 257
15 155
65 158
24 313
112 131
174 353
31 349
56 83
173 269
181 364
251 324
70 92
201 257
90 265
6 396
248 286
228 331
316 348
92 232
59 384
131 190
123 388
46 385
135 287
5 115
60 134
2 128
183 350
63 319
189 309
7 228
195 366
52 314
129 300
178 327
81 318
53 391
120 279
25 390
237 265
81 388
272 297
246 261
225 368
187 254
19 137
259 363
105 153
197 235
109 258
96 153
142 331
2 340
195 398
63 378
222 332
22 331
10 361
2 129
248 383
186 353
134 287
125 379
16 201
214 370
40 307
69 347
98 262
179 395
278 392
134 369
257 276
122 253
30 244
166 380
21 312
163 387
75 295
256 264
212 389
127 175
316 336
272 388
169 339
228 262
123 372
17 330
161 299
152 338
186 307
295 354
77 350
146 159
291 350
166 271
56 211
346 388
329 352
80 370
149 196
139 268
76 359
183 390
108 210
149 227
176 260
20 355
116 138
258 260
219 291
23 187
1 159
181 384
20 397
0 185
25 213
194 216
48 75
12 278
271 371
43 104
289 312
161 348
336 348
25 291
114 332
103 151
44 115
51 228
326 349
62 380
93 315
92 356
192 289
200 375
190 240
131 305
382 383
70 376
236 306
194 213
49 316
347 360
181 249
88 222
135 369
11 226
240 270
1 121
52 240
115 310
143 172
254 378
135 269
294 392
53 58
324 360
59 249
13 193
292 321
4 179
213 350
63 363
197 349
65 392
32 65
36 301
211 379
236 264
94 289
155 289
115 212
311 324
261 366
105 235
196 337
50 353
321 354
238 380
240 318
248 379
25 110
69 311
174 178
78 104
84 141
60 362
103 265
181 253
208 266
204 325
67 267
23 147
371 380
112 270
238 373
172 313
216 386
144 158
5 137
107 353
85 161
72 127
87 177
177 198
62 326
162 214
230 237
42 223
230 304
14 360
25 216
308 325
117 336
4 122
24 148
34 126
123 318
111 173
259 304
31 75
138 213
200 215
70 370
225 383
257 348
191 274
1 242
60 334
51 391
5 345
115 370
114 222
36 384
25 198
361 369
82 156
2 316
221 268
108 266
102 342
43 78
237 377
249 253
120 369
157 165
140 209
25 355
97 160
10 269
75 292
296 398
86 297
15 319
214 358
69 102
17 64
319 363
26 122
233 334
148 267
231 298
64 133
105 218
174 290
86 203
116 350
132 318
74 267
305 372
293 376
240 376
86 109
20 106
9 15
148 313
100 363
68 368
293 314
66 238
74 387
79 276
87 357
57 107
79 299
110 116
232 358
161 367
21 241
180 341
78 280
368 383
88 249
23 259
24 217
48 354
110 350
260 366
60 184
0 319
290 353
139 183
105 238
67 172
83 125
158 344
57 186
58 303
31 373
113 168
3 39
213 216
13 56
98 276
93 267
149 185
302 320
21 165
69 143
152 223
60 233
93 352
27 198
128 276
250 367
159 215
186 277
124 355
65 226
87 241
188 310
88 351
89 92
39 189
191 375
129 348
13 83
73 192
262 391
74 360
93 360
72 184
79 348
105 197
106 183
93 322
21 325
73 289
255 257
10 237
190 270
373 380
68 248
144 233
227 325
372 388
242 375
316 335
95 294
171 354
165 241
34 103
112 305
244 294
267 322
209 241
91 283
158 226
63 259
236 286
128 336
14 189
93 324
13 47
160 203
34 199
116 291
146 210
148 163
114 301
81 190
290 333
146 266
8 288
206 378
82 356
244 392
281 389
28 375
18 339
42 147
229 373
189 284
283 314
154 368
110 213
4 247
214 310
315 322
56 71
180 347
232 356
301 332
77 355
216 268
83 245
15 73
138 350
164 362
186 295
175 226
180 360
335 336
145 367
364 384
117 340
379 383
97 224
170 230
139 386
25 77
109 260
94 282
110 390
223 338
57 290
42 150
170 377
1 274
321 333
68 243
24 385
338 378
22 303
271 373
53 374
30 119
71 211
23 254
122 384
167 377
120 173
284 332
104 174
329 387
214 345
187 269
106 355
251 315
186 290
94 308
173 377
261 330
140 227
86 389
64 396
297 370
240 283
195 296
60 127
277 292
84 294
27 213
238 371
46 365
271 295
269 279
51 323
124 218
40 78
123 305
327 353
152 378
0 259
3 387
10 151
122 364
166 311
94 312
122 181
182 334
39 309
156 339
29 71
54 273
102 311
306 382
61 398
100 223
388 389
70 283
35 398
41 113
10 167
106 139
370 389
122 249
50 104
161 288
190 305
68 306
1 191
48 295
35 274
99 219
186 292
23 207
204 343
4 36
52 81
167 237
335 381
28 159
262 340
183 275
207 378
222 364
23 167
112 132
95 392
113 151
220 352
116 194
207 363
224 325
77 268
300 367
121 242
204 224
365 393
41 231
322 329
164 263
244 298
128 367
36 249
75 371
206 321
44 212
61 64
157 194
101 168
257 299
36 332
116 157
277 354
49 79
156 356
117 303
269 287
272 370
4 88
61 133
11 158
44 358
68 382
100 289
80 310
121 274
263 307
162 282
145 161
121 246
117 391
107 292
134 233
236 256
131 318
336 340
198 386
92 310
15 192
76 337
264 306
18 37
133 224
205 225
45 261
108 208
60 365
188 358
268 397
186
65
148
65
86
70
69
194
119
112
100
15
33
120
137
86
150
181
126
28
228
71
88
86
186
29
167
69
64
75
40
124
54
104
77
193
23
59
106
95
48
58
45
90
92
109
41
212
91
126
68
135
97
112
50
105
262
130
54
18
143
76
68
57
174
15
102
298
64
63
142
26
82
116
39
151
79
26
50
125
41
34
68
116
80
131
128
111
78
76
45
150
154
209
158
91
118
115
82
74
52
113
98
110
142
135
47
63
99
151
135
101
233
141
75
136
162
130
32
101
130
83
107
39
119
65
89
51
81
138
150
55
151
165
127
119
158
106
145
140
169
147
29
53
87
175
50
104
196
208
109
74
55
111
168
141
38
208
59
71
141
169
192
155
50
152
102
155
32
57
90
37
185
186
52
123
73
11
77
64
217
144
65
132
43
76
65
120
25
143
114
214
10
233
159
137
137
151
166
225
133
82
92
110
102
112
43
49
142
24
116
207
80
195
78
19
94
125
68
43
27
70
69
157
103
146
57
51
79
71
14
103
78
72
17
181
183
47
40
52
54
91
142
153
19
60
210
19
151
48
110
84
111
96
194
133
78
104
60
39
74
176
126
93
55
54
146
139
89
52
39
75
63
38
80
162
176
128
46
98
100
75
77
70
98
85
67
19
67
103
55
119
129
206
83
180
168
118
92
31
116
73
102
83
94
54
58
90
49
211
87
30
88
66
38
9
139
30
131
132
64
48
73
66
115
82
168
68
96
60
63
100
73
146
38
108
100
166
144
74
92
169
111
27
116
73
87
76
45
102
12
147
69
158
121
62
184
185
91
143
156
76
154
127
193
47
11
167
78
98
32
32
88
126
76
110
55
121
77
67
143
162
113
91
27
108
77
77
175
188
128
120
73
76
122
48
66
168
87
62
113
82
76
99
39
65
63
111
109
145
179
136
133
106
100
139
102
126
63
62
101
16
74
165
164
86
147
124
29
118
34
76
94
94
60
107
89
57
9
38
147
70
82
112
94
108
58
191
67
164
129
104
168
16
68
63
135
69
65
112
128
79
73
124
122
23
152
200
121
145
95
67
12
50
74
175
165
198
60
73
124
83
105
216
96
57
74
9
118
112
65
176
70
34
124
129
105
55
99
54
66
69
55
38
131
131
40
200
105
31
80
158
22
119
46
75
73
104
34
46
99
79
63
80
77
63
128
118
42
111
43
29
92
94
152
80
108
103
149
114
188
48
92
109
109
69
203
59
143
74
52
167
60
84
148
64
96
34
70
175
55
186
166
118
68
95
54
72
51
123
162
87
151
112
73
114
32
201
50
77
80
72
33
152
81
85
87
160
245
78
57
128
118
66
153
171
106
96
70
118
34
161
149
192
54
121
70
77
93
96
73
83
97
87
88
39
39
139
77
25
50
127
143
54
129
101
158
82
53
39
90
181
68
118
41
19
160
80
62
63
187
156
100
173
132
146
169
145
144
240
64
133
69
108
231
29
154
134
115
51
74
156
36
143
62
152
74
96
125
47
54
39
171
138
151
51
94
107
106
49
34
19
72
104
108
139
113
215
62
26
225
166
75
89
183
56
121
131
75
112
100
124
126
240
166
130
84
133
90
110
147
142
160
134
84
83
14
77
218
152
70
124
245
117
74
94
98
63
85
17
143
67
59
51
122
141
35
103
112
69
131
43
77
182
73
32
20
143
77
148
99
143
153
97
146
37
82
119
103
87
43
140
163
20
243
129
75
128
70
208
200
216
64
91
52
31
20
85
94
78
172
48
126
146
134
54
70
43
59
83
80
91
56
73
145
60
66
166
31
114
114
34
71
90
161
83
65
187
26
88
191
215
40
100
121
131
89
88
73
65
106
56
94
51
182
211
143
31
120
114
58
33
148
169
99
45
148
79
211
97
48
70
165
99
131
94
188
99
46
152
40
122
85
81
133
153
56
116
114
79
145
84
84
109
12
94
140
85
87
121
58
45
145
111
63
130
104
19
158
148
91
104
113
61
119
171
109
71
117
63
156
93
65
43
79
116
66
194
127
145
141
212
78
58
107
106
76
56
128
103
138
61
78
131
153
154
19
33
144
70
227
97
78
42
123
219
10
202
121
91
98
51
27
108
164
58
169
158
132
46
133
106
18
94
51
122
79
23
168
76
102
63
77
70
145
184
110
115
30
213
66
78
84
218
81
125
185
72
79
163
44
114
74
151
148
52
195
170
68
109
99
200
83
65
163
72
185
132
114
68
169
124
62
31
44
118
51
16
215
87
78
102
142
48
79
104
40
74
147
92
53
31
27
143
58
47
98
83
78
52
101
132
143
41
137
49
65
121
136
105
53
116
42
55
78
35
150
135
64
88
70
209
110
68
194
133
76
169
86
35
211
72
125
148
21
104
108
109
81
160
99
227
121
153
59
172
155
13
146
141
129
135
73
173
94
128
31
62
102
106
78
143
75
98
82
41
88
107
121
136
46
146
100
160
124
111
171
101
67
80
94
43
58
14
66
109
79
139
93
155
52
97
35
214
55
112
17
69
144
60
132
99
151
153
24
165
171
62
117
144
66
38
128
43
53
207
63
115
166
99
160
164
121
91
127
166
122
112
50
193
194
144
65
54
34
56
70
42
123
95
190
83
172
171
55
68
207
183
80
176
195
77
87
121
81
151
60
42
195
206
183
123
188
42
160
81
86
46
36
97
99
119
22
119
68
165
99
81
54
216
90
115
179
68
18
150
52
53
222
126
193
170
150
163
115
94
88
63
77
59
103
156
204
110
128
179
130
158
200
63
90
81
56
80
139
204
28
109
144
78
53
157
137
110
14
64
115
145
101
115
108
137
97
61
137
72
56
22
148
50
91
140
114
184
65
64
96
142
84
94
46
142
167
76
106
212
66
62
128
164
76
49
104
39
100
16
163
179
66
135
119
214
137
141
152
85
105
54
75
122
65
92
154
232
94
65
77
137
41
71
109
53
137
179
74
103
219
73
148
121
36
194
140
68
16
28
25
109
117
180
217
72
110
139
94
128
157
147
49
173
125
66
65
195
45
152
143
18
78
188
77
126
182
46
172
61
62
222
55
79
61
124
63
223
80
143
78
74
139
66
37
87
188
67
20
124
129
63
122
119
78
161
107
32
71
115
132
76
27
32
167
206
52
91
43
125
152
78
21
89
87
112
70
86
89
102
130
33
101
205
183
147
114
196
120
71
148
72
76
32
94
99
60
94
107
201
170
100
125
106
163
122
90
10
154
94
64
85
183
106
192
58
114
117
115
127
90
49
74
22
229
23
179
98
27
43
43
74
85
106
31
44
51
183
98
208
170
175
100
155
51
90
132
172
167
162
147
156
79
159
40
154
64
169
23
97
108
37
90
130
58
119
153
141
88
164
173
156
37
52
187
161
191
15
110
101
60
69
117
162
126
72
154
82
109
160
77
187
18
136
57
105
84
87
84
78
197
86
72
93
75
108
83
133
96
103
68
111
214
78
51
99
44
120
126
124
99
43
176
131
52
94
76
65
88
143
20
180
75
30
262
64
51
92
195
35
108
117
44
86
129
160
49
204
29
37
151
53
86
113
166
168
51
100
143
127
136
31
110
136
124
89
73
162
119
128
72
45
232
104
119
39
99
181
101
116
98
21
71
129
209
175
140
102
81
75
163
51
140
124
92
69
150
123
54
81
149
148
250
43
132
157
92
120
102
56
98
79
122
76
54
70
96
82
43
176
122
193
168
82
64
127
48
93
86
64
45
87
101
81
163
61
60
136
128
140
186
80
22
176
32
139
43
117
93
148
80
113
15
87
75
52
120
93
113
140
52
56
135
105
152
21
106
96
73
37
123
149
60
125
137
35
43
93
90
101
99
89
153
104
80
38
110
167
32
102
118
35
141
31
121
150
224
140
101
153
132
60
150
191
108
116
162
150
53
120
83
36
39
105
91
135
195
64
225
183
98
78
187
55
47
112
121
84
83
47
123
39
84
138
169
24
194
151
34
72
87
24
120
110
83
28
8
112
198
157
156
169
140
51
99
28
100
65
142
86
30
72
99
81
108
143
66
130
55
116
60
108
91
69
175
61
191
70
76
94
39
149
80
51
160
36
105
58
101
115
94
178
207
84
116
96
87
103
121
81
42
18
57
87
117
156
116
41
55
84
125
123
64
74
65
48
24
50
167
100
65
105
208
17
62
81
197
123
72
44
74
217
128
252
51
67
22
83
118
149
89
117
41
67
103
24
122
32
59
162
97
63
43
164
150
50
130
146
107
205
83
150
183
155
47
88
60
115
90
95
169
38
139
77
124
97
120
159
187
104
96
140
73
93
52
146
170
21
36
74
55
21
31
115
135
58
89
91
126
171
54
155
45
68
103
75
145
20
143
57
138
80
202
42
90
218
71
189
130
88
79
79
78
23
117
64
44
158
8
39
246
126
44
111
129
224
135
79
147
187
188
79
100
201
98
125
159
67
44
153
109
86
146
129
85
196
118
92
156
87
179
204
214
161
154
30
172
85
94
