1000 20 12 2378
2 15 6 21 17 6 11 6 1 2 11 11
1 10 7 18 10 12 9 6 5 14 11 4
2 8 0 1 11 1 10 0 1 1 4 6
0 5 5 4 3 5 5 7 16 9 0 13
4 0 3 18 8 4 20 1 9 16 2 4
9 18 15 10 1 2 16 2 6 17 6 12
4 5 3 4 9 0 5 14 19 4 9 9
11 1 2 4 6 0 21 8 3 11 2 8
11 4 5 0 9 18 19 14 4 10 13 9
1 8 11 14 7 2 7 1 3 12 3 5
1 15 1 13 5 7 2 1 3 1 1 1
6 14 3 12 1 21 4 4 1 10 0 2
1 9 2 5 3 5 4 5 3 14 14 7
4 5 5 2 2 1 2 5 2 1 0 0
12 2 1 4 2 8 2 4 9 8 1 6
2 2 2 4 2 6 4 14 0 6 1 5
0 1 2 2 0 7 4 2 5 6 3 1
4 0 3 1 6 4 0 4 1 0 2 2
1 4 4 1 3 2 5 1 3 1 5 1
3 6 3 1 2 5 3 6 5 4 4 6
8 3 8 0 3 2 4 4 3 3 4 10
5 4 10 15 3 3 11 9 0 9 1 0
16 3 9 13 2 3 2 3 10 12 6 4
1 5 16 4 0 12 11 11 11 2 7 1
5 5 0 9 1 8 5 20 7 2 20 16
2 11 7 5 3 10 1 2 3 5 5 21
5 4 1 4 6 5 6 4 9 7 8 4
2 4 11 6 4 9 1 13 13 9 1 10
1 2 2 5 4 4 6 1 1 2 2 2
3 7 1 0 1 1 2 2 2 6 4 1
6 2 0 9 10 6 3 1 4 0 4 0
3 10 5 9 1 3 3 2 2 0 8 3
2 8 2 9 6 1 5 7 8 0 3 2
2 4 13 19 2 12 5 6 10 12 1 2
2 1 3 4 0 3 2 2 7 4 3 2
8 4 8 15 5 15 1 11 1 2 9 16
2 3 0 3 3 6 4 3 8 12 2 2
8 11 7 1 10 4 2 2 4 8 1 12
15 23 7 8 17 9 1 3 5 3 7 0
1 4 13 5 2 5 7 11 4 4 19 8
7 5 3 9 3 1 3 5 18 4 2 6
10 12 10 13 8 12 6 7 13 4 3 7
2 2 8 6 3 9 1 1 2 1 4 4
6 2 2 7 26 0 0 9 14 8 10 6
0 11 8 4 11 2 1 13 2 8 6 0
19 12 14 4 12 8 10 8 10 8 16 5
1 4 15 1 0 0 15 3 1 11 12 3
5 11 21 2 3 17 14 12 3 9 5 6
1 3 3 3 17 3 4 2 1 3 1 9
1 0 7 3 5 2 5 4 1 3 1 7
2 12 6 1 12 3 1 26 4 1 1 5
4 9 3 10 0 1 6 18 0 3 3 8
3 3 4 2 13 2 3 2 5 8 9 5
3 3 12 5 3 6 4 9 0 6 1 5
1 2 0 1 5 3 11 18 1 12 7 2
4 7 0 5 3 3 1 4 4 4 1 6
1 8 0 3 2 3 0 4 2 6 2 1
6 7 5 7 7 2 1 7 6 3 5 7
5 3 0 6 2 5 3 1 3 4 7 0
1 3 2 3 4 3 2 3 3 2 2 8
3 7 26 10 9 9 9 3 3 4 5 6
3 3 1 2 2 1 12 13 11 9 14 12
1 0 18 9 6 4 2 14 0 10 24 9
4 0 4 1 0 4 6 5 3 3 4 2
7 6 2 2 1 1 6 3 5 4 2 6
2 0 2 3 7 1 2 5 3 3 2 0
2 11 1 5 3 7 5 3 9 1 1 3
17 6 7 9 6 1 5 6 12 9 0 10
21 10 12 16 12 2 10 8 8 6 9 6
8 6 6 4 16 10 4 6 4 2 0 3
5 13 0 5 11 4 1 6 6 12 11 5
2 4 2 1 2 3 8 6 2 4 1 1
6 4 9 1 21 3 2 6 13 15 9 11
6 1 15 4 1 1 13 2 1 0 3 2
15 7 7 11 5 5 0 17 15 7 10 12
14 4 13 10 11 1 5 2 8 17 6 14
3 9 6 2 8 8 9 8 13 2 6 8
6 4 3 6 4 8 1 0 8 4 9 1
6 3 5 2 9 0 7 4 1 0 1 16
15 5 19 5 2 10 8 12 3 9 11 7
0 16 2 10 15 10 5 22 2 8 14 4
5 0 3 10 3 5 1 9 11 17 4 7
13 15 7 9 19 3 0 19 14 3 1 5
2 6 4 4 6 14 6 9 0 10 5 11
2 1 3 3 1 10 14 19 7 2 5 9
3 3 1 2 2 4 9 4 4 1 4 2
11 14 9 10 9 11 7 3 0 3 11 0
5 1 0 6 4 1 1 3 1 0 1 4
7 4 2 6 2 10 2 2 6 6 2 0
1 4 13 5 11 5 1 1 2 7 2 1
0 12 9 4 1 10 20 3 2 4 5 3
14 4 12 9 5 8 6 2 6 1 6 7
7 5 3 9 1 0 11 3 5 1 5 6
2 4 4 2 4 1 0 2 3 6 4 2
11 8 2 7 9 2 8 22 3 1 1 10
2 13 13 5 2 0 12 1 1 11 1 11
3 8 7 5 8 8 1 1 3 6 2 3
4 8 8 2 0 11 9 7 9 7 0 11
9 1 0 2 2 1 4 1 8 7 1 2
8 4 4 2 3 7 10 2 6 3 9 13
2 3 4 5 11 7 3 1 5 5 1 3
0 4 0 7 9 17 2 2 7 8 6 12
11 6 1 5 2 1 3 0 2 5 3 3
1 1 6 3 1 2 2 3 6 1 0 4
5 24 8 5 3 7 0 7 5 3 7 19
4 6 4 3 7 13 1 7 17 1 6 5
5 9 4 3 2 0 1 3 3 8 2 1
4 1 5 2 5 10 0 3 5 12 0 2
2 5 0 1 4 4 5 2 10 1 1 2
0 2 0 11 1 3 1 3 7 1 8 1
2 12 2 2 8 3 4 5 9 2 2 0
3 3 2 6 8 6 3 18 1 6 31 7
7 9 8 0 19 20 15 5 1 3 7 7
10 10 10 12 4 19 2 1 10 2 0 7
22 15 5 10 9 2 11 12 3 0 4 17
0 1 12 23 6 15 0 15 10 3 2 2
2 1 1 2 4 2 8 1 2 5 1 13
1 4 1 1 6 11 7 3 1 7 1 7
4 6 1 3 2 9 8 3 2 1 4 9
1 8 10 13 3 8 11 1 2 3 6 2
3 6 6 7 0 7 5 7 8 2 2 0
4 1 7 3 8 2 2 6 8 1 16 5
3 8 9 5 3 8 8 9 9 1 2 3
5 7 3 0 1 4 5 9 3 19 1 7
5 0 11 7 3 21 1 5 5 7 2 14
8 3 14 0 2 0 2 21 8 0 26 3
3 3 5 1 5 10 1 10 2 1 2 5
5 5 11 0 2 7 2 6 2 3 1 3
2 13 9 11 5 16 6 10 14 4 7 1
0 2 3 8 2 2 1 1 2 3 5 2
4 3 0 11 9 3 1 7 3 9 4 2
5 8 0 3 2 1 1 10 14 4 1 3
5 5 1 5 5 3 2 0 2 3 0 1
11 2 1 2 9 9 8 10 17 5 7 5
14 6 2 0 8 22 22 0 6 12 10 1
5 9 14 12 3 1 5 1 9 25 0 8
4 3 6 2 2 5 0 5 3 0 1 6
2 0 2 1 2 6 10 2 2 2 8 2
2 3 4 2 2 3 2 1 3 6 1 2
0 5 8 1 1 1 0 1 2 4 4 1
3 19 6 7 3 3 9 7 10 2 10 12
7 1 0 5 30 9 6 13 13 1 5 6
1 3 1 10 7 2 9 3 5 2 2 5
10 5 1 3 5 8 1 1 3 12 5 0
16 3 1 14 2 5 13 3 2 4 5 1
15 3 14 14 5 9 3 5 4 7 13 3
2 9 2 1 2 2 1 0 2 1 8 2
1 5 4 15 3 7 9 5 4 6 2 11
2 1 16 6 6 5 2 8 1 9 12 11
11 9 2 1 12 11 15 8 4 10 0 0
4 2 1 7 4 6 3 5 1 3 2 9
1 10 9 2 5 5 16 13 7 7 14 9
5 19 1 8 5 17 5 4 4 5 7 26
7 6 0 8 5 9 4 18 3 12 3 8
2 2 5 3 0 3 1 6 1 4 1 5
1 6 4 9 3 0 6 8 4 18 13 2
13 5 6 9 4 9 2 21 19 9 7 11
3 6 4 3 0 3 0 1 2 0 0 3
9 0 8 15 6 9 3 14 12 5 5 13
0 19 0 1 15 6 10 5 3 0 7 4
14 18 1 14 10 8 8 1 7 3 1 5
7 2 10 6 3 2 6 3 6 1 26 15
8 5 15 4 8 1 3 2 12 1 16 4
2 1 4 14 1 1 8 10 0 11 5 20
17 6 14 2 13 0 6 6 5 4 9 7
7 0 9 15 1 4 6 11 10 7 12 1
16 4 7 2 2 11 14 8 11 8 4 5
1 6 2 5 2 2 4 1 5 4 3 5
6 7 2 1 1 6 8 2 4 4 1 7
5 7 22 6 1 9 2 3 10 7 6 10
1 6 14 2 5 2 23 5 7 3 5 5
10 12 13 3 2 1 11 2 9 6 11 12
2 1 3 9 3 3 6 4 5 2 5 7
5 2 6 8 20 4 9 3 11 14 13 3
23 11 4 3 7 4 15 2 3 6 3 5
0 4 4 1 9 10 1 21 1 6 4 5
8 4 5 4 17 4 4 6 11 1 8 5
11 3 7 4 3 7 4 3 3 2 12 13
6 21 8 9 12 2 14 2 8 11 13 3
14 6 9 17 2 13 8 10 9 12 8 13
10 22 14 8 4 6 12 4 5 7 3 1
1 1 3 7 6 4 15 7 2 6 12 4
1 5 5 10 3 4 14 3 5 6 2 19
10 10 9 6 2 12 1 0 11 1 2 6
3 4 6 4 2 3 1 5 1 2 4 2
5 1 8 5 0 8 2 1 3 2 4 3
2 2 1 4 4 3 0 1 3 3 2 6
1 4 9 10 3 7 2 8 4 3 3 6
18 5 12 7 10 2 7 2 7 20 11 4
1 14 7 7 14 9 10 2 5 8 3 3
1 1 0 2 2 5 4 20 12 4 7 9
5 19 8 16 6 1 20 2 4 12 5 14
7 10 5 18 12 15 8 1 9 0 0 5
8 12 8 7 1 1 1 7 3 6 2 5
2 5 17 7 3 3 3 1 4 5 0 8
5 3 5 6 9 7 5 1 2 5 10 16
4 9 2 7 5 8 13 4 7 3 7 0
8 9 2 13 7 6 6 6 3 9 1 7
1 0 5 4 4 2 0 2 5 4 10 4
2 7 6 0 0 5 2 8 3 2 3 5
0 3 11 0 12 18 20 11 1 2 4 19
5 8 2 2 1 8 9 8 6 0 0 1
6 10 8 5 3 2 2 12 3 17 1 7
24 3 7 7 16 0 16 4 14 6 1 1
11 9 4 0 2 23 8 2 3 9 10 22
1 5 4 13 9 3 2 2 2 3 5 3
1 4 1 4 0 14 10 22 9 8 3 2
15 2 2 4 1 11 6 16 21 4 20 2
8 2 1 0 0 6 17 19 3 8 3 6
3 18 0 15 4 4 0 7 6 10 4 3
7 3 3 3 0 6 3 2 0 0 1 1
7 2 0 4 5 1 3 3 4 1 2 1
2 7 9 1 0 12 16 0 10 7 1 14
9 10 2 4 4 5 3 2 5 0 4 6
5 7 1 3 6 7 3 1 5 4 2 0
13 2 19 1 14 8 8 7 12 3 13 6
2 12 2 1 5 0 11 6 4 17 5 8
7 6 11 4 6 3 4 5 1 1 0 3
5 8 12 8 5 16 3 1 17 7 1 4
2 2 4 4 2 3 0 2 5 1 5 3
3 2 6 0 5 3 10 15 4 7 4 8
2 8 7 0 1 4 2 2 14 23 13 2
6 3 13 5 3 6 5 1 2 4 15 18
1 10 1 1 9 9 16 6 1 1 3 11
3 4 20 4 2 5 4 3 2 1 5 3
4 6 8 6 4 3 3 1 8 1 6 4
8 11 5 2 7 4 2 0 6 7 1 9
16 3 12 7 0 5 2 5 2 3 13 3
16 8 2 8 5 3 3 10 12 12 1 24
19 4 4 8 3 1 28 8 0 2 15 3
7 13 3 11 23 5 5 11 0 11 2 6
4 8 4 16 4 5 7 2 5 2 11 8
9 2 6 8 1 6 9 9 2 3 5 21
1 4 2 2 2 12 3 2 4 9 5 8
3 2 4 4 4 0 9 2 3 1 9 12
8 10 12 2 11 2 10 14 7 6 0 3
1 2 1 1 4 19 7 8 9 10 2 7
3 5 9 6 0 2 6 2 8 1 1 9
4 2 13 17 20 1 4 6 5 9 6 11
17 9 4 2 3 20 10 2 14 3 17 5
8 6 6 3 2 13 4 21 1 17 5 6
12 3 7 7 14 0 9 1 7 7 17 5
9 4 3 17 17 20 1 5 12 8 6 0
1 7 4 1 1 10 3 4 5 11 1 1
1 1 13 6 13 4 6 3 2 10 6 2
16 2 3 3 4 1 6 2 4 8 1 1
5 10 1 0 2 2 1 1 6 17 4 4
9 1 11 2 6 15 10 2 16 7 19 9
5 3 6 8 1 6 0 5 1 4 0 10
11 6 3 1 5 3 4 3 10 0 2 5
2 3 2 1 12 7 5 9 0 6 5 1
1 6 8 21 3 15 0 14 12 2 1 8
8 0 4 2 10 9 5 1 2 3 7 1
0 0 13 8 3 1 0 2 0 2 4 5
0 2 1 9 13 1 6 6 10 1 2 14
1 15 1 10 12 5 5 0 12 1 3 17
15 10 10 11 4 9 5 11 3 7 7 8
2 11 14 5 1 2 1 7 3 2 10 13
5 22 7 1 13 3 13 9 12 6 13 9
18 20 13 1 5 6 18 10 0 5 12 0
1 6 8 3 0 0 2 0 5 16 2 9
2 6 7 18 19 5 9 1 10 3 10 17
6 2 16 20 13 4 0 2 3 0 5 5
7 5 3 0 3 4 2 3 9 12 8 16
1 11 0 8 13 16 1 2 4 19 12 7
11 4 4 8 14 13 0 19 20 4 7 2
7 4 5 2 7 8 2 3 3 1 3 5
13 23 1 5 5 3 6 17 4 13 5 6
2 1 2 3 1 1 4 1 1 7 1 5
8 11 5 0 1 0 3 17 1 15 12 4
2 4 5 2 14 12 9 5 0 11 2 1
17 9 19 6 3 8 6 9 12 4 1 9
14 4 20 0 0 14 12 2 0 4 16 1
12 8 3 7 5 8 7 4 2 2 8 6
4 7 5 6 5 1 7 4 2 1 13 7
2 3 6 10 7 8 4 1 5 1 4 7
4 9 1 2 4 5 4 10 3 10 34 7
14 5 1 2 12 7 17 2 6 5 1 2
1 2 3 3 4 2 2 2 1 5 5 4
27 0 8 13 6 5 8 7 2 14 6 10
4 3 9 7 8 8 0 4 1 8 7 1
4 1 7 0 17 5 5 2 15 10 14 1
3 1 3 0 2 4 6 0 2 5 6 1
4 8 1 1 12 3 12 16 1 17 2 6
6 2 1 11 1 5 4 12 8 2 7 1
4 5 4 1 1 0 1 7 5 6 3 6
17 7 12 12 2 9 0 6 17 5 0 8
2 1 4 17 5 7 4 14 2 1 6 11
3 2 2 5 3 0 1 2 3 9 7 9
3 0 13 2 23 11 4 2 5 9 9 3
5 3 4 1 1 2 0 7 7 2 11 10
3 13 15 5 4 2 2 11 6 5 9 2
1 4 12 12 2 17 2 18 19 13 10 1
19 12 5 7 6 7 1 1 1 14 10 7
6 11 10 2 1 10 2 2 2 4 18 4
9 0 2 6 5 1 4 1 4 1 6 1
2 1 2 4 1 7 1 1 12 17 17 5
3 0 7 7 1 4 26 4 2 17 10 18
6 3 1 5 1 1 3 13 1 1 7 8
8 3 11 3 3 2 8 9 6 2 9 3
3 2 4 4 2 7 1 5 8 1 3 2
2 11 16 10 7 3 8 3 1 11 5 2
6 4 10 5 0 12 2 2 7 6 3 7
3 3 6 0 1 9 5 2 2 0 2 1
15 2 3 5 2 4 8 10 9 8 4 12
2 1 5 3 4 5 8 15 14 0 8 2
2 4 2 1 6 11 1 5 3 3 8 3
4 2 4 5 7 3 2 1 5 6 7 12
15 7 2 14 4 13 2 3 18 4 5 0
19 3 5 15 7 11 9 9 10 5 5 19
5 0 0 1 3 6 0 1 4 1 1 6
7 8 1 10 16 4 1 1 4 2 2 1
1 2 6 4 2 1 3 3 1 2 3 4
6 1 3 3 7 5 3 2 8 3 9 13
1 3 1 6 1 1 7 2 1 2 7 3
4 9 8 3 9 2 2 9 0 5 6 2
1 8 1 7 8 29 10 15 13 4 3 2
3 6 3 5 0 2 6 5 3 1 8 9
0 8 11 4 2 3 1 6 4 1 9 2
11 3 9 2 6 19 13 2 9 13 6 8
6 10 4 9 11 2 5 9 13 2 19 6
0 5 7 2 3 6 3 1 3 3 2 2
8 1 0 10 13 5 23 9 4 5 7 2
7 0 3 3 11 4 6 0 6 1 0 6
3 2 0 1 3 1 6 5 3 8 9 7
5 2 11 8 5 9 21 10 10 14 16 13
0 1 2 4 8 1 3 0 5 1 4 3
4 15 13 1 8 1 2 2 2 0 1 7
4 1 2 6 10 6 3 1 6 8 1 3
4 6 1 1 7 4 1 1 7 1 0 1
4 3 3 1 5 6 6 3 1 0 0 1
2 6 0 8 1 1 3 2 1 5 4 2
2 13 7 7 1 3 1 2 2 7 8 6
13 15 7 19 5 5 8 12 12 11 15 4
6 4 21 6 12 4 15 9 5 19 10 3
2 2 10 6 4 6 3 1 3 2 4 3
9 11 8 1 2 3 0 5 5 10 1 10
5 2 9 1 20 7 2 11 5 14 1 8
9 9 9 7 18 2 6 12 3 6 10 6
5 10 5 12 3 3 10 3 15 10 6 4
7 0 5 8 6 0 3 5 1 3 0 2
6 3 7 24 4 10 18 5 0 5 5 14
0 4 5 6 5 1 7 11 1 2 6 2
4 4 5 9 1 7 3 11 3 2 23 6
13 17 3 11 11 0 9 3 1 8 9 8
8 8 2 5 2 3 5 5 1 6 11 4
3 4 4 2 5 4 6 0 13 4 1 5
3 9 3 1 7 7 11 21 6 24 1 0
3 6 3 7 10 0 10 3 12 1 6 0
4 6 7 4 4 7 8 2 4 12 5 18
1 3 2 14 3 15 3 6 1 9 4 24
10 3 6 2 6 7 12 1 7 17 14 8
2 1 13 1 7 2 13 11 2 23 15 9
14 12 5 1 5 1 4 12 8 1 2 13
6 9 4 3 3 11 2 2 8 2 3 5
2 12 5 10 0 3 2 1 7 0 8 8
10 0 4 1 22 10 18 10 5 9 13 6
6 7 4 13 5 2 1 2 1 11 15 26
7 8 0 7 0 6 2 3 5 3 3 3
17 2 3 7 3 13 9 4 6 2 19 8
7 6 2 2 10 25 5 6 1 1 11 7
3 3 3 1 6 0 5 6 2 0 7 3
1 0 6 9 1 2 7 0 4 10 8 8
1 2 0 7 14 2 11 1 0 6 14 9
21 10 9 17 2 8 8 8 8 7 10 4
1 1 3 8 4 3 5 5 1 3 4 1
5 10 11 2 9 16 14 12 19 2 16 2
5 3 1 5 3 3 3 7 10 1 4 3
1 18 1 2 4 7 4 1 5 7 5 12
12 11 6 13 1 2 2 2 4 6 0 2
6 14 11 5 1 6 21 4 17 1 16 11
2 1 11 0 2 1 1 1 11 6 2 4
1 4 5 8 4 5 10 9 7 13 11 4
1 3 2 10 1 11 5 4 3 2 1 3
23 1 7 9 0 4 7 2 18 14 4 0
6 14 7 11 10 9 16 3 12 14 11 6
12 10 6 11 8 14 1 2 10 9 21 7
11 4 3 7 13 9 13 9 11 12 14 20
11 8 8 21 7 12 5 20 8 4 6 14
7 17 6 9 3 6 14 2 0 22 1 10
5 8 1 19 3 5 1 3 5 4 6 13
1 2 4 5 0 3 6 1 0 8 4 4
2 11 1 3 0 1 5 6 8 5 0 4
4 1 1 6 6 4 8 1 1 3 3 4
6 0 10 1 3 1 7 2 1 1 2 8
9 13 5 0 10 6 6 4 0 6 6 10
8 5 7 17 3 3 2 0 1 13 16 11
1 9 6 9 9 7 5 1 4 1 8 5
3 12 3 3 4 2 4 2 5 4 1 3
1 3 4 2 6 1 6 10 3 7 0 3
8 4 1 5 3 5 6 8 8 3 15 6
15 6 2 4 3 21 7 9 7 8 7 14
1 2 4 4 8 0 6 1 1 3 3 1
0 5 4 5 1 7 5 6 8 3 19 8
6 4 18 0 5 14 3 3 6 15 20 10
1 3 8 0 2 4 2 3 2 0 6 1
1 2 3 6 0 0 3 6 1 5 1 8
10 4 2 15 1 4 5 6 1 14 20 5
4 3 6 13 24 14 3 0 2 1 4 13
10 16 3 12 2 3 5 4 9 14 7 14
3 1 1 5 4 2 3 6 0 4 9 0
7 2 21 5 16 9 19 6 9 10 4 8
4 2 0 2 5 6 12 4 2 3 1 1
3 7 7 0 1 10 3 12 10 3 1 8
8 13 11 3 12 4 4 8 1 15 1 6
1 11 6 8 1 6 11 7 7 9 1 6
1 2 6 4 2 2 1 2 3 2 3 1
8 3 9 2 10 21 6 2 9 3 4 3
4 6 2 4 4 5 4 9 9 2 4 2
10 1 10 6 1 7 7 4 1 16 4 11
2 4 5 6 4 4 1 2 1 1 3 2
4 2 9 0 4 6 6 10 1 3 11 9
20 6 3 2 1 3 1 2 7 2 1 13
3 5 4 1 1 3 9 3 7 1 1 4
6 1 2 6 18 11 9 3 6 15 13 16
0 3 9 11 5 5 1 2 2 3 4 4
3 5 10 9 11 1 1 11 3 3 11 8
17 4 2 1 19 17 5 10 3 12 6 2
7 4 17 5 4 4 4 11 3 2 5 2
3 0 8 9 9 4 1 2 1 2 0 0
8 8 8 15 8 0 6 2 18 16 3 12
7 4 4 3 3 4 8 4 0 4 0 5
15 7 9 1 10 3 18 2 19 10 10 2
6 0 17 9 4 9 3 1 3 3 2 10
8 4 9 2 12 5 9 10 9 3 0 2
14 3 5 12 8 6 5 8 4 5 4 7
9 2 11 4 10 0 7 3 7 1 3 2
4 11 4 3 6 0 11 3 4 0 1 10
5 4 4 2 2 1 9 5 2 3 2 1
6 7 13 6 1 5 3 2 6 2 10 0
2 1 0 3 1 15 4 3 5 13 0 6
13 3 9 21 3 4 11 5 5 6 4 11
6 6 0 5 3 2 0 8 9 12 0 13
1 4 6 7 4 3 1 6 4 2 0 5
7 3 4 2 1 2 1 2 4 2 0 6
2 14 0 9 5 8 10 8 11 2 20 2
7 9 3 18 3 8 16 10 2 7 4 5
8 2 6 2 2 8 0 9 5 3 3 8
2 1 2 5 8 8 4 1 0 0 2 5
3 1 0 2 7 0 2 0 4 2 1 6
4 4 7 7 0 12 14 10 4 9 0 23
4 9 6 13 1 18 9 0 5 4 5 1
2 5 12 9 4 5 4 9 6 7 2 5
0 3 2 15 0 5 3 2 2 3 6 2
0 4 0 2 2 3 3 5 5 4 2 8
0 3 3 6 1 1 4 0 2 5 7 2
9 4 6 4 10 2 2 6 3 2 5 3
6 2 3 3 1 0 6 5 0 1 4 2
5 8 16 3 9 13 21 1 8 7 13 4
5 4 5 2 13 8 22 8 7 9 10 22
7 4 1 12 5 5 6 5 1 0 1 6
6 1 3 9 5 9 18 0 13 3 4 5
6 16 1 4 5 9 13 8 10 5 3 5
3 0 3 1 2 8 1 1 6 2 4 6
1 2 6 5 1 0 6 3 5 2 1 9
2 2 2 0 4 0 0 1 7 1 3 4
14 7 8 15 6 9 6 3 2 4 12 1
14 15 5 18 0 6 11 5 7 5 6 3
2 0 5 4 7 10 5 3 1 6 5 4
2 4 1 1 2 3 4 2 3 3 5 1
11 16 13 21 1 3 3 6 11 4 13 5
0 7 9 6 7 4 3 4 7 14 4 8
10 9 0 10 5 8 7 2 1 2 12 4
4 3 2 3 4 12 3 6 1 4 2 4
6 6 9 14 12 5 3 1 20 0 7 16
6 13 8 10 10 2 5 8 5 11 14 7
12 5 3 1 1 8 2 3 8 13 0 9
1 14 9 6 6 5 12 7 2 8 10 7
4 5 2 4 3 2 2 6 0 4 3 0
10 2 2 3 8 7 18 1 14 2 6 11
0 6 2 3 1 5 6 1 6 9 8 0
5 14 6 1 5 8 16 2 11 10 4 15
4 3 2 3 1 1 2 8 1 2 1 10
3 7 1 6 1 6 4 1 10 7 4 1
5 4 7 23 0 1 8 10 6 9 2 0
5 3 5 12 1 1 6 7 7 4 4 11
3 6 2 4 1 1 2 10 5 7 1 3
4 4 10 8 7 0 9 7 3 2 15 5
13 10 2 7 12 6 13 5 8 1 28 1
13 3 9 8 13 3 8 7 6 9 4 1
9 2 17 5 2 3 7 3 6 3 5 22
13 9 13 3 8 1 4 11 4 2 1 10
7 13 12 2 4 0 0 8 0 1 13 13
5 3 2 5 5 7 3 1 11 0 3 4
3 8 2 2 3 9 2 6 5 11 1 2
11 5 2 1 1 2 5 11 6 5 2 7
12 7 6 6 5 2 4 1 16 0 7 2
6 6 0 6 3 5 2 2 1 3 6 3
7 5 0 2 13 16 6 7 16 11 4 10
17 6 6 6 13 2 19 7 3 11 3 20
2 4 1 4 8 8 7 4 4 4 2 3
5 2 2 1 3 3 5 0 0 3 6 7
7 2 6 6 11 9 0 1 9 12 4 2
7 9 11 6 20 3 10 1 3 3 16 3
8 11 4 7 11 4 13 7 4 2 1 1
21 11 9 7 1 4 9 2 13 10 1 7
2 7 0 5 17 6 11 8 6 4 5 8
7 3 9 2 9 5 7 4 7 1 14 7
5 4 10 2 3 4 20 5 9 4 6 13
3 10 1 2 4 1 6 9 6 0 5 15
3 4 9 1 4 3 1 1 2 5 3 6
14 0 12 5 4 1 3 10 3 4 2 1
11 0 7 1 1 6 4 5 0 3 9 4
9 7 8 9 9 3 13 10 10 18 2 4
5 1 1 6 7 11 2 1 9 8 0 2
3 10 4 17 11 11 8 4 8 5 7 0
3 7 8 6 4 10 7 6 3 3 7 8
4 5 0 8 5 9 5 0 2 13 2 3
1 10 0 1 16 14 8 0 25 12 3 10
6 5 1 2 2 3 3 0 3 1 6 3
3 6 2 1 1 2 4 3 0 6 3 6
6 12 2 6 1 3 9 7 10 6 5 4
16 1 2 6 7 1 4 1 15 1 1 1
1 0 3 12 2 5 15 6 8 4 1 0
4 7 2 3 8 14 2 9 21 2 15 5
2 1 1 5 4 1 1 0 1 6 1 3
8 13 7 20 1 3 10 4 6 13 13 11
4 3 1 0 2 5 1 2 1 8 0 1
7 4 3 4 9 9 9 18 0 6 23 10
5 6 2 2 3 2 0 0 5 2 4 4
14 5 6 9 18 9 15 8 3 3 5 5
15 10 20 0 7 2 11 8 4 1 20 7
2 6 3 3 9 1 1 1 8 10 4 0
11 16 9 3 9 9 1 4 15 7 12 2
5 1 2 4 3 4 1 5 1 4 1 1
2 7 1 3 5 12 1 1 1 8 3 4
1 9 7 1 20 6 10 17 0 6 10 1
3 2 0 8 4 1 0 2 4 1 4 1
9 2 12 9 2 10 1 7 23 3 5 1
1 7 9 12 2 1 6 16 4 3 2 0
0 4 5 0 4 4 3 5 2 0 0 0
6 16 1 7 5 7 3 12 2 2 0 8
11 8 8 17 8 1 7 3 10 5 2 3
4 15 7 11 3 1 12 23 3 13 0 1
1 8 6 18 8 6 3 22 4 12 16 3
2 5 2 7 2 7 1 13 3 7 4 14
3 8 6 4 7 8 1 5 2 22 7 1
1 5 4 3 2 5 9 5 5 5 0 3
3 9 10 11 7 1 2 16 2 3 2 1
0 4 11 1 5 2 2 5 3 7 2 3
11 8 1 7 8 1 19 11 14 6 1 21
3 5 20 9 11 5 9 19 14 2 3 1
4 10 2 11 21 13 1 3 8 3 2 3
12 3 2 12 3 2 17 11 3 1 20 5
4 7 8 3 5 1 1 8 1 1 9 2
22 7 4 8 0 7 2 13 9 20 11 6
2 8 6 9 4 3 5 4 5 5 11 5
4 5 0 2 0 3 5 0 5 3 3 2
8 1 5 22 3 5 8 5 5 2 8 0
2 9 21 10 3 8 20 11 2 5 14 1
1 9 12 8 3 14 17 8 1 5 2 18
3 21 7 1 10 3 5 16 15 3 11 2
3 6 12 17 2 13 5 8 3 11 11 4
0 7 13 5 1 3 4 6 8 7 21 1
0 4 4 5 15 4 6 6 9 0 6 2
7 3 5 5 9 10 14 3 0 7 13 5
5 9 10 10 1 2 9 7 7 8 8 3
2 1 6 0 6 9 7 12 11 19 13 8
1 13 15 7 18 2 2 11 1 3 12 10
14 1 5 0 4 7 6 4 11 21 7 3
0 5 6 6 4 7 0 4 18 1 1 2
1 9 1 1 5 1 1 7 0 2 1 5
4 2 2 13 1 14 9 5 7 4 12 7
8 6 10 7 5 5 5 7 3 8 3 7
17 5 18 11 6 11 11 9 9 7 17 5
6 6 19 3 7 3 6 3 9 5 2 18
3 4 14 17 1 10 0 3 12 3 9 1
8 11 2 0 7 0 1 1 5 2 2 7
5 1 4 5 4 7 11 5 2 4 3 0
6 11 9 2 2 3 3 1 4 1 8 9
4 10 5 1 3 3 10 6 2 7 3 1
5 10 6 1 13 9 18 4 9 9 3 5
12 10 14 2 8 15 1 11 2 1 1 2
12 1 10 5 2 1 6 9 15 0 5 12
6 9 4 2 9 19 11 3 26 0 6 5
1 13 3 9 1 6 8 6 14 14 15 5
14 7 5 3 12 7 14 9 18 11 11 7
1 0 0 2 10 2 3 2 1 1 4 3
2 10 2 1 9 14 4 5 9 6 9 14
8 7 18 2 13 2 9 1 6 3 8 10
6 10 1 4 5 2 2 5 1 0 0 1
8 1 3 2 20 1 10 12 3 12 11 0
5 1 0 3 1 1 5 0 7 2 6 2
5 4 2 12 4 13 11 11 1 13 7 7
3 2 2 9 3 9 2 4 12 0 3 1
6 19 7 6 15 7 3 6 10 6 6 0
5 3 2 11 1 7 2 1 4 2 11 3
11 8 7 4 9 8 10 4 4 10 3 8
5 9 10 0 4 7 10 4 5 23 11 8
1 1 0 1 6 2 4 0 1 3 5 6
7 7 3 7 8 7 6 0 3 4 4 1
12 1 13 18 10 7 1 11 4 9 4 3
4 3 11 2 12 4 4 4 6 1 1 1
4 9 14 5 2 12 11 5 5 3 6 3
18 14 2 5 15 5 4 12 12 10 5 8
13 2 3 14 1 2 12 22 9 4 0 6
7 4 5 5 0 7 3 6 2 2 7 3
1 1 1 1 0 5 7 7 8 5 3 9
2 8 1 0 7 7 3 7 9 8 1 2
4 3 2 6 0 17 9 6 13 12 17 6
14 15 13 14 7 7 11 1 4 14 1 13
4 1 10 12 3 7 8 8 8 10 1 1
1 2 4 2 2 2 1 6 5 3 0 2
7 22 1 1 14 9 7 2 0 4 5 12
2 9 13 2 4 5 6 13 9 5 4 18
7 4 7 7 11 9 27 6 5 4 4 7
3 6 2 8 5 14 1 8 7 1 3 13
13 23 1 1 2 8 8 10 4 1 3 7
13 1 11 9 8 2 4 0 6 10 0 10
9 3 7 4 3 6 4 0 6 8 6 2
6 10 3 8 5 6 4 1 2 1 5 3
0 5 13 8 5 8 0 5 18 9 2 12
26 5 13 9 10 6 6 10 8 1 5 8
2 11 6 1 0 4 8 16 3 11 1 10
0 0 0 10 1 8 7 8 1 7 1 5
3 7 4 2 0 6 7 2 7 2 6 1
2 3 3 12 1 7 5 1 25 12 15 4
2 18 6 2 7 7 15 10 12 7 2 10
6 5 5 4 12 4 0 3 4 4 3 8
9 6 0 14 3 11 15 3 2 13 16 7
4 0 4 0 2 9 6 13 13 4 8 13
2 14 15 10 5 0 11 2 4 1 4 9
10 12 10 7 23 11 6 3 20 7 3 4
4 4 4 2 2 2 3 0 1 4 2 4
6 12 1 5 12 26 2 3 1 11 15 4
15 15 2 11 1 2 15 5 5 8 11 9
10 13 7 7 14 5 9 4 5 6 15 4
12 13 7 6 7 13 9 4 5 17 2 15
11 4 11 4 10 6 6 7 4 3 13 7
3 8 2 4 9 18 0 3 2 8 2 1
9 14 13 8 2 0 14 6 5 9 1 9
25 12 9 1 5 7 9 7 14 1 14 0
1 5 2 4 6 3 4 3 1 4 5 0
20 11 7 12 7 12 11 4 6 7 3 1
5 10 5 5 12 4 2 6 4 4 15 8
2 1 7 3 8 5 3 1 6 13 0 6
2 6 0 2 10 10 2 2 0 8 5 6
3 3 4 10 5 8 12 7 2 10 7 15
3 3 6 1 5 2 2 1 6 2 2 0
4 3 2 7 4 1 1 10 4 10 3 8
0 6 0 1 8 2 12 9 10 2 6 1
1 11 5 0 1 13 1 9 0 20 1 1
1 3 1 6 3 3 6 2 2 10 2 3
10 13 0 2 6 4 15 16 15 1 3 2
12 16 9 6 1 2 15 12 4 9 11 8
5 11 4 8 3 1 1 3 1 2 5 0
2 4 21 10 9 0 5 7 7 12 9 0
10 12 8 10 2 10 5 3 4 3 3 4
2 12 5 16 0 5 11 1 1 8 20 14
1 3 4 4 13 6 14 2 0 4 2 6
4 11 10 20 7 13 18 5 8 2 2 4
4 8 3 15 2 5 20 1 3 13 8 3
1 7 17 7 3 8 2 4 14 8 8 8
7 14 5 17 5 2 6 2 0 0 6 11
1 5 1 0 0 3 4 2 1 5 2 5
8 11 8 8 5 10 7 11 5 28 0 9
9 7 8 18 12 4 19 1 19 3 5 6
1 7 12 13 1 13 3 7 2 14 5 5
0 2 5 5 4 3 2 6 1 1 2 3
17 7 22 9 3 5 20 13 3 3 9 1
5 2 5 2 6 7 2 6 2 1 8 1
3 7 5 0 2 0 0 6 1 0 1 0
3 2 2 8 3 0 5 4 6 4 6 0
1 4 7 2 2 0 1 2 4 5 5 2
11 5 6 8 1 3 1 5 7 1 1 3
6 2 2 11 2 3 7 4 10 21 3 6
2 2 8 0 7 2 1 0 1 5 11 3
3 3 8 8 3 7 6 8 15 5 13 12
1 4 3 6 5 13 2 5 18 1 10 7
22 2 6 1 11 6 1 2 19 1 4 0
15 5 14 0 6 2 8 22 12 9 1 18
21 3 11 11 6 1 15 3 2 9 0 2
4 6 1 8 0 5 8 11 2 26 8 7
12 1 17 11 6 13 3 3 0 11 1 3
23 12 25 8 4 4 7 1 5 4 7 1
9 3 4 4 11 5 1 1 1 2 1 5
12 11 5 2 17 8 8 6 8 1 11 6
0 4 12 1 19 1 11 18 9 9 4 13
2 9 9 0 5 1 9 14 7 13 21 8
1 1 1 11 0 4 24 4 11 0 1 8
3 2 4 1 11 0 3 6 1 2 2 10
18 1 8 11 8 1 9 12 8 7 10 18
3 1 6 12 3 4 5 5 0 0 3 9
9 5 15 2 2 8 5 8 27 1 7 10
3 5 0 6 10 1 0 0 3 0 2 6
7 1 2 4 10 6 3 3 3 6 6 7
14 2 13 10 1 15 3 1 5 9 8 18
2 8 4 2 0 2 18 2 7 0 3 7
1 3 3 0 1 3 9 5 8 1 12 7
4 0 6 9 8 10 6 7 1 16 10 5
1 3 11 3 8 2 5 12 1 7 11 1
6 8 2 3 5 9 1 8 9 6 7 2
5 2 1 7 3 12 13 11 2 11 9 8
6 1 1 2 2 6 7 1 7 9 2 6
7 5 1 6 19 6 9 12 2 2 10 2
4 11 6 5 11 2 0 10 2 3 4 1
6 5 4 1 3 6 5 1 19 8 7 6
4 3 7 12 3 3 6 2 7 7 1 9
16 1 3 11 2 6 8 8 4 11 15 1
8 5 8 14 14 9 10 5 2 13 9 0
4 13 10 5 4 3 9 2 11 6 0 11
10 5 5 1 8 2 1 0 23 5 3 10
1 1 2 1 4 6 2 6 3 3 3 2
13 5 9 13 0 4 4 15 1 14 1 6
7 8 3 5 7 4 16 16 0 3 7 4
8 15 3 4 0 3 4 14 3 6 13 11
4 0 8 3 4 6 6 4 5 4 1 8
10 2 7 11 3 9 10 4 2 2 9 4
18 2 7 2 2 1 4 13 15 1 7 8
6 1 3 0 1 4 4 4 0 2 1 1
3 6 1 6 0 8 7 12 14 11 3 8
10 3 3 11 20 7 14 17 3 1 4 3
3 0 1 3 6 3 16 2 6 2 7 4
6 2 2 7 5 2 7 18 7 3 3 7
2 10 2 6 3 6 5 8 3 7 7 1
1 3 9 2 11 6 5 6 5 4 2 3
2 8 15 3 2 2 14 4 16 1 12 3
2 2 9 1 8 4 1 6 11 4 6 1
7 6 16 3 9 10 10 1 19 8 17 16
10 0 2 0 0 11 5 2 4 5 7 3
3 10 1 6 2 5 7 4 6 1 4 4
3 5 6 6 3 0 1 5 1 3 5 4
25 0 8 12 1 8 7 0 7 10 4 6
7 8 0 3 5 2 4 14 3 1 1 4
5 4 1 3 4 1 6 5 1 4 3 3
17 4 13 1 9 9 23 4 6 3 6 1
0 9 2 5 11 4 9 0 6 3 0 8
0 1 9 1 5 10 2 4 1 7 9 2
9 5 6 3 2 8 8 8 8 4 0 4
1 5 1 7 4 4 10 4 5 1 0 2
6 10 13 2 7 9 16 5 2 4 9 6
5 6 0 5 7 1 4 0 2 2 5 0
6 7 2 2 2 0 3 6 5 1 4 3
6 7 1 10 4 9 12 12 4 16 16 18
7 4 4 11 2 0 1 5 4 4 0 1
4 3 2 1 1 3 1 4 4 3 2 4
3 1 6 2 2 3 2 7 11 3 8 1
12 5 24 6 2 4 18 4 17 1 13 3
1 0 3 8 17 13 8 24 14 8 8 6
4 2 0 2 0 2 4 3 4 2 2 5
1 0 1 8 1 1 0 2 4 8 1 3
5 5 2 4 6 7 5 2 3 3 10 0
0 12 21 16 5 5 14 5 0 21 3 6
11 6 8 18 2 4 3 8 2 8 1 2
2 9 4 1 4 12 5 7 6 1 7 10
1 6 10 12 2 12 5 5 4 5 7 7
8 12 9 0 5 0 11 2 6 5 2 8
7 15 0 3 15 9 22 1 1 5 15 9
2 1 8 10 5 11 6 8 2 3 12 10
3 3 4 1 7 14 10 12 10 13 27 3
2 2 2 1 11 2 5 5 0 2 7 1
5 6 1 8 14 19 4 13 6 10 0 5
5 12 3 5 0 7 10 0 20 3 12 8
5 0 3 3 1 1 9 3 8 8 4 6
3 2 7 6 3 25 1 8 2 15 22 4
3 5 2 2 7 14 0 7 7 9 4 12
4 3 4 5 2 5 2 6 1 7 6 7
1 0 15 8 2 0 1 11 6 8 2 22
4 8 3 16 1 1 6 26 7 10 2 0
12 6 0 11 9 4 3 9 2 17 8 8
6 2 2 4 1 1 0 0 4 2 5 4
1 1 19 7 4 8 5 4 3 15 3 2
15 1 2 1 12 5 3 2 2 21 9 4
8 5 0 5 3 0 3 2 8 4 7 18
3 8 19 6 15 13 6 4 13 10 10 8
3 5 5 3 2 10 9 26 14 13 0 1
2 2 5 1 4 5 5 3 2 0 2 0
8 7 0 6 1 2 5 6 0 0 1 3
2 4 3 5 2 0 4 1 5 2 10 1
13 4 4 3 1 1 11 16 6 9 1 3
3 4 3 1 0 1 2 1 6 9 4 6
5 1 5 5 5 1 3 5 1 9 6 3
7 2 11 6 3 0 6 0 3 4 3 0
3 5 7 1 6 1 1 14 4 11 5 4
0 1 4 6 2 0 1 6 2 5 0 4
5 7 5 9 11 2 13 14 4 20 4 4
1 5 1 7 8 8 3 1 2 3 1 3
0 1 1 4 1 4 2 1 7 8 5 9
3 14 3 10 16 11 7 17 2 3 11 12
8 2 3 5 9 2 4 3 4 8 2 8
23 7 4 2 6 9 16 2 10 13 10 4
2 9 3 3 0 2 1 8 2 3 4 3
2 6 6 1 7 0 11 12 1 6 15 8
4 3 4 8 7 6 6 11 11 4 4 2
6 3 2 1 2 0 1 7 3 2 4 0
10 4 7 9 3 4 1 1 11 1 6 3
6 10 14 7 11 4 8 5 1 1 6 3
1 4 11 8 7 4 3 15 9 1 5 0
7 1 3 3 0 2 2 9 2 11 11 5
8 4 14 8 4 0 14 5 9 17 3 5
1 2 4 2 3 11 2 4 21 2 15 0
3 3 3 11 1 2 9 1 7 0 0 2
1 1 2 4 4 6 0 2 1 5 3 2
11 8 5 14 9 11 12 10 8 5 19 9
1 7 3 2 4 4 2 1 4 1 5 9
10 6 2 1 5 13 12 4 4 10 11 1
5 2 3 17 1 7 14 1 4 5 4 6
1 5 0 1 4 10 7 3 8 1 6 6
17 17 6 2 2 13 1 17 11 4 17 3
2 1 1 5 3 1 7 4 7 3 2 3
11 15 2 1 4 12 14 1 18 6 14 2
7 13 7 12 6 0 1 6 5 5 19 19
10 8 10 8 2 4 1 11 1 3 1 7
2 4 2 15 7 10 8 6 12 5 8 5
0 2 4 0 4 9 13 9 4 1 5 10
2 15 6 11 8 6 4 7 7 2 1 3
6 11 4 2 9 16 14 10 9 3 13 5
6 5 5 4 10 4 2 2 15 5 8 14
1 15 13 3 6 4 17 3 6 8 9 6
1 4 3 26 7 15 3 6 4 19 6 4
5 2 5 1 7 0 1 3 3 2 5 2
5 7 1 10 6 10 13 18 4 9 0 2
17 18 12 1 3 1 12 16 10 5 4 12
10 4 11 7 1 2 8 6 2 20 13 3
7 6 1 1 5 2 7 24 3 1 5 13
2 10 7 3 11 0 3 2 6 10 6 11
0 9 5 1 1 5 0 2 2 1 6 13
3 10 5 7 2 4 1 10 2 18 2 25
16 13 0 12 3 11 5 12 23 6 3 1
13 15 4 11 12 0 14 18 11 7 3 11
22 6 9 7 9 4 10 3 12 14 10 1
6 1 1 8 1 19 4 10 0 8 5 10
7 5 10 3 1 4 3 10 12 4 8 2
6 12 1 2 9 0 1 6 11 4 4 15
2 5 7 1 2 4 3 4 2 0 2 0
2 4 7 6 0 5 5 0 5 1 6 2
4 4 0 4 1 2 0 8 2 10 3 13
6 6 5 8 5 1 0 8 5 7 8 2
2 1 2 3 4 3 6 2 1 2 1 4
4 3 2 4 2 1 7 6 4 2 4 1
3 9 9 6 8 5 8 9 3 11 7 23
12 1 3 10 26 9 7 6 4 8 16 7
1 1 4 3 2 2 4 9 4 6 9 5
6 13 14 2 8 1 11 0 3 13 3 3
10 2 2 5 8 1 19 13 1 0 5 10
3 10 2 5 12 6 7 2 2 0 2 4
17 9 4 5 15 2 12 0 14 6 5 10
5 2 5 1 2 1 2 0 5 1 5 3
2 1 6 2 0 1 1 6 1 3 5 5
4 3 7 7 2 8 0 4 3 1 7 10
11 17 12 4 2 1 9 3 12 13 5 14
8 14 7 7 14 17 17 4 9 1 7 5
6 7 0 1 2 1 1 3 1 2 1 1
0 2 5 5 1 1 2 3 0 6 3 2
22 23 8 4 3 9 0 13 7 8 1 10
3 7 5 2 0 4 4 1 5 7 5 6
0 3 1 3 5 3 2 5 4 5 2 3
0 4 13 11 1 4 2 1 4 3 4 3
6 3 1 3 3 2 2 6 1 3 1 4
5 11 0 6 4 5 4 15 11 17 1 2
7 3 7 5 3 11 5 7 10 1 11 13
8 4 3 2 3 1 3 1 1 2 1 3
12 6 1 10 10 4 8 0 7 6 2 17
14 5 14 12 9 8 8 4 3 8 10 19
7 6 1 2 3 7 7 0 3 3 1 7
5 5 1 4 8 1 10 0 1 4 2 3
3 5 2 1 1 5 4 4 1 4 2 5
18 5 3 4 6 11 17 2 7 12 5 23
6 5 13 15 1 6 19 2 9 3 4 12
3 1 2 1 7 6 6 4 1 5 10 4
1 9 7 0 4 9 0 2 2 5 0 2
13 8 4 2 8 9 5 3 0 3 0 3
3 3 7 6 2 4 0 2 1 6 0 1
1 13 5 2 4 10 5 7 14 7 15 5
4 12 3 9 7 4 2 1 4 2 4 7
1 8 4 2 0 2 2 2 2 3 4 3
2 8 19 1 9 3 1 1 1 9 2 2
6 10 3 6 1 9 28 3 6 11 6 7
4 0 4 2 1 6 6 5 0 6 1 18
2 0 7 4 3 2 4 1 4 1 5 4
5 10 9 11 0 5 8 6 2 5 5 8
5 2 8 2 15 1 1 5 13 9 4 14
4 3 2 2 1 2 0 6 1 5 1 3
1 6 2 0 1 4 3 0 6 3 6 2
5 7 8 3 2 3 0 19 19 3 1 5
8 14 9 2 9 4 1 2 1 7 5 8
15 6 5 9 11 11 3 1 6 6 2 7
7 3 5 9 3 14 6 1 1 7 22 4
5 8 3 5 5 4 10 2 16 10 3 9
5 5 1 1 19 5 3 1 12 6 8 17
1 4 7 3 0 2 1 1 7 9 8 0
7 0 5 2 2 5 7 2 2 1 8 1
18 19 13 2 0 7 4 18 1 10 2 15
4 0 3 1 0 4 2 5 4 7 6 10
1 5 12 9 14 13 5 1 11 28 4 2
3 4 4 5 5 11 5 14 17 6 10 4
4 4 1 8 3 0 1 2 2 7 6 3
15 19 17 9 13 9 3 11 5 7 6 1
7 4 4 5 20 6 13 0 3 19 1 9
9 5 3 2 2 0 3 8 1 3 1 3
8 5 0 2 21 14 11 2 8 9 1 2
5 17 7 10 0 3 4 13 8 12 6 17
4 1 1 3 4 6 4 0 1 2 6 12
0 11 5 15 4 3 8 3 4 3 9 4
8 5 2 9 7 14 7 3 6 1 9 18
4 9 3 2 14 5 2 3 3 14 1 12
3 14 1 6 13 18 19 3 2 3 2 7
8 1 3 2 1 1 4 6 4 2 3 5
3 2 6 13 4 14 11 5 0 4 9 13
10 1 4 11 3 11 4 9 1 10 8 7
7 2 0 6 4 2 2 5 4 6 1 0
2 7 10 3 9 7 5 2 4 13 3 1
5 3 19 2 11 6 1 22 19 5 8 0
6 13 9 6 7 4 13 4 19 2 15 6
1 5 2 0 4 5 8 1 1 0 12 1
9 10 15 5 4 4 14 7 0 10 5 12
2 8 10 5 23 1 4 0 2 4 10 13
7 6 3 5 12 1 6 14 15 23 2 17
0 4 1 2 8 3 10 28 7 1 5 10
5 13 17 12 8 10 7 12 2 5 5 6
0 8 7 6 3 1 4 2 9 1 3 5
2 1 0 2 3 4 2 0 6 2 8 2
13 5 12 14 1 10 6 1 1 0 1 6
13 1 1 1 16 7 2 23 16 10 5 0
10 0 7 12 1 3 0 7 15 3 12 3
4 14 17 22 2 11 4 11 2 9 7 10
4 12 8 1 7 1 6 1 6 11 3 1
4 3 3 1 4 2 6 4 12 13 3 11
3 10 4 8 6 2 2 22 14 7 5 5
3 14 1 5 4 2 13 20 5 16 8 2
8 6 4 2 2 2 2 1 3 1 6 1
9 0 7 5 1 2 1 1 6 2 1 0
0 2 3 0 1 3 2 0 3 6 1 6
9 1 4 1 6 3 2 4 3 1 4 2
12 15 8 3 2 20 16 6 13 1 8 1
28 3 7 2 10 13 1 1 1 3 8 2
8 0 2 16 9 2 6 0 0 4 9 3
1 3 5 1 6 3 8 1 6 0 2 0
2 2 4 4 10 3 0 3 0 2 2 1
1 5 2 8 2 1 6 3 2 7 8 7
13 9 7 16 0 20 7 9 2 13 3 11
10 5 9 13 8 9 14 7 1 5 3 9
0 24 9 3 4 3 6 2 12 3 3 10
14 18 1 3 11 7 0 9 2 0 11 11
0 2 4 4 3 5 5 4 5 3 4 2
8 7 0 10 2 9 3 16 16 22 3 7
4 1 0 3 3 0 7 13 1 3 4 0
4 13 1 1 2 8 1 7 1 1 0 0
2 3 8 2 1 0 0 7 1 1 3 1
12 8 14 3 17 3 2 4 3 3 18 13
5 2 1 7 3 3 0 5 2 0 1 0
15 0 12 2 14 9 3 5 13 1 2 9
3 9 15 13 1 3 4 19 7 11 7 9
9 8 3 8 1 8 3 3 11 2 14 5
0 3 2 2 2 1 5 3 1 3 7 5
8 14 7 8 1 11 2 11 2 18 3 7
1 2 1 10 2 2 0 2 1 3 0 5
13 16 8 4 14 3 4 11 10 1 5 16
4 3 2 8 2 4 13 0 13 1 8 2
16 5 11 10 22 10 11 11 6 5 0 14
4 2 4 2 2 2 5 3 7 6 7 3
1 18 10 9 1 11 6 18 8 7 1 1
3 3 1 2 6 8 2 2 3 1 0 1
8 1 0 3 14 7 12 3 1 12 3 7
2 7 1 8 8 3 5 5 6 2 10 3
10 4 6 6 5 1 8 8 2 2 1 6
4 3 5 10 5 9 5 18 4 17 19 1
4 5 3 3 6 7 5 5 11 5 9 1
0 6 14 5 6 2 8 1 4 2 13 25
5 1 8 5 5 4 6 4 1 5 3 3
24 2 8 10 8 19 13 6 11 2 9 0
7 1 4 10 1 0 10 8 9 3 5 2
7 5 1 10 23 3 2 5 22 1 7 3
2 9 13 14 3 2 9 2 6 14 0 8
3 2 10 4 7 7 7 1 10 7 3 5
8 5 3 0 4 6 6 4 1 2 4 7
1 1 4 2 2 6 3 4 15 2 15 3
1 6 4 3 10 1 2 1 5 0 2 1
1 1 0 6 2 2 1 1 1 1 6 7
1 5 7 4 3 9 2 3 1 4 11 23
14 13 2 8 1 8 17 1 2 13 14 7
2 12 10 10 4 1 2 16 1 0 4 4
1 1 4 10 0 2 6 4 2 2 3 2
3 5 26 4 13 7 14 15 6 2 6 14
14 19 1 14 2 11 8 1 4 2 2 5
2 1 20 4 3 2 9 15 13 2 18 10
5 0 1 0 3 4 1 2 7 3 7 5
5 5 0 0 6 4 9 0 0 1 4 6
6 0 10 1 3 3 2 7 7 3 17 8
1 6 2 2 12 1 0 4 2 3 0 10
6 4 10 2 7 6 0 1 9 4 8 9
1 2 3 6 2 6 3 0 5 4 8 6
2 2 0 4 5 1 4 0 2 3 6 2
8 0 11 0 2 16 4 3 1 1 3 3
3 2 5 5 4 1 1 3 4 2 4 1
4 8 4 3 4 4 0 2 5 1 2 1
1 8 9 5 2 5 14 4 1 3 10 1
7 4 7 7 8 6 3 5 17 6 11 9
2 2 5 1 8 4 1 0 3 3 2 4
5 11 5 0 2 14 8 0 6 16 3 8
10 6 1 2 2 0 6 0 8 6 2 3
8 1 3 1 0 20 8 10 15 8 1 12
1 2 5 2 10 4 1 11 5 10 9 0
7 6 2 7 5 5 6 9 2 7 1 17
2 4 7 3 4 8 4 3 2 1 8 1
2 7 5 2 1 1 4 5 8 0 0 11
0 8 9 19 11 7 4 5 12 3 5 6
4 10 3 5 9 1 2 7 1 5 6 3
3 1 4 5 2 0 3 10 9 2 10 5
17 14 11 3 5 11 2 2 5 5 12 5
1 6
1 23
1 29
1 32
1 43
1 82
1 95
1 98
2 3
2 31
2 33
2 67
2 72
2 92
4 32
4 52
5 64
6 94
7 28
7 40
8 44
8 52
8 103
9 14
10 38
10 75
10 76
11 95
12 29
12 45
12 52
12 53
12 60
12 101
13 42
15 20
15 47
15 81
15 103
16 79
16 90
17 89
17 101
18 87
19 88
19 89
21 32
21 45
21 91
22 48
22 100
22 112
23 38
23 40
23 109
24 59
25 63
26 52
26 107
27 92
28 85
28 122
30 88
30 98
32 117
33 75
33 81
33 94
34 40
34 42
34 55
34 107
35 67
35 78
36 106
37 79
37 83
37 95
37 107
38 42
38 50
38 58
38 92
38 93
38 116
38 129
39 67
39 84
39 87
39 138
40 133
41 80
41 108
42 54
42 117
42 128
43 133
44 57
44 118
44 138
44 142
45 77
45 92
45 104
45 119
45 125
45 138
46 111
46 116
46 118
46 124
46 128
47 119
47 136
47 138
48 52
48 66
48 73
49 76
49 140
49 148
50 88
50 128
50 150
51 124
52 60
52 94
52 118
52 132
52 133
52 136
54 57
54 64
54 127
55 58
55 101
55 103
55 137
56 98
56 128
56 151
56 154
57 128
58 64
58 86
58 136
58 154
59 62
59 71
59 113
60 65
60 96
60 121
60 151
61 78
61 147
61 148
61 161
62 92
62 160
63 115
63 130
65 86
65 127
65 153
65 163
66 110
66 139
66 163
67 109
67 118
67 130
67 149
67 165
68 73
68 85
68 127
72 128
72 151
73 112
74 172
75 86
76 89
76 127
76 153
76 154
77 99
78 144
79 140
80 133
82 113
82 114
82 129
82 164
82 169
84 89
84 177
85 114
86 146
86 159
87 157
87 168
88 176
89 104
89 122
89 142
90 138
91 131
91 133
91 148
92 110
92 184
93 119
93 148
93 156
93 170
94 149
96 118
98 164
98 179
99 123
99 138
99 153
100 130
100 197
101 201
102 106
102 144
102 164
102 169
103 116
103 139
103 153
103 165
105 108
105 124
107 116
107 174
107 179
108 160
108 182
108 191
109 167
111 165
112 135
112 154
113 196
114 125
115 141
115 151
115 185
115 186
115 212
116 152
117 119
117 163
119 178
119 205
120 212
121 201
122 134
122 169
123 197
124 179
124 195
124 211
125 172
125 208
126 197
128 147
129 173
130 166
130 168
131 147
131 170
131 180
131 183
131 211
132 169
132 182
132 190
132 194
133 216
134 169
134 178
134 183
134 206
134 231
135 168
135 173
135 175
135 177
136 141
136 225
137 202
137 208
138 156
138 170
139 143
140 240
141 159
141 199
141 214
142 157
142 197
142 220
143 200
143 201
143 210
143 214
143 227
144 150
145 214
145 215
145 220
146 168
146 170
146 189
147 164
147 182
147 234
148 215
149 172
149 185
149 205
149 226
150 157
150 164
150 202
150 215
151 171
151 178
151 243
152 174
152 194
154 169
154 241
154 252
155 196
155 230
155 241
155 248
156 161
156 168
156 181
156 211
157 161
157 189
157 225
157 230
158 188
158 229
159 160
159 170
161 193
161 243
162 220
163 168
163 209
163 219
163 237
163 241
163 242
165 200
165 210
166 168
166 187
166 191
166 212
166 219
166 248
167 204
167 229
168 186
168 188
168 218
168 268
169 186
169 187
169 254
169 258
170 192
170 228
170 236
170 238
170 240
171 175
171 253
171 269
172 191
172 199
173 186
173 192
173 203
173 216
173 247
173 248
174 177
174 188
174 199
174 209
174 245
175 178
175 221
176 177
176 207
176 246
176 259
177 181
177 242
177 251
178 189
179 226
180 232
180 249
180 251
182 201
182 224
182 256
182 278
183 240
183 271
184 202
184 218
184 224
184 231
184 283
185 218
185 247
185 249
185 268
186 282
187 218
189 215
189 255
189 261
190 229
192 280
193 203
193 228
193 251
194 195
194 197
194 206
194 236
194 245
194 246
194 252
194 258
195 239
195 268
196 197
196 204
196 263
196 287
197 201
197 240
197 266
197 294
198 216
198 241
198 245
198 251
198 256
198 263
198 272
200 260
200 267
201 223
201 227
201 259
201 260
201 294
202 224
202 251
202 289
203 271
204 234
204 292
205 251
205 252
205 280
206 255
206 289
207 243
208 225
208 249
209 211
209 223
209 225
209 275
209 301
210 218
210 270
211 302
212 239
212 260
212 262
212 264
213 239
213 244
214 218
214 239
214 278
214 305
216 283
216 299
217 219
217 224
218 226
218 241
218 246
218 248
218 267
218 270
218 303
218 317
219 282
219 305
220 224
220 284
220 307
221 222
221 237
221 240
223 234
223 236
223 260
223 273
223 305
224 258
224 298
224 305
224 312
225 256
226 247
226 255
226 313
227 294
227 303
227 324
228 283
228 321
229 236
229 260
230 255
230 317
232 270
233 250
233 263
233 285
234 307
234 316
234 321
234 330
235 245
236 237
237 266
237 279
237 280
237 326
238 247
238 285
238 321
239 267
239 298
239 335
240 271
240 285
240 323
241 282
241 292
241 311
242 268
242 277
243 279
243 300
244 277
244 343
245 267
245 276
245 286
245 287
245 298
245 300
245 328
245 342
246 280
246 301
246 302
247 309
247 347
248 291
248 299
248 309
248 324
249 301
249 308
249 347
250 317
250 322
251 286
251 296
252 276
252 292
252 321
252 323
252 336
252 340
253 311
254 264
255 261
255 326
256 282
256 297
256 307
256 335
256 342
257 308
257 341
258 297
258 309
258 357
259 287
259 314
259 337
259 342
260 271
260 273
260 289
261 306
262 347
263 279
263 289
264 307
264 315
264 324
264 328
264 343
264 344
264 349
264 350
264 358
264 364
265 288
266 269
266 289
266 312
266 319
266 330
267 326
267 341
267 349
268 282
268 289
268 305
268 309
268 326
268 352
269 281
269 312
269 338
269 353
269 360
270 332
272 296
272 306
272 316
272 359
272 369
273 337
273 368
274 285
274 363
274 371
275 283
275 297
276 309
277 343
279 301
279 320
279 374
280 305
280 321
280 351
281 306
281 334
282 315
282 341
282 357
282 368
282 372
283 338
283 347
283 380
284 300
284 346
284 365
285 291
285 308
285 327
286 303
286 351
287 355
287 377
288 329
288 337
288 343
289 305
289 323
290 337
290 355
291 296
291 330
291 376
292 342
293 303
293 348
293 393
294 303
294 318
294 323
294 350
294 389
295 350
295 362
295 373
295 386
297 309
298 308
298 310
298 321
298 377
298 385
299 354
299 368
299 373
300 307
300 372
300 379
300 387
302 332
303 342
304 320
304 326
304 335
304 364
304 379
305 365
305 405
306 324
306 345
306 380
307 335
307 353
307 383
307 389
308 341
308 371
308 390
309 363
309 367
309 380
310 318
310 356
310 396
311 331
311 344
311 380
311 403
312 409
313 361
313 411
314 319
314 340
315 349
315 376
315 404
315 409
315 413
316 393
316 409
317 325
317 357
317 387
317 397
318 371
318 374
319 333
319 336
319 383
320 335
320 395
320 419
321 330
321 341
321 350
321 408
321 411
322 376
322 402
323 415
324 402
325 339
325 380
325 391
326 337
326 403
327 374
327 388
327 413
328 356
328 419
330 356
331 357
331 361
331 387
331 426
332 353
332 407
333 347
333 411
334 379
334 389
334 401
334 402
335 393
335 414
335 432
336 337
336 348
336 349
336 364
336 396
337 356
337 376
338 352
338 403
338 419
339 419
339 429
340 354
340 357
340 379
340 404
340 406
340 408
340 436
341 368
341 437
342 426
342 430
343 347
344 356
344 406
344 427
345 375
345 411
345 431
346 348
346 355
346 403
347 411
348 387
348 388
349 352
349 416
349 445
350 405
350 430
352 387
352 390
353 354
353 427
353 428
354 407
355 388
355 410
355 428
356 374
357 362
357 366
357 374
357 385
357 403
358 372
358 373
358 381
359 392
359 395
360 412
360 414
361 441
361 446
361 457
362 369
362 371
362 402
362 446
363 364
363 398
363 432
364 428
365 391
365 402
367 393
367 419
367 445
367 456
368 420
369 394
369 467
370 407
370 434
371 383
371 384
371 396
371 425
373 383
373 472
373 473
374 387
374 393
375 393
375 442
375 450
375 451
376 406
376 423
376 454
376 470
376 476
377 387
377 394
377 407
377 437
378 405
378 410
378 435
379 438
380 410
381 393
381 398
381 451
382 417
383 391
383 417
384 448
385 402
386 400
386 429
386 450
386 461
386 467
387 393
387 400
387 440
388 390
388 422
388 429
389 430
389 471
389 489
390 455
391 394
391 395
391 473
392 429
392 438
392 463
392 491
393 402
393 443
393 492
394 412
394 464
394 474
395 405
395 437
395 469
395 492
396 467
397 415
399 449
399 457
399 470
399 477
401 454
401 480
401 493
402 491
402 499
403 425
403 452
403 490
404 488
404 494
405 418
405 437
405 458
406 450
406 482
406 490
406 502
407 418
407 456
408 431
408 453
408 483
408 486
408 493
408 495
408 502
409 422
409 457
410 425
410 464
410 479
410 496
410 505
411 467
412 430
412 475
412 487
413 440
413 504
414 421
414 497
414 509
416 457
416 461
416 478
417 443
418 426
418 463
418 517
419 474
420 422
420 440
420 453
420 514
421 495
421 503
422 441
422 452
422 467
423 428
425 479
425 487
425 489
425 512
426 437
427 448
427 512
428 459
428 487
428 496
429 482
429 496
429 504
430 480
430 505
430 509
431 472
431 504
432 460
432 492
432 493
432 503
432 507
433 466
433 500
434 459
434 515
434 523
435 440
435 508
436 463
436 502
436 523
437 520
438 444
438 508
439 481
440 466
440 467
441 505
443 454
443 457
443 543
445 455
445 507
445 510
446 531
447 453
447 520
447 543
448 507
448 517
449 478
449 542
450 461
450 473
450 521
450 527
450 539
451 495
451 546
452 455
453 524
454 488
454 499
454 527
455 461
455 466
455 521
455 530
456 472
456 483
456 494
456 520
460 471
460 532
461 476
461 501
461 513
461 550
462 483
462 500
463 516
463 530
464 507
465 473
466 544
467 470
467 481
467 487
467 566
468 508
468 541
468 547
468 562
470 568
471 519
472 474
472 499
472 506
472 519
472 570
473 529
475 557
476 489
476 527
477 491
477 511
477 529
478 507
478 526
478 535
478 536
479 490
479 533
479 551
479 561
480 496
480 537
481 510
481 558
481 581
482 523
482 563
482 581
483 506
483 516
483 547
484 517
484 524
485 535
486 492
486 495
486 551
487 515
487 521
487 570
488 510
490 525
490 589
491 507
491 564
491 575
492 500
492 513
492 533
492 543
492 551
492 564
492 579
492 586
493 507
493 513
493 587
494 574
495 541
495 576
496 519
496 533
496 539
496 548
496 559
496 560
496 565
496 574
497 529
497 539
497 571
499 517
499 556
500 576
500 580
501 510
501 512
501 527
501 577
501 600
502 516
502 600
505 554
505 564
506 549
506 583
506 597
507 547
508 530
509 515
509 555
509 605
511 516
511 528
511 540
511 558
512 518
512 523
513 514
513 528
513 531
513 558
513 596
513 610
513 611
514 558
515 525
515 559
515 562
516 518
516 563
516 601
516 611
516 612
517 527
517 543
517 554
518 558
518 563
518 591
518 605
518 617
519 616
520 541
520 600
521 556
521 611
522 597
523 574
523 616
523 618
523 621
524 539
524 578
525 532
525 540
525 552
525 556
525 576
526 559
526 578
527 542
527 551
528 570
528 590
528 607
528 608
528 609
528 626
530 576
530 577
531 584
531 607
532 548
533 539
533 541
533 559
533 597
533 605
533 624
536 555
537 539
537 565
537 568
537 570
537 590
537 593
537 612
538 562
538 616
538 620
539 563
539 605
539 621
540 634
541 607
542 551
543 544
543 564
543 572
543 594
543 607
544 552
544 594
544 608
545 592
547 640
548 584
549 574
549 575
550 551
550 558
550 636
551 589
551 605
552 628
553 607
553 646
554 637
556 566
556 639
557 569
557 593
557 654
558 570
558 615
558 646
558 655
559 626
560 575
560 624
560 637
561 596
561 630
562 566
562 569
562 592
562 596
562 620
563 593
563 630
564 565
564 581
564 603
564 651
565 585
565 621
565 624
566 582
566 585
566 591
567 593
567 599
567 654
567 657
568 626
568 636
569 610
569 652
570 577
570 604
570 607
570 627
570 644
570 665
571 595
571 626
571 632
571 666
572 592
572 596
572 616
572 624
572 671
573 630
574 580
574 606
574 642
574 643
574 667
575 643
575 647
575 660
576 625
576 668
576 676
577 640
577 663
578 584
578 619
578 633
580 588
580 589
580 597
580 654
581 634
581 643
582 600
582 604
582 667
582 678
583 598
583 671
583 673
584 617
584 661
585 603
585 634
585 656
586 589
586 614
586 635
586 678
587 628
587 648
587 654
587 662
589 591
589 604
589 610
589 648
590 607
590 626
591 654
591 681
592 602
592 618
592 637
592 670
593 626
593 646
593 677
594 613
596 616
596 679
596 692
597 626
597 627
597 641
597 671
598 618
598 625
598 660
598 678
599 635
599 642
601 665
601 683
602 609
602 646
603 644
603 701
604 625
604 652
605 615
606 626
606 627
607 629
607 631
607 685
607 692
607 705
608 644
608 689
608 700
609 626
609 643
609 650
609 654
609 667
610 675
611 617
612 681
613 623
613 709
614 651
614 671
614 675
615 630
615 631
615 684
616 676
616 677
616 689
616 710
617 627
617 658
618 646
618 674
618 692
619 660
619 662
620 633
620 679
621 623
621 626
621 665
622 642
623 669
624 638
624 653
624 690
625 676
626 664
626 666
626 683
626 691
627 628
627 639
627 700
628 637
628 654
629 651
629 676
630 658
630 707
630 712
631 670
631 671
631 686
631 719
632 637
632 684
632 702
632 704
634 665
634 690
634 694
635 667
635 682
635 723
636 652
636 668
636 673
636 686
637 693
638 664
641 660
641 679
641 703
641 734
641 738
642 648
642 665
642 682
642 725
644 712
644 714
645 702
645 723
646 704
646 705
646 720
646 738
647 648
647 728
648 666
649 657
649 666
649 703
650 691
650 695
650 704
650 736
651 655
651 662
651 698
651 743
652 672
652 677
652 696
653 688
653 707
653 712
653 742
653 751
654 735
654 739
655 659
655 736
655 738
656 725
656 741
657 743
658 660
658 707
658 730
658 732
658 737
659 697
659 701
659 737
659 742
660 692
660 695
660 721
661 732
661 758
662 701
663 737
663 752
664 666
664 711
664 742
665 731
666 750
666 756
667 699
667 736
667 747
667 750
667 764
668 679
668 713
668 725
668 740
668 744
669 682
669 685
669 744
670 684
670 692
670 708
670 733
671 729
671 766
672 715
672 763
673 701
673 715
674 717
674 719
674 733
674 745
674 749
674 756
674 770
675 718
675 771
675 775
676 762
676 766
679 699
679 729
679 771
680 757
681 682
681 723
681 780
682 685
682 692
682 701
682 729
682 739
682 742
682 751
682 762
683 730
683 740
683 754
684 696
684 719
684 748
684 766
684 775
685 689
685 703
685 717
685 746
685 765
686 703
686 734
686 756
687 694
687 709
687 754
688 729
688 769
690 749
690 782
691 723
691 763
692 725
692 774
693 726
693 728
694 710
695 737
696 705
696 757
696 795
697 755
697 783
698 750
699 705
699 731
699 748
699 759
699 774
700 735
700 765
701 725
701 748
702 733
702 765
702 790
703 756
703 785
704 790
705 736
705 749
705 800
705 803
706 713
706 781
706 793
707 728
707 764
707 779
707 803
708 710
708 733
708 772
708 782
709 721
709 732
709 753
709 780
709 783
709 794
709 797
709 809
710 727
711 766
712 713
712 750
712 775
712 790
713 735
713 740
713 809
714 738
714 812
715 729
715 733
715 778
715 781
715 785
716 737
717 776
717 784
718 777
718 786
719 765
720 724
720 754
720 784
720 802
721 726
721 751
721 772
722 752
722 777
722 791
722 801
723 782
723 796
724 761
724 764
724 766
724 783
724 789
725 741
725 766
725 774
726 733
727 823
728 742
728 763
728 775
728 791
729 744
729 795
729 808
729 827
730 735
730 772
730 800
731 732
731 809
732 780
732 804
732 812
733 738
733 741
733 806
734 782
734 788
735 752
735 815
735 817
735 824
736 766
736 773
736 824
736 833
737 759
737 794
737 810
738 745
738 770
738 824
738 830
739 752
739 766
739 826
740 776
740 792
741 754
741 831
742 749
742 775
742 776
742 802
742 825
742 829
743 771
743 830
744 773
744 804
744 840
746 844
747 777
747 817
747 841
747 845
748 806
748 811
749 756
749 761
749 775
749 780
749 828
750 775
750 838
751 792
751 797
751 809
753 782
753 813
753 820
754 782
754 792
754 828
755 776
755 836
756 781
756 805
756 813
756 827
758 761
758 780
758 835
758 837
760 771
760 800
760 809
761 767
761 816
762 784
762 797
762 855
763 799
763 818
764 802
765 818
765 830
765 863
766 777
766 819
766 857
767 812
767 832
767 844
767 855
767 859
768 850
769 772
769 782
769 794
769 851
769 859
769 860
769 862
771 803
771 816
773 809
773 867
774 814
774 835
774 871
774 874
775 777
775 818
776 849
778 783
778 838
779 830
779 874
780 788
780 792
780 880
781 857
782 787
782 804
782 806
782 820
782 831
782 842
783 851
784 812
784 820
784 831
784 876
785 829
785 872
786 824
786 858
786 875
786 878
787 792
787 859
787 868
787 875
788 878
789 818
789 822
789 826
790 854
791 814
791 823
791 828
791 884
792 819
792 829
792 859
792 871
792 872
793 869
794 837
794 860
794 867
795 838
795 844
795 851
795 866
795 867
795 888
796 822
796 837
796 873
796 875
797 813
797 858
797 861
797 886
798 833
798 859
798 874
798 876
799 806
799 863
800 864
800 881
801 811
801 859
802 822
802 828
802 879
803 837
804 819
805 815
805 864
806 864
806 865
806 884
807 870
808 816
808 827
808 844
808 862
808 875
809 847
809 881
810 815
810 823
810 836
810 855
810 880
811 837
811 896
811 897
811 904
812 838
812 872
812 912
813 815
813 830
813 897
813 898
814 823
814 864
814 869
814 870
814 904
814 910
814 913
816 842
817 858
817 867
817 872
818 819
818 820
818 832
818 886
819 840
819 857
819 859
819 868
820 830
821 845
821 857
822 858
823 841
823 845
823 858
823 921
823 923
824 852
824 862
824 867
824 910
825 835
825 922
826 828
826 876
826 890
826 894
826 904
826 919
826 924
827 851
827 863
827 888
827 897
828 848
828 875
828 899
828 907
828 914
828 925
829 880
829 883
829 910
830 855
830 862
830 875
830 883
830 887
831 875
831 878
831 898
831 930
832 839
832 850
832 912
832 923
833 854
833 927
835 895
835 935
836 864
836 872
836 883
837 932
838 913
839 850
839 893
839 926
841 872
841 873
843 848
843 861
843 883
843 900
843 904
844 887
844 905
844 913
845 858
845 868
845 871
845 915
845 918
846 878
848 891
849 877
849 880
849 943
850 851
850 871
850 891
850 911
850 915
851 907
852 904
852 932
853 939
853 943
854 856
854 858
854 865
854 954
855 862
855 880
855 923
856 916
856 920
857 896
858 865
858 906
858 917
858 926
858 933
859 897
859 923
859 926
859 956
860 862
860 928
860 936
860 948
862 873
862 899
863 875
863 893
864 945
864 947
864 961
865 927
865 931
865 937
865 951
865 957
866 897
867 896
867 912
867 961
868 920
868 957
868 963
869 878
869 899
869 900
869 966
870 871
871 915
871 916
871 938
871 969
872 962
873 884
873 942
874 908
875 879
875 900
875 902
876 887
877 961
879 934
879 951
879 972
880 919
880 931
880 948
881 917
881 923
881 943
882 917
882 942
882 954
883 904
884 947
884 972
885 956
886 905
886 983
887 918
887 950
887 951
887 957
888 891
888 893
888 923
888 942
888 956
888 985
890 899
890 916
890 939
890 973
890 975
891 902
891 904
891 915
891 920
891 936
891 964
891 991
892 901
892 950
892 968
893 951
894 964
894 970
895 944
895 985
896 928
896 939
897 910
897 927
897 931
897 996
898 908
898 965
898 971
898 983
898 996
898 998
899 945
900 971
900 987
901 904
901 923
901 931
901 993
901 996
902 932
902 971
904 925
904 960
904 963
904 982
904 985
905 908
905 911
906 965
907 974
907 980
908 933
908 983
909 927
909 943
909 956
909 965
909 990
909 999
910 964
910 977
911 932
911 962
913 946
913 959
913 997
915 959
915 988
915 1000
916 930
916 931
917 942
917 949
917 977
918 945
918 948
918 955
918 996
919 979
920 973
920 976
922 965
922 977
924 950
924 979
925 955
926 929
926 991
926 995
927 962
929 973
931 939
931 963
931 977
933 938
933 975
934 958
935 990
936 961
936 974
937 958
937 1000
940 993
941 942
941 956
943 950
944 954
945 968
945 993
946 960
946 963
946 974
947 962
947 970
948 991
950 973
952 994
953 958
953 976
954 966
955 970
956 1000
957 993
957 994
959 960
959 961
960 992
961 973
962 977
964 990
965 986
966 980
970 994
971 983
974 975
974 985
975 977
975 997
976 980
978 988
981 989
982 988
983 988
983 998
984 986
991 996
3 7 12 1 1 0 4 3 14 2 11 15
11 23 12 18 20 14 22 20 5 6 25 11
12 13 14 17 24 8 19 9 9 2 29 15
4 11 6 6 13 30 17 6 4 7 11 25
4 7 7 6 1 7 9 18 1 7 4 5
18 18 14 4 11 4 4 17 7 17 9 18
16 10 14 12 12 26 4 5 0 5 7 2
10 2 15 1 1 24 22 23 1 27 11 5
1 2 10 5 22 1 1 2 10 12 15 8
1 4 6 14 1 14 10 3 1 10 13 1
5 3 40 1 10 13 15 22 15 21 4 14
19 4 7 13 16 19 13 2 8 30 11 3
9 3 9 1 1 6 22 6 6 3 9 2
14 11 4 11 18 24 4 12 10 10 22 11
12 14 16 8 19 18 10 1 20 11 9 4
0 18 4 9 5 10 2 12 2 15 16 2
1 6 16 16 6 6 2 6 24 12 11 5
28 6 6 19 19 21 9 7 1 25 6 19
25 21 3 13 17 16 6 14 13 22 4 21
3 8 6 16 4 16 8 3 16 14 3 4
63 6 9 26 57 37 44 58 55 52 49 35 62 26 32 49 44 21 26 49
59 6 15 19 45 27 30 36 44 32 29 14 52 17 18 30 23 12 17 21
16 1 1 1 11 4 9 15 14 18 4 5 17 4 1 18 15 1 2 10
26 18 16 17 29 13 36 33 29 36 8 26 37 12 17 31 14 17 7 15
62 17 19 32 50 35 47 35 45 44 25 17 45 32 28 47 32 22 22 24
59 17 22 38 60 20 50 38 60 61 32 35 55 39 28 52 47 34 25 48
29 12 15 21 33 11 36 34 30 47 12 28 40 10 16 35 19 26 9 29
44 2 8 14 30 14 32 11 33 38 12 16 23 15 19 35 31 12 12 29
69 7 22 21 54 32 45 19 59 52 24 25 48 17 30 51 55 26 25 51
35 6 10 18 26 13 18 27 23 23 18 11 38 15 8 24 8 9 10 9
33 1 4 13 23 14 11 33 30 19 26 13 31 8 8 8 12 13 1 10
49 9 20 12 30 23 8 21 47 22 29 12 42 2 8 20 28 6 3 13
29 7 11 9 24 6 23 19 18 21 19 14 32 3 14 8 11 12 9 16
3 1 1 1 1 1 1 3 7 5 1 1 1 1 1 2 1 1 1 1
25 4 3 11 17 3 13 12 18 23 7 3 18 1 2 20 11 5 1 9
25 1 9 8 1 2 13 4 21 17 3 14 18 2 14 9 11 7 1 12
10 1 2 1 2 1 4 3 7 2 1 1 3 1 1 3 1 2 1 1
14 1 1 1 8 1 4 8 11 13 1 5 8 1 6 8 6 1 1 7
7 1 1 1 7 3 6 8 9 6 4 1 5 3 1 7 5 4 4 4
11 1 2 1 6 1 10 10 16 17 3 9 9 1 7 11 4 4 1 6
14 1 4 9 17 1 14 13 19 26 6 13 13 7 12 26 17 7 8 18
44 6 10 22 22 21 21 21 38 21 18 15 30 20 19 29 19 11 17 18
41 18 17 35 40 14 22 31 30 35 27 8 37 13 14 37 17 14 10 21
32 8 8 20 27 19 24 15 38 28 6 20 26 18 9 31 18 25 19 23
44 5 10 28 38 22 48 35 51 48 26 39 50 12 41 37 41 31 20 46
28 9 10 1 27 9 22 32 31 32 19 24 38 12 17 24 25 9 4 22
21 3 3 4 16 3 14 16 15 19 6 2 16 1 1 17 6 8 2 8
34 11 16 23 28 13 33 27 29 40 6 27 42 11 18 29 16 23 8 21
11 1 1 1 1 1 1 5 6 2 2 1 5 1 1 3 2 1 1 1
3 1 2 1 1 1 1 4 6 4 2 1 5 1 1 1 1 1 1 1
23 1 1 2 14 4 1 17 13 14 6 1 14 1 1 11 7 1 1 7
13 1 1 2 10 4 3 16 17 10 18 5 15 1 1 5 6 6 5 6
22 5 1 10 18 9 13 28 22 24 15 11 23 3 9 14 9 11 1 8
45 12 16 30 38 26 25 29 38 28 18 17 42 19 16 33 12 15 15 12
5 1 1 1 3 1 4 6 1 5 1 1 2 1 1 4 1 3 1 1
46 5 9 19 41 21 25 30 49 37 26 24 46 12 28 36 31 8 11 33
19 8 9 8 13 2 14 11 10 12 1 1 14 1 2 9 2 6 1 1
25 1 3 3 25 1 15 25 21 35 8 13 29 1 6 25 20 6 1 20
58 1 12 28 51 17 20 50 44 51 44 18 49 13 11 35 42 20 6 42
29 1 1 17 25 12 28 18 25 29 17 25 29 9 21 23 18 24 23 32
24 14 12 21 27 17 23 32 27 34 16 18 30 9 8 29 9 18 6 11
49 6 8 26 45 23 23 41 49 48 24 23 48 12 12 43 28 20 5 24
13 1 1 1 3 4 1 5 7 6 2 1 9 1 1 5 1 1 2 1
49 20 16 33 52 29 45 48 25 57 32 29 55 15 21 46 32 29 19 43
33 1 8 8 17 1 12 21 19 28 12 17 31 3 10 9 15 12 5 23
69 19 16 40 64 24 41 49 57 68 42 32 63 24 24 57 49 37 29 59
25 9 11 15 27 16 26 4 23 18 10 13 20 24 11 27 15 22 30 26
59 13 24 22 40 28 34 19 61 49 12 33 48 25 20 44 42 30 26 38
19 1 1 1 17 3 10 20 4 21 6 4 22 1 3 19 14 1 1 15
13 1 3 3 8 3 9 10 9 14 4 8 13 6 8 14 7 3 6 8
40 4 15 19 25 8 28 25 35 48 13 32 41 15 24 28 31 26 13 34
31 1 10 16 9 9 21 19 36 30 15 26 33 8 23 21 25 14 4 21
20 1 5 1 21 1 13 17 5 21 8 1 20 1 1 17 9 6 5 15
24 1 6 11 9 5 10 9 22 22 6 16 20 10 11 18 9 10 11 15
37 4 17 15 12 6 26 2 26 21 1 14 23 13 17 14 19 12 10 21
16 1 5 1 9 4 11 18 15 20 11 11 18 1 8 13 8 7 1 7
11 1 3 1 2 1 2 9 9 6 6 5 10 1 2 1 1 2 1 1
20 1 1 4 15 1 11 22 16 27 10 10 20 1 7 16 8 4 1 13
17 1 4 3 9 5 5 11 14 9 10 1 9 1 1 9 7 5 5 8
9 1 1 1 9 1 10 12 6 13 3 7 12 1 7 9 4 3 1 5
47 14 15 24 37 28 24 36 45 40 14 26 46 27 16 42 27 23 27 30
34 13 16 22 36 20 51 26 33 40 14 29 38 14 30 36 32 30 19 36
57 12 19 41 48 26 44 35 40 49 30 44 61 20 38 35 29 39 37 53
7 1 1 1 1 1 2 1 11 5 1 1 1 1 1 6 4 1 1 1
7 1 1 1 5 1 8 7 13 14 3 3 6 1 1 15 8 1 1 3
10 1 1 1 6 1 1 8 3 9 1 1 6 1 2 3 1 1 1 3
18 4 1 5 14 7 12 23 21 20 12 9 19 1 2 13 10 13 1 3
41 18 17 29 41 13 29 42 38 49 25 19 46 11 19 44 26 14 6 28
65 14 14 40 61 24 34 54 58 63 46 26 60 27 27 62 42 23 22 50
37 1 3 8 26 12 11 26 28 33 16 7 27 3 6 27 24 4 4 21
40 8 11 11 35 4 25 31 23 38 23 16 39 5 10 19 17 18 8 27
11 1 1 1 1 2 5 2 14 4 1 2 1 2 3 6 5 1 1 1
41 17 16 29 54 15 43 39 22 57 17 23 48 15 17 46 28 19 14 39
16 1 1 8 11 7 8 1 19 15 1 5 6 17 1 25 13 10 16 14
48 13 19 36 44 14 39 42 50 58 27 31 56 12 28 45 30 27 12 40
46 19 15 33 56 6 31 39 36 55 20 15 55 18 19 51 33 12 10 39
30 10 6 13 29 17 29 32 35 40 11 23 33 12 13 34 23 18 10 20
18 1 1 3 15 4 7 14 12 12 9 1 11 1 1 9 4 7 2 6
15 3 1 1 19 1 16 19 20 27 2 13 21 7 13 28 22 1 1 19
53 13 19 31 39 17 31 20 51 45 22 26 45 19 21 41 34 24 24 44
74 7 27 34 49 30 44 44 55 53 40 39 71 19 33 29 48 37 21 52
39 17 17 25 29 11 32 23 26 35 9 14 38 8 19 22 14 12 1 15
62 9 17 44 50 20 41 53 50 73 35 37 64 17 20 50 45 33 10 48
39 5 15 7 23 13 21 19 34 25 9 18 39 3 16 21 23 3 3 18
35 1 9 13 17 15 35 9 38 32 1 21 24 14 24 30 31 20 11 26
13 1 1 1 5 6 10 7 17 9 2 3 3 6 4 13 10 4 4 4
50 1 8 20 42 21 14 33 47 34 36 16 40 14 9 30 34 19 17 33
13 1 1 3 6 4 5 10 8 12 7 4 12 1 4 9 6 1 1 4
22 1 4 3 10 6 5 11 17 10 6 1 12 1 1 9 8 3 1 2
25 2 5 7 17 2 4 17 9 18 6 6 23 9 1 16 5 8 10 14
38 1 7 9 25 24 23 16 41 26 20 20 20 24 14 26 30 23 23 23
35 6 4 23 34 13 15 27 35 36 22 11 30 12 9 37 23 13 13 26
19 1 1 7 14 12 16 16 24 17 13 5 14 7 6 23 16 6 6 11
8 1 3 1 4 1 3 7 2 6 1 1 7 1 1 2 1 1 1 1
45 1 10 21 25 9 29 25 45 49 14 28 42 11 24 37 39 16 7 35
29 6 9 13 26 9 27 22 29 31 14 23 36 20 9 30 24 17 16 23
27 1 7 4 14 8 8 22 18 21 12 7 25 6 1 14 11 8 7 8
30 7 10 10 22 16 29 23 37 33 8 21 30 11 15 34 26 14 10 17
13 3 4 8 12 1 9 8 10 16 4 1 7 1 1 16 9 6 1 5
23 4 2 7 26 10 26 19 30 27 11 11 17 9 11 32 25 10 11 23
26 1 5 3 16 6 8 21 12 19 7 1 20 1 1 15 10 6 3 9
36 7 14 4 34 15 19 28 24 27 12 8 41 1 8 25 20 5 2 16
20 1 6 10 12 4 6 14 19 19 16 5 16 1 1 16 14 4 1 11
2 1 1 1 3 1 6 5 1 6 1 1 2 1 1 7 1 3 1 1
42 10 17 19 43 12 39 47 49 55 34 43 47 26 32 36 39 26 12 44
32 15 16 17 33 22 25 31 34 38 12 21 36 10 10 30 15 19 10 16
11 1 4 1 5 1 4 10 10 10 6 4 12 1 1 4 5 3 1 1
25 5 11 5 15 5 11 8 12 13 1 1 17 2 2 7 6 3 1 1
8 5 1 6 12 4 11 15 11 15 2 3 9 1 1 13 4 9 1 1
12 1 1 7 14 6 7 15 8 5 13 1 10 1 4 6 1 7 3 4
17 3 1 5 19 1 10 25 18 25 9 11 19 1 3 13 10 13 1 9
55 4 13 30 34 25 42 33 41 46 30 38 52 13 40 31 37 34 29 48
61 9 16 14 51 38 27 30 52 53 30 22 46 19 17 56 54 15 26 45
42 9 11 21 43 25 14 32 42 41 28 14 44 6 7 40 27 16 9 18
64 17 17 32 54 17 43 56 69 68 41 38 63 26 38 53 60 18 7 57
57 13 23 40 46 35 33 38 49 45 26 32 54 25 31 41 27 29 22 29
11 1 1 1 10 2 15 11 12 15 1 8 15 4 7 17 13 1 1 7
27 4 11 1 14 13 14 12 22 14 4 8 23 6 8 16 15 1 4 8
16 1 1 1 7 8 12 11 23 14 4 8 15 3 6 16 15 1 1 6
28 1 1 8 16 17 7 18 28 10 16 4 19 12 3 17 10 6 11 7
18 3 1 6 8 8 11 17 23 15 9 7 13 3 6 14 7 7 3 4
22 5 1 12 28 10 23 23 12 30 16 13 23 5 15 21 12 20 18 25
28 7 1 14 17 14 21 23 32 30 12 17 23 12 11 25 18 18 11 12
29 12 16 15 16 2 26 8 29 29 3 13 27 9 18 17 19 4 1 15
39 12 19 9 36 21 20 22 37 38 15 21 42 11 18 39 29 10 14 25
39 5 10 44 42 20 42 22 41 54 23 39 39 21 35 42 35 47 38 52
24 1 6 7 11 9 13 9 23 21 1 13 18 4 13 10 13 7 5 12
12 1 1 4 5 1 2 3 17 15 1 7 5 5 3 11 3 4 6 8
44 8 13 21 39 25 21 35 47 36 23 22 44 10 9 28 23 24 7 17
14 1 4 5 8 7 5 12 7 6 11 1 11 1 1 1 1 4 4 5
34 4 8 9 18 8 10 22 18 19 11 6 26 1 10 12 8 3 1 12
14 7 6 13 14 5 18 20 20 29 5 16 20 2 7 16 8 16 1 7
15 1 2 2 7 2 3 13 11 11 7 2 11 1 1 6 5 2 1 4
45 14 15 26 38 21 31 28 42 47 14 21 36 13 12 41 28 22 11 28
68 18 29 22 61 37 34 20 59 49 34 14 41 20 20 53 51 23 28 42
41 22 20 35 44 16 33 28 36 46 18 15 52 24 19 41 23 16 11 23
9 1 1 1 3 1 6 5 10 12 1 5 5 1 5 10 3 1 2 4
16 1 1 1 10 11 12 5 18 7 7 1 4 9 4 13 12 7 11 10
9 1 4 1 3 1 4 5 5 5 1 1 5 1 1 3 1 2 1 1
3 1 2 2 2 1 2 4 3 4 2 2 3 4 1 4 1 3 5 3
32 6 7 16 37 13 39 41 40 43 28 31 40 16 20 31 30 26 12 31
56 16 13 34 46 31 43 44 39 60 25 31 52 16 23 50 43 27 12 42
22 1 1 5 14 11 13 20 16 14 9 3 18 5 5 17 8 4 3 5
29 4 8 9 17 2 8 9 17 16 8 1 18 1 1 9 9 1 1 8
42 4 5 19 26 19 12 21 41 19 24 1 21 13 14 31 25 4 8 19
49 7 9 29 44 19 15 28 41 33 32 13 40 14 17 34 20 18 21 33
3 1 1 1 6 1 1 7 7 7 8 3 5 1 1 1 2 4 2 4
36 1 6 11 22 21 24 30 35 21 18 16 33 11 20 27 16 5 8 12
30 5 7 13 28 6 22 16 20 29 11 22 35 10 15 22 8 15 19 31
53 1 8 9 33 16 20 19 44 36 11 10 30 8 9 31 36 10 6 26
18 1 1 1 7 4 7 12 15 15 5 8 15 1 8 11 7 1 1 7
43 3 9 16 36 18 43 26 39 44 19 31 36 18 28 33 32 34 26 40
56 16 27 10 54 25 36 50 62 53 40 38 62 22 28 40 50 22 7 40
46 3 17 19 18 7 26 17 37 35 9 20 41 5 19 19 23 10 1 21
11 1 3 1 1 1 6 3 8 9 3 7 7 2 7 7 2 1 3 5
32 9 13 15 25 9 25 16 22 18 17 7 31 7 16 7 11 8 7 16
58 18 29 42 47 24 46 39 57 60 23 37 61 18 27 48 34 31 17 40
6 1 1 1 2 1 4 8 9 8 6 3 7 1 1 5 3 2 2 1
46 7 10 30 40 19 33 36 45 48 17 27 47 12 27 42 26 18 6 30
37 1 3 7 29 10 20 30 31 33 21 16 29 11 6 19 27 14 4 27
55 3 6 26 43 16 22 46 50 44 35 15 46 12 11 36 35 16 1 26
31 7 1 25 46 22 41 38 33 45 31 32 39 17 31 45 36 30 30 43
27 13 7 29 45 16 27 32 23 44 23 22 36 16 11 38 18 33 27 34
40 15 16 17 29 17 36 29 38 29 21 27 44 18 32 32 27 5 6 26
33 5 4 19 40 1 14 27 30 48 21 14 32 12 10 44 26 12 13 40
40 8 10 29 33 21 30 26 35 29 26 18 32 13 22 32 18 24 18 26
47 13 15 23 33 21 30 20 47 40 13 12 30 16 16 44 34 17 12 27
8 1 1 1 4 1 7 12 7 10 6 3 11 1 1 8 1 3 1 1
12 1 1 1 4 3 10 7 19 14 2 4 7 1 1 16 11 1 1 3
33 18 17 25 36 20 30 33 36 43 13 30 43 20 16 41 21 28 23 29
29 3 3 15 30 17 27 14 32 37 11 22 16 27 16 38 19 26 27 27
31 9 7 22 45 14 36 31 39 48 26 27 38 21 15 48 34 31 25 40
18 1 1 6 14 9 14 18 16 16 11 8 17 4 9 16 9 6 3 8
49 12 12 24 46 24 38 36 20 37 24 8 45 12 8 37 27 16 16 27
50 11 14 18 36 15 25 31 47 45 27 14 35 19 17 41 40 12 9 33
42 3 20 17 16 12 23 12 32 32 3 23 36 11 23 18 24 16 10 27
32 7 3 16 35 11 22 32 21 41 19 11 29 3 7 36 21 13 7 28
18 1 1 6 24 3 16 15 23 24 14 9 19 2 11 25 19 6 9 24
57 6 15 25 54 22 40 45 40 47 36 19 50 23 15 37 38 34 20 40
63 16 19 39 56 29 43 42 62 52 33 28 60 20 31 55 40 17 17 37
56 5 16 30 42 20 29 36 56 47 33 29 41 31 15 39 37 33 20 36
37 1 6 5 23 19 25 15 26 20 16 11 22 13 16 19 17 15 19 24
35 10 10 7 31 19 35 34 38 31 18 21 35 21 25 37 28 11 12 23
28 6 6 16 28 14 15 25 30 34 17 14 29 6 2 30 20 17 6 14
6 1 1 1 1 1 1 3 6 3 1 1 2 1 1 2 1 1 1 1
12 1 1 1 3 3 2 4 10 8 2 1 5 2 1 9 4 2 3 3
8 1 1 1 4 1 5 7 1 9 1 1 8 1 1 5 1 1 1 1
26 1 3 11 14 11 13 19 22 20 12 13 21 7 13 15 6 9 8 12
53 23 24 37 55 11 33 32 39 52 28 7 51 25 18 48 34 17 17 41
48 3 9 9 30 18 22 36 32 31 22 11 40 13 2 26 28 15 9 20
25 6 15 21 20 8 33 16 27 36 3 27 29 9 23 27 19 24 8 25
62 10 18 30 59 30 53 50 58 57 38 38 58 39 36 51 45 30 24 42
55 6 9 21 46 33 23 45 49 41 31 15 51 13 12 46 34 13 10 18
23 1 2 7 11 1 9 16 22 25 16 14 20 3 5 14 12 8 3 14
22 8 9 15 22 9 16 22 20 28 11 19 29 16 8 27 9 17 17 18
30 8 7 4 30 10 23 29 27 31 16 16 34 10 16 30 25 8 11 29
32 2 1 4 21 16 16 23 33 22 15 7 19 9 6 20 19 14 10 13
42 2 6 12 24 12 15 28 35 28 20 12 34 3 12 23 16 4 1 14
10 1 2 1 13 1 10 10 1 10 9 1 10 1 2 7 1 8 8 7
9 1 1 1 1 1 8 6 16 14 3 10 8 1 7 7 3 3 2 5
58 13 18 14 52 33 41 27 59 57 18 37 48 32 36 58 56 21 25 52
21 1 1 4 7 8 13 11 30 17 5 9 9 4 6 15 16 7 2 7
39 12 19 21 23 2 28 19 31 40 13 22 39 12 21 19 23 14 6 23
61 24 23 37 58 35 41 51 49 61 34 18 49 31 23 66 49 23 17 45
50 21 27 7 51 26 32 26 58 46 34 26 51 13 23 49 51 12 15 39
21 1 1 4 14 6 1 21 11 9 12 1 20 1 3 7 1 1 1 4
46 6 23 20 19 21 33 11 42 26 3 19 34 14 19 28 30 22 10 19
59 20 27 47 51 34 47 37 59 55 35 36 51 18 30 47 42 43 26 47
44 1 14 16 15 15 35 1 43 35 3 22 20 18 25 33 34 20 14 30
46 7 15 24 33 13 27 40 38 33 31 23 43 13 19 16 17 19 4 17
9 1 1 1 1 1 1 1 11 3 1 1 1 1 1 5 4 1 1 1
10 1 1 1 8 1 2 8 7 11 3 1 5 1 1 8 5 1 1 3
29 9 10 9 32 23 36 23 38 35 5 21 30 20 16 43 31 20 16 21
23 1 1 9 19 4 12 22 25 29 17 12 20 1 6 20 17 11 1 14
15 1 1 1 7 1 2 13 14 13 3 1 10 1 1 7 4 2 1 1
49 16 10 34 56 25 35 34 42 58 21 26 44 21 16 57 35 31 27 49
35 12 16 12 29 8 33 21 31 35 11 18 34 16 17 22 25 12 7 21
17 1 1 8 12 1 2 12 19 22 8 9 14 7 4 18 8 5 8 13
40 17 23 24 40 28 23 35 41 41 19 21 48 17 1 39 19 26 15 12
6 1 1 1 5 1 5 7 2 7 3 1 4 1 1 5 1 3 1 1
29 1 10 8 10 5 27 9 25 27 1 17 22 10 17 23 21 11 7 19
31 29 29 32 42 20 41 24 29 36 19 15 40 23 20 28 19 26 18 23
26 8 5 13 35 10 27 25 28 34 20 25 33 17 20 34 25 17 21 36
37 1 3 1 28 19 25 24 40 35 10 23 29 14 20 30 32 13 12 27
16 7 5 13 15 6 8 11 21 19 4 13 16 15 5 21 7 14 17 15
12 3 1 6 13 3 10 19 12 20 10 4 15 4 1 17 4 9 7 6
24 1 4 5 22 1 15 24 20 32 11 12 25 1 4 21 16 9 1 15
26 2 2 18 25 5 6 13 25 23 23 7 18 7 9 22 14 11 15 28
54 31 27 31 54 15 46 53 54 66 33 37 64 19 34 49 41 21 3 41
57 12 14 32 47 33 37 28 54 45 44 23 33 27 36 44 48 27 32 51
67 10 13 31 43 23 33 46 43 53 37 30 61 11 21 36 41 17 8 40
31 1 1 14 31 21 25 34 33 26 30 15 34 11 18 28 16 14 15 16
40 13 10 13 28 17 33 27 47 38 22 28 32 20 28 40 37 8 10 35
19 1 9 1 13 6 12 8 13 9 1 3 19 1 3 10 8 1 1 4
13 3 1 1 19 7 22 17 16 20 10 11 18 8 11 23 18 7 11 17
41 1 8 20 28 5 23 24 38 47 11 22 33 15 12 37 31 23 12 32
38 13 19 10 28 20 25 13 30 27 6 11 33 3 11 27 22 9 4 11
11 5 1 9 15 7 19 21 15 23 9 11 18 9 8 27 12 12 8 10
51 7 10 31 53 25 35 48 31 52 31 29 57 20 25 53 29 15 22 41
54 23 25 31 59 39 36 38 59 52 41 22 52 15 19 53 49 30 25 38
52 10 30 27 24 11 31 6 48 38 7 22 44 16 26 28 35 12 9 28
41 1 2 17 38 16 26 31 21 36 27 5 35 5 6 37 29 15 17 33
64 13 19 27 57 38 23 43 44 44 35 11 56 6 13 47 32 9 8 27
19 4 10 4 10 5 10 8 17 8 3 4 15 1 2 4 5 4 1 1
35 8 11 13 27 9 13 21 16 24 13 10 31 14 5 25 14 11 15 22
27 7 10 13 19 2 9 14 20 21 13 1 17 4 5 22 19 3 1 13
26 15 18 16 23 1 23 17 21 29 10 10 27 10 9 16 16 12 1 11
45 10 16 27 54 33 40 30 40 45 20 23 45 16 13 51 34 31 27 33
21 1 4 5 10 8 11 15 20 17 9 12 18 4 12 17 11 1 5 12
16 6 2 14 21 4 14 19 21 30 10 8 17 1 4 25 13 10 1 11
30 1 5 4 13 6 7 13 20 19 4 8 19 2 9 13 15 3 2 17
51 14 22 36 43 36 39 43 51 46 28 35 57 21 33 43 28 25 16 25
26 1 2 4 19 6 3 11 19 17 7 1 13 1 1 16 17 2 4 15
11 1 1 9 10 4 3 9 6 13 7 8 16 9 2 12 1 7 10 9
23 5 1 6 30 9 23 35 16 34 8 14 33 2 13 29 17 6 1 19
37 14 8 17 47 15 34 57 38 50 27 30 54 14 17 38 31 21 1 29
48 2 8 22 32 10 15 28 46 41 27 20 42 5 17 30 29 12 7 31
17 5 1 10 28 3 21 24 26 35 19 30 31 13 17 25 16 20 18 32
55 9 18 28 58 26 54 51 50 65 33 39 56 27 30 50 49 43 23 54
61 5 14 33 51 18 33 28 65 56 38 33 40 33 29 42 49 36 27 58
15 9 13 11 17 1 22 13 9 21 4 8 24 9 9 15 7 5 4 8
47 10 4 24 56 31 45 59 38 50 37 25 57 21 23 57 34 13 19 38
43 7 6 27 41 21 18 35 30 40 25 19 42 22 15 42 17 14 22 30
21 15 11 13 33 2 31 24 22 34 10 16 30 7 15 28 17 10 4 21
56 14 24 14 51 22 29 33 33 38 28 11 60 8 14 25 31 13 7 28
66 16 29 40 52 32 37 43 55 60 27 30 59 18 19 49 39 33 17 43
18 1 1 2 11 3 5 10 16 17 3 2 12 1 2 13 8 1 1 7
61 6 27 35 37 5 40 33 53 57 30 34 54 19 27 30 43 27 3 41
10 3 7 1 1 1 8 4 6 7 4 4 11 1 3 9 5 1 1 3
36 8 20 23 23 2 30 9 35 35 18 23 35 10 22 16 27 20 12 31
40 3 11 3 20 14 11 14 23 15 4 1 27 5 2 19 20 1 3 11
47 19 14 36 44 17 30 39 54 60 22 33 49 21 20 52 34 28 15 38
46 9 14 27 43 29 21 14 48 30 21 16 31 22 14 42 38 25 33 40
32 1 1 9 21 10 10 20 34 26 22 9 24 3 5 21 21 5 5 18
20 1 1 5 19 12 19 22 20 21 21 14 25 7 13 18 16 12 15 19
26 1 1 8 20 13 13 25 20 20 12 7 25 5 8 20 11 7 6 10
48 11 12 28 40 24 43 36 42 45 35 38 49 10 35 28 35 34 28 41
49 7 8 15 37 20 22 27 41 41 19 8 25 16 13 43 38 16 14 31
10 1 3 1 4 1 3 5 2 6 3 1 9 1 1 3 1 1 1 2
69 27 30 43 54 26 40 43 57 54 39 24 58 30 38 53 43 6 14 44
30 3 7 6 16 8 5 15 16 15 10 5 21 6 4 13 8 5 10 14
36 15 15 23 44 22 34 34 17 36 18 12 38 10 7 36 21 24 17 27
10 1 3 1 4 2 4 2 10 4 2 1 3 2 1 7 6 1 2 3
50 9 20 18 24 7 34 16 39 43 5 19 42 17 23 29 35 12 6 29
24 1 1 14 14 6 12 14 25 18 11 7 15 1 11 13 10 10 1 13
11 1 6 4 7 1 14 10 13 19 4 11 12 1 10 13 7 6 3 9
44 18 17 38 46 23 25 43 49 52 29 26 49 19 18 49 23 23 13 28
35 1 2 16 21 13 22 24 34 27 15 21 35 5 26 20 16 5 4 20
13 3 7 2 13 1 14 12 3 14 7 6 19 1 6 11 6 3 3 9
42 7 10 20 43 19 23 27 19 37 19 13 39 14 5 37 26 18 21 32
7 1 1 4 18 1 20 11 12 22 6 11 11 1 13 17 9 10 7 19
31 6 8 20 29 4 20 25 31 39 21 28 32 15 12 20 16 30 19 30
60 24 39 45 52 35 43 32 54 46 26 32 63 27 24 42 24 39 26 32
48 13 16 21 38 5 20 29 35 38 32 9 45 8 11 23 26 7 5 29
28 1 5 14 28 16 17 19 28 26 25 19 27 7 11 17 22 23 22 26
19 1 1 8 17 5 7 15 15 18 14 1 12 1 1 16 13 6 5 13
28 15 15 21 31 13 34 17 13 24 13 9 32 6 12 15 10 19 10 15
50 21 24 20 47 25 54 23 48 44 26 29 40 38 39 47 43 22 29 43
19 1 5 10 9 2 16 9 20 23 9 17 18 2 17 15 17 8 4 22
21 1 1 14 20 4 17 10 24 27 10 11 10 11 8 26 16 15 15 22
14 4 1 5 9 5 9 12 12 14 4 4 8 1 5 10 4 8 2 3
37 7 9 16 26 10 12 23 29 24 16 15 36 15 2 21 11 13 14 16
22 1 7 8 17 8 12 13 18 20 5 6 20 5 3 23 12 9 6 9
10 1 1 1 3 6 3 2 15 3 1 1 3 3 1 8 8 1 3 1
35 8 7 18 25 4 28 22 33 38 11 15 30 3 17 35 28 8 1 25
25 8 10 18 19 11 28 17 28 29 5 18 21 11 13 23 15 22 9 16
20 1 5 1 16 8 6 10 17 13 6 4 13 1 5 7 7 5 5 10
21 4 7 4 23 4 19 24 13 27 10 12 26 4 11 22 14 8 7 19
47 17 19 33 46 30 20 43 50 37 31 15 46 12 11 39 22 18 7 16
63 19 16 31 56 26 40 51 63 56 32 25 59 21 35 59 46 9 6 41
9 1 1 1 6 1 7 5 8 13 1 2 5 1 1 10 4 2 1 3
31 1 1 8 24 9 6 31 18 26 20 2 27 1 1 19 16 3 1 14
4 1 1 1 1 1 2 3 2 3 2 1 5 1 1 5 1 1 2 1
20 8 4 9 31 5 24 26 19 33 11 13 24 5 13 29 18 13 8 24
6 1 1 1 1 2 2 3 5 1 5 1 3 1 1 4 2 1 1 1
27 1 6 8 16 1 7 20 22 28 13 16 24 7 11 15 15 10 10 21
66 26 36 22 47 43 35 39 64 54 30 35 61 20 28 48 47 34 21 34
8 1 1 1 8 1 11 12 14 14 9 9 12 1 7 13 8 2 2 10
10 1 1 4 13 1 6 12 12 16 12 11 10 6 4 8 1 12 12 13
54 17 23 22 50 27 33 20 43 45 16 9 41 18 12 51 39 16 19 29
40 7 3 24 45 21 33 46 35 49 31 28 48 3 20 32 28 30 15 35
13 1 4 4 7 5 6 11 13 10 6 4 8 6 1 8 4 6 7 4
57 1 5 15 38 26 26 23 43 40 24 15 25 17 21 38 36 18 18 37
20 1 1 3 17 1 10 16 12 24 3 1 14 1 1 23 14 3 1 11
16 5 9 4 15 5 18 9 13 17 8 10 15 5 10 16 11 8 8 14
62 14 16 33 60 35 60 32 51 58 24 36 52 29 38 49 44 38 34 49
12 1 1 2 12 1 7 15 3 14 4 1 12 1 1 9 4 5 1 6
16 1 1 9 22 1 10 21 18 33 10 19 26 11 3 19 14 15 8 20
29 5 8 5 17 6 12 21 13 21 7 1 22 1 1 17 10 7 1 9
11 2 1 3 12 1 7 16 10 17 3 2 10 1 1 11 4 6 1 4
13 1 1 1 4 4 3 5 15 7 1 1 4 2 2 8 7 1 1 2
9 1 1 1 1 2 1 9 8 2 8 1 10 1 1 1 1 1 1 1
19 1 4 3 12 2 11 18 15 16 19 11 23 4 2 8 8 10 7 12
69 13 18 47 58 29 49 51 60 57 47 34 64 20 28 42 38 33 21 41
64 20 22 31 53 22 43 26 48 55 13 21 48 35 25 49 37 29 31 49
16 1 1 6 10 6 6 12 11 14 7 5 12 8 1 13 4 8 9 7
26 6 10 13 25 1 21 21 26 35 14 20 26 6 12 26 20 13 7 21
48 8 14 24 36 12 34 26 22 49 10 20 42 11 18 34 29 12 9 33
49 1 8 21 37 14 27 34 34 50 31 23 44 8 15 37 35 18 14 43
33 11 11 18 29 19 25 32 33 26 17 12 35 10 3 29 13 16 7 6
21 1 3 7 12 6 3 14 16 16 11 5 14 3 6 12 9 1 4 10
55 6 9 19 42 37 35 33 57 39 25 27 41 30 35 49 39 12 25 33
20 1 1 4 5 4 9 10 17 12 7 8 14 3 9 5 9 3 4 11
37 1 3 21 26 23 30 26 35 29 29 25 34 3 28 19 24 24 22 32
49 2 9 19 41 10 22 39 40 40 36 17 47 9 11 32 36 12 6 35
24 1 7 7 16 7 12 14 25 20 22 11 20 4 9 16 15 10 10 18
14 9 7 10 17 9 19 20 16 23 3 8 18 6 2 22 7 13 2 3
65 23 37 37 38 24 51 21 59 54 12 27 52 33 37 39 46 27 17 38
18 4 1 6 21 11 15 27 17 21 8 4 21 5 1 23 11 9 3 8
32 14 14 7 26 8 32 27 31 32 12 18 36 17 17 32 24 5 8 19
47 15 21 8 37 25 28 33 44 27 23 24 50 14 29 32 27 3 2 22
48 15 17 24 45 18 42 21 34 39 18 10 36 19 19 38 33 19 21 33
52 19 24 33 49 22 51 16 39 50 14 26 49 32 37 40 38 26 30 50
27 5 2 18 31 1 25 30 38 50 15 25 34 1 19 31 32 15 1 31
22 5 5 8 19 10 13 20 25 25 11 9 22 1 4 18 15 12 3 7
18 3 1 9 23 7 17 29 20 23 23 14 26 3 7 16 11 15 7 14
68 5 10 25 55 35 48 28 43 54 29 24 44 18 26 50 52 26 27 54
43 18 18 16 47 21 38 44 35 38 38 28 56 16 32 32 29 15 15 36
18 1 1 5 9 5 6 16 21 16 13 5 12 1 2 11 8 6 1 4
48 6 9 23 44 26 29 30 43 36 32 14 38 7 21 39 40 17 17 35
41 9 15 1 37 22 10 15 40 35 23 14 37 1 15 33 32 7 14 31
11 1 1 1 11 3 7 9 13 15 5 6 8 3 7 10 7 4 5 11
20 3 7 5 15 7 18 13 10 9 11 4 20 4 4 15 7 4 7 8
38 1 7 8 33 21 27 29 17 26 23 12 37 10 14 29 27 13 18 32
61 15 15 38 49 27 33 44 61 49 46 22 50 23 27 49 36 20 19 37
20 1 4 5 8 8 5 13 15 8 10 6 13 4 7 7 6 1 1 6
58 15 20 31 59 40 44 39 60 59 26 36 53 25 21 50 43 46 33 44
18 8 4 11 15 7 16 19 17 24 7 10 15 1 9 18 9 12 1 10
27 2 10 8 26 3 25 31 29 32 17 23 34 8 12 16 22 16 1 20
29 1 2 13 20 7 5 24 28 20 25 5 24 2 4 18 14 6 1 10
46 12 11 32 59 37 56 43 56 61 36 46 44 34 28 56 43 51 39 49
4 4 4 10 13 2 12 9 1 18 1 6 11 6 1 18 1 13 6 3
41 12 14 17 28 16 34 21 29 24 18 11 32 13 15 20 15 17 16 19
25 1 6 7 13 17 8 15 25 8 12 5 18 4 8 11 11 5 1 4
49 31 30 42 44 22 35 36 43 42 27 12 43 25 14 45 27 16 8 22
64 17 19 28 60 33 47 45 53 53 32 23 58 26 20 46 39 34 23 36
60 9 14 31 60 32 33 48 44 47 42 22 62 2 19 41 37 28 20 36
69 22 19 27 67 31 58 50 55 64 33 31 65 22 34 58 53 26 18 56
64 6 18 39 52 27 42 46 68 63 30 39 65 23 39 57 47 23 18 45
60 16 24 27 43 22 42 30 55 46 25 21 51 30 26 36 44 16 11 33
28 1 2 13 29 14 21 36 32 29 23 19 35 8 20 27 15 4 6 15
18 5 9 4 4 6 10 7 10 6 7 4 14 5 1 10 7 1 4 4
17 6 6 7 14 5 16 21 21 24 13 15 19 4 8 16 12 15 1 9
19 1 1 1 4 5 6 9 13 10 4 1 11 3 1 12 8 1 1 2
11 1 1 8 12 5 12 7 13 20 3 10 11 11 7 25 15 6 10 13
36 1 6 9 29 6 16 27 35 38 18 20 32 7 11 29 30 9 6 29
42 7 11 27 41 20 32 32 30 30 33 18 46 12 25 28 20 11 20 27
25 1 1 2 19 8 8 25 20 19 17 6 25 2 1 14 9 7 6 11
12 1 1 1 10 1 6 17 14 17 9 6 14 1 1 7 8 8 1 2
18 1 3 1 4 1 10 6 11 13 1 5 12 1 6 5 5 2 1 6
25 1 1 11 22 8 22 17 21 25 16 10 18 1 12 19 15 14 8 21
50 15 19 15 43 17 26 26 54 47 24 19 47 4 21 45 43 6 6 34
16 1 4 1 10 5 6 13 8 10 6 1 13 5 1 11 9 1 4 7
21 1 1 9 22 13 25 22 18 21 18 15 22 1 16 15 12 17 13 20
51 18 25 35 60 27 43 30 43 49 21 30 55 21 27 43 35 33 33 42
4 1 1 1 4 1 1 2 5 3 1 1 1 3 1 4 1 2 6 4
8 1 1 1 1 1 5 5 4 7 2 6 10 1 6 5 1 1 1 4
47 5 9 28 35 20 28 22 36 25 33 14 38 6 24 23 20 11 15 25
53 9 9 21 49 35 29 48 37 42 30 21 57 15 22 48 41 9 13 34
47 17 17 31 51 13 39 45 48 50 34 28 54 16 24 37 35 21 5 32
12 1 1 1 6 1 1 5 7 6 7 2 6 1 3 2 1 1 3 7
64 14 13 28 55 32 44 33 44 60 13 27 47 29 20 62 41 30 28 47
23 1 2 1 9 11 11 7 22 12 2 3 6 9 6 15 14 5 7 8
18 3 5 11 13 7 21 15 26 29 2 18 22 1 13 19 15 14 2 12
45 8 12 20 33 1 20 24 33 46 16 21 42 13 12 27 27 12 7 30
34 4 6 7 16 12 24 22 31 22 14 14 26 8 8 20 15 12 7 11
9 1 1 1 6 1 6 9 4 6 6 1 7 5 4 7 1 5 6 1
41 13 16 14 39 23 14 21 35 38 14 7 31 9 6 43 32 13 13 22
15 1 1 5 8 1 10 15 18 20 3 7 12 1 5 10 5 7 1 5
40 13 17 22 27 11 27 14 34 33 13 16 33 18 18 34 28 7 11 25
15 1 1 1 6 5 4 13 10 8 9 1 12 4 4 6 4 1 5 1
19 1 1 6 15 5 18 6 21 23 6 15 15 6 15 19 14 10 12 23
24 16 11 22 33 5 25 32 33 42 22 16 30 11 21 39 30 9 1 29
11 5 1 6 9 8 17 12 19 15 5 6 8 8 5 20 12 9 7 4
54 12 14 16 53 22 44 37 33 44 22 15 54 12 19 42 42 9 10 38
20 1 1 8 12 8 4 16 11 11 10 3 16 5 4 9 1 4 6 5
28 1 3 12 28 7 19 26 18 34 18 18 34 6 17 22 15 15 14 31
66 14 24 27 49 21 23 28 45 48 27 10 50 6 14 41 46 4 4 39
27 4 4 18 18 3 11 12 29 30 7 18 20 12 10 22 13 16 14 24
20 1 1 5 12 5 1 16 9 12 8 1 16 4 2 11 5 2 5 7
44 21 20 35 52 21 41 48 41 52 22 23 58 22 18 49 23 18 9 20
22 1 5 6 8 7 10 9 23 16 8 7 12 7 7 19 15 1 6 9
54 25 24 36 61 30 44 40 50 59 30 24 43 32 16 61 38 38 33 44
28 4 4 15 26 12 13 19 27 29 8 16 29 12 7 28 14 12 13 19
35 4 2 16 25 9 19 22 29 37 7 11 20 10 9 34 24 14 9 24
44 3 5 18 28 11 13 28 36 34 20 10 32 3 16 31 22 4 2 24
19 1 1 11 22 1 8 16 14 27 5 3 13 8 1 29 15 9 7 15
16 1 1 1 16 4 17 21 22 25 7 12 20 4 6 21 19 7 3 12
15 1 3 3 5 7 9 7 19 10 4 5 5 7 6 14 13 3 6 7
14 2 1 11 19 4 9 15 20 20 16 9 14 9 2 20 7 17 16 17
26 6 16 5 17 9 15 5 18 12 2 2 23 1 4 14 12 2 1 1
51 7 11 30 42 26 33 38 50 43 30 23 40 24 28 53 34 13 21 33
26 12 10 14 25 3 30 26 21 36 8 19 34 4 17 24 15 9 1 17
15 1 1 1 7 3 8 14 10 13 7 6 13 2 6 8 1 3 3 4
7 1 1 3 7 1 8 6 8 14 3 3 5 1 3 13 7 3 1 6
48 7 4 25 43 31 38 44 46 39 36 29 44 11 20 24 31 35 21 32
58 2 8 20 29 31 31 28 57 36 27 24 39 20 27 34 32 15 16 25
23 1 2 9 14 5 16 10 22 26 5 13 14 3 13 20 16 7 4 16
21 1 1 1 10 7 5 13 13 14 6 4 18 1 3 12 9 1 1 7
6 1 1 1 9 1 7 10 2 15 1 2 10 1 1 10 3 2 1 4
51 15 20 8 34 26 44 29 54 40 16 29 44 25 32 44 43 16 14 34
39 3 11 7 24 27 10 22 42 15 23 4 30 8 4 27 24 6 8 6
26 1 4 13 15 5 14 18 23 25 9 14 25 7 9 18 5 12 8 12
21 1 2 10 13 13 6 17 18 4 17 3 15 5 9 8 2 2 5 4
6 1 1 1 5 1 8 8 6 11 1 5 7 1 5 7 1 1 1 3
11 1 5 1 6 4 4 9 7 4 10 1 9 1 1 4 4 4 5 6
21 1 1 3 15 1 3 14 14 22 7 2 12 1 3 16 10 1 2 15
10 1 1 3 3 3 3 3 14 9 4 4 3 3 5 11 10 1 1 7
54 8 14 21 53 33 37 26 48 47 22 24 41 29 15 51 37 38 37 40
58 14 15 11 56 27 54 36 52 58 24 32 44 28 36 57 50 25 23 53
29 1 1 10 15 12 8 19 28 18 15 7 21 4 11 19 12 1 1 10
39 8 6 15 32 30 30 24 37 33 12 12 25 17 10 36 24 21 12 16
45 5 8 15 30 17 31 30 45 42 17 22 34 14 13 28 31 24 7 23
9 1 1 2 8 4 10 7 9 13 1 3 7 1 2 11 5 5 1 3
6 1 1 1 8 3 14 12 7 12 4 7 11 4 7 17 8 4 3 5
4 3 1 4 10 1 10 10 2 14 1 2 7 1 1 10 2 7 1 1
46 5 7 24 38 23 14 32 44 27 37 10 37 12 16 31 24 12 17 26
56 7 10 31 42 25 28 42 59 41 42 21 40 21 20 41 35 19 16 30
25 1 7 1 11 8 6 10 16 11 5 3 19 3 3 11 10 1 4 6
8 1 4 1 7 1 6 8 11 7 5 1 5 1 4 8 6 5 4 5
49 11 12 44 57 26 37 48 53 54 49 38 53 26 26 46 29 37 28 43
28 10 12 13 24 2 22 25 15 30 9 12 33 9 10 19 8 10 6 12
31 1 1 8 22 13 8 18 31 18 25 4 24 1 3 15 17 6 6 15
25 1 8 1 10 10 6 8 23 14 4 7 16 1 7 11 12 1 1 6
36 17 9 26 53 22 33 55 39 52 26 27 52 20 15 53 20 20 14 31
49 7 11 22 44 14 32 40 34 44 32 25 50 10 19 29 28 24 17 37
25 8 8 15 23 2 20 13 22 27 6 5 23 1 6 22 15 4 1 11
41 3 8 9 28 13 28 26 34 32 23 22 34 17 13 23 22 20 19 30
10 1 1 1 1 1 1 5 9 6 2 2 5 1 2 1 1 1 1 1
40 12 8 20 46 27 40 31 42 50 15 22 31 21 18 53 37 25 18 34
15 3 6 3 10 2 12 10 12 6 8 1 10 1 1 7 3 6 3 4
40 13 10 13 42 19 44 35 45 47 12 27 41 21 17 42 37 24 12 28
6 1 1 1 2 1 9 5 10 14 1 10 9 1 10 9 7 1 1 9
16 6 6 6 9 7 12 19 16 14 9 5 17 1 1 13 5 10 1 1
41 7 12 25 23 21 28 27 37 24 21 16 31 17 22 30 19 11 14 15
21 1 1 10 18 9 19 23 24 23 10 12 22 3 16 26 14 5 1 13
15 1 5 4 3 1 12 10 14 16 5 9 14 1 8 6 5 6 1 6
30 1 1 14 27 18 24 24 24 28 22 17 28 14 16 26 19 18 24 29
66 10 3 33 61 37 40 54 57 58 49 28 51 17 29 51 52 39 33 54
50 9 11 22 35 13 20 31 33 39 21 10 33 12 10 39 29 11 11 30
30 17 11 18 39 11 32 29 38 46 17 30 33 27 21 51 31 19 17 37
28 1 1 18 29 1 15 24 33 48 13 24 33 6 14 34 26 14 7 33
20 1 1 14 33 3 22 24 29 40 21 31 33 11 19 25 24 20 17 38
16 5 1 7 14 7 12 18 13 20 3 3 15 1 1 16 5 9 1 2
23 3 8 3 11 3 10 11 19 15 4 6 17 1 3 4 5 4 1 1
20 1 3 12 12 1 16 9 25 28 6 12 14 1 11 21 18 7 1 17
24 14 9 22 32 13 18 33 29 36 22 13 28 10 1 32 16 19 11 16
14 1 1 1 4 1 1 9 13 9 9 1 9 1 1 5 3 1 1 4
50 18 24 20 48 25 35 36 42 50 12 21 52 9 12 47 33 15 3 24
65 19 18 19 55 20 45 44 56 64 32 29 54 29 35 62 55 12 15 53
22 1 1 1 9 5 6 13 16 12 2 1 13 1 1 11 8 1 1 3
7 1 1 1 5 1 4 2 8 10 1 2 5 1 1 11 7 1 1 6
39 11 12 14 29 10 17 24 16 28 9 2 31 5 2 23 15 9 4 13
46 1 2 21 44 25 28 39 28 43 36 19 41 16 9 40 37 23 28 42
41 1 1 5 25 11 15 27 37 33 17 11 24 8 8 26 28 11 7 23
48 25 24 36 44 20 37 43 48 51 33 23 48 23 16 52 37 23 12 31
38 1 1 6 25 14 25 31 25 36 14 13 31 5 10 31 25 7 4 25
23 1 1 10 29 7 20 19 17 29 11 9 18 6 9 29 17 15 15 25
28 5 2 12 34 17 35 20 35 41 8 23 19 23 22 46 29 22 22 31
14 3 1 3 20 1 23 25 27 34 8 23 25 4 17 22 21 9 1 19
10 1 4 4 8 1 7 8 7 15 2 6 11 6 3 13 4 5 7 6
25 1 2 17 17 1 5 10 22 28 10 10 17 5 8 21 15 8 6 21
16 1 1 7 11 1 3 1 20 15 10 3 3 2 3 17 11 3 8 16
60 20 21 34 44 21 42 33 48 54 19 18 48 24 23 44 36 22 15 32
31 7 10 8 21 12 13 20 17 20 6 2 25 1 1 16 11 9 1 6
46 1 4 13 36 23 15 39 39 27 25 10 40 8 10 28 21 10 8 13
24 1 2 1 14 10 12 17 26 21 11 12 21 6 8 18 14 5 8 12
30 4 9 5 12 7 9 12 19 11 6 1 24 1 1 5 7 1 1 1
55 24 30 27 57 35 46 50 43 54 22 28 64 19 10 51 32 26 12 27
10 1 1 4 9 1 6 9 14 13 8 3 7 1 1 11 8 4 4 8
8 1 6 1 3 1 7 7 13 11 5 8 12 1 6 11 7 1 1 4
30 6 6 11 18 11 23 25 32 30 17 17 25 7 7 24 20 16 5 15
24 13 8 21 30 8 13 29 22 33 14 5 25 5 2 31 16 12 1 14
36 6 5 13 23 24 23 22 32 19 14 9 18 15 17 26 16 16 12 13
40 15 17 23 44 29 35 37 39 44 23 28 47 10 15 32 20 31 18 28
9 1 1 1 1 1 1 4 1 3 1 1 8 1 1 1 1 1 1 1
54 11 15 32 52 27 47 44 51 43 42 29 53 24 29 44 36 23 25 36
14 3 7 2 3 2 5 3 9 5 1 1 7 1 2 5 4 1 1 2
58 1 12 25 35 23 41 28 48 46 23 33 50 10 35 37 46 26 24 49
4 1 1 1 4 1 4 8 6 12 1 1 5 1 1 7 1 1 1 1
63 4 5 21 42 29 27 35 49 48 29 14 41 14 17 47 44 10 15 41
50 10 7 34 54 22 36 36 52 60 31 36 46 22 27 51 43 36 36 57
18 6 7 6 17 1 12 20 4 17 4 1 21 1 1 11 3 6 1 5
45 12 16 28 51 17 29 41 40 50 30 25 45 16 9 34 28 34 17 35
18 1 5 4 6 1 4 8 13 11 6 6 9 1 7 8 7 1 1 7
25 3 11 2 11 9 7 12 18 12 7 5 24 1 1 7 9 2 1 2
54 1 15 22 31 21 33 29 39 42 25 27 43 19 21 35 39 23 23 44
8 1 1 1 5 1 1 10 2 5 4 1 7 1 1 2 1 1 1 1
40 19 18 35 41 28 26 32 42 42 22 26 35 22 11 39 14 29 21 26
29 1 8 19 12 10 17 20 31 23 15 19 26 12 19 19 15 16 8 16
7 1 1 1 2 1 1 4 8 4 1 1 2 1 2 1 1 1 1 1
35 1 3 11 17 3 18 25 36 35 17 24 33 2 14 10 23 13 1 22
37 3 2 24 34 17 17 37 33 35 25 10 35 11 9 38 18 11 8 13
58 7 24 30 28 18 39 24 52 41 20 29 48 26 27 28 37 28 16 30
68 11 27 41 47 31 47 41 50 47 37 37 65 24 42 32 31 33 31 41
31 6 11 10 15 8 27 23 31 30 10 25 35 6 24 18 20 10 1 23
39 15 19 14 26 8 18 15 27 26 11 6 34 13 14 13 16 3 5 16
19 1 4 2 6 7 12 11 19 11 5 5 9 6 5 13 8 5 5 4
33 1 8 19 17 7 13 24 30 31 16 22 33 10 18 17 16 17 9 21
12 1 4 4 9 1 5 7 7 14 1 6 11 6 3 8 1 6 7 7
57 20 18 26 56 29 56 50 63 72 29 44 56 30 37 63 53 32 15 49
51 16 20 39 39 25 38 38 51 55 10 36 51 31 22 50 30 38 25 37
48 4 6 17 41 27 18 45 30 38 28 12 47 3 7 32 29 13 4 20
51 1 1 25 39 29 35 24 47 38 33 21 32 11 30 35 37 25 24 41
16 1 1 7 13 1 9 14 17 21 14 13 15 7 10 11 9 10 13 18
61 29 32 45 49 18 46 33 55 57 35 21 58 19 35 39 39 20 8 45
17 1 1 1 15 5 10 18 16 14 17 5 20 1 4 10 3 8 7 7
8 1 2 2 5 2 7 9 13 10 4 2 4 2 1 11 7 5 1 2
36 1 2 18 27 20 17 24 35 20 25 9 20 13 15 28 16 6 14 15
60 9 13 30 45 38 38 28 59 43 30 38 43 33 32 38 37 42 42 47
51 9 14 12 41 29 35 31 59 44 22 37 48 30 30 46 43 20 22 37
39 7 19 29 41 11 39 39 43 54 22 35 45 20 21 31 31 41 12 38
44 4 13 22 35 24 23 22 41 24 25 17 43 15 17 27 14 13 19 19
24 3 3 19 28 12 23 24 21 26 23 21 28 7 15 20 11 28 25 26
29 6 1 9 26 11 17 30 16 28 14 7 24 4 7 23 15 10 5 19
43 1 7 5 28 21 21 15 30 22 15 6 27 11 11 27 27 12 19 26
29 3 5 13 20 10 18 21 29 24 18 12 23 10 7 24 14 14 13 16
48 22 26 30 44 21 50 23 36 44 12 23 48 18 30 32 30 25 16 33
44 3 4 23 45 14 30 40 31 52 32 36 55 13 19 33 30 26 21 51
43 24 23 31 40 13 30 17 36 40 12 5 33 15 15 35 27 11 5 23
20 13 9 14 20 16 18 28 20 23 10 13 23 10 3 18 1 17 8 3
11 1 1 1 6 1 5 11 12 17 6 12 14 1 7 4 4 3 1 7
35 1 6 9 28 25 21 19 33 15 19 6 28 5 13 27 19 10 9 14
33 4 8 13 19 7 16 20 28 31 14 16 27 9 11 25 15 8 9 19
67 14 14 41 58 32 37 39 59 54 34 25 57 21 25 52 38 32 30 49
27 16 9 18 39 7 30 35 34 49 8 29 40 22 17 48 24 19 14 31
26 6 3 24 34 21 16 26 29 21 19 13 29 15 8 28 4 19 17 12
18 1 1 8 23 1 14 24 19 33 14 14 22 1 6 21 18 12 1 17
29 1 4 3 9 13 11 10 25 13 6 5 11 9 7 16 16 5 8 9
9 1 1 2 17 1 10 15 16 24 11 12 14 2 2 18 12 10 7 16
21 1 3 1 5 4 9 9 24 13 5 8 11 5 3 11 13 4 4 6
50 9 10 11 39 25 33 30 41 45 15 18 36 18 14 43 36 23 17 27
42 1 6 18 31 8 5 16 43 40 14 19 34 7 7 27 28 14 8 28
25 13 7 27 35 12 32 29 33 48 13 27 32 15 17 46 26 21 11 30
51 25 27 23 52 40 35 40 56 52 26 25 50 22 10 54 34 29 23 28
40 14 14 23 37 21 39 33 34 32 26 22 43 11 13 19 16 26 11 18
59 20 19 30 55 26 46 40 51 60 26 24 52 19 18 54 37 29 21 43
10 1 1 1 7 1 1 8 1 9 1 1 9 1 1 6 3 1 1 5
34 10 13 8 43 15 27 36 37 41 16 24 44 6 17 34 30 18 8 28
30 5 3 16 39 9 23 29 29 46 13 19 32 17 6 47 27 18 20 36
18 1 1 3 10 1 2 16 19 18 12 10 15 1 5 7 10 5 1 9
50 5 12 21 37 16 34 21 25 38 20 13 36 9 14 31 34 13 13 39
9 5 1 7 12 4 11 11 11 14 7 1 6 4 1 16 10 9 5 8
57 9 20 20 31 26 29 20 47 27 17 15 44 13 22 27 30 9 10 22
22 9 6 13 20 17 14 23 21 18 10 8 21 4 6 15 7 13 1 3
45 2 8 16 36 10 21 42 32 44 26 18 40 8 7 26 26 20 3 29
17 1 1 4 14 10 7 12 16 7 15 1 12 1 3 8 3 6 5 8
42 3 7 10 26 9 20 23 33 33 13 10 32 8 6 33 27 6 7 20
45 20 24 25 43 20 42 20 42 44 18 18 42 28 24 39 33 20 22 34
6 1 1 1 5 1 3 4 2 8 1 1 7 1 1 6 1 1 1 4
28 1 2 4 13 8 5 20 24 18 12 3 19 2 1 15 14 3 1 9
55 2 7 31 37 14 18 28 39 41 21 17 43 13 17 35 20 11 12 30
18 1 1 7 20 1 6 18 13 25 3 6 14 7 3 24 11 10 8 15
31 1 4 8 22 15 12 15 37 25 11 14 22 16 4 28 20 16 17 17
60 16 19 34 51 9 37 50 46 66 32 27 61 7 19 44 43 22 1 45
52 6 14 36 31 23 38 23 51 44 19 23 39 19 30 47 37 24 13 33
18 1 1 3 7 4 4 7 20 12 10 4 7 1 5 10 8 2 5 11
16 4 4 6 12 6 21 12 17 20 1 12 13 4 12 20 11 8 2 10
21 3 3 4 13 2 11 17 17 21 2 7 18 1 3 9 4 7 1 4
48 18 24 21 42 35 41 26 39 33 23 19 45 11 17 35 29 24 18 23
63 12 14 34 56 18 36 45 59 55 32 26 61 27 20 50 41 19 14 38
37 6 7 18 20 15 19 19 28 20 10 8 25 10 10 24 11 11 8 9
11 1 4 4 8 1 9 9 8 12 4 7 5 1 8 7 1 7 4 6
43 1 9 12 38 12 24 37 41 45 23 24 43 12 14 32 42 13 1 35
27 9 7 16 29 2 32 29 38 48 8 35 39 16 23 36 25 21 7 30
56 4 10 15 39 30 33 28 47 46 21 21 30 25 24 48 40 22 24 37
28 2 4 5 25 12 19 27 31 29 9 16 34 1 14 21 18 5 1 13
46 2 12 25 32 13 31 30 55 48 28 31 36 16 22 31 43 23 4 35
33 5 7 20 34 3 17 26 21 36 14 9 34 5 6 35 19 8 6 23
20 1 3 6 12 1 6 8 14 14 6 1 7 1 1 15 7 3 3 7
22 1 1 3 12 5 2 19 23 17 15 5 18 1 1 8 10 4 1 7
31 16 14 23 37 17 30 36 29 40 10 27 45 16 10 33 7 22 13 18
59 22 18 43 54 21 34 49 56 66 35 30 55 26 31 59 43 20 15 52
31 2 13 11 12 1 30 13 33 30 5 25 31 8 18 20 24 13 4 19
28 1 3 4 3 11 10 7 22 7 7 6 18 1 8 7 7 1 1 4
12 4 1 5 10 7 12 14 20 13 9 5 8 5 3 15 10 9 6 5
46 28 28 38 48 38 45 42 36 34 34 24 50 21 18 35 12 35 25 23
49 9 15 20 40 20 47 40 50 54 17 36 46 23 25 38 38 33 13 34
20 1 1 1 16 1 7 20 9 24 5 4 20 1 3 19 11 1 1 12
58 6 13 23 45 34 36 26 47 29 31 14 44 16 24 32 33 16 21 28
28 13 14 19 30 16 38 24 38 41 7 29 33 11 24 34 28 23 8 28
27 1 1 13 29 11 20 29 31 33 17 21 34 18 6 29 19 19 14 22
62 17 17 36 58 35 37 55 46 63 36 30 62 22 4 57 39 31 18 36
9 1 4 1 3 1 5 6 10 9 4 3 8 1 1 9 6 1 3 3
62 17 27 11 52 30 19 31 42 42 40 21 60 4 16 31 41 20 21 37
51 6 11 22 46 20 35 36 52 44 39 22 42 16 23 40 40 24 16 41
49 1 2 14 39 16 24 36 34 40 34 14 39 8 7 32 33 19 16 35
62 18 22 24 52 18 40 40 59 55 25 25 60 23 22 47 50 14 9 36
36 1 2 16 35 9 20 23 29 38 20 16 28 10 14 35 24 16 18 37
33 3 13 1 19 11 2 15 23 16 10 2 30 1 1 12 16 1 1 4
39 1 5 17 33 11 28 25 41 42 19 24 33 19 11 37 29 21 15 30
51 24 19 40 56 28 40 46 58 58 40 31 45 27 25 50 43 31 21 47
15 1 4 1 8 1 3 13 11 8 8 4 13 1 4 6 4 1 3 6
63 11 17 25 44 25 20 41 58 40 34 10 46 17 16 43 40 13 9 28
33 1 2 5 32 8 19 33 20 36 24 19 35 1 15 21 21 16 13 31
28 11 14 12 22 4 21 18 11 25 5 6 26 9 7 20 9 9 7 10
28 4 10 3 17 8 9 17 17 19 7 7 28 1 5 13 12 1 3 12
43 10 10 10 31 20 32 27 40 29 15 19 38 14 23 29 27 7 12 26
3 1 1 1 6 1 3 7 2 8 1 1 1 1 1 6 1 2 1 1
24 2 7 6 11 1 18 14 12 21 4 11 24 1 11 10 8 4 1 10
23 5 1 9 21 11 22 20 23 26 5 11 17 8 10 21 15 14 8 17
44 17 26 19 26 15 23 12 39 26 11 17 38 14 20 13 26 10 5 18
20 4 8 3 6 4 10 9 9 5 5 1 15 2 1 6 4 1 1 1
49 11 14 30 38 20 41 32 57 57 17 33 37 23 21 42 40 37 14 35
52 4 13 24 40 15 42 27 51 50 32 31 41 21 24 38 43 32 22 48
17 1 1 4 11 5 3 19 18 14 17 9 18 1 3 6 10 6 3 8
44 20 20 31 45 17 29 34 31 39 18 22 44 23 17 35 16 27 26 33
31 1 1 10 20 10 6 20 35 23 20 8 23 3 1 19 19 8 2 10
50 8 9 24 46 34 45 46 50 35 43 34 55 20 33 38 37 25 29 37
36 1 5 1 21 17 18 20 22 24 9 7 23 13 10 28 23 8 12 20
58 4 7 22 48 39 32 40 58 45 29 25 44 28 23 49 35 25 25 26
47 5 10 16 32 26 30 21 41 24 26 11 29 21 17 28 22 15 18 16
29 17 15 24 36 18 28 32 29 38 15 27 42 18 9 33 8 28 20 22
32 1 1 14 30 12 17 35 36 30 28 19 37 9 14 26 22 5 5 19
9 1 6 1 1 1 7 6 11 8 5 6 10 1 5 9 5 1 1 4
65 20 28 33 45 22 43 27 58 56 23 21 58 23 30 38 44 16 10 36
56 11 9 33 56 39 41 49 53 57 33 26 46 32 18 64 32 28 27 33
43 10 19 23 29 20 19 20 38 24 19 17 43 16 17 22 14 10 12 15
12 1 1 1 2 1 2 6 6 7 3 3 7 1 4 1 1 1 1 2
68 18 21 44 53 32 40 33 73 61 36 38 44 40 36 57 50 41 40 60
21 1 1 4 14 6 7 10 18 16 8 7 10 4 8 10 8 6 9 15
1 1 1 1 1 1 1 3 8 6 1 4 2 1 2 1 1 1 1 1
16 4 5 7 14 8 10 17 14 13 12 5 13 4 6 13 8 8 5 7
2 1 1 1 2 1 1 4 1 3 1 1 2 1 1 3 1 1 2 1
22 4 1 14 17 6 10 19 23 23 17 6 15 4 6 21 12 8 5 12
43 23 23 30 35 20 36 24 33 35 14 10 40 17 21 34 23 12 4 16
11 1 3 2 14 2 6 6 2 11 7 1 11 4 2 9 2 7 12 13
28 10 8 18 34 20 35 32 31 35 15 24 36 11 18 33 17 23 15 24
30 15 16 16 37 25 28 32 29 31 17 19 37 10 10 27 11 23 13 17
40 25 20 33 46 18 25 40 35 49 22 14 36 19 11 47 26 18 9 30
52 23 27 43 51 12 51 35 59 73 14 45 60 32 36 66 47 32 19 53
55 16 19 32 43 24 25 31 46 40 29 12 38 28 22 47 36 15 20 35
46 17 23 23 25 15 36 11 41 33 16 12 40 17 25 23 27 5 7 26
54 14 20 31 41 22 13 22 42 33 20 14 45 17 9 36 23 14 17 25
56 24 23 41 53 22 27 46 58 55 36 29 49 33 19 51 41 29 25 46
23 1 1 4 14 1 3 13 12 21 7 1 15 1 1 17 12 1 1 13
48 7 1 19 47 20 30 39 41 52 33 18 41 8 12 44 39 20 14 41
48 9 16 31 43 18 51 36 35 60 10 35 54 24 27 55 42 27 20 49
47 12 19 33 43 20 52 33 38 51 26 37 50 18 34 35 36 37 29 42
32 5 4 16 30 28 34 22 32 29 16 18 20 18 21 37 22 22 15 18
12 1 1 1 14 1 9 14 9 23 1 10 17 1 10 17 12 1 1 15
53 16 15 29 51 12 41 43 49 57 31 24 53 18 33 54 43 16 12 50
19 1 1 5 11 8 7 16 19 13 10 8 19 3 12 17 8 1 2 6
36 23 17 37 47 24 38 34 50 57 20 39 41 27 18 54 21 35 27 39
12 1 1 1 9 1 4 17 3 16 4 1 17 1 1 10 4 1 1 5
28 1 6 5 20 4 11 18 16 25 9 7 22 1 7 21 15 4 4 18
49 18 22 27 54 20 29 33 50 45 31 24 52 19 21 52 39 16 17 40
20 4 1 6 20 16 28 17 27 27 11 15 14 16 14 30 23 19 15 15
13 5 1 7 19 11 25 13 16 17 10 10 12 7 12 21 12 15 13 17
45 9 15 12 27 13 21 14 29 23 13 6 36 9 13 16 17 3 8 18
26 1 8 11 18 3 15 10 17 21 9 14 23 8 13 14 11 15 15 26
30 6 7 11 22 9 15 22 27 29 13 13 24 1 9 15 14 14 5 15
51 8 18 14 29 23 34 15 41 29 14 17 36 13 20 27 32 15 15 28
24 8 10 10 15 8 21 12 19 20 5 6 16 6 5 23 14 9 4 8
48 1 4 16 29 19 25 28 34 37 25 15 33 7 13 29 33 11 12 37
26 1 1 1 12 1 5 21 18 25 10 12 23 1 6 9 14 6 1 16
26 19 19 21 30 18 30 27 29 34 13 18 29 13 5 33 12 22 13 15
22 1 3 8 16 8 16 22 17 18 9 4 23 4 8 24 9 5 2 5
54 12 15 29 38 21 27 26 41 29 34 12 36 9 22 28 29 15 15 32
58 6 11 20 40 23 21 29 39 28 26 5 40 15 11 33 26 6 14 26
27 7 7 14 29 11 30 35 29 40 15 24 36 15 9 36 24 22 11 19
28 18 17 25 40 16 31 37 28 48 15 23 37 14 9 43 16 22 12 24
16 1 4 1 8 5 7 8 13 12 1 7 6 1 8 5 1 5 1 6
51 11 20 36 27 10 26 20 45 38 23 20 43 15 26 32 27 12 8 28
42 1 5 10 17 10 22 13 41 35 12 19 24 13 18 26 30 16 12 29
33 1 8 15 26 1 30 23 37 38 24 30 36 3 22 19 31 22 6 37
14 1 1 1 8 1 10 9 12 17 1 5 9 3 4 18 7 3 2 5
32 1 1 9 19 15 9 10 31 14 17 1 15 6 3 22 17 3 10 14
31 19 18 35 37 10 33 29 38 52 19 25 35 15 24 45 31 24 11 36
10 1 1 4 4 1 1 1 15 8 3 4 1 1 5 10 9 1 1 6
31 11 14 17 18 13 33 22 31 31 5 20 35 5 12 23 15 15 1 10
69 1 10 31 39 31 36 34 52 52 27 22 45 19 26 48 49 20 16 46
23 2 1 3 21 13 21 13 20 22 7 5 10 13 8 25 17 14 14 15
31 1 7 15 12 4 25 15 27 33 4 17 25 6 17 24 21 14 2 19
28 2 6 3 11 6 10 18 26 17 16 13 21 2 8 7 11 9 4 12
20 1 1 1 13 1 5 13 11 19 1 3 10 3 2 16 5 4 3 10
23 14 8 22 38 23 33 25 34 37 16 24 28 27 10 40 16 37 31 25
19 9 7 13 24 7 15 20 12 27 5 12 16 9 8 22 6 16 11 16
51 24 20 34 66 33 53 49 52 62 25 40 63 31 19 62 37 39 35 49
23 1 7 7 17 9 7 4 24 15 9 1 10 2 2 18 18 5 4 12
18 1 1 2 9 6 11 19 23 18 12 9 15 3 3 14 11 9 1 4
7 1 1 1 1 1 1 7 6 7 5 2 8 1 1 4 1 1 1 1
49 17 18 32 36 19 25 30 41 34 28 7 38 16 16 43 29 5 3 24
24 1 5 11 10 1 14 14 28 30 9 17 21 2 13 14 18 11 1 16
11 1 1 1 1 1 1 4 11 8 1 1 5 1 1 7 5 1 1 1
55 11 13 30 52 26 28 25 55 52 25 20 27 33 23 57 45 28 31 47
28 3 3 4 22 8 19 31 20 29 13 12 28 7 6 25 20 10 5 15
23 4 10 6 17 9 8 7 15 12 8 7 15 8 6 8 7 9 14 14
30 5 4 13 16 11 19 15 33 27 10 10 16 8 9 27 20 10 7 13
21 1 1 3 10 10 12 17 20 11 9 4 12 7 4 13 9 6 5 4
39 1 3 9 33 17 20 17 42 38 15 21 26 21 12 35 28 22 25 33
12 1 1 1 8 1 1 14 10 12 7 1 12 1 1 8 6 1 1 6
5 1 1 1 4 1 4 8 13 15 3 4 4 1 2 8 4 2 1 4
61 15 19 24 49 24 53 36 57 49 28 31 59 19 39 34 45 20 16 43
17 1 1 6 10 5 2 14 15 10 11 1 11 1 5 9 4 1 1 4
9 1 4 1 6 1 9 7 11 13 1 6 5 1 6 11 6 6 1 5
8 4 1 6 13 2 12 10 9 15 3 6 6 1 4 12 1 10 5 7
52 26 19 43 61 41 49 39 59 59 29 37 43 42 24 65 38 51 47 50
68 16 32 36 50 38 51 39 49 56 21 33 66 21 26 51 44 33 18 42
6 1 1 1 5 1 9 6 10 12 3 5 6 1 5 13 7 5 1 4
14 2 6 3 6 4 8 10 3 5 7 1 13 1 1 4 1 3 1 1
18 1 1 1 13 4 6 12 16 11 10 1 11 1 1 9 7 5 5 10
67 22 24 38 51 32 41 34 59 49 22 30 60 42 31 44 31 24 27 35
42 3 8 25 24 15 15 25 39 27 27 15 31 12 18 26 16 5 11 18
25 4 7 6 26 12 20 23 33 30 12 20 27 4 15 22 22 12 7 18
31 1 8 11 24 18 11 22 30 19 18 13 30 9 12 23 12 9 11 14
27 4 6 13 28 10 24 25 30 38 15 18 24 16 9 35 28 19 14 23
65 1 12 21 58 36 45 40 52 56 42 33 49 25 27 47 58 34 30 56
33 1 4 9 27 18 20 20 29 22 17 15 31 6 18 20 18 10 13 23
59 11 18 31 49 34 49 29 45 42 21 25 50 11 28 34 39 33 25 35
16 1 1 1 14 2 2 11 10 14 5 4 11 2 5 12 10 2 4 14
61 12 25 18 38 24 26 31 45 45 22 17 55 3 16 35 36 13 5 28
32 15 12 19 37 26 39 37 39 38 26 26 37 17 7 37 23 32 19 25
15 4 5 5 9 5 19 9 12 15 1 3 12 4 3 21 11 6 2 5
59 18 28 20 45 34 30 18 41 37 33 22 53 7 29 27 35 21 29 33
31 5 12 5 27 9 22 22 26 29 3 14 34 1 13 23 18 5 1 15
16 1 2 1 2 1 6 5 10 10 3 5 11 1 5 6 2 1 1 7
34 19 18 21 36 11 38 32 33 46 17 38 46 24 30 38 24 23 15 37
53 14 27 38 30 25 41 32 51 40 26 33 50 23 35 36 31 29 17 26
55 15 18 29 42 10 28 31 41 45 27 17 50 10 24 30 29 8 7 35
6 1 1 1 5 1 5 5 4 10 4 1 4 1 1 9 4 2 1 4
39 16 18 22 27 13 19 15 27 25 6 14 33 21 10 20 11 15 16 15
46 18 21 24 41 5 21 16 28 39 16 1 36 11 13 30 29 3 4 32
16 10 5 8 29 2 24 29 22 34 16 16 27 7 15 31 21 8 3 23
51 19 22 27 57 29 37 44 40 53 21 28 62 20 11 52 30 31 22 36
53 23 36 37 32 28 49 23 52 44 9 32 48 28 28 38 35 33 19 25
7 1 1 1 2 1 1 2 8 3 1 1 1 1 1 4 2 1 1 1
16 1 1 4 4 3 3 10 22 15 12 7 10 1 5 12 11 1 1 8
5 1 1 1 11 2 8 11 6 6 11 1 7 1 1 7 3 8 6 7
38 4 13 21 16 5 27 10 36 31 9 12 22 9 15 29 29 14 6 24
7 3 6 3 7 1 13 7 4 11 1 2 10 1 1 10 2 4 1 2
21 4 8 4 10 2 7 9 10 13 7 4 16 2 5 9 6 1 5 9
17 1 4 10 13 6 7 11 15 17 9 6 12 11 1 21 12 9 10 11
24 3 12 11 11 1 19 9 15 25 1 12 23 4 11 11 8 9 3 14
9 1 1 1 1 1 2 4 2 5 2 2 7 1 2 1 1 1 1 1
58 12 21 23 32 15 37 24 44 45 11 14 47 20 24 32 35 13 7 30
23 1 2 2 11 8 4 18 15 12 9 2 19 1 1 7 6 2 1 5
16 7 9 7 15 1 20 16 8 17 7 9 19 1 8 15 7 9 4 10
63 4 16 24 48 26 42 47 57 56 36 37 66 15 31 39 51 27 14 51
24 1 5 4 18 1 12 17 11 24 6 5 22 1 5 21 14 2 1 13
60 26 26 33 56 28 44 35 53 53 32 15 46 26 23 50 43 23 19 39
9 1 1 1 1 1 3 7 12 11 5 8 8 1 4 1 3 2 1 4
32 1 9 12 24 15 32 19 27 30 16 23 32 11 24 23 26 18 21 33
29 3 3 11 15 9 16 21 24 25 4 9 21 1 7 16 10 11 1 10
8 1 1 3 5 1 5 4 11 12 1 5 2 1 6 7 6 2 1 8
22 7 3 18 24 10 13 23 20 25 17 4 19 5 2 24 10 12 7 12
31 1 1 8 22 4 3 21 29 30 14 13 26 11 1 26 17 9 12 22
31 6 8 23 23 8 21 25 26 33 11 20 30 12 16 23 13 23 12 24
22 4 8 9 14 1 18 2 14 17 10 8 17 1 10 9 8 7 6 18
43 16 14 28 38 15 33 19 36 42 10 13 35 26 14 41 23 20 18 24
28 18 17 23 39 29 31 29 26 27 20 21 31 13 12 23 11 31 22 20
17 2 1 8 11 12 12 17 18 9 10 1 11 5 3 17 9 6 3 1
13 1 1 1 1 1 1 4 3 2 1 1 6 1 1 1 1 1 1 1
70 6 10 34 60 39 45 50 62 55 42 30 61 15 35 51 49 31 27 48
6 1 1 1 9 1 9 14 8 15 4 7 13 1 3 8 3 2 1 5
40 3 12 8 31 18 20 10 37 20 14 3 23 7 6 24 25 10 12 20
41 1 6 15 24 29 26 23 38 22 19 11 26 19 18 34 22 11 15 15
15 2 1 3 15 9 14 13 18 15 3 4 14 2 3 15 9 6 2 4
64 15 29 46 56 24 45 43 64 63 43 40 60 20 35 41 54 45 22 54
10 1 1 1 6 2 9 10 7 10 2 1 6 1 1 11 4 4 1 1
53 14 20 29 56 35 42 38 56 48 32 26 44 23 11 42 41 40 24 35
42 6 5 19 51 17 36 51 41 50 41 35 53 12 32 35 33 23 17 44
26 1 1 14 12 1 9 13 27 29 14 17 22 3 10 18 15 7 4 19
40 7 8 17 33 26 24 33 35 26 19 12 36 10 13 29 12 13 8 12
24 1 1 1 15 11 22 8 26 21 1 11 14 6 14 18 19 6 6 16
38 5 5 16 29 12 18 39 36 34 25 19 35 9 13 20 18 18 6 18
52 6 10 13 45 28 34 28 50 45 22 21 41 10 18 38 41 28 18 35
25 15 11 15 40 10 30 40 25 44 12 21 39 11 13 39 20 18 10 26
38 3 7 13 38 12 32 25 35 39 20 24 31 25 11 33 24 31 25 32
68 24 35 34 53 37 37 38 52 39 32 20 61 26 33 36 30 12 17 26
7 1 1 1 9 1 2 7 4 12 1 1 5 1 1 8 4 1 2 6
56 2 17 18 21 21 29 21 50 33 12 18 39 14 21 25 31 18 10 23
55 15 24 45 53 14 51 44 66 76 30 47 57 34 37 60 58 42 20 59
39 11 15 24 31 11 26 8 31 27 18 7 29 18 15 26 22 10 16 28
34 6 15 21 24 10 36 19 44 47 8 34 36 17 32 36 37 19 12 37
25 7 10 8 31 1 22 33 16 35 14 16 37 5 10 27 19 12 8 22
6 1 1 1 12 1 12 15 15 17 7 14 16 2 9 11 10 3 3 12
47 26 27 16 37 11 43 36 46 49 24 36 56 23 37 30 36 14 6 34
68 25 30 47 54 34 37 54 72 59 42 36 63 21 24 46 38 36 12 36
69 9 19 37 54 23 50 53 64 73 32 39 67 21 33 58 57 35 13 53
54 25 24 36 53 18 35 40 43 48 31 11 47 24 15 48 33 18 15 35
39 4 15 6 20 16 13 9 36 23 12 12 34 1 13 22 26 1 1 18
19 7 6 19 21 5 18 16 24 30 10 16 16 8 9 24 11 20 11 20
25 13 7 13 38 7 30 42 30 51 15 30 40 9 19 35 27 19 1 30
3 1 1 1 1 1 1 2 8 3 1 1 1 1 1 3 1 1 1 1
10 1 1 1 5 3 5 10 11 6 7 1 5 3 1 10 3 4 5 3
17 4 6 3 10 1 19 12 15 19 2 14 22 1 14 13 11 1 1 13
22 1 2 4 13 1 8 16 15 18 12 5 17 1 4 7 4 4 3 11
8 1 1 1 1 1 3 3 6 5 1 1 5 1 1 6 3 1 1 1
9 1 1 1 1 1 5 5 11 7 1 1 1 1 2 8 5 1 1 2
47 18 18 11 39 13 39 40 44 49 24 35 51 23 28 40 35 16 14 38
67 7 7 29 55 34 37 44 37 49 42 21 55 9 22 44 44 18 20 48
17 1 6 5 11 1 16 8 13 16 9 11 14 1 11 10 7 10 8 15
36 7 9 16 30 5 20 19 29 35 10 14 32 20 1 28 22 17 14 21
44 1 4 15 29 16 32 16 40 44 14 24 27 16 27 39 40 16 14 40
28 1 1 1 16 8 8 25 22 24 14 8 25 4 2 18 18 6 2 11
51 18 17 28 54 23 38 53 44 62 31 21 54 18 16 60 46 22 12 41
6 1 1 4 9 1 8 7 7 13 3 1 4 3 1 12 6 6 5 6
3 1 1 1 1 1 2 1 2 5 1 3 1 1 3 4 1 1 1 3
18 1 1 3 14 8 12 16 18 18 10 10 18 4 10 17 11 5 8 14
42 20 21 36 53 13 47 43 48 60 27 37 54 30 20 51 41 31 16 39
60 5 8 13 52 32 29 37 53 52 31 17 45 17 9 50 47 24 17 36
7 1 1 4 5 1 3 8 13 11 7 6 7 1 4 8 8 3 1 5
9 1 4 1 1 1 1 4 2 1 4 1 7 1 2 1 1 1 2 1
63 13 29 41 49 12 43 47 61 67 38 39 60 23 35 43 51 29 5 50
7 1 2 1 3 1 8 8 10 11 3 3 10 1 1 10 3 2 1 1
11 1 1 1 4 1 2 7 4 8 1 1 6 1 1 1 1 1 1 1
14 1 1 10 12 5 3 13 13 10 9 4 14 7 1 12 1 8 8 6
16 1 4 5 7 1 7 8 15 16 6 8 9 1 8 11 8 1 1 9
43 14 20 24 25 4 31 24 37 41 10 20 41 8 17 18 22 20 1 17
23 4 1 8 30 11 25 21 28 31 10 14 26 3 14 30 20 12 8 23
12 1 1 7 9 1 5 8 14 14 8 1 8 1 1 13 11 1 1 8
40 8 5 14 38 9 26 41 38 43 21 15 42 9 14 43 32 5 1 27
55 15 12 25 55 18 30 42 54 51 33 26 56 23 25 55 38 14 19 47
16 1 1 1 7 4 9 9 20 16 4 4 10 1 1 16 12 1 1 5
20 1 1 1 8 5 7 12 15 13 4 1 13 5 1 16 13 1 3 7
6 1 1 1 1 1 2 1 12 6 1 3 4 1 2 6 2 1 1 1
66 28 28 23 62 26 51 44 62 61 31 26 56 32 35 62 56 19 15 48
37 3 1 22 39 27 34 29 45 39 18 22 30 26 22 52 26 22 22 27
17 1 2 1 11 4 7 5 13 11 5 2 10 1 3 10 6 3 5 10
14 1 1 1 5 2 1 8 12 8 3 2 11 1 1 1 3 2 1 1
28 1 1 7 17 4 1 15 29 23 12 3 19 1 1 18 20 1 1 12
14 1 4 1 1 2 2 7 7 4 5 1 9 3 1 6 2 1 4 1
35 11 13 18 37 21 34 33 34 36 23 27 41 9 14 21 20 30 15 23
23 1 1 3 18 4 10 28 20 25 16 11 27 1 3 12 11 8 1 11
6 1 2 1 3 1 4 9 9 8 7 5 8 1 2 3 3 4 2 2
29 13 15 18 26 8 13 21 21 30 8 19 32 18 6 24 12 18 19 21
50 9 16 16 36 28 38 23 47 38 25 23 31 22 20 38 37 25 21 28
21 9 9 1 15 6 21 16 28 24 7 20 22 11 20 26 22 1 3 19
7 1 1 1 6 1 6 8 5 10 4 1 7 3 1 11 3 4 5 3
27 1 1 6 13 9 10 19 30 21 15 14 22 6 9 21 14 5 6 13
30 17 14 19 42 13 35 39 19 50 9 23 43 13 17 45 25 17 8 31
8 1 1 1 1 1 1 1 7 6 1 2 2 1 3 3 1 1 1 2
5 1 1 2 7 1 6 9 9 8 5 2 3 1 1 6 1 5 2 3
30 14 21 31 22 14 36 26 37 48 10 34 36 20 19 36 18 33 16 24
28 1 4 8 23 1 11 22 20 33 14 15 28 6 3 21 19 9 5 23
46 6 11 17 36 13 13 35 35 38 23 7 41 3 8 34 28 6 3 23
49 4 14 20 36 33 25 25 39 23 32 15 40 6 17 27 32 19 23 26
33 17 17 18 31 18 36 35 31 37 12 20 39 14 8 36 20 20 9 12
28 10 6 12 43 11 33 41 21 47 15 19 41 6 10 42 27 10 3 32
9 3 5 4 10 1 10 8 1 5 5 1 8 1 1 7 1 7 6 4
13 1 1 2 8 3 5 2 15 7 6 1 1 3 1 12 10 2 6 8
57 14 27 42 43 3 41 34 67 66 29 47 61 29 37 47 53 29 12 57
15 4 8 1 13 1 17 11 15 20 5 13 15 1 13 17 11 6 5 15
59 26 31 36 56 31 35 33 40 47 19 7 61 26 16 44 32 17 13 29
40 14 22 23 32 22 35 28 39 38 15 24 41 12 16 28 20 29 13 22
13 1 3 1 5 2 3 10 6 6 8 1 13 1 1 3 1 1 1 2
71 10 20 39 56 16 26 48 61 64 39 34 62 22 20 41 44 32 16 54
62 16 20 25 47 26 44 34 36 50 20 13 50 23 20 48 45 10 14 38
11 1 1 4 3 1 2 2 16 14 4 4 4 1 4 8 8 1 1 8
53 6 12 17 41 27 27 30 32 36 17 5 38 9 3 42 38 10 8 24
47 16 21 29 42 8 46 44 50 54 29 39 57 19 32 34 37 26 7 39
9 1 1 1 9 1 8 9 12 14 1 6 12 1 5 13 9 1 1 9
26 1 1 6 21 12 13 26 26 14 24 8 24 6 6 14 8 8 8 6
39 8 9 9 43 18 27 35 44 36 23 17 40 10 17 39 34 8 6 28
31 6 9 5 28 1 21 27 19 35 8 12 38 2 10 21 20 2 1 17
60 6 14 7 45 35 29 34 53 46 30 23 47 20 16 43 50 21 17 33
9 1 1 3 6 1 7 3 13 16 3 5 3 1 5 14 8 2 1 8
38 1 6 5 30 24 19 21 39 18 16 11 33 11 17 31 25 3 11 18
47 7 14 20 29 17 19 17 38 26 22 14 36 1 17 23 24 7 8 24
18 1 2 1 7 1 3 9 10 12 5 1 9 1 2 7 4 1 1 4
32 10 14 13 23 7 16 21 20 25 9 9 29 13 6 20 13 11 10 12
54 24 32 46 50 25 43 35 49 65 11 44 53 35 25 54 29 49 35 50
42 13 9 25 49 28 42 44 42 51 30 30 43 24 13 44 28 40 29 36
14 1 1 2 12 9 11 8 15 5 11 3 9 5 4 8 8 7 11 10
47 10 11 20 37 14 30 24 48 47 18 31 40 24 20 44 34 20 23 39
32 7 4 16 43 16 29 43 18 46 30 26 47 15 16 41 32 17 21 41
55 31 32 36 54 16 57 43 50 71 14 33 68 26 36 54 45 19 1 43
44 12 21 27 32 19 46 28 43 49 11 35 42 24 35 42 39 30 21 41
55 4 10 25 35 19 21 32 53 45 21 31 51 18 17 32 29 23 15 34
11 6 1 8 13 6 14 23 12 21 12 9 20 5 4 17 6 13 6 4
7 1 1 2 11 1 7 8 5 9 5 1 3 1 1 6 1 7 4 5
33 1 1 21 24 16 7 18 38 22 21 8 28 11 7 32 19 4 8 16
63 21 31 45 49 24 44 34 47 63 18 30 55 18 24 50 41 32 14 45
27 9 6 25 33 18 22 25 27 29 23 12 25 8 12 29 10 20 13 20
59 10 19 35 47 26 35 40 61 49 33 43 63 25 29 39 33 26 24 40
22 4 7 7 19 1 14 19 16 23 7 7 21 6 1 16 12 11 3 8
21 15 15 15 27 8 32 22 19 32 1 15 29 8 13 28 15 12 1 10
38 9 20 25 25 13 33 30 36 46 12 31 47 11 19 26 19 29 8 23
55 9 25 26 32 12 44 22 48 45 18 27 44 25 26 25 38 30 16 34
9 1 1 4 9 1 3 8 13 12 9 2 5 1 1 9 7 2 3 8
14 3 1 10 12 3 8 11 11 16 10 1 6 5 1 18 10 8 6 9
10 1 7 1 6 1 11 6 6 10 1 6 10 1 5 8 4 5 1 5
16 1 1 6 13 1 4 8 14 18 5 3 6 1 4 12 9 3 2 11
55 15 18 23 54 34 32 30 65 52 33 25 39 23 14 51 48 32 23 38
47 15 20 23 41 17 12 27 38 36 26 7 34 15 14 37 36 1 9 35
35 1 3 15 28 15 10 24 25 20 24 4 26 8 9 25 15 4 9 17
9 1 1 1 7 1 7 8 7 7 1 1 2 2 1 10 3 2 1 1
15 1 1 1 9 1 1 12 4 10 3 1 12 1 2 7 5 1 1 6
19 4 8 5 13 9 15 17 15 12 16 9 22 5 8 13 9 6 7 11
69 17 26 31 49 33 32 34 68 48 38 26 63 16 30 49 46 9 14 31
49 1 1 14 30 21 18 23 44 33 16 12 32 14 17 38 28 5 11 26
29 9 16 25 39 14 37 44 34 47 24 34 41 23 18 34 28 33 10 26
45 1 5 18 43 3 25 37 43 52 32 27 45 5 21 27 38 18 5 47
13 1 1 1 6 2 6 9 10 8 3 2 5 1 3 6 3 4 1 2
56 24 32 42 40 22 46 29 54 54 15 26 58 19 28 37 31 22 2 26
21 1 7 9 4 5 14 6 22 17 4 13 13 6 14 12 17 8 3 14
21 1 1 4 9 5 7 13 27 18 11 15 15 3 7 5 14 8 1 11
5 1 1 3 1 1 3 2 7 7 1 6 2 4 6 6 2 2 5 6
42 5 1 27 56 15 30 43 34 59 35 31 51 12 21 48 39 24 25 55
16 1 1 3 6 4 3 10 12 10 7 4 9 1 5 6 5 2 1 5
35 10 6 25 45 12 20 33 31 53 13 17 38 10 10 49 28 16 7 33
47 12 22 38 37 14 38 31 47 49 23 38 55 23 30 41 26 33 22 37
22 3 1 14 26 14 18 23 25 24 23 10 24 1 5 19 13 17 7 15
2 1 1 1 1 1 2 1 3 2 1 1 2 1 1 3 1 1 1 2
51 9 19 23 28 9 27 19 45 38 18 20 45 11 17 17 30 11 1 24
16 1 4 7 8 9 7 13 9 8 12 5 16 1 7 8 1 1 1 4
49 14 10 30 55 8 40 55 50 73 33 39 58 16 27 52 50 27 8 54
24 10 6 13 25 21 25 23 27 22 13 7 17 14 5 28 16 20 13 13
69 9 9 35 58 28 39 51 56 67 32 29 62 21 28 64 56 17 16 55
10 2 4 3 10 1 10 8 9 12 4 1 7 1 2 13 6 7 4 5
50 2 20 28 26 14 31 29 49 38 21 31 45 19 20 22 31 32 9 27
15 1 1 1 9 5 4 10 12 10 2 1 9 1 2 6 5 3 1 3
46 7 11 11 28 15 24 18 26 31 10 6 31 11 9 33 29 4 7 23
23 4 1 7 23 9 14 27 21 23 20 9 23 4 8 16 10 13 9 16
24 1 1 6 10 4 11 11 23 22 9 7 15 4 7 20 16 1 3 13
64 13 27 36 40 25 44 27 48 40 26 26 54 17 37 24 36 29 23 38
18 3 2 4 17 5 11 17 17 18 6 4 14 1 1 14 4 10 2 8
29 16 10 10 44 16 37 38 33 42 27 33 44 28 25 42 28 24 26 41
21 1 4 4 7 4 5 9 15 14 5 4 12 7 4 15 9 3 6 7
69 25 26 34 64 41 32 41 64 54 40 14 50 25 24 62 50 20 21 45
25 4 1 14 17 14 18 17 26 20 12 7 14 6 9 23 16 10 6 13
47 19 12 34 52 32 33 54 32 53 35 24 49 16 11 46 22 25 17 34
40 13 15 27 36 18 31 33 34 34 22 20 45 24 17 36 19 18 17 16
22 4 4 8 16 7 16 16 12 23 1 5 20 7 1 25 7 11 6 6
15 1 1 2 7 2 6 6 20 16 3 5 8 1 4 15 11 1 1 8
17 13 9 18 29 19 27 23 17 23 15 16 21 8 12 19 8 26 17 16
10 1 1 1 11 1 3 17 3 13 3 1 12 1 1 7 2 2 1 4
11 1 1 1 8 5 9 11 5 10 10 7 14 1 6 9 5 1 5 9
25 13 12 2 30 13 27 27 29 27 22 23 35 16 24 26 22 11 14 29
58 9 12 22 45 25 37 27 50 39 37 19 43 17 18 33 42 23 20 38
29 1 5 17 13 4 14 20 29 30 16 24 32 9 15 13 15 17 7 20
16 1 1 6 7 10 6 12 15 5 11 4 11 4 7 8 6 3 3 3
59 19 19 32 53 28 52 44 60 70 11 46 57 39 39 65 51 39 35 61
55 6 14 29 41 25 25 41 59 39 41 21 46 18 17 35 40 19 6 26
39 16 16 39 46 26 53 34 41 55 17 45 49 27 33 49 33 46 35 48
7 1 1 2 10 1 8 6 5 14 1 1 4 1 1 11 2 5 1 5
14 1 1 1 5 3 7 7 16 13 1 2 9 3 1 15 10 1 1 6
17 1 1 14 27 6 23 15 13 30 12 17 17 4 16 22 13 19 18 27
15 1 1 1 17 1 10 22 8 24 6 11 23 1 9 16 11 1 1 15
18 4 2 11 27 4 17 21 13 31 7 10 20 6 5 28 10 14 11 20
12 1 1 1 8 2 8 9 6 8 7 1 9 1 1 7 1 4 2 5
6 1 1 1 4 1 1 5 1 4 2 1 4 1 1 1 1 1 1 1
20 1 6 7 16 10 1 1 25 15 4 3 12 5 1 22 17 3 6 8
11 1 1 1 9 4 7 13 6 11 7 4 10 4 5 9 5 6 5 4
9 1 1 1 6 1 3 13 10 12 5 2 8 1 1 5 3 4 1 1
20 1 1 1 12 10 11 8 22 10 12 6 8 12 5 15 11 11 17 14
35 15 15 21 41 20 32 38 31 43 21 21 40 13 14 39 16 25 18 28
14 1 3 1 11 1 7 11 6 15 1 3 11 3 1 11 5 4 4 6
37 9 18 10 28 12 26 16 35 28 7 10 34 9 7 25 28 8 2 9
16 4 5 11 15 4 13 14 19 22 10 3 13 3 1 22 14 8 1 8
40 16 22 17 36 25 34 18 47 42 7 22 39 7 16 44 35 14 5 21
31 5 11 10 22 1 19 15 13 22 7 10 23 2 11 11 10 12 8 21
37 10 10 10 24 9 28 30 40 38 17 26 38 11 24 29 28 6 1 27
13 1 1 1 9 4 3 8 14 6 7 1 8 3 2 7 5 4 8 6
1 1 1 1 10 1 14 16 12 20 2 11 13 1 8 17 7 5 1 6
39 8 6 24 39 23 23 46 34 40 25 22 44 15 17 37 14 16 13 19
24 1 3 1 13 1 4 20 17 23 13 11 23 1 6 9 11 4 2 15
10 2 1 7 13 2 18 11 10 20 8 9 14 1 9 12 5 13 5 13
43 7 13 24 45 11 19 31 41 44 34 18 41 14 11 32 31 24 17 37
