442446452503456642064447425424
544125547576005421605643553665
533445612512735455726644055154
145444545543475477454154454575
456665657124543261523405271744
755356446354544225315341544554
554644761513445545532714517744
347525475552675564044345730704
146654605455427140445406035760
576754712555534443747457745765
525464645616517205357570506452
207246460444275640305574551644
576545565411525315436344454453
655355554125714475652532416633
553644144643171744645562647744
050553047515525562464626546471
564745255357460647735047554634
425035217455652456465044415755
774344644450474511064626535570
462175476444064447552645455176
776675205157557744553443440444
525615471356407453655014445445
466450764565436736567454525714
456704045447544554544243257765
656455715722515501176273764404
445435455672463665742756534455
534747255444504247745506547357
550554324145454646441366425433
454554465404450425545745574374
553347551707044464356565546657
