443757364255550657661125465466
145674544460105726466055055140
557725235565345055465443377507
555564157561441765546555064004
757000065425447656654473567545
065451457342756445576535340733
041660117565755724444550055675
445670446442722545613666444455
355554103235315675446345454422
676455632466224544046575750545
572524766410646015416445505476
477553112765566740423545675167
435425276242076150674552425717
762444615555651765676455047425
574474142444413417105063445634
742474445551543465570104761056
066545340165565455654655466415
434353145752455034654544556574
446456244105747560445477550745
370044426405444053441354665541
464604444576564055557254641554
340255511641474376405516465141
455445043636446457477463773745
576441725044373044515444351446
657755654454656505540742303155
452400060514443456454465324473
546565252055727437014046504450
656644453456454554545352527343
435761045755560540456627664405
564647135445537557745567540525
