656365767544361561154575443476
146646575124715745516062733314
327746645545144172045451574766
345421245154545445734765544014
135365505431452504400711567447
031545342565305454644554475564
253447120406575626147574446475
745144426475607544544454576633
441406614511522454447252455454
570602544424435063201774675176
455117234204260444470207660245
607457612314757714425440514574
652763524567064547457055574554
747457554774274023475527465443
044753401440216355446652352777
564664435757724425635765624356
502653750044151457413764250240
556245275754626426554543724114
517256652447535476450424435445
762456174665743406165647701354
674644451156446565554435622704
267546524462455451745644703476
554742441665245442435545453527
155575065746535751425573151272
417755244527075057517417464556
436677576505453542172555565556
405674671414516436423745524447
754524242757457464455547746556
544144357276604571755745546246
171436036553644175245574441440
