552354456456635534776445175571
060727710143245464352643452504
563200450401546246664534475247
276756345355555401547417175154
744440545524255541145254142750
224634766652606355755330554353
176545166674400666552675345237
514454455046574641435544474512
064745125451645454653625474464
356476553444426564744567115513
214654174513541541774405435467
174154171051244754340615155455
645755536545756453554170710661
571752304614005615565635642463
364766637405444754555437657557
467241075465075773145066200427
625765476065704147634467652545
756224555465355461245744526535
555571124454565755453640444566
464357557755074275606552042553
544247754776503646174634445543
655454535337661554474376166544
041247504553545155044070545457
444455557074674755355754467477
475610561706364772444541666657
150411573546547744745467446746
547766534477454545003444467465
545677634551655447555434545574
504465425114554173013555470755
524645167544755644564544154415
