457656175712545154555600446556
243543450525756505542515604272
425614556354566505556542757365
557535576454337525773777041102
476256755364555154614634405566
745767402435354554554544306242
271767501457473657477365732515
443440452233634005567535547554
735454321644650704425247554107
466427445715555454174775555445
475224760653765241540455644547
057744275254305554255634135546
445053727305464664356070446317
441314741552242744405544535625
455245740461566763606455614337
556055554643275445445764041661
574375353545613550077665260431
640154754442546561546574745445
172564446725640213271571655163
427453155774045645444040770444
746736034667555575053742622644
037605547445544531464055474524
746111204027616524405143541744
614556245525744645543666145157
346542577654446433114543454544
725456224640550367644534054351
560157477553554444466320007574
454746567632372434254725735264
553455214764455744025452557471
556357242446754557445475774727
