175657513640275766753311464573
406716537654544457154415644515
555646364147047434745504555406
745574306176454474445005553705
652516342445455757426454457563
474657453475756254764444036745
766474404765442565713740643335
756444755566446562445754173655
515526652741567471444575267430
405455354442464145551675426545
766743132646040544175565765655
465547544545432246374644032646
444765544465050266515445547465
624505607504154445754575553520
477754754425146475766574532336
551044475144760702514555616475
667554432144453554412525645024
447544464444344254651405573352
567755745524264414406556416555
557414140517155547542752774325
751471467266765640773641464745
445550155750520506246447624475
551745744125464451156256542547
576473430644767764565774756525
545457504024605552545245436373
365555760355257454545240776541
575054356417445457326425002445
633356434563645457404543547320
175447645437605505030451364575
715444562466512406555147353447
