455524556563053734444774465356
656642471572175474637665042547
574074067445466677564546155501
654724535440645537775040667645
604504434541726665256674446746
477334735545075545565065364306
273277515425562464004244747563
447504345445245545375544747554
155254366645504676345001677312
274777441615047356444406704744
557455475446646401571517275347
755345545551445544567747744407
500365147562234564555344752467
554746455334625512067054655636
774355743545260470270514654613
564460234056254554254442556745
125235544635654774445111505041
445476616544673571616554554744
545303332257455554753544654567
755544550755654644755545440271
453266144442672534545425566375
664655421456444445655456652564
714505654447505766505056465144
501544605763424457546450155344
475054404443527543074155346666
253656366352574141546552654754
045476045442545756074524674434
264414545451345247546354555464
165672764554744654346476444356
440475405536654277557246042364
