755577215644433072455453475557
466545421454564720775744644664
456617557574525716764672553042
574145754406555654650541446460
646357466556156667135754442454
255070534657452544756445641266
743742355605452744565625534421
562437554647354745476454675654
152523344447445574545453465631
537706533742555553166277444075
547705534711500357651465547344
451575751737423515035652515755
505575466447075734547456474456
441655754753504557676677545776
355544441562554505466364415554
750236447506575714504275257174
741665564075440455266455414542
772655374544557046561400246546
444765514634772766467456471547
751675453675577775245426476150
552776173255451455657741646516
424514454234744445644544566675
450725454007025654415144115545
454253750654474464673244440466
472506425555217345345215466753
444645103634354045644060071244
437144151555575445444567555561
714155363054554336457407670562
755556504746657465504255556564
426575056562411722516747652760
