346354457465155446475560365443
764237451444545733646654015365
144641545045236335545746644435
245440174652636650147334271576
654574516146057057544474415654
506764546766566424554444742754
746413371747137304574447545325
654447657645475544555475274534
712535466544044454544527653006
476561364441044055525441547345
057554276461556267556215577203
475552434157604474017465764415
445544645512554566642413655661
773562775475555374205766476430
704314443577024547545465745556
445522545517614566557444431755
714651073224655645645444753527
567155574445655074604664766450
545145474641555457065547634245
525544467545455520754452654024
634455626455046754563551557177
745446505413535000604554550402
641252557415064656475214252741
546561057141450757045775166544
545744166457156547673745667414
001444261454364115442403654555
155246344474374246456254642454
755464350055437741457565474656
745443547460573457364622476576
755655164155344535554540746534
