645641546045727157450304652114
743263645654304456354651645555
000556077470460442346574573554
444355571444763044742140440454
450645547437504757271455654547
275541055446451555756645666574
156565426465442254245707744774
252043064544414541527130627046
474543705075557457754565741541
513527546430454515426624605476
224515262451544675520445426555
454751564754565176432441534444
545365440054452407134744544106
373006555557424016327552527444
044440235147451417456445764257
401615576200674457435445154325
452455674447740440322364454253
257044644755501127770446561055
455646761550561675412574457765
036254357432007556444054402054
572444776556677343544137714277
144442161552454757645455440757
515677557340745471504444340430
457477517572255465157064073554
557355457717747506505464525416
306324356445042345556525446453
005532064540423104555666745154
553603257356566704114572555557
445715164564646462765044606453
734144416452646135364645744445
