222055544574607615147474547404
460216171446672617544045655555
415454664670577246574257524774
655644455561144754504353645455
724442454555665644645274254517
561406261457256404553645513555
743473424666465555661676754755
504214430205446655154034357747
651432541507546774475664445534
775746704654645545522625046456
652154756736665557445354033525
444215545474504155735754016774
560555372177650607424534354575
155342153476654726514755741355
074345257553072454575644664555
151544076445750564426555441555
745555057170373665514602211557
402744175042537674543657561417
655214145476477273555523467515
245755445657645504476450464400
746376655767513057750446540544
542354435446447547241520456564
440455456006767156751443775767
727745754555474134342125541436
545444555450757441305774401545
455760566774626455470465442507
436571045067013774507444424455
322025374744464514462775454355
544144427535471471650465576505
525454505363260356645130544320
