724547446445527766537751435046
475506634354627654717455734744
540441143451475547465054575544
454417227633456564441511473054
342547156544574454744410374662
525472504571507444245277657551
656467742477464777565125574521
166774447764754546751226445332
063445240656265653622170406517
746326404776574644647670605044
477635666535354655772645446474
563447143564345065456506464567
674763474375547545545453576776
525146075165560645644457545735
542444745151764677160751516554
470441143254511357475535240636
645005551646575574476100011755
306640552432417527774546444562
741474664145534554424557447455
450232540674435754154245155544
246051443544474445557570406364
731347344574445745744076610244
744554152577655525427435565644
046475167477554165455435346544
655577455467560424460447443454
766444655766555145754550463406
151334764444567573426042755654
045453752007134647716644214474
534505545526611427350575474655
715456255664764265431715504563
