044654045554447551070302445454
563765552445705205365413454545
654444764644446437441424174337
460125462620732475405752465271
545664564016745465074544277765
467765434754437454645571146774
564064235556655755304455564515
562644657142442646245556564440
534117746751657734236164636044
174476465107555454156544462456
413771104446765043146045445515
362446565646441703406644256516
417745567564754671547654464675
666377431640555544266505722405
646544525333523735656455034704
263447545553264444556434547451
716426475445556564407164515575
540445557505527543447657574526
443557251435265574540774057354
577355447745454756445312310434
535452404521047426351455450144
331444020056300455632214274431
473344676516505244465665676555
653155475435364556716001575755
772220444154526255236455767154
546506545310726466455644504715
467654557726453456576053427646
062640545157535257444564432565
324315736024446501314476546555
645444346724507471446764746006
