042764545160274654474222545644
465656545453476656164535035446
652577072561156052671651547561
747545440764473006556514741345
050650274464007442747544573553
532555457752745557647646772544
466654534446443665553445450545
477425565401445451567656545465
174455315657466054457735547556
404457331245456453515675751761
746456544402005755635007004755
614467705435275553567065741311
474744575544756440544404755646
756545547475771465155007675040
457563655245541443174040616455
070576411775765545545555463750
671622536765654450555615473447
771450454061457567354524664525
654745754135554457547554654400
446565545405575732344454752547
436656054556575365555476435552
355556574465754164021506414144
440504441442465554451577565455
425654160674015546717660445434
653555633221471743516051554576
754427524334455446172536450646
651572455070174574773556536545
467561741556234445542775665544
757436755470553666747105546455
075546700457263257011274455633
