142476444647446141346764312745
757252644764073747556144554725
056452276603464134430747547235
545276006407531446500457544442
546256444305515144567567775677
065054304044054154457562254564
516452340545544245507425755355
566245527164463664751676445557
567142044773045514577577762574
007006715732512475525545715155
607262253555553356646065162371
665501512544414543447574764655
745564145475444235524574755145
245643447244405507512677557225
656675512755535445651757276225
535475467777525452415374577507
476250074265425360514645471667
456474654464474451357456347447
407545454154256605144361274554
566735565665110575405044154475
246202134460454464453343454446
452434054032663567655746256545
746555645076556514475506564605
576441454552307547751642155645
302454607401754743647746261032
700517645557454662462350474447
645555546445514463447343552567
446047527747462555517675443370
255047474546567365526544531475
246463414472716530477537065650
