764505754406055474523355545770
555554754035544556444464545431
564356534027521525244466452464
666510454744515447554465527447
537525602507615054744470455574
771755757702565654550454500425
417564774220264434527506643073
654745504675653754572267654044
744456551347621525273045464577
256441654761444461257647645545
332544276524571606555206445154
347344665146575556552515475544
444543046355074517443662347263
464775415543400754154454560246
026426450565464675405521756610
651544415047665535566555224055
711173665745435147457555550340
540704442556164744446442052745
446526134474403447014276630610
404602675655544760532044716414
540065072755566404244565750604
654055542564541437545325261554
665712575435142540102170046257
574554754575022504545535440155
542274654174575566735603661477
444444427453766061751476047034
744705505454505574066445634674
440651744761456711657456434134
735565654446507041741700145556
756655474421654665514752746475
