574460456246574307440344467416
446447576206555644326265376465
264244550156531655523447270065
654474445077255147544305256672
645744471255547542405257707556
704761445374763444477521450575
525100455456474000664443446453
733746176701445752041454527716
066544764425054264454150655457
555565654240105363445255565245
552454633244467417274556575545
633145476540541257555444545556
414135055051765401552355255754
645465575053465504446376555673
775704655457725271564570562254
041446475755452645565045446551
757556470443473135707456344533
545554553463577545155216776447
555676474274740500474365556355
724165203563474756405746355664
476547444626726455425015515542
706365454447266550524074442431
444455545433736554444536646470
726414222753465434543511505236
356456644153566550462770654056
547645444704565771747574135536
415706444730440745366506573462
154104455434044521104552444724
602756204755475546756754641447
754765051154044434434054731464
