745616074601454551641154175422
365543565575513553265554654415
434266476445453355554774541744
421266542771407326543735555573
147725750571451745550137575546
413647763545556406365455554504
036644375252656540764503745726
655434742571146444335755746706
353455665542464635155707167444
742746572525457535275564144056
634462355574106757424455764375
547734116544735445755360344335
455143210374515626554607460346
256237535357576657324744450646
574145714775353374447655405674
431440535654644477044542727564
435453451514465074447754765514
557457647745466776455565744550
625526714544654216560571057455
404770516445754354712405725560
344524563355654174750645454771
570544545344604274557644515654
425406725735447566457570634545
522445466564541475342645541666
600450414456767454445414225444
565514064044563751214456741047
747552477500476744346464145505
565742502545410176765645157342
454664275447557667534143557503
674165045426450516247447546557
