605555553557454067754435745054
760246544604411445444742446325
477453442352447713546541476275
003441254524570266343601645454
467464756543455734416442767440
617462255346157450235065466531
325773545444535474264267644505
755155007671144253555164500465
315556243575655205644457426563
531434647750774664655566455770
754251755775453655454374236244
744735475654661445173764716245
665527645345274254555744767215
446453073534775146544655755614
422541546657364557207576334674
655653156255046542524152727457
605456575445256575562447163737
655404571305754707554547715461
045444545745747630556571042076
637155674431745324240755470567
644114565376276544755143255041
462525556020655055542556521776
546545542654470426756026362454
673546460557554107255244606474
415451256544655141464445352565
676546264520047444446655434443
425545474155214246571400615563
444056574174660620175476554175
757251552074764471444475324255
440336550657755246335147156020
