675764405555047425436605446144
047060264626445445270506547254
422735055435457476453413265532
434654665407444744765625445307
654444775457034455746046310525
555654444005557766417346033001
637547410541146645763551545544
550502566137566045102447641577
736654445755561323044456755505
756255345251645217556567464472
657440750575657074555441205244
747355057256554255542451671673
205570374211444657477605556044
555767565056673445455555254474
405575370553335655454157534554
614634443567473546071551375754
124655775667745432734746163542
460274310517605416545075525665
774565314757346064576455055054
445464441645564460652450573557
737573675445353466574445764563
474456474455534022545744542456
547325075420727242304750655466
144376466433454350556715414755
726656474414415455456454476343
543461055043426155750474644274
417244515464775541747004141444
757065145505244127345745525547
540353402725445721506163374570
455664056504776157674444465675
