406444667167740016451477754577
544744754054147444442243444653
547763645454446475234004472675
652434745564465574534454754414
455421561667244455276557055616
652726555450513561557354111444
576544647345602574662571124165
523244554505062223162745655764
755656666674505764031447756650
474475345726635405475740045750
542104477152727577241565745734
126755555757476777454675453615
535466544444040416442524752456
525116544657446755722635450532
776704064255515146132531773644
514377544455521475654554566425
224005252545324555465055555235
475467157047734677274050774756
644254240635260551677445534256
425507546556247410444564453733
544765537654345535076566300474
044734642404561450744544657735
440054445504575152555775445406
563505004547164736264475444565
450445755545456435724523544755
507054750116653555757504655762
765616257107265674673655374467
255555557563557471544564225267
075654551005404445165776134340
475445336403746404045157451127
