440375414745705757454430746443
470410776045745576545450554455
463405145521171464554446663065
040552570445544745245235511446
724452772420757552464665764444
743757156406657274647657150546
574157240456205147445571245642
537725644505567455645577655036
746426754146774054671444647547
433444754657447414505574674540
156245525377365134552421646755
373565446157015452745751154517
555351366566770545375345465570
006173055247535563341250150452
574141746472465741245411450647
625524504674705420547440444564
526445244144445565777474544705
241736547154264445345445667265
526772765474050546456545477765
625207453167556447255574441127
040375460477222054541505234075
554353055674571175446341754545
165365451116461665465362641402
707754577705444555174024475406
445625474556346545765544457554
464721475561047342775275505243
264654554414537221533555454453
777521522455064566674545455740
466273364540424464455745764474
467565466457471044244325453645
