434527555570665444075635255644
555775445355065550033460776746
551527664647745254144545671444
557505455445445715445751176420
411767606555645074447740455642
675035544136475675245774611133
565254455405550754446357547576
355544505146345550557544435555
344665267475653345421454475645
144662531155445445565254544174
464441553434447674553675456555
607776054650525737565402642625
434407765755450447434730653474
702445324236743104525455265276
535545475754044545346445063644
764645417675542612447436400754
444742741643551642555012744265
744551655521566274142275772575
443544557552267737414735765642
362767046447566574525677447446
542525460474007544450315545514
441556416334500544461641440441
125734446404720515456522510244
042325604341644555434534447511
642252065154576057552533211550
445740564625607052550450334465
605636454645532074444241167461
545657435736466455766145646754
007241345457554751336515555544
206144161755412557705754476623
