647744771456774046046175554545
264705505737525715467554317444
357040655771115331760745774643
135444544454673745533645166254
465043555372562460544405542354
461445453615567424422555755650
745545674764434026440673416406
613676674734044751711677454670
661721756335634755375556445555
545414577656755556453627745445
475352575454165604760415550465
045455351620704746260541672270
505557544645541615477247156571
166431466457740740731456544662
155653366176244676450475555464
272237474165460254442140665510
451455604205265215772565624124
210455405740665466445410555347
705453554274706571647275775437
724526447615605544066545347457
645516642444457625055555450656
540744447246561645425501373634
676467640577427666124531677464
114464544506415576442142662664
414437455347514544455031453553
463407052554454505557446053067
167544371164610145551145407452
447414705147055454654466456663
046501455455144355007565554526
545442446773431634453457456455
