244664457650445533565351510764
425554416525515047556557176057
550655445051134307642143404524
455551503477724777373755645356
735605456245535713406753775214
445057541623503326166415335554
567414046466706445774226774542
731564105774254045774444144506
546657546642674655407435464411
172467414427157134404414453756
540712566142254376405657754746
541371654655447155645474415506
435447464773565640375045454414
405370440444044351273547037554
470062431455444554666075577142
635517742577577707756545563072
525714164777556474764543442572
662446071256447264541452722577
507775174264053704677642424067
721664065250277454653565155457
045762474254467775544545755542
543516670644653504454077777554
554771434503646544142677450637
544445477474565226215514664205
412321675545255520554247555445
346457545630747757057775250705
734614544442455606537541541564
570445250542455475736670570771
500463414045203252134714464525
735574357544664446644752755456
