477553056555563725456074431744
536145654456315767507743543445
557755542055225057407714467455
642744544044664517747740644446
561463434636046515444440266555
316534054445564453154144564651
676745154645456653555044516665
205115444716574606564525134255
504077543562476444634455456546
472472447457415754354044675054
414535242377756144155704414724
655054445124654765645445546777
566537573665254515652556517044
026441725547320745567376042554
055465222755705555341644575553
516401534254532374555557764347
654561156472666754524636056115
576565735745677465436446243470
452305405521246056554005674465
247137524415543321346441045752
435735710541534537235645441646
345674314547452755775452655465
527656155512066166554015755453
265554572575751467547735554665
573543065655604265545554444074
647343466515614474575243405764
503655445764304345577464706643
713554744506544536547645177051
526455605125565574262504156504
555577724455771464565155657434
