754405465640625452403042556756
645546576341706745664557557755
644551564764503065537656427410
421745425535544656450034375407
525706465466427705554553044637
735560533064173663446454477464
256744077376454066637645754651
554465644025454161650564422614
175455544621241444020673755574
554747424575745465473755114455
072545753051651575675577372350
545550534175544032754546516154
417400444657753444746640647677
667525353755177246540526454457
535045425455665477365174447444
534740571775451545447405446667
425415547642644574205204737425
013643426517545424465466444154
762575445472747416604744415256
546234153716445154011450667557
475466454674541745314456562355
464540674474651506573335555147
435714435555560002367301672044
547455446677157465451427446505
744444654764455462252137507555
475750731654357664024444274545
734437476057146541367357760746
174532345336447535526467045555
507565754542746345643451642361
775446375544655526710021470420
