554574401636665635567764532540
475255715407655610757414445064
445357720566755254624600756154
165544640702454455442550357575
556555162767657763755505475354
544230424423442117535636376621
340002155744747766316200554454
546406035672474675757144232342
575651776747151673472057215445
234776644621445753745147664545
545577503461046444365144550155
447552447441554654467575275644
053256515424554144552541374654
521305615444443564747555135572
752644644666244403546014546447
565152467664264455566457546007
533567547155577573154743414147
474750764574553607414564466705
064574545655473546253546775071
252345145767554527454676750644
651754404517545734475124015433
442644564465013445474454164565
253545477756653453267515504761
656215565666474540776456555473
014044775657414445610554472744
507474675244356543673555026005
445545055542074475757125055754
322314625454175542100045364545
346542574504645545545465450714
767742443567447445234644777453
