400457646424066065306754562626
641444565464450475347745651546
675444425451644400444765677564
144267350047756544425407531550
075554500454533540046464054236
542234776563447540764545345345
556400411347374545554751435544
770544574054745553454555455154
667530502241775474576147654437
615743615570555444155675754452
515656664557015743570740777454
466537044655556544051116355421
673675541453054475114426662557
403545556604554517674256545605
443355543201232375453440250540
526757573746704767460514542335
253452714140544441517651455041
152744245741546147446457155524
545544655175544445567074715565
755165545565700467414767563156
240164556404445742746446044540
516735412606754060756455400450
654445244716453750527472441451
452545521544553557676734624555
445545244570501737414467526045
675454254255431444444545457660
607622656445657735741244621350
452536630354354047004304007574
775506544475452077477615202454
557345606750234574743537746751
