672056453556444550516577626153
400425444477442764467677310631
755154470535466643547555207204
554557420563756765406301674456
567453442442541475232236557255
575462516544404562477754163555
304257556566451744424667627546
747554527007745415217746155327
547604535520156631756443326544
454457772572566165771654656415
417525325044455514356545544462
124165421551522267545055357035
465145274553457645715433775554
145546567241405646453454436043
317456746415546144550531450635
567505446765742425705747474465
514454654455477764105562554537
026450312475045471275772443507
440427575015662473470147545764
465606550545745744445046446546
444747471574746555677406475475
632254355555666615566445567555
474361653717465455040470554402
635476605277755714044307444751
144712725654766465557421144120
555652463745414024334415147446
260272413201573650661543147753
555377454444554615571475537447
614776503453544044464174756154
307475747567151746574667054655
