651361504250404040775546454774
475571442555515465764526437716
532447446745450447401474474614
143325576646403476454245656617
154555401456366517476551467546
517735056527543005555556144252
552557454153074525504540444464
226045505560347574607577557225
565344470204756455471445655445
516544335520065442344770444616
553553052742515777444407145015
556471405477465707504447554612
605665641440745466067424514752
622454755547464754447765555324
370575445477746454504546716633
640664567146445446454554545745
045751473542544252274564407544
557451745374675477764654146455
545747355401054124474545417577
557735455454033554146553736046
444615412273665534476444711554
550646546155556650150456414755
204134556056566202564752543054
661475474451435054665555255374
153666434751417155374745644545
554671467475145135746405677255
564543766345316044650145524645
457676440245564655544475454174
055242757746711654474654744437
545611467154554724557645555262
