405575234374426555425115541655
171275250454475114455257454656
410746754147447546747225557440
445447464754214230570724444446
347341474275447455446547555554
644534667765467414415674613246
677474475530057467446371530416
507445555645424544544345444661
156454055442753455505456726541
071765454645545454705767734034
145454126524543464444646540445
164165476406715460474465441454
555755447656577354452147051131
404455557255044423635405655052
146704050764457561441443652564
754464466447640457431555544575
546564627455560655147347716546
505003746447354454531546757525
561576574730526465255555566645
607175471004476543140346656514
535277556656644401226467543476
445506655745465425766442530455
471051226544114672502154753762
563555557444457466645405544521
717441325414355564644266424650
055531776445555657365643075556
457432055434645756752045607627
525645155426506467465542511575
446664752655264454227277557565
547235456644545075506570456113
