755264434360654447626555453555
475245355551557367457552645650
056471055464521555755542451245
524427015563173520556745440447
157020557357565555466545452064
655765646545465673545353304245
544452047033634550247425154442
535764545654345455124463655503
466604555365544741435145751055
050667075064545341362374325444
411344417713556447406656664755
556534645012325606574564446440
554425124524457557215643744144
356065444164045750435544100715
445526540270454446454455022046
425045554602015332714077665623
754454656762076416543745044352
424454645227724553155204244506
547575224555047044045555517165
464714147545777757752645003554
541554154465455565457075055376
777574175460546215745435465145
764520554454063452555635247744
646541424545647244056534427040
440774450544434421555015650400
532055560553570425556746554406
440542665744024427775245423443
530374464707507553625015725363
435447556204554152734211456550
441443647374775745041445414754
