657757154456715445745603444661
034534605245166554174574173557
147445654455554335607414462405
701574551564747145755632514456
145577415776537540450463546614
476675517425744240634555174667
554155533570747415455476460453
151727345762255034524556674203
540540675617457647646603462747
477342451745341454764045516455
575110134520554444445545776055
562774557750617752472521755424
237461756555044445170466210054
765746151545357467155517734274
444211134454555554756464743477
575255636563660421421576421107
743472517403706645534464205475
651635664545725542475405255350
446576312477434445745655544535
577554346352550662666447525535
060571510435667547045545646745
775715322145136352333355223557
425543712754151747466726404514
456625731576145253540270444557
774035573470525544760304446745
453554117546656744547410352451
450673556166376045554346544415
164342652415745060557554447065
275405732614657544540645442554
433144553544453740526225675742
