573655655574456576644575712356
445545156341555550424476544565
320557541652306756507441560655
446464436657355732764747455504
415044421277665603465472575417
760635445340444160520404264455
566544547615460537564577465444
445654573727473441562144353475
705644430446454047540663345574
431504444662742542477551557455
655463014471655246737541410214
651562134460774426550325047646
755654634405036262346424350654
665015554660467545004365474455
451455426554461635123505277463
445545544054174453674756545460
445764455426424656654361677065
141174651574575714564444574744
347554674555564477414636627666
255434247144145677074465476373
042445565743475444465447246665
664754556035742070674666646442
655424441251644646146566455445
057052065674546615177553446745
461435045265575546205554435762
155445665545446777423625756432
736575454450545344055416477744
770447507460337576002666557014
553545574577577444404544645445
470540342553461465545217451216
