632546055541461424644405745047
457752503555420564631664456374
675755745604544744474561354374
651075705624564516524447775405
115445573556425176442562246415
763536137010445014557514455527
645545252545352443416544047454
537255457575665546647466665154
155444050454667776575464644455
641724766551161657455054444460
774546461524744344040435175544
145641444554175405744423442576
706013264445341465607325416532
554443446375674535453614055640
551570456456017444520754654463
774455677264444514740636737307
475576434041745153056364565447
454443572555372245644510716707
557545146563335467656052525523
045466455016355403550475745273
264251424475324134455050347404
751436737735440464770544554655
171453455744556444464375545454
557024445316545224535755475541
722446524644541056315447174646
135415375144534544465554315454
176747233445445514455765654547
446543444370355721557465507405
545535524473044455550444640374
514465427256444535744354644156
