456105574275557476641132306435
564255644034644524715456075646
765450445105564576451663445011
603557573027475426572454441007
454635156442546370634445542456
436621625655675221225574452317
514254534550564755655454653207
454654544547246774544640551425
444441354457541614444235346354
475234550164522574057445740476
517442555445635545456337075454
536543702474154757465734655554
765274767547514774340124507444
455743525004603565561414035725
655055345775477715244465567541
241447544655535453525664645047
547405036446530651755474077345
555654455777573655431755122475
346245525444553554613044403746
505741544353325413507545523302
051456472476454725732526577555
524542525247745254126544540655
557435144554430456554156565557
654443251020406224305743445415
640467474445542074540650327224
652055524176164655651144217545
561465431555075606445642755746
466561547750544210257777537455
454043565465545005000453745254
457346055567264564014545447445
