155344545347676465476453455547
556751564735474655545075262605
654733571354474466706553706437
507173430744255667452752645447
407315676475440542447464747646
654455404354744077655313345641
513515467272015556275674544454
404052546073453345577440654541
465656615545104554456654341654
055555773360706153465614456351
555645545241645537572447041665
125623246646577455565336530562
366207434434672441527405766346
543464553754724442176444057545
757074252631544574456434554574
517445462152650747563416544725
540571444575615274557376515552
406465232472577744014576504416
441655766555651564151454017574
574040450724447474352445420767
446454455074426476274474337072
254223545512445556536474544555
065764255447375510737376175474
672647754474437645155530367255
211436555735247445475352255644
255175211472255451727654444767
647354464466456244205055420242
546541545555564665320657475556
435474545616507527121417546672
614745504714475172475065454417
