216416334553644750403644565264
345504471777757662063604462344
775464526075654577533521673654
636716564545765647544644563545
476534755372505134464646751525
616774673645654744657157655654
671657477464050565445775564525
234747455655465444456164555550
554205635574545502047554777745
432643456375454555545775451343
403555145356055655556644741444
654155060504415456057747447655
705667227045440547264453674464
747057547552642635255237657145
276165570565404535543261276445
466644452444445356677046254475
474162456550465334556431555174
556644660457415654754475152475
162675754655447345655424033455
557546065564445454475632065465
431474455470446143755543704450
564201121503475124357715542654
555553564775711140745567556744
357424054532411467012356736047
102345774553444573426446567554
775337654163544524450552214730
744471545545464555445745577435
505446375474345547577754514445
755021475625004505574476204147
626767060456707170565443455653
