566625464655175254423471065240
344754515674510547554644145454
574574555777446645051051667556
601665474601506054447220721457
203466614505565626466425346577
546341215626437375457336350526
355455565374655064153576452644
665546441545745562655146441767
640314576354040464625754444754
774152674564525755544612154545
550444655664447714644044651664
674155433557454551024654741676
665654566621276545655605246560
773505105554555455661055152155
454546003256642205545175567642
655265414256050625776432345455
455404544746055632742752604454
545253456651746476554124735674
545234116503614754264546744151
741416073464452556764367544766
677074454334543562645460077666
550666055154546265275453156414
706554445665455572404627444442
555367474556443501034563576751
774465744664647157601457404545
555177056564223433556250461551
431420157605514467015377057450
344147753415644155650167526135
043436650264574672055764543645
742615643472471402724465654457
