746152554477541664657601455554
015246216056754567531745675445
443754451755413654635141354350
675444645147445340473557446444
354010777026617665521751466265
544644566241565675557542535734
561047724426245044551440145477
363745345446575771227067146467
564445340424470554655412566752
674544755645541575155474242256
445411243175566444424405564556
475333065472124465436454454340
454035366455147754264307451263
043726045255556314674170147560
754465465475515544047524564317
455740404241515614155455447565
654506537455324343654256251417
560752564474665535341664756567
546657512424774374244465725523
460374441447567744547141055646
756645565276537760324665576663
324750453754746455726525305455
754754535544166562235225147111
463750123674114645775656321246
465356740443165244414535231746
644616455312332651417506240135
714074356745544665657455755547
624567445154736160074446562517
405512447575636243444544767016
731510734536544562461575556544
