415045345075507643502215572277
657456455465567461526437654153
250144467261571546401554767154
405404657714455074446254525447
717042255655105634547463144525
543442552644045673254776415576
675244154165061517563745534464
763264675112560740356766530574
457447145446754730541557163146
524233015561444244355735611432
647524755707644706413401725104
477640624441435655741420550747
337674337140253560224740701066
534505675474335657437771565577
446615704455353542475645350546
224545454351535644655604445166
374555345443151044556044244274
555774645464754344563242266664
056454563635044745575551535335
154246450500075057565010747454
735750564455327445274005655557
503755115374674775534651174427
075753634725545475555744147525
645146165457567072414574557404
572364764554374403654243767444
054453534763145557044444613154
716514605775450755147165467247
377342454775474674540716367534
523754402477465052341447014426
454644163477644666634766374424
