412714456564770462157520447444
555067246155447405307475745546
546661345544672444444356450745
767647405555254447053425317475
554414777565446353514477526416
552756335554575417045410764554
345451674355065461472654712665
604024420055744122565423121445
550614746156453706776553644345
444566125534565215474465547642
566445550615456604570456445444
643346644056451334647577121655
565454415047262625570475635463
465065554725762763457016350275
054235335767446552676554720425
447567575366167457747755715454
446421546446472624204054655665
645442561715444056045065524400
556456341346424443655534545543
624740567377067674673757455460
434547557716475676621455246217
404543125757167754545544164762
555565055403416455266657465527
352264425414454374757757774030
265415154542343441705760251735
155217524654224561414544655246
416457404267664507235755566460
204506174554445234545004446525
636754055566452457556404436205
544754160631454012145425677453
