656655066465771065441741715056
225505444574474455454656443752
416400051456345431175164632242
611426515651754426154244244425
471442650124235142475254466673
345545141667555410504154766544
337757525014474345665514555446
215505557335627524505544546545
225446455454474434155134564151
344556745562575754656076250425
517677436564043055777433757326
571404545474725055057734465752
675743775427774444047455777144
637425460424474404517644451604
744447445457545755745545774430
354734554333461556405741474464
464564423515452357455755543254
225513444475453574044374155545
455473301544454547550505015304
616632427654455572572331745455
061746556554466556556504361344
475464544445277655257405771574
364646555627515541704575412154
557444537566531541554555154556
631664444450544651675603247531
644145524545564453652751547471
661452576445055164144166566643
555465547750454255725635626552
237345445564017552743155503646
155547663647747226747664445527
