417445434765617734722465641750
604744565752556745462352465575
643617425655404575714675565324
264764425654122445555401766537
113675456004562556657146256545
534345344700444451540627444162
424524444214665444520445640402
317444544046555717356565407444
647454555545346154536175565470
577425644434400756656645454345
744565547405437675441445454542
375254340544546165415447045532
511656735766457644064317454427
444437532103455555256340053225
772045655514556153734755042041
554241664246347641165525635554
457574656752564512664535444555
754453644646421674603505644527
245754544055534455635744771546
514515665014575675545042662555
365744526544547155575260651415
664571044754544344554774403664
126174077561460445132465554674
555031263745665434074566503542
410677614055454540517016725345
072745254325654440422334405655
511446460351574757044166547403
275264573575565426470554775575
414146775503574554742315405052
563400645415466545507054442564
