453441514475754774107455275554
542455445103577056054434364560
557565756402470506665546475643
445504447560452434045575673645
532512704715555654514660437465
441057414655753645645755554334
655265154124543777661564355775
745554447557464542544445575454
556175054400564561470502440704
554050675352551574414725436765
746064005524546077455357174447
644035554557261435664507453614
302672054434034057356255464554
254266453244735651750733440541
527575136564556355416567453555
734764744454605454564446561455
545444123102064566656212535405
575554544020645657414530454041
733245546505467446076724556270
704771356452456376564643745420
462465760547166425534446364043
135234755345450566154500360656
224564441367542475546334404324
755260575436407477013460543477
445414445403464047606465277344
636154555335775447511744456101
144344375416564526545457542216
272200757552460455501446367405
555465631640425554456464354467
433556465254206264547774744472
