646454072457773456746644400445
646357420547567555036507740461
740625434541664655745573554034
456564541454464656406564557155
445652731555656655415546567674
550060366241742576441656675456
555554775475621530455450555564
507415650444721650645640464455
644465544437475013754657464743
417451302463234017574655445344
375715467337743547455551445457
474760442076034774746555070545
515554457054356454264755625545
372574445034630566617514326442
460446264546765467546043536562
754655537345545754644743304305
775275566114674514775374625543
541354144145174744446754643565
760444567662744545475555045572
147775751754555566355640164344
742556667764074045755460105407
654644553126564155565144254753
272516466642637145545647631054
315465637644151555564574361506
611451504450760456774745646455
554754164732554644434464345310
645551546504445456502354155273
424551446656313034440444560640
446674464055235247656555444222
564154655630555654615340015616
