721766654654677734026525403567
507444546757505155447462445316
546422215745245666415551514675
454734203565145744050440456645
462325662120456440544055440777
447574551547505610734160564255
424456445764647575645434542074
655546561461754450464055574444
542152632576116315444447441551
546644517455514524745467465444
525767760446631724436555724554
564447745557704224674355630544
431655405765504052675726676647
745235575454641670464444554250
544205254551623745556444457240
553447455344551461501665555755
654447452744040427457515754656
050114412435744344547445344654
445470354574714255457606434056
451147244154657623454175555556
477560414144565047744475545631
424562474714066561445556241242
575524455516344114242224346666
643314466646545466423174553542
276635755656406676155656145555
434502565645573570412676055447
455455555550750655643760541044
544644545576554046454442756064
444653604043204551736534545644
246635455464664575246344654143
