574402010762415605627547255643
635526553760450615717416245560
144632650341755644642053534657
242050721174544443454777401464
673354204507125621764130545546
637553742064646757425741454574
454545075655076045555674446546
457527324647744713013457407544
456403422655662445714716554565
655061554452556072525565046144
647760540206425526746054535552
054750442165534745467545562565
544042464436155555175040206607
552156616645456744452655547504
445075654145255444134501657573
140454557145552653445424336270
142054524457064646474764424464
522767317444665544453740255565
075044577264560654656455247312
760547505667544152455505442471
544615141535437040255576760403
451473744454056567645554046152
544456744651146546554456452721
035157054546545474476254560400
564146657446414773415756456416
111544632142300444741471745350
351477441157535027056414777504
664361442555645465442447524544
557645650527447444355361575656
717413564254575274663714713534
