767067516074654655664253445116
675447367575644447144521450475
774546374554477645675645465422
556462145551465535764454446632
544750654730456515052642764515
274517114674566564724456457044
641444065565555467730224654142
563456654474445441054651647544
444116505655452664534454452665
447317201544757315655754254374
061545023774444152532574442053
447044353114553455264604565674
575475156655506511576545445074
264015733446214744744465355476
465744703646160356775105755634
274265542576567655147666274144
555616445043476244455201764254
772665123165055375475476450674
045156155154424547044561354551
536670444665452565645544573075
305647774405465566447541655657
603445545440545510555644071514
454363553704470137057354544561
456514737457321425701765451546
445751776414043715554427442541
404501405040466457754765301443
476376464164740546404644345724
727544641475445764455240444506
545667415447477454565711666546
364556475654245524517366762470
