065355556142654274541440035344
326677544543574315563235267076
104336354457345606757444446555
240725545467464517447644406757
557247217451665454455634052624
712532434524647374565451555652
404337155474044277440743404536
703743445050072552647667755370
444434055623555355557014445545
257664435245540553025465331344
541754624414504140755445475524
354776475614443477760445547734
574125555646717141544626757534
554655471241246446254141442766
155577444444273415452705375373
642445662105220557767717225524
545405563635547704051704555055
545224775452440644757155250665
545463442524643454077665520743
254573754307210274454075074150
566551345157575144015074554067
546764365654544544505525547707
637225762514556351515436564114
442450554346447772454747526751
255775674145055550624546715540
457074546634755544751747425527
364746345407775447700577774304
544517750555747563502265554230
546726240244544766474557005025
764455415575454076756645145365
