446743513454371605712553445514
710535554640674471466406364673
520676555173452464421571757456
544766767442246144145642424516
427655454455461351647611055474
555656446667165156257042504454
532754255414734535624542555546
571647556654357205546656551642
454514464525435551655474656624
564745473444456543541461667654
214715054410716614775576764046
344415746452661521456754744243
644765037657166357774664543437
754235641652624574615434445425
265630456047773223334546431545
624543411566667734245472756414
164564646524515455511506420744
457341654255665751635005771155
267575144116762075640165347550
377335751477625567420710741463
724542144343717556545604062454
424565767471605606552504556645
357540436043374345307570241552
556433660744073544645464455441
454054442144454566773764442445
551455754375646402456455444476
773455445434552444445556425553
516454467447574445474034743553
544655417475664763557016727357
057705474766566621444403335664
