065755603464442155405455007506
406476465445725454716525757634
255635675475154121346264614755
665644444416506417724605641656
040755540477416227534557267331
326055261743373570645554357744
732652164455245645512304645526
504335456635324542604540557304
540645735543464144676576546363
170555467400455127514455355556
454446671676744243573545714416
650452314421641164444442402525
655262555354504445146707777445
455545574460375644416414754264
650265316444354454433414470765
533444717447121307404455474055
547444547120455635664005067705
444557752541774775354742455474
737653457044764437125443445474
745563247542701377051074150521
357751515665566552453246552572
377164752456325150666046255563
653326215047646473555164151511
547644403555504446755675712740
554010655447405553442444146744
252544435562401434646753555744
754335544505645036543653064577
505644355515245554504646444536
456310655373724445443467434463
472565210046535454404744253554
