754452467431644525556444344033
535557506653171233445742414076
617245343765766455003735714140
251555574514347446457021515245
566515745317413673545440156165
454741564156704030102552563515
470554141541455662465724656571
707455552646114526551545445437
554456461477457424645572070664
145073671575061574741545567130
651444505575305646264447513455
774420655534556274747155654750
725155745524145247744735026652
232556525572677546754207554776
177675526435545677454361041647
154045655242004043465153645343
773570355725275135505417540045
530704653562124553547334401252
410614643562255756655574341464
445144420355646555441374507474
104737526666464445644355543446
527345442210027701555425663540
166472206444644254564675454274
676376075644556774574556445315
635065155671467124500461077155
565662124567054154515435646434
625446431654426645145465013515
565544774146545354406450057552
474317146556474644556445571764
744777674764545554254153450547
