464345670146774756443612244627
257444465764500655162474761654
666450644755777424466471054604
425444571425454147405557735426
536424566773153500256036074445
447647555057451760455231443156
664507445414477565557731751711
264212777604034265421555564454
566232604364454541555365224441
412555767456474333244446050654
551655445057605575415334475265
543575665474464565732002544554
462745652755664555661415740171
055735525677754767571065753753
513764454554024641405442752444
264634154714557754645115637555
465651774544551524454655654017
425454324455544555314654504564
552056457456422524640240144724
546115277172542134004457457245
276557441440454577161567454475
157463476654443503565013445545
645650403623542045552544457005
075714624575350044446627555324
444547575126773557175356436534
736276567746545554537461506507
643420766515454445755124557762
677000416462614645453567544657
444165524654544546273727575773
654741550266501454445223422652
