657611655254673425534345465547
414465047474657055746055527755
064056214714545567636164464425
660465071456554663445116744553
355077757274164257675654754772
126465745710454452664704557657
733546467436344602660403741555
316435565454456717475564772474
525534666275532524346040263460
454457156126475236554571556442
560254077660544551347457744407
357044405142553525454414464547
547701046406274561452746441475
612025414540553355354452363064
422415575560757144655554206144
447753354457455255102541272257
541507044155117344555714157557
564546055255611565654745555155
754461224453732457473141344734
765644625265566147613464456416
672454454464555650172505475445
544374554640654344754575564557
510344555355477477546744546675
176354455514475665415564431745
044542215451765552415640714577
215415550531515245334454552275
150516566575405064455146652774
657427044677656451474747545571
424467445472453645305514255524
475747145214455575662724046446
