033546464446155521605246456554
316465561623565245364725067551
447276565514424744655645406004
512050574440534434256021576526
564326755344354556465444437744
677503217542047716345757464576
447775452507740044155477434205
546724575775502250463563163550
555407544066541636135555454455
674576245556575443475645504664
465271146375745674676004520675
275465654031634677675556404744
621504313376377754542441444570
254775342706554451542465455753
474554467523275312500464657565
353417527476555575464347450764
743455565650447454544506475455
235704526221764445254255544545
541675355656226744434574560301
340540506740611544145046664244
757454667545513151544251571144
752242455435764143615031524071
743357454555425564555504707514
715655667745566624604471526564
612254451776614565450544772516
422717662213664533677141445555
744473774404647606264646644554
443475234444054600674557545446
545355564556717575624464144056
527754655477445272546556545345
