544254351464456452145657507246
555464464742576477274300444474
556553574404550444143704433515
423473742431536644445745577465
734526354555713774425464272327
140454055734624142015544060145
404234741465316555430756166524
544277054775774446544034340657
454444477341555761655753646547
462534575422457333674547764635
644574672650645405420644341542
054635663757714046745517552465
670464447475756646557616562277
234056212575511254425525445667
320455404077645471501657506443
144554450164471657344752755545
777543544416415427055555640651
736455424357056154053435354554
404146154654472047461654445615
057451740544166446351557745444
464455446742144257446334417764
010635651444404275545405435542
754651555642744356777450356075
544554337475477571745740254660
243454645754207264727735546554
645557234444455371254404325435
765541107552134455445734652054
155754473354345145544340277464
454674554447326442125160054755
114725455544411545057554747645
