744446246045546134677754475556
533105154430461151557566723514
144640534540752657651607625716
554536736520744747557445730545
756246777454444516646517563447
767567655545056663655757567261
544245461407444122454444454155
557354476555452677515455640357
475746476421554164555445340463
244416467477036654704740706564
244103764457516154664356455174
465500465256555451757545432245
547676555437614630710704074664
453556623646755555445722515451
404564475464154447554464637412
424505407124754577575545515445
155667224345431443747436407465
544454452545716476530746175566
346557403476564743565473364365
406564236446655403507005305556
124204341525364265336765222554
454465673510674325473550563264
464645524160630736765335622545
416445420444615552744471644663
354120461265247417425444155542
756057727575405742174075556555
576604540747564444550513405745
116055565570454454740344355247
167354676547156557616504425555
456377765674456744567054765454
