554577555066553725445467556464
554426104465445650406643522755
450564434145114527434375042550
631352645533755527553546541777
574657640724575556024050454440
545405453075477455445055507775
546443443621643747441356657155
675531636515445657570254546154
051447454572435556517443013545
246405567551627145454575655457
035464440271570444540455765756
555054204635143441674641321447
155555457546455572353041717453
554455573554477471456236043655
747775754447257657255337545414
457344501537746244007325454555
461431363146524076353444423700
457772012537455015454457730436
447515041754603444641675424334
534477573552466554505250454455
625244075674344553766754254540
737444405534435256245770444444
446757747426766412362712177375
657545444735353525573405472453
455632445547614403543476535477
557455255344004621760146045057
564556377045675554755555527756
540566452611457475735344356474
544077454444005441455556475456
745446564657144651504346557740
