424537561542243465655607076541
540045356367461544545456522717
726555704154707475535740777271
405456244156660444254541441744
437264642705265406564407144545
461316167546715440544547473046
465305345566253524222534374446
462367774655570475565540416553
467677455763316577774164656413
564572545357252652055461654677
462365547650556451455546524544
460744575463436654145427574442
554547756566775405560557503645
475715567445454547540715404653
044436547443407545417556447545
570643752457414764713474376550
532574512534457432550520445436
746245445643642406044527456055
615000165715564465265134140500
477425070724674040067555406576
326174154426567657523351765444
446566551744455642265541411454
457755025564435551425543755522
564154156075744535745674670246
545543765204444265457460405557
167755357423764555452660223340
256650246055771113544124704154
013676456550407552527501556556
575424654144065744253346630444
027072405655367075055375044212
