557311162553577655465744546554
775021244567555556556564607023
077526451522565446715741564436
457374524471455711455547676564
231052464646564747545646535346
635024507357422745457746414774
341147573152576744226626254164
457555544465255605125405645424
404545364614546654467476454065
506573442173745534535744604106
444751746145445602453456546351
545753476535542404115106507651
675455663154767445305252256566
601456344247505546574145655545
405525344312460474625512525554
454452157670357456445065522565
451106706224740455561502446554
505554456560445657506455260751
516567676405654476151227355250
544052443447455641601474457655
545336652514461344543644545454
652626555454442413275134071250
341354457556343250757105551456
175545246554420457575647457555
467130565444444554424044433675
453625264644465137351564275547
702757455674203444457634465447
577441632752455244656254151417
400567525245556757544425545450
344614454727447557474154672474
