404510457146476750555404274575
215505357243547374574455751266
445175575614544177651424046317
570431174634475462150477641776
651354553775554541725265044254
654674407541457756627475275516
724010672461775415457450657462
636557365653556625345322444224
471655545744614426417042555755
607544654447555546154444525466
456656065544306475375256504166
371154550454735453755656050444
544464347553175444625056733076
744511504574553155174344554575
570652654574345505634574555356
070747167445744145544655415754
455345655515355477564444557704
404115555374442514753545553166
564241505750156545516444547072
647543057556137554657745440456
465332354646746045426266563615
664554555450144745545414544761
606245040545203046254405547634
406425644456255647440455574515
043206552524505714544146755661
544652153766614276527356064666
752337147505264570447444457650
455551220476541131344515444046
655474554106526444464646745111
342052550666552375015744541372
