726357435444760447545156464745
644440424246545674644317452453
433545536447444561625560444535
475230734550407345475455345252
465654044744757757477345434555
754445264746227475652645545065
760155767546255264452243416416
651545764724502144475612542646
404546767445502466256615574335
634677251436404507524164556541
574445752115445447547571434424
052563444763446325662656555455
750053445546432616640142746457
143527552464067557750464264454
755545405355755754655160575351
056534574602250725754775505157
314554145445361743432663455466
474504055557656425404443467264
170416614156247727456054545154
773546763665304466555245444130
554715441457545157674574555525
654475343146545044556446177556
546251757702135470135144657247
364602674523767445755617544555
462753127307456455156545464541
235366345157060540350545554145
230554054543314232612324401635
543735654306611532674335156465
720567546714540204470462454741
353654142674455245450465445044
