747256144447666540745641754526
545475656054456626774234665635
444533715575252470525641577041
277212551565437044363145570444
327446145756260475044455515454
157544047454476044737633055077
576471437407054251752555441225
355545505025714564367444564611
604754454541505665710542455565
455442405714472575466642555025
046154475677473745776466116476
254172275774526564460220754553
656403725155074446156064452454
144616425475654573444245647444
563655645447407750434211643755
741446246414347155044744356554
444644574454055474476245764705
344502560216454135112446603752
766544764457455254176424542474
616562546563405174145745463442
744166776454757057505435445675
342344515563464574041426227546
357160314141055715351466555751
475072340475656316153241454545
720257477722265625506763744542
476743640515775747553453674046
463756745575424542544627727254
365344475555410647535443574217
452455305124465717550542644524
424422645744771223545772774045
