741403654154757157555376746424
446644454664700147244640634474
543551306674511635755515465555
344645447456044755054225613631
666747463564455507430506571475
775747257744555554422474747527
250457320256575344554566446174
610033747637624447757457746275
657634260103575475504665704667
734603534570223455455125175241
542436255754425755454617044656
404540507210551360644572706552
721574552650104515444442067746
662412652376643342554623517474
556545073210744674427356726061
746474065340250424730757442444
555472551053425461055435344140
564657266247440444554652255255
046541444654444447463574404425
775767166757433116557545051515
755552242244452767463274553064
656466355746444730357444457547
447674116453766442551454204542
247026454555571645511334754467
514142513776445560525215615244
444456756434420576524562775250
515566053054654441463415465567
557545456745552564451435554544
374505545540547555244066245541
164044444457740450647365465265
