462267423754520457745365637555
432052454564645640045554225464
476547056257536445540557555554
554017465722557504465545555545
705754367564446564274562445755
656544674664244340423754547255
455061432455524447444447575127
663771755642504626645517544544
666547406353655734276456506467
456765055461545776767056224246
544574125755535555457773563432
406445542557546274474044444455
457155363455545454405445754554
717455560667571557531451465455
535745344441654306504754514454
742254556756774477373464764447
546470452510774121555355447544
453545744455355465375470727446
244254406577425522515541564466
457254147545663550464357466454
454657472143434526432445154444
545447453544645447556621574125
664514550244541555522747514417
016026477565475454554465415743
544266053454444046345764766644
234071646544145677756345652633
474646552042325144104445627556
453524515355456546052430454754
767154206675746154544567454724
541746274564547303407445453655
