467554554457542055344655757544
654504445546742144460177151367
743546641457105564377456674505
515645463752754765553564557553
225254754745352567533445555374
460733475415465665554436524472
655550473456476553555004514344
447466404674060243674033370753
455730457065207245644545051024
776457054054410435745463447555
513434757776447517026745542044
365275474455557655415435052415
535775557614556522431240657555
244540066444164004755057755554
421221715277047402505546004036
464400007744244246501277406457
067435740402615424412025156752
250454342645040146240556335715
765566644761215456555576375750
274446635766054171644465641464
505175005044706304661061765455
240556476130254544370757735763
714555445654367165555664416764
536445745541735570544555645743
457747545542266467337754075645
442137147676454072472423454554
522522547644615715635761454645
744446274345053645444514645554
244571504614474763475536520446
574555452416443727546323544050
