507435476455651675534645652454
456445664727045754567135344726
545014604254653617462256767364
413517651577157445210546077564
127053155430055026642426766445
554574534514701644465565645564
154347661741707766541355027545
557354746154434145757605205556
740635415757737734217557565045
454165552473532450776745647715
455415334534537543462475537475
776472622547461045444645457461
540772412436555646466774424354
607645357040635446447505432434
454655145454644353245730056355
574424641565257556366622107527
465444445532416764770464645351
475447745344754734563676044645
455511644756155025716454425753
562157603457475545325444435657
047365476465655654525255327555
444445475443440652455763571734
150520571714666125655155605457
714445564405565173245644544467
532641575541516547465442304453
060544464466544573557414646443
745465701471336375464262077533
545764515401724450455747244454
556765655676156044244216657361
743272456560247047654465444647
