404564674514515675225475753266
333455466155477374441243776746
576414251520765354522455424444
362762540246265764257741447774
554614145464474453477201654546
747570415764731445754255507755
456407347476044274614403535547
570603775435401144550553742446
465250624435736546520355425505
245244534451756746554162541464
523577300014450553650505564173
542455252345710510723745757541
060766275706643456461420574640
144575447534745554442155750454
504444167574643436555342744576
557515345154747621444754062640
447344514366157545272466750645
532341365574104662466414656474
556523244764476640415506554425
454357264550256425061406534265
672244355443207647755415555147
557006265054703577654737443565
465474446474667406770574174461
440747502745464455554257545653
414504257642764124157747351404
761365747767535451565455645654
474605671527551415444555443255
731556755554514665644464151615
555534707034561365452107407265
045474742552655544462543406455
