714146451462374757152545551261
515745355545765420753554642675
364741471564577442444466623455
466456545457575453764306354562
044644553162405447544051055444
650023535445474534615644344552
224767361074557756671452504654
147545565554475647615445654454
107773653564455744176656077555
515506163576612557445744655500
424554545466750355176225451464
145244704514353656536575341541
771426725527022551456544564555
576652457047756116644744554426
305676575715471765555447241404
554762447416434045416714570606
177747670546744565550065515445
553557254664545245446115126552
544646522521624165506505272555
414565544455544242556100640606
410446415464054723444662045655
770455464706463464464655567550
615014025665770420605553555277
575454754445244756504351557545
654457004525464661524647744165
715645466467455156624565057675
345004440614740244644510546447
445142727440143544464412765264
554427240044225702575444416666
544764545325744634577553716707
