426473402611557647042546066134
276351247604553074450260140664
007347244545363744550444542547
575404566244645455704656556655
455472442652245447757065362450
505547444474565164626565657575
554240435445065151404613105477
475440654247211441705021535542
056535565756435441662516315557
515524772675745757555645772465
646330756345067474445535716367
532405147452506055243544355453
611565045245546444474675455527
545476430464554555306146565404
237457577453554463756540546145
604610377032436305656710535555
461667052766456655352545644444
507540575077157746553556144425
742555302054311545426715764266
244145234505554605555045446436
754276530754364546554755054561
063410767515354310451762464674
261007624055123520045545464674
755323415643477120451167170444
415452144456756142564722552444
464153557712754032553606473454
165551444673701437347437545770
433551403547441444050164555255
704124740554255470053510513700
376537565571335536455417055466
