504603566136416507550453075271
405051447015471545554455545531
713061647474554712415750545546
454562015565562767175005043536
531551464614007500747755634535
437555525453745525776554106744
451666465577676530575261175054
466544267476666555641532225557
556555545650347234415534557572
553461356712740074155240665072
303054505056555015344771623574
621453317425746564442474447454
763755772445634526345714775570
414504501035334755644545540556
743572436542740400664636155755
644356551430575575340277554560
440447454534545574046525554425
746427536745211554751437472054
516244264546465504257150405757
453664640644666553545474266415
455200440642475754461734476555
424442454567544437777047565364
026776545454554264654642554702
455457113446564355244575644655
454412641422454353131644747575
676141340013345645425555575444
444561447456441412644541045054
777761074243244546675656055461
644653350717041572043154642076
440575565457427327475755553344
