637416745346505535325624765605
452524765353775045374457412567
556447745115172023477745420357
554114555746271504445164336572
045546656104472436755763725454
466054545470756445346543217717
604024457250057445507556443752
565135775625735654054475547451
466454405175513434544457655556
163627045547455256754242521526
545405555174447775540225455776
074554654214255354617512434406
445471425464664446057675564536
670174742526157340755076715550
274077675671436054751473276664
704574065546352056537445245645
676746615575624354275456525056
445605067455545450447526062673
417146544052552643545044015702
541545665442016474757435055462
451405715456264444766665377650
424247205201444432506153645007
455604565256550237645545643141
312017332255477375605034054436
056404760745165445147450755765
655514510444364475576273623556
445457457577457517541670555455
145375244561074727045653245627
665511151554734564175155546572
572555153662724476555055711153
