225617575515064204564045455554
445254746240444417750470535660
775544777754535445305443477544
315757475154774777154445745571
654545523475746234735164427765
645746575557754572776164542117
755407764610040576455245454744
515414746546547444675065575357
244555571444232432455630067452
776543442502557076257044061355
774444345445413555114345772542
505452216346365465646475524554
745445547755525356525655331666
545114457055555555546676755652
455664354604544374416614733445
070770540355465375564446666463
555245256077405465045207224452
555666043274057156577564576474
433145405514630144511156414243
442434765776355443557406401447
406776726414741450745516447504
447454325656662256024447524276
340270565772444666441466402450
535564443702745543131426340544
434565545151744275715434014400
536650450750454035602700235446
037545347454541557504566761475
455546337641225444254477555174
565451456576540154404754607254
534647506675440047515042551443
