163256464457353042464517415655
545704254555562675557631647065
103445634477226754042745556554
446740164461556743674451466444
757404430754555426056444375470
040516655450340544515675744524
455745740655266543741605556046
414773506545455344540710507443
635462645344620544256455746445
545145344445776545545231500202
642556063145575544536674466504
555055430204504004044426344405
140450455464244250541657676400
053366406633555744444555074524
561475154364455306754464175454
775645437447467132540166155104
431744604374467134565457641753
457475346665557557355552465533
154453472560524554357722756045
554425545244473463047266254744
556766725564543546477467430664
476144657505557247154444460661
603344356665043255567162444715
106746747574664437345531636534
254752166663441443567746375555
362446441045445467535557556554
535256554745140476553544475157
425505124564770414144262654706
531476565375046554554616557574
545562645165265575151065525545
