465757674050647553165543655425
741224444045273544051504635257
544754475514657617400472504537
505775410250656714545076540544
440527445016675535054414554442
444172754547555575036517764665
622071102554427215767410401456
574074135565443552542766746435
452532434657727544125456432557
217044345445552242544572145366
454445515445641476042662557764
544655444514555515005116757641
677455405125277453722434655745
142551415367540140661355042724
526546774664255451031153344570
474767065466424554344544037665
423365157654504445357657655357
446454004653754055574561654636
615752463475314474144416435262
547554747145525545725743557547
142374465172502476640657525565
701747751465431565556440141557
144517054525242245743535745150
535577450565272731540155477646
467075457475346625045753765500
646543275500452775573751650356
656556045042557672055746426663
042375733755455715567563400656
676545614435041455775567754763
515552455567217737575760462507
