064152544445554647415040054442
657240054541446555155655546652
056634574544743474757357053557
354770045745057452476375247740
457104533742717143515546767266
566755527553155453047421745174
544446554774245104344474464274
413654543153445524544456457453
136575434153544556477553475174
044637555574547522537457464414
775445555244674514443144534476
762654757176665474454057676657
774674623627150644544776573144
141404426125615444045550157525
342555465147544534443444642716
453116043335563447414465455406
575754357245334474542065626555
447706011527342517257446565621
557454455544755317576257045434
525755524457404464544774476253
455454564240054454674345556456
334345476444262617055753235503
544400513672437554724441273465
754256476474540266340540554534
546656574716264523777663540476
775757673445133601543140560654
633446234455564731174455545123
365214452705472044457454635461
566744607647557446467347644764
525057614525567421507455475514
