170754563645054653670445412263
677524554444464772065040225574
164267501346566574174577541445
104654376441546754761163730544
157546764756036414526527567750
557357554455414443745566457765
204775346146045631625537155437
403546624664035154541540014627
355126554465056367745447756440
364405044627665775555545213454
534644145565435732511440556154
555570547464444673244045575466
457147134644734755554345764535
545515654246514463644555527462
225472326155455017550473767340
643067275474067266545456457743
155644466201502431507414573555
435474445644430544446456556542
765537426004106065445436556514
445444504215057755246470455357
556555672056164552774636674305
461340555475535464754555274404
566316414355434474157525774577
604164547647235145747445474522
556445545555473777755344244037
257547546445451054451437277045
444757224434056704404666554725
337452530156517555544056773245
455764455553557504550451554677
570375273356653475445544645142
