547444370154516515473745651555
213455545576555204440705160674
547044446644654705561127051555
431254465377454174416737302461
744175537564664505554452644245
471447577473726736444374454515
654267747457354674754257275474
424454747434105677524650756641
261444653476154547025445036576
405477167450660676550153343566
444676744565435456430446552664
770450740412065455437707545544
545466535450747742005474305556
426544454051467502677714326765
355464047154560245474557544354
776745447425144757364763344451
551555741042051104234526455234
472465416464456467125354544405
174725645615445665224476550044
754266514445745501247034446543
471432465753451567755655177504
015647523216250527675614657444
574474125757776763035554460574
723725255412246204517355474744
366763355502654054540546726777
756546445474755064565750554452
654765452057750454742302557655
775556175573555357566635433705
556345076447114544661504056463
545624441452641604744467023455
