554556555461145625622143577547
651651065456414475645376555164
654545035554754045574720272465
637364563526524671644444555254
654254267472515674751474064154
371444375575525325472455104455
546005340574544575425757743255
475774504764546655254503400526
436654161555350425006441744711
502554450344407764554671725525
264454611344464425335435647074
656773444441177557314354505450
647277454365560247246644664174
455765616764234567445445476464
707526750756451617467476457302
450436455527054765747140435553
444550347745616500350525056647
352455551444446034245774350446
265547656576772446563314575476
717664367056435375644375473416
344412544520645444416006350675
440750763565426461477727540025
347557755501555452004574644742
007435553444557563575141547217
674745475455435545674551051566
524444543366470025652444477454
544441645173536566541040715540
555645725560512446114445442764
536245435644764351140765540544
500556515211246527661345571027
