454375141757541013576231346556
745526504536765101444665645674
704775440542055541271146765645
304453410454277154515477575055
415237452705745425025553646751
772074554725450423545754504777
475464546535244725575444677554
340652373355174575744407556557
755663064445053075650671766254
715525745545173526475605443056
403544144162464464554774754557
753444140725457556166605454416
775455126473454747544574347444
546177555453145454440135664055
546573456544544466477445145621
345754555540542540033774454774
562545474517274747155244420067
564134467735077557755407744040
257566564547345337444754454161
242554065646554754465461560614
264776454444567527535215646764
106556050047555675553363455076
550470351514323477026516757004
770654246764642573542745571547
061755657522516667667646777037
456554547644467454514065466663
055433024165547514445625555143
336157434375313055372544536654
155455554775545472675153527454
454505472147316120446215600554
