477575505166664455437541572445
664576446454546652566615145044
554557406041567767543274454567
755767636063465675445014345546
454436245154464254473732553235
345546505354444126417505547544
445745500655515054553464545462
151265124544456756433624415275
765731556343664445447442055444
455316475127505775457445267403
464040761776146534445557073745
144755444650151154543464554570
535572414565521770605654654716
523550247467056354005624674774
545456545675421547154576375345
647756743645475166745610556141
754735175565601576474454226645
545424444645447544555442064745
744554552237453417164743437174
541675557465144542737446400627
274646155251553655153552752540
657663615554355414754576754774
230454450465544064475644214416
565655445536254445737470447526
556554140745040541255162742314
744212427664656600554646357520
743457225354012476535547744644
546527565536416676567434224015
464271557144575654524675345640
754277406457613554245756230345
