416466574464735745735535234254
544503557665557476544757435474
715402445154454575550636421755
436565541445214774476545477255
764475435145651324144654046545
447457702455454744655524566440
217404615543513727504047644554
246564656346654473773775476272
034404664155377556715754145646
010477217644505357264756466024
541564515042544774365154451241
375164457555446354070147574664
506526440455411173661505455075
447356753651455454655675356056
034477531536775535436303504425
124657254333647564665024555460
344535754434564445455555572556
576475550315517045347727105544
452444402470514645554146646647
577754567565455756045574776504
665547665452727631476116574425
456505765465474265276703577753
704574252364140264444647555764
656472743456435454604545704153
143377447506345651721446655404
555607416454476471445241664554
765334457654557775464636554747
513404627737756554302424424476
433722427657547464576145545462
525544654174456566454574514654
