467424555416540705462567356544
565055545455467076034475455447
475735257645041744344613575345
541464144633250257026547451576
640611655565441413444623615574
745555554775457624050264411514
757661771614146455544405265745
657540556212157554455563054740
173511345447440164545254455563
646475525545355644451107724466
400340604057614014453075466644
572127747474442655417221204345
641444037066444452064453637453
352741606456557755647555507462
763664545766714216415115024751
564654044476547255540512421556
462477444706514502464454455432
254071636630475627454365404532
365777004666625545674542555666
365735070547464145245557774250
116005455555754725236646654545
764555425445574714527415453405
424744740570542436445422545656
504053547555767454425135374435
743476316246444654543413207075
407557776466765541434622436147
706564156737605432776557775443
545754055555636404716555444575
147764113636152052344510165636
134457557645577014477640542515
