475176310445451155473434610565
176536235366546717770362545424
465615464544515515444456567654
565541747104355764755374654435
517774555324457345727074164453
354447547345664444613755564504
554544055455065444445564646414
525364552472552234544124405344
066455644612433644774637246527
642577425552674640465445565273
505266665354500476466266651555
675547461555364241474525543132
575554561345446635153044302456
474667534155501554447476434557
454514552231115475744465455526
244351264734771772757545457357
553054344444777535042574424556
446545556511154065750546742735
344612075156463062464547601277
354177366471467047065554016434
574576445511434754554434004456
047444505744540047124577674533
454151510336077515466455345340
263504554555374474774763453754
446446370566456645445664434142
107554500634257475744535566744
445454444541202525051645134563
545623401743540455651122703474
440475446565474447451474664532
754745204645550446766576434730
