457657040052474435564471353557
067754455512134764474565567464
775463260257546463505533041451
777346504645450026675654557577
445142044311454026525054774006
474747440542144426655744145345
543245673573475215577454665555
700544747574577162657544644055
627156374774724544447446744544
474125034646522357150774543564
647446174112556444445055543304
544754645154543517444514500533
205465465001025445342575435740
674375526773464655565233512327
465656546455204154225475507504
527664751414555074545540254544
474377555141501674466554472516
143153063536145550430345056367
474425465523554256356557454544
444262554754473561564255644365
725447742555450474735755565747
667415253544746512447454345274
450442307447450654455754556744
316421743555043674415214066575
566756745743424342566357466065
555764214565554476446421465451
444552254527573314560502557502
275662572536471444735674555517
627756146437553157715501547525
674553555475655441054045542517
