247557445441464737576424523757
476744741265024333575453411705
311424444224312625033411046506
774561446545046544117675500167
655376543414334517246754153702
717520665540554553645145107545
445755515501516415566455544276
304253547667444202675465516365
453544045675642515113724061424
151472576367554576474615654715
441555556644645551373404556544
745155457554457464442751542453
746476555755444645776565764013
447742656065715656414475575106
555456774747640145125456474444
246544702117564667215046147441
126347457531266075045741414300
577246744755527157751575346555
566402155643564634347564045650
437554053464414044743721455400
356447545555735524522455564636
365475565707544474427307023644
574155243332412576676174405406
245545353500444657542503727042
465003437435644045355744644337
465324415111457554571325445444
444546504654756315575757367575
577575745552465476575444506414
055567164756401445544743444545
417615045505455747564444443155
