251536455744510500456734615544
555147577574364767765544606752
645440044574750453207671756717
056705515521146547756454334444
567474455424541355706645577765
774435456545423044266563447725
513115464563714751760555765764
545456773045440576530547664616
716347276037056112564623455544
245465446436025526475007472714
445562445405642511755507162377
165564464504574673132364665474
424444614575656064555211154617
524566215354525065506054574645
236774404370512341165754277434
045143736446454143435563453657
575555774544404075561454360426
455566451704554057444474474357
672545576446237356434765534545
515545445561636565544642542245
634505757440665634156745511254
336607567676067465656524057442
664711345776647417474166524524
447445444206405445401455531350
505724475576056335743544145042
552434463040523636757470355115
764124504465675476354446655754
617455403440767417547756462654
032756445754747453467457552547
776454420466550455544642656172
