457455042625545524174650434655
560514576465516047760343357236
574572620243475416644470645733
746467573765752065544430003747
646576410476624262036577246672
144476674012467646557764466472
273454105745555654477135455743
434546052441401425157567745042
451554544656674335460566457314
746522573447645464734757707567
456475457544342674637464724642
560455627445403660665565664552
753525404545607765445454763645
664542541564445724354257017340
026445656477554744777074474416
115743467057064075254014544545
771176137242645144557477451463
775174266474754544056417647345
574400577342463545674307756215
332465175526537437047426455757
433464454553276552257034454654
556454417457651464547560666550
365153575061076446704556527740
654541140620376555640167655565
547045266407237453755252640425
646354461755556444556155450557
754544234235744474516471072507
541054475164473355450503154547
514544465545575554657754553754
754703352457742134133717444547
