673557657656514352704445754455
756457666505535572540405665440
016207464555444454375466446531
270254504047242656364324467465
457255564441775470600175475544
467055540655425567615276262447
555555145053503054567565645750
656650546445477454543562446466
246204540541265502651447025255
515705317476477770456464473344
354614532653144044545447553045
570465522655442553556742057554
142477764064175735250666756315
514452565656632465424476455766
123663530554576414575747535367
355470065766565476345640277645
424572555474157464410610446475
365750460005474651637544264517
246017164444070157406453441656
645745773262465445554654251447
474455165432454445145346545636
452165424470004452565434554530
174414672565552316414725625564
544563552645414544457145555457
450056444173456464366141610455
654557654562444050552336466516
210554541464244455445444450425
657555055444254044475515576455
577630722263376631446310524642
064744545442764465305456607507
