435124331744344517660507314645
177455654747254367444321156435
477661475502645254502525765656
424674155323504256377643750444
721346536254452077564457555455
304353465756776455510154053702
444440524240504477226755564643
274675046647451502565034712655
544757444444564550464676404675
547055563576226021775445214451
125446025444724434554547757055
545554455465131545673366365474
457545445421632511555467677624
404043627516651454510074732516
657554476425406255744564666505
752515464654157550541574777561
467453645155555316476556577354
754457421554550450574406513144
457556614044555476345423464461
044475505763551517505655445643
053044641456145443545574743447
563437655374445344506721737445
277556705456363746554244770440
457545450476564740466560354417
552046544556634544456631450521
140471552770624654144706664453
512540253352047543663637444757
644477456166163556456247544766
755555445432751426604704445755
360772457417241467640557654657
