567127616034312744754040125654
356757342544632425457476650232
351264574161565575346512552375
724444473144471745425645745673
415454505547144614544441547773
744475637576404417573751543354
426245534157641564512576561444
745557525657563045366471345745
664416552754565775347050077757
745555155455474540434555534755
316470555454051453711255165275
445542452365544576644775265446
053476645745754465435525557464
214251534556545552545612546375
532600746765634042655554247261
646534415401413655734577453374
455556345754074774635550654746
414754755464445674766755270460
653577447253443175245565054752
050617432734646045144744146573
443665245035574157677724021553
755440533657454445240755002335
534674754504174675656023670426
557465517544607550442550774674
544645575414607505555651444217
651754344436255754752770454464
107555515545474637045556771576
766654175473564464450447443544
525224514754354425444561406444
054345765576555520537447454604
