165104454466146074754425557445
405644544544764546375044547604
661117455445237054556424526405
445454455455574357444704542643
754052634555504555473127264474
613166755020523343171716255550
577255475013244164251124574762
707544664667454745465445555744
747745545021457660617454407564
074673575454544013057455475277
640572521454562570666073567723
074454755575444133554554472652
744557726575544647074445056646
256054455552463565554545551577
605565445415477274245037406556
066411167441155655705677537764
067476344444653606245434704615
450245156530624336545052645464
543054334604165516664014745504
134177076575545745513441243416
447541530044152543572500441447
455546261744227254555576314573
165357446544557514515450123766
054716265735415371467247444606
665065371657545142434445465515
517477555306400441655056544146
053013606456465544136636455575
567756167536374555457544646361
572415547446735176655330406413
435323570455547545276704646674
