604715764447446516455535477455
536440404444551432464361640575
442550444144445674671344445455
750357443646265655744547455547
475526547453414614474466564501
127656071245775075556215055443
625144526442455521253545436552
435770546545457055555664734065
545047457567554544544071416270
464444465452641355454544457276
346455103247745234241164455246
627477546457406647476604545450
067545544544400546017605755436
553724506416301535573467534455
745566014746645561515373465465
567446445177545417435154173656
755674555774014455154640434725
440544145307471470744554526747
425551454016307544105443144554
556276364261540165574435554565
341415715343425417472456714045
651666444554336716441255645541
454447476505161046143461453133
254046715225456442771477745377
445474056405157565465445745476
507755754215764425664544665425
444455416441413476555544514447
554400177375207264574531447574
427565346551234575545407507145
642535645566775657675044355165
