546714442136445472455233454464
505554216467075514066551005454
314561456236545555546736550315
064170426455535655562404305531
457163564654155714250643547241
574451545470555672447454473524
166071534551641522232474175453
315546055440644405717454555473
115747104314426565477144551776
576544645141136655554576004547
563444500674531456531241657734
131614554466254535055176354144
165502541644145773565502545554
554455720435525252775554551276
577211425450353754554557645645
352665572422453104205475554273
557172250475644054441164752410
572326556560455424537545540453
171355111575755044575625641465
475244634521562454445656566215
577565240044746654760657744566
654441563455145304745347056661
566445224055554015451542627063
344745555144437445457443654526
506255763455644573175513434051
441426652145267507307755667164
443457574751755504456506626555
467652643421457455416545733667
534054306535453455470754405044
736144545356415031562375717626
