430526442663043541545541745540
566466655654455477455472352644
542621654546753666662477754456
044576314264245517475556556544
547025721564645024416652564460
675345433560360052756462571556
377574117544254725456452454173
454764065655351545732524655674
506476010014744515454171654647
612575562754407217776444555255
657755475703455404407034741665
556754554452015642154573445156
267614552545644457775677402455
264725454533144471540635756545
444276575574740775764256425675
644634552463444147451442514675
655162415174454575134760255475
470645544544665734654674570656
651752457074545415645355424446
557256525446554407564157157425
543115672642662462442721564456
440515665050674645335774354754
462454051437710254574134745557
640553132453467644550546523757
454416575454657550442455550666
514244175555116444755403753555
475541547045145644465453412644
064575256464717444363754555445
555550425740331773474575245455
732477276547743357454264540402
