147444145743561565766453234455
545555775774504556565546240742
545454030705665056254357456673
542111254263144554465356747535
776455054776467546764562743456
545556053434556561753064144521
446556666463454415766542654712
465314754540545575234327240450
644317546665243765566367570741
554475365536745044705546454464
564564674165141252441501663716
554446225450706203572515646567
537617404667512047544456254554
770455262447062476452245244462
475035445657313764152563653557
664545055447453564546455527570
565404155257564656442635312551
345715654347445454467444574461
440556654244442635750737463440
441256775545474455646443545744
455557242706614453314275064466
545636540213617065552600505511
510575454564435045574565462464
614525345440474647445543420555
544542572151760436523656755435
741545214734434557444445053352
444575352024457651424365406452
557645274520414434753554221065
455457500555613754654574533554
544445552273546275574477574414
