451345347450545410677436174545
475665576467357663111556663241
473244743652477515716455275624
545444465354476164266563644502
724244155235145660755465255540
757446245574634757554535504324
655204477044463575453404765505
754756155420455756716740555154
255504644424442134557554475754
036744446374645401566365645246
454654445565702575660766554423
455454454744665775540455502714
646522757440725777406554546546
544445634245437624055546756545
576267407475444437575455461714
235446452677457435023707414322
766573565205750447445443405447
555345457464566744203444537674
505426541515115517440540524054
140544474014644757057637511445
515455515550521576354000744465
756076653645567054523557444440
744154230404553247252657356154
650764525441244115745165545604
727724364715547447575247034467
575574705427055436255535344114
672754346444555371455146544452
563514645214655641545457754417
615560657414024440654467045475
477575532344574565657632455756
