545175462634426535345165465423
771554367656413372744042241450
355364136125424624144534745376
444546145775640431435404055544
745551657134554764555705745467
445405525246475057366454333464
262464745073457757457355404660
555504355562475767415232346444
454341705550450340760575444065
550414574442561772447356154142
120472751765136566442515425477
252444546665656760056557016527
652453435644766666541556234462
475541144457011554365154554447
615463403174737653574575545636
477444642325477426345405515545
665453617447644664754415263475
655423544547571577776275464172
445654455457544400426457741754
656425757471414244744144041444
555173765107744274216716154455
734545774655774266444546344144
545242552745046556557664572517
540555555475016443554527546057
667455455364544317674563753464
765054036256442526605765664404
427474556027454234145404445276
532474374470734446045246614447
534075645511005564724142551414
057415525065765734205574164775
