076654446551774443402747747147
604751705432556026527336415255
774145672404357447375467525764
466654042550167137337454045704
333455444546724735256445645755
505047356442754241334640063564
475555446533615467553657543644
174575654670770677642314675455
575434375445476754542141452415
564151544446524445445525750767
664575033461454454540724155441
346704356575665641063553460175
574606537534264464674442665525
516644545212500512240455764465
473556654735570457555365555436
675671445164547354415155447425
557724445544405671502564752466
126546477757513144414744445344
555577523502245342244445024444
445564556163276556754555475647
345676764425275447012506542766
441416746467052554600245110724
746625755755044412074553465542
404044425444544475442345557755
445465775644605144614565735457
665744133464565151054227554737
576522425672551560543742461634
741345553225245532553254056065
554747654760144452653374544564
404455455765242511262177145553
