465667502214577425353647267124
553573517254325462506517446624
365162425475747166442344750444
756567055664166544406535341340
125447457437475745255514474355
546544474550404062124776677545
062535270752145664530024373705
147716146634554444763665454644
356745473557542464435744642435
405613515555765525665545744634
422754454150145573217740554754
353557446571625564753426465446
246466450540240405442577445263
147567015014377434051757554244
337471712675247440555455474456
474764455545655374555474422667
574747061031555304244444464405
434564445124257516266653771253
505616045374443275264714245535
426660675423253725744444572425
556252411013455463072465435261
744454756445775470743546444740
541477534011753237561357734331
763745554545454034467747755754
745351425556633756455754454530
446544044011556447636554663454
034762154565501747545475007545
662734445641465577515754543461
642126165750315735544514664422
541435460664364146543045314520
