446545537743562445636475264464
447625465446754246744462370442
766654456472341734445665271472
777360554075652230555340405547
617615656657546545354510452147
645604754671564374414445616752
721474757534655146474443355401
457444454444756245706671577435
736754174154566546541225665741
747543441455636516256752441450
345645512675541575374574422457
450676444647665741464142474367
313274014220476644646155545015
544436434565573576362442735452
615055745456461543265745525551
344742353474514254344374464255
570746544505740557416346445445
544545063515072574703655511466
256547556573753244270402457574
553423545147565552157464541344
627016553545640355504040755455
646454452335445305572763756445
755347545427444637225445577544
657435434101415757055423276450
554476567654753644664616655135
425542455454143441714463104564
744457767564265564344354316365
431737763536742441543424525534
473312441561531415026343433214
561344564577034046715474456153
