725315473644347161745506560400
550032561475265510357443154055
057304077565357545512546756514
460050446243047457354465444154
421674260375626264511555451640
577552462153412545555554551745
425112546142054764545156510606
375646554357445745314345544534
332134442044417425645544447474
673555747575040561461275224353
557455444445107342636467037374
255444057422647765126641357545
054675761476467244556574546455
445414355446417554657473644724
744564424124545005504766655325
474765635614206757277344570405
240744605405374463715162534454
315214615666754754446516000663
554745555764555545752756554144
674755547462160434665763344055
772555474545443325644145247442
735410071563047467605577525673
504266050774556467745477415442
364663575604546453675651543534
640715775745474277514650405470
557374566455254215453444774314
646556446046440740742564232574
716424545555536752757476362105
453375407421555611644445345556
536155514614243644475455532452
