255453055744564417555547573774
747355472365645634054565545644
044325754242315235445763575446
550554146674666134644417475567
444546254446522565464422505415
746471434565421775445415767561
555475644627773436474145375557
664457257517416163570164663765
347174435134455055407455210604
446752715742075551543255504562
025544062574754670770023357057
557015307632505705451512274565
475167455444454554754341674521
456275634750524637754735742705
347754561456056520564242364715
355455450557505445215747646463
575563642615164414254505654035
647557107774674556545550603525
047104552540742477565655554654
445546446065453740340053657355
546435774512456063344647625201
354456044774440553541062744517
355760475253454047075570525255
362745265466023445257135200576
271442474526655305330714044564
224654256745525744645441430657
645464544256450451445562551545
031507566576576304414237334777
066554642364723455464446540154
654445743457555077525261175540
