454544446464240456675664464351
440645654205244275257665063244
533445515251545562444014170473
457445550754650604677724445442
547005543570756474644675454574
444455553524057567564307555556
555155467532576251574457451044
455175354754455675637435437755
746263144755566450462174755254
744475624104404554556551321763
547775544541577334715262657626
144745747525203542550325354767
416565554756646647513514707664
366710245355375446455567347044
410505073224445514555456545415
024454247464570541656074775754
455407750377454510475445667663
474175524512455564545424535572
761166425455551173557775116234
575445532062725347655451454545
345645544665641315255754555755
674660457575435632552775125746
044554774245142435457647476425
645345350441253565607475764743
404546465412442423555543474054
645350206502144426444015504320
407033240620535252775557670344
545574764453655351535544275474
113154045574554757101757545754
675145472254524544112635475727
