423545746545455640543775375557
534644435245447065656547540335
541475464427565461461734755246
545457450452035457655216445445
616536741532454745044617505344
445256423535522504345274055473
547632577515621754374463307044
047666454705344555562640562464
540374745454754264575075424435
554555476347145723544555670714
547647756301550425705445454527
746745350635467574465734543556
465553406755444457027702763567
640577047266445464354346755225
003322566450147454344464315457
404554452551567544352755506453
017553541563625744473547456361
466517414053544514700476144255
754355642544743755055456542056
657354354374741262646775163543
365405443545446434411555465254
424245507054655656555642565245
535140634474412447457176342145
744154745063263325514014455667
045535547556676407571154531755
716676054464443155743700245140
514574672103055446403371510054
437502440654244617437575345223
744545650446556255675575345551
444404345624545635577744627144
