646415252766664754755445734575
746606675400545545647635673671
147727637574415444256457556535
045465566565656416441624450541
476556155612560161510054757710
545556554467766560674674626451
464247645523636320547546545310
146442747754724165655557707544
444054373560632645334152644721
357514552644614454251752347505
464246745534625454566556434543
116454517562756531575561443057
245061265734425524627670445541
104417746555563476646635714143
754545347256644616416444740063
201557605455761165604546171465
305444735650543576715265474375
540557454475326277154751545452
444633750631557741572645744555
647516455767764645454765555344
244155367344320545564317075555
175676040747574456774660445537
646053735676344504024035107550
714533317263244100751510417754
745147407450455717604750457556
464207603456645446356015641446
746054156444525474606446551454
605047534462461444756030755544
474657544726545455065441376577
715454574540504454644425544454
