044664156556447045435605267444
145056335545706466747475454723
555434757575564655254745455466
620555457475150474646541754555
457567452576642556247773504447
556542404544555465726745760725
267650514644475445075454077064
421567603072574574706557745046
264555424457254452614464401642
015545637566155674453635555754
146712617153414555547400364245
414577146155557542467407546745
554470346547524574701450446641
264620352540251540357455642346
471545445075715504226354351134
246404657475752052747440150454
516476515452170153444734674515
544643625076264412455461173375
164652357555145275455500247507
400540574442474457554753467473
544466456457327475527452440431
107043545345545557550546457555
176575423447507546757646535464
161745045415575256572447405121
656474245454545524555206654276
545464645747364264465446745066
120140456744755443764544157644
354555277464557137466541244375
447556275651764666775455141357
457475526220471444725607350646
