530457521554204444466554677644
557464175555560652477631445443
546737034544471654755244055400
736655551464752326324555553514
057755644571651751114517647443
634473626546244332615140546444
256675454665327630620454564054
454547251037735555505455044445
674201154164545724054157231642
157207257554513644454555451005
535554256444764265427450364505
444450572744556554545666660454
354347767735275014642526444467
573551445545655654541727145133
675444461631452642745573435404
355564755504145573447665645354
274754764414065565654574657554
565075026067574473624455547544
475440543444560646461342174546
254545347671114554365410555542
530734344545512744762004555444
120245455551555407407444744445
603575242454771155366444146266
074445654775577560474442634453
532564541627164705574474555502
654515444743760755546515415656
516475552304463545743501620164
455574455236155607576075502504
444712354456564254656764644464
350055542553446244174316770444
