565733455453674544441250544045
175606436416461265545454506441
466164675456545555447234150451
524314314365415326562164114261
070251055476255411546476344255
466547414634543556135653537167
647356755630307054714412774644
547056564437755555123103344754
525471655475655125055555426744
524641717144575453716145415624
657645756674245555155452447053
364446624154475477014560755544
640605161456404457556643407754
427747425452414517276067474324
267556044647752575615475454556
415234255774753404427352575504
231445557530574564556544346542
453245454474604455300555034535
454424417654523642146634547556
544577457115344313155556557523
436735400054544776754544427504
552535455775334511575024540472
542561151554756340075770645011
643776563356455605655415577346
242544353417774647356545447065
135414425107163545664564415732
445404264645767225445574276545
424550442652734354545735753241
355255610056765426255424757554
465435755470451452415616616745
