564555741743441146704445755464
407176735411545772254356734634
573757776564533256755405777271
452557440556073126075444052757
575054457746447422555774516655
754374525435575460444476671434
751645367543004526456244735074
565423164567564546731425525557
774555034644264526766764445545
452456762437074455544464472527
205551426743735444441556555675
037445026036765541545562447745
545445754541664525742455705451
565064676644356146751104446757
674556134465565370541736442572
134556042462234744425753767464
055754063555455755462664156115
544745555541367654454455015462
377415505454565655755044057764
463454564765651467663434253405
675152517426471640500445776453
560604667560647427747757435557
475545552750346451435155655170
650664344257415745346745674557
455325616556464773550554765624
000756045530353544567456715534
163434366345455630543630560611
445215274155554776654257432575
556536534743456641755572556553
026652755641461545556220345554
