655144535674565017465257125441
572470455641747773336512345574
407373416475245062225642623564
467443376453454765441274666574
647445754756424554061111447442
454454361757467747551542613771
374514464347746605354606725610
477537561555640704745641244443
250525655440424765676030534455
442754344246575444441447275730
666746246145651755404565456554
455644025245452644506664545163
447677164475552514344057477264
140565544657644014524756467264
464544344452454374154544247257
247464443765755546615045475474
471751671605541455450407446454
062233057417570775447565765762
556074414676527644441401474605
575435472544655461445111721665
447177544315556114577142745672
454237540444540442645453434147
455774662046144755562656702752
455457444367465474154355754557
021126555444752156541547625574
644414440425366404575444442316
501655356472245145673707175154
144154544447430563354445733162
633766444625502445145554554755
747664656664441524457116464757
