001346535513555574754565455244
640022026525414566426376426741
475504615567455243443553244563
777644617237505535512415414555
167706544445166675554553553567
463405546717555544375544614045
435166654554552411741374206664
703554513442634424557514447764
752764217572465275526053371735
454067036555526617456144272405
654717107665153554547540627541
440476473430007567735665643156
057774747504257545656574604647
270541445624475432705751647242
461506547455247434664565714540
707564551560326355540746547375
763464575265435766375340576656
740426523346615542564055355166
465414161571354441564667504361
575443564464767660670010152425
645556745576342253110047350647
454547713537445466566154577252
444314414455453614067455555055
563446556654542737444447741645
354547657566757574667646343722
775415525572562474267565434535
655565745245655510347427536044
545454463565464675455544127535
035740453551367744546420454047
644107523462556514460156077345
