513554127746334622135545527743
461143424654743456555434755164
723457541154152375546720547246
010070655452675517457035575201
177452325525364755445444456575
447147550747455253674454547536
745573507573163440454415576413
574515565443574441377455456647
564455547165564524646440452414
460270305053654426454415577476
535047774573332727250520476461
440452204105750545474411450533
455155564451443641126755445647
550474246472405651573477652145
405547437144676762304052431557
774544467663674477125505474506
554541745464155535644555566427
636464574573034514137436471464
744645640534215441157476555753
456542775467445711557340555572
045357254047674654565130564472
454504256646445215575474514371
455000475326567350454755470465
452664774745064705057164122445
025304075665725262454650572756
464446360446764461565642542664
535305221455776574047421444457
441102141166340407574772433146
716657745647043474775765105736
430374514546564573554527560247
