513752514235644527565414774664
763545604550544544444544177247
323606434453475766007575247725
646651455315554625550144345457
470754523754253573456565605412
114450645226054473574135434515
435654564575144424755234554444
755361655246444665040231575455
445655565333374646675564144765
634224544347244244417455624571
475574703505514204744040156757
437463576044154545505565543702
556567655644357755115441754642
764554505267760231657245554747
721654547564703552465465464375
567445163444475045157411445650
603546674424504464711632751513
455654647643457552477440564450
756545524606541554774573536705
755626157304555655751555705371
274545740144057014557645650454
537747455247564727614445655546
336461545753544662554575542454
446665203464506540751013537645
472565750273552722574543515403
346426064527234357775527564565
446274626564652056565274521730
647425544445545050420444756444
654614767745117243053446047545
555556662471140714534454454402
