472446420477541674054566564153
425417047425251244611355426431
474754653035176645147562552440
667764455552623367752474535470
056157555424654556445646505647
460475750457447751445354365374
167415053274551203551567574272
653444255415543342475454645644
605626446152056754526401044440
254464457634445504412460315416
503155725440554071752647750764
156154057557145443203174753556
533755701535650417520675464240
157654257566636455154645554540
446515675244064366147715571355
550007744521155065774440054676
554546436574215420431564646415
746144447122467457577756176406
436564445743246467316464055752
415455750514455764147244615001
752457214547747441347653755645
255436654542554076355454534565
540456444145465355521646506446
545274001455555516543645446740
650247454654537524572567776477
375477574506707611406376650647
657237373410446477775711067564
415550277444615144046777145136
646422342574355705556471447604
556425654445654155756756221445
