126564455623746544656577655451
774772656341435130325345454724
114735273266374457507675347054
236453550145576454762465651550
544566540363542505454465554557
673074645466454045647234444467
576646347367461447615754662447
405453463274145140065556204411
145432755245577525564562745727
745556544074644513554676533470
670141444566044674576753257706
345454371657741554420642674761
455674107107465615707657540020
435454655254177765144150525464
557166525755755477724653565374
455177545455055515470764465774
444563000204634435502216137056
475255425744447450576444444575
541443446725152304414575455575
621760544453565315446106474254
647556456344335777034464460575
504346632714644625605713756751
625641256755737455055457657165
455640776073155470401277407653
046332643755556444145576476650
142354541050745344455220545457
055744647754565770553647574515
534412732042165404523567627412
454406147500657724445455754754
427754434427544554577544075146
