755563574544564573545374703772
040657724144456354446215650656
456561437341455646162057766445
054340775670711775475506653547
415215425543245565444747755607
121445545447744224744674463744
555455724765622654735446664746
411323571544275672605074542605
555157714254444457534664757664
545445564162653444534766565471
355434576575445474424454675063
524702412437576426532122405666
630556554104754455444574412757
352754525344476554412445555146
266472245714446131440455454163
476662404425552754572726102264
125067452577666546405444546454
055107347754435467765407005644
755650077475544603575670760634
454446455570574447656567174767
677521456446446551515472455545
501413724644216467567216502767
046554767565177507315244356474
572565564755451475537565750614
547745655672555315053554466647
435444767445424434666506146150
505635605312604551406750557577
145457445554451544014654764444
540307545555441544446260476544
665245174444576424655561514244
