641454631565065150433754061765
774556477164677454475545555342
504273424473472543660144464003
407307654074544545445572754511
656423304522750355046056745416
456214442541465754434354456576
506545540405557414067034675344
040274350604453752144744545727
745447450154265657146450175444
541550244567507355547767215455
547144456546755612677143262745
436321554170357460445454534554
726421300157542574545564514544
173644545375074555157451653553
546147153354444346265446446436
244402025444455275356454354503
255154657261446155424555446554
056531476565457166732434665374
054045675554525627171555466444
413074554465714556275047701745
564605565175450743454532277435
655542656574665340545441575534
263665421404473565262640654524
724555774333765667544562575250
165557375765477407772575514644
124465666054524563217407357350
253577377454440467514035705424
565735576466545507502464453344
545451565775343425524064734042
774455444467753541774544440551
