045644702743654464647754415624
570421614251764516555266551443
445757445522625445652354544745
733055545554545555614414357456
700403657444444445464455675677
462472012442406434254441544655
610554444342566514704370062515
447756357755045452726447346565
274545445153662525524244454704
014557564160145117644352563554
544176565610016657415144464355
405654507725536457640754456555
460477260765564640156255544177
555346736171335443314444576501
544456716431576444544651634744
447555435073574435440675535542
424564140153377655757761575646
454552424441656444744357546755
646720677526773006644454247454
772146465755650765515454335145
534754004462651155647644451443
465546557566044770064451135450
653417547347511477766523754755
654552544741440451274254262577
756754404521147475476057343726
001634755445464520105445454157
665063170464724463644105665277
055315354440025524746546735502
435243104463102003747344657575
205450545576556466355547765565
