455245755270564565456477477474
500662155424550764445664575653
465277550475545774045454437044
242742463454444264452122445022
770445360546503752556715464626
704764470346473473612142402577
741455445545464557604445464755
545551565544646751443555364747
545273615444264540604457451373
576756260370211565475754457455
644706615466245354555374524032
256442535555554031543463754054
455625544464546345575757546465
265456617454535576454655750174
514165576745554634246542325454
520065442571114655664446641517
044446461415225445544643456345
454357546665572646656554410232
766044476557562516676675656525
357553465467760700553626242565
444576527545457504176571527342
455563554452545054246705666567
744551612574755614254454407345
755324705544554155356443704404
013150742527265774744502757744
542446255660275771554655476456
454043345354164455650754553644
555175745565045443351557455755
564544052745044334432735723556
574576740544113754550474655763
