510743021226536641534675722407
655554574165657275577504354341
046544646045577547546444547566
420152247541645574505446744454
506774547563341377456335422432
474164556533444452475457407404
566155422325705444500505164577
456464765553473417515441775664
234057454153515415250605757567
244557732644756753556440353550
535152727356464556755555552554
162074444554756755547544562354
551455524745513105745404575561
776415550356241775565150546231
417453775756475541553547435467
254223456616545514535405755775
245756554654624457534457515305
553615544747414564275345224415
164554025426561445544237514041
544545470553505364211673156405
544035073706240741547047476345
255645507555447674124051442654
457153061444176555005715546452
724155054045455664651257555044
347554645527766244547235054524
262054474545471242055716467743
747755644345577036607442657743
354154566545627404665116454146
454657074224645644433677555557
345447457240555435335450462366
