373054457345747201554544240560
371541651445740456544574705555
565573715310552705573174544673
544044647456645405165703627770
435245254565144274505674477552
647756217040457767554415604534
547476431375545355514366545254
143654114556163624426611454464
434574074577442552410145445150
556526465304142545444445707551
240472755755457476144504166151
326554532542646555215274674445
665540573537772754774764463175
527554242645563126552436045605
561405555545420567574405244745
057534447737476446776775645066
145445543533746762755015407734
454456466777452656654716636610
454050743555534401045404347464
466447474754552574477414564475
626444255445741255126445524114
615705253720666407775453647620
555455374742245571425354574442
405557514565762754471770524707
554717544477646757550535742454
366464654154216145451556404755
234447416747403615715451534135
502474556140477454626245467264
465414474454405530407675215463
744554220257565550566262514570
