525007512445445544452574630457
143650105705357575446655544426
740765415545744554426455544554
556074054774344565273563745605
454025647766155435405374744440
543756573466704545365474564565
724565347452751267757055562057
156254556724464531212673462450
255443566724653550367545454675
744574435777154320524144354657
156647473224571245476417437121
355272343635305554455653046455
450307607744307445474556653777
646541247664466500574752454455
155541545456546644516711456647
676407424405406275654672656455
375315605145526605455453522377
067715444427644534465736455355
735502572245457506575244542360
555474444344257644604351515574
115545756466555764756654575461
467471444615524436575454474115
664557261077465542125733117553
447617563453374546747275647160
700404046045654160445566751425
574456243445544573544507563745
214557546414050505636014262406
765440655025714662374416123605
334116574444557661646754716473
441544464656667774206551364261
