277506716460535542240455773153
755742547756255766075457104016
445144441714555627517655747014
166655654420047645733413545134
551421461447256645410454355505
504573446740775775571447323354
174545676046305452144441155614
130554457444615544335654545755
223041444165274555724466454776
145550450442547662547244464441
515544435666474435142455140714
455647645465456446455555445425
774554567656547415655511515376
555654611777144445455451741564
455755754642712415374511557376
675555655255570741556444523625
674055566461456414652354426440
555272544345411365455164123175
445550254703711770774565271562
574554474657756404654456614413
453056051457544575145145071445
371456356225555041074741747544
745465455334566446754556473655
706404147126546561514551145464
543056475625446744530555753657
075431055625646355745416645114
457545514621264050754073743566
755265544207254174556577564455
674543747764446444244525063147
166551446565457551555656154147
