056417725455432227552747455504
134657444146512344244414131365
565674576255331565644153565761
454422251576005745501566447541
563210454546525550542765454041
454474756562743544703747405444
741456544456545310554654653651
756744445555424044515645744544
206540444677307475725226745415
057667427161752674550115374145
545455544566414444646440754451
665754456646524564757145662455
176644403205527674456504347344
575042714154455545515645454775
242624547436445775544535417550
216445656032466543504300004775
457333507405345445751764406505
475445434151717415477525140057
535656704574754507544255556506
557577077156734343114054134324
740662450560364541054444052364
764717777451465573440545445510
443142240554463554745703667745
454745365455046262215465714567
727434443756575445555564543141
575554242112447545142552454546
067506461546466073155634435573
371447475111754677535362713774
067177142535476076504577652544
161235457254455624015244345631
