156470162717452456546635456545
263474057055567424460647565655
455255576421764455015776732543
054473475713540554257603754564
603562464535076671422175566751
744745544644711345540077764754
144744545435372167106504452465
514516340577447440621545454416
546550704004754510446321625751
457755607610435555524254066625
757765404457475535736315557300
647556174543415504441067442644
457525455350056544575217657522
674445103670145574145751177357
245164640425455756553565557156
654453777274547102524745044451
164266536466545062426651375767
516557535051554546251772444454
405706545754541464554446554476
040444765767366545534656452704
700171542364671054407577650305
455532063470457546224075064743
447653744557447560503453267422
744255045262755275545133441706
446456544664055626556137164041
111661005735673344544775344747
434206355535765477440245655750
457164767077475144476565440545
743207455467725757756536473727
446564050147754715476544545345
