653444606655644565550655634735
244134745453524443555157544434
724350447546767474515574054154
464474044744552654555515766574
664452541536057442454476776653
645401505047741434550546054563
573552505555745504347727523661
654455757574353760265574577657
344223064575046230274004746434
354327275047577137655250575471
346652640475554470354061411174
044554467146743514545343511174
552525654454266561512745555424
254447624447644537416543751554
555555540406053440134561545004
212456571054555045544534772017
546626323475222346420573354365
330554774004751554077364577575
674674254430374474040523560542
444377551614477456444552544761
444455565527652454523514665244
445674760123745460647044741544
644463046436354551755241223560
517412344540227253454152547566
572025567553154514155604401752
446406027154445755746477755474
437174415662151153260460545710
475767542414457427544653604347
742454531724454225455554746652
025441450554564744574406454436
