074646554765456567771552545472
545447755554544203447410535440
555333147627437147474451451744
614455135444044052544555643475
456555723467656576574417054436
555554734760444412673756277655
636711514503344554742604424305
555472551461557664576601540275
344445653713444655554245415636
257146500267655115506044554706
364766435564566314524074625066
675456424544522757555256454576
454520754024345735074557654460
746077545617415545775465166156
645575555774544546552664671010
776345374544440605615647425444
554455044546465477163555614455
771655414744454755474275025636
405354406345553420440544470144
163544714456754202557741441715
444531557530125654445514444566
446463475442575545147614617574
066650445646305473425551673034
516445437354462605415442622366
552267453645542043720665420571
545660775641745703427110614745
462644254436454356337565404451
025441543665455754615156644440
441370657425044244772477453452
627556555247656463614252451543
