574754407574055175072375075645
654455446535546707765547426706
555477560247457746014573113566
544077244425512756446452354446
444470477551545654547545561547
344404556775247766533445406516
564472445464445545544564133476
344410614535654015655575420347
417374566754554747146545757756
254454455304644546267653631466
575127664575543565466134714423
645656455064645642165716404500
360645447444453546474134545774
557544671471647514147745534555
274064607634706355451056455263
405455453374326714447256350557
340375655566561554600456534467
524065754461615467447774313755
512577655515575757744342235657
354447434042744454454504474354
443554652367654614662452456544
317567146454565414717664446044
446745542763656621646457444356
445642262536007564444154450534
304145544117713657027452674544
570564045465741752772445552775
522154565371435454547255350553
235561405514457524646665544147
474547553472554364545545557455
213004467347435754556474735254
