660146071024772674424456407766
147675646556545527456644244562
464446375416747661054634540644
346474447261152123157065251447
456035515757764444334425055555
411655520453472454472540522045
565725455474706454460153523724
607724423566476734642476576774
355473750445462174670766755476
645455446743525143007050111454
404144445556737547256774060465
476446412377403625506232525356
544140735244575064124750437607
546574054044534366535570470544
571523474646504645740745464453
545654215465174551456566545351
503754641457143317735334545445
454414656715445444555146554430
554057531554457610452114524604
557556445725700630467443542556
544467047043634540611064651463
564640305467451275505543244757
657126042512455056477051616640
345555745510446774564456427756
757754653155134157665456057445
455670762545567454567454561700
464342406445707547554572502435
424344365744302714463547466653
506705376476516105564745654516
455547550656617514514460704656
