653434015661437375552441245744
755455566724255545544554553515
276470654546073567574352446254
157464547551446015556447670250
746410413353655706421547775536
407553255667643442755502364575
561656567634775754655571364147
462574475460557044641540165415
675214352346440555053457434453
550070053555544237435642744040
410554645465455530575364424215
745476314617650544356444464337
556754260450633176477466442404
654004457455150514550451672446
544544156450754555556155234450
555416444556572775754256527753
551076464763550234537535677507
375045766442364545604157006621
466642775102045557474450474241
745766154354715411411744440544
247037556545544550433745614513
755005545656453041451345541546
567745632454360757607260325205
254155444605547150566774574556
533656045655520430764516345515
475604055564444275703767547722
562504652172435445433162455750
551464234167252617547551447454
336247071411664577714462113507
435264520236546555776560563444
