206757454340561265747730407570
442534067237545466656316246614
444057524567572537565517455465
534165470444746745257534042614
765657440516544734247446151544
027037670471346147536206145034
014565625145165343456454727055
654576404614545547361131514725
464635474726224552445257456746
257425645757545315606613736541
540504300567207141643557745664
747505265644056406541167045445
443657561447553454544645254265
023457716655574466516276544344
445464700547556543656534477155
415745561356470542546104547635
055076644530645421525373204032
534255445517653045065240636275
474744435644776663721417366635
465147214644377637773464455555
555655714641344454575664524754
547555114716554454354514446750
645410647607756310065364743140
547155555564736545502454757065
414554454705627144164552456433
554155405600547112457457741452
556465474071575457354062454556
554663526614563434174455545467
756265170417044245445046713374
447550346051517766514156365514
