504714546544454550544631427606
444564565651545654544405005545
643364744254544346770576756652
546513551617474354246445654756
544471270546060445647523550164
567544667766577415454747755455
524572546313454255745515151756
556617443572542775507777106745
757154464556477130567242476015
474544277563745447654751155357
456754012040544406546554642550
744225045444577400054467555331
741543434671100364410551555432
327247534665745342565445316454
657512542433543505073557744455
223505475255300353002445003646
643434544517423765476367552444
614544447444475156545425414504
465655455660547464660771665234
544334036454444774646074755466
437465446241746556704546554665
474562444746475575545466425464
346445144257744345564524755445
714472575454655434545255657545
544055745625524045141312751304
356441555454664545546277155543
446755646164464054744452677765
042341256665346054363455766577
400565772546740457615453404445
446434364775016472546547554451
