434522754230153571443645174375
714414542475747556415707544574
643555447154364555764647762504
455445474634757577654664454277
561755742775254714164540727540
617276065645757454405452553357
555455410547175045441547443654
515740515441155702454157646144
253025675645452451447240574545
555315475345457655147444471752
545147640447144344142644516244
067537455661051675675466677466
437245401475215472570245652156
465464545444750557536503605312
217445754456545444455771604174
552445356556474454540542572254
575644154574566274446743440564
162174246577675441705445647507
275553467557554772234226527723
442435321531544166650314455465
475613763475444414614674651647
672175042204754755476704665707
474444445577425675533130446746
555367331745655455446465561614
107335455514466641645757164665
451475605046464406757571302737
156234544654715245773165467075
455642543157042750500453256556
357077662357413545164427417555
554445577654546564277425271555
