545051547754554036366165466140
504660727555562470706577574215
635545453552354426450710555565
557744155554655544617755506754
565524267564245454775466425465
576477543471155061551571044415
615765255544052244354467754533
574545357424623645645261614755
354772765747754555346335546553
745242715204665155467457453750
105140564645554477175553536307
354440661625607444757654604267
443742474751430651763727600477
054025656554425455451644744446
677464167434424524556472421424
242224535775164463442440454747
755532274575644544644577553767
706420267752146445564546636444
507533276551061525045544656357
534405447545414623514544404504
445717464064416356554404504667
556544455452114245447646757045
546517270004134506445564757432
541644416542405611555757432653
100630764654745640664501544367
475457543351476544745544546420
465345644354647437655544544510
044264645550642276470551546464
664756543445523525757577623543
666750445550454154615157376545
