557724476644525533065474735763
514514556445531516435574764545
074454050404444751545620365476
660434464454674551651564566725
650645174764415143446635516670
045444651445045142445472446246
554456245547665657467654655665
743365553677445657656574464754
344755254674416431546506457443
577657730421547642444154664564
440315326056345356435746775141
456324455426557405703746446413
556573565057571764554154405216
345555624455450355676574734740
427571541441434546762444034244
576456543027117625454450545657
410244454046545044453575520576
650625574054406714422065405556
375574545676641472442560754747
550746565545504135164751415054
444057054345477545574763345654
157565277572754476456314456344
563375121441534454040753432440
425574075444512544665246455045
404005744563545744063421547654
515406515454442626541573357144
464055274046770545466432545034
606144755723451651454643526673
473553256354703566556640424574
753452445454704472573745605615
