544642266452452343141757655255
177630554557764465545520545557
644546454725743574540370364554
454450716645753436245516446675
333454764464474575325554204640
574465107717604535106453432327
421056726445404103554610347451
454370475557257565446656412457
564454643676237575741367757550
450017141644755400541777647574
460454577254404555004264063624
677704216537740447744427532712
217547571653077556774255736447
143545745507445374077576050557
354224572465566454253564445767
743616510647507346022522465557
245644034744542047356557052674
517554331741574531217226042475
554455404562615456654554364753
475455614054555457540555644644
705141064454365655043525610065
743542172443676445275046143655
156506566270535655115446255752
657366452027541405605667364537
765656672535457445756571717435
543275562245524205577505436274
454615465165474475664244474344
136510656571475542355716404414
544776555500546756535053504554
764544655475064414566505417707
