355471675461446466654756664454
450454764353762455570461324150
474575122464374551404461542464
655074356154475437447454447414
456374465670444556564464771556
445157450257041624215446413466
765654754505173544542566564442
502567752466447475365644014557
736473551620164533502537276536
555746544434454445233116146142
444457444443154443444645364555
645175525420244745707745276156
525455277555552646655547445436
551475754445405575416755555454
446075353464434557571402105374
346773434644416747467012533521
664505651764751654666354164677
456451544260546524475757645560
745555255150565245657104045551
654454406465434554762575267676
604647410574764555221551564144
465517745442657555147755601442
474464452775602644075457444464
147465575646645767653505611561
673465465071345655414767752564
757242454605657544457515256125
251576742611506645527457055676
425244514255515454745547546557
744557454533656457417500244646
445735560467641057765656554647
