424474245504074324653421543552
633555635017257640765775424447
545432551454523145214304525657
526445744156546624417534765467
665752445744655610254255463546
753075416442505455220641352353
547553540444650047664344754546
167463536453416455004570225575
757250545744356762444645355554
275041244452354553445476523544
756443004377553173055455342636
124563355135535520445461457451
354527455554750075566646531523
554400077174754306420110746420
562624545572644545773555554577
157271756720215432646365344764
457435753645551524466051676572
505545415625154640665577574045
771664524534675477560044565146
656745765535364425466474447561
577753735251457145765540654460
454276440745752454447644164265
156565454654776600664433766405
066242155755475626043605665546
134562375114667375104046460152
275640455254725545540754553374
105775514422640747277764556465
613655545246641665760456567663
204514450425565673356547472476
144735565637451456375140567750
