425056664512557431455345754537
751644744671644542663554445464
441554726551541537545523775767
424455125635412460544246554535
654524450272546754676154556561
065556656700575525514176544645
747755554146744621675534444355
227446457644454544747751543446
555331475434555545544462751774
444275463544364117461106447365
615455451445046545004154754556
514534466743564444537555755764
545357474740755744165440702153
754714544403547364047576425072
652422556675357522545656410514
503255644324556525425755605556
405547355754067762323305656565
410444457054644745105472445243
654113574201546635162533115674
644442446000544317422526527654
456536056455130265307701460647
254573761444466456503473660564
523474514504744210454546445532
637477257303365575572544360175
745776025077454321425455636477
447451557647577654644544550415
755541130472405444751476736770
556454657560464565542465763710
564413557774113676557744445664
663465146644415444514504261554
