555256546472045535145464474344
411602655044342646445653616552
224772451442075546453415441447
025463147455605340054416245462
414547745674753716706554510577
354743775506565550577745255406
652564443644545304532440344031
327544375524644455633544075655
354550444657570154547556167051
544651460167637336760564751434
445052376536574604417144754677
665255525244177570756251654442
136445654577543344454716437757
241146647675351535657441204416
562467771451474663471704545545
467477547476774614446051607444
565707430405455444746447240361
534445245366457554101445444673
445536254514765275367445645677
355465570451505076662167574753
743174434572754667445661574760
455415555546316303340555427476
677756754643541374057175756566
154556615244773451044451102656
425764456062445476544540544505
744475770265516765041574641023
534646565356076057274777563454
512145350614374147145565404475
534434567546545646547361276440
405456637647423465645375554671
