573456501653617656154466606462
455151533475442060746444456436
412755767315476745004156746523
554444746254474466573451573514
557515740104475560541540710345
416575215744244466544414266642
507656475746554072774427154025
443572500475416711464456416544
207524551415156574434544656416
537456507366321537555245567775
454553656344565713477555434476
724021411474454777307546265266
576415347344544147575465050466
756734447012015205743357544254
557054364474557720444045574645
451257565555555573574475472534
745444651547454564341664546527
570524543655427557706564740465
524717754414565245676564245445
457217755457321144474662545446
744157443457444354656744464577
745454644757556464475727657055
005756754446704555415447545442
116565754251515574504547454656
546574440467654475444645444462
765444751775337105545440443446
570145603264545454755353564554
625445711560055756510724546153
556146640244774724717354510560
342252257045044651255555451455
