676574406454354755044666445674
276664355615655641546766424654
524655607744574044501565646436
765654522630456466746434671520
500545534455353554556364424436
265447764155514225555755665370
207545502542510556525465505402
555465275767554070444774156463
525545415176665744054554643565
355642436147777577126515243677
717555517553327516555456234612
474556415566475045454775460356
445564646044454504454546443516
554140637157475155450566315246
655540557467634245474560451540
445347412756004446545555516214
156541706246647151744552523575
455756526741405455524276213766
620536071615477364465274644473
144606074554657234015076467364
547536550553545430554565657765
242553720146344470457425562555
004644304726404657763344244345
463774770365721244526532642736
714555551566447267516340555574
444741546744351107454452444424
175324653755345451561375445674
145571255034554415247555444533
444455403524446030342440645345
346401170544147744366474644544
