755766550324460725025666177442
444233241145532522557346455254
254074756707136174641156366754
325740155534546476046720026536
455457345724445756424644444312
541556045066650354766445637564
446766164645701465575354615045
646441441221657337475554474014
634772645536525642654745755444
457455774534355647555634457353
744561554405156543445455650545
641455124540575546336734554464
544565165740744545652754577606
006537050204475425447647325337
555655755444464454146757255542
541567775745601454657447475466
444770755531616544466341531756
424703340337570465353433774447
561555444565745655642547025525
464504635764546252224401557554
540555255410564761505775544754
557050226577445145727574402570
375754455475574457553064304114
557754507424545034244452115515
065605666675276750524377650440
644444440451644244774767447334
234411466442357267234425452536
164075555752657104546471544445
762545550472355555104557255544
675346355561304464527406565510
