555644445565453664774155474745
420555556757754556755241707652
445474555074466211546476667573
425471457556476653225441651451
054657653707075475674044643454
543265074433545664571545544734
567505774753246271201234766403
515447544220243557434721353351
667054154676173145545047007155
454144740246424546575735544607
654654353744444660645014574556
756315444555041015725375573445
540455545755444615540537735574
065427623465534457416544276765
474607507447467064653475775506
744645755141453055653466565456
554551457253547677611644055454
446457765145764700744045435250
276576555145433616300047542471
456464447656641544600455427742
445606504166047554314070274106
251246543025354726216752557640
635352505442742424244273250644
644666665577665752541435425541
515464241344404634765471765724
444540346472445257637361251516
555706757205644740447712447546
477357754017416445623153475666
565424644407545515305577725665
555456547446405657445217465525
