576103055445153636454446324523
566723610537624334656745643615
442707455547554566550747543624
175224574544416754405565545457
444672415435536371534275455545
645446425357567464407451125554
756044560652465566033432474461
455164655754474446563645517044
636445355015732254313041654545
415074252056441570117165025247
062627543602565054557405763502
657105545103567365145572745373
534204754545455556045374472504
176656055514764764720457347257
450455137370466444414335714425
521044545567464066437640342257
244541665416107454255501424542
545515567441105506344715344576
604577543450233756144403447751
771216176545671124640346646524
465554534555541545611765540051
175417647554505706400755337455
276645054454336544514566075414
435223567224555557445702455454
074507744543217635755516037445
557044054505554464371651426346
467557654437645444375402270010
444717145674114652554565674010
450455546655546447752771457767
777054377465565323455545743450
