504455574321505174454266554654
415572664264465732445535275155
216537456165276450570555650656
404643542745552234454446574444
424657240667536473177265676453
741755546467564145071745555452
424226457415052353436363654545
634644540654126541544426144535
464445755405644114775564553526
065156450426544545365557556355
600745755554452756454676455674
574534234651541277566170157544
167656746714563545641347704250
274524565244565431543437601254
576445770764415505445400454545
172253457144405742134665443500
041644043154750755665654564455
554547052563055446755447554654
603174306425537460443255155255
123503354445454214165574476476
747541464116261444012533670476
142424555115550367250707447255
642061455535607546745551237361
076365457725574657057347014457
256502744534674547364662357645
565662505646505154255755546470
244225475434572733445302727347
515747413141010546064506564767
072565454615454625767150400471
447435757546334341454004347735
