657405775464572144144450153146
511745015464675576644155456746
341466033421663340646317534555
744553057452043774450064444575
545544204555757535726474570645
761545505355326117224442145566
556450567745244241547402446665
337454354434500545462512666377
161442252757445725254514562745
454426146472244405465714126544
071536143477145556757454305555
655454447446565644454665155470
470432155453206347640255744130
056674050756556757725650403751
667524237416740556265447645471
427656400757520504744165761404
615535525704722517775742637551
527601627465750475454525444736
752571554545570344444126675542
672434365124555664474123677247
714471445450300755754741063344
403677444647465573676754124540
544624766457545055645064254527
061107245464243470657445467344
445164514467455540375554245030
075476534625555077455545446102
654565555675055426647252475544
244345515415463755614455640572
504755633540440556155570540740
534534450547454747546764544445
