565355454573752527765503622545
744405654572245315542307741057
563317477424547546127651562552
270460755057371104335506554644
452474552454725744277334474417
443657537163445331445405740545
654743251457454523352671515357
425361455567256147244444624757
244735444155657232676454777675
643445656757563474442454555654
365651537421553665755175560641
413445753465775676723544446513
774540277474551552466754443144
705254665574556724543640324547
342544764454254555646005662515
477546046744645444415524677454
015640445354160645574045501454
556524561755475554554321754444
624027551403254716657444555446
255744247565574415555655567466
014412126544414654540643545504
366452254574140462622347054626
574654420265547570153577445411
127756556545552472744631465657
575017702544544475540541727745
644034774144447416653447545444
644454567545627745544545755555
520476464557206037446514725670
644760407444265255735466652141
536457547564047665454244440444
