746565443353643774450534744145
614565051150744413246476477643
041445540545474534645464312415
544555713475754476554547414654
475655574560475174757622536603
654100154424475604535503746743
544356056440725511454644432575
547415454345557547474455374465
741525455702521743754730556357
553132474675466365557364760464
263655374044700632740552441405
653065667163557150703445314575
453474435643476137324546274750
145556054255545034544544745451
476576545555154615646744467674
544635175634474155440444540056
050515077605545540564643556127
442647574457565646370346645752
702705415475354253134474742064
644577555725653534405550744474
754471435444750546252065055457
464655547476446443655576353470
451073763261456514030564670424
554547344425344566244101505750
562256542525345201014443454434
514047744545556476725545767565
745535557507547263500615254012
555401174655746676465656744601
710447004730546154246763555305
755465203555464751745564674461
