555524457674653544565640447556
545721565574545265352472555140
175665366146045667561642655505
647742442575542545450467243575
544145634644336645635414462435
120751122136260614544555506745
535524071446455541554544215472
734655454567575564664554526574
045477744104545460366466633051
526404474744164442745475444073
455554624705463520514145575252
445031454504577424004541445444
442043647745564541345447562451
175452545432004575676451245556
625355044562722552445730566455
765744511455333544046335734544
465457453764455425446433057554
466425644543376146440425433465
213454555550344577773664705442
465357514607454443477165465347
035556754442177142437547415767
454655035257355544673755554436
647752513144416650154435614450
317575446500444565140467746552
444345645554721544154474762556
544466557624544445531532646156
647624754156473467640571555515
414666624576564775477571062435
445077006445777557444660246557
724127454757503474624500652564
