406216634676456434045510535455
735750576427004556771765365554
544451321435566254754337741765
177450765075154575647444147734
544147505234627551704667440454
646436674505655145505444075650
045573341454154043545502500073
432564672464221576065353455260
040044545455377666650501752464
547453510154365514205445545564
326161043565547177556505475515
545751144575477564573444366654
674652647715452445552444043507
127375451055446555243456774403
253254054445430604703445655644
730046526446777456613054543515
744711535554674671636456741445
356455454476707435574206505565
713004545475115445664655537555
473645454542246445756404234447
500146427525742356544433544535
504434554655774446654470452374
755647654436707557525371646417
377150444346630615624761747366
517434547665545557035544637135
404553644562755517154447617454
546674464542575764645451571506
454251355247450774645074440465
451545563342252140636556014576
476542662557524154754354427642
