574546225666012404041603554644
445402175255537456743454434403
155545474665466454546462354754
065404433647554646577555054734
347373644250757307443540435510
762474600465273652454406056740
645614574455254370445464752645
550654445424744575544046457445
774404426664636074424447410756
404424245555447034611444522577
164265465555745130435266744566
557764545020415554450445445646
045455455657056545444450160236
603406775436277743644253753555
443674146614545204245445556221
743725545552507555654407562747
634663434555451444755255546541
415644650554645302517676424555
560636554015157774575723656555
745564654564654542634244536557
753405155217055345456654577554
675545756376655675407247425555
055624744671553734337567404275
135454557774464323657553524676
450746251446456754664237474544
456443243155543162534045675574
744203322605473447707573055454
553515554446644115767550524520
555450044276214447556456542754
570075665507446442456337544754
