376617664664455634627655445514
046555553656157454445552254754
444534410540743224554467320746
547356771657635526015415441316
505554347545742554746770545477
547705621475564456550503254464
464145557754575405443045652441
204527424546177564070644167640
166745255665457544547176447104
442050645546744514047557647556
057444770340536260475450565753
744420715647055475726746451462
447770747665754777444545574621
245466366074064165545065075415
572344774054565544454645741644
522451257345764640544574054514
154257674524424644473405740464
607446541515374504621466055653
444552645647563315747023555446
654624724742665520264455416454
450345405257137540345756527455
306234466541616050714657734446
430434455554341414454655457655
440667735454436467304204135470
165744574724746665772605661537
441564377563647744414345576114
755556452767655501554354464455
433145474444672325466446775050
054455147551640405406454255147
750753647030475755575355431065
