542045404044214500754535626665
454745525665263454115575316643
465456546574242504147344442573
754566531753504571141137555740
555354774226677752031753345362
465656154445442554457556255543
633540140541445444224221561733
465644660163430721556545750753
545452703436741415774241175572
744404340565577766523454715462
135534705640536424564254367445
640444445557454604465571152546
025753774642053624534404445476
755575760554512512774457156646
472257557756347351564356247465
465373467174204537475544152444
654066743315750454165204433607
206364357546565543454646574350
144574454041534644250257455527
454500543415621554545446645445
677144574557647467267476255254
764566315774464275645565456555
444645426626306241700655755441
657745054476203455506545077577
025567444434563657557554767764
554544454756436757056143556574
624440562765015276704652465057
657647545103564574446027652744
344520462732056445351544424537
767256763575060571552715700425
