447451462516441157405375140754
423454175705553653745636455456
665775446557155750454625144545
535577551116053515415445625455
636567417302546565445337654544
604550557466564405644445753247
545664753502254114544150534065
776442745522740652445644651515
555755206454155450574535655764
466554745735657154405456404321
704677264506545506254573667462
745557712741746757644445460246
344555647655505555454551414517
132267554467574255364664033776
405055452574615106444176764740
154547444456624750264675754446
155734161665365674546744244552
773447774535447542566166416754
665471734545501653057354514456
544672144477754246751410145425
043757747535222531450475765445
471553465655644541253250575647
454554544472075554543653046175
445555233747604753257545726552
146744076553670715454544543375
741650557627547115463453274554
376574244757410441534244444405
362243277632052424407667614054
145646570574356657561745466545
757467470774455144044264754154
