754645733476651124615572440575
572410675034624334501704520754
440514573411340432440654567760
441427445146423450655165232624
446464462434130567553755455544
456315454731537755075334756454
745460007505344655354542541104
541451365457226146764742311144
256115534163744545074444507766
535475053447544557414464464727
617005544744465735414415640443
032525175613644320446045545244
464575545334176451415157554566
041564745504744564245544524544
426477474275457244057406750162
447355417305627247555744574774
477175177776044543744365414704
554443344423444757554615444441
465064550452247344457471555754
454560444564663116415631744574
045557523777445450446544506564
444452403244554244624752604634
407560436413455544374137426747
552254555564465164464777440044
465744544435764544464465462653
655226345706154445426251055354
446555545657255440755747654067
461453534556555100474257465556
161445756455355544166316644755
224554555554453573557565375654
