356646411640477565554647412652
127174572247666404457551415617
211655056347746415527244024245
552535161464502235477644655467
543104031745567442715445146454
425575121444660747540767524670
415507755541554150440747526767
477355765415650525636445240765
727451443534053363724445071477
674077505644167554565754445625
145165031644512541752517723312
150455345456415542436611140674
444044644676760454143645556574
564775700447762351246565557547
505757464655447645245464042715
557544530555253214552764414567
141746135445121445664551475156
222445746334057244465466775754
413446455725434032445077554547
374444517623105744275465166526
456654444713052665642767436375
455462756567444747457272704544
730515540413665464442523356550
421506264434510735532676431540
551751543545405102745544004654
450435655553742155113504735635
644455425566555671515554455766
454476165417605334771555470467
647711417305425745565672574765
760540742577547655722404654445
