424541773406447747465412405757
570347464621405324046405754424
274445556560754656551545444577
655055746574716031675436527101
245700111576546625664346575255
556575443770440466365525344751
324457753146576665036606052305
546545244365707775643074515455
704670052435464444475224545445
254437540456455154446146142755
644557477547335051440575624424
245050476745754612565546254463
145665401345471471555455536444
444455750456175526525234075675
754546664614161176654255523565
372426742766677745352414605576
214277524525544666461544040415
651476520444444247555045643272
577567557415317341132554410641
145461500264460400564442163545
516747654420725412544566556755
475154625444367036446576147110
412544500744476434165134364455
662107554234474056146404525557
545355645505456547001555052556
375616116766444074047444634722
422454544144207354445174742553
757157457747255647755544044404
565755754746575265352526755424
245454675454533723556444545443
