564555444574462065656024502642
464542544644044663646547145745
456474700145446455574745445544
755542667727447504103425542615
553641460614755647347517645055
074557465444444155575412165650
402645556614737445755624167425
240617450467434755543505551645
525562456506544654562473237745
432564755150541663724055574504
545231146261635423555524446545
572654451465375627452545577554
734526274654545045145664347666
054555460535045546467012525675
447554774044753161454445425744
674540146412515460425544745577
245507655051105554406343570764
545560574564552744257677734142
041424645665275307371553447064
252535641075142564456556435405
747475654475727475455413074725
154446375536502554474674443455
254140545544551445557674475746
547144534145462653405067155114
410454050004655156565444377241
437577744356446655122450470462
550455465124012655766452446414
453523573210054455074566455355
025534556177436561464375307555
515367562556114255601742572742
