006440074555544445247466125467
564525250445000444451645544335
455014545420557461455231145377
474651470417577474551646454457
544571444417445454346624173131
044620414547440615564456627545
674544655334467546250645525445
643452157237142544525457664266
511756756166735144653675665604
263444750725263665145547516357
441575677744643425645754764355
545251454515450621555205425437
446474044455035146402475544567
407474327565755654675401546364
444257654417545563444444436721
555773623265444515254444514175
547464635716524644627745472136
645562456404456653561221440367
265730440425545355634570755407
475066547743072755511444557543
556473444545125672237506506366
534453744641744145344144454575
346347724610462643335766735565
557447457761445245414463715446
134156555777631454440455267654
472642545554540457244465647647
150156044745573574342144714547
752754172445655755745467774047
344167633274414735416050615545
057665574555667635446274266646
