735455765765333542454454564577
553506650545047146542474336537
556445455704651554737454764732
357504014555575256177153726074
712565466665245625375543144577
545357627335774045652151555505
164445355124407713540354654554
044645634655747475744075532155
614545647534465545465447537147
545600562474173752422576464774
057655344051455774527454424465
564744523614750564754245352365
474536435744560564507154756360
357706635546455252455644324137
656460774650174046104525556445
663121646162445547462446063246
255504064101634655656260555555
703445727637071102342557465556
734422151343726773355627440575
444554537654464276051415254557
560652625656475464415624165575
256420555661445443445674046051
755404732024746461444546060277
654464526555554104463345721644
540044657136553366617760727456
457474150110553462024647277253
546776141574716560541476645376
442644445725544624471202652562
345037544464555544524555426726
555470765652546242565576417645
