562445652345656654444644724345
417521471554744534756743255564
446745235442301265405755125545
306555051557454472751347745431
411414666444016444540455475544
547654142244623254570555445055
375543245514540657725546675654
521546504434344260552054266544
564355355632466545275543475545
125542554746565555565375015177
474136257474105546166715477554
553456544766464471544554353245
375600671500544174473544315545
123477475515455455444404730444
577514671164446450441557557535
525755345414754421540557053545
045402564541443651560555125445
707445416076644117747504405454
514456616755564707613377254475
245256261705575427767454615776
734745602454265414275204166710
500536724405431455115547555114
144344504175206662477446724423
470665445324654765665151745502
454003747774235654365444555124
306226665565056045446735455561
754554662454626554065441747563
374771446155644554665524544455
626520474425556403655746644746
552243444145570040177757643462
