167657460763424045545500045450
552225445604016414665467474673
610545504473434340554644635545
650557740157554464572430524177
447751754705740407535443024577
545664740440536407653643643354
662545415425672571675745564651
725364650454477546544441455734
457245464577464507347557157454
773551730441745474757375724577
555766545446344557545464524764
530445655125627145155544400434
441774424434745564615465504541
546275566407457525444661571466
514116454154640552774567356402
224537553353047065060562716754
567507567535544247554652665053
177544415726404744427522150467
566004465441224550547742526425
444450565374742140254154741652
345407164631767544463766557544
413657644434244425544732667654
745447245454545516016717552535
615555457115136174054457024575
546553545757562564405551644144
075516473404465547515554506404
265552455674567745506155746405
454625527350243734706520356615
347454766544646454745414464447
527555744255444676546771576246
