147446746524736643546427512514
056455742577443646465456650344
454415104574655223555767444504
555056551654557541557455641415
574446453461543336557545174466
544162656114473360057344456604
776350645666575250564015444751
640744467525462454446454547213
573156665270435541660554150435
366143220525675246517454077121
665664655574464455737206245651
154601544104451241524162652754
076405574655770344655576571666
415650757435426341543457754470
544745315117446155531505672555
576543246555144354015670455626
275456555474774504213452521455
444444736555645644267354673656
145764256574157471474754717536
243277404555544254646546510545
505075442624044254274430654426
244652546445716536472455341555
156507577447513557654376744563
725616346605305345536453644240
455523447315556367075243357457
556552445660777414055523752412
424554450445340557414615355417
054477474005570535543572245740
756366465450025564042622643320
754564635546554445654747544075
