556553654247517647455135154656
544523505542011344544246444244
745547755604655656205710544555
144466511533546044337054624560
667640454273044647766113514767
044465441657546556665445024557
606244575255455755455746255673
360245144336554555456054257457
472166555425745444754744405257
765671261654547534444506756543
657645454554526767327534447445
464110510056447455605015212575
344517655745434527645304461677
444744667255615424444340647267
374024155566154475774544425311
245544566575466044074400356356
406447756764474544555545162477
463645136654376654466464544745
072644754554645455564261226043
744442577415674426465570643525
775216653465054155464145054754
541450534443027775364537456257
242744547450044461034455247644
144565767535521544525525157256
245554676674765044603510752215
546562575771567466475654447547
655647677705754575516555134445
506475574554457522531507464657
407456144010145540745151244455
555664655474745005676500557434
