740472511671446444660450752555
245424242614354511472434774564
456355556614427736635147645567
677634464545445012107650444433
547147515550567453604777435723
434565577077641474177574453474
455046756554576256553452566750
045606525246224542513656145404
440771545526646452203550465251
437033777440455544425756255060
364647266064557050444544461747
457173724654447503366004565444
414447543731420545450346054467
614765162744341544556046555605
776474741021400544147446035364
447464374543451155445443754777
437577535674660275072147154046
553537375050467055664665414305
266435465444552150255546673745
756756247763155250057164465620
554435447440717474445135542057
543564577557566534765134464744
435444306074633554755274505457
015565425552454561475641545751
262443417655657456543557144646
754355765456743637572445542344
377357114771774256627442200450
675454251404644173013654571542
425454065150455725143436403314
745560652525201654557753344456
