456470453605452545776505725426
661457327655752442544570535665
533354244056432574255645326425
553722560547570204552747454556
447454454665447555104454451052
451574433552565545444537604555
237545547445456511754720445453
567441067465414734542645422475
460443554465724542044544144545
545726544147556065555736034675
707524646245045034754254445064
444176645571454157665042664625
543555704754565327215355755646
474504444544346755557404217553
414764466156325176306566744554
754254715554516751414242577676
340475553456745177524436774604
553454173074747544413442525560
545547542506447665645562507344
376773775671455557065027110772
031544457775472555667147467443
054654551655445544545754567566
401655464566555405576175751647
164447735774754575640542724415
544175555446241621457626055524
465554556410626405651550144771
465204064507652705475332244247
617573172216215020705524364233
404456744475136546443755131507
451471135436613007456514545715
