764655005455635665465524274434
725475255611450656174165403515
144264454575466440547573530624
555552564272474763747740745646
447456040615266405427747003454
710230567776344552674146574745
475675427766644542255544776614
574514526754010267316044565546
464771526777765444040675545576
657471435643424744345451544754
331434111430451744450640674576
655457474044726141654745654155
754444572634462652654145025161
515463562665525412070235135244
656645515675510205735551706523
544477245455575575667503674135
255455576742635664556644670557
544464635024766665352643445474
666545454154651476427455641574
544472564672647763614404754776
455444566644770547435552174750
204364545051554774317512645065
071674474627544050455675141464
745555550340042213510446221454
447441661447544554742041655550
545454476071671456531575034255
455456524613414062055564171716
720556444410455446552665463260
515406470265636365544652257374
766464453440405165650135566346
