246504204752504444665754557504
077050754415414734775526245557
550544327565554055544775615744
407426507545006552464655565745
741754073612575165446455567500
262465656744663561767064451220
454033644021147444425644314444
445464466446267405566550240464
715433571741307244414245467406
476047512751553524555375602441
756264440564045472234167220654
327547455640654464353027677655
540417464410355441140576515534
553670544355764454421640404174
457057472455654445664446753653
564717456157107054044665253637
726141477543345446444664454474
544561474553457350735546454134
654745460546544446527520471574
674425754454444147534474653055
724445454503440405144665454445
000145402546043343545614445524
655516447661654245514454407664
145744655344455465273647475047
505776053405475450555645545555
775567752525154317744542155425
546657742644134452344675404527
415563575256435354744552243457
725544707727314545655406644110
474675644464557436744215461765
