206743775766644344546705535164
776564204651036675556554326045
545573741066767456322635034305
057540345121745575614554465655
073504500440174455554477443722
207456775446544350517544606754
556516555354445464442454037431
744503015755740741403245646515
760776450044547335444537544553
675446401554475657444364304564
701660527566150267455556547647
154776075215745727115454545644
013747164644444342376544344556
647566762574073544505453726722
335664152674554453034444402637
054543566442753311604444734527
177474664551567566407655676775
521646652544446453454544554742
304477577631645454444467474766
456557540157454430345717574173
450165777776525754445674744357
544573465244572640445360674456
557740667645465705720446451276
615771062504517345572544425455
226441443076426436647541642706
444057542646055531624055114541
445731547674065576557537735577
615254444665344715557044601645
761574674727411544466534500343
444171712707474575504771515224
