523550544411667545663446442024
450663556055426475016516656665
453145474453540617664551673545
777440771744426535706026443475
477537555462310570351477555067
553746554444655454437154524335
425341757744464477246547217605
603545462705443224577457300545
077155755133654006707456556745
654775502505466454635315651074
337451042415417645440553447064
540502466561144566447442447135
054471250654345554125617025464
562475405565464576744454557555
545465534047437455450235425454
625744515454456046442555344744
555237315746504504447313144577
602767125254565467704425445670
043406263744445674545555644507
755620044524201623775524534554
255375166424444441444557445454
540415275557455544344675065545
544433443403641575552564556770
176443551557426515606045246440
445545646454465274456347563705
474374560430550156552555444214
557154656741057021547155260750
467344655542776461454455764733
424717405716453554541514545562
744714447065264557054547246066
